вакцинами 0.004 0.921 0.004
7–8 0.001 2.0 0.002
таковых 0.001 2.0 0.002
ходе 0.002 0.921 0.002
первой 0.002 0.678 0.001
заболели 0.001 1.0 0.001
титры 0.001 1.523 0.002
наличие 0.001 1.0 0.001
редакции 0.002 0.066 0.0
виду 0.001 0.745 0.001
баннерам 0.001 0.066 0.0
наблюдения 0.001 1.155 0.001
ответу 0.001 2.0 0.002
формированию 0.001 2.0 0.002
значит 0.002 0.444 0.001
россии 0.003 0.119 0.0
действительно 0.002 0.377 0.001
американская 0.001 1.046 0.001
помогает 0.002 0.77 0.002
обнаружено 0.001 1.155 0.001
гифки 0.001 0.066 0.0
инфекции 0.001 0.77 0.001
переболевшие 0.002 1.301 0.003
получаемой 0.001 2.0 0.002
агента 0.002 0.097 0.0
головную 0.001 2.0 0.002
прививках 0.002 1.155 0.002
людей 0.002 0.161 0.0
предположить 0.001 0.959 0.001
говорит 0.001 0.409 0.0
пять 0.001 0.509 0.001
рекомендует 0.001 0.886 0.001
совершенно 0.001 0.678 0.001
детям 0.001 1.0 0.001
слабая 0.001 1.523 0.002
нейтрализации 0.001 1.222 0.001
рамках 0.001 1.097 0.001
in 0.001 0.0 0.0
причем 0.001 0.62 0.001
китайской 0.001 1.155 0.001
90,7 0.001 2.0 0.002
обещают 0.001 1.301 0.001
способна 0.001 1.398 0.001
мужчин 0.001 1.222 0.001
директор 0.001 1.097 0.001
различных 0.001 1.301 0.001
правда 0.002 0.509 0.001
переболевших 0.001 0.886 0.001
риск 0.001 0.538 0.001
который 0.001 0.194 0.0
анонимно 0.001 0.066 0.0
второй 0.001 0.42 0.0
конца 0.001 0.77 0.001
заболевших 0.002 0.824 0.002
видимо 0.001 0.824 0.001
китае 0.001 1.222 0.001
уровень 0.001 0.824 0.001
ваша 0.002 0.102 0.0
исключение 0.001 1.398 0.001
требуемые 0.001 2.0 0.002
чаще 0.001 0.602 0.001
уколов 0.001 2.0 0.002
вовсю 0.001 2.0 0.002
вакцинированных 0.001 0.678 0.001
младше 0.003 1.699 0.005
высокой 0.001 0.959 0.001
появления 0.001 0.854 0.001
читателейнам 0.001 0.174 0.0
куки 0.001 0.066 0.0
заболевание 0.001 0.854 0.001
типы 0.001 1.699 0.002
нежелательные 0.001 1.155 0.001
ноября 0.001 0.745 0.001
безопасна 0.002 1.222 0.002
небольшую 0.001 1.523 0.002
использование 0.001 0.066 0.0
независимыми 0.001 1.301 0.001
смертность 0.001 1.301 0.001
вакцина 0.005 0.721 0.004
евросоюзе 0.001 1.523 0.002
порядку 0.001 0.066 0.0
карточек 0.001 0.62 0.001
которую 0.001 0.469 0.0
иммунному 0.001 2.0 0.002
детях 0.001 1.398 0.001
подтверждается 0.001 1.699 0.002
повышение 0.001 1.301 0.001
en 0.001 0.066 0.0
sinovac 0.001 1.523 0.002
поствакцинального 0.001 1.699 0.002
эпиваккороне 0.001 1.301 0.001
построение 0.001 2.0 0.002
скажем 0.001 1.222 0.001
обеих 0.001 1.222 0.001
микроорганизмов 0.001 2.0 0.002
делает 0.002 0.886 0.002
сожалению 0.001 0.569 0.001
дней 0.003 0.337 0.001
распространено 0.001 0.102 0.0
существенно 0.001 0.721 0.001
ios 0.001 0.066 0.0
1/5 0.001 2.0 0.002
сообщили 0.001 1.097 0.001
будут 0.002 0.301 0.001
человека 0.002 0.328 0.001
важны 0.002 1.222 0.002
оптимизирована 0.003 2.0 0.006
анна 0.001 1.097 0.001
возраста 0.002 0.886 0.002
однозначно 0.001 0.959 0.001
среднем 0.001 0.886 0.001
эффективные 0.001 1.523 0.002
предсказательных 0.001 2.0 0.002
реже 0.001 1.523 0.002
большое 0.001 0.854 0.001
группах 0.001 1.0 0.001
защиты 0.003 0.824 0.002
всеми 0.001 0.824 0.001
крайней 0.001 0.721 0.001
основном 0.001 0.553 0.001
считается 0.001 0.959 0.001
могут 0.001 0.187 0.0
бессимптомном 0.001 1.699 0.002
векторной 0.001 1.523 0.002
рандомизированных 0.001 1.523 0.002
младших 0.001 1.523 0.002
владимир 0.001 0.62 0.001
раза 0.003 0.602 0.002
12–17 0.002 2.0 0.004
педиатрическая 0.001 2.0 0.002
этих 0.002 0.337 0.001
клеточного 0.001 1.699 0.002
коронавирус 0.002 0.854 0.002
коронавируса 0.003 0.509 0.002
пока 0.001 0.208 0.0
трех 0.003 0.638 0.002
тысячах 0.001 1.398 0.001
мальчиков 0.001 1.699 0.002
протоколом 0.001 2.0 0.002
изначального 0.001 1.523 0.002
сих 0.001 0.481 0.0
вообще 0.005 0.066 0.0
мышцы 0.001 1.699 0.002
популяционной 0.001 2.0 0.002
pfizer/biontech 0.001 1.046 0.001
противоковидной 0.001 2.0 0.002
реакции 0.002 0.854 0.002
заразить 0.001 1.699 0.002
приводить 0.001 1.222 0.001
момент 0.001 0.481 0.0
интервал 0.001 1.301 0.001
долгий 0.002 1.222 0.002
испытания 0.003 1.046 0.003
слишком 0.001 0.553 0.001
количество 0.001 0.62 0.001
утверждать 0.001 1.155 0.001
правительства 0.001 0.921 0.001
способность 0.002 0.959 0.002
выдано 0.001 2.0 0.002
головной 0.001 1.699 0.002
миллионов 0.001 0.638 0.001
иммунитета 0.001 0.886 0.001
доверительный 0.001 1.699 0.002
нашли 0.001 0.066 0.0
оптимистично 0.001 1.699 0.002
связи 0.001 0.0 0.0
казнадзей 0.001 1.699 0.002
долей 0.001 1.097 0.001
университете 0.001 1.155 0.001
аллергии 0.002 1.222 0.002
какие 0.002 0.569 0.001
медуза 0.003 0.066 0.0
неприятные 0.001 2.0 0.002
одного 0.002 0.432 0.001
месяцев 0.003 0.602 0.002
нам 0.001 0.086 0.0
государственном 0.001 1.222 0.001
помимо 0.002 0.796 0.002
сообщество 0.001 1.398 0.001
изменчивости 0.001 1.699 0.002
помочь 0.002 0.131 0.0
влияние 0.001 1.046 0.001
частиц 0.001 1.699 0.002
говорили 0.002 0.796 0.002
нежелательных 0.001 1.046 0.001
разные 0.001 0.721 0.001
министра 0.001 1.301 0.001
старшим 0.001 2.0 0.002
моделей 0.001 2.0 0.002
юридическим 0.001 0.102 0.0
группе 0.003 0.745 0.002
i-ii 0.001 2.0 0.002
материалам 0.001 0.066 0.0
прививка 0.004 1.046 0.004
рассказал 0.001 0.796 0.001
срочно 0.001 0.167 0.0
снижения 0.001 1.155 0.001
число 0.002 0.658 0.001
дозировку 0.001 2.0 0.002
мышечной 0.001 1.699 0.002
меньше 0.003 0.444 0.001
несмотря 0.001 0.456 0.0
сообщении 0.001 1.301 0.001
семь 0.001 0.796 0.001
covid-19 0.001 0.77 0.001
хорошего 0.001 1.523 0.002
ки 0.002 2.0 0.004
plus 0.001 1.398 0.001
гинцбург 0.001 1.523 0.002
грлс 0.003 1.398 0.004
доказана 0.001 1.301 0.001
покраснение 0.001 2.0 0.002
иммуногенности 0.001 1.301 0.001
клинического 0.002 1.046 0.002
местной 0.001 1.398 0.001
данный 0.001 0.824 0.001
примеру 0.001 1.222 0.001
само 0.001 0.921 0.001
заявил 0.001 0.658 0.001
показало 0.001 2.0 0.002
особых 0.002 1.301 0.003
иностранным 0.001 0.097 0.0
предотвратить 0.001 1.0 0.001
нужно 0.003 0.237 0.001
случаи 0.001 0.721 0.001
концентрацией 0.001 1.699 0.002
детская 0.001 1.523 0.002
взрослые 0.001 1.222 0.001
ковиваку 0.001 1.699 0.002
иммунная 0.001 1.523 0.002
например 0.003 0.229 0.001
гущин 0.001 1.699 0.002
сообщил 0.001 0.959 0.001
светланы 0.001 1.523 0.002
страдают 0.001 1.523 0.002
мнению 0.001 0.638 0.001
мая 0.001 1.155 0.001
чумакова 0.001 1.523 0.002
безопасно 0.001 0.066 0.0
наблюдались 0.002 1.398 0.003
новостиисторииразборшапитокоронавирусмагаз 0.001 0.066 0.0
пару 0.001 0.77 0.001
механизмов 0.001 1.301 0.001
обычно 0.001 0.523 0.001
реестр 0.001 1.699 0.002
чернова 0.001 2.0 0.002
подросткам 0.001 1.699 0.002
youtube 0.001 0.06 0.0
вакцинах 0.001 1.046 0.001
должны 0.002 0.432 0.001
получили 0.001 0.745 0.001
вариант 0.001 0.796 0.001
создано 0.001 0.097 0.0
средств 0.001 0.854 0.001
здравоохранения 0.001 0.658 0.001
группы 0.002 0.62 0.001
ноябре 0.001 1.398 0.001
поднималась 0.001 2.0 0.002
поддержите 0.001 0.102 0.0
кубе 0.002 1.699 0.003
случилось 0.002 0.658 0.001
которого 0.001 0.585 0.001
противопоказаний 0.002 1.301 0.003
антител 0.001 0.854 0.001
маленькие 0.001 1.301 0.001
спутнику 0.001 1.097 0.001
разрешение 0.002 1.301 0.003
многие 0.003 0.284 0.001
средством 0.001 0.102 0.0
отличиях 0.001 2.0 0.002
выполняющим 0.002 0.097 0.0
соответствии 0.001 1.0 0.001
возможность 0.003 0.569 0.002
алексей 0.001 0.886 0.001
ошибку 0.001 0.066 0.0
остальным 0.001 1.398 0.001
12–39 0.001 2.0 0.002
составу 0.001 1.523 0.002
лет 0.01 0.252 0.003
детской 0.002 1.222 0.002
проявлений 0.002 1.699 0.003
приняло 0.001 1.699 0.002
цифры 0.001 1.398 0.001
выясняется 0.001 1.699 0.002
где-то 0.002 0.721 0.001
пользу 0.002 0.886 0.002
коронавирусной 0.002 1.301 0.003
разрешили 0.001 1.097 0.001
исследователи 0.001 1.046 0.001
прививки 0.001 0.638 0.001
статистика 0.001 1.398 0.001
проводятся 0.001 1.097 0.001
безопасность 0.001 0.921 0.001
сто 0.001 2.0 0.002
умирало 0.001 2.0 0.002
спутника 0.003 0.796 0.002
показал 0.001 0.921 0.001
препаратов 0.001 1.0 0.001
побочек 0.001 1.398 0.001
наиболее 0.001 0.745 0.001
редких 0.001 1.155 0.001
пресс-службы 0.002 1.699 0.003
составляет 0.001 0.921 0.001
данные 0.002 0.066 0.0
единственного 0.001 1.523 0.002
противопоказания 0.004 1.155 0.005
карточкой 0.001 2.0 0.002
разбор 0.001 0.387 0.0
миокардитов 0.001 2.0 0.002
деле 0.002 0.553 0.001
внесении 0.001 2.0 0.002
долговременных 0.003 1.523 0.005
нажмите 0.001 0.066 0.0
требует 0.001 0.824 0.001
случаев 0.003 0.658 0.002
рассказываем 0.002 0.886 0.002
чили 0.002 1.301 0.003
похож 0.001 1.398 0.001
стран 0.001 0.469 0.0
считать 0.001 0.854 0.001
слепых 0.001 1.699 0.002
некоторых 0.002 0.523 0.001
идет 0.001 0.367 0.0
взрослых 0.01 1.301 0.013
пресс-службе 0.001 1.222 0.001
российских 0.001 0.337 0.0
других 0.003 0.26 0.001
беременности 0.002 1.222 0.002
сообщения 0.001 1.097 0.001
имени 0.001 0.796 0.001
числе 0.002 0.31 0.001
иностранного 0.002 0.102 0.0
александр 0.001 0.538 0.001
области 0.001 0.602 0.001
человек 0.001 0.215 0.0
госпитализации 0.002 0.886 0.002
материал 0.001 0.086 0.0
оцениваться 0.001 1.699 0.002
понятно 0.001 0.699 0.001
симптомов 0.001 0.886 0.001
ротавируса 0.001 1.523 0.002
целом 0.001 0.585 0.001
исследований 0.004 0.585 0.002
клиниках 0.001 1.398 0.001
опасен 0.002 1.222 0.002
иммунизирующей 0.001 2.0 0.002
таким 0.001 0.658 0.001
обнаружил 0.001 2.0 0.002
дальнейший 0.001 1.699 0.002
– 0.001 0.06 0.0
вакцинироваться 0.003 1.0 0.003
составили 0.001 1.222 0.001
время 0.002 0.102 0.0
ковида 0.003 0.444 0.001
нами 0.001 0.066 0.0
анализ 0.001 0.921 0.001
дозировкой 0.002 1.699 0.003
ctrl+enter 0.001 0.066 0.0
испытаний 0.001 0.921 0.001
дозе 0.001 1.523 0.002
сообщают 0.001 1.398 0.001
тяжело 0.001 0.796 0.001
достаточен 0.001 2.0 0.002
центра 0.003 0.77 0.002
показано 0.001 1.155 0.001
аденовирусных 0.001 1.398 0.001
академия 0.001 1.398 0.001
миллион 0.001 1.155 0.001
ошибка 0.001 1.301 0.001
медленнее 0.001 1.523 0.002
молодых 0.001 1.222 0.001
британских 0.001 1.523 0.002
отличия 0.001 1.222 0.001
рекламаmeduza 0.001 0.066 0.0
говорить 0.001 0.602 0.001
боль 0.003 0.959 0.003
ветрянки 0.001 1.699 0.002
доза 0.001 1.523 0.002
лицом 0.001 0.102 0.0
эффектов 0.002 1.046 0.002
выше 0.003 0.509 0.002
вероятность 0.001 0.721 0.001
активная 0.001 2.0 0.002
функции 0.002 0.097 0.0
ребенка 0.002 0.824 0.002
германии 0.001 0.854 0.001
микробиологии 0.001 1.699 0.002
тысяч 0.001 0.337 0.0
четырех 0.001 1.046 0.001
двухкомпонентная 0.001 2.0 0.002
разного 0.001 1.222 0.001
завершения 0.001 1.222 0.001
фазы 0.003 0.959 0.003
планируются 0.001 1.699 0.002
дозой 0.001 1.523 0.002
среди 0.003 0.42 0.001
оснований 0.001 1.046 0.001
трое 0.001 1.699 0.002
известно 0.001 0.481 0.0
прежде 0.001 0.62 0.001
эпидемиологии 0.001 1.222 0.001
касается 0.001 0.602 0.001
реестре 0.001 1.301 0.001
дети 0.002 0.721 0.001
возрасте 0.003 1.222 0.004
usa-wa1/2020 0.001 2.0 0.002
выдало 0.001 2.0 0.002
вводилась 0.001 2.0 0.002
другими 0.003 0.495 0.001
подсчитать 0.001 1.523 0.002
назад 0.003 0.18 0.001
заболевают 0.001 1.222 0.001
польза 0.001 1.398 0.001
„ 0.001 0.62 0.001
конкретного 0.001 1.155 0.001
johnson 0.002 1.155 0.002
добровольцев 0.003 0.886 0.003
исчезали 0.001 2.0 0.002
заболевающих 0.001 2.0 0.002
российскими 0.002 0.854 0.002
заключение 0.001 1.523 0.002
перейти 0.001 0.066 0.0
дозировка 0.002 2.0 0.004
тысячных 0.001 2.0 0.002
американские 0.002 1.097 0.002
коммерсанту 0.001 1.699 0.002
поддержать 0.001 0.066 0.0
степень 0.001 1.046 0.001
жалуются 0.002 1.0 0.002
постковидных 0.001 2.0 0.002
окончания 0.001 1.301 0.001
прививать 0.002 1.0 0.002
все-таки 0.002 0.553 0.001
какие-то 0.003 0.538 0.002
5–11 0.001 2.0 0.002
ответа 0.001 0.886 0.001
движется 0.001 1.523 0.002
воспаления 0.001 2.0 0.002
кодекс 0.001 0.066 0.0
“ 0.001 0.432 0.0
moderna 0.002 1.0 0.002
хочу 0.001 0.137 0.0
усталости 0.001 1.699 0.002
также 0.002 0.237 0.0
побочных 0.002 0.959 0.002
ковид 0.003 0.796 0.002
известные 0.001 1.301 0.001
привито 0.001 1.523 0.002
клинических 0.005 0.796 0.004
воспаление 0.001 1.523 0.002
четырехбалльной 0.001 2.0 0.002
мышечную 0.001 2.0 0.002
средней 0.001 1.222 0.001
попадают 0.002 1.222 0.002
мэрии 0.001 1.699 0.002
католическом 0.001 2.0 0.002
участии 0.001 0.959 0.001
инфекционности 0.001 2.0 0.002
последствиях 0.002 0.921 0.002
данное 0.001 0.097 0.0
оаэ 0.001 1.301 0.001
критерии 0.001 1.699 0.002
какой-то 0.002 0.538 0.001
типа 0.002 0.959 0.002
находится 0.001 0.678 0.001
ориентированной 0.001 2.0 0.002
введения 0.001 0.796 0.001
подробно 0.002 0.921 0.002
пор 0.001 0.387 0.0
правила 0.001 0.066 0.0
два-три 0.001 1.398 0.001
минздравом 0.001 1.398 0.001
температура 0.001 1.0 0.001
зарегистрирована 0.001 1.398 0.001
уверены 0.002 1.097 0.002
вакцинации 0.002 0.553 0.001
отличаются 0.002 1.046 0.002
мрнк-вакцин 0.001 1.398 0.001
вконтакте 0.001 0.066 0.0
препарата 0.003 0.886 0.003
live 0.001 0.022 0.0
введении 0.001 1.398 0.001
pfizer 0.009 0.886 0.008
образом 0.001 0.602 0.001
название 0.001 0.921 0.001
блог 0.001 0.066 0.0
детей 0.037 0.523 0.019
инстаграм 0.001 0.066 0.0
© 0.001 0.0 0.0
температуры 0.001 1.155 0.001
групп 0.001 0.77 0.001
равно 0.002 0.638 0.001
выделите 0.001 0.066 0.0
шкале 0.001 1.222 0.001
вакцинируют 0.001 2.0 0.002
получить 0.001 0.553 0.001
разных 0.003 0.398 0.001
подростков 0.01 1.398 0.014
нескольких 0.001 0.699 0.001
показатели 0.001 1.0 0.001
сила 0.002 1.155 0.002
смертей 0.001 0.959 0.001
читайте 0.002 0.745 0.001
вакцинировать 0.003 1.398 0.004
meduzacare 0.001 0.066 0.0
сердечной 0.001 2.0 0.002
против 0.003 0.229 0.001
м 0.003 1.699 0.005
частоты 0.001 1.222 0.001
система 0.001 0.77 0.001
результаты 0.003 0.62 0.002
звучат 0.001 1.699 0.002
существенной 0.001 1.699 0.002
допущена 0.001 2.0 0.002
кнопка 0.001 0.066 0.0
средняя 0.001 1.523 0.002
хотя 0.001 0.276 0.0
эффективность 0.003 0.569 0.002
вечерняя 0.001 0.066 0.0
речь 0.001 0.432 0.0
снизятся 0.001 1.699 0.002
испытаниях 0.002 1.222 0.002
это 0.011 0.066 0.001
началоськлиническое 0.001 2.0 0.002
вакцин 0.002 0.62 0.001
клинические 0.001 1.097 0.001
поддержки 0.001 0.066 0.0
защищает 0.001 0.921 0.001
исследованиями 0.001 1.301 0.001
спутник 0.003 0.721 0.002
помощь 0.001 0.097 0.0
совмещенной 0.001 1.699 0.002
переносят 0.002 1.523 0.003
первые 0.001 0.585 0.001
распространять 0.001 1.699 0.002
инфекцией 0.001 1.222 0.001
работаем 0.001 0.161 0.0
v 0.002 0.699 0.001
двух 0.001 0.377 0.0
такая 0.002 0.553 0.001
ответ 0.001 0.602 0.001
развитию 0.001 1.398 0.001
разницы 0.001 1.523 0.002
сказано 0.001 0.921 0.001
сообщает 0.001 1.523 0.002
дельта 0.001 0.854 0.001
около 0.003 0.432 0.001
зарегистрировать 0.001 1.301 0.001
вакциной 0.003 0.886 0.003
исследование 0.003 0.658 0.002
24/7 0.001 0.102 0.0
обоих 0.001 1.398 0.001
android 0.001 0.066 0.0
ведомство 0.001 1.155 0.001
микрограмм 0.001 2.0 0.002
english 0.001 0.06 0.0
аллергические 0.001 1.523 0.002
иммуногенность 0.001 1.523 0.002
новости 0.001 0.481 0.0
фазой 0.001 1.699 0.002
месяцами 0.002 1.398 0.003
достигнуты 0.001 2.0 0.002
опасен… 0.002 2.0 0.004
вариантов 0.001 0.854 0.001
противоречивые 0.001 2.0 0.002
особенно 0.001 0.553 0.001
усталость 0.001 1.523 0.002
поддержка 0.001 0.167 0.0
нужна 0.002 0.092 0.0
проводились 0.001 1.222 0.001
вакцинация 0.003 0.699 0.002
жаловались 0.003 1.699 0.005
мере 0.001 0.569 0.001
вашим 0.001 2.0 0.002
аргументы 0.002 0.77 0.002
задействовать 0.001 1.699 0.002
врачей 0.001 0.745 0.001
производителей 0.001 1.0 0.001
августе 0.001 1.0 0.001
плане 0.001 1.155 0.001
всем 0.001 0.252 0.0
москвы 0.002 0.824 0.002
оно 0.002 0.444 0.001
требования 0.001 0.066 0.0
связаться 0.001 0.066 0.0
пожилых 0.002 1.222 0.002
всевозможные 0.001 2.0 0.002
самом 0.002 0.481 0.001
мэра 0.001 1.097 0.001
информации 0.003 0.102 0.0
интересовать 0.002 2.0 0.004
варианта 0.002 0.745 0.001
имеет 0.001 0.602 0.001
сентября 0.001 1.046 0.001
явлений 0.001 1.046 0.001
карточка 0.001 1.523 0.002
тех 0.002 0.26 0.001
смысл 0.001 0.959 0.001
оценивалась 0.001 1.523 0.002
ковидом 0.002 0.658 0.001
имеется 0.001 1.398 0.001
директора 0.001 1.097 0.001
тысяче 0.002 1.301 0.003
проблемах 0.001 1.398 0.001
чувствуют 0.002 1.301 0.003
боли 0.001 1.0 0.001
iii 0.001 1.222 0.001
спутником 0.002 0.921 0.002
больницы 0.002 0.77 0.002
появится 0.003 1.398 0.004
опасным 0.001 1.301 0.001
почему 0.002 0.337 0.001
риа 0.001 1.301 0.001
названо 0.001 2.0 0.002
измерили 0.001 2.0 0.002
риски 0.001 0.77 0.001
хронической 0.001 1.523 0.002
медузе 0.003 0.066 0.0
спрашивали 0.002 1.222 0.002
параллельно 0.001 1.097 0.001
константина 0.001 2.0 0.002
точно 0.004 0.481 0.002
поскольку 0.001 0.678 0.001
совпадает 0.001 1.523 0.002
facebook 0.001 0.0 0.0
рас 0.001 2.0 0.002
медузу 0.002 0.066 0.0
гамалеи 0.002 1.155 0.002
менее 0.003 0.432 0.001
ниже 0.002 0.77 0.002
двукратная 0.001 1.699 0.002
описании 0.001 1.523 0.002
обработки 0.001 0.066 0.0
стороны 0.001 0.432 0.0
существенные 0.001 1.523 0.002
массовой 0.001 0.097 0.0
знаем 0.002 0.585 0.001
сложно 0.001 0.538 0.001
проведение 0.001 1.155 0.001
патогенных 0.001 2.0 0.002
гам-ковид-вак 0.002 1.301 0.003
глупее 0.002 1.699 0.003
причине 0.001 1.155 0.001
зарегистрировано 0.001 1.222 0.001
миллиона 0.001 0.77 0.001
такие 0.001 0.444 0.0
реально 0.001 0.959 0.001
запланировано 0.001 1.699 0.002
словам 0.001 0.658 0.001
спасибоgiphyза 0.001 0.066 0.0
показывать 0.001 0.066 0.0
середине 0.001 0.886 0.001
прививают 0.003 1.222 0.004
дозы 0.003 0.886 0.003
лекарственных 0.001 1.155 0.001
i—ii 0.001 1.699 0.002
каких-то 0.002 0.921 0.002
twitter 0.001 0.0 0.0
клиническая 0.001 2.0 0.002
болезни 0.003 0.62 0.002
пожалуйста 0.001 0.102 0.0
означает 0.001 0.62 0.001
связано 0.001 0.854 0.001
платформы 0.002 0.066 0.0
каждого 0.001 0.678 0.001
i 0.001 0.745 0.001
исследования 0.003 0.481 0.001
сном 0.001 2.0 0.002
близка 0.001 1.301 0.001
именно 0.002 0.244 0.0
заявителем 0.001 1.699 0.002
выработке 0.001 2.0 0.002
участием 0.001 1.222 0.001
вакцины 0.011 0.585 0.006
персональные 0.001 0.066 0.0
вакцинирование 0.001 1.699 0.002
пятьдесят 0.001 2.0 0.002
этапа 0.001 1.222 0.001
которые 0.002 0.119 0.0
активно 0.001 0.77 0.001
отличалась 0.001 2.0 0.002
участие 0.001 0.959 0.001
ранее 0.001 0.62 0.001
meduza 0.002 0.0 0.0
третьей 0.002 1.097 0.002
инфекцию 0.002 1.301 0.003
1/10 0.001 2.0 0.002
снижать 0.001 1.699 0.002
иммунного 0.001 1.301 0.001
волнуюсь… 0.002 2.0 0.004
проявления 0.002 2.0 0.004
детских 0.001 1.222 0.001
иммунный 0.001 1.155 0.001
иммунной 0.001 0.959 0.001
компоненты 0.001 1.097 0.001
организма 0.001 0.921 0.001
идут 0.001 0.699 0.001
b.1.617.2 0.001 1.699 0.002
рейтер 0.001 1.155 0.001
soberana 0.002 2.0 0.004
проводится 0.001 1.398 0.001
странах 0.001 0.495 0.0
плацебо 0.003 0.959 0.003
год 0.002 0.409 0.001
сильная 0.001 1.155 0.001
лаборатории 0.001 1.097 0.001
уменьшенное 0.001 2.0 0.002
минздрава 0.001 0.886 0.001
составила 0.001 0.959 0.001
помощник 0.001 2.0 0.002
кузнецов 0.001 2.0 0.002
позволяют 0.001 0.886 0.001
пяти 0.001 0.959 0.001
существует 0.002 0.745 0.001
эта 0.001 0.367 0.0
российским 0.001 0.092 0.0
одной 0.003 0.398 0.001
руководитель 0.001 1.301 0.001
которых 0.001 0.237 0.0
процента 0.001 1.699 0.002
собираются 0.001 0.921 0.001
меньшей 0.001 1.046 0.001
реклама 0.002 0.066 0.0
оказаться 0.001 0.796 0.001
последствий 0.001 0.959 0.001
интересах 0.001 0.167 0.0
двойных 0.001 1.699 0.002
сша 0.005 0.469 0.002
родственникам 0.001 1.301 0.001
фазе 0.002 1.097 0.002
течении 0.001 1.301 0.001
сообщение 0.001 0.102 0.0
сыворотки 0.001 1.222 0.001
плохо 0.002 0.569 0.001
сделать 0.001 0.357 0.0
