издательство 0.001 1.699 0.002
развлечения 0.001 1.699 0.002
редакции 0.003 0.066 0.0
рынке 0.001 1.0 0.001
рынок 0.004 0.921 0.004
всякого 0.001 2.0 0.002
закладок-ляссе 0.001 2.0 0.002
цепочки 0.001 1.222 0.001
баннерам 0.001 0.066 0.0
заблокирована 0.001 0.824 0.001
правообладателей 0.001 2.0 0.002
изменивших 0.001 2.0 0.002
россии 0.007 0.119 0.001
бумаги 0.003 1.301 0.004
гифки 0.001 0.066 0.0
книжный 0.004 1.699 0.007
санкций 0.004 0.745 0.003
агента 0.003 0.097 0.0
людей 0.003 0.161 0.0
кроме 0.003 0.387 0.001
суперзвезд 0.001 2.0 0.002
дорогая 0.001 1.699 0.002
мощностей 0.001 1.699 0.002
учетом 0.001 0.921 0.001
чувствительным 0.001 2.0 0.002
in 0.001 0.0 0.0
уцелеть 0.001 2.0 0.002
причем 0.003 0.62 0.002
приведет 0.001 1.097 0.001
дешевые 0.001 2.0 0.002
закона 0.001 1.301 0.001
таких 0.001 0.347 0.0
шведский 0.001 2.0 0.002
ожидают 0.003 1.699 0.005
особого 0.001 1.523 0.002
который 0.001 0.194 0.0
переориентироваться 0.001 2.0 0.002
выглядят 0.001 1.301 0.001
временно 0.001 1.301 0.001
космополитическую 0.001 2.0 0.002
анонимно 0.001 0.066 0.0
книг 0.008 1.222 0.01
ваша 0.004 0.102 0.0
рассказывать 0.001 1.398 0.001
новинках 0.001 2.0 0.002
цветных 0.001 2.0 0.002
оценке 0.001 1.222 0.001
россией 0.001 0.824 0.001
разрыве 0.001 2.0 0.002
сей 0.001 2.0 0.002
прочитать 0.003 0.959 0.003
финансовым 0.001 1.699 0.002
труднее 0.001 0.721 0.001
удастся 0.001 1.155 0.001
относительная 0.001 1.523 0.002
давлением 0.001 1.523 0.002
дорого 0.001 1.523 0.002
читателейнам 0.001 0.174 0.0
куки 0.001 0.066 0.0
уход 0.001 1.523 0.002
повод 0.001 1.301 0.001
примкнувших 0.001 2.0 0.002
несчастью 0.001 2.0 0.002
заметно 0.001 1.222 0.001
использование 0.001 0.066 0.0
удаляя 0.001 2.0 0.002
предполагающий 0.001 2.0 0.002
испытаниями 0.001 1.523 0.002
кажется 0.003 0.469 0.001
порядку 0.001 0.066 0.0
дальше 0.003 0.523 0.002
года 0.001 0.167 0.0
эксмо 0.001 2.0 0.002
en 0.001 0.066 0.0
сохранить 0.001 0.921 0.001
penguin 0.001 2.0 0.002
работает 0.001 0.367 0.0
захотел 0.001 2.0 0.002
самые 0.001 0.602 0.001
поставлен 0.001 2.0 0.002
эффективна 0.001 1.301 0.001
контрафакту 0.001 2.0 0.002
начали 0.003 0.481 0.001
тяжелыми 0.001 1.398 0.001
концами 0.001 2.0 0.002
судья 0.001 2.0 0.002
худшему 0.001 2.0 0.002
дней 0.003 0.337 0.001
патриотическую 0.001 2.0 0.002
распространено 0.001 0.102 0.0
свинки 0.001 2.0 0.002
тенденция 0.001 1.699 0.002
насколько 0.001 0.42 0.0
причинам 0.001 0.959 0.001
ios 0.001 0.066 0.0
придется 0.001 0.854 0.001
специальных 0.001 1.301 0.001
будут 0.001 0.301 0.0
выживут 0.001 1.699 0.002
30–50 0.001 2.0 0.002
предпринимателя 0.001 2.0 0.002
весомых 0.001 2.0 0.002
серьезную 0.001 1.301 0.001
тотального 0.001 2.0 0.002
несколько 0.003 0.201 0.001
надолго 0.001 1.222 0.001
прямо 0.001 0.357 0.0
обратную 0.001 2.0 0.002
портфеля 0.001 2.0 0.002
демонстративным 0.001 2.0 0.002
основном 0.001 0.553 0.001
непосильной 0.001 2.0 0.002
дефицита 0.001 1.398 0.001
устаревшее 0.001 2.0 0.002
любом 0.001 0.854 0.001
полностью 0.001 0.538 0.001
прогноз 0.001 1.301 0.001
прошлое 0.003 1.398 0.004
полномасштабной 0.001 2.0 0.002
важнейшего 0.001 1.699 0.002
пока 0.005 0.208 0.001
авторских 0.001 2.0 0.002
показывает 0.001 0.854 0.001
история 0.003 0.745 0.002
угроз 0.001 1.398 0.001
поддерживающие 0.001 1.699 0.002
работать 0.001 0.409 0.0
небольших 0.001 1.398 0.001
далее 0.001 0.959 0.001
срок 0.001 1.046 0.001
инстаграма 0.001 1.301 0.001
нарядных 0.001 2.0 0.002
концы 0.001 2.0 0.002
отказал 0.001 2.0 0.002
вообще 0.001 0.066 0.0
основании 0.001 0.854 0.001
первую 0.003 0.638 0.002
иными 0.001 1.523 0.002
умеренно 0.001 2.0 0.002
нового 0.001 0.638 0.001
искоренят 0.001 2.0 0.002
стоимость 0.003 1.398 0.004
истории 0.001 0.337 0.0
наложить 0.001 1.699 0.002
юзефович 0.004 1.398 0.006
сети 0.001 1.0 0.001
литературный 0.001 2.0 0.002
слишком 0.001 0.553 0.001
силу 0.001 1.0 0.001
изменится 0.001 1.523 0.002
явные 0.001 1.398 0.001
едва 0.001 1.523 0.002
помогут 0.001 1.301 0.001
нашли 0.001 0.066 0.0
литературу 0.001 1.523 0.002
связи 0.004 0.0 0.0
книжной 0.001 2.0 0.002
какие 0.003 0.569 0.002
казахстане 0.001 1.523 0.002
сферой 0.001 1.398 0.001
геймана 0.001 2.0 0.002
медуза 0.005 0.066 0.0
чисто 0.001 1.301 0.001
одного 0.004 0.432 0.002
действиями 0.001 1.699 0.002
нам 0.004 0.086 0.0
суда 0.001 1.301 0.001
государственном 0.001 1.222 0.001
помочь 0.003 0.131 0.0
скорее 0.001 0.509 0.001
гарантированных 0.001 2.0 0.002
hachette 0.001 2.0 0.002
столкнулся 0.001 2.0 0.002
поводов 0.001 1.523 0.002
этому 0.001 0.432 0.0
наименований 0.001 2.0 0.002
печатал 0.001 2.0 0.002
продолжаем 0.001 0.699 0.001
macmillans 0.001 2.0 0.002
юридическим 0.001 0.102 0.0
иллюстраций 0.001 2.0 0.002
некрасов 0.001 1.699 0.002
окупает 0.001 2.0 0.002
сократятся 0.001 1.699 0.002
переходят 0.001 1.523 0.002
материалам 0.001 0.066 0.0
срочно 0.001 0.167 0.0
радикально 0.001 1.301 0.001
взыскание 0.001 2.0 0.002
немца 0.003 2.0 0.006
несмотря 0.003 0.456 0.001
ясно 0.001 0.886 0.001
случае 0.001 0.357 0.0
откладывая 0.001 2.0 0.002
отрасли 0.001 1.699 0.002
мировых 0.001 1.301 0.001
стали 0.001 0.42 0.0
коммуникация 0.001 1.523 0.002
самых 0.001 0.62 0.001
подорожания 0.001 2.0 0.002
единичный 0.001 2.0 0.002
иностранным 0.001 0.097 0.0
нормой 0.001 2.0 0.002
российском 0.001 0.921 0.001
случаи 0.001 0.721 0.001
вина 0.003 1.398 0.004
ущерба 0.001 1.699 0.002
например 0.001 0.229 0.0
деятели 0.001 1.398 0.001
свои 0.001 0.481 0.0
российскую 0.001 0.745 0.001
storytel 0.001 2.0 0.002
становится 0.001 0.721 0.001
истцу 0.001 1.699 0.002
издатели 0.004 2.0 0.008
вложений 0.001 1.699 0.002
страной 0.001 0.959 0.001
вещь 0.001 1.398 0.001
ctrl+enter 0.001 0.066 0.0
февраля 0.001 0.387 0.0
безопасно 0.001 0.066 0.0
новостиисторииразборшапитокоронавирусмагаз 0.001 0.066 0.0
рф 0.001 0.745 0.001
youtube 0.001 0.06 0.0
оперативно 0.001 1.301 0.001
прекратил 0.001 1.699 0.002
влиятелен 0.001 2.0 0.002
создано 0.001 0.097 0.0
жизнь 0.004 0.538 0.002
книжников 0.001 2.0 0.002
которая 0.001 0.301 0.0
аудио 0.001 2.0 0.002
поддержите 0.001 0.102 0.0
стивена 0.001 1.699 0.002
зрения 0.001 0.602 0.001
правильную 0.001 2.0 0.002
закупленных 0.001 2.0 0.002
получать 0.001 1.097 0.001
официальной 0.001 1.046 0.001
маленькие 0.001 1.301 0.001
сегодня 0.003 0.638 0.002
демонстративном 0.001 2.0 0.002
поэтому 0.001 0.328 0.0
многие 0.004 0.284 0.001
средством 0.001 0.102 0.0
хочется 0.001 0.921 0.001
заменить 0.001 1.155 0.001
выполняющим 0.003 0.097 0.0
прав 0.003 1.097 0.003
эффективнее 0.001 1.222 0.001
году 0.001 0.367 0.0
телеграм 0.001 1.398 0.001
ошибку 0.001 0.066 0.0
остальным 0.001 1.398 0.001
материалы 0.001 0.824 0.001
random 0.001 2.0 0.002
лет 0.001 0.252 0.0
усилится 0.001 2.0 0.002
сократится 0.001 1.699 0.002
российскому 0.001 1.097 0.001
компании 0.001 0.523 0.001
кировского 0.001 2.0 0.002
проблемы 0.001 0.62 0.001
неудобное 0.003 2.0 0.006
фактически 0.001 0.721 0.001
крупнейших 0.001 1.222 0.001
особо 0.001 1.097 0.001
сделали 0.001 0.886 0.001
своей 0.001 0.42 0.0
наиболее 0.001 0.745 0.001
прямая 0.001 2.0 0.002
начнут 0.001 1.155 0.001
эксмо-аст 0.001 2.0 0.002
данные 0.001 0.066 0.0
сомнительные 0.001 1.699 0.002
сотрудничества 0.001 1.301 0.001
времена 0.001 1.155 0.001
гигантам 0.001 2.0 0.002
коллективная 0.003 1.699 0.005
помочьхочу 0.001 0.886 0.001
независимые 0.001 1.301 0.001
канала 0.001 0.959 0.001
своими 0.001 0.854 0.001
рубля 0.001 1.523 0.002
глубоком 0.001 2.0 0.002
культуре 0.001 1.398 0.001
типографских 0.001 2.0 0.002
возмещении 0.001 2.0 0.002
нажмите 0.001 0.066 0.0
литературе 0.001 1.222 0.001
сузится 0.001 2.0 0.002
перестраховываться 0.001 2.0 0.002
словами 0.001 0.824 0.001
официально 0.001 0.959 0.001
переживавшим 0.001 2.0 0.002
российский 0.001 0.638 0.001
некоторых 0.001 0.523 0.001
падение 0.001 1.155 0.001
отказываясь 0.001 1.523 0.002
сводить 0.001 2.0 0.002
иностранного 0.003 0.102 0.0
материал 0.001 0.086 0.0
курса 0.001 1.398 0.001
мер 0.001 1.046 0.001
недоступны 0.001 1.523 0.002
тиражи 0.003 2.0 0.006
защите 0.001 1.155 0.001
зарубежные 0.001 1.155 0.001
– 0.001 0.06 0.0
болезненным 0.001 2.0 0.002
цензуры 0.003 1.699 0.005
время 0.003 0.102 0.0
нами 0.001 0.066 0.0
стала 0.001 0.569 0.001
экономических 0.001 1.097 0.001
зарубежными 0.001 1.398 0.001
порой 0.001 1.398 0.001
дистрибуция 0.001 2.0 0.002
магазинам 0.001 1.523 0.002
зона 0.001 2.0 0.002
рынком 0.001 1.523 0.002
сокращения 0.001 2.0 0.002
рекламаmeduza 0.001 0.066 0.0
контакты 0.001 1.0 0.001
введенных 0.001 1.699 0.002
ассортимент 0.003 1.699 0.005
видится 0.001 2.0 0.002
усугубится 0.001 2.0 0.002
нежелательной 0.001 1.222 0.001
лицом 0.001 0.102 0.0
цен 0.001 1.699 0.002
отношение 0.001 1.0 0.001
самоцензура 0.001 2.0 0.002
направления 0.001 1.398 0.001
функции 0.003 0.097 0.0
идеологии 0.001 1.699 0.002
технологии 0.001 1.155 0.001
лишились 0.001 1.398 0.001
отказа 0.001 1.097 0.001
издателей 0.004 2.0 0.008
надеяться 0.001 1.097 0.001
паузу 0.001 1.523 0.002
галина 0.004 2.0 0.008
встречи 0.001 1.301 0.001
британской 0.001 1.699 0.002
ближайшем 0.001 1.222 0.001
бестселлеры 0.001 2.0 0.002
нила 0.001 1.699 0.002
usa 0.001 2.0 0.002
вырастет 0.001 1.523 0.002
заявили 0.001 1.0 0.001
издание 0.001 0.721 0.001
хватит 0.001 1.398 0.001
назад 0.003 0.18 0.001
власть 0.001 0.959 0.001
единственной 0.001 1.097 0.001
правообладатели 0.001 2.0 0.002
прошедшие 0.001 1.301 0.001
перейти 0.001 0.066 0.0
поддержать 0.001 0.066 0.0
источник 0.001 0.174 0.0
неизбежно 0.001 1.398 0.001
полгода-год 0.001 1.699 0.002
президента 0.001 0.745 0.001
кризисе 0.001 1.523 0.002
подписчиками 0.001 2.0 0.002
социальные 0.001 1.699 0.002
кодекс 0.001 0.066 0.0
сотрудничать 0.001 1.699 0.002
хочу 0.003 0.137 0.0
рост 0.001 1.046 0.001
арбитражного 0.001 2.0 0.002
рассказывает 0.001 0.569 0.001
покупать 0.001 1.097 0.001
отказаться 0.001 1.046 0.001
цензура 0.001 1.222 0.001
экономики 0.001 1.155 0.001
всерьез 0.001 1.699 0.002
политику 0.001 1.046 0.001
ближайшее 0.001 0.959 0.001
продажи 0.001 1.523 0.002
оборудование 0.001 2.0 0.002
использовавшего 0.001 2.0 0.002
очередь 0.003 0.62 0.002
данное 0.001 0.097 0.0
влад 0.001 1.699 0.002
холдинг 0.001 1.523 0.002
удорожанию 0.001 2.0 0.002
ко 0.001 0.745 0.001
кризиса 0.001 1.222 0.001
закрывались 0.001 1.699 0.002
ожидать 0.001 1.097 0.001
модернизировать 0.001 1.699 0.002
печати 0.001 1.398 0.001
правила 0.001 0.066 0.0
будущем 0.003 0.745 0.002
недавнего 0.001 1.398 0.001
увы 0.001 1.097 0.001
меняет 0.003 1.523 0.005
тревоги 0.001 1.398 0.001
вконтакте 0.003 0.066 0.0
часть 0.001 0.456 0.0
нашей 0.001 0.699 0.001
сложная 0.001 1.398 0.001
тиражей 0.001 2.0 0.002
коммерстантъ 0.001 2.0 0.002
live 0.001 0.022 0.0
читателями 0.003 2.0 0.006
кинга 0.001 1.699 0.002
блог 0.001 0.066 0.0
детей 0.001 0.523 0.001
инстаграм 0.001 0.066 0.0
© 0.001 0.0 0.0
извне 0.001 2.0 0.002
качество 0.001 1.155 0.001
небольшие 0.001 1.301 0.001
планы 0.001 1.097 0.001
выделите 0.001 0.066 0.0
ударом 0.001 1.398 0.001
ситуация 0.003 0.569 0.002
планируют 0.001 1.301 0.001
публиковать 0.001 1.155 0.001
meduzacare 0.001 0.066 0.0
продавать 0.001 1.155 0.001
нажима 0.001 2.0 0.002
тревогу 0.001 1.301 0.001
лету 0.001 2.0 0.002
увидим 0.001 1.222 0.001
кнопка 0.001 0.066 0.0
количества 0.001 1.0 0.001
вечерняя 0.001 0.066 0.0
риска 0.001 0.699 0.001
книжным 0.003 2.0 0.006
снизятся 0.001 1.699 0.002
изданное 0.003 2.0 0.006
это 0.008 0.066 0.001
связь 0.001 0.721 0.001
другие 0.003 0.268 0.001
пандемии 0.001 0.658 0.001
сфере 0.005 1.398 0.007
сильно 0.004 0.509 0.002
готовы 0.001 0.678 0.001
амбициозных 0.001 2.0 0.002
поддержки 0.001 0.066 0.0
дальнейшему 0.001 2.0 0.002
литературных 0.001 2.0 0.002
помощь 0.003 0.097 0.0
типографское 0.001 2.0 0.002
неочевидного 0.001 2.0 0.002
schuster 0.001 2.0 0.002
читателей 0.003 0.658 0.002
преждевременны 0.001 1.699 0.002
российского 0.001 0.62 0.001
ltd. 0.001 1.699 0.002
лучшие 0.001 1.398 0.001
работаем 0.003 0.161 0.0
идиллическом 0.001 2.0 0.002
ответных 0.001 2.0 0.002
запада 0.001 1.301 0.001
культурная 0.001 1.523 0.002
писателей 0.001 1.699 0.002
форматы 0.001 2.0 0.002
индустрии 0.001 1.222 0.001
войны 0.003 0.42 0.001
рухнула 0.001 1.699 0.002
литературы 0.003 1.523 0.005
права 0.003 0.854 0.003
недружественными 0.001 2.0 0.002
независимое 0.001 0.721 0.001
бестселлеров 0.001 2.0 0.002
house 0.001 1.301 0.001
пересматривать 0.001 2.0 0.002
simon 0.001 2.0 0.002
переводить 0.001 1.523 0.002
24/7 0.001 0.102 0.0
дополнительный 0.001 1.523 0.002
очевидно 0.001 0.959 0.001
организаций 0.001 1.046 0.001
android 0.001 0.066 0.0
поставщиками 0.001 1.699 0.002
синдбад 0.001 2.0 0.002
фейсбука 0.001 1.699 0.002
концерна 0.001 2.0 0.002
english 0.001 0.06 0.0
издательств 0.003 1.699 0.005
прессовать 0.001 2.0 0.002
сервис 0.001 1.699 0.002
культурной 0.003 1.301 0.004
особенно 0.003 0.553 0.002
one 0.001 0.824 0.001
поддержка 0.001 0.167 0.0
нужна 0.004 0.092 0.0
марта 0.001 0.319 0.0
литве 0.001 2.0 0.002
события 0.001 0.745 0.001
государств 0.001 1.523 0.002
рынку 0.001 1.523 0.002
entertainment 0.001 2.0 0.002
случаях 0.001 0.658 0.001
всем 0.003 0.252 0.001
перспективы 0.001 1.523 0.002
and 0.003 0.721 0.002
книготорговцев 0.001 2.0 0.002
те 0.001 0.357 0.0
требования 0.001 0.066 0.0
связаться 0.001 0.066 0.0
самом 0.001 0.481 0.0
отразились 0.001 1.699 0.002
россию 0.001 0.678 0.001
информации 0.003 0.102 0.0
диагностировать 0.001 2.0 0.002
общим 0.001 1.301 0.001
прогнозируют 0.001 2.0 0.002
пеппы 0.001 2.0 0.002
аудио- 0.001 2.0 0.002
рвутся 0.001 1.699 0.002
писателями 0.001 2.0 0.002
велик 0.001 1.523 0.002
медузе 0.003 0.066 0.0
параллельно 0.001 1.097 0.001
непросто 0.001 1.155 0.001
образ 0.001 1.222 0.001
америки 0.001 1.301 0.001
facebook 0.001 0.0 0.0
медузу 0.003 0.066 0.0
зарубежной 0.001 1.398 0.001
менее 0.003 0.432 0.001
книги 0.003 1.097 0.003
этим 0.001 0.337 0.0
станет 0.005 0.678 0.003
обработки 0.001 0.066 0.0
рвать 0.001 2.0 0.002
книжному 0.001 2.0 0.002
жертвуя 0.001 1.699 0.002
стороны 0.001 0.432 0.0
массовой 0.001 0.097 0.0
вроде 0.003 0.658 0.002
точки 0.001 0.638 0.001
кто-то 0.001 0.602 0.001
сложно 0.001 0.538 0.001
снисходительное 0.001 2.0 0.002
литература 0.001 1.222 0.001
вызывает 0.001 0.886 0.001
сложнее 0.001 0.921 0.001
неопределенный 0.001 1.523 0.002
контролировать 0.001 1.301 0.001
спасибоgiphyза 0.001 0.066 0.0
показывать 0.001 0.066 0.0
принятия 0.001 1.155 0.001
twitter 0.001 0.0 0.0
строилась 0.001 2.0 0.002
типографиями 0.001 2.0 0.002
сослался 0.001 2.0 0.002
критик 0.001 1.699 0.002
пожалуйста 0.001 0.102 0.0
всему 0.001 0.699 0.001
акциях 0.001 1.222 0.001
лучезарными 0.001 2.0 0.002
случай 0.001 0.921 0.001
означает 0.001 0.62 0.001
платформы 0.003 0.066 0.0
указ 0.001 1.699 0.002
применении 0.001 1.046 0.001
анонсировать 0.001 2.0 0.002
пострадала 0.001 1.301 0.001
штатов 0.001 1.699 0.002
суперобложек 0.001 2.0 0.002
сценарии 0.001 1.301 0.001
персональные 0.001 0.066 0.0
международных 0.001 1.097 0.001
такое 0.003 0.347 0.001
очень 0.003 0.149 0.0
место 0.001 0.678 0.001
отчасти 0.001 1.398 0.001
которые 0.001 0.119 0.0
многих 0.003 0.658 0.002
недостаточно 0.001 0.921 0.001
meduza 0.004 0.0 0.0
проектов 0.001 1.398 0.001
бумажных 0.001 2.0 0.002
соединенных 0.001 1.523 0.002
немного 0.001 0.77 0.001
магазины 0.001 1.398 0.001
электронные 0.001 1.523 0.002
уровне 0.001 0.638 0.001
детских 0.001 1.222 0.001
перестанут 0.001 1.301 0.001
потеря 0.001 1.398 0.001
плюс 0.001 1.046 0.001
фоне 0.003 0.796 0.002
поставок 0.001 1.222 0.001
печатать 0.001 1.699 0.002
понемногу 0.001 2.0 0.002
иностранных 0.001 1.046 0.001
введение 0.001 1.222 0.001
опыт 0.001 0.886 0.001
внедрив 0.001 2.0 0.002
вряд 0.001 0.854 0.001
uk 0.004 1.523 0.006
рекламе 0.001 2.0 0.002
неправильную 0.001 2.0 0.002
счет 0.001 0.824 0.001
эта 0.003 0.367 0.001
российским 0.003 0.092 0.0
одной 0.001 0.398 0.0
оптимистичный 0.001 2.0 0.002
невозможно 0.001 0.602 0.001
надежды 0.001 1.398 0.001
благоволительницы 0.003 2.0 0.006
незаконно 0.001 1.699 0.002
украине 0.003 0.444 0.001
реклама 0.004 0.066 0.0
однако 0.003 0.337 0.001
из-за 0.003 0.229 0.001
интересах 0.003 0.167 0.001
контакт 0.001 1.523 0.002
начала 0.001 0.398 0.0
радости 0.001 2.0 0.002
упадет 0.001 1.155 0.001
необычного 0.001 2.0 0.002
существенного 0.001 1.699 0.002
сообщение 0.001 0.102 0.0
плохо 0.001 0.569 0.001
издательства 0.005 1.699 0.008
