пожар 0.001 1.301 0.001
заработал 0.001 1.699 0.002
российские 0.002 0.328 0.001
редакции 0.001 0.066 0.0
стабильно 0.001 1.699 0.002
войска 0.001 0.721 0.001
рынок 0.001 0.921 0.001
техника 0.001 1.155 0.001
сгущенки 0.001 1.699 0.002
какая-то 0.001 0.959 0.001
ukraine 0.001 0.921 0.001
виду 0.001 0.745 0.001
штуки 0.001 1.523 0.002
бутилированную 0.001 2.0 0.002
живы 0.001 1.398 0.001
танка 0.001 2.0 0.002
собраться 0.001 1.699 0.002
реки 0.001 2.0 0.002
мелекино 0.001 2.0 0.002
осаде 0.003 0.854 0.003
целых 0.001 1.301 0.001
друзья 0.001 1.222 0.001
действительно 0.001 0.377 0.0
народ 0.001 0.886 0.001
россии 0.001 0.119 0.0
дерево 0.001 1.699 0.002
спали 0.001 1.398 0.001
чай 0.001 1.699 0.002
оставшейся 0.001 2.0 0.002
ночи 0.001 1.222 0.001
окон 0.001 1.699 0.002
гифки 0.001 0.066 0.0
украинские 0.001 0.886 0.001
риса 0.001 2.0 0.002
основных 0.001 0.959 0.001
агента 0.001 0.097 0.0
людей 0.002 0.161 0.0
сути 0.001 0.959 0.001
проверял 0.001 1.699 0.002
пять 0.001 0.509 0.001
телефоны 0.001 1.222 0.001
пропагандистских 0.001 1.222 0.001
рассказам 0.001 2.0 0.002
разрушен 0.001 1.155 0.001
унитаза 0.001 2.0 0.002
взорвали 0.001 1.699 0.002
главных 0.001 0.678 0.001
подвал 0.001 1.523 0.002
фундамент 0.001 2.0 0.002
водой 0.001 1.398 0.001
состоял 0.001 1.699 0.002
in 0.001 0.0 0.0
полустанке 0.001 2.0 0.002
некому 0.001 1.699 0.002
кололи 0.001 2.0 0.002
документы 0.001 0.796 0.001
узнали 0.001 1.0 0.001
костра 0.001 1.699 0.002
наша 0.001 0.77 0.001
алкоголь 0.001 1.222 0.001
ведет 0.001 1.097 0.001
холода 0.001 2.0 0.002
могилы 0.001 2.0 0.002
прилетела 0.001 2.0 0.002
просыпаешься 0.001 2.0 0.002
артиллеристам 0.001 2.0 0.002
негде 0.001 1.523 0.002
таких 0.001 0.347 0.0
взорванным 0.001 2.0 0.002
сумме 0.001 1.699 0.002
протухшее 0.001 2.0 0.002
вытаскивали 0.001 2.0 0.002
подумать 0.001 1.523 0.002
положить 0.001 1.523 0.002
правда 0.001 0.509 0.001
верил 0.001 1.398 0.001
исключаю 0.001 1.699 0.002
асфальта 0.001 2.0 0.002
анонимно 0.001 0.066 0.0
улицы 0.001 1.301 0.001
этаж 0.001 1.699 0.002
ценам 0.001 2.0 0.002
погибли 0.001 1.046 0.001
взорванную 0.001 2.0 0.002
30–40 0.001 1.699 0.002
этажей 0.001 2.0 0.002
бодро 0.001 2.0 0.002
просто 0.002 0.194 0.0
reuters 0.001 0.745 0.001
зеленых 0.001 2.0 0.002
напитки 0.001 2.0 0.002
ваша 0.001 0.102 0.0
думаем 0.001 1.699 0.002
очереди 0.001 1.046 0.001
костры 0.001 1.699 0.002
пошли 0.001 1.523 0.002
заняло 0.001 1.301 0.001
автоматов 0.001 1.699 0.002
бинты 0.001 2.0 0.002
сойти 0.001 1.699 0.002
приезжала 0.001 1.699 0.002
машина 0.001 1.046 0.001
спасибо 0.001 1.222 0.001
распродавал 0.001 2.0 0.002
читателейнам 0.001 0.174 0.0
многоквартирном 0.001 2.0 0.002
куки 0.001 0.066 0.0
авиабомбами 0.001 1.699 0.002
минут 0.001 0.854 0.001
никаких 0.001 0.602 0.001
уперлась 0.001 2.0 0.002
кругом 0.001 1.523 0.002
огромная 0.001 1.523 0.002
словом 0.001 1.301 0.001
сумели 0.001 1.699 0.002
десятки 0.001 0.745 0.001
использование 0.001 0.066 0.0
мясо 0.001 1.699 0.002
местного 0.001 1.097 0.001
лестничными 0.001 2.0 0.002
авиации 0.001 1.699 0.002
две 0.001 0.553 0.001
мелеет 0.001 2.0 0.002
холодная 0.001 1.699 0.002
взрывов 0.001 1.699 0.002
наш 0.001 0.699 0.001
успели 0.001 1.097 0.001
воспользовавшись 0.001 2.0 0.002
дыра 0.001 2.0 0.002
дальше 0.002 0.523 0.001
порядку 0.001 0.066 0.0
христианские 0.001 1.699 0.002
вот-вот 0.001 1.523 0.002
лежали 0.001 1.523 0.002
мариуполя 0.008 1.155 0.009
стреляют 0.001 1.301 0.001
периодически 0.001 1.046 0.001
брат 0.001 1.301 0.001
года 0.008 0.167 0.001
проснулся 0.001 1.523 0.002
фотографии 0.006 0.638 0.004
жили 0.002 1.222 0.002
остановить 0.001 0.638 0.001
трупов 0.001 2.0 0.002
en 0.001 0.066 0.0
голодали 0.001 2.0 0.002
ответственностью 0.001 1.699 0.002
бомбу 0.001 1.699 0.002
сохранить 0.001 0.921 0.001
крыше 0.001 1.523 0.002
записала 0.001 1.155 0.001
работает 0.001 0.367 0.0
стадий 0.001 2.0 0.002
процесс 0.001 0.921 0.001
часов 0.003 0.678 0.002
мариуполь 0.007 0.824 0.006
словить 0.001 2.0 0.002
духом 0.001 2.0 0.002
брали 0.001 1.523 0.002
направляли 0.001 2.0 0.002
разница 0.001 0.886 0.001
одним 0.001 0.569 0.001
родным 0.001 1.523 0.002
миномета 0.001 2.0 0.002
начали 0.001 0.481 0.0
этаже 0.001 1.523 0.002
украина 0.001 0.699 0.001
ракетных 0.001 1.523 0.002
сидели 0.001 1.398 0.001
дней 0.003 0.337 0.001
жечь 0.001 2.0 0.002
показалось 0.001 1.523 0.002
распространено 0.001 0.102 0.0
юбилей 0.001 2.0 0.002
дворе 0.002 1.699 0.003
ios 0.001 0.066 0.0
окна 0.002 0.959 0.002
инженером 0.001 2.0 0.002
проезжали 0.001 1.523 0.002
окраине 0.001 1.222 0.001
будут 0.001 0.301 0.0
запасы 0.001 1.699 0.002
человека 0.001 0.328 0.0
прожил 0.001 2.0 0.002
коридоры 0.001 1.301 0.001
оставаться 0.001 0.921 0.001
летчикам 0.001 2.0 0.002
осада 0.001 2.0 0.002
старались 0.001 1.523 0.002
мутная 0.001 2.0 0.002
кормить 0.001 1.699 0.002
несколько 0.001 0.201 0.0
слышу 0.001 2.0 0.002
прямо 0.001 0.357 0.0
ответные 0.001 2.0 0.002
никому 0.001 1.155 0.001
кого-то 0.001 1.097 0.001
нечего 0.001 1.523 0.002
бегали 0.001 2.0 0.002
блокпост 0.001 1.523 0.002
крайней 0.001 0.721 0.001
изменено 0.001 2.0 0.002
бесправных 0.001 2.0 0.002
достигала 0.001 1.699 0.002
день 0.005 0.328 0.002
открыли 0.001 1.523 0.002
повреждены 0.001 1.523 0.002
одеялами 0.001 1.699 0.002
сидим 0.001 2.0 0.002
отказалась 0.001 0.959 0.001
полностью 0.001 0.538 0.001
раза 0.002 0.602 0.001
довольно 0.001 0.523 0.001
домов 0.001 1.301 0.001
огней 0.001 1.699 0.002
никакой 0.001 0.854 0.001
пока 0.002 0.208 0.0
трех 0.001 0.638 0.001
долго 0.001 0.745 0.001
сигареты 0.001 2.0 0.002
история 0.001 0.745 0.001
готовят 0.001 1.523 0.002
мариуполе 0.005 0.824 0.004
отпустили 0.001 1.523 0.002
сих 0.001 0.481 0.0
попали 0.001 0.886 0.001
обстреле 0.001 1.301 0.001
близкие 0.001 1.097 0.001
вообще 0.001 0.066 0.0
километрах 0.001 1.301 0.001
что-нибудь 0.001 1.398 0.001
дни 0.001 0.721 0.001
село 0.001 1.699 0.002
гривен 0.001 1.523 0.002
паники 0.001 1.523 0.002
слышали 0.001 1.301 0.001
долгое 0.001 1.523 0.002
истории 0.001 0.337 0.0
пошло 0.001 1.155 0.001
момент 0.001 0.481 0.0
масло 0.001 2.0 0.002
секты 0.001 1.699 0.002
литров 0.001 1.699 0.002
осадой 0.001 2.0 0.002
неужели 0.001 1.155 0.001
школы 0.001 0.886 0.001
довоенной 0.001 2.0 0.002
наглухо 0.001 2.0 0.002
довезли 0.001 2.0 0.002
узнал 0.001 0.921 0.001
артиллерии 0.001 1.699 0.002
сюда 0.001 1.097 0.001
решила 0.001 1.0 0.001
сестрой 0.001 1.301 0.001
степени 0.001 0.721 0.001
заварить 0.001 2.0 0.002
прилетят 0.001 2.0 0.002
городе 0.003 0.678 0.002
села 0.001 1.523 0.002
хоронить 0.001 2.0 0.002
готовили 0.001 1.301 0.001
нормально 0.001 1.097 0.001
нашли 0.001 0.066 0.0
связи 0.003 0.0 0.0
медуза 0.003 0.066 0.0
одного 0.001 0.432 0.0
попадет 0.001 1.222 0.001
пустят 0.001 1.699 0.002
нам 0.006 0.086 0.001
лицей 0.001 2.0 0.002
забраться 0.001 2.0 0.002
помочь 0.001 0.131 0.0
больницах 0.001 1.523 0.002
последние 0.001 0.456 0.0
легкое 0.001 1.222 0.001
центр 0.001 0.77 0.001
смыв 0.001 2.0 0.002
мало 0.001 0.538 0.001
каждые 0.001 1.301 0.001
властей 0.001 0.824 0.001
наших 0.001 0.658 0.001
стало 0.001 0.481 0.0
бомбят 0.001 1.0 0.001
юридическим 0.001 0.102 0.0
город 0.003 0.699 0.002
часа 0.001 0.77 0.001
мол 0.001 1.398 0.001
держаться 0.001 1.398 0.001
слепым 0.001 1.699 0.002
лично 0.001 0.959 0.001
начались 0.001 0.921 0.001
мариупольском 0.001 2.0 0.002
военные 0.002 0.796 0.002
материалам 0.001 0.066 0.0
трупа 0.001 1.699 0.002
рассказал 0.001 0.796 0.001
выбраться 0.001 1.0 0.001
срочно 0.001 0.167 0.0
таскать 0.001 2.0 0.002
слышны 0.001 1.523 0.002
сумасшедшим 0.001 1.699 0.002
городов 0.001 0.796 0.001
родителей 0.001 1.155 0.001
мариупольцы 0.001 2.0 0.002
смог 0.001 1.155 0.001
вода 0.004 1.222 0.005
смогли 0.001 0.921 0.001
упало 0.001 1.699 0.002
меньше 0.001 0.444 0.0
обезболивающие 0.001 2.0 0.002
стрелять 0.001 1.398 0.001
хозяева 0.001 2.0 0.002
пройти 0.001 0.854 0.001
единственный 0.001 0.824 0.001
сказала 0.001 1.155 0.001
стали 0.001 0.42 0.0
самых 0.001 0.62 0.001
местной 0.001 1.398 0.001
смирились 0.001 2.0 0.002
ходит 0.001 1.398 0.001
поезда 0.001 1.398 0.001
градусов 0.001 2.0 0.002
утром 0.001 1.046 0.001
иностранным 0.001 0.097 0.0
приучились 0.001 2.0 0.002
слухи 0.001 1.523 0.002
воронки 0.002 1.699 0.003
нужно 0.001 0.237 0.0
повезло 0.001 0.921 0.001
угодил 0.001 2.0 0.002
родной 0.001 1.523 0.002
центре 0.001 0.886 0.001
подвале 0.002 1.398 0.003
весь 0.002 0.638 0.001
обломки 0.001 1.699 0.002
дороге 0.001 1.222 0.001
началась 0.001 0.678 0.001
погибших 0.001 1.097 0.001
своих 0.001 0.398 0.0
трусливых 0.001 2.0 0.002
более-менее 0.001 1.155 0.001
как-то 0.001 0.699 0.001
что-то 0.001 0.569 0.001
national 0.001 1.222 0.001
встречал 0.001 1.699 0.002
окажемся 0.001 1.699 0.002
ctrl+enter 0.001 0.066 0.0
февраля 0.002 0.387 0.001
безопасно 0.001 0.066 0.0
новостиисторииразборшапитокоронавирусмагаз 0.001 0.066 0.0
пару 0.001 0.77 0.001
осажденном 0.001 1.699 0.002
моих 0.001 1.301 0.001
сгорел 0.001 2.0 0.002
рано 0.001 0.921 0.001
гречки 0.001 2.0 0.002
прождали 0.001 2.0 0.002
успокоилось 0.001 2.0 0.002
загорелся 0.001 2.0 0.002
минометов 0.001 2.0 0.002
youtube 0.001 0.06 0.0
рванули 0.001 1.699 0.002
всей 0.001 0.699 0.001
видел 0.001 1.301 0.001
тащили 0.001 2.0 0.002
радиусе 0.001 2.0 0.002
вариант 0.001 0.796 0.001
завалы 0.001 1.699 0.002
берегу 0.002 1.523 0.003
создано 0.001 0.097 0.0
купить 0.001 0.886 0.001
разрушены 0.001 1.301 0.001
взрыв 0.001 1.301 0.001
фаталисты 0.001 2.0 0.002
пятнадцать 0.001 2.0 0.002
которая 0.001 0.301 0.0
поддержите 0.001 0.102 0.0
открыт 0.001 1.523 0.002
украины 0.001 0.569 0.001
думаю 0.001 0.721 0.001
населения 0.001 0.658 0.001
достаточно 0.001 0.444 0.0
урвать 0.001 2.0 0.002
появлялись 0.001 1.301 0.001
годится 0.001 2.0 0.002
пауэрбанки 0.001 1.699 0.002
снаряды 0.001 1.523 0.002
мои 0.001 0.854 0.001
гуманитарный 0.002 1.398 0.003
поэтому 0.001 0.328 0.0
средством 0.001 0.102 0.0
налаживать 0.001 2.0 0.002
авиаударов 0.001 1.398 0.001
воды 0.005 0.745 0.004
выполняющим 0.001 0.097 0.0
покинуть 0.001 1.0 0.001
пускали 0.001 1.699 0.002
возможно 0.001 0.398 0.0
четыре 0.001 0.569 0.001
никого 0.001 1.097 0.001
кузнецова 0.001 1.699 0.002
алексей 0.002 0.886 0.002
подогреть 0.001 2.0 0.002
выгоревшая 0.001 2.0 0.002
оставшаяся 0.001 2.0 0.002
затянуть 0.001 1.699 0.002
ошибку 0.001 0.066 0.0
наотрез 0.001 2.0 0.002
технологическом 0.001 2.0 0.002
колбасу 0.001 2.0 0.002
отопление 0.001 1.523 0.002
дрова 0.001 2.0 0.002
сами 0.001 0.538 0.001
первых 0.001 0.959 0.001
чьи-то 0.001 2.0 0.002
побомбили 0.001 2.0 0.002
ради 0.001 1.046 0.001
лет 0.001 0.252 0.0
блокпосту 0.001 1.699 0.002
бабушки 0.001 1.398 0.001
тушить 0.001 1.523 0.002
противовоспалительные 0.001 1.523 0.002
городском 0.001 2.0 0.002
говорят 0.002 0.432 0.001
разрешили 0.001 1.097 0.001
волны 0.001 1.301 0.001
развести 0.001 2.0 0.002
of 0.001 0.721 0.001
дали 0.001 1.155 0.001
пытались 0.001 1.046 0.001
накрыть 0.001 2.0 0.002
пролетами 0.001 2.0 0.002
особо 0.001 1.097 0.001
своей 0.001 0.42 0.0
буквально 0.001 0.886 0.001
глубину 0.001 2.0 0.002
двор 0.001 1.523 0.002
данные 0.001 0.066 0.0
мчс 0.001 2.0 0.002
бомбили 0.001 1.398 0.001
скинут 0.001 1.699 0.002
мирного 0.001 1.523 0.002
украинский 0.001 0.959 0.001
пластиковые 0.001 2.0 0.002
киев 0.001 0.77 0.001
специально 0.001 0.959 0.001
вероника 0.001 1.523 0.002
шесть 0.002 1.0 0.002
газа 0.001 1.222 0.001
камерами 0.001 2.0 0.002
пересидеть 0.001 1.699 0.002
авиабомба 0.001 2.0 0.002
воняет 0.001 2.0 0.002
данным 0.001 0.444 0.0
виден 0.001 1.523 0.002
напомню 0.001 2.0 0.002
наши 0.001 0.721 0.001
нажмите 0.001 0.066 0.0
военных 0.001 0.699 0.001
мариупольской 0.001 2.0 0.002
электричество 0.001 1.523 0.002
28-й 0.001 1.699 0.002
пришлось 0.001 0.959 0.001
судьбу 0.001 2.0 0.002
продолжает 0.001 0.658 0.001
российских 0.001 0.337 0.0
других 0.001 0.26 0.0
минус 0.001 1.398 0.001
числе 0.001 0.31 0.0
побудем 0.001 2.0 0.002
перепахан 0.001 2.0 0.002
оставляют 0.001 1.523 0.002
иностранного 0.001 0.102 0.0
подобных 0.001 1.0 0.001
человек 0.004 0.215 0.001
пролетали 0.001 2.0 0.002
влево-вправо 0.001 2.0 0.002
висят 0.001 1.699 0.002
материал 0.001 0.086 0.0
звуки 0.001 1.398 0.001
дыму 0.001 2.0 0.002
продавца 0.001 2.0 0.002
целом 0.001 0.585 0.001
режим 0.001 0.921 0.001
домах 0.001 1.301 0.001
maloletka 0.006 1.301 0.008
дом 0.003 0.824 0.002
хата 0.001 1.699 0.002
правом 0.001 1.523 0.002
притащили 0.001 2.0 0.002
– 0.001 0.06 0.0
новый 0.001 0.658 0.001
поселок 0.001 2.0 0.002
жителей 0.001 0.569 0.001
время 0.004 0.102 0.0
тепла 0.001 1.301 0.001
оба 0.001 0.959 0.001
видим 0.002 0.921 0.002
leta 0.006 0.301 0.002
девять 0.001 1.301 0.001
исполнилось 0.001 2.0 0.002
нами 0.003 0.066 0.0
видно 0.001 0.921 0.001
квартирах 0.001 1.699 0.002
нынче 0.001 2.0 0.002
окраинах 0.001 1.301 0.001
новые 0.001 0.602 0.001
ели 0.001 2.0 0.002
веке 0.001 1.398 0.001
стоит 0.001 0.509 0.001
черный 0.001 1.301 0.001
полчаса 0.001 1.301 0.001
помощнее 0.001 2.0 0.002
танков 0.001 1.398 0.001
забивались 0.001 2.0 0.002
рекламаmeduza 0.001 0.066 0.0
вид 0.001 1.301 0.001
сильнее 0.001 0.959 0.001
блокпостом 0.001 2.0 0.002
свиней 0.001 2.0 0.002
войне 0.001 0.62 0.001
вернуться 0.001 0.921 0.001
мариуполю 0.001 2.0 0.002
моей 0.001 1.0 0.001
лицом 0.001 0.102 0.0
легенды 0.001 2.0 0.002
родственники 0.001 0.921 0.001
обстрелом 0.002 1.301 0.003
дуновение 0.001 2.0 0.002
юридический 0.001 2.0 0.002
натягивали 0.001 2.0 0.002
выше 0.001 0.509 0.001
боялись 0.001 1.398 0.001
функции 0.001 0.097 0.0
катастрофы 0.001 1.398 0.001
заняли 0.001 1.301 0.001
тысяч 0.001 0.337 0.0
соседний 0.001 2.0 0.002
уехать 0.001 1.0 0.001
прокипятить 0.001 2.0 0.002
неделю 0.001 0.721 0.001
раненых 0.001 1.523 0.002
виню 0.001 2.0 0.002
двадцатый 0.001 1.699 0.002
подвалы 0.001 1.523 0.002
раздают 0.001 1.398 0.001
среди 0.001 0.42 0.0
запретили 0.001 1.097 0.001
едем 0.001 1.523 0.002
казалось 0.001 0.886 0.001
ощущениям 0.001 2.0 0.002
рядом 0.003 0.854 0.003
быстро 0.002 0.495 0.001
ненавижу 0.001 1.699 0.002
хоронят 0.001 1.155 0.001
обстреливать 0.001 1.155 0.001
жил 0.001 1.523 0.002
скинули 0.001 2.0 0.002
назад 0.003 0.18 0.001
тьма 0.001 2.0 0.002
хочешь 0.001 1.523 0.002
принципе 0.001 0.796 0.001
расстреляли 0.001 1.699 0.002
целый 0.001 1.0 0.001
выстрела 0.001 1.699 0.002
взять 0.001 0.959 0.001
двадцатого 0.001 2.0 0.002
пили 0.001 2.0 0.002
убирать 0.001 1.301 0.001
перейти 0.001 0.066 0.0
электричества 0.002 1.0 0.002
поддержать 0.001 0.066 0.0
украинских 0.001 0.824 0.001
пришел 0.001 1.222 0.001
источник 0.001 0.174 0.0
многоэтажку 0.001 1.699 0.002
встали 0.001 1.699 0.002
следом 0.001 1.398 0.001
отговаривали 0.001 2.0 0.002
одни 0.001 1.046 0.001
все-таки 0.001 0.553 0.001
какие-то 0.001 0.538 0.001
поезд 0.001 1.301 0.001
маслом 0.001 1.699 0.002
постояли 0.001 2.0 0.002
шампанское 0.001 2.0 0.002
кодекс 0.001 0.066 0.0
левом 0.001 1.699 0.002
могиле 0.001 2.0 0.002
согревались 0.001 2.0 0.002
разбираем 0.001 1.097 0.001
хочу 0.001 0.137 0.0
кому 0.001 0.824 0.001
церковного 0.001 2.0 0.002
дача 0.001 2.0 0.002
скоро 0.001 0.796 0.001
могилах 0.001 1.155 0.001
разной 0.001 1.097 0.001
придешь 0.001 2.0 0.002
стариков 0.001 1.398 0.001
ждешь 0.001 2.0 0.002
70–80 0.001 2.0 0.002
пилили 0.001 2.0 0.002
убывает 0.001 1.699 0.002
украинского 0.001 0.959 0.001
страшно 0.002 1.097 0.002
надеемся 0.001 1.301 0.001
дела 0.001 1.0 0.001
продают 0.001 1.699 0.002
волонтеры 0.001 1.398 0.001
вырос 0.001 1.155 0.001
люди 0.004 0.276 0.001
ноги 0.001 1.222 0.001
завезут 0.001 2.0 0.002
быт 0.001 1.699 0.002
рос 0.001 2.0 0.002
данное 0.001 0.097 0.0
пожарных 0.001 2.0 0.002
сфальсифицировала 0.001 1.301 0.001
какой-то 0.001 0.538 0.001
забивают 0.001 2.0 0.002
носить 0.001 1.097 0.001
находится 0.002 0.678 0.001
торчат 0.001 2.0 0.002
питья 0.001 2.0 0.002
уезжали 0.001 1.523 0.002
коридор 0.002 1.097 0.002
приготовить 0.001 2.0 0.002
поезде 0.001 1.523 0.002
остались 0.001 0.921 0.001
пор 0.001 0.387 0.0
взрывы 0.001 1.155 0.001
впереди 0.001 2.0 0.002
сравнению 0.001 0.796 0.001
полноценной 0.001 1.398 0.001
два-три 0.001 1.398 0.001
температура 0.001 1.0 0.001
громил 0.001 2.0 0.002
варишь 0.001 2.0 0.002
правила 0.001 0.066 0.0
поговорила 0.001 0.886 0.001
пробила 0.001 2.0 0.002
разворачивали 0.001 2.0 0.002
разное 0.001 1.222 0.001
использовать 0.001 0.585 0.001
пунктов 0.001 0.959 0.001
вконтакте 0.001 0.066 0.0
выпили 0.001 1.699 0.002
service 0.001 1.097 0.001
газ 0.002 1.523 0.003
полторы 0.001 1.301 0.001
братские 0.001 2.0 0.002
живет 0.001 0.854 0.001
могу 0.001 0.658 0.001
live 0.001 0.022 0.0
жители 0.002 0.745 0.001
стреляет 0.001 1.699 0.002
жертв 0.001 1.097 0.001
чем-нибудь 0.001 2.0 0.002
дамбы 0.001 2.0 0.002
покинули 0.001 1.222 0.001
далеко 0.001 0.745 0.001
танк 0.001 1.155 0.001
блог 0.001 0.066 0.0
инстаграм 0.001 0.066 0.0
© 0.001 0.0 0.0
неизбежного 0.001 2.0 0.002
равно 0.002 0.638 0.001
снаряд 0.002 1.301 0.003
пилишь 0.001 2.0 0.002
нашими 0.001 1.155 0.001
валяются 0.001 1.523 0.002
выделите 0.001 0.066 0.0
разорванные 0.001 2.0 0.002
распространялись 0.001 1.699 0.002
аптеки 0.001 1.301 0.001
тела 0.001 1.0 0.001
практически 0.001 0.602 0.001
начинает 0.001 0.959 0.001
могли 0.002 0.699 0.001
удара 0.001 1.523 0.002
недели 0.002 0.42 0.001
мангуш 0.001 1.699 0.002
meduzacare 0.001 0.066 0.0
предприятия 0.001 1.046 0.001
забрали 0.001 1.301 0.001
продавать 0.001 1.155 0.001
катались 0.001 2.0 0.002
попало 0.001 1.097 0.001
юго-западу 0.001 1.523 0.002
готовить 0.001 1.398 0.001
масштабные 0.001 1.398 0.001
кнопка 0.001 0.066 0.0
еды 0.001 1.097 0.001
рассказывали 0.001 1.155 0.001
доехать 0.001 1.699 0.002
приходилось 0.001 1.301 0.001
испытываю 0.001 2.0 0.002
вечерняя 0.001 0.066 0.0
стоят 0.001 1.301 0.001
служб 0.001 1.523 0.002
деревья 0.001 2.0 0.002
это 0.006 0.066 0.0
связь 0.001 0.721 0.001
прилетит 0.001 2.0 0.002
еду 0.003 0.886 0.003
the 0.001 0.481 0.0
куска 0.001 2.0 0.002
другие 0.001 0.268 0.0
пушки 0.001 2.0 0.002
деру 0.001 2.0 0.002
2014-й 0.001 2.0 0.002
будь 0.001 1.398 0.001
press 0.001 0.824 0.001
поддержки 0.001 0.066 0.0
убьет 0.001 2.0 0.002
снарядов 0.001 1.699 0.002
ударов 0.001 1.523 0.002
некуда 0.001 1.301 0.001
отцом 0.001 2.0 0.002
помощь 0.001 0.097 0.0
ветра 0.001 1.699 0.002
дне 0.001 1.699 0.002
нему 0.001 1.155 0.001
давно 0.001 0.77 0.001
какое-то 0.002 0.959 0.002
российского 0.001 0.62 0.001
местным 0.001 1.523 0.002
первые 0.001 0.585 0.001
выстрелы 0.001 1.523 0.002
самим 0.001 1.0 0.001
гараже 0.001 2.0 0.002
работаем 0.001 0.161 0.0
приехал 0.001 1.523 0.002
принимают 0.001 1.222 0.001
отстоять 0.001 1.699 0.002
очередного 0.001 1.523 0.002
двух 0.001 0.377 0.0
мифов 0.001 1.301 0.001
итоге 0.001 0.62 0.001
обстрелы 0.001 1.222 0.001
падать 0.001 1.398 0.001
дня 0.001 0.523 0.001
питьевой 0.001 2.0 0.002
тиной 0.001 2.0 0.002
войны 0.005 0.42 0.002
застрял 0.001 1.699 0.002
отсюда 0.001 1.097 0.001
школе 0.001 1.301 0.001
соседям 0.001 1.699 0.002
сносят 0.001 2.0 0.002
двое 0.001 1.222 0.001
пытаются 0.001 0.745 0.001
братских 0.001 1.155 0.001
стороне 0.001 1.046 0.001
понимаем 0.001 1.222 0.001
осталось 0.001 1.0 0.001
высоко 0.001 1.523 0.002
вскрывать 0.001 2.0 0.002
15–20 0.001 1.523 0.002
коридорах 0.001 2.0 0.002
некоторые 0.001 0.469 0.0
самолетов 0.001 1.523 0.002
косым 0.001 2.0 0.002
24/7 0.001 0.102 0.0
android 0.001 0.066 0.0
сошел 0.001 2.0 0.002
последнюю 0.001 1.155 0.001
пресловутые 0.001 1.699 0.002
потушить 0.001 1.699 0.002
кальмиус 0.001 1.699 0.002
школа 0.001 1.523 0.002
english 0.001 0.06 0.0
новости 0.001 0.481 0.0
погрязнее 0.001 2.0 0.002
ходуном 0.001 1.699 0.002
учился 0.001 1.523 0.002
evgeniy 0.006 1.301 0.008
начнется 0.001 1.222 0.001
поддержка 0.001 0.167 0.0
бомбоубежищах 0.001 1.155 0.001
молочку 0.001 2.0 0.002
нужна 0.001 0.092 0.0
обратном 0.001 2.0 0.002
марта 0.013 0.319 0.004
вокруг 0.001 0.721 0.001
города 0.005 0.638 0.003
журналисты 0.001 0.886 0.001
людям 0.001 0.678 0.001
городу 0.001 1.222 0.001
левому 0.001 1.699 0.002
осколки 0.001 1.523 0.002
побило 0.001 2.0 0.002
мере 0.001 0.569 0.001
выезжает 0.001 2.0 0.002
аргументы 0.001 0.77 0.001
местные 0.001 0.959 0.001
годы 0.001 0.745 0.001
колодца 0.001 2.0 0.002
жизнью 0.001 1.398 0.001
сигарет 0.001 2.0 0.002
дома 0.002 0.638 0.001
подвалах 0.001 1.222 0.001
весна 0.001 1.523 0.002
одежду 0.001 1.398 0.001
связаться 0.001 0.066 0.0
требования 0.001 0.066 0.0
колодцу 0.001 2.0 0.002
роддома 0.001 1.155 0.001
рассказ 0.001 1.222 0.001
происходит 0.002 0.387 0.001
лицее 0.001 2.0 0.002
россию 0.001 0.678 0.001
информации 0.001 0.102 0.0
бензина 0.001 1.699 0.002
туда-сюда 0.001 2.0 0.002
приказ 0.001 1.398 0.001
набрать 0.001 1.155 0.001
ненавидеть 0.001 1.699 0.002
взорваны 0.001 2.0 0.002
пожалуй 0.001 1.523 0.002
ненависти 0.001 1.301 0.001
девятого 0.001 2.0 0.002
оканчивал 0.001 2.0 0.002
стоять 0.001 1.699 0.002
россиян 0.001 0.62 0.001
правому 0.001 1.699 0.002
пути 0.001 1.0 0.001
выдержали 0.001 1.699 0.002
трупы 0.001 1.398 0.001
огромные 0.001 1.398 0.001
киеве 0.001 1.0 0.001
костре 0.001 2.0 0.002
транспорт 0.001 1.222 0.001
тремя 0.001 1.301 0.001
больницы 0.001 0.77 0.001
замечательно 0.001 1.699 0.002
знаю 0.001 0.721 0.001
успокоится 0.001 2.0 0.002
волновахи 0.001 1.523 0.002
живого 0.001 1.523 0.002
бабушке 0.001 1.301 0.001
заработают 0.001 2.0 0.002
повторяется 0.001 1.699 0.002
технику 0.001 1.398 0.001
кирова 0.001 2.0 0.002
стены 0.001 1.155 0.001
родителями 0.001 1.523 0.002
покидали 0.001 2.0 0.002
медузе 0.001 0.066 0.0
начальство 0.001 1.523 0.002
районе 0.001 0.886 0.001
танки 0.001 1.046 0.001
первый 0.001 0.481 0.0
точно 0.001 0.481 0.0
репортаж 0.001 0.699 0.001
facebook 0.001 0.0 0.0
медузу 0.001 0.066 0.0
обработки 0.001 0.066 0.0
гречку 0.001 2.0 0.002
этим 0.001 0.337 0.0
закапывают 0.001 1.699 0.002
погорельцев 0.001 2.0 0.002
ударной 0.001 2.0 0.002
домой 0.001 0.824 0.001
бомба 0.001 1.523 0.002
пропало 0.001 1.523 0.002
уходило 0.001 2.0 0.002
отпраздновать 0.001 1.699 0.002
реку 0.001 1.699 0.002
скорой 0.001 1.398 0.001
россия 0.001 0.398 0.0
цел 0.001 2.0 0.002
минимальная 0.001 1.523 0.002
готовки 0.001 2.0 0.002
массовой 0.001 0.097 0.0
когда-то 0.001 1.301 0.001
кое-как 0.001 2.0 0.002
успел 0.001 0.921 0.001
живут 0.001 0.886 0.001
вроде 0.001 0.658 0.001
прекрасно 0.001 1.222 0.001
кто-то 0.001 0.602 0.001
стояла 0.001 1.398 0.001
каких-нибудь 0.001 1.699 0.002
недалеко 0.001 1.301 0.001
слышал 0.001 1.398 0.001
каждый 0.001 0.509 0.001
воду 0.003 1.097 0.003
прятались 0.001 1.523 0.002
видишь 0.001 2.0 0.002
пачку 0.001 2.0 0.002
живой 0.001 1.0 0.001
дырках 0.001 2.0 0.002
scanpix 0.006 0.301 0.002
лекарств 0.001 0.824 0.001
смирением 0.001 2.0 0.002
пояса 0.001 2.0 0.002
продолжать 0.001 0.921 0.001
спасибоgiphyза 0.001 0.066 0.0
показывать 0.001 0.066 0.0
окнами 0.001 1.699 0.002
спокойно 0.001 0.824 0.001
диаметре 0.001 2.0 0.002
принятия 0.001 1.155 0.001
квартиры 0.001 1.699 0.002
twitter 0.001 0.0 0.0
сыры 0.001 2.0 0.002
теплые 0.001 1.699 0.002
ключи 0.001 1.699 0.002
раньше 0.001 0.432 0.0
щит 0.001 2.0 0.002
улице 0.001 0.886 0.001
отопления 0.001 1.398 0.001
пожалуйста 0.001 0.102 0.0
нечем 0.001 1.699 0.002
чище 0.001 2.0 0.002
оставили 0.001 1.301 0.001
платформы 0.001 0.066 0.0
зато 0.001 0.886 0.001
метров 0.001 2.0 0.002
окраины 0.001 1.699 0.002
бомбоубежище 0.001 1.398 0.001
братской 0.001 2.0 0.002
скот 0.001 2.0 0.002
работали 0.001 1.046 0.001
бензин 0.001 1.699 0.002
сначала 0.001 0.602 0.001
семьей 0.001 1.523 0.002
полиция 0.001 1.301 0.001
восьмого 0.001 2.0 0.002
персональные 0.001 0.066 0.0
трассе 0.001 1.699 0.002
очень 0.001 0.149 0.0
привозная 0.001 2.0 0.002
которые 0.001 0.119 0.0
цыгане 0.001 2.0 0.002
вскрыли 0.001 2.0 0.002
имя 0.001 1.046 0.001
квартире 0.001 1.301 0.001
собственно 0.001 1.699 0.002
включился 0.001 2.0 0.002
голова 0.001 1.398 0.001
стреляли 0.001 1.523 0.002
meduza 0.002 0.0 0.0
десяти 0.001 0.921 0.001
баннерам 0.001 0.066 0.0
одна 0.001 0.42 0.0
10-летней 0.001 2.0 0.002
немного 0.001 0.77 0.001
задело 0.001 2.0 0.002
магазины 0.001 1.398 0.001
прикрываются 0.001 2.0 0.002
пострадавших 0.001 1.155 0.001
помогают 0.001 0.886 0.001
костер 0.001 1.699 0.002
бомбежки 0.001 1.301 0.001
поначалу 0.001 1.222 0.001
год 0.001 0.409 0.0
police 0.001 1.155 0.001
идти 0.002 1.046 0.002
вряд 0.001 0.854 0.001
жуткого 0.001 2.0 0.002
огромной 0.001 1.523 0.002
забирался 0.001 2.0 0.002
школу 0.001 1.097 0.001
самая 0.001 0.854 0.001
каком-то 0.001 1.398 0.001
свинофермы 0.001 2.0 0.002
попал 0.001 1.155 0.001
российским 0.001 0.092 0.0
одной 0.001 0.398 0.0
симки 0.001 2.0 0.002
спойлер 0.001 0.796 0.001
вещи 0.001 0.796 0.001
думаешь 0.001 1.523 0.002
подтянулся 0.001 2.0 0.002
минометных 0.001 1.222 0.001
родился 0.002 1.301 0.003
горит 0.001 1.523 0.002
украине 0.001 0.444 0.0
журналиста 0.001 1.398 0.001
вместе 0.001 0.602 0.001
выживания 0.001 2.0 0.002
придут 0.001 1.523 0.002
xix 0.001 1.699 0.002
делать 0.001 0.276 0.0
снаряда 0.001 1.046 0.001
сапер 0.001 2.0 0.002
интересах 0.001 0.167 0.0
реклама 0.001 0.066 0.0
сделанного 0.001 1.699 0.002
досталось 0.001 1.699 0.002
недель 0.001 0.77 0.001
долгожданный 0.001 2.0 0.002
ap 0.006 0.854 0.005
сообщение 0.001 0.102 0.0
бомб 0.001 2.0 0.002
цене 0.001 1.398 0.001
слышать 0.001 1.301 0.001
едят 0.001 1.523 0.002
провода 0.001 1.699 0.002
препараты 0.001 0.824 0.001
точнее 0.001 0.921 0.001
затариться 0.001 2.0 0.002
восьмом 0.001 1.699 0.002
