вакцинами 0.003 0.921 0.003
первой 0.003 0.678 0.002
реакцию 0.001 1.155 0.001
заболели 0.001 1.0 0.001
наличие 0.003 1.0 0.003
редакции 0.003 0.066 0.0
выздороветь 0.001 1.699 0.002
небольшой 0.001 1.046 0.001
прививок 0.001 0.824 0.001
важен 0.001 1.523 0.002
ждать 0.004 0.745 0.003
баннерам 0.001 0.066 0.0
значит 0.001 0.444 0.0
россии 0.001 0.119 0.0
спор 0.001 1.699 0.002
положившись 0.001 2.0 0.002
проведения 0.001 1.301 0.001
относится 0.001 1.0 0.001
нейтрализовать 0.001 1.398 0.001
гифки 0.001 0.066 0.0
повторного 0.001 1.699 0.002
инфекции 0.001 0.77 0.001
вышла 0.001 0.959 0.001
вакцинном 0.003 2.0 0.006
агента 0.003 0.097 0.0
людей 0.003 0.161 0.0
говорит 0.003 0.409 0.001
пересмотрена 0.001 2.0 0.002
естественного 0.005 1.398 0.007
заражений 0.003 1.097 0.003
рекомендует 0.004 0.886 0.004
естественном 0.001 1.699 0.002
in 0.001 0.0 0.0
крайне 0.001 0.721 0.001
катаре 0.001 2.0 0.002
расскажете 0.003 2.0 0.006
производства 0.001 0.77 0.001
судя 0.003 0.721 0.002
опять-таки 0.001 1.699 0.002
эксперты 0.005 0.959 0.005
благополучия 0.001 1.699 0.002
эффективности 0.001 0.678 0.001
касаются 0.001 1.398 0.001
нехватки 0.001 1.699 0.002
веществ 0.001 1.222 0.001
служба 0.001 1.222 0.001
таких 0.001 0.347 0.0
минздрав 0.001 0.824 0.001
старая 0.001 1.155 0.001
правда 0.001 0.509 0.001
переболевших 0.005 0.886 0.004
риск 0.003 0.538 0.002
анонимно 0.001 0.066 0.0
факты 0.001 1.398 0.001
второй 0.004 0.42 0.002
достаточность 0.001 2.0 0.002
информацию 0.003 0.62 0.002
ваша 0.003 0.102 0.0
вызывать 0.001 0.921 0.001
прививку 0.008 0.77 0.006
периода 0.003 1.523 0.005
получается 0.001 0.824 0.001
германский 0.001 1.699 0.002
заболевания 0.001 0.62 0.001
читателейнам 0.001 0.174 0.0
куки 0.001 0.066 0.0
реальных 0.001 1.222 0.001
заболевание 0.001 0.854 0.001
недавно 0.001 0.62 0.001
ноября 0.001 0.745 0.001
перенесенное 0.001 2.0 0.002
удалось 0.001 0.523 0.001
словом 0.001 1.301 0.001
рамок 0.001 1.523 0.002
вакцину 0.003 0.824 0.002
10-я 0.001 2.0 0.002
использование 0.001 0.066 0.0
оговариваются 0.001 2.0 0.002
вакцина 0.006 0.721 0.004
кажется 0.001 0.469 0.0
порядку 0.001 0.066 0.0
центры 0.001 1.222 0.001
карточек 0.001 0.62 0.001
победителя 0.001 2.0 0.002
nhs 0.001 1.699 0.002
года 0.001 0.167 0.0
ориентире 0.001 2.0 0.002
0,1 0.001 1.523 0.002
ершов 0.001 0.796 0.001
значения 0.001 1.155 0.001
en 0.001 0.066 0.0
90-дневном 0.001 2.0 0.002
мрнк-вакциной 0.001 2.0 0.002
одним 0.003 0.569 0.002
сожалению 0.001 0.569 0.001
дней 0.003 0.337 0.001
распространено 0.001 0.102 0.0
сколько 0.003 0.585 0.002
насколько 0.001 0.42 0.0
ios 0.001 0.066 0.0
поняли 0.001 1.046 0.001
человека 0.003 0.328 0.001
обязательным 0.001 1.523 0.002
вне 0.001 0.886 0.001
несколько 0.001 0.201 0.0
прямо 0.003 0.357 0.001
среднем 0.001 0.886 0.001
вируса 0.001 0.721 0.001
продлится 0.001 1.699 0.002
принятии 0.001 1.523 0.002
теория 0.003 2.0 0.006
дефицита 0.001 1.398 0.001
могут 0.001 0.187 0.0
рекомендации 0.003 0.824 0.002
лица 0.001 0.824 0.001
относящихся 0.001 1.699 0.002
существенным 0.001 1.699 0.002
этих 0.004 0.337 0.001
писали 0.001 0.824 0.001
никакой 0.001 0.854 0.001
коронавируса 0.005 0.509 0.003
одном 0.001 0.699 0.001
пока 0.005 0.208 0.001
долго 0.004 0.745 0.003
самому 0.001 1.097 0.001
найти 0.001 0.602 0.001
профилактике 0.001 1.046 0.001
которой 0.001 0.377 0.0
теоретический 0.001 2.0 0.002
значительна 0.001 2.0 0.002
срок 0.001 1.046 0.001
заражениях 0.001 2.0 0.002
вообще 0.004 0.066 0.0
основании 0.001 0.854 0.001
pfizer/biontech 0.001 1.046 0.001
появляются 0.001 1.097 0.001
лишь 0.004 0.481 0.002
явно 0.001 0.959 0.001
начале 0.001 0.602 0.001
по-видимому 0.001 0.959 0.001
отличается 0.001 0.886 0.001
первого 0.003 0.658 0.002
подробный 0.001 1.301 0.001
полгода 0.003 0.886 0.003
заразиться 0.001 1.398 0.001
фрагмента 0.001 2.0 0.002
пандемия 0.001 1.097 0.001
своем 0.001 0.745 0.001
иммунитета 0.005 0.886 0.004
нашли 0.003 0.066 0.0
связи 0.003 0.0 0.0
медуза 0.004 0.066 0.0
месяцев 0.001 0.602 0.001
нам 0.003 0.086 0.0
уколом 0.003 2.0 0.006
помочь 0.003 0.131 0.0
согласно 0.003 0.745 0.002
южноафриканским 0.001 2.0 0.002
вирусу 0.003 1.046 0.003
разные 0.001 0.721 0.001
роль 0.001 0.796 0.001
юридическим 0.001 0.102 0.0
следует 0.004 0.77 0.003
короче 0.001 1.699 0.002
желающим 0.001 1.523 0.002
контролю 0.001 1.046 0.001
согласны 0.001 1.155 0.001
материалам 0.001 0.066 0.0
прививка 0.001 1.046 0.001
уровнем 0.001 1.046 0.001
срочно 0.001 0.167 0.0
тесте 0.001 1.699 0.002
несмотря 0.001 0.456 0.0
возникновения 0.001 1.046 0.001
случае 0.003 0.357 0.001
аденовирус-носитель 0.001 2.0 0.002
covid-19 0.004 0.77 0.003
статье 0.001 0.854 0.001
повторных 0.004 1.398 0.006
иностранным 0.001 0.097 0.0
поступления 0.001 1.523 0.002
astrazeneca 0.001 0.959 0.001
нужно 0.004 0.237 0.001
случаи 0.001 0.721 0.001
выборке 0.001 1.222 0.001
например 0.003 0.229 0.001
вариантом 0.001 0.921 0.001
классов 0.003 1.699 0.005
течения 0.001 0.921 0.001
указано 0.001 1.0 0.001
первым 0.003 0.854 0.003
положительного 0.001 1.301 0.001
привьют 0.003 2.0 0.006
вакцинам 0.003 0.959 0.003
ctrl+enter 0.001 0.066 0.0
февраля 0.001 0.387 0.0
вакцинацией 0.001 0.959 0.001
обычным 0.001 1.523 0.002
новостиисторииразборшапитокоронавирусмагаз 0.001 0.066 0.0
исследованиях 0.001 0.854 0.001
безопасно 0.001 0.066 0.0
могутоказатьсядовольночастыми 0.001 2.0 0.002
youtube 0.001 0.06 0.0
пассаж 0.001 2.0 0.002
национальная 0.001 2.0 0.002
получили 0.001 0.745 0.001
тесты 0.001 1.301 0.001
либо 0.001 0.569 0.001
снижающую 0.001 2.0 0.002
создано 0.001 0.097 0.0
здравоохранения 0.001 0.658 0.001
решением 0.001 1.523 0.002
которая 0.001 0.301 0.0
и/или 0.001 1.523 0.002
рекомендациях 0.001 1.0 0.001
поддержите 0.001 0.102 0.0
во-вторых 0.001 0.854 0.001
случилось 0.003 0.658 0.002
реальными 0.001 1.699 0.002
населения 0.001 0.658 0.001
достаточно 0.001 0.444 0.0
зрения 0.001 0.602 0.001
изложены 0.001 2.0 0.002
защиту 0.001 1.097 0.001
отвечаем 0.001 1.155 0.001
антител 0.004 0.854 0.003
поэтому 0.001 0.328 0.0
переболел 0.004 1.301 0.005
средством 0.001 0.102 0.0
выполняющим 0.003 0.097 0.0
медицинские 0.003 0.796 0.002
возможно 0.001 0.398 0.0
четыре 0.001 0.569 0.001
иммуноглобулинов 0.003 2.0 0.006
вашего 0.001 1.046 0.001
ошибку 0.001 0.066 0.0
временный 0.001 2.0 0.002
методических 0.001 1.301 0.001
штаммов 0.003 1.097 0.003
сами 0.001 0.538 0.001
отложить 0.004 1.699 0.007
говорят 0.001 0.432 0.0
аденовирусным 0.001 2.0 0.002
исследователи 0.001 1.046 0.001
прививки 0.004 0.638 0.003
бразильским 0.001 2.0 0.002
вопрос 0.005 0.42 0.002
указывают 0.004 1.097 0.004
добровольно 0.001 1.301 0.001
данные 0.003 0.066 0.0
перенесенном 0.001 2.0 0.002
разбор 0.001 0.387 0.0
полимер 0.001 2.0 0.002
нажмите 0.001 0.066 0.0
рассказываем 0.003 0.886 0.003
стран 0.003 0.469 0.001
генома 0.001 1.301 0.001
проведенных 0.001 1.699 0.002
соображений 0.003 1.523 0.005
порядке 0.001 1.046 0.001
взрослых 0.001 1.301 0.001
аденовирусную 0.001 1.699 0.002
других 0.005 0.26 0.001
числе 0.001 0.31 0.0
новых 0.004 0.678 0.003
зависеть 0.001 1.155 0.001
иностранного 0.003 0.102 0.0
александр 0.001 0.538 0.001
человек 0.001 0.215 0.0
материал 0.001 0.086 0.0
переболевшего 0.001 2.0 0.002
по-разному 0.001 1.222 0.001
симптомов 0.001 0.886 0.001
низка 0.001 1.699 0.002
исследований 0.003 0.585 0.002
защищать 0.001 0.854 0.001
месяца 0.001 0.745 0.001
таким 0.001 0.658 0.001
успеет 0.001 2.0 0.002
– 0.001 0.06 0.0
время 0.001 0.102 0.0
нами 0.001 0.066 0.0
защита 0.001 1.097 0.001
отвечают 0.003 1.097 0.003
вечен 0.001 2.0 0.002
дает 0.001 0.796 0.001
узнать 0.001 0.959 0.001
процедуры 0.001 1.398 0.001
аденовирусных 0.003 1.398 0.004
стоит 0.003 0.509 0.002
вариантами 0.001 1.046 0.001
рекламаmeduza 0.001 0.066 0.0
теста 0.001 1.301 0.001
говорить 0.001 0.602 0.001
перенесенного 0.001 1.699 0.002
надобности 0.001 2.0 0.002
лицом 0.001 0.102 0.0
выше 0.001 0.509 0.001
функции 0.003 0.097 0.0
ответить 0.001 0.886 0.001
германии 0.001 0.854 0.001
тысяч 0.001 0.337 0.0
заболеть 0.004 0.921 0.004
признаться 0.001 1.699 0.002
положительный 0.001 1.523 0.002
отказывать 0.001 2.0 0.002
разнятся 0.001 1.699 0.002
профильные 0.001 2.0 0.002
решения 0.001 0.638 0.001
надеяться 0.001 1.097 0.001
прежде 0.001 0.62 0.001
известно 0.003 0.481 0.001
продолжительность 0.001 1.523 0.002
комиссия 0.001 1.523 0.002
назад 0.003 0.18 0.001
другими 0.001 0.495 0.0
заболевании 0.001 1.222 0.001
повторной 0.001 1.699 0.002
конкретного 0.001 1.155 0.001
johnson 0.003 1.155 0.003
добровольцев 0.001 0.886 0.001
вакцинированию 0.001 2.0 0.002
перейти 0.001 0.066 0.0
поддержать 0.001 0.066 0.0
американские 0.001 1.097 0.001
ведомства 0.001 1.222 0.001
прививать 0.001 1.0 0.001
стране 0.001 0.523 0.001
ответа 0.001 0.886 0.001
кодекс 0.001 0.066 0.0
положительные 0.001 2.0 0.002
moderna 0.001 1.0 0.001
хочу 0.001 0.137 0.0
переболели 0.003 1.222 0.004
уровня 0.001 0.959 0.001
пэг 0.001 2.0 0.002
канады 0.001 2.0 0.002
статусе 0.001 1.398 0.001
большему 0.001 1.523 0.002
клетку 0.001 1.301 0.001
полагают 0.001 1.699 0.002
количеству 0.001 1.301 0.001
истинных 0.001 2.0 0.002
решил 0.001 0.959 0.001
данное 0.001 0.097 0.0
полугода 0.001 1.699 0.002
естественный 0.001 1.398 0.001
воз 0.006 0.796 0.005
какое 0.001 1.222 0.001
заражения 0.003 0.796 0.002
коротко 0.001 0.824 0.001
введения 0.001 0.796 0.001
подробно 0.001 0.921 0.001
действует 0.003 1.097 0.003
окажется 0.001 1.097 0.001
правила 0.001 0.066 0.0
будущем 0.001 0.745 0.001
явного 0.001 2.0 0.002
антитела 0.003 0.959 0.003
редки 0.001 1.523 0.002
вакцинации 0.009 0.553 0.005
вектора-носителя 0.001 1.699 0.002
вконтакте 0.001 0.066 0.0
вторым 0.003 1.155 0.003
защитит 0.003 1.699 0.005
live 0.001 0.022 0.0
решили 0.001 0.658 0.001
подождать 0.001 1.523 0.002
типов 0.001 1.523 0.002
надежных 0.001 1.398 0.001
решений 0.001 1.222 0.001
блог 0.001 0.066 0.0
аналогичный 0.001 2.0 0.002
инстаграм 0.001 0.066 0.0
© 0.001 0.0 0.0
равно 0.001 0.638 0.001
выделите 0.001 0.066 0.0
условиях 0.001 0.569 0.001
данных 0.005 0.481 0.002
индии 0.003 1.222 0.004
коронавирусу 0.001 1.097 0.001
meduzacare 0.001 0.066 0.0
против 0.001 0.229 0.0
м 0.003 1.699 0.005
формальной 0.001 2.0 0.002
отказ 0.001 0.959 0.001
результаты 0.001 0.62 0.001
оценить 0.001 0.796 0.001
рекомендуют 0.003 0.796 0.002
великобритании 0.001 0.745 0.001
кнопка 0.001 0.066 0.0
шести 0.001 1.0 0.001
хотя 0.001 0.276 0.0
эффективность 0.001 0.569 0.001
вечерняя 0.001 0.066 0.0
во-первых 0.001 0.796 0.001
основе 0.001 0.745 0.001
это 0.011 0.066 0.001
вакцин 0.008 0.62 0.005
изучена 0.001 1.699 0.002
сильно 0.001 0.509 0.001
смогут 0.001 0.745 0.001
поддержки 0.001 0.066 0.0
тяжелого 0.001 0.921 0.001
реальной 0.001 1.046 0.001
спутник 0.001 0.721 0.001
помощь 0.001 0.097 0.0
эффективно 0.001 1.046 0.001
тему 0.001 0.959 0.001
непонятно 0.003 0.921 0.003
работаем 0.001 0.161 0.0
текст 0.001 0.886 0.001
подкрепленная 0.001 2.0 0.002
данными 0.001 0.959 0.001
v 0.005 0.699 0.003
двух 0.001 0.377 0.0
сказано 0.001 0.921 0.001
различие 0.001 1.398 0.001
прививаться 0.001 0.921 0.001
британская 0.001 1.398 0.001
около 0.003 0.432 0.001
иммунитет 0.003 0.854 0.003
некоторые 0.001 0.469 0.0
24/7 0.001 0.102 0.0
android 0.001 0.066 0.0
cdc 0.003 1.301 0.004
одинаково 0.001 1.301 0.001
english 0.001 0.06 0.0
отсутствие 0.001 0.921 0.001
документе 0.001 1.699 0.002
укол 0.001 1.398 0.001
шанс 0.001 1.0 0.001
заболел 0.003 1.523 0.005
подействует 0.001 2.0 0.002
мрнк-вакцинах 0.001 2.0 0.002
поддержка 0.001 0.167 0.0
нужна 0.003 0.092 0.0
марта 0.001 0.319 0.0
людям 0.001 0.678 0.001
избыточной 0.001 1.155 0.001
говорящих 0.001 2.0 0.002
мрнк 0.001 1.155 0.001
оптимальным 0.001 1.523 0.002
sars-cov-2 0.004 0.824 0.003
аденовирусу 0.001 1.699 0.002
всем 0.001 0.252 0.0
факт 0.001 0.77 0.001
выполняет 0.001 1.523 0.002
связать 0.001 2.0 0.002
полиэтиленгликоль 0.001 2.0 0.002
подробнее 0.003 0.699 0.002
аденовирусам 0.001 1.398 0.001
почему-то 0.001 1.222 0.001
требования 0.001 0.066 0.0
половины 0.001 1.0 0.001
связаться 0.001 0.066 0.0
институт 0.001 1.301 0.001
информации 0.001 0.102 0.0
дополнительную 0.001 1.699 0.002
вполне 0.001 0.699 0.001
имеет 0.001 0.602 0.001
тех 0.001 0.26 0.0
спутнике 0.001 1.301 0.001
полученные 0.001 1.398 0.001
проникнуть 0.001 1.398 0.001
повторные 0.001 1.699 0.002
спутником 0.003 0.921 0.003
временных 0.001 2.0 0.002
последняя 0.001 1.301 0.001
наличием 0.001 1.523 0.002
новыми 0.001 1.699 0.002
повторяется 0.001 1.699 0.002
g 0.003 1.699 0.005
периоде 0.001 1.699 0.002
велик 0.003 1.523 0.005
медузе 0.003 0.066 0.0
агентства 0.001 1.097 0.001
достаточности 0.003 2.0 0.006
facebook 0.001 0.0 0.0
медузу 0.003 0.066 0.0
частота 0.001 1.301 0.001
обработки 0.001 0.066 0.0
массовой 0.001 0.097 0.0
выздоровления 0.003 1.398 0.004
точки 0.001 0.638 0.001
является 0.001 0.745 0.001
проведение 0.001 1.155 0.001
дольше 0.001 1.155 0.001
теории 0.001 1.097 0.001
каждый 0.001 0.509 0.001
такие 0.001 0.444 0.0
коха 0.001 1.699 0.002
спасибоgiphyза 0.001 0.066 0.0
показывать 0.001 0.066 0.0
документах 0.003 1.222 0.004
обнаружены 0.001 1.301 0.001
доступна 0.001 1.523 0.002
прививают 0.005 1.222 0.006
жить 0.003 0.824 0.002
twitter 0.001 0.0 0.0
раньше 0.003 0.432 0.001
болезни 0.006 0.62 0.004
пожалуйста 0.001 0.102 0.0
всему 0.001 0.699 0.001
заболеваний 0.001 0.745 0.001
платформы 0.003 0.066 0.0
ответили 0.001 1.155 0.001
противоаденовирусный 0.001 2.0 0.002
переболевшим 0.005 1.699 0.008
именно 0.005 0.244 0.001
исследования 0.001 0.481 0.0
некоторое 0.001 1.222 0.001
иммунную 0.001 1.398 0.001
наблюдали 0.001 1.301 0.001
наука 0.001 1.523 0.002
смертности 0.001 1.155 0.001
вакцины 0.001 0.585 0.001
персональные 0.001 0.066 0.0
такое 0.001 0.347 0.0
лабораторных 0.001 1.301 0.001
очень 0.004 0.149 0.001
которые 0.005 0.119 0.001
недостаточно 0.001 0.921 0.001
ранее 0.003 0.62 0.002
meduza 0.003 0.0 0.0
имеющие 0.001 1.523 0.002
повторно 0.001 1.699 0.002
иммунного 0.001 1.301 0.001
новым 0.001 0.796 0.001
подготовки 0.001 1.222 0.001
иммунитете 0.004 2.0 0.008
версия 0.001 1.222 0.001
иначе 0.003 0.745 0.002
странах 0.005 0.495 0.002
год 0.003 0.409 0.001
минздрава 0.001 0.886 0.001
прививаются 0.001 1.523 0.002
вряд 0.001 0.854 0.001
существует 0.001 0.745 0.001
штаммом 0.003 1.699 0.005
учитывать 0.001 1.046 0.001
эта 0.001 0.367 0.0
российским 0.001 0.092 0.0
которых 0.004 0.237 0.001
результат 0.001 0.77 0.001
невозможно 0.001 0.602 0.001
вакцинацию 0.005 0.824 0.004
которым 0.001 0.658 0.001
вводить 0.001 1.222 0.001
вместе 0.001 0.602 0.001
реклама 0.003 0.066 0.0
делать 0.008 0.276 0.002
интересах 0.001 0.167 0.0
возникает 0.001 0.959 0.001
подготовке 0.001 1.222 0.001
сша 0.001 0.469 0.0
сообщение 0.001 0.102 0.0
точнее 0.001 0.921 0.001
плохо 0.001 0.569 0.001
сделать 0.006 0.357 0.002
мотивации 0.001 1.523 0.002
