спрашивает 0.0 2.0 0.0
отслеживаем 0.0 2.0 0.0
просыпается 0.0 2.0 0.0
нимченко 0.003 2.0 0.006
редакции 0.001 0.066 0.0
сделан 0.0 1.155 0.0
тоцкий 0.0 2.0 0.0
техника 0.0 1.155 0.0
постаменте 0.0 2.0 0.0
девочками 0.0 2.0 0.0
киевский 0.0 2.0 0.0
ждать 0.0 0.745 0.0
баннерам 0.0 0.066 0.0
спальным 0.0 2.0 0.0
сама 0.0 0.658 0.0
действительно 0.0 0.377 0.0
предприниматель 0.0 1.523 0.0
относится 0.0 1.0 0.0
боярышника 0.0 2.0 0.0
передали 0.0 1.523 0.0
столице 0.001 1.097 0.001
дорогая 0.0 1.699 0.0
кинули 0.0 2.0 0.0
чрезвычайным 0.0 2.0 0.0
пыталась 0.0 1.097 0.0
квартир 0.0 2.0 0.0
люблю 0.0 1.301 0.0
состоял 0.0 1.699 0.0
понятно… 0.0 2.0 0.0
жилое 0.0 2.0 0.0
аналитической 0.0 1.699 0.0
оружия 0.0 1.301 0.0
причем 0.0 0.62 0.0
судя 0.0 0.721 0.0
взял 0.0 1.222 0.0
наступившая 0.0 2.0 0.0
войсками 0.0 1.301 0.0
учреждения 0.0 1.699 0.0
одну-единственную 0.0 2.0 0.0
подготовкой 0.0 2.0 0.0
догадываются 0.0 2.0 0.0
стадионами 0.0 2.0 0.0
мужчин 0.0 1.222 0.0
закона 0.001 1.301 0.001
библию 0.0 2.0 0.0
теплее 0.0 2.0 0.0
сайтах 0.0 1.523 0.0
сокращениями 0.0 2.0 0.0
поехал 0.0 2.0 0.0
структура 0.0 1.301 0.0
улицы 0.0 1.301 0.0
конца 0.0 0.77 0.0
железкой 0.0 2.0 0.0
информацию 0.0 0.62 0.0
звучали 0.0 1.523 0.0
сайта 0.0 1.046 0.0
лечение 0.0 1.097 0.0
соединявший 0.0 2.0 0.0
каким-то 0.0 1.046 0.0
ликвидацию 0.0 2.0 0.0
получается 0.0 0.824 0.0
новостям 0.0 1.523 0.0
senna 0.0 2.0 0.0
изучая 0.0 1.523 0.0
жгутик 0.0 2.0 0.0
аней 0.0 2.0 0.0
никаких 0.001 0.602 0.001
поясняет 0.0 2.0 0.0
внимательно 0.0 1.301 0.0
атак 0.0 2.0 0.0
клетки 0.0 1.222 0.0
руку 0.0 1.155 0.0
постельное 0.0 2.0 0.0
наш 0.001 0.699 0.001
выпуску 0.0 2.0 0.0
помощи 0.0 0.77 0.0
постиранные 0.0 2.0 0.0
страх 0.0 1.046 0.0
обратить 0.0 2.0 0.0
захаров 0.001 2.0 0.002
заболеваниями 0.0 1.155 0.0
офисные 0.0 2.0 0.0
устраивается 0.0 2.0 0.0
морской 0.001 2.0 0.002
проверять 0.0 1.097 0.0
глоточек 0.0 2.0 0.0
внимательным 0.0 2.0 0.0
одним 0.0 0.569 0.0
делает 0.0 0.886 0.0
дней 0.001 0.337 0.0
бросил 0.0 2.0 0.0
военной 0.0 0.921 0.0
идешь 0.0 2.0 0.0
плачевно 0.0 2.0 0.0
горячку 0.0 2.0 0.0
курской 0.0 2.0 0.0
ранения 0.001 1.523 0.002
принимающий 0.0 2.0 0.0
разослал 0.0 2.0 0.0
висящие 0.0 2.0 0.0
кукуха 0.0 2.0 0.0
реагируют 0.0 1.699 0.0
телевизору 0.0 1.222 0.0
медлить 0.0 2.0 0.0
прославился 0.0 2.0 0.0
заняты 0.0 1.222 0.0
открывается 0.001 1.699 0.002
матрасы 0.0 2.0 0.0
помещается 0.0 2.0 0.0
паркинга 0.0 2.0 0.0
сварена 0.0 2.0 0.0
блокпост 0.001 1.523 0.002
офиса 0.0 1.222 0.0
восемь 0.001 1.0 0.001
чье-то 0.0 1.699 0.0
ранка 0.0 2.0 0.0
медузы 0.006 0.268 0.002
стула 0.0 2.0 0.0
хозяев 0.0 2.0 0.0
макдоналдсе 0.0 2.0 0.0
бэкапы 0.0 2.0 0.0
трех 0.001 0.638 0.001
показывает 0.001 0.854 0.001
расположенных 0.0 1.699 0.0
обожжено 0.0 2.0 0.0
пойду 0.0 1.398 0.0
северо-запада 0.0 2.0 0.0
плитку 0.0 2.0 0.0
помыться 0.0 2.0 0.0
простыней 0.0 2.0 0.0
оказались 0.001 0.886 0.001
дни 0.001 0.721 0.001
мочил 0.0 2.0 0.0
гривен 0.0 1.523 0.0
ситуации 0.001 0.721 0.001
дружба 0.0 2.0 0.0
истории 0.0 0.337 0.0
медсестра 0.0 2.0 0.0
момент 0.001 0.481 0.0
подтверждений 0.0 1.699 0.0
maxar 0.0 2.0 0.0
высадка 0.0 1.699 0.0
живущего 0.0 1.699 0.0
сюда 0.001 1.097 0.001
мелких 0.0 1.523 0.0
городе 0.001 0.678 0.001
миллионов 0.0 0.638 0.0
закрывает 0.0 1.699 0.0
нашли 0.001 0.066 0.0
связи 0.001 0.0 0.0
антитiла 0.001 2.0 0.002
университете 0.001 1.155 0.001
городскому 0.0 2.0 0.0
медуза 0.003 0.066 0.0
киевом 0.001 1.398 0.001
белую 0.0 2.0 0.0
куницкую 0.0 2.0 0.0
нам 0.001 0.086 0.0
mykhaylo 0.0 2.0 0.0
окружения 0.0 1.523 0.0
армии 0.001 0.886 0.001
центр 0.001 0.77 0.001
этому 0.0 0.432 0.0
расположен 0.0 1.398 0.0
атаку 0.0 1.398 0.0
успела 0.0 1.398 0.0
наших 0.0 0.658 0.0
изменила 0.0 1.301 0.0
добавляет 0.0 1.398 0.0
аккуратное 0.0 2.0 0.0
менделеева 0.0 2.0 0.0
материалам 0.0 0.066 0.0
срочно 0.0 0.167 0.0
смущает 0.0 2.0 0.0
уговариваешь 0.0 2.0 0.0
говорится 0.0 0.824 0.0
дженгу 0.001 2.0 0.002
родителей 0.0 1.155 0.0
остающиеся 0.0 2.0 0.0
торговых 0.0 1.398 0.0
меньше 0.001 0.444 0.0
упало 0.0 1.699 0.0
администрация 0.0 1.398 0.0
созваниваемся 0.0 1.699 0.0
фразы 0.001 1.523 0.002
пакетами 0.0 1.699 0.0
эвакуировали 0.0 1.699 0.0
продуктовые 0.0 2.0 0.0
пройти 0.0 0.854 0.0
победные 0.0 2.0 0.0
увидеть 0.0 1.097 0.0
макдоналдс 0.0 1.699 0.0
самых 0.0 0.62 0.0
боями 0.0 2.0 0.0
памятку 0.0 2.0 0.0
сергей 0.0 0.886 0.0
девушка 0.0 1.222 0.0
остро 0.0 1.523 0.0
перекус 0.0 2.0 0.0
выключают 0.0 2.0 0.0
рану 0.0 2.0 0.0
лилии 0.001 1.046 0.001
палате 0.0 2.0 0.0
венный 0.0 2.0 0.0
получится 0.0 1.222 0.0
аптечкам 0.0 2.0 0.0
презентовать 0.0 2.0 0.0
покинула 0.0 1.523 0.0
дороге 0.0 1.222 0.0
должна 0.0 0.538 0.0
кота 0.0 1.699 0.0
ctrl+enter 0.0 0.066 0.0
скорую 0.0 1.398 0.0
осколочными 0.0 2.0 0.0
мраморном 0.0 2.0 0.0
теробороны 0.002 1.699 0.003
резервисты 0.0 2.0 0.0
куску 0.0 2.0 0.0
силам 0.0 2.0 0.0
взрыв 0.0 1.301 0.0
процитировать 0.0 2.0 0.0
разговариваю 0.0 2.0 0.0
переодел 0.0 2.0 0.0
21–22 0.0 2.0 0.0
наступления 0.0 1.222 0.0
военкомат 0.0 1.398 0.0
случилось 0.0 0.658 0.0
украины 0.001 0.569 0.001
виталия 0.0 1.699 0.0
базу 0.001 1.523 0.002
мышки 0.0 2.0 0.0
кожи 0.0 2.0 0.0
утверждению 0.0 1.523 0.0
пространство 0.0 1.523 0.0
киберподразделения 0.0 2.0 0.0
эскалаторами 0.0 2.0 0.0
четыре 0.0 0.569 0.0
кибервоюю 0.0 2.0 0.0
выстроены 0.0 2.0 0.0
служебный 0.0 2.0 0.0
умирай 0.0 2.0 0.0
проведению 0.0 2.0 0.0
обстрела 0.001 1.155 0.001
продукты 0.0 1.097 0.0
задержание 0.0 1.523 0.0
интонацией 0.0 2.0 0.0
противотанковые 0.0 1.523 0.0
говорил 0.0 0.959 0.0
холодно 0.0 2.0 0.0
антивоенные 0.0 1.301 0.0
личиком 0.0 2.0 0.0
улыбкой 0.0 1.699 0.0
укреплений 0.0 2.0 0.0
возбуждения 0.0 1.699 0.0
зубы 0.0 1.699 0.0
видели 0.0 1.222 0.0
ваших 0.0 1.155 0.0
пригнуться 0.0 2.0 0.0
екатерины 0.0 1.523 0.0
молитвы 0.0 2.0 0.0
полотенцем 0.0 1.699 0.0
вынимали 0.0 2.0 0.0
буквально 0.0 0.886 0.0
ощущение 0.0 1.523 0.0
вагонах 0.0 2.0 0.0
трактовке 0.0 2.0 0.0
россияне 0.0 0.678 0.0
ходить 0.0 1.222 0.0
сну 0.0 2.0 0.0
перебирается 0.0 2.0 0.0
чрезвычайной 0.001 2.0 0.002
выбито 0.0 2.0 0.0
кости 0.0 1.699 0.0
сушить 0.0 2.0 0.0
дексаметазона 0.0 2.0 0.0
украину 0.0 0.523 0.0
уточнить 0.0 1.699 0.0
останавливаясь 0.0 2.0 0.0
нажмите 0.0 0.066 0.0
решившие 0.0 2.0 0.0
электричество 0.0 1.523 0.0
пришлось 0.001 0.959 0.001
rt 0.0 0.824 0.0
основания 0.0 1.301 0.0
нормальной 0.0 1.097 0.0
вечера 0.0 1.523 0.0
киевлян 0.0 1.097 0.0
глазки 0.001 2.0 0.002
подтверждает 0.0 1.398 0.0
иностранного 0.001 0.102 0.0
матраса 0.001 2.0 0.002
человек 0.002 0.215 0.0
тапочках 0.0 2.0 0.0
выступление 0.0 1.222 0.0
укрывавшихся 0.0 2.0 0.0
поздно 0.0 1.301 0.0
спрятаться 0.001 1.699 0.002
вчерашнего 0.0 2.0 0.0
потянулась 0.0 2.0 0.0
занавешено 0.0 2.0 0.0
сообщением 0.0 2.0 0.0
инструктаж 0.0 2.0 0.0
мешки 0.0 2.0 0.0
– 0.0 0.06 0.0
нарисовали 0.0 1.699 0.0
впечатление 0.0 1.699 0.0
знакомых 0.0 1.222 0.0
leta 0.0 0.301 0.0
вспышки 0.0 1.155 0.0
нами 0.001 0.066 0.0
которыми 0.0 0.854 0.0
видно 0.0 0.921 0.0
дает 0.0 0.796 0.0
советники 0.0 2.0 0.0
объяснять 0.0 2.0 0.0
управления 0.0 1.097 0.0
ночевать 0.0 2.0 0.0
лицом 0.0 0.102 0.0
санитаров 0.0 2.0 0.0
заняли 0.0 1.301 0.0
функции 0.001 0.097 0.0
львова 0.001 1.523 0.002
живу 0.0 1.699 0.0
этапов 0.0 2.0 0.0
университет 0.001 1.398 0.001
известной 0.0 1.699 0.0
днем 0.001 0.886 0.001
раковины 0.0 2.0 0.0
медбригады 0.0 2.0 0.0
дети 0.0 0.721 0.0
прорывалась 0.0 2.0 0.0
чвк 0.0 1.699 0.0
„ 0.008 0.62 0.005
вторгнуться 0.0 2.0 0.0
130-го 0.001 2.0 0.002
дочь 0.0 1.0 0.0
парковочные 0.0 2.0 0.0
стульев 0.0 2.0 0.0
текущей 0.0 1.398 0.0
перейти 0.0 0.066 0.0
поддержать 0.0 0.066 0.0
президента 0.001 0.745 0.001
какие-то 0.001 0.538 0.001
обороны 0.001 1.046 0.001
сыном 0.0 1.523 0.0
лазарет 0.0 2.0 0.0
сброс 0.0 2.0 0.0
зацепило 0.0 2.0 0.0
скоро 0.0 0.796 0.0
самым 0.0 0.921 0.0
разрушенный 0.0 1.301 0.0
разрешения 0.0 1.222 0.0
выполняют 0.0 1.523 0.0
качестве 0.0 0.678 0.0
взяло 0.0 2.0 0.0
вручную 0.001 1.699 0.002
начать 0.0 1.046 0.0
книжка 0.0 2.0 0.0
екатерина 0.001 1.301 0.001
ноги 0.001 1.222 0.001
светофоры 0.0 2.0 0.0
гранату 0.0 2.0 0.0
данное 0.0 0.097 0.0
киевляне 0.001 1.523 0.002
приклеили 0.0 2.0 0.0
остановилась 0.0 1.523 0.0
чуть-чуть 0.001 1.699 0.002
какой-то 0.0 0.538 0.0
такси 0.0 2.0 0.0
ожесточенные 0.0 2.0 0.0
ирпене 0.001 1.398 0.001
остановились 0.0 1.699 0.0
батарея 0.0 2.0 0.0
низко 0.0 1.699 0.0
коридор 0.0 1.097 0.0
рваную 0.0 2.0 0.0
ранена 0.0 2.0 0.0
вышли 0.0 1.0 0.0
ответственность 0.0 0.824 0.0
стираешь 0.0 2.0 0.0
окажется 0.001 1.097 0.001
песком 0.001 2.0 0.002
соевое 0.0 2.0 0.0
коктейлями 0.0 2.0 0.0
обжились 0.0 2.0 0.0
полторы 0.0 1.301 0.0
хактивистов 0.0 2.0 0.0
босых 0.0 2.0 0.0
напротив 0.001 1.222 0.001
live 0.0 0.022 0.0
ирландца 0.0 2.0 0.0
жители 0.001 0.745 0.001
освобождают 0.001 1.301 0.001
решили 0.0 0.658 0.0
снайпер 0.001 2.0 0.002
цвета 0.0 1.398 0.0
свист 0.0 1.699 0.0
штурму 0.0 2.0 0.0
лекарства 0.0 0.854 0.0
целями 0.0 1.523 0.0
блог 0.0 0.066 0.0
затрещали 0.0 2.0 0.0
железной 0.0 1.523 0.0
кафе 0.0 1.097 0.0
разных 0.0 0.398 0.0
нежелательно 0.0 1.523 0.0
вечерам 0.0 1.699 0.0
начинает 0.001 0.959 0.001
ею 0.0 1.0 0.0
стреляло 0.0 2.0 0.0
мартовского 0.0 2.0 0.0
хотел 0.001 1.0 0.001
meduzacare 0.0 0.066 0.0
семилетняя 0.0 2.0 0.0
оборудован 0.0 2.0 0.0
окончательно 0.0 1.301 0.0
развлекался 0.0 2.0 0.0
кнопка 0.0 0.066 0.0
перебегать 0.0 2.0 0.0
шести 0.0 1.0 0.0
дарья 0.001 0.959 0.001
тысячу 0.0 1.699 0.0
дождался 0.0 1.523 0.0
переходить 0.0 1.523 0.0
вагоне 0.0 2.0 0.0
the 0.0 0.481 0.0
текстом 0.0 2.0 0.0
превращалась 0.0 2.0 0.0
другие 0.0 0.268 0.0
маме 0.0 1.699 0.0
дном 0.0 2.0 0.0
пользуется 0.0 1.699 0.0
психологическая 0.0 1.398 0.0
узорчатый 0.0 2.0 0.0
ситуациям 0.0 2.0 0.0
миллилитров 0.0 2.0 0.0
поспишь 0.0 2.0 0.0
торцу 0.0 2.0 0.0
убегать 0.001 2.0 0.002
любимый 0.0 1.699 0.0
честно 0.0 1.0 0.0
последний 0.001 0.824 0.001
опор 0.0 2.0 0.0
ситуациями 0.0 1.699 0.0
боковые 0.0 2.0 0.0
женой 0.0 1.398 0.0
предположительно 0.0 1.301 0.0
загромождая 0.0 2.0 0.0
обстрелы 0.001 1.222 0.001
планируем 0.0 1.222 0.0
открытия 0.0 1.523 0.0
предлагаем 0.0 1.523 0.0
одеться 0.0 1.699 0.0
mlnl 0.0 2.0 0.0
перекрестка 0.0 2.0 0.0
асиной 0.0 2.0 0.0
выстраиваются 0.0 2.0 0.0
глухо 0.0 2.0 0.0
убежден 0.001 2.0 0.002
24/7 0.0 0.102 0.0
сменят 0.0 2.0 0.0
мраморных 0.0 2.0 0.0
готовится 0.001 1.046 0.001
обстрелов 0.0 1.301 0.0
стрессом 0.0 2.0 0.0
оказалось 0.001 0.824 0.001
прошла 0.0 1.097 0.0
стеночке 0.0 2.0 0.0
ногу 0.0 1.301 0.0
аргументы 0.0 0.77 0.0
ресторана 0.0 2.0 0.0
реальном 0.0 1.699 0.0
словно 0.0 1.398 0.0
корреспондента 0.001 1.222 0.001
трясло 0.0 2.0 0.0
дачу 0.0 2.0 0.0
э 0.0 2.0 0.0
совместных 0.0 1.523 0.0
москвы 0.0 0.824 0.0
картона 0.0 2.0 0.0
каждым 0.0 0.854 0.0
обречена 0.0 2.0 0.0
ушах 0.0 2.0 0.0
связаться 0.0 0.066 0.0
самом 0.001 0.481 0.0
требования 0.0 0.066 0.0
операций 0.0 1.699 0.0
подругой 0.0 1.523 0.0
советовали 0.0 2.0 0.0
информации 0.0 0.102 0.0
услышать 0.0 1.699 0.0
красная 0.0 2.0 0.0
интересные 0.0 2.0 0.0
angeles 0.001 1.301 0.001
тех 0.001 0.26 0.0
плакали 0.0 1.699 0.0
ненависти 0.001 1.301 0.001
ребенку 0.0 1.222 0.0
колоду 0.0 2.0 0.0
геолокация 0.0 1.523 0.0
мины 0.0 2.0 0.0
дрг 0.001 2.0 0.002
кличко 0.0 2.0 0.0
работала 0.0 1.046 0.0
следы 0.0 1.699 0.0
появиться 0.0 1.097 0.0
готовиться 0.0 2.0 0.0
темпе 0.0 1.699 0.0
алкоголем 0.001 1.699 0.002
главным 0.0 1.155 0.0
почему 0.001 0.337 0.0
полу 0.001 1.398 0.001
акустику 0.0 2.0 0.0
стены 0.001 1.155 0.001
fadel 0.0 2.0 0.0
парковки 0.0 2.0 0.0
максима 0.0 1.699 0.0
васильчука 0.001 2.0 0.002
ленина 0.0 2.0 0.0
бомбоубежищ 0.0 1.699 0.0
военным 0.0 1.301 0.0
вторая 0.0 1.046 0.0
домой 0.001 0.824 0.001
россия 0.001 0.398 0.0
возле 0.001 1.097 0.001
проверяют 0.0 1.222 0.0
застрявших 0.0 2.0 0.0
гражданская 0.0 1.699 0.0
такие 0.001 0.444 0.0
спасибоgiphyза 0.0 0.066 0.0
дыру 0.0 1.699 0.0
компания 0.001 1.0 0.001
раньше 0.0 0.432 0.0
промзоной 0.0 2.0 0.0
посыпаны 0.0 2.0 0.0
рулем 0.0 1.523 0.0
пожалуйста 0.0 0.102 0.0
куницкая 0.001 2.0 0.002
можем 0.0 0.62 0.0
никуда 0.001 1.097 0.001
запас 0.0 2.0 0.0
новорожденных 0.0 1.523 0.0
та 0.0 0.824 0.0
вторжению 0.001 1.699 0.002
именно 0.001 0.244 0.0
целился 0.0 2.0 0.0
первая 0.0 0.77 0.0
пост 0.0 0.796 0.0
очень 0.003 0.149 0.0
лукьяновский 0.0 2.0 0.0
бои 0.0 1.097 0.0
место 0.001 0.678 0.001
четвертое 0.0 1.699 0.0
живущей 0.0 2.0 0.0
снайперского 0.0 2.0 0.0
детских 0.0 1.222 0.0
кусок 0.0 1.398 0.0
живущая 0.0 2.0 0.0
сушатся 0.0 2.0 0.0
идут 0.001 0.699 0.001
листок 0.0 2.0 0.0
костер 0.0 1.699 0.0
стрелял 0.0 2.0 0.0
допил 0.0 2.0 0.0
броваров 0.0 1.699 0.0
ранило 0.0 1.699 0.0
заведении 0.0 1.699 0.0
давай 0.0 1.699 0.0
освоиться 0.0 2.0 0.0
шла 0.0 1.222 0.0
охматдет 0.001 2.0 0.002
маленький-маленький 0.0 2.0 0.0
российским 0.001 0.092 0.0
одной 0.001 0.398 0.0
написал 0.0 1.0 0.0
тоннель 0.0 2.0 0.0
законом 0.0 1.699 0.0
немножко 0.0 1.222 0.0
переночевал 0.0 2.0 0.0
ирпенем 0.0 2.0 0.0
тому 0.0 0.509 0.0
вместе 0.001 0.602 0.001
интересах 0.0 0.167 0.0
вооружены 0.0 2.0 0.0
появился 0.0 0.921 0.0
недель 0.0 0.77 0.0
слышать 0.0 1.301 0.0
точнее 0.0 0.921 0.0
горел 0.0 1.699 0.0
выкачивали 0.0 2.0 0.0
бешено 0.0 2.0 0.0
стоящих 0.0 2.0 0.0
российские 0.001 0.328 0.0
тревогой 0.0 2.0 0.0
час 0.001 1.0 0.001
закуплена 0.0 2.0 0.0
личное 0.0 1.699 0.0
капли 0.0 1.523 0.0
уважаемые 0.0 1.699 0.0
штуки 0.0 1.523 0.0
times 0.001 0.699 0.001
встретили 0.001 2.0 0.002
станцию 0.0 1.523 0.0
кефир 0.0 2.0 0.0
владимира 0.001 0.959 0.001
команды 0.001 1.699 0.002
входы 0.0 2.0 0.0
специальный 0.0 1.097 0.0
детям 0.0 1.0 0.0
попросили 0.0 1.097 0.0
рамках 0.001 1.097 0.001
in 0.0 0.0 0.0
высовывает 0.0 2.0 0.0
разговоры 0.0 2.0 0.0
ждут 0.0 1.155 0.0
знала 0.001 1.523 0.002
настоящее 0.0 1.155 0.0
vlasova 0.001 2.0 0.002
алкоголь 0.001 1.222 0.001
странный 0.0 1.523 0.0
комендантский 0.0 1.301 0.0
таких 0.0 0.347 0.0
танках 0.0 2.0 0.0
тяжелым 0.0 1.523 0.0
белой 0.0 1.523 0.0
туристический 0.0 2.0 0.0
приводим 0.0 2.0 0.0
старые 0.0 1.398 0.0
создан 0.0 1.398 0.0
альбома 0.0 1.699 0.0
просто 0.005 0.194 0.001
вагнера 0.0 1.699 0.0
грустно 0.0 1.398 0.0
свет 0.002 1.523 0.003
периода 0.0 1.523 0.0
поздравили 0.0 2.0 0.0
убирает 0.0 2.0 0.0
машина 0.0 1.046 0.0
продумав 0.0 2.0 0.0
ребят 0.0 1.523 0.0
слава 0.0 1.398 0.0
перебраться 0.0 1.523 0.0
спины 0.0 2.0 0.0
прикрепили 0.0 1.699 0.0
услышала 0.0 1.523 0.0
трет 0.0 2.0 0.0
готовит 0.0 1.523 0.0
кэшаут 0.0 2.0 0.0
паника 0.0 1.523 0.0
пункты 0.0 1.155 0.0
утра 0.001 1.301 0.001
занятому 0.0 2.0 0.0
упали 0.0 1.398 0.0
ушли 0.0 1.523 0.0
запомнил 0.0 2.0 0.0
отсутствия 0.0 1.523 0.0
пригород 0.001 1.222 0.001
удалили 0.001 2.0 0.002
две 0.001 0.553 0.001
десятка 0.0 1.523 0.0
дыма 0.001 1.699 0.002
технологий 0.0 1.301 0.0
кажется 0.001 0.469 0.0
дополнительным 0.0 2.0 0.0
играем 0.0 2.0 0.0
водительское 0.0 2.0 0.0
которую 0.0 0.469 0.0
стреляют 0.0 1.301 0.0
огорожен 0.0 2.0 0.0
благополучно 0.0 1.699 0.0
тобой 0.0 1.301 0.0
надписью 0.0 1.398 0.0
16-го 0.0 2.0 0.0
готовых 0.0 1.523 0.0
выставлять 0.0 1.699 0.0
часов 0.001 0.678 0.001
львов 0.001 1.398 0.001
мариуполь 0.001 0.824 0.001
застрелился 0.0 2.0 0.0
дефейсу 0.0 2.0 0.0
кармане 0.0 1.699 0.0
охрана 0.0 1.699 0.0
уязвимости 0.0 2.0 0.0
ног 0.0 1.699 0.0
пришла 0.001 1.155 0.001
распространено 0.0 0.102 0.0
богданой 0.0 2.0 0.0
коллектива 0.0 1.699 0.0
ios 0.0 0.066 0.0
руки 0.001 0.921 0.001
достижением 0.0 1.699 0.0
васильков 0.0 1.523 0.0
большинства 0.0 1.097 0.0
несколько 0.001 0.201 0.0
пододеяльник 0.0 2.0 0.0
открывают 0.0 1.301 0.0
прямо 0.003 0.357 0.001
огонь 0.001 1.398 0.001
развалины 0.0 2.0 0.0
достал 0.0 2.0 0.0
всеми 0.001 0.824 0.001
основном 0.0 0.553 0.0
скриншот 0.0 1.699 0.0
прямой 0.0 1.046 0.0
любом 0.0 0.854 0.0
успокоить 0.0 1.523 0.0
владимир 0.0 0.62 0.0
идущей 0.0 2.0 0.0
мост 0.0 1.301 0.0
ставят 0.0 1.398 0.0
пока 0.001 0.208 0.0
зашедшая 0.0 2.0 0.0
дыши 0.001 2.0 0.002
филиппа 0.0 2.0 0.0
работало 0.0 2.0 0.0
забегут 0.0 2.0 0.0
сих 0.001 0.481 0.0
помогающие 0.0 1.699 0.0
броварское 0.0 2.0 0.0
спустя 0.001 0.886 0.001
прогулку 0.001 1.699 0.002
кремля 0.001 1.222 0.001
медузой 0.0 0.921 0.0
олег 0.0 1.398 0.0
вагон 0.0 2.0 0.0
расстеленного 0.0 2.0 0.0
нового 0.0 0.638 0.0
явно 0.0 0.959 0.0
купил 0.0 1.699 0.0
ответило 0.0 2.0 0.0
протягивают 0.0 2.0 0.0
плед 0.0 2.0 0.0
направлении 0.0 1.523 0.0
киеву 0.0 1.398 0.0
ростелекому 0.0 2.0 0.0
едва 0.001 1.523 0.002
фотографировал 0.0 2.0 0.0
сестрой 0.0 1.301 0.0
выламываем 0.0 2.0 0.0
асфальт 0.0 2.0 0.0
небрежно 0.0 1.699 0.0
перекрестке 0.0 2.0 0.0
подозрение 0.0 1.398 0.0
готовили 0.0 1.301 0.0
квартал 0.0 1.523 0.0
вену 0.0 2.0 0.0
плоскости 0.0 2.0 0.0
одного 0.001 0.432 0.0
домашним 0.0 2.0 0.0
эффективного 0.0 1.699 0.0
участку 0.0 2.0 0.0
северо-западу 0.0 1.699 0.0
последние 0.0 0.456 0.0
аллею 0.0 2.0 0.0
виталием 0.0 2.0 0.0
спать 0.001 1.222 0.001
крошкой 0.0 2.0 0.0
рабочем 0.0 1.699 0.0
обыщет 0.0 2.0 0.0
юридическим 0.0 0.102 0.0
ночь 0.001 1.0 0.001
околицей 0.0 2.0 0.0
вверх 0.0 1.398 0.0
взлома 0.001 2.0 0.002
ddos-нападений 0.0 2.0 0.0
светофорами 0.0 2.0 0.0
батальона 0.001 1.523 0.002
госсектора 0.0 2.0 0.0
уехали 0.001 1.222 0.001
местах 0.0 1.222 0.0
военные 0.001 0.796 0.001
целой 0.0 1.699 0.0
блокпосты 0.0 1.699 0.0
спят 0.0 1.523 0.0
увидел 0.0 1.222 0.0
придают 0.0 2.0 0.0
телефоне 0.0 1.398 0.0
тур 0.0 2.0 0.0
хорошего 0.0 1.523 0.0
опрокидывает 0.0 2.0 0.0
спальные 0.0 2.0 0.0
плотно 0.001 1.699 0.002
стали 0.001 0.42 0.0
останавливает 0.001 1.699 0.002
беги 0.0 2.0 0.0
подрядчика 0.0 2.0 0.0
утром 0.0 1.046 0.0
нужно 0.001 0.237 0.0
завидев 0.0 2.0 0.0
хожу 0.0 2.0 0.0
несли 0.001 1.523 0.002
весь 0.001 0.638 0.001
ноге 0.001 2.0 0.002
торце 0.0 2.0 0.0
бочку 0.0 2.0 0.0
происходящему 0.0 1.523 0.0
по-прежнему 0.001 0.824 0.001
гермозатвора 0.0 2.0 0.0
безопасно 0.0 0.066 0.0
понадобится 0.0 2.0 0.0
собака 0.0 1.699 0.0
инфраструктуру 0.001 1.523 0.002
отвлекаются 0.0 2.0 0.0
яркие 0.0 2.0 0.0
сквозь 0.0 1.699 0.0
смоет 0.0 2.0 0.0
песни 0.001 1.222 0.001
столбиков 0.0 2.0 0.0
youtube 0.0 0.06 0.0
поп-рок-группы 0.0 2.0 0.0
молоко 0.0 1.699 0.0
берегу 0.0 1.523 0.0
описывает 0.001 1.222 0.001
западной 0.001 1.222 0.001
создано 0.0 0.097 0.0
группы 0.001 0.62 0.001
оказался 0.001 0.886 0.001
очередей 0.0 2.0 0.0
волонтер 0.0 1.699 0.0
находящихся 0.0 1.699 0.0
достаточно 0.0 0.444 0.0
планирует 0.0 1.398 0.0
вертолетов 0.0 1.699 0.0
сегодня 0.001 0.638 0.001
продолжала 0.0 2.0 0.0
многие 0.001 0.284 0.0
средством 0.0 0.102 0.0
покинуть 0.0 1.0 0.0
соответствии 0.0 1.0 0.0
солнечный 0.0 2.0 0.0
возможность 0.0 0.569 0.0
грань 0.0 2.0 0.0
окурок 0.0 2.0 0.0
руках 0.001 1.398 0.001
включена 0.0 2.0 0.0
яппарова 0.001 1.699 0.002
подбирает 0.0 1.699 0.0
безопаснее 0.0 1.523 0.0
резкий 0.0 1.523 0.0
четкий 0.0 1.398 0.0
разложены 0.001 1.699 0.002
сервиса 0.0 1.398 0.0
завершилась 0.0 1.523 0.0
печеньем 0.0 2.0 0.0
районных 0.0 1.699 0.0
сиденье 0.0 1.699 0.0
обеими 0.0 2.0 0.0
впервые 0.001 0.824 0.001
мгновение 0.0 1.699 0.0
поняла 0.0 1.222 0.0
говорят 0.001 0.432 0.0
читал 0.0 2.0 0.0
сделай 0.0 2.0 0.0
где-то 0.001 0.721 0.001
волонтерский 0.0 2.0 0.0
баррикады 0.0 1.699 0.0
удаления 0.0 2.0 0.0
барахло 0.001 2.0 0.002
складывать 0.0 2.0 0.0
абсолютно 0.0 0.721 0.0
миллениальные 0.0 2.0 0.0
гитарист 0.0 2.0 0.0
попросил 0.0 1.155 0.0
своей 0.001 0.42 0.0
финале 0.0 2.0 0.0
киева 0.003 0.886 0.003
санитаром 0.0 2.0 0.0
газпрому 0.0 2.0 0.0
язык 0.0 1.155 0.0
киевское 0.0 1.699 0.0
аню 0.0 2.0 0.0
автоматный 0.001 2.0 0.002
стать 0.0 0.699 0.0
маникюр 0.0 2.0 0.0
едут 0.0 1.301 0.0
кпп 0.001 1.699 0.002
ставить 0.0 1.523 0.0
двигаться 0.0 1.222 0.0
стекла 0.0 1.699 0.0
данным 0.0 0.444 0.0
грузинского 0.0 2.0 0.0
отец 0.0 1.222 0.0
признают 0.0 1.301 0.0
василько 0.0 2.0 0.0
понимала 0.001 1.523 0.002
морского 0.0 1.699 0.0
украинка 0.0 1.398 0.0
российских 0.002 0.337 0.001
ноутбук 0.0 1.699 0.0
александр 0.001 0.538 0.001
области 0.0 0.602 0.0
лидера 0.0 1.301 0.0
слышишь 0.0 1.398 0.0
мной 0.0 1.155 0.0
защищать 0.001 0.854 0.001
пуховике 0.0 2.0 0.0
киевлянами 0.0 2.0 0.0
десяток 0.0 1.699 0.0
госструктур 0.0 1.699 0.0
время 0.003 0.102 0.0
украинскому 0.0 1.398 0.0
защита 0.0 1.097 0.0
ухом 0.0 2.0 0.0
трассы 0.001 1.699 0.002
ту 0.0 0.921 0.0
дробовик 0.001 2.0 0.002
психологической 0.0 2.0 0.0
выглядит 0.001 0.62 0.001
дезинфицирует 0.0 2.0 0.0
работают 0.0 0.553 0.0
покушений 0.0 2.0 0.0
стоит 0.001 0.509 0.001
ранениями 0.0 2.0 0.0
главного 0.0 1.155 0.0
заблаговременном 0.0 2.0 0.0
рекламаmeduza 0.0 0.066 0.0
вид 0.0 1.301 0.0
войне 0.001 0.62 0.001
кирилл 0.001 1.398 0.001
незабываемо 0.0 2.0 0.0
игру 0.0 1.523 0.0
остаются 0.0 1.0 0.0
getty 0.002 0.886 0.002
постоянно 0.001 0.62 0.001
левиев 0.0 2.0 0.0
рады 0.0 1.523 0.0
фссп 0.0 2.0 0.0
капельницей 0.0 2.0 0.0
участник 0.001 1.523 0.002
переворачивает 0.0 2.0 0.0
внутрь 0.0 1.523 0.0
снилась 0.0 2.0 0.0
пола 0.001 1.398 0.001
паузу 0.0 1.523 0.0
прежде 0.0 0.62 0.0
ампулы 0.0 2.0 0.0
звук 0.0 1.301 0.0
быстро 0.0 0.495 0.0
обстреливать 0.001 1.155 0.001
заложены 0.0 1.699 0.0
нести 0.0 1.699 0.0
назад 0.003 0.18 0.001
запасами 0.0 2.0 0.0
закупоривается 0.0 2.0 0.0
первое 0.001 0.921 0.001
взять 0.001 0.959 0.001
скептически 0.0 1.523 0.0
помогли 0.0 1.523 0.0
разглядеть 0.0 2.0 0.0
детьми 0.001 1.301 0.001
компаний 0.0 0.959 0.0
хакера 0.001 2.0 0.002
война 0.002 0.469 0.001
вспоминает 0.003 1.301 0.004
кодекс 0.0 0.066 0.0
загромождены 0.0 2.0 0.0
концертов 0.0 1.523 0.0
также 0.0 0.237 0.0
тир 0.0 2.0 0.0
расположилась 0.0 2.0 0.0
больниц 0.0 1.301 0.0
переполненных 0.0 2.0 0.0
десанта 0.001 1.699 0.002
стариков 0.0 1.398 0.0
google 0.0 1.301 0.0
бетонных 0.0 2.0 0.0
сознании 0.0 1.398 0.0
варю 0.0 2.0 0.0
собеседник 0.001 1.301 0.001
занимает 0.0 1.301 0.0
запрещено 0.0 1.398 0.0
администрации 0.001 1.046 0.001
семья 0.001 1.398 0.001
прим 0.0 1.301 0.0
продюсер 0.0 2.0 0.0
прогуливается 0.0 1.699 0.0
ирпень 0.002 1.222 0.002
прислушивалась 0.0 2.0 0.0
проверенные 0.0 2.0 0.0
счастливый 0.0 2.0 0.0
взбирается 0.0 1.699 0.0
остановили 0.0 1.301 0.0
дефицитными 0.0 2.0 0.0
пор 0.001 0.387 0.0
разлетелись 0.0 1.523 0.0
механизм 0.0 1.222 0.0
тревоги 0.0 1.398 0.0
вконтакте 0.0 0.066 0.0
событиям 0.0 1.523 0.0
медленно 0.0 1.222 0.0
бровары 0.0 1.699 0.0
живет 0.001 0.854 0.001
кубика 0.0 2.0 0.0
далеко 0.0 0.745 0.0
танк 0.001 1.155 0.001
обстреливаемый 0.0 2.0 0.0
выделите 0.0 0.066 0.0
нескольких 0.0 0.699 0.0
богдану 0.0 2.0 0.0
пузырьками 0.0 2.0 0.0
жертвами 0.0 1.523 0.0
йодом 0.0 2.0 0.0
выбить 0.0 2.0 0.0
недели 0.002 0.42 0.001
реагировать 0.001 1.301 0.001
глазом 0.0 1.699 0.0
переоборудованном 0.0 2.0 0.0
забрали 0.0 1.301 0.0
цинандали 0.0 2.0 0.0
департаменту 0.0 2.0 0.0
devops-инженером 0.0 2.0 0.0
пойдет 0.0 1.301 0.0
сайте 0.001 0.886 0.001
тревогу 0.0 1.301 0.0
против 0.001 0.229 0.0
блок 0.0 1.398 0.0
той 0.001 0.62 0.001
великобритании 0.0 0.745 0.0
прорыва 0.001 2.0 0.002
украинскую 0.0 1.301 0.0
еды 0.0 1.097 0.0
проходит 0.0 1.0 0.0
дмитрий 0.0 0.658 0.0
едой 0.0 1.222 0.0
рассуждает 0.001 1.699 0.002
госпитале 0.0 2.0 0.0
вечерняя 0.0 0.066 0.0
вынес 0.0 2.0 0.0
воспитателя/администратора 0.0 2.0 0.0
готовы 0.0 0.678 0.0
будь 0.0 1.398 0.0
молотком 0.0 2.0 0.0
поддержки 0.001 0.066 0.0
плохого 0.0 1.699 0.0
называть 0.001 1.0 0.001
ударов 0.0 1.523 0.0
бомбоубежища 0.001 2.0 0.002
некуда 0.0 1.301 0.0
двумя 0.0 0.678 0.0
асфальту 0.0 2.0 0.0
стал 0.0 0.658 0.0
прилег 0.0 2.0 0.0
российского 0.001 0.62 0.001
первые 0.002 0.585 0.001
машине 0.001 1.523 0.002
окружению 0.0 2.0 0.0
выстрелом 0.0 2.0 0.0
очередного 0.001 1.523 0.002
дня 0.002 0.523 0.001
итоге 0.0 0.62 0.0
palinchak 0.0 2.0 0.0
сквозняки 0.0 2.0 0.0
киберволонтер 0.0 2.0 0.0
большинство 0.0 0.796 0.0
поездке 0.0 2.0 0.0
4-й 0.0 1.699 0.0
мента 0.0 2.0 0.0
событий 0.0 0.921 0.0
найем 0.001 2.0 0.002
британская 0.0 1.398 0.0
станции 0.004 1.155 0.005
покинул 0.0 1.523 0.0
каком 0.0 1.0 0.0
осталось 0.0 1.0 0.0
кучей 0.0 2.0 0.0
остальные 0.0 0.854 0.0
одну 0.0 0.77 0.0
минометный 0.001 2.0 0.002
туда 0.001 0.921 0.001
надел 0.001 2.0 0.002
android 0.0 0.066 0.0
повседневные 0.0 2.0 0.0
вспомню 0.0 2.0 0.0
обнимали 0.0 2.0 0.0
сервисе 0.0 1.699 0.0
возглавляет 0.0 1.523 0.0
захарову 0.0 1.699 0.0
книгами 0.0 2.0 0.0
ехать 0.001 1.523 0.002
особенно 0.001 0.553 0.001
нужна 0.001 0.092 0.0
марта 0.004 0.319 0.001
вокруг 0.001 0.721 0.001
города 0.001 0.638 0.001
чате 0.0 1.398 0.0
немногие 0.0 2.0 0.0
изменили 0.0 1.097 0.0
левому 0.0 1.699 0.0
больница 0.001 1.301 0.001
яппаровой 0.001 1.046 0.001
бабушек 0.0 1.699 0.0
штаб 0.001 1.301 0.001
страдали 0.0 2.0 0.0
составил 0.0 1.523 0.0
сухого 0.001 1.699 0.002
дома 0.001 0.638 0.001
гражданским 0.001 1.523 0.002
силой 0.0 1.301 0.0
присутствовавшие 0.0 2.0 0.0
минобороны 0.001 1.046 0.001
хвастаться 0.0 2.0 0.0
бытовых 0.0 2.0 0.0
красе 0.001 2.0 0.002
координаторов 0.0 2.0 0.0
екатериной 0.0 2.0 0.0
направлением 0.0 1.699 0.0
киеве 0.003 1.0 0.003
силы 0.0 0.796 0.0
кучи 0.0 2.0 0.0
технику 0.0 1.398 0.0
участвуют 0.0 0.959 0.0
ромашками 0.0 2.0 0.0
9-го 0.0 2.0 0.0
уверен 0.0 0.959 0.0
медузе 0.001 0.066 0.0
обороне 0.001 1.523 0.002
запад 0.0 1.523 0.0
объяснить 0.001 0.921 0.001
первый 0.001 0.481 0.0
точно 0.0 0.481 0.0
сказали 0.0 0.959 0.0
везде 0.0 1.046 0.0
медиков 0.0 1.398 0.0
лукьяновская 0.0 2.0 0.0
медузу 0.001 0.066 0.0
родители 0.0 1.097 0.0
обработки 0.0 0.066 0.0
поддаваться 0.0 2.0 0.0
правительственный 0.0 2.0 0.0
стороны 0.001 0.432 0.0
фсб 0.0 1.155 0.0
успел 0.0 0.921 0.0
массовой 0.0 0.097 0.0
госдумы 0.0 1.155 0.0
каждый 0.001 0.509 0.001
толстый 0.0 2.0 0.0
земли 0.0 0.959 0.0
оставленных 0.0 2.0 0.0
тактику 0.0 1.523 0.0
находятся 0.0 0.854 0.0
расстреляют 0.0 2.0 0.0
оказывается 0.0 0.886 0.0
мужчина 0.001 1.523 0.002
краю 0.0 1.523 0.0
приняла 0.0 1.523 0.0
словам 0.0 0.658 0.0
1941-м 0.0 2.0 0.0
медик 0.001 2.0 0.002
центрах 0.0 1.301 0.0
нечаянно 0.0 2.0 0.0
жить 0.0 0.824 0.0
известных 0.0 1.523 0.0
улице 0.0 0.886 0.0
каждом 0.0 1.097 0.0
всему 0.0 0.699 0.0
минуты 0.0 1.097 0.0
дверь 0.0 1.222 0.0
плечо 0.0 2.0 0.0
слышен 0.0 2.0 0.0
поиграли 0.0 2.0 0.0
бабусю 0.0 2.0 0.0
трудом 0.0 1.222 0.0
стадионный 0.0 2.0 0.0
дедушка… 0.0 2.0 0.0
бомбовый 0.0 2.0 0.0
вывеску 0.0 2.0 0.0
поддоны 0.0 2.0 0.0
действиях 0.0 1.155 0.0
обложились 0.0 2.0 0.0
сейфов 0.0 2.0 0.0
осмотра 0.0 2.0 0.0
многих 0.0 0.658 0.0
путин 0.0 0.658 0.0
удар 0.001 0.886 0.001
помогают 0.0 0.886 0.0
сплю 0.0 2.0 0.0
оторочкой 0.0 2.0 0.0
васильчук 0.003 2.0 0.006
пароли 0.0 2.0 0.0
ходили 0.0 1.699 0.0
блокпостах 0.0 2.0 0.0
свешивает 0.0 2.0 0.0
приближающийся 0.0 2.0 0.0
здания 0.001 1.097 0.001
пуховика 0.0 2.0 0.0
прошил 0.0 2.0 0.0
лежать 0.0 1.699 0.0
тканям 0.0 2.0 0.0
закрывается 0.0 1.523 0.0
взрыва 0.0 1.301 0.0
приручили 0.0 2.0 0.0
мощный 0.0 1.523 0.0
делать 0.0 0.276 0.0
оказаться 0.0 0.796 0.0
придут 0.0 1.523 0.0
реклама 0.001 0.066 0.0
русском 0.0 1.097 0.0
докопали 0.0 2.0 0.0
поделились 0.0 1.523 0.0
слышите 0.0 1.699 0.0
плохо 0.0 0.569 0.0
финсектора 0.0 2.0 0.0
польшу 0.0 1.301 0.0
украли 0.0 2.0 0.0
войска 0.001 0.721 0.001
рынок 0.0 0.921 0.0
мать 0.001 1.398 0.001
собраться 0.0 1.699 0.0
центру 0.0 1.398 0.0
следующий 0.0 0.796 0.0
осаде 0.001 0.854 0.001
россии 0.001 0.119 0.0
помогает 0.0 0.77 0.0
окон 0.001 1.699 0.002
агента 0.001 0.097 0.0
пять 0.0 0.509 0.0
алгоритмом 0.0 2.0 0.0
июне 0.0 1.097 0.0
подвал 0.0 1.523 0.0
александра 0.001 1.155 0.001
другую 0.0 0.959 0.0
попрощался 0.0 2.0 0.0
окаменелые 0.0 2.0 0.0
инструкциям 0.001 2.0 0.002
тамара 0.001 2.0 0.002
туалет 0.0 1.523 0.0
наша 0.001 0.77 0.001
родителям 0.0 1.398 0.0
русские 0.0 1.046 0.0
объяснял 0.0 1.523 0.0
трон 0.0 2.0 0.0
министерства 0.0 1.155 0.0
подвергнувшихся 0.0 2.0 0.0
постепенно 0.0 1.222 0.0
трудно 0.0 0.824 0.0
здании 0.001 1.523 0.002
ася 0.001 2.0 0.002
заперт 0.0 2.0 0.0
машина… 0.0 2.0 0.0
невооруженным 0.0 1.699 0.0
воздушной 0.0 1.699 0.0
очереди 0.001 1.046 0.001
пошли 0.001 1.523 0.002
вторжения 0.0 0.77 0.0
мир 0.001 0.553 0.001
уехала 0.0 1.301 0.0
помнит 0.0 2.0 0.0
снов 0.0 2.0 0.0
сойти 0.0 1.699 0.0
бывший 0.0 0.921 0.0
майонезом 0.0 2.0 0.0
справиться 0.001 1.222 0.001
читателейнам 0.0 0.174 0.0
роскосмос 0.0 1.699 0.0
выбежали 0.0 2.0 0.0
познакомились 0.001 1.699 0.002
беспокоиться 0.0 1.699 0.0
пешеходные 0.0 2.0 0.0
страны 0.0 0.444 0.0
сервер 0.0 2.0 0.0
дарьей 0.0 1.699 0.0
отказался 0.0 1.155 0.0
удалось 0.001 0.523 0.001
десятки 0.0 0.745 0.0
приводят 0.0 1.222 0.0
ищут 0.0 1.523 0.0
техподдержка 0.001 2.0 0.002
спасите 0.0 2.0 0.0
успели 0.001 1.097 0.001
панике 0.001 1.699 0.002
порядку 0.0 0.066 0.0
машин 0.0 1.301 0.0
успокойся 0.0 2.0 0.0
силуэт 0.0 2.0 0.0
попала 0.001 1.301 0.001
сотру 0.0 2.0 0.0
работает 0.001 0.367 0.0
массы 0.0 1.301 0.0
ночью 0.001 1.301 0.001
администраций 0.0 1.523 0.0
понимают 0.0 1.097 0.0
закончился 0.0 1.222 0.0
забежали 0.0 2.0 0.0
самые 0.0 0.602 0.0
серьезная 0.0 1.398 0.0
берег 0.001 2.0 0.002
лиса 0.001 2.0 0.002
самый 0.001 0.721 0.001
спирта 0.0 1.699 0.0
баннер 0.0 1.699 0.0
шел 0.001 1.523 0.002
уверенности 0.0 1.301 0.0
потолку 0.0 1.699 0.0
провести 0.001 0.745 0.001
соответствующий 0.0 1.523 0.0
сколько 0.0 0.585 0.0
окна 0.0 0.959 0.0
пятку 0.001 2.0 0.002
офицер 0.0 1.699 0.0
транслируют 0.0 1.699 0.0
хакер-нацист 0.001 2.0 0.002
фляжка 0.0 2.0 0.0
промзоне 0.0 1.699 0.0
рождена 0.0 2.0 0.0
российской 0.001 0.432 0.0
русский 0.0 1.398 0.0
оставаться 0.0 0.921 0.0
старались 0.0 1.523 0.0
настоящие 0.0 1.523 0.0
лес 0.0 1.523 0.0
уличные 0.0 1.699 0.0
пришедший 0.0 2.0 0.0
выпущенной 0.0 1.699 0.0
спит 0.001 1.523 0.002
одному 0.001 0.921 0.001
запастись 0.001 2.0 0.002
могут 0.001 0.187 0.0
обнять 0.0 2.0 0.0
день 0.004 0.328 0.001
балкона 0.0 2.0 0.0
128-го 0.0 2.0 0.0
должно 0.0 0.658 0.0
гру 0.0 2.0 0.0
conflict 0.0 1.523 0.0
госуслугам 0.0 2.0 0.0
рыбка 0.0 2.0 0.0
мальчик 0.0 1.398 0.0
непонятные 0.0 2.0 0.0
долго 0.001 0.745 0.001
кровати 0.001 1.699 0.002
yam 0.001 1.398 0.001
найти 0.0 0.602 0.0
готовятся 0.001 1.699 0.002
работать 0.001 0.409 0.0
видеозвонков 0.0 2.0 0.0
человеком 0.0 1.155 0.0
пошел 0.0 1.097 0.0
йода 0.0 1.699 0.0
первую 0.001 0.638 0.001
зала 0.0 2.0 0.0
километрах 0.0 1.301 0.0
руслан 0.0 2.0 0.0
объясняет 0.003 0.658 0.002
медпункте 0.0 2.0 0.0
заметках 0.0 2.0 0.0
сотый 0.0 2.0 0.0
поручнях 0.0 2.0 0.0
любопытные 0.0 2.0 0.0
роман 0.001 1.523 0.002
слишком 0.0 0.553 0.0
школы 0.0 0.886 0.0
полгода 0.0 0.886 0.0
столько 0.001 0.921 0.001
минералки 0.0 2.0 0.0
количество 0.0 0.62 0.0
трубки 0.0 2.0 0.0
впечатлительный 0.0 2.0 0.0
выпуском 0.0 2.0 0.0
мама 0.001 1.0 0.001
ударить 0.0 1.699 0.0
разу 0.0 1.398 0.0
сметана 0.0 2.0 0.0
челюсть 0.0 2.0 0.0
ознакомиться 0.0 1.699 0.0
сколько-то 0.0 2.0 0.0
спешке 0.0 2.0 0.0
д. 0.0 1.0 0.0
башни 0.0 1.699 0.0
мало 0.001 0.538 0.001
ощущения 0.0 1.301 0.0
стало 0.001 0.481 0.0
убегает 0.0 2.0 0.0
киевлянин 0.001 2.0 0.002
часа 0.001 0.77 0.001
дислокации 0.0 2.0 0.0
тишина 0.001 1.699 0.002
images 0.002 0.796 0.002
чертовой 0.0 2.0 0.0
чувствовал 0.0 2.0 0.0
привычки 0.0 2.0 0.0
оттуда 0.001 1.097 0.001
вода 0.0 1.222 0.0
случае 0.001 0.357 0.0
асей 0.0 2.0 0.0
одеяле 0.0 2.0 0.0
чувство 0.0 1.301 0.0
лилия 0.001 1.699 0.002
само 0.0 0.921 0.0
колготки 0.0 2.0 0.0
поезда 0.0 1.398 0.0
иностранным 0.0 0.097 0.0
боец 0.0 2.0 0.0
винницу 0.0 2.0 0.0
повезло 0.001 0.921 0.001
делают 0.0 0.745 0.0
вора 0.0 2.0 0.0
ездят 0.0 2.0 0.0
например 0.001 0.229 0.0
спешит 0.0 2.0 0.0
станция 0.001 1.523 0.002
накопленным 0.0 1.699 0.0
военную 0.0 1.046 0.0
остановит 0.0 1.699 0.0
выносили 0.0 2.0 0.0
голом 0.0 2.0 0.0
что-то 0.001 0.569 0.001
услышав 0.0 1.699 0.0
февраля 0.003 0.387 0.001
запустили 0.0 1.523 0.0
пару 0.0 0.77 0.0
направление 0.0 1.699 0.0
заходим 0.0 2.0 0.0
пользоваться 0.0 1.046 0.0
всей 0.001 0.699 0.001
добраться 0.0 1.523 0.0
разместившаяся 0.0 2.0 0.0
получили 0.0 0.745 0.0
куртки 0.0 1.523 0.0
жизнь 0.0 0.538 0.0
наклеен 0.0 2.0 0.0
всу 0.0 1.699 0.0
машину 0.0 1.398 0.0
левую 0.0 1.699 0.0
поддержите 0.0 0.102 0.0
красиво 0.0 1.699 0.0
столицы 0.001 1.222 0.001
думаю 0.0 0.721 0.0
перенесли 0.0 1.699 0.0
серого 0.0 2.0 0.0
напрягает 0.0 1.699 0.0
вижу 0.0 0.745 0.0
появлялись 0.0 1.301 0.0
военнослужащий 0.0 2.0 0.0
нарушал 0.0 2.0 0.0
хочется 0.0 0.921 0.0
воды 0.001 0.745 0.001
санитар 0.001 2.0 0.002
бумажными 0.0 2.0 0.0
присоединился 0.0 1.699 0.0
никого 0.0 1.097 0.0
гудением 0.0 2.0 0.0
устраивает 0.0 1.046 0.0
anonymous 0.0 1.398 0.0
чья 0.0 2.0 0.0
вашего 0.0 1.046 0.0
утро 0.0 1.301 0.0
организующего 0.0 2.0 0.0
anastasia 0.001 2.0 0.002
сын 0.001 1.097 0.001
лужайке 0.0 2.0 0.0
блокпосту 0.0 1.699 0.0
наталья 0.002 1.097 0.002
лет 0.0 0.252 0.0
лестничные 0.0 2.0 0.0
детской 0.0 1.222 0.0
зеленый 0.0 1.398 0.0
российскому 0.001 1.097 0.001
западную 0.0 1.398 0.0
сделаем 0.0 2.0 0.0
покрывалом 0.0 2.0 0.0
повреждения 0.0 1.699 0.0
тополя 0.002 2.0 0.004
вагонов 0.0 2.0 0.0
цеплять 0.0 2.0 0.0
vac-система 0.0 2.0 0.0
обитателей 0.0 1.699 0.0
кричит 0.0 1.699 0.0
meet 0.0 1.523 0.0
данные 0.0 0.066 0.0
настойчивы 0.0 2.0 0.0
педагогические 0.0 1.699 0.0
взлом 0.0 2.0 0.0
варвары 0.0 2.0 0.0
ползем 0.0 2.0 0.0
зашивать 0.0 2.0 0.0
белье 0.0 1.699 0.0
окно 0.0 1.398 0.0
справа 0.0 1.301 0.0
жолудь 0.0 2.0 0.0
киев 0.002 0.77 0.002
автоматчиков 0.0 2.0 0.0
кашляет 0.0 2.0 0.0
заходит 0.0 2.0 0.0
фсин 0.0 2.0 0.0
сумка 0.0 1.523 0.0
сирены 0.001 1.523 0.002
эсэмэски 0.0 2.0 0.0
похож 0.0 1.398 0.0
помогал 0.0 1.398 0.0
кольца 0.0 2.0 0.0
взрослых 0.0 1.301 0.0
продолжает 0.001 0.658 0.001
имени 0.0 0.796 0.0
пользы 0.0 1.523 0.0
хватает 0.001 1.046 0.001
бронежилет 0.0 2.0 0.0
больничную 0.0 2.0 0.0
бюстом 0.001 2.0 0.002
битва 0.0 1.523 0.0
кампании 0.0 0.854 0.0
смотришь 0.0 1.699 0.0
зарывшись 0.0 2.0 0.0
палату 0.001 2.0 0.002
выжженной 0.0 2.0 0.0
рентгеновских 0.0 1.523 0.0
новичков 0.0 2.0 0.0
хактивист 0.001 2.0 0.002
попытались 0.0 1.155 0.0
девушки 0.001 1.523 0.002
никто 0.001 0.523 0.001
мосту 0.0 1.699 0.0
половина 0.0 1.301 0.0
непрерывные 0.0 2.0 0.0
василем 0.0 2.0 0.0
помещения 0.0 2.0 0.0
тысяч 0.0 0.337 0.0
голову 0.001 1.398 0.001
кафедре 0.0 2.0 0.0
обыкновенные 0.0 2.0 0.0
схемы 0.0 1.523 0.0
землей 0.0 1.523 0.0
пейзажную 0.0 2.0 0.0
языке 0.0 1.222 0.0
никакого 0.0 0.824 0.0
утру 0.0 2.0 0.0
сведению 0.0 2.0 0.0
угрозу 0.0 1.398 0.0
сношу 0.0 2.0 0.0
скором 0.0 1.523 0.0
рядом 0.001 0.854 0.001
комната 0.0 1.699 0.0
ненавижу 0.0 1.699 0.0
хоронят 0.001 1.155 0.001
вывоз 0.0 2.0 0.0
многократные 0.0 2.0 0.0
заставлены 0.0 1.699 0.0
слушая 0.0 2.0 0.0
полотенца 0.0 2.0 0.0
спецкора 0.001 1.046 0.001
гемодиализе 0.0 2.0 0.0
выбьют 0.0 2.0 0.0
российскими 0.0 0.854 0.0
вискарика 0.0 2.0 0.0
электричества 0.001 1.0 0.001
видела 0.0 0.959 0.0
ранение 0.0 1.523 0.0
источник 0.0 0.174 0.0
состав 0.0 0.959 0.0
повреждениям 0.0 2.0 0.0
русской 0.0 1.222 0.0
“ 0.008 0.432 0.003
насчитывает 0.0 2.0 0.0
хочу 0.0 0.137 0.0
крест 0.0 1.699 0.0
освещенные 0.0 2.0 0.0
архив 0.001 1.699 0.002
рассказывает 0.002 0.569 0.001
блоков 0.0 2.0 0.0
четко 0.0 1.0 0.0
качели 0.0 2.0 0.0
могилах 0.001 1.155 0.001
коллекционного 0.0 2.0 0.0
обшивке 0.0 2.0 0.0
украинского 0.0 0.959 0.0
давление 0.0 1.0 0.0
находится 0.0 0.678 0.0
слова 0.001 0.678 0.001
киевской 0.0 1.398 0.0
накануне 0.0 1.046 0.0
ко 0.001 0.745 0.001
будем 0.001 0.886 0.001
постоять 0.0 2.0 0.0
остались 0.001 0.921 0.001
снайпера 0.001 2.0 0.002
правила 0.0 0.066 0.0
мандраж 0.0 2.0 0.0
пригородные 0.0 2.0 0.0
восстанавливаться 0.0 2.0 0.0
введением 0.001 1.301 0.001
неузнаваемости 0.0 2.0 0.0
независимых 0.0 1.046 0.0
находиться 0.0 1.301 0.0
разведки 0.0 1.699 0.0
мелкое 0.0 2.0 0.0
играют 0.0 1.699 0.0
куче 0.0 2.0 0.0
сказать 0.0 0.495 0.0
стоянку 0.0 2.0 0.0
стол 0.0 1.398 0.0
сайты 0.001 1.398 0.001
боевой 0.0 1.523 0.0
© 0.0 0.0 0.0
вражеских 0.0 2.0 0.0
равно 0.0 0.638 0.0
данных 0.001 0.481 0.0
информируем 0.0 2.0 0.0
карты 0.001 1.699 0.002
интернет 0.0 1.097 0.0
флагом 0.0 1.523 0.0
бойцов 0.001 1.523 0.002
попало 0.0 1.097 0.0
тероборону 0.0 1.699 0.0
женщин 0.001 1.155 0.001
правой 0.001 1.523 0.002
начинаются 0.0 1.222 0.0
полицейские 0.0 1.222 0.0
пристально 0.0 1.699 0.0
телеграм-каналов 0.0 1.523 0.0
скульптура 0.0 2.0 0.0
перрона 0.0 2.0 0.0
помню 0.0 1.155 0.0
мирное 0.0 1.301 0.0
бухало 0.0 2.0 0.0
аж 0.0 1.699 0.0
поверхность 0.0 1.523 0.0
сумятица 0.0 2.0 0.0
жгутиком 0.0 2.0 0.0
звуков 0.001 1.301 0.001
зебры 0.0 2.0 0.0
посыпались 0.0 2.0 0.0
сильно 0.0 0.509 0.0
ход 0.0 1.523 0.0
включать 0.0 1.523 0.0
помощь 0.0 0.097 0.0
женщина 0.0 1.222 0.0
ветра 0.0 1.699 0.0
ознакомить 0.0 2.0 0.0
кому-то 0.0 1.046 0.0
самую 0.0 1.699 0.0
базе 0.0 1.155 0.0
страну 0.0 0.796 0.0
войны 0.007 0.42 0.003
застрял 0.0 1.699 0.0
больнице 0.0 0.886 0.0
подоконники 0.0 2.0 0.0
места 0.001 0.886 0.001
отсюда 0.0 1.097 0.0
школе 0.0 1.301 0.0
кэшаута 0.0 2.0 0.0
прогулки 0.0 2.0 0.0
около 0.0 0.432 0.0
братских 0.001 1.155 0.001
облака 0.0 2.0 0.0
навсегда 0.001 0.854 0.001
собственный 0.0 1.301 0.0
попадались 0.0 2.0 0.0
отмечают 0.0 1.222 0.0
команд 0.0 2.0 0.0
шубки 0.001 2.0 0.002
пожилая 0.0 2.0 0.0
самое 0.0 0.638 0.0
натальи 0.0 1.699 0.0
поднимаю 0.001 2.0 0.002
смеется 0.0 1.523 0.0
выбили 0.0 1.699 0.0
обошлось 0.0 1.523 0.0
тяжелом 0.0 1.398 0.0
удивился 0.0 2.0 0.0
работники 0.0 1.222 0.0
запах 0.001 1.699 0.002
покидая 0.0 1.699 0.0
делай 0.0 2.0 0.0
местные 0.0 0.959 0.0
т 0.0 1.222 0.0
объекты 0.001 1.155 0.001
здание 0.001 1.097 0.001
тарас 0.001 2.0 0.002
всем 0.0 0.252 0.0
километров 0.0 1.155 0.0
те 0.001 0.357 0.0
оно 0.0 0.444 0.0
выехать 0.0 1.301 0.0
поймал 0.0 2.0 0.0
происходит 0.002 0.387 0.001
пятое 0.0 1.699 0.0
эвакуации 0.001 1.398 0.001
комплекс 0.0 1.398 0.0
футболку 0.0 1.699 0.0
пути 0.001 1.0 0.001
варвара 0.002 1.699 0.003
lightrocket 0.0 1.699 0.0
транспорт 0.0 1.222 0.0
оценили 0.0 1.301 0.0
недавнюю 0.0 2.0 0.0
специальная 0.0 1.523 0.0
гаражи 0.0 2.0 0.0
медпункт 0.001 2.0 0.002
собственные 0.0 1.046 0.0
ними 0.001 0.585 0.001
самого 0.0 0.77 0.0
районе 0.0 0.886 0.0
перевод 0.0 1.523 0.0
методы 0.0 1.301 0.0
сервера 0.001 2.0 0.002
фляжку 0.0 2.0 0.0
кусках 0.0 2.0 0.0
событием 0.0 1.523 0.0
вернулись 0.0 1.523 0.0
сигналит 0.0 2.0 0.0
живут 0.0 0.886 0.0
куражатся 0.0 2.0 0.0
кто-то 0.001 0.602 0.001
стояла 0.0 1.398 0.0
приготовили 0.0 1.699 0.0
спокойствие 0.0 1.699 0.0
лозунги 0.0 1.523 0.0
понимаю 0.001 0.796 0.001
возникнуть 0.0 1.155 0.0
больно 0.0 1.398 0.0
лекарств 0.001 0.824 0.001
ядерный 0.0 2.0 0.0
звезды 0.0 1.699 0.0
разговор 0.001 1.222 0.001
движение 0.0 1.222 0.0
показывать 0.001 0.066 0.0
поверхности 0.0 1.301 0.0
пытаемся 0.001 1.699 0.002
twitter 0.0 0.0 0.0
онкологическими 0.0 2.0 0.0
бедре 0.0 2.0 0.0
брошенным 0.0 2.0 0.0
подумала 0.0 1.398 0.0
тарелки 0.0 2.0 0.0
платформы 0.001 0.066 0.0
куски 0.0 1.523 0.0
выезжали 0.0 1.398 0.0
деревянные 0.0 2.0 0.0
игрального 0.0 2.0 0.0
бутылками 0.0 1.699 0.0
наверное 0.002 0.921 0.002
дробовиком 0.0 1.699 0.0
моментально 0.0 2.0 0.0
ленточных 0.0 2.0 0.0
бетонными 0.0 2.0 0.0
которые 0.003 0.119 0.0
участие 0.0 0.959 0.0
стреляли 0.0 1.523 0.0
meduza 0.001 0.0 0.0
узнаешь 0.0 2.0 0.0
исчезли 0.0 2.0 0.0
богу 0.0 1.699 0.0
дорогу 0.001 1.398 0.001
мешал 0.0 2.0 0.0
останавливаются 0.0 1.699 0.0
месиво 0.0 2.0 0.0
отправляются 0.0 1.523 0.0
следовать 0.001 1.523 0.002
ломиться 0.0 2.0 0.0
зайти 0.0 1.398 0.0
убедившись 0.0 2.0 0.0
внимание 0.0 0.658 0.0
фонариком 0.0 2.0 0.0
комендантского 0.001 2.0 0.002
самая 0.0 0.854 0.0
училась 0.0 1.301 0.0
паспортом 0.0 2.0 0.0
цифровому 0.0 2.0 0.0
вещи 0.0 0.796 0.0
зазвенело 0.0 2.0 0.0
дмитрия 0.0 1.222 0.0
горит 0.0 1.523 0.0
домашних 0.0 1.301 0.0
из-за 0.0 0.229 0.0
начинающихся 0.0 2.0 0.0
быстрее 0.0 0.886 0.0
корреспондент 0.002 1.301 0.003
образовательного 0.0 2.0 0.0
охотно 0.0 1.699 0.0
плотными 0.0 2.0 0.0
ждем 0.0 1.301 0.0
какую-то 0.0 1.097 0.0
вечность 0.0 2.0 0.0
помещении 0.0 0.959 0.0
нашим 0.0 1.155 0.0
каморка 0.0 2.0 0.0
доме 0.001 1.097 0.001
почте 0.0 1.699 0.0
страна 0.001 0.796 0.001
действий 0.001 0.699 0.001
значит 0.0 0.444 0.0
ником 0.0 1.699 0.0
ближе 0.0 1.046 0.0
рассылал 0.0 2.0 0.0
спали 0.0 1.398 0.0
ночи 0.0 1.222 0.0
ирпеня 0.0 1.523 0.0
гифки 0.0 0.066 0.0
обжитое 0.0 2.0 0.0
украинские 0.001 0.886 0.001
адекватно 0.0 1.699 0.0
районом 0.0 2.0 0.0
кресла 0.0 1.699 0.0
северо-западе 0.0 1.699 0.0
людей 0.001 0.161 0.0
заглядывал 0.0 2.0 0.0
блокпостов 0.0 1.699 0.0
говорит 0.003 0.409 0.001
киевлянка 0.0 2.0 0.0
масштабы 0.0 1.699 0.0
нервничают 0.0 2.0 0.0
пустующие 0.0 2.0 0.0
главных 0.0 0.678 0.0
провела 0.0 1.699 0.0
курагой 0.0 2.0 0.0
поручили 0.0 1.699 0.0
глубокие 0.0 2.0 0.0
протяжении 0.0 1.398 0.0
бутылках 0.0 2.0 0.0
лис 0.003 2.0 0.006
производства 0.0 0.77 0.0
занятом 0.0 1.523 0.0
приходил 0.0 1.699 0.0
фронте 0.001 2.0 0.002
лаяла 0.0 2.0 0.0
осколков 0.0 2.0 0.0
столбы 0.0 2.0 0.0
реальный 0.0 1.523 0.0
который 0.003 0.194 0.001
анонимно 0.0 0.066 0.0
второй 0.001 0.42 0.0
вестибюле 0.0 2.0 0.0
спутниковым 0.0 2.0 0.0
ваша 0.001 0.102 0.0
готова 0.0 1.155 0.0
интервью 0.001 0.745 0.001
аналитик 0.0 2.0 0.0
эскалаторы 0.0 2.0 0.0
йогурт 0.0 2.0 0.0
спасибо 0.001 1.222 0.001
сразу 0.001 0.553 0.001
куки 0.0 0.066 0.0
минут 0.001 0.854 0.001
украинским 0.0 1.155 0.0
ехавший 0.0 2.0 0.0
парк 0.0 1.699 0.0
использование 0.0 0.066 0.0
роты 0.001 2.0 0.002
местного 0.0 1.097 0.0
пытаясь 0.0 1.523 0.0
глубоко 0.0 1.398 0.0
играть 0.001 1.398 0.001
сижу 0.0 1.398 0.0
видны 0.001 1.699 0.002
стаканчиками 0.0 2.0 0.0
лежали 0.001 1.523 0.002
казино 0.0 2.0 0.0
ответе 0.0 1.699 0.0
года 0.003 0.167 0.001
проснулся 0.0 1.523 0.0
десятилетним 0.0 2.0 0.0
пустой 0.0 1.699 0.0
en 0.0 0.066 0.0
плит 0.0 2.0 0.0
проводить 0.0 0.824 0.0
откидывает 0.0 2.0 0.0
смотрит 0.0 1.699 0.0
шелест 0.0 2.0 0.0
внимания 0.0 1.0 0.0
рассыпаются 0.0 2.0 0.0
бушлате 0.0 2.0 0.0
бабушка 0.001 1.155 0.001
мэтч 0.0 2.0 0.0
начали 0.001 0.481 0.0
зданием 0.0 2.0 0.0
этаже 0.0 1.523 0.0
украина 0.001 0.699 0.001
фирму 0.0 2.0 0.0
пуля 0.0 2.0 0.0
насколько 0.0 0.42 0.0
выросло 0.0 2.0 0.0
слушают 0.0 1.398 0.0
прятался 0.0 1.699 0.0
охватывать 0.0 2.0 0.0
будут 0.001 0.301 0.0
человека 0.001 0.328 0.0
положили 0.0 1.699 0.0
коридоры 0.0 1.301 0.0
водохранилище 0.0 2.0 0.0
свидание 0.001 2.0 0.002
зеленского 0.001 1.0 0.001
патронов 0.0 2.0 0.0
территориальной 0.0 1.222 0.0
тараса 0.0 2.0 0.0
посторонних 0.0 1.523 0.0
s34f0x 0.001 2.0 0.002
подготовить 0.0 1.523 0.0
войну 0.001 0.638 0.001
учебном 0.0 2.0 0.0
капельницу 0.001 2.0 0.002
свой 0.0 0.585 0.0
молотова 0.0 1.699 0.0
крайней 0.001 0.721 0.001
наталье 0.0 2.0 0.0
наконец-то 0.0 1.222 0.0
многоэтажки 0.0 1.523 0.0
группировкой 0.0 2.0 0.0
горького 0.001 1.699 0.002
полностью 0.001 0.538 0.001
мешками 0.001 2.0 0.002
продолжили 0.0 1.699 0.0
сообщала 0.0 1.398 0.0
никакой 0.0 0.854 0.0
выдержать 0.0 1.699 0.0
sopa 0.0 1.523 0.0
одно 0.0 0.699 0.0
признается 0.0 1.699 0.0
телефон 0.0 1.301 0.0
пускают 0.0 1.523 0.0
тренинг 0.0 2.0 0.0
которой 0.0 0.377 0.0
гитара 0.0 2.0 0.0
мариуполе 0.001 0.824 0.001
s34f00x 0.0 2.0 0.0
вообще 0.002 0.066 0.0
мышцы 0.0 1.699 0.0
третий 0.0 0.921 0.0
крупнейший 0.0 1.398 0.0
учебы 0.0 1.699 0.0
обитатели 0.001 2.0 0.002
сказал 0.0 0.77 0.0
посреди 0.0 1.398 0.0
ведомств 0.0 1.523 0.0
прорваться 0.0 1.699 0.0
халат 0.0 1.699 0.0
ограждений 0.0 2.0 0.0
узнал 0.001 0.921 0.001
метро 0.003 1.222 0.004
куча 0.0 1.222 0.0
парковочного 0.0 2.0 0.0
возможным 0.0 1.523 0.0
эвакуацией 0.0 2.0 0.0
матерью 0.0 1.398 0.0
дрожишь 0.0 2.0 0.0
лежат 0.0 1.222 0.0
завода 0.0 1.699 0.0
дорогое 0.0 1.699 0.0
основатель 0.0 1.523 0.0
los 0.001 1.301 0.001
откуда 0.001 1.046 0.001
помочь 0.0 0.131 0.0
скорее 0.0 0.509 0.0
поводов 0.0 1.523 0.0
понимаешь 0.0 1.398 0.0
расставлены 0.001 2.0 0.002
трястись 0.0 2.0 0.0
держаться 0.0 1.398 0.0
город 0.003 0.699 0.002
семафор 0.0 2.0 0.0
чистить 0.0 1.699 0.0
оказалась 0.001 0.796 0.001
лично 0.001 0.959 0.001
противостояние 0.0 2.0 0.0
кухни 0.0 1.699 0.0
массажный 0.0 2.0 0.0
продвигаться 0.0 2.0 0.0
возникновения 0.0 1.046 0.0
дым 0.0 1.398 0.0
попадал 0.0 2.0 0.0
терабайты 0.001 2.0 0.002
вадим 0.002 2.0 0.004
встретились 0.0 2.0 0.0
поднимается 0.0 2.0 0.0
сказала 0.0 1.155 0.0
юноша 0.0 2.0 0.0
ехала 0.0 2.0 0.0
тиндере 0.001 2.0 0.002
говоришь 0.0 2.0 0.0
головы 0.0 1.301 0.0
молодого 0.0 1.699 0.0
организации 0.0 0.658 0.0
центре 0.001 0.886 0.001
свои 0.0 0.481 0.0
сми 0.0 0.602 0.0
медикаментов 0.0 1.398 0.0
выступления 0.0 1.046 0.0
которое 0.001 0.337 0.0
жизни 0.0 0.432 0.0
новостиисторииразборшапитокоронавирусмагаз 0.0 0.066 0.0
пиаром 0.0 1.699 0.0
обычно 0.0 0.523 0.0
куда-то 0.0 1.222 0.0
десять 0.0 0.824 0.0
рукой 0.0 1.699 0.0
поддонов 0.0 2.0 0.0
уточняет 0.0 1.699 0.0
должны 0.001 0.432 0.0
издалека 0.0 1.699 0.0
белые 0.0 1.523 0.0
мою 0.0 1.301 0.0
атаковавшие 0.0 2.0 0.0
попадут 0.0 1.699 0.0
камеру 0.0 1.523 0.0
сидит 0.0 1.155 0.0
ракеты 0.0 1.097 0.0
которая 0.002 0.301 0.001
описать 0.0 1.301 0.0
нету 0.0 1.699 0.0
вчера 0.001 1.222 0.001
глаз 0.0 1.523 0.0
хлебозаводы 0.0 2.0 0.0
выполняющим 0.001 0.097 0.0
подняться 0.0 1.699 0.0
ошибку 0.0 0.066 0.0
девочка 0.001 1.301 0.001
паркинг 0.001 2.0 0.002
турков 0.0 1.699 0.0
утечек 0.0 2.0 0.0
рекомендациям 0.0 1.398 0.0
оглушает 0.0 2.0 0.0
горожан 0.0 1.523 0.0
опечатки 0.0 1.699 0.0
организованный 0.0 2.0 0.0
компании 0.001 0.523 0.001
жена 0.001 1.398 0.001
оставшиеся 0.0 1.301 0.0
mcgrath 0.0 2.0 0.0
указывает 0.001 1.301 0.001
крупнейших 0.0 1.222 0.0
сделали 0.001 0.886 0.001
ушла 0.0 1.523 0.0
автоматизирует 0.0 2.0 0.0
чекпойнт 0.0 2.0 0.0
серверов 0.0 2.0 0.0
приложение 0.0 1.301 0.0
дальнейшей 0.0 1.523 0.0
окружить 0.001 1.398 0.001
злобный 0.001 2.0 0.002
фирмы 0.0 1.523 0.0
режутся 0.0 2.0 0.0
украинский 0.001 0.959 0.001
украшен 0.0 2.0 0.0
украинской 0.001 1.155 0.001
возникновении 0.0 1.699 0.0
intelligence 0.0 1.301 0.0
солист 0.001 1.523 0.002
герметичная 0.0 2.0 0.0
объясняя 0.0 1.301 0.0
выпадает 0.0 2.0 0.0
совершили 0.0 1.699 0.0
деле 0.001 0.553 0.001
эвакуироваться 0.0 1.523 0.0
терабайта 0.0 2.0 0.0
человечка 0.001 2.0 0.002
корреспонденту 0.001 1.398 0.001
военных 0.0 0.699 0.0
блокады 0.0 1.523 0.0
отчетливо 0.0 2.0 0.0
меховой 0.0 2.0 0.0
идет 0.001 0.367 0.0
гермозатвор 0.001 2.0 0.002
делал 0.0 1.222 0.0
спустилась 0.0 2.0 0.0
материал 0.0 0.086 0.0
большой 0.0 0.569 0.0
горели 0.0 1.699 0.0
обычная 0.0 1.155 0.0
знаете 0.0 0.796 0.0
защите 0.0 1.155 0.0
таким 0.0 0.658 0.0
рюкзак 0.0 1.523 0.0
забрать 0.001 1.398 0.001
обстрел 0.001 1.046 0.001
дыхания 0.0 1.523 0.0
волонтерского 0.0 2.0 0.0
краеведческих 0.0 2.0 0.0
холме 0.0 2.0 0.0
поставили 0.0 1.523 0.0
перегруппировалсь 0.0 2.0 0.0
весны 0.0 1.301 0.0
сходя 0.0 2.0 0.0
ежи 0.001 1.699 0.002
красный 0.001 1.523 0.002
российская 0.0 0.658 0.0
эмоции 0.0 1.301 0.0
маси 0.0 2.0 0.0
оксана 0.001 2.0 0.002
тяжело 0.001 0.796 0.001
оранжевые 0.0 2.0 0.0
гражданской 0.001 1.523 0.002
черный 0.0 1.301 0.0
поднимаясь 0.0 2.0 0.0
полчаса 0.0 1.301 0.0
иметь 0.0 0.824 0.0
остального 0.0 1.301 0.0
гуманитаркой 0.0 2.0 0.0
медицинский 0.0 1.523 0.0
моей 0.001 1.0 0.001
отслеживающий 0.0 2.0 0.0
умерла 0.0 1.097 0.0
пытается 0.001 0.921 0.001
нанесенных 0.0 2.0 0.0
снижают 0.0 1.523 0.0
неделю 0.001 0.721 0.001
спустимся 0.001 2.0 0.002
расчищали 0.0 2.0 0.0
казалось 0.0 0.886 0.0
рекламный 0.0 2.0 0.0
черные 0.0 1.699 0.0
снова 0.0 0.678 0.0
безопасности 0.001 0.481 0.0
деревянных 0.0 2.0 0.0
шины 0.0 2.0 0.0
экономист 0.0 1.046 0.0
поделиться 0.0 1.699 0.0
помогло 0.0 1.398 0.0
сухим 0.0 1.699 0.0
садов 0.0 2.0 0.0
следом 0.0 1.398 0.0
завел 0.0 2.0 0.0
передо 0.0 2.0 0.0
ходил 0.001 1.301 0.001
провели 0.0 1.222 0.0
поезд 0.0 1.301 0.0
ломать 0.0 1.699 0.0
расписание 0.0 2.0 0.0
напился 0.0 2.0 0.0
взрывах 0.001 2.0 0.002
шестилетними 0.0 2.0 0.0
снимках 0.0 2.0 0.0
диверсантам 0.0 2.0 0.0
переставали 0.0 2.0 0.0
задача 0.0 0.959 0.0
страшно 0.001 1.097 0.001
достать 0.001 1.699 0.002
чьего 0.0 1.699 0.0
люди 0.0 0.276 0.0
протеиновый 0.0 2.0 0.0
обездоливаю 0.0 2.0 0.0
столицу 0.0 1.398 0.0
аэропортах 0.0 1.699 0.0
спинку 0.0 2.0 0.0
вадима 0.0 1.699 0.0
чудовищная 0.0 2.0 0.0
хиты 0.0 2.0 0.0
увидела 0.001 1.523 0.002
пекли 0.0 2.0 0.0
хакер 0.001 2.0 0.002
откуда-то 0.0 1.699 0.0
предварительные 0.0 1.155 0.0
срежем 0.0 2.0 0.0
базы 0.0 1.222 0.0
дубинкой 0.0 2.0 0.0
chris 0.0 2.0 0.0
обзор 0.0 1.222 0.0
папа 0.0 1.222 0.0
мечтательной 0.0 2.0 0.0
завоза 0.0 1.523 0.0
часть 0.0 0.456 0.0
вусик 0.0 2.0 0.0
пятилитровок 0.0 2.0 0.0
состоят 0.0 1.699 0.0
западная 0.001 1.523 0.002
наемникам 0.0 2.0 0.0
подсказывает 0.0 1.523 0.0
поближе 0.0 2.0 0.0
проводит 0.0 1.155 0.0
образом 0.001 0.602 0.001
форме 0.0 0.886 0.0
детей 0.003 0.523 0.002
инстаграм 0.0 0.066 0.0
окружении 0.001 1.699 0.002
вопросы 0.0 0.481 0.0
подержать 0.0 2.0 0.0
площадки 0.0 1.398 0.0
ситуация 0.0 0.569 0.0
аптеки 0.0 1.301 0.0
практически 0.001 0.602 0.001
легко 0.0 0.824 0.0
лужи 0.0 2.0 0.0
картинку 0.0 1.699 0.0
представляю 0.0 1.523 0.0
зале 0.0 1.699 0.0
спускают 0.0 1.699 0.0
плитах 0.0 2.0 0.0
центрального 0.0 1.398 0.0
попавший 0.0 2.0 0.0
информационных 0.0 1.523 0.0
киберсопротивление 0.0 2.0 0.0
кидайте 0.0 2.0 0.0
подключены 0.0 2.0 0.0
воевать 0.0 1.097 0.0
целиком 0.0 1.301 0.0
это 0.011 0.066 0.001
шторами 0.0 2.0 0.0
еду 0.0 0.886 0.0
afp 0.0 0.854 0.0
пустующего 0.0 2.0 0.0
спрятались 0.0 2.0 0.0
текущем 0.0 1.699 0.0
team 0.0 1.523 0.0
тренинги 0.0 2.0 0.0
непонятно 0.0 0.921 0.0
перестали 0.0 1.301 0.0
работаем 0.001 0.161 0.0
своим 0.0 0.658 0.0
двух 0.001 0.377 0.0
артем 0.0 1.046 0.0
ранении 0.0 2.0 0.0
наверху 0.0 1.699 0.0
прощание 0.0 1.699 0.0
заскрипели 0.0 2.0 0.0
тонкий 0.0 2.0 0.0
новой 0.0 0.585 0.0
пытаются 0.0 0.745 0.0
участников 0.0 0.824 0.0
обращает 0.0 1.523 0.0
хлеб 0.0 1.398 0.0
депутатам 0.0 2.0 0.0
ночных 0.0 1.699 0.0
киевском 0.0 2.0 0.0
котором 0.001 0.495 0.0
некоторые 0.001 0.469 0.0
варя 0.001 2.0 0.002
атаки 0.001 1.523 0.002
english 0.0 0.06 0.0
прослушивания 0.0 2.0 0.0
угрозы 0.0 1.301 0.0
уничтожен 0.0 1.523 0.0
начался 0.0 0.921 0.0
посадили 0.0 2.0 0.0
поддержка 0.0 0.167 0.0
мяса 0.001 1.699 0.002
состоящая 0.0 1.699 0.0
рвы 0.0 2.0 0.0
городу 0.0 1.222 0.0
осколки 0.0 1.523 0.0
неважно 0.0 1.699 0.0
кипятком 0.0 2.0 0.0
тряпья 0.0 2.0 0.0
бабушке… 0.0 2.0 0.0
масштаб 0.0 2.0 0.0
мере 0.001 0.569 0.001
сделал 0.0 0.854 0.0
зимой 0.0 1.301 0.0
работающие 0.0 1.523 0.0
глаза 0.0 0.886 0.0
руками 0.0 1.301 0.0
маму 0.001 1.699 0.002
мэра 0.0 1.097 0.0
2014-м 0.0 1.699 0.0
входа 0.0 1.398 0.0
голубого 0.0 1.699 0.0
множество 0.0 0.959 0.0
важно 0.0 0.509 0.0
поехать 0.0 1.699 0.0
проникнуть 0.0 1.398 0.0
считает 0.001 0.678 0.001
левый 0.001 2.0 0.002
допросит 0.0 2.0 0.0
пытаюсь 0.0 2.0 0.0
видите 0.0 1.222 0.0
старенькие 0.0 2.0 0.0
знаю 0.001 0.721 0.001
зданию 0.0 1.699 0.0
бригады 0.0 1.398 0.0
арматуры 0.0 2.0 0.0
салону 0.0 2.0 0.0
репортаж 0.001 0.699 0.001
marcus 0.001 1.398 0.001
раскиданы 0.0 2.0 0.0
поворачиваю 0.0 2.0 0.0
собой 0.0 0.62 0.0
facebook 0.0 0.0 0.0
коврик 0.0 2.0 0.0
думала 0.0 1.523 0.0
мыть 0.0 1.222 0.0
ставшие 0.0 2.0 0.0
выйти 0.001 1.0 0.001
проскочить 0.0 2.0 0.0
вроде 0.001 0.658 0.001
серой 0.0 2.0 0.0
пакет 0.0 1.222 0.0
койку 0.0 2.0 0.0
фрагмент 0.0 1.523 0.0
ботинки 0.0 1.699 0.0
scanpix 0.0 0.301 0.0
предупреждении 0.0 2.0 0.0
последствия 0.001 0.796 0.001
баблом 0.0 2.0 0.0
середине 0.0 0.886 0.0
набивать 0.0 2.0 0.0
отправился 0.0 2.0 0.0
войск 0.001 1.046 0.001
дырочка 0.0 2.0 0.0
юрского 0.0 2.0 0.0
делаешь 0.0 2.0 0.0
киевских 0.001 2.0 0.002
оставили 0.0 1.301 0.0
кабинет 0.0 1.699 0.0
прилетают 0.0 2.0 0.0
бомбоубежище 0.002 1.398 0.003
каждого 0.0 0.678 0.0
сопротивлению 0.0 2.0 0.0
пустое 0.0 2.0 0.0
яркий 0.0 1.699 0.0
службу 0.0 1.398 0.0
хостел 0.0 1.699 0.0
ваш 0.0 1.155 0.0
закончится 0.0 1.097 0.0
персональные 0.0 0.066 0.0
такое 0.001 0.347 0.0
осколок 0.0 1.699 0.0
гости 0.0 1.301 0.0
готовой 0.0 1.699 0.0
самодельные 0.0 1.699 0.0
кого 0.001 0.509 0.001
слышала 0.0 1.398 0.0
немного 0.001 0.77 0.001
прошли 0.0 0.796 0.0
движения 0.0 1.155 0.0
длинные 0.0 1.398 0.0
блоками 0.0 2.0 0.0
немецкого 0.0 1.301 0.0
основная 0.0 1.046 0.0
ага 0.0 2.0 0.0
рыбку 0.0 2.0 0.0
вряд 0.0 0.854 0.0
расспросов 0.0 2.0 0.0
первом 0.0 0.824 0.0
счет 0.0 0.824 0.0
клавишник 0.0 2.0 0.0
эта 0.0 0.367 0.0
украинское 0.0 1.398 0.0
которых 0.0 0.237 0.0
татьяна 0.0 1.398 0.0
приехали 0.001 1.398 0.001
обычные 0.0 1.523 0.0
увидишь 0.0 2.0 0.0
играли 0.0 1.523 0.0
каптерщика 0.0 2.0 0.0
поведу 0.0 2.0 0.0
чрезвычайными 0.0 2.0 0.0
соседству 0.001 2.0 0.002
украине 0.001 0.444 0.0
сохранять 0.0 1.301 0.0
бизнес-процессы 0.001 2.0 0.002
записавшийся 0.0 2.0 0.0
пустынной 0.0 2.0 0.0
начала 0.003 0.398 0.001
картинка 0.001 2.0 0.002
грузили 0.0 2.0 0.0
сообщение 0.0 0.102 0.0
сделать 0.001 0.357 0.0
