ненецкий 0.003 2.0 0.006
– 0.003 0.06 0.0
заболели 0.003 1.0 0.003
редакции 0.006 0.066 0.0
томская 0.003 2.0 0.006
рязанская 0.003 2.0 0.006
пензенская 0.003 2.0 0.006
москва 0.003 1.155 0.003
leta 0.003 0.301 0.001
липецкая 0.003 2.0 0.006
дагестан 0.003 2.0 0.006
нами 0.003 0.066 0.0
android 0.003 0.066 0.0
автономная 0.003 1.699 0.005
распространениясколько 0.003 1.699 0.005
баннерам 0.003 0.066 0.0
связи 0.003 0.0 0.0
ямало-ненецкий 0.003 2.0 0.006
english 0.003 0.06 0.0
нашли 0.003 0.066 0.0
россии 0.003 0.119 0.0
обновлено 0.003 1.699 0.005
медуза 0.006 0.066 0.0
крым 0.003 1.398 0.004
гифки 0.003 0.066 0.0
московская 0.003 2.0 0.006
нам 0.003 0.086 0.0
магаданская 0.003 2.0 0.006
адыгея 0.003 2.0 0.006
агента 0.006 0.097 0.001
ханты-мансийский 0.003 2.0 0.006
ростовская 0.003 2.0 0.006
нужна 0.003 0.092 0.0
последние 0.01 0.456 0.005
рекламаmeduza 0.003 0.066 0.0
республика 0.006 1.301 0.008
эл 0.003 2.0 0.006
таблица 0.006 1.222 0.007
лицом 0.003 0.102 0.0
мере 0.003 0.569 0.002
вологодская 0.003 2.0 0.006
in 0.003 0.0 0.0
курганская 0.003 2.0 0.006
штаб 0.003 1.301 0.004
юридическим 0.003 0.102 0.0
функции 0.006 0.097 0.001
край 0.029 2.0 0.058
тюменская 0.003 2.0 0.006
ивановская 0.003 2.0 0.006
всем 0.003 0.252 0.001
материалам 0.003 0.066 0.0
борьбе 0.003 0.796 0.002
курская 0.003 2.0 0.006
новосибирская 0.003 2.0 0.006
число 0.003 0.658 0.002
область 0.15 1.523 0.228
требования 0.003 0.066 0.0
посмотреть 0.003 0.721 0.002
связаться 0.003 0.066 0.0
астраханская 0.003 2.0 0.006
осетия 0.003 2.0 0.006
времени 0.003 0.523 0.002
происходит 0.003 0.387 0.001
иркутская 0.003 2.0 0.006
информации 0.003 0.102 0.0
удмуртия 0.003 2.0 0.006
еврейская 0.003 2.0 0.006
анонимно 0.003 0.066 0.0
псковская 0.003 2.0 0.006
ярославская 0.003 2.0 0.006
заболевших 0.003 0.824 0.002
чукотский 0.003 2.0 0.006
забайкальский 0.003 2.0 0.006
иностранным 0.003 0.097 0.0
ваша 0.003 0.102 0.0
перейти 0.003 0.066 0.0
поддержать 0.003 0.066 0.0
официальными 0.003 2.0 0.006
пермский 0.003 2.0 0.006
источник 0.003 0.174 0.001
карта 0.006 1.155 0.007
случаи 0.003 0.721 0.002
санкт-петербург 0.003 1.699 0.005
вакцинированных 0.003 0.678 0.002
кемеровская 0.003 2.0 0.006
фото 0.003 0.959 0.003
кодекс 0.003 0.066 0.0
коронавирусом 0.003 0.699 0.002
орловская 0.003 2.0 0.006
последними 0.003 1.523 0.005
18.03.2022 0.003 1.699 0.005
свердловская 0.003 2.0 0.006
самарская 0.003 2.0 0.006
куки 0.003 0.066 0.0
медузе 0.006 0.066 0.0
ставропольский 0.003 2.0 0.006
ctrl+enter 0.003 0.066 0.0
безопасно 0.003 0.066 0.0
новостиисторииразборшапитокоронавирусмагаз 0.003 0.066 0.0
нижегородская 0.003 2.0 0.006
обычно 0.003 0.523 0.002
новгородская 0.003 1.699 0.005
рф 0.003 0.745 0.002
тасс 0.003 0.699 0.002
использование 0.003 0.066 0.0
тверская 0.003 2.0 0.006
facebook 0.003 0.0 0.0
башкортостан 0.003 2.0 0.006
медузу 0.006 0.066 0.0
хакасия 0.003 1.699 0.005
youtube 0.003 0.06 0.0
чечня 0.003 2.0 0.006
карте 0.003 1.301 0.004
обработки 0.003 0.066 0.0
белгородская 0.003 1.699 0.005
мордовия 0.003 2.0 0.006
данное 0.003 0.097 0.0
северная 0.003 1.301 0.004
создано 0.003 0.097 0.0
порядку 0.003 0.066 0.0
оренбургская 0.003 2.0 0.006
татарстан 0.003 2.0 0.006
массовой 0.003 0.097 0.0
сахалинская 0.003 2.0 0.006
📝 0.003 1.699 0.005
обновления 0.003 1.699 0.005
геодакян 0.003 1.699 0.005
поддержите 0.003 0.102 0.0
калмыкия 0.003 2.0 0.006
en 0.003 0.066 0.0
правила 0.003 0.066 0.0
умерли 0.003 1.155 0.003
информация 0.006 0.824 0.005
кабардино-балкария 0.003 2.0 0.006
scanpix 0.003 0.301 0.001
коми 0.003 2.0 0.006
таблице 0.006 1.699 0.01
московскому 0.003 1.523 0.005
средством 0.003 0.102 0.0
показывать 0.003 0.066 0.0
вконтакте 0.003 0.066 0.0
спасибоgiphyза 0.003 0.066 0.0
выполняющим 0.006 0.097 0.001
владимирская 0.003 2.0 0.006
марий 0.003 2.0 0.006
тыва 0.003 2.0 0.006
twitter 0.003 0.0 0.0
live 0.003 0.022 0.0
ошибку 0.003 0.066 0.0
распространено 0.003 0.102 0.0
жертв 0.003 1.097 0.003
пожалуйста 0.003 0.102 0.0
ios 0.003 0.066 0.0
блог 0.003 0.066 0.0
инстаграм 0.003 0.066 0.0
© 0.003 0.0 0.0
платформы 0.006 0.066 0.0
карелия 0.003 1.699 0.005
челябинская 0.003 2.0 0.006
миру 0.01 0.796 0.008
ульяновская 0.003 2.0 0.006
выделите 0.003 0.066 0.0
активные 0.003 1.699 0.005
анонсе 0.003 1.699 0.005
данных 0.003 0.481 0.001
амурская 0.003 2.0 0.006
официальных 0.003 0.921 0.003
вылечились 0.003 2.0 0.006
обновляется 0.006 1.523 0.009
персональные 0.003 0.066 0.0
волгоградская 0.003 2.0 0.006
коронавирусу 0.003 1.097 0.003
meduzacare 0.003 0.066 0.0
воронежская 0.003 2.0 0.006
ао 0.013 1.699 0.022
бурятия 0.003 2.0 0.006
оперативный 0.003 1.699 0.005
тульская 0.003 2.0 0.006
мурманская 0.003 2.0 0.006
саратовская 0.003 2.0 0.006
смоленская 0.003 2.0 0.006
алтайский 0.003 2.0 0.006
meduza 0.01 0.0 0.0
данные 0.016 0.066 0.001
карачаево-черкесия 0.003 2.0 0.006
распространяется 0.003 0.854 0.003
хабаровский 0.003 2.0 0.006
брянская 0.003 2.0 0.006
тамбовская 0.003 2.0 0.006
кнопка 0.003 0.066 0.0
якутия 0.003 2.0 0.006
вечерняя 0.003 0.066 0.0
алтай 0.003 2.0 0.006
коронавирус 0.006 0.854 0.005
умершим 0.003 2.0 0.006
это 0.006 0.066 0.0
кировская 0.003 2.0 0.006
костромская 0.003 2.0 0.006
калужская 0.003 2.0 0.006
камчатский 0.003 2.0 0.006
заболевшим 0.003 1.699 0.005
мире 0.003 0.553 0.002
ленинградская 0.003 2.0 0.006
красноярский 0.003 2.0 0.006
приморский 0.003 2.0 0.006
нажмите 0.003 0.066 0.0
поддержки 0.003 0.066 0.0
помощь 0.003 0.097 0.0
российским 0.003 0.092 0.0
севастополь 0.003 2.0 0.006
чувашия 0.003 2.0 0.006
вообще 0.003 0.066 0.0
краснодарский 0.003 2.0 0.006
калининградская 0.003 2.0 0.006
вылечившимся 0.003 2.0 0.006
архангельская 0.003 2.0 0.006
иностранного 0.006 0.102 0.001
реклама 0.006 0.066 0.0
данными 0.006 0.959 0.006
истории 0.003 0.337 0.001
материал 0.006 0.086 0.001
артем 0.003 1.046 0.003
сообщение 0.003 0.102 0.0
омская 0.003 2.0 0.006
ингушетия 0.003 2.0 0.006
утрам 0.003 2.0 0.006
