экспертов 0.002 1.097 0.002
поводу 0.001 0.824 0.001
говорим 0.001 0.959 0.001
российские 0.002 0.328 0.001
редакции 0.002 0.066 0.0
кремлю 0.001 1.301 0.001
противостояния 0.002 1.699 0.003
продает 0.001 1.398 0.001
рынок 0.002 0.921 0.002
демократией 0.001 2.0 0.002
список 0.001 0.658 0.001
важен 0.001 1.523 0.002
полупроводниковых 0.001 2.0 0.002
баннерам 0.001 0.066 0.0
страна 0.001 0.796 0.001
дисконтом 0.001 2.0 0.002
значит 0.001 0.444 0.0
негативный 0.001 2.0 0.002
россии 0.014 0.119 0.002
times 0.001 0.699 0.001
тайване 0.002 2.0 0.004
действии 0.001 1.699 0.002
осаде 0.002 0.854 0.002
гифки 0.001 0.066 0.0
основных 0.001 0.959 0.001
санкций 0.002 0.745 0.001
агента 0.002 0.097 0.0
мировая 0.001 1.523 0.002
аудиторию 0.001 1.398 0.001
говорит 0.001 0.409 0.0
кроме 0.001 0.387 0.0
интересами 0.001 1.699 0.002
совершенно 0.001 0.678 0.001
преимущества 0.001 1.523 0.002
отраслей 0.001 2.0 0.002
учетом 0.001 0.921 0.001
смысла 0.001 0.699 0.001
неприятна 0.001 2.0 0.002
смотрят 0.001 1.155 0.001
in 0.001 0.0 0.0
обсуждения 0.001 1.398 0.001
крайне 0.003 0.721 0.002
пекине 0.002 1.699 0.003
внутреннюю 0.001 1.699 0.002
встречаться 0.001 1.699 0.002
европе 0.002 0.658 0.001
созвучна 0.001 2.0 0.002
неделимости 0.001 2.0 0.002
наработки 0.001 2.0 0.002
весьма 0.001 1.222 0.001
право 0.001 0.824 0.001
прозападная 0.001 2.0 0.002
financial 0.001 1.222 0.001
китайской 0.001 1.155 0.001
отвлекать 0.001 2.0 0.002
системы 0.001 0.585 0.001
сложный 0.001 1.301 0.001
фундаментальных 0.001 2.0 0.002
двоемыслие 0.001 2.0 0.002
нарратив 0.001 2.0 0.002
правда 0.001 0.509 0.001
который 0.002 0.194 0.0
процесса 0.001 1.222 0.001
анонимно 0.001 0.066 0.0
колоссальную 0.001 2.0 0.002
рисков 0.001 0.959 0.001
подвергает 0.001 2.0 0.002
китае 0.004 1.222 0.005
просто 0.001 0.194 0.0
избытке 0.001 2.0 0.002
ваша 0.002 0.102 0.0
символические 0.001 2.0 0.002
скрепы 0.001 2.0 0.002
россией 0.002 0.824 0.002
пекину 0.001 2.0 0.002
изначально 0.001 0.959 0.001
помогать 0.001 0.959 0.001
продвигают 0.001 2.0 0.002
никак 0.001 0.886 0.001
мир 0.002 0.553 0.001
разряду 0.001 2.0 0.002
партии 0.001 1.046 0.001
тема 0.001 1.222 0.001
повышенными 0.001 2.0 0.002
рассуждаем 0.001 2.0 0.002
олафом 0.001 2.0 0.002
уважает 0.001 1.699 0.002
габуевым 0.001 2.0 0.002
западный 0.001 1.699 0.002
строительству 0.001 2.0 0.002
президентом 0.001 1.301 0.001
читателейнам 0.001 0.174 0.0
оговорок 0.001 2.0 0.002
куки 0.001 0.066 0.0
страны 0.002 0.444 0.001
прекращению 0.001 2.0 0.002
рестрикций 0.001 2.0 0.002
внутренние 0.001 1.097 0.001
позиция 0.002 1.0 0.002
использование 0.001 0.066 0.0
упали 0.001 1.398 0.001
произошло 0.001 0.796 0.001
руку 0.001 1.155 0.001
количеством 0.001 1.301 0.001
считаю 0.002 1.222 0.002
продолжаться 0.001 1.398 0.001
китаиста 0.001 2.0 0.002
присоединиться 0.001 1.523 0.002
кажется 0.002 0.469 0.001
порядку 0.001 0.066 0.0
года 0.004 0.167 0.001
понимает 0.002 1.155 0.002
посол 0.001 2.0 0.002
en 0.001 0.066 0.0
сохранить 0.001 0.921 0.001
кнр 0.002 1.398 0.003
штаты 0.001 1.523 0.002
необходимо 0.001 0.585 0.001
хуже 0.001 0.699 0.001
сложного 0.001 1.699 0.002
полагается 0.001 2.0 0.002
одним 0.001 0.569 0.001
другого 0.001 0.824 0.001
серьезная 0.001 1.398 0.001
сторону 0.002 0.796 0.002
нарастить 0.001 2.0 0.002
выступал 0.001 1.398 0.001
it-систем 0.001 2.0 0.002
нынешнюю 0.002 1.523 0.003
распространено 0.001 0.102 0.0
суверенитет 0.001 1.398 0.001
военной 0.001 0.921 0.001
сколько 0.001 0.585 0.001
насколько 0.001 0.42 0.0
провести 0.001 0.745 0.001
определенных 0.001 1.398 0.001
ios 0.001 0.066 0.0
вопроса 0.001 1.301 0.001
будут 0.002 0.301 0.001
страшны 0.001 2.0 0.002
китайского 0.002 1.398 0.003
вовлечены 0.001 1.523 0.002
медиавойну 0.001 2.0 0.002
ставила 0.001 2.0 0.002
логике 0.001 2.0 0.002
осенью 0.001 1.046 0.001
напряженными 0.001 2.0 0.002
техники 0.001 1.301 0.001
рассчитывать 0.001 1.398 0.001
прогнозировать 0.001 2.0 0.002
политическая 0.003 1.301 0.004
принципу 0.001 1.301 0.001
территориальной 0.001 1.222 0.001
подкаста 0.001 1.699 0.002
сценарий 0.001 1.398 0.001
однозначно 0.001 0.959 0.001
прямо 0.002 0.357 0.001
вместо 0.002 0.77 0.002
гипотетически 0.001 2.0 0.002
большое 0.001 0.854 0.001
политическим 0.001 2.0 0.002
выступить 0.001 1.699 0.002
распространены 0.001 2.0 0.002
знакомы 0.001 1.523 0.002
считается 0.001 0.959 0.001
могут 0.002 0.187 0.0
получил 0.001 0.959 0.001
по-другому 0.001 1.155 0.001
юанях 0.001 2.0 0.002
должно 0.002 0.658 0.001
любом 0.001 0.854 0.001
день 0.002 0.328 0.001
социальных 0.002 1.155 0.002
поддерживать 0.001 0.886 0.001
медузы 0.003 0.268 0.001
технологические 0.001 1.523 0.002
поднял 0.001 2.0 0.002
украинцы 0.001 0.886 0.001
долго 0.001 0.745 0.001
брюссель 0.001 1.699 0.002
2019-го 0.001 1.699 0.002
запросила 0.001 2.0 0.002
комплектующих 0.001 1.699 0.002
вопросом 0.002 1.046 0.002
ящик 0.001 1.523 0.002
игнорируют 0.001 1.398 0.001
осуществляться 0.001 1.523 0.002
предложить 0.001 1.222 0.001
вообще 0.002 0.066 0.0
задачу 0.001 1.523 0.002
логика 0.003 1.699 0.005
китайским 0.001 1.301 0.001
первую 0.001 0.638 0.001
вся 0.001 1.0 0.001
huang 0.001 2.0 0.002
природные 0.001 1.699 0.002
оборудования 0.001 1.301 0.001
франции 0.001 1.0 0.001
начале 0.001 0.602 0.001
xinhua 0.001 1.398 0.001
ситуации 0.001 0.721 0.001
истории 0.001 0.337 0.0
ес 0.001 1.0 0.001
понимать 0.001 0.886 0.001
определяться 0.001 2.0 0.002
долгий 0.001 1.222 0.001
слишком 0.001 0.553 0.001
пекина 0.003 1.699 0.005
столько 0.001 0.921 0.001
количество 0.002 0.62 0.001
ханчжоу 0.001 2.0 0.002
политики 0.001 0.854 0.001
всячески 0.001 1.699 0.002
союзник 0.001 1.398 0.001
городе 0.001 0.678 0.001
запрос 0.001 1.398 0.001
вьетнаму 0.001 2.0 0.002
появилась 0.001 0.886 0.001
нашли 0.001 0.066 0.0
связи 0.001 0.0 0.0
вкладываться 0.001 1.699 0.002
какие 0.001 0.569 0.001
сильной 0.001 1.699 0.002
специализированное 0.001 2.0 0.002
медуза 0.003 0.066 0.0
новая 0.001 0.678 0.001
съезд 0.001 2.0 0.002
интересов 0.001 1.222 0.001
нам 0.004 0.086 0.0
вещах 0.002 1.301 0.003
государственном 0.001 1.222 0.001
согласно 0.001 0.745 0.001
освоение 0.001 2.0 0.002
помочь 0.003 0.131 0.0
whatsapp 0.001 1.398 0.001
последние 0.001 0.456 0.0
формулировка 0.001 2.0 0.002
этому 0.003 0.432 0.001
властей 0.001 0.824 0.001
говорили 0.002 0.796 0.002
намерен 0.001 1.699 0.002
такую 0.001 0.824 0.001
русских 0.001 1.222 0.001
юридическим 0.001 0.102 0.0
город 0.002 0.699 0.001
максимально 0.001 0.721 0.001
оставит 0.001 2.0 0.002
событию 0.001 2.0 0.002
добывающих 0.001 2.0 0.002
поставщиков 0.001 1.699 0.002
материалам 0.001 0.066 0.0
шольцем 0.001 2.0 0.002
рассказал 0.001 0.796 0.001
срочно 0.001 0.167 0.0
фарватере 0.001 2.0 0.002
твиттера 0.001 1.699 0.002
поступаться 0.001 2.0 0.002
увидел 0.001 1.222 0.001
лаобайсины 0.001 2.0 0.002
гордость 0.001 2.0 0.002
предложит 0.001 1.699 0.002
торговых 0.001 1.398 0.001
несмотря 0.001 0.456 0.0
возникновения 0.001 1.046 0.001
пекин 0.006 1.301 0.008
случае 0.002 0.357 0.001
отложены 0.001 2.0 0.002
вашингтон 0.001 2.0 0.002
конфликта 0.001 1.155 0.001
свете 0.001 1.523 0.002
воспользуется 0.001 2.0 0.002
вести 0.001 0.824 0.001
прагматически 0.001 2.0 0.002
китайские 0.002 1.301 0.003
силовой 0.001 1.523 0.002
сдержанно 0.001 2.0 0.002
пророссийская 0.001 2.0 0.002
заявил 0.001 0.658 0.001
путь 0.001 0.886 0.001
вместеподдержит 0.001 2.0 0.002
утром 0.001 1.046 0.001
иностранным 0.001 0.097 0.0
западных 0.002 0.854 0.002
лилии 0.002 1.046 0.002
общего 0.001 1.0 0.001
нужно 0.002 0.237 0.0
главный 0.001 0.638 0.001
весь 0.002 0.638 0.001
например 0.002 0.229 0.0
необходимости 0.001 0.854 0.001
свои 0.002 0.481 0.001
российскую 0.001 0.745 0.001
коронавирусом 0.001 0.699 0.001
военную 0.002 1.046 0.002
опровергают 0.001 2.0 0.002
простая 0.001 1.301 0.001
военного 0.001 1.097 0.001
сми 0.002 0.602 0.001
либеральными 0.001 2.0 0.002
интересы 0.001 1.523 0.002
которое 0.001 0.337 0.0
идеологическая 0.001 1.699 0.002
как-то 0.001 0.699 0.001
энергоресурсов 0.001 2.0 0.002
нейтральной 0.001 2.0 0.002
страной 0.001 0.959 0.001
ctrl+enter 0.001 0.066 0.0
февраля 0.001 0.387 0.0
безопасно 0.001 0.066 0.0
новостиисторииразборшапитокоронавирусмагаз 0.001 0.066 0.0
проще 0.001 1.0 0.001
волнует 0.001 2.0 0.002
соединенными 0.002 1.699 0.003
отношениях 0.001 2.0 0.002
суверенитете 0.001 2.0 0.002
проект 0.001 1.046 0.001
посредника 0.002 1.398 0.003
youtube 0.001 0.06 0.0
стульях 0.001 1.699 0.002
китая 0.015 1.155 0.017
экономическом 0.002 1.398 0.003
создано 0.001 0.097 0.0
путем 0.001 1.301 0.001
возможных 0.001 1.097 0.001
жизнь 0.001 0.538 0.001
экзотическая 0.001 2.0 0.002
мира 0.001 0.824 0.001
активы 0.001 2.0 0.002
поддержите 0.001 0.102 0.0
независимую 0.001 2.0 0.002
негативно 0.001 1.398 0.001
столкнулись 0.001 1.398 0.001
случилось 0.001 0.658 0.001
украины 0.005 0.569 0.003
которого 0.002 0.585 0.001
отразится 0.001 2.0 0.002
думаю 0.001 0.721 0.001
достаточно 0.001 0.444 0.0
закупая 0.001 2.0 0.002
леонидом 0.001 2.0 0.002
антироссийским 0.001 2.0 0.002
урегулированию 0.001 2.0 0.002
идею 0.001 1.0 0.001
друга 0.001 0.854 0.001
поэтому 0.003 0.328 0.001
многие 0.001 0.284 0.0
средством 0.001 0.102 0.0
оглядки 0.001 2.0 0.002
стремится 0.001 1.301 0.001
взгляд 0.002 1.398 0.003
выполняющим 0.002 0.097 0.0
заменить 0.001 1.155 0.001
самолет 0.001 1.523 0.002
обсуждаем 0.001 1.699 0.002
прав 0.001 1.097 0.001
возможно 0.001 0.398 0.0
наступить 0.001 2.0 0.002
готов 0.002 0.921 0.002
исторического 0.001 2.0 0.002
ошибку 0.001 0.066 0.0
официального 0.001 1.301 0.001
востоке 0.001 1.155 0.001
продукты 0.001 1.097 0.001
китайском 0.001 2.0 0.002
сами 0.001 0.538 0.001
давления 0.001 1.0 0.001
программному 0.001 2.0 0.002
ради 0.001 1.046 0.001
лет 0.001 0.252 0.0
опасность 0.001 1.046 0.001
предлагаемой 0.001 2.0 0.002
экспертами 0.001 1.398 0.001
ковачичем 0.001 2.0 0.002
говорят 0.001 0.432 0.0
огня 0.001 1.523 0.002
подчеркивает 0.001 1.398 0.001
вступает 0.001 2.0 0.002
абсолютно 0.002 0.721 0.001
проблемы 0.002 0.62 0.001
западные 0.001 1.222 0.001
успешных 0.001 1.398 0.001
вопрос 0.002 0.42 0.001
некстати 0.001 2.0 0.002
демократическая 0.001 2.0 0.002
широкофюзеляжного 0.001 2.0 0.002
сервисах 0.001 2.0 0.002
поставлять 0.001 1.398 0.001
данные 0.001 0.066 0.0
постойте 0.001 1.398 0.001
среднестатистического 0.001 2.0 0.002
понимаете 0.001 1.046 0.001
киева 0.002 0.886 0.002
получает 0.001 1.398 0.001
времена 0.001 1.155 0.001
haval 0.001 2.0 0.002
киев 0.002 0.77 0.002
стать 0.001 0.699 0.001
создавать 0.001 1.523 0.002
придерживаться 0.001 2.0 0.002
тематику 0.001 2.0 0.002
человеческая 0.001 1.699 0.002
сформулировали 0.001 1.699 0.002
сетях 0.002 1.523 0.003
навредить 0.001 1.398 0.001
данным 0.001 0.444 0.0
нажмите 0.001 0.066 0.0
продукт 0.001 1.398 0.001
борьба 0.002 1.699 0.003
хорошей 0.001 1.523 0.002
узнало 0.001 2.0 0.002
военных 0.002 0.699 0.001
нервная 0.001 1.699 0.002
усидеть 0.001 2.0 0.002
стран 0.002 0.469 0.001
официально 0.001 0.959 0.001
ситуацию 0.002 0.796 0.002
выиграл 0.001 2.0 0.002
балансировать 0.001 2.0 0.002
основания 0.001 1.301 0.001
призывает 0.002 1.398 0.003
держава 0.001 2.0 0.002
российских 0.001 0.337 0.0
китайская 0.001 1.523 0.002
числе 0.002 0.31 0.001
других 0.001 0.26 0.0
it-рынок 0.001 2.0 0.002
посты 0.001 1.301 0.001
поставки 0.002 1.155 0.002
замены 0.001 1.523 0.002
киевлян 0.002 1.097 0.002
иностранного 0.002 0.102 0.0
сможет 0.002 0.721 0.001
выбирают 0.001 1.699 0.002
материал 0.001 0.086 0.0
большой 0.002 0.569 0.001
коллективным 0.001 1.699 0.002
целом 0.001 0.585 0.001
знаете 0.002 0.796 0.002
откровенно 0.001 1.699 0.002
вопросам 0.001 1.398 0.001
экономическими 0.001 1.699 0.002
приоритеты 0.001 1.523 0.002
устройством 0.001 2.0 0.002
– 0.001 0.06 0.0
поступимся 0.001 2.0 0.002
огромное 0.001 1.398 0.001
крупнейшим 0.001 1.699 0.002
время 0.001 0.102 0.0
отраслевых 0.001 2.0 0.002
провластных 0.001 1.523 0.002
leta 0.002 0.301 0.001
ремарка 0.001 2.0 0.002
нами 0.001 0.066 0.0
которыми 0.001 0.854 0.001
экономических 0.001 1.097 0.001
реализации 0.001 1.301 0.001
китай 0.025 1.046 0.026
свернулся 0.001 2.0 0.002
продукцию 0.002 1.523 0.003
российская 0.001 0.658 0.001
скрываются 0.002 2.0 0.004
центра 0.001 0.77 0.001
лидирует 0.001 2.0 0.002
новые 0.001 0.602 0.001
китайца 0.001 2.0 0.002
работают 0.001 0.553 0.001
русистом 0.001 2.0 0.002
стоит 0.001 0.509 0.001
некоторый 0.001 1.523 0.002
поворота 0.001 2.0 0.002
торгового 0.001 2.0 0.002
стратегического 0.001 1.699 0.002
рекламаmeduza 0.001 0.066 0.0
макроном 0.001 2.0 0.002
принимать 0.001 0.721 0.001
вразрез 0.001 2.0 0.002
диктатура 0.001 1.523 0.002
войне 0.003 0.62 0.002
роли 0.002 1.155 0.002
невыгодно 0.001 1.523 0.002
класс 0.001 1.699 0.002
лицом 0.001 0.102 0.0
торговлю 0.001 1.699 0.002
бесконечности 0.001 2.0 0.002
экономической 0.001 1.523 0.002
пытается 0.002 0.921 0.002
функции 0.002 0.097 0.0
германии 0.001 0.854 0.001
сложные 0.001 1.301 0.001
постоянно 0.002 0.62 0.001
элита 0.001 2.0 0.002
необязательно 0.001 1.523 0.002
вторичные 0.002 1.699 0.003
ничто 0.002 2.0 0.004
покупателя 0.001 2.0 0.002
условия 0.001 1.155 0.001
борьбе 0.002 0.796 0.002
штатами 0.002 1.699 0.003
принципа 0.001 2.0 0.002
поддерживает 0.001 1.301 0.001
гордая 0.001 2.0 0.002
отношения 0.002 0.921 0.002
считал 0.001 1.699 0.002
продвигает 0.001 1.699 0.002
целесообразностью 0.001 2.0 0.002
полноценную 0.001 2.0 0.002
крен 0.001 2.0 0.002
переговорах 0.001 1.301 0.001
ключевых 0.001 1.155 0.001
спекулировать 0.001 2.0 0.002
обеспечению 0.001 1.398 0.001
российско-китайский 0.001 2.0 0.002
экономическую 0.001 2.0 0.002
партнером 0.001 1.398 0.001
железом 0.001 2.0 0.002
средний 0.001 1.398 0.001
издание 0.001 0.721 0.001
назад 0.002 0.18 0.0
нация 0.001 1.699 0.002
позицию 0.002 1.222 0.002
спецкора 0.002 1.046 0.002
принципе 0.001 0.796 0.001
безопасности 0.002 0.481 0.001
диктовать 0.001 2.0 0.002
американских 0.002 1.046 0.002
взять 0.001 0.959 0.001
перейти 0.002 0.066 0.0
посредником 0.001 1.699 0.002
поддержать 0.001 0.066 0.0
источник 0.001 0.174 0.0
комплексном 0.001 2.0 0.002
политические 0.002 1.155 0.002
все-таки 0.001 0.553 0.001
какие-то 0.001 0.538 0.001
ответа 0.001 0.886 0.001
позиции 0.003 1.097 0.003
тайваньского 0.001 2.0 0.002
война 0.001 0.469 0.0
кодекс 0.001 0.066 0.0
повторять 0.001 1.699 0.002
хочу 0.001 0.137 0.0
также 0.003 0.237 0.001
официальные 0.001 1.097 0.001
следуют 0.001 2.0 0.002
чувствительных 0.001 2.0 0.002
далекий 0.001 2.0 0.002
действиям 0.001 1.398 0.001
четко 0.001 1.0 0.001
покупать 0.001 1.097 0.001
мирным 0.001 1.398 0.001
торговым 0.001 1.699 0.002
подлинные 0.001 2.0 0.002
разрешения 0.001 1.222 0.001
цензоров 0.002 2.0 0.004
обоснованные 0.001 2.0 0.002
разной 0.001 1.097 0.001
приходится 0.001 0.886 0.001
политику 0.002 1.046 0.002
стабильность 0.001 1.523 0.002
интересны 0.001 1.699 0.002
предпочел 0.001 2.0 0.002
качестве 0.001 0.678 0.001
оказать 0.001 1.523 0.002
экзотический 0.001 2.0 0.002
развлекательных 0.001 2.0 0.002
идет 0.002 0.367 0.001
ряд 0.001 1.046 0.001
данное 0.001 0.097 0.0
сотрудничество 0.001 1.523 0.002
последствиях 0.002 0.921 0.002
огромным 0.001 1.523 0.002
выводы 0.001 1.155 0.001
очередь 0.001 0.62 0.001
китайский 0.002 2.0 0.004
вопросе 0.001 1.523 0.002
общества 0.002 0.824 0.002
подтверждения 0.001 1.523 0.002
подчеркивают 0.001 2.0 0.002
эммануэлем 0.001 2.0 0.002
транслировать 0.001 1.523 0.002
бизнес 0.001 1.0 0.001
последних 0.001 1.0 0.001
заключается 0.002 1.301 0.003
ожидать 0.001 1.097 0.001
ответственность 0.001 0.824 0.001
военно-техническую 0.001 2.0 0.002
правила 0.001 0.066 0.0
полноценной 0.001 1.398 0.001
уважать 0.001 2.0 0.002
монополизмом 0.001 2.0 0.002
поговорила 0.001 0.886 0.001
западом 0.002 1.155 0.002
скорейшего 0.001 2.0 0.002
отличаются 0.001 1.046 0.001
вконтакте 0.001 0.066 0.0
украиной 0.004 0.921 0.004
газ 0.001 1.523 0.002
видеосаммите 0.001 2.0 0.002
суть 0.001 1.523 0.002
сказать 0.002 0.495 0.001
live 0.001 0.022 0.0
нечеткую 0.001 2.0 0.002
подсказывает 0.001 1.523 0.002
замену 0.001 1.699 0.002
weibo 0.001 2.0 0.002
вопросах 0.001 1.523 0.002
мутят 0.001 2.0 0.002
санкции 0.003 0.77 0.002
windows 0.001 1.398 0.001
блог 0.001 0.066 0.0
инстаграм 0.001 0.066 0.0
© 0.001 0.0 0.0
jingwen 0.001 2.0 0.002
сценария 0.002 1.523 0.003
разработчиков 0.001 1.097 0.001
вопросы 0.001 0.481 0.0
планы 0.001 1.097 0.001
выделите 0.001 0.066 0.0
власти 0.001 0.387 0.0
ситуация 0.002 0.569 0.001
евросоюзом 0.001 1.699 0.002
мида 0.001 1.699 0.002
практически 0.001 0.602 0.001
конституции 0.001 1.523 0.002
могли 0.001 0.699 0.001
сяньжун 0.001 2.0 0.002
индии 0.001 1.222 0.001
цены 0.001 1.699 0.002
недели 0.002 0.42 0.001
консолидирован 0.001 2.0 0.002
легитимность 0.001 2.0 0.002
meduzacare 0.001 0.066 0.0
говоря 0.001 0.77 0.001
внешней 0.001 1.523 0.002
максимум 0.001 1.523 0.002
против 0.002 0.229 0.0
отказ 0.001 0.959 0.001
кнопка 0.001 0.066 0.0
ослаблением 0.001 2.0 0.002
получают 0.001 1.398 0.001
украинскую 0.001 1.301 0.001
восток 0.001 1.398 0.001
хотя 0.003 0.276 0.001
областях 0.001 1.523 0.002
развивать 0.001 2.0 0.002
многом 0.002 1.222 0.002
воевать 0.001 1.097 0.001
опасения 0.001 1.523 0.002
вечерняя 0.001 0.066 0.0
речь 0.001 0.432 0.0
это 0.009 0.066 0.001
wechat 0.001 2.0 0.002
другие 0.001 0.268 0.0
напрямую 0.001 1.0 0.001
сильно 0.001 0.509 0.001
готовы 0.002 0.678 0.001
представляют 0.001 1.398 0.001
поддержки 0.001 0.066 0.0
общался 0.001 1.523 0.002
afp 0.001 0.854 0.001
придать 0.001 1.523 0.002
помощь 0.004 0.097 0.0
давно 0.001 0.77 0.001
xx 0.001 1.398 0.001
тему 0.001 0.959 0.001
народа 0.001 1.222 0.001
выгодно 0.001 1.398 0.001
работаем 0.001 0.161 0.0
слышим 0.001 1.301 0.001
своим 0.001 0.658 0.001
определенная 0.001 2.0 0.002
двух 0.001 0.377 0.0
мнение 0.001 1.046 0.001
такая 0.002 0.553 0.001
использует 0.001 1.097 0.001
войны 0.004 0.42 0.002
побуждают 0.001 2.0 0.002
фон 0.001 1.699 0.002
большого 0.001 1.155 0.001
сигналы 0.001 2.0 0.002
официальная 0.001 1.699 0.002
вооруженные 0.001 1.398 0.001
целостности 0.001 2.0 0.002
нефтедобычи 0.001 2.0 0.002
европой 0.001 1.699 0.002
котором 0.001 0.495 0.0
маловероятным 0.001 1.699 0.002
характеризует 0.001 1.699 0.002
прочитайте 0.002 1.301 0.003
схем 0.001 2.0 0.002
москва 0.001 1.155 0.001
интернете 0.001 1.301 0.001
американскому 0.001 1.699 0.002
навсегда 0.002 0.854 0.002
страдает 0.001 2.0 0.002
24/7 0.001 0.102 0.0
android 0.001 0.066 0.0
пресса 0.001 2.0 0.002
english 0.001 0.06 0.0
консолидироваться 0.001 2.0 0.002
торговаться 0.001 2.0 0.002
политическом 0.002 1.699 0.003
импортных 0.001 2.0 0.002
трудностей 0.001 1.523 0.002
новости 0.001 0.481 0.0
автопроизводители 0.001 2.0 0.002
выступать 0.001 1.398 0.001
угрозы 0.001 1.301 0.001
продвигал 0.001 2.0 0.002
реагирует 0.001 1.523 0.002
путина 0.001 0.721 0.001
большая 0.002 0.77 0.002
канцлером 0.001 2.0 0.002
ресурсы 0.001 1.097 0.001
готовится 0.002 1.046 0.002
ценностями 0.001 1.699 0.002
отнесен 0.001 2.0 0.002
китаю 0.003 1.699 0.005
поддержка 0.002 0.167 0.0
особенно 0.001 0.553 0.001
просит 0.001 1.523 0.002
нужна 0.002 0.092 0.0
маловероятной 0.001 2.0 0.002
марта 0.004 0.319 0.001
обойти 0.001 1.699 0.002
важна 0.001 1.155 0.001
изменили 0.002 1.097 0.002
политика 0.001 1.0 0.001
события 0.001 0.745 0.001
мере 0.001 0.569 0.001
яппаровой 0.002 1.046 0.002
разговора 0.001 1.301 0.001
показательная 0.001 2.0 0.002
силового 0.001 2.0 0.002
цзиньпин 0.001 2.0 0.002
плане 0.003 1.155 0.003
эпизод 0.001 1.398 0.001
акторов 0.001 2.0 0.002
сделал 0.001 0.854 0.001
возник 0.001 1.155 0.001
возможна 0.001 1.222 0.001
москвы 0.002 0.824 0.002
обусловлена 0.001 2.0 0.002
те 0.001 0.357 0.0
требования 0.001 0.066 0.0
связаться 0.001 0.066 0.0
россию 0.002 0.678 0.001
информации 0.002 0.102 0.0
силой 0.001 1.301 0.001
имеет 0.001 0.602 0.001
китаистом 0.002 2.0 0.004
просьба 0.001 1.523 0.002
превратится 0.001 1.699 0.002
гораздо 0.002 0.699 0.001
нефтяной 0.001 2.0 0.002
тех 0.001 0.26 0.0
рисками 0.001 1.523 0.002
компетенции 0.001 2.0 0.002
важно 0.002 0.509 0.001
попасть 0.002 0.921 0.002
грани 0.001 2.0 0.002
рыночным 0.001 2.0 0.002
безусловно 0.001 1.222 0.001
продолжит 0.002 1.398 0.003
посетители 0.001 1.699 0.002
силы 0.001 0.796 0.001
могла 0.001 0.886 0.001
надеется 0.001 2.0 0.002
продолжают 0.001 1.097 0.001
доковидные 0.001 1.699 0.002
риски 0.001 0.77 0.001
противостоянии 0.001 2.0 0.002
медузе 0.002 0.066 0.0
поддержку 0.002 0.921 0.002
си 0.001 2.0 0.002
репортаж 0.003 0.699 0.002
поскольку 0.002 0.678 0.001
facebook 0.001 0.0 0.0
таком 0.001 0.921 0.001
неконструктивной 0.001 2.0 0.002
собирается 0.001 0.921 0.001
медузу 0.002 0.066 0.0
фань 0.001 2.0 0.002
зарубежной 0.001 1.398 0.001
китайцы 0.001 1.699 0.002
этим 0.001 0.337 0.0
обработки 0.001 0.066 0.0
конкурентов 0.001 1.523 0.002
хочет 0.001 0.854 0.001
полагаю 0.001 2.0 0.002
друг 0.001 0.699 0.001
событием 0.001 1.523 0.002
самолета 0.001 1.301 0.001
стороны 0.004 0.432 0.002
консолидации 0.001 1.699 0.002
россия 0.006 0.398 0.002
массовой 0.001 0.097 0.0
демократия 0.002 1.523 0.003
помощью 0.001 0.538 0.001
является 0.001 0.745 0.001
комментариев 0.001 1.523 0.002
шире 0.001 2.0 0.002
воду 0.001 1.097 0.001
главная 0.001 0.796 0.001
что-либо 0.001 2.0 0.002
такие 0.001 0.444 0.0
scanpix 0.002 0.301 0.001
информация 0.001 0.824 0.001
негативных 0.001 1.699 0.002
последствия 0.001 0.796 0.001
продолжать 0.001 0.921 0.001
спасибоgiphyза 0.001 0.066 0.0
показывать 0.001 0.066 0.0
середине 0.001 0.886 0.001
twitter 0.001 0.0 0.0
контекста 0.001 1.699 0.002
санкциям 0.001 1.301 0.001
отрицает 0.001 1.398 0.001
слушайте 0.001 1.699 0.002
раньше 0.001 0.432 0.0
операционные 0.001 2.0 0.002
пожалуйста 0.001 0.102 0.0
нечем 0.001 1.699 0.002
halliburton 0.001 2.0 0.002
приближающимся 0.001 2.0 0.002
мантра 0.001 1.699 0.002
связано 0.001 0.854 0.001
платформы 0.002 0.066 0.0
обе 0.001 1.097 0.001
соперника 0.001 2.0 0.002
именно 0.001 0.244 0.0
представителей 0.001 1.0 0.001
отношении 0.001 0.824 0.001
заняться 0.001 2.0 0.002
долларовые 0.001 2.0 0.002
персональные 0.001 0.066 0.0
такое 0.001 0.347 0.0
конфликт 0.002 1.097 0.002
очень 0.004 0.149 0.001
думаете 0.002 1.301 0.003
которые 0.003 0.119 0.0
подчеркивается 0.001 1.699 0.002
недостаточно 0.001 0.921 0.001
ощущается 0.001 2.0 0.002
meduza 0.002 0.0 0.0
кого 0.001 0.509 0.001
смысле 0.001 1.301 0.001
уровне 0.001 0.638 0.001
фидбэка 0.001 2.0 0.002
рассматривали 0.001 1.523 0.002
рычагов 0.001 2.0 0.002
помнить 0.001 1.046 0.001
основная 0.001 1.046 0.001
идут 0.002 0.699 0.001
ведущие 0.001 1.097 0.001
следовать 0.001 1.523 0.002
год 0.002 0.409 0.001
поставок 0.001 1.222 0.001
приезжать 0.001 1.523 0.002
внимание 0.002 0.658 0.001
желает 0.001 2.0 0.002
соперникам 0.001 2.0 0.002
импортозамещение 0.002 1.699 0.003
попросту 0.001 1.301 0.001
федерацию 0.001 1.523 0.002
законы 0.001 1.301 0.001
учитывать 0.001 1.046 0.001
самая 0.001 0.854 0.001
эта 0.002 0.367 0.001
российским 0.001 0.092 0.0
одной 0.003 0.398 0.001
которых 0.001 0.237 0.0
возможен 0.001 1.398 0.001
представим 0.001 1.523 0.002
цензуре 0.001 1.523 0.002
александром 0.001 1.523 0.002
необходимость 0.001 1.155 0.001
изобрел 0.001 2.0 0.002
украине 0.009 0.444 0.004
меньшей 0.001 1.046 0.001
вводить 0.001 1.222 0.001
вместе 0.001 0.602 0.001
борьбу 0.001 1.699 0.002
делать 0.001 0.276 0.0
времен 0.001 1.222 0.001
из-за 0.001 0.229 0.0
реклама 0.002 0.066 0.0
интересах 0.001 0.167 0.0
сша 0.004 0.469 0.002
конфликте 0.001 1.699 0.002
соединенные 0.001 2.0 0.002
опасаюсь 0.001 2.0 0.002
миротворца 0.001 2.0 0.002
цене 0.001 1.398 0.001
сообщение 0.001 0.102 0.0
противопоставляет 0.001 2.0 0.002
сделать 0.001 0.357 0.0
