редакции 0.001 0.066 0.0
баннерам 0.001 0.066 0.0
всяких 0.001 1.699 0.002
бабакова 0.001 2.0 0.002
действительно 0.001 0.377 0.0
офицеров 0.001 1.699 0.002
фронмайера 0.001 2.0 0.002
близкой 0.001 1.699 0.002
ялте 0.001 2.0 0.002
венгерское 0.001 1.699 0.002
покинув 0.001 2.0 0.002
лиги 0.002 2.0 0.004
друзьями 0.001 1.222 0.001
малофеевым 0.001 2.0 0.002
союз 0.001 1.097 0.001
платформой 0.001 2.0 0.002
чиновниками 0.001 1.523 0.002
аналитической 0.001 1.699 0.002
днр 0.001 0.959 0.001
причем 0.001 0.62 0.001
линдеманн 0.001 2.0 0.002
взял 0.001 1.222 0.001
австрия 0.002 1.398 0.003
войцех 0.001 2.0 0.002
православным 0.001 2.0 0.002
севера 0.002 2.0 0.004
фланге 0.001 2.0 0.002
плакате 0.001 2.0 0.002
reuters 0.001 0.745 0.001
kronen 0.001 2.0 0.002
европейская 0.001 1.398 0.001
неонацистскую 0.001 2.0 0.002
партии 0.015 1.046 0.016
президентом 0.001 1.301 0.001
заголовке 0.001 2.0 0.002
ближнего 0.001 1.301 0.001
марин 0.003 2.0 0.006
лидеры 0.001 1.523 0.002
партия 0.01 2.0 0.02
махинациям 0.001 2.0 0.002
помощи 0.001 0.77 0.001
замом 0.001 2.0 0.002
министром 0.002 1.523 0.003
ученые 0.001 0.678 0.001
местное 0.001 1.699 0.002
скрывавшими 0.001 2.0 0.002
метрополь 0.001 2.0 0.002
сохранить 0.001 0.921 0.001
греческой 0.001 2.0 0.002
bloomberg 0.001 1.046 0.001
антиисламизм 0.001 2.0 0.002
одним 0.001 0.569 0.001
готовность 0.001 1.699 0.002
территорию 0.001 1.155 0.001
памяти 0.001 1.523 0.002
национальный 0.004 1.523 0.006
депутатов 0.002 1.523 0.003
друзьях 0.001 2.0 0.002
италией 0.001 2.0 0.002
австрийских 0.001 2.0 0.002
саксонии 0.001 2.0 0.002
депутат 0.001 1.699 0.002
восемь 0.001 1.0 0.001
дружинин 0.001 2.0 0.002
пресс-конференции 0.001 2.0 0.002
популярного 0.001 1.523 0.002
частности 0.002 0.678 0.001
медузы 0.001 0.268 0.0
отказалась 0.001 0.959 0.001
патриотизм 0.001 2.0 0.002
этих 0.001 0.337 0.0
2010-м 0.001 2.0 0.002
трех 0.001 0.638 0.001
антисемитизмом 0.001 2.0 0.002
обещали 0.001 1.523 0.002
дни 0.001 0.721 0.001
по-видимому 0.001 0.959 0.001
франция 0.001 1.523 0.002
истории 0.003 0.337 0.001
момент 0.001 0.481 0.0
ес 0.001 1.0 0.001
линца 0.001 2.0 0.002
силу 0.001 1.0 0.001
восторге 0.001 2.0 0.002
обоснованными 0.001 2.0 0.002
версии 0.001 1.0 0.001
миллионов 0.001 0.638 0.001
нашли 0.001 0.066 0.0
связи 0.002 0.0 0.0
комиссионных 0.001 2.0 0.002
вице-канцлера 0.001 2.0 0.002
медуза 0.002 0.066 0.0
переписки 0.001 1.398 0.001
крым 0.003 1.398 0.004
нам 0.001 0.086 0.0
суда 0.001 1.301 0.001
дружить 0.001 2.0 0.002
раскололась 0.001 1.699 0.002
кризис 0.001 1.097 0.001
болезненной 0.001 2.0 0.002
материалам 0.001 0.066 0.0
ездил 0.001 2.0 0.002
срочно 0.001 0.167 0.0
вене 0.001 2.0 0.002
самых 0.002 0.62 0.001
заявил 0.001 0.658 0.001
сергей 0.001 0.886 0.001
членом 0.001 1.398 0.001
девушка 0.001 1.222 0.001
западных 0.001 0.854 0.001
своих 0.001 0.398 0.0
должна 0.001 0.538 0.001
сенсационных 0.001 2.0 0.002
ctrl+enter 0.001 0.066 0.0
прекращения 0.001 1.523 0.002
проблему 0.001 1.155 0.001
отставку 0.001 1.523 0.002
особой 0.001 1.097 0.001
обмена 0.001 1.523 0.002
слева 0.001 1.398 0.001
украины 0.001 0.569 0.001
сохранилось 0.001 2.0 0.002
чиновников 0.001 1.523 0.002
откровенным 0.001 2.0 0.002
прописанному 0.001 2.0 0.002
чечни 0.001 2.0 0.002
внутренней 0.001 1.523 0.002
прилепина 0.001 2.0 0.002
южной 0.001 1.222 0.001
бывшей 0.001 1.699 0.002
безумие 0.001 1.523 0.002
вторжение 0.001 1.097 0.001
мигрантов 0.002 2.0 0.004
немецкой 0.003 1.301 0.004
roland 0.001 2.0 0.002
возглавила 0.001 2.0 0.002
французским 0.001 2.0 0.002
видели 0.001 1.222 0.001
ибица 0.001 2.0 0.002
кадры 0.001 1.699 0.002
добилась 0.001 2.0 0.002
украину 0.003 0.523 0.002
нажмите 0.001 0.066 0.0
известен 0.001 1.523 0.002
случаев 0.001 0.658 0.001
материалах 0.001 1.523 0.002
выстроить 0.001 1.699 0.002
российский 0.001 0.638 0.001
rt 0.001 0.824 0.001
ушел 0.001 1.155 0.001
числе 0.002 0.31 0.001
джанлука 0.001 2.0 0.002
иностранного 0.001 0.102 0.0
собеседнице 0.001 2.0 0.002
контролировалась 0.001 2.0 0.002
йоханна 0.001 1.699 0.002
симферополь 0.001 2.0 0.002
заявила 0.001 1.155 0.001
sputnik 0.001 1.699 0.002
расшифровку 0.001 2.0 0.002
предлагалось 0.001 2.0 0.002
ленивых 0.001 2.0 0.002
строительство 0.001 1.523 0.002
женатый 0.001 1.699 0.002
правом 0.001 1.523 0.002
– 0.001 0.06 0.0
фундаментальное 0.001 2.0 0.002
оба 0.001 0.959 0.001
leta 0.003 0.301 0.001
нами 0.001 0.066 0.0
стала 0.001 0.569 0.001
которыми 0.001 0.854 0.001
посольству 0.001 1.699 0.002
вачедин 0.001 1.523 0.002
нападения 0.001 2.0 0.002
бизнесменом 0.001 2.0 0.002
денацифицировать 0.001 1.699 0.002
миллиарда 0.001 1.155 0.001
евроинтеграции 0.001 2.0 0.002
лицом 0.001 0.102 0.0
присутствуют 0.001 1.699 0.002
публикует 0.001 1.222 0.001
крайние 0.001 1.523 0.002
функции 0.001 0.097 0.0
разного 0.001 1.222 0.001
переговоров 0.001 1.301 0.001
решения 0.001 0.638 0.001
руководство 0.001 1.097 0.001
касается 0.001 0.602 0.001
осудила 0.001 2.0 0.002
успехов 0.001 2.0 0.002
примеров 0.001 1.398 0.001
иных 0.001 2.0 0.002
„ 0.001 0.62 0.001
канцлера 0.001 2.0 0.002
дочь 0.001 1.0 0.001
подозрения 0.001 1.398 0.001
обращается 0.001 1.301 0.001
перейти 0.001 0.066 0.0
поддержать 0.001 0.066 0.0
открытой 0.001 1.301 0.001
руководством 0.001 1.046 0.001
органы 0.001 1.398 0.001
надеть 0.001 1.523 0.002
тасс 0.002 0.699 0.001
качестве 0.001 0.678 0.001
пен 0.004 2.0 0.008
данное 0.001 0.097 0.0
партией 0.001 1.398 0.001
какой-то 0.001 0.538 0.001
померания 0.001 2.0 0.002
троих 0.001 2.0 0.002
бизнес 0.001 1.0 0.001
общефедеральных 0.001 2.0 0.002
австрийским 0.001 2.0 0.002
лицу 0.001 1.523 0.002
требовали 0.001 1.523 0.002
live 0.001 0.022 0.0
американский 0.001 1.155 0.001
разумеется 0.001 1.398 0.001
блог 0.001 0.066 0.0
кадыровым 0.001 2.0 0.002
официальный 0.001 1.222 0.001
конституции 0.001 1.523 0.002
хотел 0.001 1.0 0.001
meduzacare 0.001 0.066 0.0
члены 0.002 1.155 0.002
таблоида 0.001 2.0 0.002
меньшинство 0.001 2.0 0.002
решению 0.001 1.523 0.002
федеральной 0.001 1.398 0.001
окончательно 0.001 1.301 0.001
кнопка 0.001 0.066 0.0
йорга 0.001 2.0 0.002
правительство 0.002 0.824 0.002
заниматься 0.001 0.886 0.001
речь 0.001 0.432 0.0
партий 0.001 1.523 0.002
другие 0.001 0.268 0.0
обиднее 0.001 2.0 0.002
реальной 0.001 1.046 0.001
годам 0.001 1.523 0.002
последний 0.001 0.824 0.001
альянс 0.001 2.0 0.002
вновь 0.001 1.155 0.001
ответ 0.001 0.602 0.001
использует 0.001 1.097 0.001
кредита 0.001 2.0 0.002
соседям 0.001 1.699 0.002
сопредседатель 0.001 2.0 0.002
24/7 0.001 0.102 0.0
собеседники 0.001 1.398 0.001
повторить 0.001 1.155 0.001
евро 0.003 1.301 0.004
путина 0.001 0.721 0.001
darek 0.001 2.0 0.002
нато 0.001 0.959 0.001
imago 0.001 1.699 0.002
джованни 0.001 1.699 0.002
поступить 0.001 1.301 0.001
популист 0.001 2.0 0.002
присоединение 0.001 1.699 0.002
акций 0.001 1.398 0.001
прошла 0.001 1.097 0.001
самопровозглашенной 0.001 2.0 0.002
рамзаном 0.001 2.0 0.002
эпизод 0.001 1.398 0.001
москвы 0.001 0.824 0.001
требования 0.001 0.066 0.0
связаться 0.001 0.066 0.0
информации 0.001 0.102 0.0
неонацистами 0.001 2.0 0.002
наказать 0.001 1.523 0.002
демонстрацией 0.001 1.699 0.002
создать 0.001 1.046 0.001
вице-мэром 0.001 2.0 0.002
почему 0.002 0.337 0.001
ссылаясь 0.001 1.523 0.002
шалгин 0.001 2.0 0.002
малофеев 0.001 2.0 0.002
видеоматериалов 0.001 2.0 0.002
берлине 0.001 1.222 0.001
гамлитц 0.001 2.0 0.002
этим 0.001 0.337 0.0
россия 0.002 0.398 0.001
аленой 0.001 2.0 0.002
радикалами 0.001 2.0 0.002
европарламента 0.001 1.523 0.002
трансформировалась 0.001 1.699 0.002
отменить 0.001 1.398 0.001
спасибоgiphyза 0.001 0.066 0.0
банка 0.001 1.398 0.001
разворот 0.001 2.0 0.002
определение 0.002 2.0 0.004
пожалуйста 0.001 0.102 0.0
должен 0.001 0.585 0.001
миру 0.001 0.796 0.001
нередки 0.001 2.0 0.002
та 0.001 0.824 0.001
связаны 0.002 0.959 0.002
именно 0.002 0.244 0.0
закрытия 0.001 2.0 0.002
пост 0.001 0.796 0.001
заместитель 0.001 1.301 0.001
место 0.001 0.678 0.001
напоминала 0.001 2.0 0.002
преимущественно 0.001 1.222 0.001
одна 0.002 0.42 0.001
немецком 0.001 1.523 0.002
смысле 0.001 1.301 0.001
понимается 0.001 2.0 0.002
остается 0.001 0.638 0.001
итальянцам 0.001 2.0 0.002
исков 0.001 1.699 0.002
появилось 0.001 0.854 0.001
связывают 0.001 1.699 0.002
рода 0.001 0.854 0.001
год 0.001 0.409 0.0
иностранных 0.001 1.046 0.001
шла 0.001 1.222 0.001
неофашисты 0.001 1.699 0.002
общенациональную 0.001 2.0 0.002
российским 0.002 0.092 0.0
одной 0.001 0.398 0.0
политиков 0.001 1.523 0.002
войти 0.001 1.699 0.002
удивительное 0.001 2.0 0.002
кредит 0.001 2.0 0.002
тому 0.001 0.509 0.001
миграционный 0.001 2.0 0.002
нацфронта 0.001 2.0 0.002
собираются 0.001 0.921 0.001
шаффхаузер 0.002 2.0 0.004
интересах 0.001 0.167 0.0
связях 0.001 2.0 0.002
появился 0.001 0.921 0.001
нацистских 0.001 2.0 0.002
ультраконсервативную 0.001 2.0 0.002
евросоюзу 0.001 2.0 0.002
российские 0.001 0.328 0.0
жан-мари 0.002 2.0 0.004
усики 0.001 2.0 0.002
bensch 0.001 2.0 0.002
правых 0.003 2.0 0.006
избран 0.001 2.0 0.002
национального 0.001 1.222 0.001
гуденуса 0.001 2.0 0.002
обещал 0.001 1.523 0.002
беседы 0.001 1.523 0.002
эйфелевой 0.001 2.0 0.002
раскалывает 0.001 2.0 0.002
долгие 0.001 2.0 0.002
умереннее 0.001 2.0 0.002
in 0.001 0.0 0.0
крайне 0.001 0.721 0.001
высказывались 0.001 1.699 0.002
ценностей 0.001 1.523 0.002
бывших 0.002 1.523 0.003
регионов 0.001 0.921 0.001
депутаты 0.001 1.699 0.002
таких 0.001 0.347 0.0
отличие 0.002 0.886 0.002
сс 0.001 2.0 0.002
индустриальных 0.001 2.0 0.002
просто 0.002 0.194 0.0
коррупции 0.001 1.699 0.002
близкого 0.001 1.523 0.002
евросоюз 0.001 1.155 0.001
российское 0.001 0.921 0.001
пресс-секретарь 0.001 1.222 0.001
донбасс 0.001 1.523 0.002
нефти 0.001 1.699 0.002
публично 0.002 1.046 0.002
свадьбе 0.002 2.0 0.004
родину 0.001 1.523 0.002
федерального 0.001 1.222 0.001
программах 0.001 2.0 0.002
дискредитации 0.001 1.301 0.001
сдвинулась 0.001 2.0 0.002
отвечали 0.001 1.398 0.001
александер 0.001 2.0 0.002
отеле 0.001 1.699 0.002
вооруженный 0.001 2.0 0.002
которую 0.002 0.469 0.001
слову 0.001 1.523 0.002
демократического 0.001 2.0 0.002
предполагалось 0.001 1.398 0.001
рассказывал 0.001 1.222 0.001
вице-канцлер 0.001 2.0 0.002
кельне 0.001 2.0 0.002
сторону 0.001 0.796 0.001
экстремизма 0.001 2.0 0.002
распространено 0.001 0.102 0.0
ios 0.001 0.066 0.0
приему 0.001 2.0 0.002
заседать 0.001 2.0 0.002
социалистической 0.001 2.0 0.002
заявления 0.001 1.097 0.001
осенью 0.001 1.046 0.001
санкциями 0.001 1.699 0.002
несколько 0.001 0.201 0.0
маркусе 0.001 2.0 0.002
объединений 0.001 1.699 0.002
всеми 0.001 0.824 0.001
помета 0.001 2.0 0.002
основном 0.001 0.553 0.001
позднее 0.001 1.155 0.001
родственницей 0.001 2.0 0.002
владимир 0.001 0.62 0.001
адольфа 0.001 2.0 0.002
пересмотр 0.001 2.0 0.002
миграцию 0.001 1.699 0.002
утечки 0.001 1.523 0.002
история 0.002 0.745 0.001
предоставлением 0.001 2.0 0.002
представившаяся 0.001 2.0 0.002
вайдель 0.001 2.0 0.002
кремля 0.001 1.222 0.001
нового 0.001 0.638 0.001
франции 0.002 1.0 0.002
посредников 0.001 2.0 0.002
парламенте 0.001 2.0 0.002
заря 0.001 1.699 0.002
первого 0.001 0.658 0.001
ультраправыми 0.002 2.0 0.004
выступала 0.001 1.699 0.002
произошедших 0.001 1.699 0.002
появилась 0.001 0.886 0.001
одного 0.001 0.432 0.0
республики 0.001 1.301 0.001
инструкция 0.001 0.796 0.001
последние 0.002 0.456 0.001
неонацизма 0.001 2.0 0.002
популярности 0.001 1.398 0.001
юридическим 0.001 0.102 0.0
парламентах 0.001 2.0 0.002
перевести 0.001 1.523 0.002
раду 0.001 2.0 0.002
конфликта 0.001 1.155 0.001
несмотря 0.001 0.456 0.0
навального 0.001 1.398 0.001
schlager 0.001 2.0 0.002
образцом 0.001 2.0 0.002
занимать 0.001 1.523 0.002
принес 0.001 1.523 0.002
стали 0.001 0.42 0.0
принимает 0.001 1.046 0.001
новую 0.001 0.921 0.001
якобы 0.001 0.854 0.001
руководящие 0.001 2.0 0.002
весь 0.001 0.638 0.001
2021-го 0.001 1.155 0.001
российскую 0.001 0.745 0.001
по-прежнему 0.001 0.824 0.001
легализациигей-браков 0.001 2.0 0.002
пшемысля 0.001 1.699 0.002
безопасно 0.001 0.066 0.0
греции 0.002 2.0 0.004
красноречиво 0.001 2.0 0.002
youtube 0.001 0.06 0.0
стопроцентной 0.001 2.0 0.002
бундестаге 0.001 1.301 0.001
создано 0.001 0.097 0.0
купить 0.001 0.886 0.001
искал 0.001 1.523 0.002
которого 0.001 0.585 0.001
защиту 0.001 1.097 0.001
еврозоны 0.001 2.0 0.002
многие 0.001 0.284 0.0
средством 0.001 0.102 0.0
покинуть 0.001 1.0 0.001
обнаружила 0.001 1.699 0.002
фейсбуке 0.001 1.301 0.001
алексей 0.001 0.886 0.001
вправо 0.001 2.0 0.002
функционере 0.001 2.0 0.002
говорят 0.001 0.432 0.0
прикрытия 0.001 2.0 0.002
абсолютно 0.001 0.721 0.001
границ 0.001 1.523 0.002
апс 0.001 2.0 0.002
друзей 0.001 0.959 0.001
представители 0.001 1.097 0.001
своей 0.002 0.42 0.001
приезжали 0.001 1.699 0.002
адг 0.004 2.0 0.008
лидеров 0.001 1.301 0.001
добиться 0.001 1.222 0.001
стать 0.002 0.699 0.001
девяностых 0.001 1.398 0.001
едут 0.001 1.301 0.001
нацистский 0.001 2.0 0.002
парламент 0.001 1.699 0.002
подготовленная 0.001 2.0 0.002
призывает 0.001 1.398 0.001
российских 0.002 0.337 0.001
александр 0.002 0.538 0.001
лидера 0.001 1.301 0.001
европейских 0.001 1.046 0.001
режим 0.001 0.921 0.001
делегировала 0.001 2.0 0.002
бундестага 0.001 1.523 0.002
единомышленников 0.001 1.699 0.002
помощников 0.001 1.523 0.002
джордж 0.001 1.398 0.001
огромное 0.001 1.398 0.001
время 0.002 0.102 0.0
публикации 0.001 0.886 0.001
мекленбург 0.001 2.0 0.002
защита 0.001 1.097 0.001
откровенные 0.001 1.699 0.002
австрийского 0.001 2.0 0.002
центра 0.002 0.77 0.002
вероятностью 0.001 1.097 0.001
стоит 0.001 0.509 0.001
американское 0.001 1.699 0.002
тысячелетней 0.001 2.0 0.002
конце 0.001 0.745 0.001
рекламаmeduza 0.001 0.066 0.0
состояли 0.001 2.0 0.002
войне 0.002 0.62 0.001
getty 0.001 0.886 0.001
anton 0.001 1.699 0.002
германию 0.001 1.097 0.001
журналист 0.001 1.0 0.001
постоянно 0.001 0.62 0.001
совета 0.001 0.959 0.001
исламофобию 0.001 2.0 0.002
михаил 0.001 0.959 0.001
участник 0.001 1.523 0.002
наибольшего 0.001 2.0 0.002
прежде 0.001 0.62 0.001
неонацистов 0.001 2.0 0.002
объединяющих 0.001 2.0 0.002
заявили 0.001 1.0 0.001
региональных 0.001 1.301 0.001
совет 0.001 1.155 0.001
назад 0.002 0.18 0.0
издание 0.001 0.721 0.001
позицию 0.001 1.222 0.001
мог 0.001 0.824 0.001
птичьего 0.001 1.523 0.002
украинских 0.003 0.824 0.002
телеканала 0.001 1.046 0.001
фотографий 0.001 1.523 0.002
радикальной 0.001 2.0 0.002
кодекс 0.001 0.066 0.0
также 0.001 0.237 0.0
десятилетия 0.001 1.301 0.001
культурного 0.001 2.0 0.002
экономики 0.001 1.155 0.001
выход 0.001 1.097 0.001
удовлетворении 0.001 2.0 0.002
немецким 0.001 2.0 0.002
очередь 0.001 0.62 0.001
идеи 0.001 1.155 0.001
delmanowicz 0.001 2.0 0.002
общества 0.001 0.824 0.001
успеха 0.001 1.398 0.001
коротко 0.001 0.824 0.001
введения 0.001 0.796 0.001
последних 0.001 1.0 0.001
разлетелись 0.001 1.523 0.002
экстремистской 0.001 1.301 0.001
западными 0.001 1.301 0.001
предлагала 0.001 1.699 0.002
твиттере 0.001 1.398 0.001
вконтакте 0.001 0.066 0.0
газ 0.001 1.523 0.002
одновременно 0.001 0.796 0.001
лагеря 0.001 2.0 0.002
доказательств 0.001 1.155 0.001
название 0.001 0.921 0.001
санкции 0.002 0.77 0.002
праворадикальной 0.001 2.0 0.002
заявлении 0.001 1.523 0.002
депутатом 0.001 2.0 0.002
выделите 0.001 0.066 0.0
неоимперства 0.001 2.0 0.002
передняя 0.001 2.0 0.002
воздерживается 0.001 2.0 0.002
против 0.004 0.229 0.001
той 0.001 0.62 0.001
европу 0.001 1.155 0.001
публикация 0.001 1.222 0.001
украинскую 0.001 1.301 0.001
успех 0.001 1.222 0.001
дмитрий 0.001 0.658 0.001
канцлер 0.001 1.699 0.002
государственных 0.001 1.0 0.001
вечерняя 0.001 0.066 0.0
умер 0.001 1.046 0.001
евроскептиков 0.001 2.0 0.002
поддержки 0.001 0.066 0.0
называть 0.002 1.0 0.002
закреплено 0.001 2.0 0.002
старейших 0.001 2.0 0.002
называют 0.002 0.699 0.001
декларируемых 0.001 2.0 0.002
стал 0.001 0.658 0.001
российского 0.002 0.62 0.001
запада 0.001 1.301 0.001
итоге 0.001 0.62 0.001
сказано 0.001 0.921 0.001
трансформации 0.001 2.0 0.002
наоборот 0.001 0.824 0.001
признает 0.001 1.398 0.001
исповедует 0.001 2.0 0.002
android 0.001 0.066 0.0
геннадия 0.001 2.0 0.002
особенно 0.001 0.553 0.001
депортировать 0.001 2.0 0.002
нужна 0.001 0.092 0.0
марта 0.002 0.319 0.001
вокруг 0.001 0.721 0.001
запретить 0.001 1.398 0.001
южан 0.001 2.0 0.002
политике 0.001 1.222 0.001
конференции 0.001 1.398 0.001
убивали 0.001 1.398 0.001
правоэкстремистские 0.001 2.0 0.002
трудолюбивых 0.001 2.0 0.002
маттео 0.003 2.0 0.006
роснефти 0.001 2.0 0.002
images/ipon 0.001 2.0 0.002
рабочим 0.001 1.699 0.002
кремлем 0.004 1.699 0.007
ле 0.005 2.0 0.01
медузе 0.002 0.066 0.0
первый 0.001 0.481 0.0
медузу 0.001 0.066 0.0
обработки 0.001 0.066 0.0
австрийской 0.001 2.0 0.002
массовой 0.001 0.097 0.0
деятельностью 0.001 1.523 0.002
госдумы 0.001 1.155 0.001
согласиться 0.001 1.699 0.002
земли 0.001 0.959 0.001
политологи 0.001 2.0 0.002
словам 0.001 0.658 0.001
обмен 0.001 1.301 0.001
наблюдение 0.001 1.398 0.001
патриотизма 0.001 2.0 0.002
твиттер 0.001 2.0 0.002
ангела 0.001 2.0 0.002
типичны 0.001 2.0 0.002
незадекларированное 0.001 2.0 0.002
константин 0.001 1.523 0.002
московском 0.001 1.699 0.002
действиях 0.001 1.155 0.001
неназванных 0.001 1.699 0.002
путин 0.003 0.658 0.002
имя 0.001 1.046 0.001
размером 0.001 1.699 0.002
французов 0.001 2.0 0.002
кнайсль 0.002 2.0 0.004
свое 0.001 0.721 0.001
гитлером 0.001 1.222 0.001
здания 0.001 1.097 0.001
европейской 0.001 1.301 0.001
метрополе 0.001 2.0 0.002
реклама 0.001 0.066 0.0
последствий 0.001 0.959 0.001
макаровой 0.001 2.0 0.002
войдет 0.001 2.0 0.002
кремлю 0.002 1.301 0.003
бюджета 0.001 1.699 0.002
виду 0.001 0.745 0.001
репутации 0.001 1.523 0.002
россии 0.005 0.119 0.001
замене 0.001 2.0 0.002
гауланд 0.001 2.0 0.002
нейтральную 0.001 2.0 0.002
сторонники 0.001 1.222 0.001
агента 0.001 0.097 0.0
пять 0.001 0.509 0.001
вышел 0.001 1.0 0.001
июне 0.001 1.097 0.001
вынуждены 0.001 1.097 0.001
крыму 0.001 1.523 0.002
досье 0.001 1.301 0.001
называл 0.001 1.699 0.002
покупке 0.001 2.0 0.002
участвовали 0.001 1.155 0.001
пена 0.001 2.0 0.002
разнице 0.001 2.0 0.002
висел 0.001 2.0 0.002
законам 0.001 1.398 0.001
избавиться 0.001 1.523 0.002
бабаков 0.001 2.0 0.002
построить 0.001 1.699 0.002
2018-2019 0.001 2.0 0.002
дугиным 0.001 2.0 0.002
россией 0.002 0.824 0.002
сторонами 0.001 2.0 0.002
вторжения 0.002 0.77 0.002
запись 0.001 1.301 0.001
итальянского 0.001 1.699 0.002
мир 0.001 0.553 0.001
бывший 0.001 0.921 0.001
австрийская 0.001 2.0 0.002
денег 0.002 0.886 0.002
удастся 0.001 1.155 0.001
выборы 0.001 1.398 0.001
читателейнам 0.001 0.174 0.0
страны 0.003 0.444 0.001
россиянка 0.001 1.699 0.002
опубликованы 0.001 1.0 0.001
посещения 0.001 1.523 0.002
удалось 0.001 0.523 0.001
влиянием 0.001 1.699 0.002
остановите 0.001 1.301 0.001
подрисованы 0.001 2.0 0.002
старой 0.001 1.523 0.002
немецкие 0.001 1.523 0.002
требовал 0.001 2.0 0.002
порядку 0.001 0.066 0.0
сочетание 0.001 1.301 0.001
обратились 0.001 1.699 0.002
работает 0.001 0.367 0.0
необходимо 0.001 0.585 0.001
единичные 0.001 1.523 0.002
высшее 0.001 2.0 0.002
приверженностью 0.001 2.0 0.002
самый 0.001 0.721 0.001
денацификация 0.001 1.699 0.002
впоследствии 0.001 1.301 0.001
объединение 0.001 1.699 0.002
острове 0.001 2.0 0.002
съездили 0.001 2.0 0.002
гуннар 0.001 2.0 0.002
компаниям 0.001 1.398 0.001
россиянке 0.001 2.0 0.002
сальвини 0.005 2.0 0.01
захара 0.001 2.0 0.002
российской 0.001 0.432 0.0
основанная 0.001 2.0 0.002
неприятие 0.001 1.699 0.002
нейтралитет 0.001 1.699 0.002
обрести 0.001 2.0 0.002
духе 0.001 1.699 0.002
день 0.001 0.328 0.0
меркель 0.001 1.699 0.002
довольно 0.001 0.523 0.001
донецк 0.001 1.523 0.002
попали 0.001 0.886 0.001
первую 0.001 0.638 0.001
начале 0.001 0.602 0.001
мануэля 0.001 2.0 0.002
украинском 0.001 1.398 0.001
нынешние 0.001 1.523 0.002
долгий 0.001 1.222 0.001
слишком 0.001 0.553 0.001
занял 0.001 1.699 0.002
коалицию 0.001 2.0 0.002
полтора 0.001 1.398 0.001
последовательно 0.001 1.398 0.001
лига 0.002 2.0 0.004
солдат 0.001 1.301 0.001
колумнисткой 0.001 2.0 0.002
помимо 0.001 0.796 0.001
ведомством 0.001 2.0 0.002
башни 0.001 1.699 0.002
приглашены 0.001 2.0 0.002
images 0.001 0.796 0.001
rai 0.001 2.0 0.002
фронмайер 0.002 2.0 0.004
структурами 0.001 1.398 0.001
половину 0.001 1.523 0.002
случае 0.001 0.357 0.0
вести 0.001 0.824 0.001
век 0.001 2.0 0.002
откровенного 0.001 2.0 0.002
иностранным 0.001 0.097 0.0
определении 0.001 2.0 0.002
делают 0.001 0.745 0.001
например 0.001 0.229 0.0
хайнца-кристиана 0.001 2.0 0.002
населенного 0.001 2.0 0.002
zuma 0.001 1.398 0.001
племянницей 0.001 2.0 0.002
фронт 0.004 1.398 0.006
февраля 0.001 0.387 0.0
общественного 0.001 1.155 0.001
пару 0.001 0.77 0.001
полном 0.001 1.523 0.002
присоединения 0.001 1.398 0.001
хрупалла 0.001 2.0 0.002
столом 0.001 1.398 0.001
каплей 0.001 2.0 0.002
epa 0.001 0.959 0.001
поддержите 0.001 0.102 0.0
суд 0.002 1.301 0.003
имелись 0.001 1.699 0.002
официальной 0.002 1.046 0.002
оксенрайтер 0.001 2.0 0.002
опубликовало 0.001 1.523 0.002
обосновывая 0.001 2.0 0.002
августа 0.001 1.222 0.001
пленарном 0.001 2.0 0.002
партию 0.003 1.398 0.004
году 0.012 0.367 0.004
ничем 0.001 1.155 0.001
востоке 0.001 1.155 0.001
евросоюза 0.001 1.222 0.001
участия 0.001 1.222 0.001
лет 0.002 0.252 0.001
необычна 0.001 2.0 0.002
разрешили 0.001 1.097 0.001
третье 0.001 1.523 0.002
вопрос 0.001 0.42 0.0
проблем 0.001 0.796 0.001
собственных 0.001 1.155 0.001
данные 0.001 0.066 0.0
национал-патриотических 0.001 2.0 0.002
справа 0.001 1.301 0.001
белых 0.001 1.523 0.002
мешало 0.001 2.0 0.002
сорос 0.001 1.523 0.002
соколов/тасс 0.001 2.0 0.002
требующей 0.001 2.0 0.002
подвергшейся 0.001 2.0 0.002
внутренних 0.001 1.523 0.002
донецке 0.001 1.398 0.001
концов 0.001 1.301 0.001
предлагается 0.001 1.398 0.001
помогал 0.001 1.398 0.001
отвечает 0.001 0.854 0.001
новых 0.001 0.678 0.001
требованием 0.001 1.398 0.001
признание 0.001 1.398 0.001
косвенным 0.001 1.699 0.002
лидер 0.001 1.301 0.001
австрийцев 0.001 1.699 0.002
признать 0.001 1.0 0.001
северных 0.001 2.0 0.002
отпуск 0.001 2.0 0.002
выгодной 0.001 2.0 0.002
дочерью 0.001 1.523 0.002
немецких 0.001 1.222 0.001
популистской 0.001 2.0 0.002
заключали 0.001 2.0 0.002
алжире 0.001 2.0 0.002
нейтралитету 0.001 2.0 0.002
особое 0.001 2.0 0.002
тысяч 0.001 0.337 0.0
госсовета 0.001 1.523 0.002
предложили 0.001 1.222 0.001
называлось 0.001 2.0 0.002
полуострова 0.001 2.0 0.002
признакам 0.001 1.699 0.002
миллионер 0.001 2.0 0.002
власть 0.001 0.959 0.001
российскими 0.001 0.854 0.001
посредником 0.001 1.699 0.002
источник 0.001 0.174 0.0
“ 0.001 0.432 0.0
хочу 0.001 0.137 0.0
рассказывает 0.001 0.569 0.001
умеренный 0.001 2.0 0.002
pool 0.001 1.523 0.002
главной 0.001 1.398 0.001
находится 0.001 0.678 0.001
подать 0.001 1.523 0.002
европейцев 0.001 1.523 0.002
подрядов 0.001 2.0 0.002
отправляли 0.001 1.523 0.002
поместье 0.001 2.0 0.002
правила 0.001 0.066 0.0
финансовую 0.001 1.523 0.002
савино 0.001 2.0 0.002
филантроп 0.001 1.523 0.002
заседании 0.001 1.301 0.001
хотела 0.001 1.222 0.001
лоббист 0.001 2.0 0.002
счета 0.001 1.699 0.002
двадцать 0.001 0.959 0.001
приток 0.001 2.0 0.002
ограничить 0.001 1.699 0.002
© 0.001 0.0 0.0
хайдера 0.001 2.0 0.002
достоверно 0.001 1.155 0.001
би-би-си 0.001 1.523 0.002
правой 0.001 1.523 0.002
утечкам 0.001 2.0 0.002
настоящей 0.001 1.301 0.001
нефть 0.001 2.0 0.002
тино 0.001 2.0 0.002
фрагментами 0.001 2.0 0.002
выходцев 0.001 2.0 0.002
помощь 0.002 0.097 0.0
сменилось 0.001 2.0 0.002
президентских 0.001 2.0 0.002
парламентских 0.001 2.0 0.002
заняв 0.001 2.0 0.002
инфаркта 0.001 2.0 0.002
обилие 0.001 2.0 0.002
консенсуса 0.001 1.699 0.002
войны 0.001 0.42 0.0
симпатизировавшей 0.001 2.0 0.002
теориям 0.001 2.0 0.002
вермахта 0.001 2.0 0.002
дел 0.002 1.046 0.002
около 0.001 0.432 0.0
подозревали 0.001 1.699 0.002
просил 0.001 1.699 0.002
споры 0.001 1.398 0.001
вице-премьером 0.001 2.0 0.002
новости 0.001 0.481 0.0
войной 0.001 1.097 0.001
выступавших 0.001 1.699 0.002
активных 0.001 1.523 0.002
гуденус 0.001 2.0 0.002
политика 0.001 1.0 0.001
разгромил 0.001 2.0 0.002
дружили 0.001 1.699 0.002
спецслужбам 0.001 2.0 0.002
партийных 0.001 2.0 0.002
бизнесмен 0.001 1.699 0.002
оно 0.001 0.444 0.0
агитационных 0.001 2.0 0.002
неоднозначный 0.001 2.0 0.002
французских 0.001 2.0 0.002
тимченко 0.001 1.699 0.002
встрече 0.002 1.301 0.003
направляла 0.001 2.0 0.002
пожалуй 0.001 1.523 0.002
футболку 0.001 1.699 0.002
итальянцы 0.001 2.0 0.002
призывом 0.001 1.222 0.001
директоров 0.001 1.398 0.001
цветы 0.001 1.523 0.002
ведут 0.001 1.046 0.001
публике 0.001 1.699 0.002
porta 0.001 2.0 0.002
устройства 0.001 1.699 0.002
савоини 0.001 2.0 0.002
границы 0.001 1.301 0.001
является 0.001 0.745 0.001
лозунги 0.001 1.523 0.002
бундестаг 0.001 2.0 0.002
правого 0.001 2.0 0.002
атаке 0.001 1.398 0.001
элис 0.001 2.0 0.002
показывать 0.001 0.066 0.0
решит 0.001 1.523 0.002
многим 0.001 1.097 0.001
twitter 0.001 0.0 0.0
традиционных 0.001 1.523 0.002
европы 0.002 0.796 0.002
платформы 0.001 0.066 0.0
смягчила 0.001 2.0 0.002
итальянский 0.001 2.0 0.002
представителей 0.001 1.0 0.001
понять 0.001 0.721 0.001
отрицание 0.001 1.699 0.002
выборов 0.001 1.523 0.002
которые 0.001 0.119 0.0
немцев 0.001 1.523 0.002
наблюдателей 0.001 1.523 0.002
meduza 0.001 0.0 0.0
поместится 0.001 2.0 0.002
пророссийский 0.001 2.0 0.002
выступает 0.001 1.0 0.001
прочего 0.001 1.398 0.001
антиисламизма 0.001 2.0 0.002
александром 0.001 1.523 0.002
востока 0.001 1.301 0.001
футболке 0.001 2.0 0.002
оксенрайтера 0.001 2.0 0.002
журналиста 0.001 1.398 0.001
из-за 0.001 0.229 0.0
праворадикальных 0.001 2.0 0.002
отдававшие 0.001 2.0 0.002
проблемой 0.001 1.097 0.001
отказали 0.001 1.398 0.001
нашим 0.001 1.155 0.001
плана 0.001 1.699 0.002
страна 0.001 0.796 0.001
значит 0.001 0.444 0.0
ближе 0.001 1.046 0.001
гифки 0.001 0.066 0.0
вышла 0.001 0.959 0.001
санкций 0.001 0.745 0.001
сути 0.001 0.959 0.001
годов 0.001 1.0 0.001
людей 0.001 0.161 0.0
говорит 0.002 0.409 0.001
вернулась 0.001 1.398 0.001
голосовал 0.001 2.0 0.002
политического 0.001 1.155 0.001
главных 0.001 0.678 0.001
европе 0.002 0.658 0.001
fabrizio 0.001 2.0 0.002
правящую 0.001 2.0 0.002
сочтя 0.001 2.0 0.002
включая 0.001 0.959 0.001
золотая 0.001 2.0 0.002
настолько 0.001 0.886 0.001
карин 0.002 2.0 0.004
основал 0.001 2.0 0.002
вознаграждались 0.001 2.0 0.002
территории 0.001 0.796 0.001
возвращение 0.001 1.301 0.001
который 0.002 0.194 0.0
анонимно 0.001 0.066 0.0
второй 0.002 0.42 0.001
фракция 0.001 2.0 0.002
ваша 0.001 0.102 0.0
богатых 0.001 2.0 0.002
zeitung 0.001 2.0 0.002
некотором 0.001 1.699 0.002
италия 0.001 1.222 0.001
избирателя 0.001 1.699 0.002
целей 0.001 1.301 0.001
куки 0.001 0.066 0.0
путину 0.001 0.959 0.001
путиным 0.001 1.699 0.002
вскоре 0.001 1.0 0.001
вплоть 0.001 1.222 0.001
позиция 0.001 1.0 0.001
гитлера 0.001 1.523 0.002
европа 0.001 0.886 0.001
использование 0.001 0.066 0.0
руководит 0.001 1.699 0.002
политик 0.001 2.0 0.002
требовала 0.001 2.0 0.002
называемых 0.001 1.222 0.001
года 0.006 0.167 0.001
en 0.001 0.066 0.0
процесс 0.001 0.921 0.001
константином 0.001 2.0 0.002
будучи 0.001 1.398 0.001
украина 0.001 0.699 0.001
законе 0.001 1.699 0.002
выступал 0.001 1.398 0.001
поджога 0.001 2.0 0.002
суверенитет 0.001 1.398 0.001
движением 0.001 1.699 0.002
существенно 0.001 0.721 0.001
насколько 0.001 0.42 0.0
октября 0.001 1.0 0.001
человека 0.001 0.328 0.0
меркам 0.001 1.301 0.001
идеологом 0.001 2.0 0.002
крыма 0.001 1.0 0.001
ультраправые 0.001 1.523 0.002
фбк 0.001 2.0 0.002
существования 0.001 1.301 0.001
националистов 0.001 1.699 0.002
свой 0.001 0.585 0.001
годах 0.001 1.155 0.001
получил 0.001 0.959 0.001
евроскептицизма 0.001 2.0 0.002
поддерживал 0.001 1.699 0.002
которой 0.002 0.377 0.001
вообще 0.002 0.066 0.0
главой 0.001 1.398 0.001
лишь 0.001 0.481 0.0
щедро 0.001 1.699 0.002
голосов 0.001 2.0 0.002
танцует 0.001 1.699 0.002
убеждений 0.001 1.699 0.002
российско-чешского 0.001 2.0 0.002
степени 0.001 0.721 0.001
инсценировка 0.001 2.0 0.002
делегации 0.001 1.699 0.002
преступлении 0.001 1.699 0.002
сократила 0.001 2.0 0.002
верховную 0.001 2.0 0.002
экстремизм 0.001 2.0 0.002
новая 0.001 0.678 0.001
основатель 0.001 1.523 0.002
помочь 0.001 0.131 0.0
посетил 0.001 2.0 0.002
влияние 0.001 1.046 0.001
людьми 0.001 0.745 0.001
обвинить 0.001 1.699 0.002
евроскептицизм 0.001 2.0 0.002
альтернативой 0.001 1.699 0.002
buzzfeed 0.001 2.0 0.002
италии 0.002 1.398 0.003
москву 0.001 1.398 0.001
занимал 0.001 1.699 0.002
функционеры 0.001 2.0 0.002
свободы 0.004 1.155 0.005
комментарий 0.001 1.523 0.002
мальгавко 0.001 1.699 0.002
организации 0.001 0.658 0.001
случаи 0.001 0.721 0.001
сми 0.001 0.602 0.001
которое 0.001 0.337 0.0
страной 0.001 0.959 0.001
отделение 0.001 1.398 0.001
смогла 0.001 1.155 0.001
продемонстрировали 0.001 2.0 0.002
новостиисторииразборшапитокоронавирусмагаз 0.001 0.066 0.0
фронмайере 0.001 2.0 0.002
харизматичного 0.001 2.0 0.002
обычно 0.001 0.523 0.001
современной 0.001 1.523 0.002
десять 0.001 0.824 0.001
gaillard 0.001 2.0 0.002
записки 0.001 1.699 0.002
сосредоточена 0.001 2.0 0.002
должны 0.001 0.432 0.0
открыла 0.001 1.523 0.002
оправдано 0.001 2.0 0.002
которая 0.001 0.301 0.0
фронта 0.001 1.523 0.002
выполняющим 0.001 0.097 0.0
диалог 0.001 2.0 0.002
ошибку 0.001 0.066 0.0
республик 0.001 1.523 0.002
соратник 0.001 2.0 0.002
материалы 0.001 0.824 0.001
народом 0.001 1.523 0.002
успешных 0.001 1.398 0.001
популистами 0.001 2.0 0.002
австрийский 0.001 2.0 0.002
требует 0.001 0.824 0.001
официально 0.001 0.959 0.001
депортации 0.001 1.699 0.002
подлинный 0.001 2.0 0.002
материал 0.001 0.086 0.0
большой 0.001 0.569 0.001
темы 0.001 1.301 0.001
a 0.001 0.699 0.001
сделки 0.001 1.523 0.002
опасен 0.001 1.222 0.001
вопросам 0.001 1.398 0.001
советских 0.001 1.699 0.002
таким 0.001 0.658 0.001
чечню 0.001 2.0 0.002
олигарха 0.003 1.699 0.005
расследованиецентра 0.001 2.0 0.002
снять 0.001 1.301 0.001
оказывает 0.001 1.699 0.002
неонацистской 0.001 2.0 0.002
войдя 0.001 2.0 0.002
примерно 0.001 0.585 0.001
мэр 0.001 1.097 0.001
принимать 0.001 0.721 0.001
контакты 0.001 1.0 0.001
ультраправых 0.001 2.0 0.002
став 0.001 1.523 0.002
пытается 0.001 0.921 0.001
германии 0.007 0.854 0.006
маркус 0.001 2.0 0.002
известно 0.001 0.481 0.0
бескорыстно 0.001 2.0 0.002
кремлевских 0.001 1.699 0.002
встречи 0.001 1.301 0.001
боевых 0.001 1.0 0.001
выдачи 0.001 1.699 0.002
больших 0.001 1.097 0.001
результатов 0.001 0.886 0.001
внешнюю 0.001 2.0 0.002
французского 0.001 1.398 0.001
fric 0.001 2.0 0.002
прошлого 0.001 1.222 0.001
ультраправой 0.001 2.0 0.002
судить 0.001 0.959 0.001
политику 0.001 1.046 0.001
активистом 0.001 2.0 0.002
портрет 0.001 2.0 0.002
землях 0.001 2.0 0.002
критики 0.001 1.301 0.001
сбежал 0.001 1.699 0.002
правый 0.001 1.699 0.002
использовать 0.001 0.585 0.001
альтернативы 0.004 1.301 0.005
резко 0.001 0.854 0.001
заявляет 0.001 1.523 0.002
часть 0.001 0.456 0.0
образом 0.001 0.602 0.001
инстаграм 0.001 0.066 0.0
выборах 0.004 1.398 0.006
неевропейцев 0.001 2.0 0.002
практически 0.001 0.602 0.001
добивалась 0.001 2.0 0.002
врагом 0.001 1.699 0.002
отказ 0.001 0.959 0.001
признала 0.001 1.699 0.002
единой 0.001 1.301 0.001
исламизации 0.001 2.0 0.002
это 0.005 0.066 0.0
кадыровскую 0.001 2.0 0.002
названием 0.001 1.155 0.001
eric 0.001 1.699 0.002
идеологической 0.001 2.0 0.002
afp 0.001 0.854 0.001
калерги 0.001 2.0 0.002
дело 0.001 0.509 0.001
марки 0.001 2.0 0.002
высказывания 0.001 1.699 0.002
консерваторы 0.001 1.699 0.002
дугин 0.001 2.0 0.002
осетии 0.001 2.0 0.002
работаем 0.001 0.161 0.0
заговора 0.001 1.523 0.002
нелегальных 0.001 2.0 0.002
сентябре 0.001 1.398 0.001
участников 0.001 0.824 0.001
лучшими 0.001 1.699 0.002
ключевой 0.001 1.523 0.002
рупором 0.001 1.301 0.001
english 0.001 0.06 0.0
метрах 0.001 2.0 0.002
африки 0.001 1.398 0.001
поддержка 0.001 0.167 0.0
квартиру 0.001 1.222 0.001
фадеичев/тасс 0.001 2.0 0.002
дотягивает 0.001 2.0 0.002
годы 0.004 0.745 0.003
августе 0.001 1.0 0.001
уровнях 0.001 2.0 0.002
гдр 0.001 1.523 0.002
множество 0.001 0.959 0.001
разгорелся 0.001 2.0 0.002
считает 0.002 0.678 0.001
благодарностью 0.001 2.0 0.002
иной 0.001 1.222 0.001
самих 0.001 0.921 0.001
польского 0.001 1.699 0.002
поскольку 0.001 0.678 0.001
facebook 0.001 0.0 0.0
менее 0.001 0.432 0.0
штрахе 0.003 2.0 0.006
хочет 0.001 0.854 0.001
наблюдателем 0.001 2.0 0.002
разрешил 0.001 1.699 0.002
австрии 0.003 1.301 0.004
настаивая 0.001 2.0 0.002
вроде 0.001 0.658 0.001
задокументированы 0.001 2.0 0.002
венгерского 0.001 2.0 0.002
миллиона 0.001 0.77 0.001
scanpix 0.003 0.301 0.001
очевидны 0.001 1.699 0.002
мировой 0.001 0.886 0.001
двигался 0.001 2.0 0.002
войск 0.001 1.046 0.001
ужгороде 0.001 2.0 0.002
странице 0.001 1.301 0.001
риме 0.001 2.0 0.002
персональные 0.001 0.066 0.0
конфликт 0.001 1.097 0.001
беженцев 0.002 1.301 0.003
активно 0.001 0.77 0.001
германия 0.001 1.046 0.001
итогам 0.001 1.398 0.001
летом 0.001 1.097 0.001
счет 0.001 0.824 0.001
бенефициарами 0.001 2.0 0.002
структурах 0.001 2.0 0.002
предвыборном 0.001 2.0 0.002
русофильских 0.001 2.0 0.002
моменту 0.001 1.097 0.001
эта 0.001 0.367 0.0
восхищались 0.001 1.699 0.002
которых 0.001 0.237 0.0
детективом 0.001 2.0 0.002
альтернатива 0.001 1.398 0.001
брошюра 0.001 2.0 0.002
настроить 0.001 1.699 0.002
обсуждаемых 0.001 1.699 0.002
украине 0.001 0.444 0.0
сохранять 0.001 1.301 0.001
бакун 0.001 2.0 0.002
жан-люк 0.001 2.0 0.002
однако 0.004 0.337 0.001
подконтрольный 0.001 2.0 0.002
времен 0.001 1.222 0.001
появлялся 0.001 2.0 0.002
главы 0.001 1.155 0.001
пренебрежение 0.001 2.0 0.002
сообщение 0.001 0.102 0.0
ток-шоу 0.001 1.523 0.002
алексея 0.001 1.699 0.002
