числа 0.001 0.745 0.001
🇲🇿 0.001 2.0 0.002
🇮🇷 0.001 2.0 0.002
🇨🇻 0.001 2.0 0.002
заболели 0.001 1.0 0.001
редакции 0.003 0.066 0.0
иордания 0.001 2.0 0.002
🇵🇪 0.001 2.0 0.002
csse 0.001 2.0 0.002
гибралтар 0.001 2.0 0.002
баннерам 0.001 0.066 0.0
греция 0.001 1.398 0.001
🇵🇱 0.001 2.0 0.002
россии 0.003 0.119 0.0
киргизия 0.001 2.0 0.002
🇹🇬 0.001 2.0 0.002
гифки 0.001 0.066 0.0
🇰🇿 0.001 2.0 0.002
агента 0.003 0.097 0.0
тёркс 0.001 2.0 0.002
мали 0.001 2.0 0.002
гамбия 0.001 2.0 0.002
нидерланды 0.001 1.398 0.001
республика 0.001 1.301 0.001
🇳🇵 0.001 2.0 0.002
🇺🇿 0.001 2.0 0.002
собирает 0.003 1.523 0.005
in 0.001 0.0 0.0
ангола 0.001 2.0 0.002
🇵🇭 0.001 2.0 0.002
🇬🇲 0.001 2.0 0.002
🇺🇸 0.001 2.0 0.002
🇪🇹 0.001 2.0 0.002
австрия 0.001 1.398 0.001
🇱🇧 0.001 2.0 0.002
сейшельские 0.001 1.699 0.002
финляндия 0.001 1.699 0.002
территории 0.001 0.796 0.001
венесуэла 0.001 1.699 0.002
🇶🇦 0.001 2.0 0.002
🇦🇴 0.001 2.0 0.002
египет 0.001 1.523 0.002
🇬🇶 0.001 2.0 0.002
🇮🇳 0.001 2.0 0.002
который 0.003 0.194 0.001
анонимно 0.001 0.066 0.0
🇿🇦 0.001 2.0 0.002
заболевших 0.001 0.824 0.001
🇳🇿 0.001 2.0 0.002
🇱🇷 0.001 2.0 0.002
южная 0.001 1.523 0.002
албания 0.001 2.0 0.002
ваша 0.001 0.102 0.0
🇱🇺 0.001 2.0 0.002
сайта 0.003 1.046 0.003
🇬🇦 0.001 2.0 0.002
карта 0.004 1.155 0.005
🇬🇮 0.001 2.0 0.002
🇲🇹 0.001 2.0 0.002
италия 0.001 1.222 0.001
вакцинированных 0.001 0.678 0.001
фото 0.001 0.959 0.001
🇧🇧 0.001 2.0 0.002
🇫🇴 0.001 2.0 0.002
заболевания 0.001 0.62 0.001
косово 0.001 2.0 0.002
18.03.2022 0.001 1.699 0.002
доминиканская 0.001 1.699 0.002
🇹🇭 0.001 2.0 0.002
🇲🇸 0.001 2.0 0.002
куки 0.001 0.066 0.0
🇦🇿 0.001 2.0 0.002
гайана 0.001 2.0 0.002
виргинские 0.001 2.0 0.002
использование 0.001 0.066 0.0
долю 0.001 1.222 0.001
🇺🇦 0.001 2.0 0.002
🇮🇩 0.001 2.0 0.002
🇧🇿 0.001 2.0 0.002
распространяться 0.001 1.222 0.001
индонезия 0.001 2.0 0.002
гвинея 0.004 2.0 0.008
дания 0.001 1.523 0.002
мозамбик 0.001 2.0 0.002
порядку 0.001 0.066 0.0
вьетнам 0.001 2.0 0.002
хопкинса 0.001 2.0 0.002
📝 0.001 1.699 0.002
🇷🇺 0.001 2.0 0.002
🇪🇸 0.001 2.0 0.002
en 0.001 0.066 0.0
юар 0.001 1.222 0.001
алжир 0.001 1.699 0.002
армения 0.001 2.0 0.002
исландия 0.001 1.699 0.002
штаты 0.001 1.523 0.002
🇬🇧 0.001 2.0 0.002
🇧🇮 0.001 2.0 0.002
🇰🇪 0.001 2.0 0.002
московскому 0.001 1.523 0.002
ливия 0.001 2.0 0.002
🇩🇯 0.001 2.0 0.002
джибути 0.001 2.0 0.002
🇦🇫 0.001 2.0 0.002
🇻🇳 0.001 2.0 0.002
украина 0.001 0.699 0.001
либерия 0.001 2.0 0.002
🇺🇬 0.001 2.0 0.002
распространено 0.001 0.102 0.0
🇦🇼 0.001 2.0 0.002
🇽🇰 0.001 2.0 0.002
сколько 0.001 0.585 0.001
🇩🇿 0.001 2.0 0.002
🇸🇷 0.001 2.0 0.002
бенин 0.001 2.0 0.002
ios 0.001 0.066 0.0
🇨🇷 0.001 2.0 0.002
🇻🇨 0.001 2.0 0.002
🇵🇼 0.001 2.0 0.002
сан-томе 0.001 2.0 0.002
🇧🇫 0.001 2.0 0.002
оман 0.001 2.0 0.002
🇲🇶 0.001 2.0 0.002
🇨🇦 0.001 2.0 0.002
швейцария 0.001 1.398 0.001
🇫🇷 0.001 2.0 0.002
🇦🇷 0.001 2.0 0.002
🇲🇾 0.001 2.0 0.002
французская 0.003 2.0 0.006
🇨🇼 0.001 2.0 0.002
коста-рика 0.001 2.0 0.002
латвия 0.001 1.699 0.002
🇸🇿 0.001 2.0 0.002
колумбия 0.001 2.0 0.002
🇸🇾 0.001 2.0 0.002
thomas 0.001 1.699 0.002
мадагаскар 0.001 2.0 0.002
малави 0.001 2.0 0.002
🇬🇳 0.001 2.0 0.002
андорра 0.001 2.0 0.002
🇮🇶 0.001 2.0 0.002
🇻🇬 0.001 2.0 0.002
🇿🇲 0.001 2.0 0.002
тонга 0.001 2.0 0.002
🇼🇸 0.001 2.0 0.002
маршалловы 0.001 2.0 0.002
вакцинированного 0.001 1.301 0.001
гренландия 0.001 2.0 0.002
коронавируса 0.001 0.509 0.001
турция 0.001 1.699 0.002
🇨🇺 0.001 2.0 0.002
гана 0.001 1.699 0.002
реюньон 0.001 2.0 0.002
полный 0.001 0.77 0.001
мавритания 0.001 2.0 0.002
🇧🇦 0.001 2.0 0.002
🇲🇬 0.001 2.0 0.002
габон 0.001 2.0 0.002
вообще 0.001 0.066 0.0
кайкос 0.001 2.0 0.002
эквадор 0.001 2.0 0.002
🇧🇱 0.001 2.0 0.002
🇲🇼 0.001 2.0 0.002
белиз 0.001 2.0 0.002
🇰🇲 0.001 2.0 0.002
🇸🇰 0.001 2.0 0.002
франция 0.001 1.523 0.002
истории 0.001 0.337 0.0
бахрейн 0.001 1.699 0.002
🇩🇪 0.001 2.0 0.002
перу 0.001 2.0 0.002
ирак 0.001 1.699 0.002
невис 0.001 2.0 0.002
джонса 0.001 2.0 0.002
камерун 0.001 2.0 0.002
🇱🇦 0.001 2.0 0.002
🇯🇵 0.001 2.0 0.002
🇩🇴 0.001 2.0 0.002
кайман 0.001 2.0 0.002
сент-люсия 0.001 2.0 0.002
вирусом 0.001 0.921 0.001
представлена 0.001 1.222 0.001
🇿🇼 0.001 2.0 0.002
катар 0.001 1.699 0.002
кюрасао 0.001 2.0 0.002
нашли 0.001 0.066 0.0
связи 0.001 0.0 0.0
🇷🇸 0.001 2.0 0.002
афганистан 0.001 2.0 0.002
микронезии 0.001 2.0 0.002
высчитывается 0.001 2.0 0.002
тайвань 0.001 1.699 0.002
медуза 0.003 0.066 0.0
новая 0.006 0.678 0.004
сербия 0.001 2.0 0.002
гваделупа 0.001 2.0 0.002
🇧🇸 0.001 2.0 0.002
🇸🇮 0.001 2.0 0.002
нам 0.001 0.086 0.0
🇸🇱 0.001 2.0 0.002
🇪🇨 0.001 2.0 0.002
сен-бартелеми 0.001 2.0 0.002
🇵🇸 0.001 2.0 0.002
последние 0.001 0.456 0.0
’ 0.001 0.824 0.001
мартиника 0.001 2.0 0.002
таблица 0.003 1.222 0.004
неофициальный 0.003 2.0 0.006
куба 0.001 1.699 0.002
инфекция 0.001 1.0 0.001
юридическим 0.001 0.102 0.0
румыния 0.001 2.0 0.002
камбоджа 0.001 2.0 0.002
материалам 0.001 0.066 0.0
🇦🇪 0.001 2.0 0.002
🇬🇹 0.001 2.0 0.002
число 0.001 0.658 0.001
🇱🇾 0.001 2.0 0.002
случаям 0.001 1.523 0.002
бангладеш 0.001 1.699 0.002
фиджи 0.001 2.0 0.002
зимбабве 0.001 2.0 0.002
филиппины 0.001 1.699 0.002
🇳🇪 0.001 2.0 0.002
🇱🇸 0.001 2.0 0.002
иностранным 0.001 0.097 0.0
киншаса 0.001 2.0 0.002
🇳🇱 0.001 2.0 0.002
🇸🇦 0.001 2.0 0.002
гондурас 0.001 1.699 0.002
🇨🇬 0.001 2.0 0.002
🇧🇾 0.001 2.0 0.002
доминика 0.001 2.0 0.002
числу 0.001 1.097 0.001
замбия 0.001 2.0 0.002
австралия 0.001 1.301 0.001
сен-мартен 0.001 2.0 0.002
🇭🇳 0.001 2.0 0.002
синт-мартен 0.001 2.0 0.002
лайнер 0.001 2.0 0.002
🇱🇨 0.001 2.0 0.002
сми 0.003 0.602 0.002
🇬🇪 0.001 2.0 0.002
босния 0.001 2.0 0.002
🇭🇺 0.001 2.0 0.002
🇸🇴 0.001 2.0 0.002
ctrl+enter 0.001 0.066 0.0
безопасно 0.001 0.066 0.0
новостиисторииразборшапитокоронавирусмагаз 0.001 0.066 0.0
🇵🇦 0.001 2.0 0.002
🇳🇬 0.001 2.0 0.002
рф 0.001 0.745 0.001
🇹🇨 0.001 2.0 0.002
япония 0.001 1.523 0.002
youtube 0.001 0.06 0.0
сан-марино 0.001 1.301 0.001
🇾🇪 0.001 2.0 0.002
🇪🇷 0.001 2.0 0.002
создано 0.001 0.097 0.0
🇦🇲 0.001 2.0 0.002
🇳🇨 0.001 2.0 0.002
поддержите 0.001 0.102 0.0
великобритания 0.003 1.301 0.004
эфиопия 0.001 2.0 0.002
гаити 0.001 2.0 0.002
населения 0.003 0.658 0.002
🇱🇹 0.001 2.0 0.002
бурунди 0.001 2.0 0.002
🇩🇲 0.001 2.0 0.002
🇨🇩 0.001 2.0 0.002
непал 0.001 1.699 0.002
🇧🇲 0.001 2.0 0.002
средством 0.001 0.102 0.0
🇲🇽 0.001 2.0 0.002
кувейт 0.001 1.699 0.002
выполняющим 0.003 0.097 0.0
🇲🇪 0.001 2.0 0.002
🇵🇾 0.001 2.0 0.002
ошибку 0.001 0.066 0.0
принсипи 0.001 2.0 0.002
конго 0.003 2.0 0.006
коморы 0.001 2.0 0.002
🇦🇮 0.001 2.0 0.002
🇬🇼 0.001 2.0 0.002
распространения 0.003 0.678 0.002
таджикистан 0.001 2.0 0.002
🇲🇭 0.001 2.0 0.002
jhu 0.001 2.0 0.002
🇸🇻 0.001 2.0 0.002
kienzle 0.001 2.0 0.002
🇯🇲 0.001 2.0 0.002
анонсе 0.001 1.699 0.002
мексика 0.001 1.523 0.002
статистика 0.001 1.398 0.001
соломоновы 0.001 2.0 0.002
🇹🇱 0.001 2.0 0.002
умерших 0.001 1.398 0.001
нигерия 0.001 2.0 0.002
тринидад 0.001 2.0 0.002
🇹🇳 0.001 2.0 0.002
собраны 0.001 1.398 0.001
тунис 0.001 2.0 0.002
данные 0.007 0.066 0.0
🇧🇷 0.001 2.0 0.002
🇰🇬 0.001 2.0 0.002
тимор 0.001 2.0 0.002
берем 0.001 1.398 0.001
🇳🇴 0.001 2.0 0.002
экваториальная 0.001 2.0 0.002
🇬🇫 0.001 2.0 0.002
🇧🇳 0.001 2.0 0.002
🇵🇹 0.001 2.0 0.002
мире 0.003 0.553 0.002
обновляющаяся 0.001 2.0 0.002
🇬🇱 0.001 2.0 0.002
словакия 0.001 2.0 0.002
ивуар 0.001 2.0 0.002
гвиана 0.001 2.0 0.002
данным 0.004 0.444 0.002
азербайджан 0.001 2.0 0.002
нажмите 0.001 0.066 0.0
принсесс 0.001 2.0 0.002
македония 0.001 2.0 0.002
чили 0.001 1.301 0.001
стран 0.001 0.469 0.0
🇧🇬 0.001 2.0 0.002
численности 0.001 1.398 0.001
продолжает 0.001 0.658 0.001
парагвай 0.001 1.699 0.002
🇰🇭 0.001 2.0 0.002
эсватини 0.001 2.0 0.002
иностранного 0.003 0.102 0.0
🇧🇼 0.001 2.0 0.002
материал 0.003 0.086 0.0
🇲🇰 0.001 2.0 0.002
тобаго 0.001 2.0 0.002
🇸🇲 0.001 2.0 0.002
микелон 0.001 2.0 0.002
уганда 0.001 2.0 0.002
🇳🇦 0.001 2.0 0.002
– 0.001 0.06 0.0
доля 0.001 0.959 0.001
процент 0.001 1.398 0.001
ковида 0.001 0.444 0.0
leta 0.001 0.301 0.0
кот-д 0.001 2.0 0.002
нами 0.001 0.066 0.0
китай 0.001 1.046 0.001
обновлено 0.001 1.699 0.002
никарагуа 0.001 2.0 0.002
🇹🇷 0.001 2.0 0.002
чехия 0.001 2.0 0.002
ирландия 0.001 1.699 0.002
рекламаmeduza 0.001 0.066 0.0
🇦🇹 0.001 2.0 0.002
🇸🇬 0.001 2.0 0.002
лицом 0.001 0.102 0.0
танзания 0.001 2.0 0.002
🇨🇾 0.001 2.0 0.002
черногория 0.001 2.0 0.002
бирма 0.001 2.0 0.002
функции 0.003 0.097 0.0
антарктида 0.001 2.0 0.002
саудовская 0.001 2.0 0.002
эритрея 0.001 2.0 0.002
лесото 0.001 2.0 0.002
бельгия 0.001 1.523 0.002
борьбе 0.001 0.796 0.001
🇨🇭 0.001 2.0 0.002
🇫🇲 0.001 2.0 0.002
венгрия 0.001 2.0 0.002
🇱🇻 0.001 2.0 0.002
нигер 0.001 2.0 0.002
🇪🇪 0.001 2.0 0.002
🇦🇩 0.001 2.0 0.002
аргентина 0.001 1.222 0.001
🇸🇩 0.001 2.0 0.002
бруней-даруссалам 0.001 2.0 0.002
привитых 0.001 0.824 0.001
региональных 0.003 1.301 0.004
мальта 0.001 2.0 0.002
вакцинировались 0.001 2.0 0.002
перейти 0.001 0.066 0.0
палестинские 0.001 2.0 0.002
🇨🇲 0.001 2.0 0.002
антигуа 0.001 2.0 0.002
🇬🇷 0.001 2.0 0.002
источник 0.004 0.174 0.001
поддержать 0.001 0.066 0.0
корея 0.001 1.699 0.002
🇧🇯 0.001 2.0 0.002
каледония 0.001 2.0 0.002
буркина-фасо 0.001 2.0 0.002
кодекс 0.001 0.066 0.0
🇰🇼 0.001 2.0 0.002
также 0.001 0.237 0.0
🇵🇫 0.001 2.0 0.002
эстония 0.001 1.699 0.002
сомали 0.001 2.0 0.002
сент-винсент 0.001 2.0 0.002
gogov.ru 0.004 1.699 0.007
высчитываем 0.001 2.0 0.002
🇹🇿 0.001 2.0 0.002
🇰🇾 0.001 2.0 0.002
🇮🇲 0.001 2.0 0.002
бутан 0.001 1.699 0.002
мьянма 0.001 2.0 0.002
о-ва 0.007 2.0 0.014
данное 0.001 0.097 0.0
прошедших 0.001 1.699 0.002
оаэ 0.001 1.301 0.001
лаос 0.001 2.0 0.002
аруба 0.001 2.0 0.002
🇹🇯 0.001 2.0 0.002
правила 0.001 0.066 0.0
умерли 0.001 1.155 0.001
намибия 0.001 2.0 0.002
уругвай 0.001 2.0 0.002
панама 0.001 2.0 0.002
🇳🇮 0.001 2.0 0.002
гватемала 0.001 1.699 0.002
вакцинации 0.004 0.553 0.002
ямайка 0.001 2.0 0.002
🇲🇫 0.001 2.0 0.002
вконтакте 0.001 0.066 0.0
🇧🇴 0.001 2.0 0.002
узбекистан 0.001 2.0 0.002
live 0.001 0.022 0.0
судан 0.003 2.0 0.006
жертв 0.001 1.097 0.001
португалия 0.001 1.699 0.002
блог 0.001 0.066 0.0
инстаграм 0.001 0.066 0.0
© 0.001 0.0 0.0
🇲🇺 0.001 2.0 0.002
🇬🇾 0.001 2.0 0.002
гренадины 0.001 2.0 0.002
🇲🇩 0.001 2.0 0.002
болгария 0.001 1.523 0.002
🇧🇹 0.001 2.0 0.002
выделите 0.001 0.066 0.0
разных 0.001 0.398 0.0
южный 0.001 1.523 0.002
обновляется 0.001 1.523 0.002
литва 0.001 1.699 0.002
коронавирусу 0.001 1.097 0.001
meduzacare 0.001 0.066 0.0
оперативный 0.001 1.699 0.002
граждан 0.001 0.638 0.001
зеландия 0.001 1.523 0.002
ватикан 0.001 2.0 0.002
🇬🇵 0.001 2.0 0.002
люксембург 0.001 2.0 0.002
ботсвана 0.001 2.0 0.002
🇮🇸 0.001 2.0 0.002
сирия 0.001 1.699 0.002
🇲🇨 0.001 2.0 0.002
кнопка 0.001 0.066 0.0
🇱🇮 0.001 2.0 0.002
🇲🇲 0.001 2.0 0.002
🇦🇱 0.001 2.0 0.002
вечерняя 0.001 0.066 0.0
🇷🇼 0.001 2.0 0.002
монтсеррат 0.001 2.0 0.002
🇨🇮 0.001 2.0 0.002
это 0.004 0.066 0.0
мэн 0.001 2.0 0.002
швеция 0.001 2.0 0.002
казахстан 0.001 1.398 0.001
сен-пьер 0.001 2.0 0.002
🇬🇩 0.001 2.0 0.002
поддержки 0.001 0.066 0.0
белоруссия 0.001 2.0 0.002
заболеваемости 0.003 0.959 0.003
🇸🇪 0.001 2.0 0.002
курс 0.001 1.155 0.001
afp 0.001 0.854 0.001
помощь 0.001 0.097 0.0
израиль 0.001 1.097 0.001
🇸🇳 0.001 2.0 0.002
монголия 0.001 1.699 0.002
🇵🇰 0.001 2.0 0.002
палау 0.001 2.0 0.002
самоа 0.001 2.0 0.002
🇹🇴 0.001 2.0 0.002
🇲🇷 0.001 2.0 0.002
малайзия 0.001 2.0 0.002
🇨🇴 0.001 2.0 0.002
🇸🇽 0.001 2.0 0.002
индия 0.001 1.523 0.002
кабо-верде 0.001 2.0 0.002
сайт 0.001 1.097 0.001
🇫🇰 0.001 2.0 0.002
🇹🇹 0.001 2.0 0.002
android 0.001 0.066 0.0
🇲🇻 0.001 2.0 0.002
english 0.001 0.06 0.0
🇰🇷 0.001 2.0 0.002
🇧🇩 0.001 2.0 0.002
оперштабов 0.003 2.0 0.006
🇩🇰 0.001 2.0 0.002
острова 0.006 1.398 0.008
нужна 0.001 0.092 0.0
фарерские 0.001 2.0 0.002
норвегия 0.001 1.301 0.001
багамы 0.001 2.0 0.002
шри-ланка 0.001 1.699 0.002
🇻🇺 0.001 2.0 0.002
аравия 0.001 2.0 0.002
вануату 0.001 2.0 0.002
штаб 0.001 1.301 0.001
🇲🇳 0.001 2.0 0.002
всем 0.001 0.252 0.0
🇫🇮 0.001 2.0 0.002
🇮🇱 0.001 2.0 0.002
🛳 0.001 2.0 0.002
требования 0.001 0.066 0.0
связаться 0.001 0.066 0.0
восточный 0.001 1.523 0.002
времени 0.001 0.523 0.001
🇱🇰 0.001 2.0 0.002
информации 0.001 0.102 0.0
🇸🇹 0.001 2.0 0.002
🇧🇪 0.001 2.0 0.002
🇦🇶 0.001 2.0 0.002
словения 0.001 2.0 0.002
сальвадор 0.001 1.699 0.002
мальдивы 0.001 2.0 0.002
барбадос 0.001 2.0 0.002
даймонд 0.001 2.0 0.002
ливан 0.001 2.0 0.002
🇨🇱 0.001 2.0 0.002
🇺🇾 0.001 2.0 0.002
маврикий 0.001 2.0 0.002
папуа 0.001 2.0 0.002
🇲🇱 0.001 2.0 0.002
руанда 0.001 2.0 0.002
браззавиль 0.001 2.0 0.002
федеративные 0.001 2.0 0.002
суринам 0.001 2.0 0.002
лихтенштейн 0.001 2.0 0.002
медузе 0.003 0.066 0.0
молдова 0.001 2.0 0.002
чад 0.001 2.0 0.002
герцеговина 0.001 2.0 0.002
фолклендские 0.001 2.0 0.002
статистику 0.003 1.301 0.004
пакистан 0.001 1.699 0.002
facebook 0.001 0.0 0.0
🇹🇩 0.001 2.0 0.002
медузу 0.003 0.066 0.0
🇨🇿 0.001 2.0 0.002
🇻🇪 0.001 2.0 0.002
сингапур 0.001 2.0 0.002
обработки 0.001 0.066 0.0
🇸🇨 0.001 2.0 0.002
🇰🇳 0.001 2.0 0.002
северная 0.001 1.301 0.001
🇯🇴 0.001 2.0 0.002
россия 0.001 0.398 0.0
иран 0.001 1.699 0.002
сенегал 0.001 2.0 0.002
ангилья 0.001 2.0 0.002
гвинея-бисау 0.001 2.0 0.002
массовой 0.001 0.097 0.0
🇮🇪 0.001 2.0 0.002
польша 0.001 1.523 0.002
🇸🇸 0.001 2.0 0.002
гренада 0.001 2.0 0.002
scanpix 0.001 0.301 0.0
таблице 0.001 1.699 0.002
спасибоgiphyза 0.001 0.066 0.0
показывать 0.001 0.066 0.0
боливия 0.001 2.0 0.002
🇦🇬 0.001 2.0 0.002
twitter 0.001 0.0 0.0
испания 0.001 1.398 0.001
университетом 0.001 1.699 0.002
полинезия 0.001 2.0 0.002
пожалуйста 0.001 0.102 0.0
🇷🇴 0.001 2.0 0.002
🇲🇦 0.001 2.0 0.002
о-в 0.001 2.0 0.002
платформы 0.003 0.066 0.0
хорватия 0.001 2.0 0.002
миру 0.001 0.796 0.001
🇷🇪 0.001 2.0 0.002
🇸🇧 0.001 2.0 0.002
общей 0.001 0.959 0.001
🇬🇭 0.001 2.0 0.002
🇧🇭 0.001 2.0 0.002
марокко 0.001 1.699 0.002
кипр 0.001 1.699 0.002
йемен 0.001 2.0 0.002
персональные 0.001 0.066 0.0
кения 0.001 2.0 0.002
🇨🇫 0.001 2.0 0.002
кирибати 0.001 2.0 0.002
сент-китс 0.001 2.0 0.002
🇦🇺 0.001 2.0 0.002
сьерра-леоне 0.001 2.0 0.002
meduza 0.004 0.0 0.0
бермудские 0.001 2.0 0.002
🇵🇲 0.001 2.0 0.002
грузия 0.001 2.0 0.002
новым 0.001 0.796 0.001
🇰🇮 0.001 2.0 0.002
🇭🇷 0.001 2.0 0.002
германия 0.001 1.046 0.001
монако 0.001 2.0 0.002
канада 0.001 2.0 0.002
коронавирусная 0.001 2.0 0.002
странах 0.001 0.495 0.0
таиланд 0.001 1.699 0.002
🇪🇬 0.001 2.0 0.002
российским 0.001 0.092 0.0
цар 0.001 2.0 0.002
барбуда 0.001 2.0 0.002
🇻🇦 0.001 2.0 0.002
🇫🇯 0.001 2.0 0.002
реклама 0.003 0.066 0.0
🇨🇳 0.001 2.0 0.002
🇹🇼 0.001 2.0 0.002
местных 0.003 1.097 0.003
сша 0.001 0.469 0.0
🇮🇹 0.001 2.0 0.002
🇭🇹 0.001 2.0 0.002
сообщение 0.001 0.102 0.0
🇴🇲 0.001 2.0 0.002
🇵🇬 0.001 2.0 0.002
бразилия 0.001 1.523 0.002
