российские 0.003 0.328 0.001
редакции 0.002 0.066 0.0
список 0.001 0.658 0.001
гарантированы 0.003 2.0 0.006
виду 0.001 0.745 0.001
баннерам 0.001 0.066 0.0
обеспечения 0.002 1.699 0.003
греция 0.002 1.398 0.003
страна 0.003 0.796 0.002
значит 0.003 0.444 0.001
каждая 0.001 1.398 0.001
россии 0.014 0.119 0.002
действительно 0.001 0.377 0.0
президент 0.001 0.854 0.001
гифки 0.001 0.066 0.0
законами 0.001 1.699 0.002
вышла 0.003 0.959 0.003
основных 0.003 0.959 0.003
агента 0.002 0.097 0.0
сути 0.001 0.959 0.001
людей 0.001 0.161 0.0
политических 0.001 1.097 0.001
валерий 0.001 1.301 0.001
лишится 0.001 2.0 0.002
документ 0.001 1.523 0.002
представительства 0.001 2.0 0.002
кроме 0.001 0.387 0.0
специальный 0.001 1.097 0.001
разрушен 0.001 1.155 0.001
законах 0.002 2.0 0.004
рамках 0.003 1.097 0.003
in 0.001 0.0 0.0
взаимодействию 0.001 2.0 0.002
повлияет 0.001 1.523 0.002
ценностей 0.001 1.523 0.002
положения 0.001 1.699 0.002
жалобы 0.001 1.523 0.002
рекомендовать 0.001 1.301 0.001
документы 0.001 0.796 0.001
право 0.003 0.824 0.002
включая 0.001 0.959 0.001
судя 0.001 0.721 0.001
насаждения 0.002 2.0 0.004
позиционировала 0.001 2.0 0.002
наша 0.001 0.77 0.001
м.пейчинович-бурич 0.001 2.0 0.002
юкоса 0.001 2.0 0.002
системы 0.001 0.585 0.001
договоров 0.002 2.0 0.004
таких 0.001 0.347 0.0
закона 0.001 1.301 0.001
ратифицировала 0.001 2.0 0.002
инструмент 0.001 1.398 0.001
возвращение 0.001 1.301 0.001
который 0.001 0.194 0.0
поданным 0.001 2.0 0.002
структура 0.002 1.301 0.003
анонимно 0.001 0.066 0.0
видимо 0.001 0.824 0.001
просто 0.001 0.194 0.0
кодексе 0.001 1.699 0.002
средство 0.001 1.301 0.001
европейская 0.003 1.398 0.004
ваша 0.002 0.102 0.0
исключение 0.001 1.398 0.001
федерации 0.003 1.155 0.003
конвенций 0.001 2.0 0.002
чаще 0.002 0.602 0.001
оценке 0.001 1.222 0.001
еспч 0.01 2.0 0.02
попытки 0.001 1.222 0.001
российское 0.002 0.921 0.002
получается 0.002 0.824 0.002
уставе 0.002 2.0 0.004
намерении 0.001 2.0 0.002
государствам 0.001 1.699 0.002
институты 0.001 1.398 0.001
гражданам 0.003 1.699 0.005
подвергавшихся 0.001 2.0 0.002
читателейнам 0.001 0.174 0.0
куки 0.001 0.066 0.0
пункты 0.001 1.155 0.001
страны 0.001 0.444 0.0
опубликованы 0.001 1.0 0.001
преступления 0.001 1.301 0.001
случится 0.001 1.398 0.001
диалога 0.001 2.0 0.002
актов 0.001 2.0 0.002
внутренние 0.001 1.097 0.001
удалось 0.001 0.523 0.001
прописаны 0.001 2.0 0.002
оказавшись 0.001 2.0 0.002
добился 0.001 2.0 0.002
злоупотребляя 0.001 2.0 0.002
десятки 0.001 0.745 0.001
использование 0.001 0.066 0.0
выплачивать 0.001 1.699 0.002
произошло 0.001 0.796 0.001
координат 0.001 2.0 0.002
протокол 0.003 1.523 0.005
ориентируясь 0.001 1.699 0.002
справедливость 0.001 1.699 0.002
исключении 0.001 2.0 0.002
порядку 0.001 0.066 0.0
карточек 0.001 0.62 0.001
генеральному 0.002 2.0 0.004
которую 0.001 0.469 0.0
игры 0.001 1.222 0.001
расстаемся 0.001 2.0 0.002
странами 0.001 1.046 0.001
года 0.009 0.167 0.002
приговора 0.001 2.0 0.002
добровольного 0.001 2.0 0.002
давшего 0.001 2.0 0.002
en 0.001 0.066 0.0
необходимо 0.002 0.585 0.001
вынесение 0.001 2.0 0.002
потеряют 0.001 2.0 0.002
правилах 0.001 1.523 0.002
исключительно 0.001 1.155 0.001
стойкое 0.001 2.0 0.002
жалобам 0.001 2.0 0.002
территорию 0.001 1.155 0.001
прекращении 0.002 1.398 0.003
распространено 0.001 0.102 0.0
введено 0.001 1.699 0.002
военной 0.001 0.921 0.001
существенно 0.001 0.721 0.001
ios 0.001 0.066 0.0
придется 0.001 0.854 0.001
внесли 0.001 1.699 0.002
расовой 0.001 2.0 0.002
распорядился 0.001 2.0 0.002
будут 0.005 0.301 0.002
действие 0.001 1.398 0.001
человека 0.015 0.328 0.005
статистики 0.001 1.222 0.001
поправок 0.001 1.699 0.002
российской 0.003 0.432 0.001
осенью 0.001 1.046 0.001
рассчитывать 0.001 1.398 0.001
оставаться 0.001 0.921 0.001
настроена 0.001 1.523 0.002
рабства 0.001 2.0 0.002
несколько 0.001 0.201 0.0
неприятие 0.001 1.699 0.002
отдельными 0.001 1.699 0.002
равноправное 0.001 2.0 0.002
допустил 0.001 1.699 0.002
личную 0.001 1.523 0.002
свой 0.001 0.585 0.001
защиты 0.002 0.824 0.002
подписавший 0.001 2.0 0.002
механизме 0.001 1.523 0.002
основном 0.002 0.553 0.001
отражены 0.001 2.0 0.002
годах 0.001 1.155 0.001
могут 0.001 0.187 0.0
своего 0.001 0.721 0.001
международном 0.002 1.301 0.003
из-под 0.001 2.0 0.002
структуру 0.001 1.222 0.001
социальных 0.001 1.155 0.001
владимир 0.001 0.62 0.001
частности 0.001 0.678 0.001
юрисдикции 0.001 2.0 0.002
довольно 0.001 0.523 0.001
пока 0.001 0.208 0.0
антироссийской 0.001 1.699 0.002
карточки 0.001 1.155 0.001
компенсацию 0.002 1.699 0.003
вообще 0.001 0.066 0.0
шаг 0.001 1.046 0.001
взаимный 0.001 2.0 0.002
вся 0.001 1.0 0.001
лишь 0.001 0.481 0.0
смертная 0.002 2.0 0.004
описана 0.001 1.523 0.002
мораторий 0.002 1.699 0.003
правам 0.005 1.398 0.007
шестой 0.003 2.0 0.006
полгода 0.002 0.886 0.002
решила 0.001 1.0 0.001
политики 0.001 0.854 0.001
частей 0.001 1.523 0.002
генерального 0.001 1.699 0.002
миллионов 0.001 0.638 0.001
ключевые 0.002 1.398 0.003
последовательно 0.001 1.398 0.001
нашли 0.001 0.066 0.0
связи 0.001 0.0 0.0
вынуждает 0.001 1.699 0.002
пейчинович-бурич 0.001 2.0 0.002
какие 0.002 0.569 0.001
видят 0.001 1.301 0.001
денонсирована 0.001 2.0 0.002
медуза 0.003 0.066 0.0
обстрелам 0.001 1.301 0.001
нам 0.001 0.086 0.0
суда 0.002 1.301 0.003
сожаления 0.001 2.0 0.002
помочь 0.001 0.131 0.0
обновление 0.001 1.097 0.001
скорее 0.001 0.509 0.001
последние 0.002 0.456 0.001
вмешательства 0.001 1.699 0.002
говорили 0.001 0.796 0.001
организацию 0.002 1.699 0.003
бедственному 0.001 2.0 0.002
исполнять 0.001 1.699 0.002
выносить 0.002 1.523 0.003
суды 0.001 1.699 0.002
юридическим 0.001 0.102 0.0
универсальных 0.001 2.0 0.002
материалам 0.001 0.066 0.0
срочно 0.002 0.167 0.0
правах 0.008 1.523 0.012
пыток 0.001 2.0 0.002
говорится 0.002 0.824 0.002
возможном 0.001 1.523 0.002
разрешает 0.001 2.0 0.002
выходит 0.001 0.959 0.001
продвигать 0.001 1.699 0.002
свободы 0.003 1.155 0.003
развития 0.001 0.886 0.001
юристы 0.001 1.699 0.002
комиссии 0.003 1.699 0.005
внешнеполитическое 0.001 1.699 0.002
единственный 0.001 0.824 0.001
стали 0.001 0.42 0.0
пространства 0.001 2.0 0.002
статье 0.001 0.854 0.001
укрепления 0.002 2.0 0.004
иностранным 0.001 0.097 0.0
европейский 0.001 1.097 0.001
неолиберального 0.001 2.0 0.002
общего 0.001 1.0 0.001
практике 0.001 1.0 0.001
организации 0.008 0.658 0.005
конституция 0.001 1.699 0.002
вступали 0.001 2.0 0.002
например 0.001 0.229 0.0
создавалась 0.001 1.699 0.002
своих 0.002 0.398 0.001
должна 0.001 0.538 0.001
положение 0.001 1.301 0.001
акционерам 0.001 1.699 0.002
военного 0.001 1.097 0.001
решение 0.003 0.509 0.002
приостановке 0.001 1.523 0.002
истцу 0.001 1.699 0.002
по-прежнему 0.001 0.824 0.001
ctrl+enter 0.001 0.066 0.0
февраля 0.001 0.387 0.0
безопасно 0.001 0.066 0.0
новостиисторииразборшапитокоронавирусмагаз 0.001 0.066 0.0
вручено 0.001 2.0 0.002
ратифицированы 0.001 2.0 0.002
рф 0.003 0.745 0.002
единства 0.001 2.0 0.002
прекращения 0.001 1.523 0.002
продолжится 0.001 1.398 0.001
опережение 0.001 2.0 0.002
выходу 0.001 1.523 0.002
практики 0.002 1.301 0.003
youtube 0.001 0.06 0.0
выполнила 0.001 2.0 0.002
марте 0.001 1.046 0.001
создано 0.001 0.097 0.0
путем 0.001 1.301 0.001
жизнь 0.002 0.538 0.001
внезапно 0.001 1.523 0.002
делам 0.001 1.699 0.002
ликвидации 0.001 2.0 0.002
справедливый 0.002 2.0 0.004
поддержите 0.001 0.102 0.0
случилось 0.002 0.658 0.001
украины 0.001 0.569 0.001
суд 0.008 1.301 0.01
обращались 0.001 1.523 0.002
использовали 0.001 1.046 0.001
признавал 0.001 1.699 0.002
достаточно 0.003 0.444 0.001
органа 0.001 2.0 0.002
граждане 0.001 1.222 0.001
объединительный 0.001 2.0 0.002
поэтому 0.001 0.328 0.0
многие 0.001 0.284 0.0
средством 0.001 0.102 0.0
выполняющим 0.002 0.097 0.0
прав 0.007 1.097 0.008
соответствии 0.001 1.0 0.001
исполняет 0.001 2.0 0.002
году 0.003 0.367 0.001
идеологического 0.001 2.0 0.002
принять 0.002 0.921 0.002
исключения 0.001 1.097 0.001
свободу 0.002 1.0 0.002
председатель 0.001 1.699 0.002
ровно 0.001 1.222 0.001
ошибку 0.001 0.066 0.0
официального 0.001 1.301 0.001
июня 0.001 0.854 0.001
ратифицировавший 0.001 2.0 0.002
вторжение 0.001 1.097 0.001
евросоюза 0.002 1.222 0.002
норм 0.001 1.699 0.002
давления 0.001 1.0 0.001
грозит 0.001 1.155 0.001
лет 0.002 0.252 0.001
предварительно 0.001 2.0 0.002
секретаря 0.001 1.699 0.002
впервые 0.001 0.824 0.001
искать 0.001 0.854 0.001
противоречат 0.001 1.222 0.001
безопасность 0.001 0.921 0.001
совете 0.002 1.699 0.003
договора 0.001 1.301 0.001
законодательства 0.001 1.699 0.002
оказания 0.001 2.0 0.002
министерство 0.001 1.301 0.001
с. 0.002 1.699 0.003
народов 0.001 1.699 0.002
фактически 0.001 0.721 0.001
своей 0.001 0.42 0.0
фактов 0.001 1.301 0.001
прагматичному 0.001 2.0 0.002
составляет 0.001 0.921 0.001
данные 0.001 0.066 0.0
конвенциях 0.001 2.0 0.002
принятых 0.001 1.523 0.002
оплатить 0.001 1.523 0.002
секретарю 0.002 2.0 0.004
россияне 0.003 0.678 0.002
выплатить 0.001 1.699 0.002
культурных 0.001 1.699 0.002
федеральные 0.001 2.0 0.002
решим 0.001 2.0 0.002
сославшись 0.001 1.699 0.002
конвенции 0.012 2.0 0.024
стать 0.001 0.699 0.001
отдельные 0.001 1.0 0.001
угрозой 0.001 1.301 0.001
разбор 0.001 0.387 0.0
гарантирует 0.002 1.155 0.002
обязать 0.001 2.0 0.002
нажмите 0.001 0.066 0.0
вступление 0.001 1.699 0.002
правил 0.001 1.222 0.001
парламент 0.001 1.699 0.002
стран 0.002 0.469 0.001
официально 0.001 0.959 0.001
моратория 0.001 2.0 0.002
идет 0.001 0.367 0.0
российских 0.003 0.337 0.001
числе 0.001 0.31 0.0
других 0.003 0.26 0.001
отказываясь 0.001 1.523 0.002
иностранного 0.002 0.102 0.0
области 0.001 0.602 0.001
материал 0.001 0.086 0.0
судебные 0.001 2.0 0.002
большой 0.001 0.569 0.001
призванная 0.001 2.0 0.002
целом 0.001 0.585 0.001
стену 0.001 1.699 0.002
европейских 0.001 1.046 0.001
разрешена 0.003 1.699 0.005
выполнение 0.001 1.699 0.002
защите 0.003 1.155 0.003
таким 0.001 0.658 0.001
вопросам 0.001 1.398 0.001
– 0.001 0.06 0.0
вручили 0.001 2.0 0.002
приговоры 0.001 2.0 0.002
время 0.003 0.102 0.0
нами 0.001 0.066 0.0
закрепленных 0.001 1.699 0.002
которыми 0.001 0.854 0.001
экономических 0.001 1.097 0.001
основанного 0.001 2.0 0.002
перестанет 0.001 1.398 0.001
принудительного 0.001 2.0 0.002
обращение 0.001 1.523 0.002
гуманитарно-правовой 0.001 2.0 0.002
потенциал 0.001 2.0 0.002
свобод 0.003 2.0 0.006
процедуры 0.002 1.398 0.003
зорькин 0.001 2.0 0.002
стоит 0.001 0.509 0.001
обновили 0.001 2.0 0.002
подписал 0.001 1.523 0.002
формально 0.003 1.398 0.004
нарушение 0.002 1.523 0.003
рекламаmeduza 0.001 0.066 0.0
властям 0.001 1.301 0.001
решить 0.001 1.097 0.001
принимать 0.001 0.721 0.001
выйдет 0.002 1.699 0.003
денонсации 0.001 2.0 0.002
дискриминационное 0.001 2.0 0.002
лицом 0.001 0.102 0.0
интерес 0.001 1.301 0.001
экономической 0.001 1.523 0.002
функции 0.002 0.097 0.0
ребенка 0.001 0.824 0.001
обязательства 0.001 1.398 0.001
большинством 0.001 2.0 0.002
тысяч 0.002 0.337 0.001
статья 0.001 1.0 0.001
совета 0.019 0.959 0.018
погрязла 0.001 2.0 0.002
владивостока 0.001 1.523 0.002
участник 0.001 1.523 0.002
отказа 0.001 1.097 0.001
решения 0.003 0.638 0.002
деполитизированная 0.001 2.0 0.002
привлечь 0.001 1.398 0.001
прежде 0.001 0.62 0.001
ключевых 0.001 1.155 0.001
правки 0.001 2.0 0.002
нести 0.001 1.699 0.002
порядка 0.001 1.523 0.002
совет 0.003 1.155 0.003
меньшие 0.001 2.0 0.002
течение 0.001 0.699 0.001
перейти 0.001 0.066 0.0
заговорили 0.001 2.0 0.002
поддержать 0.001 0.066 0.0
соблюдение 0.001 1.699 0.002
жалуются 0.002 1.0 0.002
оон 0.001 1.222 0.001
открытой 0.001 1.301 0.001
стране 0.002 0.523 0.001
война 0.002 0.469 0.001
запрет 0.001 1.155 0.001
кодекс 0.001 0.066 0.0
гарантируется 0.001 2.0 0.002
нарушались 0.001 2.0 0.002
конституционный 0.004 2.0 0.008
также 0.001 0.237 0.0
содержащиеся 0.001 2.0 0.002
хочу 0.001 0.137 0.0
неприкосновенность 0.001 2.0 0.002
утратила 0.001 2.0 0.002
представляющим 0.001 2.0 0.002
выход 0.002 1.097 0.002
восьми 0.001 1.301 0.001
россиянам 0.001 1.0 0.001
качестве 0.001 0.678 0.001
выплачивая 0.001 2.0 0.002
дела 0.001 1.0 0.001
государства 0.002 0.824 0.002
выгодного 0.001 1.699 0.002
люди 0.001 0.276 0.0
сотрудничество 0.001 1.523 0.002
данное 0.001 0.097 0.0
пакте 0.002 2.0 0.004
выводы 0.001 1.155 0.001
значить 0.002 2.0 0.004
нарушения 0.001 1.398 0.001
выходе 0.003 1.301 0.004
единственная 0.001 1.046 0.001
постановлений 0.001 2.0 0.002
пор 0.001 0.387 0.0
ответственность 0.001 0.824 0.001
действует 0.003 1.097 0.003
правила 0.001 0.066 0.0
механизм 0.001 1.222 0.001
казнь 0.003 1.699 0.005
упоминаний 0.001 1.699 0.002
прописать 0.001 1.699 0.002
вконтакте 0.001 0.066 0.0
нашей 0.002 0.699 0.001
украиной 0.002 0.921 0.002
лаконично 0.001 1.699 0.002
одновременно 0.001 0.796 0.001
смертные 0.001 2.0 0.002
сочло 0.001 2.0 0.002
live 0.001 0.022 0.0
спешка 0.001 2.0 0.002
часто 0.001 0.456 0.0
вправе 0.001 2.0 0.002
гуманитарно-правового 0.001 2.0 0.002
решений 0.003 1.222 0.004
сформулированными 0.001 2.0 0.002
уведомление 0.003 2.0 0.006
целями 0.001 1.523 0.002
блог 0.001 0.066 0.0
инстаграм 0.001 0.066 0.0
© 0.001 0.0 0.0
небольшие 0.001 1.301 0.001
брак 0.001 1.699 0.002
выделите 0.001 0.066 0.0
европейского 0.002 1.155 0.002
условиях 0.001 0.569 0.001
власти 0.003 0.387 0.001
лиссабона 0.001 2.0 0.002
мида 0.001 1.699 0.002
марии 0.001 1.699 0.002
г. 0.002 1.699 0.003
конституции 0.003 1.523 0.005
континенте 0.001 1.699 0.002
принял 0.002 1.523 0.003
meduzacare 0.001 0.066 0.0
автоматически 0.002 1.222 0.002
наказания 0.001 1.398 0.001
граждан 0.003 0.638 0.002
превращают 0.001 2.0 0.002
донбассе 0.001 1.222 0.001
против 0.002 0.229 0.0
свободах 0.001 2.0 0.002
отказ 0.002 0.959 0.002
издержки 0.001 1.699 0.002
разрешающий 0.001 2.0 0.002
кнопка 0.001 0.066 0.0
восток 0.001 1.398 0.001
изменить 0.001 1.046 0.001
мирное 0.001 1.301 0.001
президентский 0.001 2.0 0.002
вечерняя 0.001 0.066 0.0
запрете 0.001 1.699 0.002
речь 0.001 0.432 0.0
основе 0.001 0.745 0.001
это 0.003 0.066 0.0
упирались 0.001 2.0 0.002
напрямую 0.001 1.0 0.001
опорой 0.001 1.699 0.002
смогут 0.001 0.745 0.001
поддержки 0.001 0.066 0.0
се 0.003 2.0 0.006
экспансии 0.001 1.699 0.002
подала 0.001 1.699 0.002
защищает 0.001 0.921 0.001
таков 0.001 2.0 0.002
помощь 0.001 0.097 0.0
противоречащими 0.001 2.0 0.002
органах 0.001 2.0 0.002
договорно-правовых 0.001 2.0 0.002
называют 0.001 0.699 0.001
дело 0.002 0.509 0.001
непонятно 0.001 0.921 0.001
договор 0.001 1.222 0.001
российского 0.002 0.62 0.001
совместными 0.001 2.0 0.002
работаем 0.001 0.161 0.0
согласие 0.001 1.523 0.002
своим 0.001 0.658 0.001
парламентом 0.001 2.0 0.002
вновь 0.001 1.155 0.001
труда 0.001 1.046 0.001
региональными 0.001 2.0 0.002
такая 0.001 0.553 0.001
положению 0.001 2.0 0.002
действия 0.003 0.721 0.002
уголовном 0.001 1.523 0.002
дел 0.001 1.046 0.001
агрессивного 0.001 2.0 0.002
около 0.002 0.432 0.001
права 0.007 0.854 0.006
обязалась 0.001 2.0 0.002
минимум 0.001 0.796 0.001
признает 0.002 1.398 0.003
упоминавшаяся 0.001 2.0 0.002
котором 0.001 0.495 0.0
некоторые 0.003 0.469 0.001
24/7 0.001 0.102 0.0
android 0.001 0.066 0.0
запуске 0.001 1.523 0.002
евро 0.001 1.301 0.001
ведомство 0.001 1.155 0.001
установлению 0.001 2.0 0.002
english 0.001 0.06 0.0
статью 0.001 1.155 0.001
систематической 0.001 2.0 0.002
войной 0.001 1.097 0.001
нато 0.002 0.959 0.002
применение 0.001 1.155 0.001
поддержка 0.001 0.167 0.0
мид 0.001 1.523 0.002
нужна 0.002 0.092 0.0
действовать 0.003 1.0 0.003
марта 0.002 0.319 0.001
такого 0.001 0.509 0.001
законодательство 0.003 1.523 0.005
заявление 0.001 0.886 0.001
военно-политической 0.001 2.0 0.002
покидая 0.001 1.699 0.002
использоваться 0.001 1.523 0.002
гарантии 0.001 1.301 0.001
правоприменительной 0.001 2.0 0.002
годы 0.001 0.745 0.001
превратившись 0.001 2.0 0.002
подачи 0.001 1.523 0.002
усилиями 0.001 1.699 0.002
дискриминации 0.001 1.398 0.001
имеют 0.001 0.678 0.001
всем 0.001 0.252 0.0
бывшим 0.001 1.523 0.002
стремление 0.001 1.699 0.002
многое 0.001 1.301 0.001
подробнее 0.002 0.699 0.001
участница 0.001 1.699 0.002
те 0.001 0.357 0.0
оно 0.001 0.444 0.0
равноправному 0.001 2.0 0.002
конвенция 0.005 2.0 0.01
требования 0.002 0.066 0.0
связаться 0.001 0.066 0.0
времени 0.002 0.523 0.001
россию 0.002 0.678 0.001
информации 0.001 0.102 0.0
закон 0.001 1.0 0.001
прекратит 0.001 1.699 0.002
сентября 0.001 1.046 0.001
тех 0.002 0.26 0.001
соответственно 0.001 0.921 0.001
множество 0.001 0.959 0.001
созданную 0.001 2.0 0.002
принципов 0.002 1.523 0.003
форм 0.001 1.523 0.002
россиян 0.001 0.62 0.001
имеется 0.001 1.398 0.001
общеевропейских 0.001 2.0 0.002
уведомить 0.001 2.0 0.002
поступило 0.001 1.699 0.002
отвечало 0.001 2.0 0.002
выхода 0.004 1.523 0.006
екпч 0.001 2.0 0.002
силы 0.001 0.796 0.001
страну-ответчика 0.001 2.0 0.002
рабство 0.001 2.0 0.002
устава 0.003 1.699 0.005
общеевропейская 0.001 2.0 0.002
самого 0.001 0.77 0.001
медузе 0.002 0.066 0.0
первый 0.001 0.481 0.0
точно 0.001 0.481 0.0
организация 0.002 0.886 0.002
обращений 0.001 2.0 0.002
продлил 0.001 2.0 0.002
откажется 0.001 2.0 0.002
facebook 0.001 0.0 0.0
договорах 0.002 1.699 0.003
медузу 0.002 0.066 0.0
процедура 0.001 1.699 0.002
обработки 0.001 0.066 0.0
менее 0.001 0.432 0.0
внедрения 0.001 1.699 0.002
выйти 0.003 1.0 0.003
анонсировало 0.001 1.699 0.002
обязательство 0.001 1.699 0.002
приняли 0.001 1.046 0.001
россия 0.012 0.398 0.005
вступая 0.001 2.0 0.002
массовой 0.001 0.097 0.0
знаем 0.001 0.585 0.001
останется 0.001 1.155 0.001
включены 0.001 2.0 0.002
документами 0.001 1.699 0.002
службы 0.001 0.959 0.001
каждый 0.001 0.509 0.001
пойти 0.001 1.097 0.001
объединительную 0.001 2.0 0.002
варварским 0.001 2.0 0.002
последствия 0.001 0.796 0.001
продолжать 0.001 0.921 0.001
отменить 0.001 1.398 0.001
устанавливать 0.001 1.699 0.002
спасибоgiphyза 0.001 0.066 0.0
показывать 0.001 0.066 0.0
середине 0.001 0.886 0.001
принятия 0.002 1.155 0.002
twitter 0.001 0.0 0.0
уточняли 0.001 2.0 0.002
обязателен 0.001 2.0 0.002
смертной 0.003 2.0 0.006
советом 0.001 1.523 0.002
достойное 0.001 2.0 0.002
пожалуйста 0.001 0.102 0.0
европы 0.025 0.796 0.02
всему 0.001 0.699 0.001
должен 0.001 0.585 0.001
совершенные 0.001 2.0 0.002
наше 0.001 0.921 0.001
образование 0.001 1.155 0.001
уведомления 0.005 1.523 0.008
вступления 0.001 1.301 0.001
указ 0.002 1.699 0.003
платформы 0.002 0.066 0.0
бессмысленной 0.001 2.0 0.002
смертную 0.001 1.699 0.002
входящих 0.001 1.398 0.001
заключенных 0.001 1.398 0.001
стандартах 0.001 1.699 0.002
вызывало 0.001 1.398 0.001
членами 0.001 1.523 0.002
повестку 0.001 1.699 0.002
персональные 0.001 0.066 0.0
международных 0.003 1.097 0.003
такое 0.001 0.347 0.0
очень 0.001 0.149 0.0
разрушение 0.001 1.699 0.002
равнодушия 0.001 2.0 0.002
путин 0.002 0.658 0.001
характер 0.001 1.398 0.001
участие 0.001 0.959 0.001
федеральный 0.001 1.523 0.002
ранее 0.001 0.62 0.001
meduza 0.002 0.0 0.0
ратифицировать 0.003 2.0 0.006
декабре 0.001 1.222 0.001
остается 0.001 0.638 0.001
международной 0.003 1.046 0.003
уставных 0.001 2.0 0.002
январе 0.001 1.222 0.001
помнить 0.001 1.046 0.001
иначе 0.001 0.745 0.001
базовых 0.001 2.0 0.002
вынесенных 0.001 2.0 0.002
иностранных 0.001 1.046 0.001
год 0.001 0.409 0.0
казни 0.003 2.0 0.006
равноправного 0.001 2.0 0.002
внимание 0.001 0.658 0.001
гражданских 0.001 1.398 0.001
задачами 0.001 2.0 0.002
летом 0.001 1.097 0.001
существует 0.001 0.745 0.001
законы 0.001 1.301 0.001
военное 0.003 1.523 0.005
эта 0.001 0.367 0.0
чему 0.001 1.301 0.001
официальное 0.003 1.523 0.005
российским 0.002 0.092 0.0
которых 0.003 0.237 0.001
европейской 0.006 1.301 0.008
одной 0.001 0.398 0.0
декабря 0.003 0.824 0.002
установлены 0.001 1.699 0.002
утверждает 0.001 1.0 0.001
выполнять 0.001 2.0 0.002
реклама 0.002 0.066 0.0
однако 0.001 0.337 0.0
судов 0.001 2.0 0.002
из-за 0.001 0.229 0.0
интересах 0.002 0.167 0.0
начала 0.001 0.398 0.0
подхода 0.001 1.155 0.001
двойных 0.001 1.699 0.002
спектр 0.001 1.699 0.002
многоотраслевой 0.001 2.0 0.002
широкий 0.001 2.0 0.002
сообщение 0.001 0.102 0.0
сделать 0.002 0.357 0.001
