российские 0.001 0.328 0.0
кыртасиеджи 0.001 2.0 0.002
первой 0.001 0.678 0.001
редакции 0.002 0.066 0.0
надежде 0.001 1.699 0.002
выписав 0.001 2.0 0.002
небольшой 0.001 1.046 0.001
выплеснуть 0.001 2.0 0.002
баннерам 0.001 0.066 0.0
страна 0.001 0.796 0.001
россии 0.015 0.119 0.002
охранники 0.001 2.0 0.002
читать 0.001 0.854 0.001
ночи 0.002 1.222 0.002
тридцатилетняя 0.001 2.0 0.002
гифки 0.001 0.066 0.0
текстам 0.001 2.0 0.002
поймете 0.001 2.0 0.002
агента 0.002 0.097 0.0
владимира 0.001 0.959 0.001
валерий 0.001 1.301 0.001
политических 0.001 1.097 0.001
малоизвестные 0.001 2.0 0.002
пять 0.002 0.509 0.001
говорит 0.003 0.409 0.001
остаться 0.002 1.097 0.002
вышел 0.002 1.0 0.002
преподает 0.001 1.699 0.002
вынуждены 0.001 1.097 0.001
алексом 0.001 2.0 0.002
продажам 0.001 1.699 0.002
совершенно 0.001 0.678 0.001
учетом 0.001 0.921 0.001
главных 0.001 0.678 0.001
смотрят 0.001 1.155 0.001
введена 0.001 1.523 0.002
in 0.001 0.0 0.0
нужды 0.001 1.523 0.002
кричат 0.001 2.0 0.002
красота 0.006 2.0 0.012
отдашь 0.001 2.0 0.002
судя 0.001 0.721 0.001
полосе 0.001 1.699 0.002
безумно 0.001 2.0 0.002
дешевый 0.001 2.0 0.002
прилетевшая 0.001 2.0 0.002
алкоголь 0.001 1.222 0.001
разобрав 0.001 2.0 0.002
верю 0.002 1.301 0.003
складываются 0.001 2.0 0.002
содержит 0.001 1.155 0.001
подруга 0.001 1.523 0.002
вернусь 0.001 1.699 0.002
оксимирона 0.004 1.398 0.006
правда 0.001 0.509 0.001
составлен 0.001 2.0 0.002
альбома 0.002 1.699 0.003
улицы 0.001 1.301 0.001
анонимно 0.001 0.066 0.0
рецензия 0.002 2.0 0.004
reuters 0.002 0.745 0.001
просто 0.001 0.194 0.0
новость 0.001 1.155 0.001
престижной 0.001 2.0 0.002
ваша 0.002 0.102 0.0
чаще 0.001 0.602 0.001
протокола 0.001 1.699 0.002
очереди 0.001 1.046 0.001
преследование 0.001 1.699 0.002
вторжения 0.001 0.77 0.001
запись 0.001 1.301 0.001
мир 0.002 0.553 0.001
выложил 0.001 1.699 0.002
получается 0.001 0.824 0.001
поспешили 0.001 2.0 0.002
фото 0.001 0.959 0.001
слово 0.001 0.959 0.001
инстаграме 0.001 1.222 0.001
kadikoysahne 0.001 2.0 0.002
слава 0.002 1.398 0.003
читателейнам 0.001 0.174 0.0
сразу 0.002 0.553 0.001
куки 0.001 0.066 0.0
падают 0.001 1.523 0.002
развлекать 0.001 2.0 0.002
украинским 0.001 1.155 0.001
трансляции 0.001 1.699 0.002
привет 0.001 1.699 0.002
удалось 0.001 0.523 0.001
десятки 0.001 0.745 0.001
прошло 0.001 1.046 0.001
ндс 0.001 2.0 0.002
сбор 0.001 1.699 0.002
использование 0.001 0.066 0.0
впустили 0.001 2.0 0.002
считаю 0.001 1.222 0.001
книгу 0.001 1.398 0.001
встречает 0.001 1.523 0.002
небольшом 0.001 1.155 0.001
две 0.001 0.553 0.001
ужас 0.001 2.0 0.002
трогать 0.001 1.699 0.002
платформ 0.001 1.301 0.001
остался 0.002 0.854 0.002
кажется 0.002 0.469 0.001
порядку 0.001 0.066 0.0
которую 0.001 0.469 0.0
пусть 0.001 0.921 0.001
прозвучала 0.001 2.0 0.002
года 0.004 0.167 0.001
площади 0.001 1.301 0.001
родственниками 0.001 1.301 0.001
пожертвования 0.001 1.523 0.002
фотографии 0.001 0.638 0.001
en 0.001 0.066 0.0
номером 0.001 2.0 0.002
часов 0.002 0.678 0.001
вами 0.001 1.0 0.001
закончился 0.001 1.222 0.001
russians 0.002 1.0 0.002
объяснит 0.001 2.0 0.002
артистов 0.001 1.523 0.002
исключительно 0.001 1.155 0.001
начали 0.001 0.481 0.0
хаотичный 0.001 2.0 0.002
горбачев 0.002 2.0 0.004
отдает 0.001 2.0 0.002
беженцам 0.001 1.699 0.002
песен 0.001 1.699 0.002
дней 0.002 0.337 0.001
распространено 0.001 0.102 0.0
провести 0.001 0.745 0.001
ios 0.001 0.066 0.0
заходят 0.001 1.699 0.002
телеграм-каналах 0.001 1.699 0.002
трек 0.002 2.0 0.004
самокопанием 0.001 2.0 0.002
магазине 0.001 1.398 0.001
рестик 0.002 1.398 0.003
улетал 0.001 2.0 0.002
плейлист 0.001 2.0 0.002
несколько 0.003 0.201 0.001
заняты 0.001 1.222 0.001
трек-лист 0.001 2.0 0.002
свой 0.001 0.585 0.001
пришли 0.001 0.921 0.001
деньги 0.001 0.77 0.001
соглашаться 0.002 1.523 0.003
должно 0.001 0.658 0.001
день 0.001 0.328 0.0
kırtasiyeci 0.001 2.0 0.002
пообещали 0.001 1.699 0.002
питере 0.001 2.0 0.002
раза 0.001 0.602 0.001
просмотра 0.001 2.0 0.002
призвал 0.001 1.155 0.001
медузы 0.002 0.268 0.001
звучало 0.001 1.699 0.002
этих 0.001 0.337 0.0
объединяют 0.001 2.0 0.002
пока 0.007 0.208 0.001
срок 0.001 1.046 0.001
полный 0.001 0.77 0.001
встретить 0.002 1.398 0.003
отпустили 0.001 1.523 0.002
клуба 0.006 2.0 0.012
спустя 0.001 0.886 0.001
комфорт 0.001 1.699 0.002
вообще 0.001 0.066 0.0
елена 0.001 1.0 0.001
встретиться 0.001 1.699 0.002
злой 0.001 1.699 0.002
серия 0.001 1.699 0.002
первую 0.001 0.638 0.001
героям 0.001 1.699 0.002
вся 0.001 1.0 0.001
гардеробе 0.001 2.0 0.002
строки 0.001 2.0 0.002
подпевает 0.001 2.0 0.002
точек 0.001 1.398 0.001
строчку 0.001 2.0 0.002
истории 0.001 0.337 0.0
позицией 0.001 1.523 0.002
трепло 0.001 2.0 0.002
билеты 0.003 1.398 0.004
лексику 0.001 2.0 0.002
молодой 0.001 1.398 0.001
ученики 0.001 2.0 0.002
концерта 0.004 1.523 0.006
елене 0.001 1.699 0.002
антивоенное 0.001 2.0 0.002
исполнением 0.001 2.0 0.002
метро 0.001 1.222 0.001
уголовное 0.001 1.301 0.001
зрителей 0.001 1.523 0.002
миллионов 0.001 0.638 0.001
временем 0.001 0.921 0.001
поплясать 0.002 2.0 0.004
трансляций 0.001 2.0 0.002
нашли 0.001 0.066 0.0
девушке 0.001 2.0 0.002
связи 0.001 0.0 0.0
произносит 0.001 2.0 0.002
думал 0.001 1.523 0.002
нем 0.001 0.602 0.001
концерт 0.01 1.222 0.012
медуза 0.003 0.066 0.0
концерте 0.002 1.523 0.003
плакаты 0.001 1.699 0.002
нам 0.001 0.086 0.0
поблагодарил 0.001 2.0 0.002
помочь 0.001 0.131 0.0
людьми 0.001 0.745 0.001
пикет 0.001 2.0 0.002
мозг 0.001 1.523 0.002
хотели 0.001 1.097 0.001
успела 0.001 1.398 0.001
совпало 0.001 1.699 0.002
расположен 0.001 1.398 0.001
русских 0.001 1.222 0.001
превратилась 0.001 1.398 0.001
бомбят 0.001 1.0 0.001
юридическим 0.001 0.102 0.0
военные 0.001 0.796 0.001
материалам 0.001 0.066 0.0
видео 0.002 0.678 0.001
срочно 0.001 0.167 0.0
перевести 0.001 1.523 0.002
русскую 0.001 2.0 0.002
уехал 0.001 2.0 0.002
собранные 0.001 1.523 0.002
дружно 0.001 2.0 0.002
смогли 0.003 0.921 0.003
антивоенным 0.001 1.301 0.001
телефоне 0.001 1.398 0.001
пройти 0.001 0.854 0.001
речи 0.001 1.222 0.001
переворот 0.001 1.301 0.001
новую 0.001 0.921 0.001
стрим 0.001 2.0 0.002
якобы 0.001 0.854 0.001
проверяющие 0.001 2.0 0.002
иностранным 0.001 0.097 0.0
увлекалась 0.001 2.0 0.002
нужно 0.001 0.237 0.0
собираться 0.001 2.0 0.002
началась 0.001 0.678 0.001
сообщил 0.001 0.959 0.001
свои 0.001 0.481 0.0
штраф 0.001 1.523 0.002
становится 0.001 0.721 0.001
выступления 0.002 1.046 0.002
которое 0.001 0.337 0.0
альтернативную 0.001 1.398 0.001
ctrl+enter 0.001 0.066 0.0
щеках 0.001 2.0 0.002
задержали 0.001 1.097 0.001
февраля 0.001 0.387 0.0
ждали 0.001 1.398 0.001
смогла 0.002 1.155 0.002
новостиисторииразборшапитокоронавирусмагаз 0.001 0.066 0.0
безопасно 0.001 0.066 0.0
обычно 0.001 0.523 0.001
телеведущего 0.001 2.0 0.002
against 0.002 0.824 0.002
выходу 0.001 1.523 0.002
песни 0.004 1.222 0.005
части 0.001 0.854 0.001
играет 0.001 1.0 0.001
youtube 0.001 0.06 0.0
должны 0.001 0.432 0.0
марте 0.002 1.046 0.002
телеграм-канале 0.001 1.699 0.002
куртки 0.001 1.523 0.002
отправлять 0.001 1.155 0.001
продаже 0.001 1.222 0.001
речей 0.001 2.0 0.002
создано 0.001 0.097 0.0
вышедшего 0.001 2.0 0.002
стамбула 0.001 2.0 0.002
купить 0.002 0.886 0.002
называется 0.001 1.0 0.001
турции 0.001 1.523 0.002
получилось 0.001 0.886 0.001
средств 0.001 0.854 0.001
ракеты 0.001 1.097 0.001
делалось 0.001 2.0 0.002
нету 0.001 1.699 0.002
описать 0.001 1.301 0.001
музыкант 0.001 1.699 0.002
поддержите 0.001 0.102 0.0
дежурили 0.001 2.0 0.002
открыт 0.001 1.523 0.002
зрения 0.003 0.602 0.002
достались 0.001 2.0 0.002
мои 0.002 0.854 0.002
поголовно 0.001 2.0 0.002
поэтому 0.003 0.328 0.001
многие 0.003 0.284 0.001
средством 0.001 0.102 0.0
взгляд 0.001 1.398 0.001
выполняющим 0.002 0.097 0.0
внутри 0.001 0.745 0.001
происходящее 0.001 1.0 0.001
возможность 0.001 0.569 0.001
ошибку 0.001 0.066 0.0
пора 0.001 1.398 0.001
каста 0.001 2.0 0.002
лет 0.003 0.252 0.001
грозит 0.001 1.155 0.001
горгород 0.001 2.0 0.002
пойдут 0.001 1.398 0.001
говорят 0.001 0.432 0.0
перекраивали 0.001 2.0 0.002
антивоенные 0.001 1.301 0.001
получился 0.002 2.0 0.004
компании 0.001 0.523 0.001
обратился 0.001 1.155 0.001
эмигрантов 0.001 2.0 0.002
начнут 0.001 1.155 0.001
ушла 0.001 1.523 0.002
шевелёв 0.001 2.0 0.002
зал 0.001 1.523 0.002
данные 0.001 0.066 0.0
дают 0.001 0.721 0.001
киева 0.001 0.886 0.001
украинский 0.001 0.959 0.001
кровосток 0.001 2.0 0.002
даню 0.001 2.0 0.002
празднуй 0.001 2.0 0.002
киев 0.001 0.77 0.001
несогласен 0.001 2.0 0.002
специально 0.002 0.959 0.002
oxxxymiron 0.001 2.0 0.002
гримерки 0.001 2.0 0.002
европейскую 0.001 1.523 0.002
интересен 0.001 2.0 0.002
растет 0.001 1.155 0.001
украину 0.003 0.523 0.002
dilara 0.002 2.0 0.004
нажмите 0.001 0.066 0.0
площадкой 0.001 1.398 0.001
екатеринбурге 0.001 1.699 0.002
даня 0.002 2.0 0.004
рассказываем 0.001 0.886 0.001
стрима 0.001 2.0 0.002
удалена 0.001 2.0 0.002
предыдущего 0.001 1.523 0.002
арестик 0.003 2.0 0.006
российский 0.001 0.638 0.001
идет 0.001 0.367 0.0
российских 0.001 0.337 0.0
других 0.001 0.26 0.0
новых 0.001 0.678 0.001
билет 0.004 2.0 0.008
иностранного 0.002 0.102 0.0
разогреве 0.001 2.0 0.002
александр 0.002 0.538 0.001
человек 0.003 0.215 0.001
материал 0.001 0.086 0.0
выступление 0.003 1.222 0.004
выступают 0.001 1.222 0.001
слушателей 0.001 2.0 0.002
концерты 0.002 1.523 0.003
мной 0.002 1.155 0.002
целая 0.001 1.699 0.002
месяца 0.002 0.745 0.001
газеты 0.001 1.398 0.001
азиатской 0.001 2.0 0.002
– 0.001 0.06 0.0
присылают 0.001 2.0 0.002
новый 0.001 0.658 0.001
читатели 0.002 1.046 0.002
время 0.001 0.102 0.0
leta 0.002 0.301 0.001
закрыты 0.001 1.523 0.002
нами 0.001 0.066 0.0
оксимирон 0.007 2.0 0.014
народная 0.001 2.0 0.002
творчеством 0.001 2.0 0.002
мирон 0.002 2.0 0.004
узнать 0.001 0.959 0.001
песня 0.001 1.699 0.002
ждет 0.002 0.959 0.002
примерно 0.001 0.585 0.001
сотен 0.001 1.222 0.001
афише 0.001 2.0 0.002
стоит 0.001 0.509 0.001
гибнут 0.001 1.222 0.001
конце 0.002 0.745 0.001
нецензурную 0.001 2.0 0.002
кричалка 0.001 2.0 0.002
исследуйте 0.001 2.0 0.002
рекламаmeduza 0.001 0.066 0.0
прошел 0.002 1.155 0.002
половина 0.001 1.301 0.001
войне 0.001 0.62 0.001
дверям 0.001 2.0 0.002
игру 0.001 1.523 0.002
хотелось 0.001 1.155 0.001
лицом 0.001 0.102 0.0
ютьюбе 0.001 1.699 0.002
шульман 0.001 2.0 0.002
объявляю 0.001 2.0 0.002
бис 0.001 2.0 0.002
карман 0.001 2.0 0.002
меладзе 0.001 2.0 0.002
функции 0.002 0.097 0.0
уехать 0.002 1.0 0.002
тысяч 0.001 0.337 0.0
гаи 0.001 2.0 0.002
налоги 0.001 1.523 0.002
сольный 0.001 2.0 0.002
неделю 0.001 0.721 0.001
запретом 0.001 1.699 0.002
михаил 0.002 0.959 0.002
медиа 0.001 1.301 0.001
запретили 0.001 1.097 0.001
артиста 0.001 2.0 0.002
пришедшим 0.001 2.0 0.002
алекс 0.001 2.0 0.002
красивый 0.002 1.523 0.003
назад 0.004 0.18 0.001
другими 0.001 0.495 0.0
„ 0.005 0.62 0.003
доллара 0.001 1.699 0.002
вечеру 0.001 2.0 0.002
обращается 0.001 1.301 0.001
перейти 0.001 0.066 0.0
поддержать 0.002 0.066 0.0
украинских 0.002 0.824 0.002
источник 0.001 0.174 0.0
митинг 0.003 1.523 0.005
пообещал 0.002 1.699 0.003
покер 0.001 2.0 0.002
21-летний 0.001 2.0 0.002
проверить 0.001 1.097 0.001
рок- 0.001 2.0 0.002
все-таки 0.003 0.553 0.002
политические 0.001 1.155 0.001
война 0.002 0.469 0.001
кодекс 0.001 0.066 0.0
“ 0.005 0.432 0.002
концертов 0.001 1.523 0.002
хочу 0.005 0.137 0.001
кому 0.001 0.824 0.001
позор 0.001 1.699 0.002
рассказывает 0.002 0.569 0.001
цензура 0.001 1.222 0.001
номер 0.002 1.398 0.003
обязаны 0.001 1.398 0.001
проданных 0.001 2.0 0.002
общаюсь 0.001 1.699 0.002
люди 0.003 0.276 0.001
екатерина 0.001 1.301 0.001
очередь 0.003 0.62 0.002
данное 0.001 0.097 0.0
находится 0.001 0.678 0.001
тексты 0.001 1.523 0.002
выходе 0.001 1.301 0.001
зрители 0.002 1.398 0.003
транслировать 0.001 1.523 0.002
альтернативные 0.001 1.699 0.002
антивоенный 0.002 1.301 0.003
правила 0.001 0.066 0.0
раскупили 0.001 1.699 0.002
представившийся 0.001 2.0 0.002
стамбул 0.001 2.0 0.002
вконтакте 0.001 0.066 0.0
часть 0.001 0.456 0.0
альтернативных 0.001 1.301 0.001
клубе 0.003 2.0 0.006
клуб 0.004 2.0 0.008
живет 0.001 0.854 0.001
могу 0.001 0.658 0.001
сказать 0.001 0.495 0.0
live 0.001 0.022 0.0
жители 0.001 0.745 0.001
решили 0.002 0.658 0.001
потянувшихся 0.001 2.0 0.002
старых 0.001 1.699 0.002
блог 0.001 0.066 0.0
инстаграм 0.002 0.066 0.0
списка 0.001 1.523 0.002
© 0.001 0.0 0.0
перестать 0.001 1.699 0.002
встает 0.001 1.398 0.001
равно 0.001 0.638 0.001
выделите 0.001 0.066 0.0
выкрикивали 0.001 2.0 0.002
закончилось 0.001 1.301 0.001
обсуждали 0.001 1.398 0.001
недели 0.002 0.42 0.001
meduzacare 0.001 0.066 0.0
маленькой 0.001 1.523 0.002
думать 0.001 1.222 0.001
зале 0.001 1.699 0.002
обожаю 0.001 2.0 0.002
против 0.005 0.229 0.001
попросить 0.001 1.222 0.001
уродства 0.001 2.0 0.002
звучат 0.001 1.699 0.002
твиче 0.001 2.0 0.002
кнопка 0.001 0.066 0.0
одежды 0.001 1.301 0.001
начаться 0.001 1.699 0.002
вечерняя 0.001 0.066 0.0
это 0.006 0.066 0.0
петербурге 0.001 1.222 0.001
поддержки 0.001 0.066 0.0
альбом 0.003 1.699 0.005
удачным 0.002 2.0 0.004
достают 0.001 2.0 0.002
дихотомией 0.001 2.0 0.002
нарисованы 0.001 2.0 0.002
war 0.002 0.77 0.002
рэперов 0.001 2.0 0.002
высказывается 0.001 1.699 0.002
помощь 0.002 0.097 0.0
женщина 0.001 1.222 0.001
пушкинской 0.001 2.0 0.002
благотворительных 0.001 2.0 0.002
стал 0.001 0.658 0.001
сексапильней 0.001 2.0 0.002
первые 0.002 0.585 0.001
последний 0.002 0.824 0.002
работаем 0.001 0.161 0.0
точку 0.001 1.097 0.001
двух 0.001 0.377 0.0
соловьева 0.001 2.0 0.002
манифест 0.001 1.699 0.002
войны 0.004 0.42 0.002
несогласным 0.001 1.699 0.002
удачно 0.001 2.0 0.002
около 0.001 0.432 0.0
новой 0.001 0.585 0.001
даней 0.001 2.0 0.002
маша 0.001 1.699 0.002
asmr-фраза 0.001 2.0 0.002
билетов 0.001 2.0 0.002
официальная 0.001 1.699 0.002
лефортово 0.001 2.0 0.002
некоторые 0.001 0.469 0.0
24/7 0.001 0.102 0.0
пароход 0.001 2.0 0.002
android 0.001 0.066 0.0
english 0.001 0.06 0.0
плакатом 0.001 1.301 0.001
частные 0.001 1.222 0.001
сервис 0.001 1.699 0.002
самое 0.001 0.638 0.001
объявил 0.001 1.0 0.001
фейсбук 0.001 1.523 0.002
хорошая 0.001 0.886 0.001
поддержка 0.001 0.167 0.0
нужна 0.002 0.092 0.0
марта 0.006 0.319 0.002
строгие 0.001 1.523 0.002
города 0.002 0.638 0.001
изнасилование 0.001 2.0 0.002
барной 0.001 2.0 0.002
переносит 0.001 2.0 0.002
покупал 0.001 2.0 0.002
отменил 0.002 1.699 0.003
местные 0.001 0.959 0.001
уродство 0.006 2.0 0.012
продолжается 0.001 1.0 0.001
выпустил 0.002 1.398 0.003
всем 0.002 0.252 0.001
подробнее 0.002 0.699 0.001
те 0.003 0.357 0.001
подвалах 0.001 1.222 0.001
требования 0.001 0.066 0.0
связаться 0.001 0.066 0.0
милфы 0.001 2.0 0.002
ютьюба 0.001 2.0 0.002
москве 0.001 0.745 0.001
россию 0.001 0.678 0.001
парень 0.001 1.523 0.002
информации 0.001 0.102 0.0
долларов 0.002 1.155 0.002
входа 0.001 1.398 0.001
артист 0.003 2.0 0.006
тех 0.001 0.26 0.0
листовками 0.001 2.0 0.002
тяжелой 0.002 0.959 0.002
шевелев 0.001 2.0 0.002
любимая 0.001 2.0 0.002
слушателям 0.001 2.0 0.002
знаю 0.001 0.721 0.001
почему 0.004 0.337 0.001
музыку 0.001 2.0 0.002
строчки 0.001 2.0 0.002
перекупить 0.001 2.0 0.002
запрещенных 0.001 1.699 0.002
уверен 0.001 0.959 0.001
медузе 0.002 0.066 0.0
поддержку 0.002 0.921 0.002
первый 0.003 0.481 0.001
менеджер 0.001 1.523 0.002
senkaya 0.002 2.0 0.004
знает 0.001 0.854 0.001
facebook 0.001 0.0 0.0
дворцовый 0.001 2.0 0.002
медузу 0.002 0.066 0.0
обработки 0.001 0.066 0.0
менее 0.001 0.432 0.0
пожертвований 0.001 2.0 0.002
домой 0.001 0.824 0.001
хочет 0.002 0.854 0.002
альбоме 0.002 2.0 0.004
дверей 0.002 2.0 0.004
написано 0.001 1.155 0.001
массовой 0.001 0.097 0.0
точки 0.001 0.638 0.001
стамбуле 0.004 1.398 0.006
лозунги 0.001 1.523 0.002
каждый 0.002 0.509 0.001
похоже 0.001 0.886 0.001
послушать 0.001 1.699 0.002
scanpix 0.002 0.301 0.001
улетел 0.001 2.0 0.002
неопределенный 0.001 1.523 0.002
думают 0.002 1.222 0.002
показывать 0.001 0.066 0.0
подпись 0.001 2.0 0.002
спасибоgiphyза 0.001 0.066 0.0
twitter 0.001 0.0 0.0
громче 0.002 2.0 0.004
выкрикивает 0.001 2.0 0.002
улице 0.001 0.886 0.001
флага 0.001 1.398 0.001
слышно 0.001 1.301 0.001
появившегося 0.001 2.0 0.002
пожалуйста 0.001 0.102 0.0
середины 0.001 1.398 0.001
платформы 0.002 0.066 0.0
средства 0.001 1.0 0.001
серию 0.001 1.699 0.002
исполнителей 0.001 1.523 0.002
наверное 0.001 0.921 0.001
именно 0.001 0.244 0.0
персональные 0.001 0.066 0.0
пост 0.001 0.796 0.001
очень 0.005 0.149 0.001
уезжать 0.002 1.222 0.002
беженцев 0.002 1.301 0.003
думаете 0.001 1.301 0.001
которые 0.001 0.119 0.0
федоров 0.001 1.699 0.002
многими 0.001 1.699 0.002
путин 0.001 0.658 0.001
фолк-группы 0.001 2.0 0.002
meduza 0.003 0.0 0.0
разошлись 0.001 2.0 0.002
одна 0.001 0.42 0.0
провел 0.001 1.699 0.002
появилось 0.001 0.854 0.001
идут 0.001 0.699 0.001
иначе 0.001 0.745 0.001
возвращаться 0.001 1.301 0.001
рассказывают 0.001 0.959 0.001
рассвет 0.002 1.398 0.003
внимание 0.001 0.658 0.001
рэпер 0.003 2.0 0.006
благотворительный 0.001 2.0 0.002
российским 0.001 0.092 0.0
одной 0.001 0.398 0.0
написал 0.002 1.0 0.002
невозможно 0.001 0.602 0.001
звучать 0.001 1.699 0.002
протестующими 0.001 2.0 0.002
теми 0.001 0.886 0.001
закрывается 0.001 1.523 0.002
елены 0.001 2.0 0.002
украине 0.003 0.444 0.001
реклама 0.002 0.066 0.0
собрать 0.001 1.398 0.001
турецкой 0.001 2.0 0.002
интересах 0.001 0.167 0.0
начала 0.001 0.398 0.0
недель 0.001 0.77 0.001
сообщение 0.001 0.102 0.0
прятаться 0.001 1.301 0.001
