applies 0.001 2.0 0.002
notes 0.001 0.824 0.001
requires 0.001 1.699 0.002
here 0.001 1.0 0.001
reserved 0.001 0.854 0.001
just 0.003 0.886 0.003
works 0.001 1.222 0.001
colleagues 0.001 1.398 0.001
ll 0.002 1.046 0.002
burdens 0.001 2.0 0.002
indicating 0.001 1.699 0.002
resilient 0.001 2.0 0.002
making 0.001 1.301 0.001
for 0.007 0.77 0.005
liberty 0.001 2.0 0.002
abroad 0.001 1.398 0.001
from 0.002 0.824 0.002
in 0.017 0.0 0.0
sign 0.001 1.097 0.001
whom 0.001 1.301 0.001
primarily 0.001 1.523 0.002
board 0.001 1.523 0.002
else 0.002 1.222 0.002
t 0.006 0.886 0.005
contributing 0.001 2.0 0.002
anything 0.001 1.046 0.001
eyes 0.001 1.398 0.001
literally 0.001 1.523 0.002
under 0.001 1.097 0.001
svoboda 0.001 2.0 0.002
some 0.003 0.921 0.003
today 0.001 0.854 0.001
cares 0.001 2.0 0.002
selling 0.001 1.523 0.002
physical 0.001 2.0 0.002
is 0.012 0.854 0.01
blocked 0.002 1.301 0.003
securely 0.001 2.0 0.002
hell 0.001 1.523 0.002
errors 0.001 2.0 0.002
face 0.001 1.155 0.001
aboutмедуза 0.001 0.854 0.001
spending 0.001 1.699 0.002
conduct 0.001 0.824 0.001
products 0.001 1.398 0.001
that 0.009 0.854 0.008
recurring 0.004 2.0 0.008
speak 0.001 1.222 0.001
highest 0.001 1.699 0.002
be 0.006 0.854 0.005
how 0.002 0.886 0.002
modest 0.001 1.699 0.002
example 0.001 1.155 0.001
happen 0.001 1.301 0.001
it 0.01 0.854 0.009
no 0.006 0.796 0.005
stable 0.001 2.0 0.002
do 0.006 0.921 0.006
promote 0.001 1.699 0.002
needed 0.001 1.155 0.001
s 0.014 0.796 0.011
as 0.005 0.854 0.004
non-governmental 0.001 2.0 0.002
payments 0.001 1.699 0.002
drawn 0.001 2.0 0.002
don 0.001 0.886 0.001
gone 0.001 1.222 0.001
up 0.004 0.854 0.003
violation 0.001 2.0 0.002
provided 0.001 2.0 0.002
agents. 0.001 2.0 0.002
risks 0.001 1.523 0.002
to 0.033 0.77 0.025
until 0.001 1.155 0.001
encrypted 0.001 2.0 0.002
safe 0.001 1.699 0.002
page 0.001 1.523 0.002
monthly 0.001 2.0 0.002
online 0.001 1.301 0.001
flood 0.001 2.0 0.002
share 0.001 1.301 0.001
expect 0.001 1.523 0.002
funding 0.001 2.0 0.002
belief 0.001 2.0 0.002
first 0.002 0.886 0.002
plan 0.001 1.301 0.001
sources 0.001 1.155 0.001
than 0.002 0.921 0.002
asked 0.001 0.959 0.001
reporters 0.001 1.398 0.001
offer 0.001 1.523 0.002
hold 0.001 1.301 0.001
support 0.004 1.097 0.004
donation 0.003 2.0 0.006
described 0.001 1.699 0.002
perfectly 0.001 1.699 0.002
any 0.006 0.921 0.006
ru 0.001 0.824 0.001
even 0.002 0.921 0.002
charged 0.001 1.699 0.002
doesn 0.001 1.046 0.001
refuse 0.001 1.398 0.001
before 0.002 0.854 0.002
promise 0.001 2.0 0.002
pitiful 0.001 2.0 0.002
other 0.001 0.886 0.001
however 0.001 1.301 0.001
deal 0.001 1.699 0.002
charging 0.001 2.0 0.002
work 0.002 0.959 0.002
newsroom 0.001 2.0 0.002
big 0.001 1.301 0.001
requirements 0.001 2.0 0.002
recognize 0.001 1.523 0.002
toxic 0.001 2.0 0.002
its 0.002 1.046 0.002
post 0.001 1.046 0.001
organization 0.001 1.523 0.002
explain 0.001 1.301 0.001
human 0.001 1.301 0.001
prohibit 0.001 2.0 0.002
has 0.005 0.854 0.004
individual 0.001 2.0 0.002
life 0.001 1.0 0.001
skip 0.001 0.854 0.001
bottom 0.001 2.0 0.002
left 0.001 1.097 0.001
arbitrarily 0.001 2.0 0.002
controls 0.001 1.699 0.002
public 0.001 1.0 0.001
right 0.001 0.959 0.001
can 0.007 0.854 0.006
besides 0.001 1.699 0.002
implementing 0.001 2.0 0.002
cute 0.001 2.0 0.002
news 0.003 0.959 0.003
carries 0.001 1.699 0.002
slightest 0.001 2.0 0.002
warning 0.002 1.523 0.003
ve 0.002 0.886 0.002
same 0.002 0.959 0.002
remain 0.001 1.523 0.002
really 0.001 1.097 0.001
lot 0.001 1.097 0.001
scripts 0.001 2.0 0.002
cash 0.001 2.0 0.002
they 0.001 0.854 0.001
absent 0.001 2.0 0.002
nothing 0.001 1.222 0.001
связи 0.001 0.0 0.0
local 0.001 1.097 0.001
notification 0.001 2.0 0.002
many 0.002 0.921 0.002
organizations 0.002 1.699 0.003
or 0.006 0.886 0.005
must 0.001 1.301 0.001
budget 0.001 2.0 0.002
anyone 0.002 1.046 0.002
’ 0.032 0.824 0.026
so 0.003 1.0 0.003
already 0.002 1.0 0.002
adapt 0.001 2.0 0.002
by 0.002 0.658 0.001
trigger 0.001 2.0 0.002
overturning 0.001 2.0 0.002
mercy 0.001 2.0 0.002
hasn 0.001 1.523 0.002
them 0.001 0.921 0.001
truly 0.001 1.523 0.002
themselves 0.001 1.155 0.001
subsist 0.001 2.0 0.002
independent 0.002 1.046 0.002
extremely 0.001 1.699 0.002
believe 0.001 1.046 0.001
money 0.001 1.398 0.001
giant 0.001 1.699 0.002
companies 0.001 1.398 0.001
usually 0.001 1.699 0.002
allow 0.001 1.301 0.001
us 0.007 0.886 0.006
much-appreciated 0.001 2.0 0.002
supporters 0.001 1.699 0.002
well 0.001 1.046 0.001
address 0.002 1.398 0.003
operated 0.001 2.0 0.002
database 0.001 2.0 0.002
course 0.001 1.222 0.001
force 0.001 1.699 0.002
sympathy 0.001 1.699 0.002
threat 0.001 1.523 0.002
started 0.001 1.046 0.001
members 0.001 1.398 0.001
much 0.001 1.301 0.001
meaningful 0.001 1.699 0.002
if 0.006 0.921 0.006
constantly 0.001 1.398 0.001
hope 0.001 1.301 0.001
none 0.001 1.523 0.002
registered 0.001 1.523 0.002
sums 0.001 2.0 0.002
moscow 0.001 0.921 0.001
reliable 0.001 2.0 0.002
advertisements 0.001 1.699 0.002
are 0.005 0.854 0.004
pledged 0.001 2.0 0.002
above 0.001 1.699 0.002
pressure 0.001 1.699 0.002
debit 0.001 2.0 0.002
single 0.001 1.155 0.001
code 0.001 0.824 0.001
axed 0.001 2.0 0.002
labeled 0.001 2.0 0.002
personal 0.001 1.301 0.001
an 0.002 0.854 0.002
would 0.001 0.921 0.001
cases 0.001 1.699 0.002
while 0.001 1.0 0.001
understand 0.001 1.155 0.001
privacy 0.001 0.854 0.001
real 0.001 0.854 0.001
text 0.001 2.0 0.002
russian-language 0.001 2.0 0.002
why 0.001 1.0 0.001
authorities 0.004 1.046 0.004
end 0.002 1.222 0.002
wrong 0.001 1.699 0.002
being 0.001 0.959 0.001
time 0.001 0.921 0.001
battle 0.001 1.699 0.002
company 0.001 1.222 0.001
this 0.011 0.854 0.009
with 0.008 0.824 0.007
law 0.002 1.398 0.003
without 0.003 1.097 0.003
center 0.001 1.155 0.001
change 0.001 1.222 0.001
rest 0.001 1.699 0.002
cookies 0.001 0.854 0.001
loves 0.001 2.0 0.002
minimized 0.001 2.0 0.002
professional 0.001 1.301 0.001
obligation 0.001 2.0 0.002
group 0.001 1.155 0.001
youand 0.001 2.0 0.002
importantly 0.001 2.0 0.002
said 0.001 0.959 0.001
bold 0.001 2.0 0.002
laws 0.002 2.0 0.004
employees 0.001 1.398 0.001
of 0.014 0.721 0.01
snowball 0.001 2.0 0.002
losing 0.001 1.523 0.002
shot 0.001 1.398 0.001
isn 0.001 1.222 0.001
restrictions 0.001 1.699 0.002
hurt 0.001 2.0 0.002
every 0.001 1.046 0.001
am 0.001 1.097 0.001
email 0.003 1.699 0.005
your 0.006 0.854 0.005
secure 0.001 2.0 0.002
advertise 0.001 0.854 0.001
censor 0.001 1.523 0.002
biggest 0.001 1.699 0.002
will 0.005 0.854 0.004
otkrytki 0.001 2.0 0.002
questions 0.001 1.301 0.001
rollbacks 0.001 2.0 0.002
going 0.001 0.886 0.001
required 0.001 1.699 0.002
decide 0.001 2.0 0.002
store 0.001 2.0 0.002
attorneys 0.001 1.699 0.002
slapped 0.001 2.0 0.002
readers 0.002 1.222 0.002
government 0.002 1.0 0.002
directly 0.001 1.523 0.002
future 0.001 1.155 0.001
advertisers 0.001 2.0 0.002
state 0.002 0.959 0.002
happened 0.002 1.301 0.003
core 0.001 2.0 0.002
wherever 0.001 1.301 0.001
about 0.003 0.854 0.003
which 0.001 0.921 0.001
net 0.001 2.0 0.002
legal 0.001 1.523 0.002
who 0.003 0.824 0.002
facing 0.001 1.699 0.002
make 0.001 0.959 0.001
acted 0.001 1.699 0.002
mainly 0.001 1.699 0.002
a 0.014 0.699 0.01
too 0.001 0.921 0.001
not 0.002 0.854 0.002
stigmatize 0.001 2.0 0.002
tell 0.001 1.155 0.001
nobody 0.001 1.222 0.001
donate 0.001 1.699 0.002
logged 0.001 2.0 0.002
decision 0.001 1.523 0.002
senior 0.001 1.523 0.002
use 0.001 1.0 0.001
but 0.009 0.854 0.008
evoke 0.001 2.0 0.002
slashed 0.001 2.0 0.002
comply 0.001 2.0 0.002
near 0.001 1.301 0.001
internet 0.001 1.222 0.001
over 0.001 0.959 0.001
interface 0.001 2.0 0.002
jobs 0.001 1.301 0.001
like 0.001 0.854 0.001
see 0.001 1.0 0.001
working 0.001 0.854 0.001
justice 0.005 1.523 0.008
likely 0.001 1.301 0.001
ministry 0.005 1.097 0.005
agency 0.001 1.0 0.001
unfortunately 0.001 1.398 0.001
sudden 0.001 1.699 0.002
remaining 0.001 1.301 0.001
point 0.001 1.301 0.001
officials 0.001 1.155 0.001
makes 0.001 1.398 0.001
once 0.001 1.301 0.001
longer 0.001 1.301 0.001
leaked 0.001 2.0 0.002
russian 0.007 0.824 0.006
shred 0.001 2.0 0.002
greatly 0.001 2.0 0.002
lose 0.001 1.222 0.001
asking 0.001 1.398 0.001
most 0.001 1.0 0.001
immediate 0.001 1.699 0.002
data 0.001 1.699 0.002
did 0.001 1.222 0.001
ignore 0.002 2.0 0.004
billing 0.002 2.0 0.004
designated 0.002 2.0 0.004
absolutely 0.001 1.699 0.002
publications 0.001 1.699 0.002
placing 0.001 1.699 0.002
staff 0.001 1.301 0.001
through 0.001 1.046 0.001
federal 0.001 1.046 0.001
never 0.001 0.886 0.001
fines 0.001 2.0 0.002
criminal 0.001 1.523 0.002
their 0.001 0.854 0.001
payment 0.003 1.699 0.005
half 0.001 1.301 0.001
our 0.011 0.854 0.009
inside 0.001 1.301 0.001
outlet 0.003 1.301 0.004
intervened 0.001 2.0 0.002
“ 0.014 0.432 0.006
advertising 0.001 1.699 0.002
okay 0.001 0.921 0.001
approve 0.001 1.699 0.002
have 0.004 0.824 0.003
font 0.001 2.0 0.002
oversight 0.001 2.0 0.002
another 0.001 0.921 0.001
private 0.001 1.398 0.001
offset 0.001 2.0 0.002
google 0.001 1.301 0.001
nearly 0.001 1.699 0.002
metrics 0.001 2.0 0.002
trade 0.001 1.699 0.002
at 0.009 0.824 0.007
block 0.001 1.523 0.002
afford 0.001 1.699 0.002
update 0.001 1.699 0.002
new 0.002 0.699 0.001
initially 0.001 1.398 0.001
meduza.io 0.002 1.398 0.003
what 0.003 0.854 0.003
know 0.001 1.0 0.001
only 0.001 0.959 0.001
survive 0.001 1.398 0.001
almost 0.001 1.046 0.001
main 0.001 0.854 0.001
financing 0.001 2.0 0.002
paperwork 0.001 2.0 0.002
april 0.001 2.0 0.002
stop 0.001 1.046 0.001
stuff 0.001 1.523 0.002
action 0.001 1.699 0.002
generated 0.001 1.699 0.002
russia 0.014 0.854 0.012
report 0.001 1.523 0.002
agent. 0.001 2.0 0.002
features 0.001 1.699 0.002
security 0.001 1.046 0.001
legacy 0.001 2.0 0.002
created 0.001 1.398 0.001
service 0.001 1.097 0.001
citizenship 0.001 2.0 0.002
live 0.001 0.022 0.0
risk 0.001 1.301 0.001
agents 0.004 2.0 0.008
saddled 0.001 2.0 0.002
more 0.003 0.886 0.003
everybody 0.001 1.222 0.001
prosecution 0.001 1.699 0.002
these 0.002 1.046 0.002
something 0.002 1.097 0.002
worst 0.001 1.699 0.002
pledge 0.001 2.0 0.002
© 0.001 0.0 0.0
solidarity 0.001 2.0 0.002
media 0.002 0.959 0.002
help 0.004 0.886 0.004
bank 0.002 1.301 0.003
documents 0.001 1.398 0.001
information 0.002 1.097 0.002
pay 0.001 1.398 0.001
evidence 0.001 1.523 0.002
was 0.001 0.854 0.001
all 0.006 0.854 0.005
few 0.001 1.0 0.001
irrelevant 0.001 2.0 0.002
free 0.001 1.301 0.001
across 0.001 1.222 0.001
edition 0.001 2.0 0.002
attempt 0.001 2.0 0.002
date 0.001 1.699 0.002
radio 0.001 1.523 0.002
imagine 0.001 1.699 0.002
salaries 0.001 2.0 0.002
europe/radio 0.001 2.0 0.002
rss 0.001 0.854 0.001
the 0.033 0.481 0.016
could 0.001 1.155 0.001
revenue 0.002 2.0 0.004
challenge 0.001 2.0 0.002
rights 0.001 0.854 0.001
on 0.002 0.854 0.002
best 0.001 1.398 0.001
accept 0.001 1.523 0.002
content 0.001 0.854 0.001
harder 0.001 1.699 0.002
itself 0.001 1.155 0.001
war 0.001 0.77 0.001
say 0.002 1.0 0.002
team 0.001 1.523 0.002
reason 0.001 1.301 0.001
gifts 0.001 2.0 0.002
transfer 0.001 1.523 0.002
yes 0.001 1.699 0.002
cancel 0.001 2.0 0.002
then 0.001 1.097 0.001
account 0.003 1.301 0.004
entire 0.001 1.222 0.001
go 0.002 1.0 0.002
provide 0.001 1.301 0.001
system 0.001 1.301 0.001
safety 0.001 1.523 0.002
d 0.001 1.097 0.001
well-established 0.001 2.0 0.002
easier 0.001 1.523 0.002
you 0.02 0.824 0.016
contributions 0.002 2.0 0.004
stripe. 0.001 1.699 0.002
clients 0.001 1.699 0.002
leave 0.001 1.155 0.001
one 0.001 0.824 0.001
journalism 0.001 1.398 0.001
servers 0.001 2.0 0.002
по-русски 0.001 0.854 0.001
riga 0.002 1.699 0.003
outlets 0.001 1.097 0.001
regulations 0.001 2.0 0.002
won 0.001 1.046 0.001
demonstrate 0.001 2.0 0.002
donations 0.005 1.699 0.008
unlike 0.001 1.523 0.002
business 0.002 1.222 0.002
write 0.001 1.523 0.002
journalists 0.002 1.097 0.002
and 0.013 0.721 0.009
shared 0.001 1.301 0.001
appreciates 0.001 2.0 0.002
there 0.001 0.854 0.001
forbid 0.001 2.0 0.002
processed 0.001 2.0 0.002
citizen 0.001 1.398 0.001
front 0.001 1.301 0.001
let 0.001 1.155 0.001
imposes 0.001 2.0 0.002
logical 0.001 1.523 0.002
appear 0.001 1.699 0.002
show 0.001 1.301 0.001
perform 0.001 1.699 0.002
want 0.002 1.155 0.002
cutbacks 0.001 2.0 0.002
fact 0.001 1.097 0.001
freelancers 0.001 2.0 0.002
size 0.002 1.699 0.003
priority 0.001 2.0 0.002
chance 0.001 1.398 0.001
facebook 0.001 0.0 0.0
liability 0.001 2.0 0.002
” 0.014 0.886 0.012
ads 0.001 1.699 0.002
status 0.005 1.523 0.008
yandex 0.001 1.398 0.001
does 0.002 1.0 0.002
way 0.001 1.097 0.001
better 0.001 1.398 0.001
find 0.001 1.046 0.001
simply 0.001 1.301 0.001
analytics 0.001 2.0 0.002
possible 0.002 1.398 0.003
sense 0.002 1.523 0.003
voice 0.001 1.523 0.002
smaller 0.002 2.0 0.004
restrict 0.001 2.0 0.002
my 0.003 1.046 0.003
impossible 0.001 1.222 0.001
pravozashchita 0.001 2.0 0.002
sustain 0.001 1.523 0.002
access 0.001 1.155 0.001
twitter 0.001 0.0 0.0
normal 0.001 1.398 0.001
puts 0.001 2.0 0.002
foreign 0.012 1.097 0.013
re 0.007 0.886 0.006
glance 0.001 2.0 0.002
offices 0.001 2.0 0.002
immensely 0.001 2.0 0.002
i 0.005 0.745 0.004
cold 0.001 2.0 0.002
disinclined 0.001 2.0 0.002
now 0.004 0.886 0.004
dangerous 0.001 1.523 0.002
agent 0.005 2.0 0.01
doing 0.001 1.222 0.001
america 0.001 1.699 0.002
meduza 0.02 0.0 0.0
run 0.001 1.301 0.001
after 0.001 0.959 0.001
designation 0.003 2.0 0.006
instagram 0.001 0.745 0.001
below 0.001 1.398 0.001
crowdfunding 0.001 2.0 0.002
give 0.002 1.0 0.002
we 0.014 0.886 0.012
story 0.001 1.046 0.001
because 0.001 0.959 0.001
lead 0.001 1.097 0.001
police 0.001 1.155 0.001
lost 0.002 1.155 0.002
changes 0.001 1.699 0.002
gains 0.001 2.0 0.002
out 0.001 0.886 0.001
need 0.003 0.854 0.003
designate 0.001 2.0 0.002
cards 0.001 1.699 0.002
still 0.001 0.959 0.001
presenting 0.001 2.0 0.002
assistance 0.001 1.398 0.001
enough 0.001 1.046 0.001
please 0.002 1.523 0.003
also 0.002 0.959 0.002
realizing 0.001 2.0 0.002
when 0.001 0.959 0.001
easiest 0.001 2.0 0.002
