погибнем 0.001 1.523 0.002
российские 0.001 0.328 0.0
республике 0.001 1.699 0.002
редакции 0.002 0.066 0.0
кремлю 0.001 1.301 0.001
час 0.001 1.0 0.001
независимого 0.001 1.046 0.001
нацией 0.001 1.523 0.002
диктатуры 0.001 1.699 0.002
отменено 0.001 1.523 0.002
баннерам 0.001 0.066 0.0
николаем 0.001 2.0 0.002
действий 0.001 0.699 0.001
осаде 0.002 0.854 0.002
значит 0.001 0.444 0.0
россии 0.008 0.119 0.001
народ 0.001 0.886 0.001
оккупированном 0.001 1.699 0.002
шварценеггер 0.001 1.523 0.002
читать 0.003 0.854 0.003
конвенцию 0.001 2.0 0.002
гифки 0.001 0.066 0.0
осторожно 0.001 1.523 0.002
этоглавное 0.001 2.0 0.002
отверженных 0.001 2.0 0.002
санкций 0.002 0.745 0.001
людей 0.002 0.161 0.0
работал 0.001 1.046 0.001
советско-финляндской 0.001 1.699 0.002
друзьями 0.001 1.222 0.001
смысла 0.001 0.699 0.001
режима 0.001 1.0 0.001
солдата 0.001 1.301 0.001
польши 0.001 1.097 0.001
пла… 0.001 2.0 0.002
братоубийственной 0.001 2.0 0.002
in 0.001 0.0 0.0
тысячи 0.002 0.721 0.001
тяжелых 0.001 0.921 0.001
окружен 0.001 1.523 0.002
европе 0.001 0.658 0.001
миграционной 0.001 1.222 0.001
наша 0.001 0.77 0.001
карьера 0.001 1.699 0.002
выяснить 0.001 1.301 0.001
35-часовой 0.001 2.0 0.002
n.v. 0.001 2.0 0.002
накопления 0.001 1.398 0.001
комендантский 0.001 1.301 0.001
русские 0.001 1.046 0.001
вложиться 0.001 1.699 0.002
такгалина 0.001 1.523 0.002
старая 0.001 1.155 0.001
оксимирона 0.001 1.398 0.001
который 0.001 0.194 0.0
ввели 0.001 1.0 0.001
анонимно 0.001 0.066 0.0
второй 0.001 0.42 0.0
погибли 0.001 1.046 0.001
худавердяна 0.002 2.0 0.004
просто 0.001 0.194 0.0
точке 0.001 1.301 0.001
забытьи 0.001 1.523 0.002
ложь 0.001 1.301 0.001
россией 0.001 0.824 0.001
продуктами 0.001 1.398 0.001
делу 0.001 1.523 0.002
арестывойна 0.001 2.0 0.002
заместителя 0.002 1.523 0.003
помогать 0.001 0.959 0.001
вторжения 0.002 0.77 0.002
привела 0.001 1.046 0.001
мир 0.001 0.553 0.001
шансы 0.001 0.959 0.001
интервью 0.002 0.745 0.001
рейтинг 0.001 1.0 0.001
третью 0.001 1.523 0.002
новостей 0.002 0.886 0.002
прекратить 0.001 1.097 0.001
ближнего 0.001 1.301 0.001
куки 0.001 0.066 0.0
минут 0.003 0.854 0.003
страны 0.001 0.444 0.0
объявило 0.001 1.398 0.001
.. 0.001 1.523 0.002
газете 0.001 1.699 0.002
словом 0.001 1.301 0.001
гельман 0.001 1.301 0.001
использование 0.001 0.066 0.0
европа 0.001 0.886 0.001
дочках 0.001 2.0 0.002
произошло 0.001 0.796 0.001
пригород 0.001 1.222 0.001
остановите 0.001 1.301 0.001
наш 0.001 0.699 0.001
остался 0.002 0.854 0.002
кажется 0.003 0.469 0.001
порядку 0.002 0.066 0.0
аварии 0.001 1.398 0.001
дальше 0.002 0.523 0.001
появившись 0.002 2.0 0.004
которую 0.001 0.469 0.0
золото 0.001 1.699 0.002
года 0.003 0.167 0.001
неочевидных 0.001 1.155 0.001
фотографии 0.004 0.638 0.003
остановить 0.002 0.638 0.001
en 0.001 0.066 0.0
записала 0.002 1.155 0.002
сдвиг 0.001 1.398 0.001
работает 0.001 0.367 0.0
херсонской 0.001 1.523 0.002
правами 0.001 2.0 0.002
часов 0.002 0.678 0.001
мариуполь 0.005 0.824 0.004
матери 0.001 1.097 0.001
происходить 0.001 1.155 0.001
разница 0.001 0.886 0.001
закончился 0.001 1.222 0.001
понимают 0.002 1.097 0.002
скрываюсь 0.001 1.398 0.001
очередной 0.001 1.097 0.001
управляющим 0.001 2.0 0.002
бабушка 0.001 1.155 0.001
жилых 0.001 1.155 0.001
колонну 0.001 1.301 0.001
основными 0.001 1.699 0.002
объяснил 0.001 1.222 0.001
мелитополе 0.001 1.699 0.002
вторжении 0.001 1.398 0.001
дней 0.009 0.337 0.003
пришла 0.001 1.155 0.001
жесткими 0.001 1.301 0.001
военной 0.001 0.921 0.001
ios 0.001 0.066 0.0
дверях 0.001 1.523 0.002
придется 0.001 0.854 0.001
будут 0.001 0.301 0.0
человека 0.002 0.328 0.001
космос 0.002 1.301 0.003
cтивен 0.001 1.699 0.002
российской 0.002 0.432 0.001
чернигове 0.001 1.301 0.001
свободами 0.001 2.0 0.002
рестик 0.001 1.398 0.001
зеленского 0.001 1.0 0.001
многообещающей 0.001 1.523 0.002
несколько 0.001 0.201 0.0
ультраправые 0.001 1.523 0.002
однозначно 0.001 0.959 0.001
прямо 0.001 0.357 0.0
руководителей 0.002 1.398 0.003
войну 0.003 0.638 0.002
безработными 0.001 1.523 0.002
большое 0.001 0.854 0.001
свой 0.001 0.585 0.001
м… 0.001 2.0 0.002
офиса 0.001 1.222 0.001
увольняютсянесколько 0.001 2.0 0.002
буква 0.002 1.301 0.003
могут 0.002 0.187 0.0
прямой 0.001 1.046 0.001
изменилась 0.001 1.097 0.001
день 0.015 0.328 0.005
лица 0.002 0.824 0.002
владимир 0.002 0.62 0.001
медузы 0.003 0.268 0.001
шестнадцатый 0.002 1.699 0.003
ответственны 0.001 1.398 0.001
украинцы 0.001 0.886 0.001
история 0.001 0.745 0.001
неудобного 0.001 2.0 0.002
гендиректором 0.001 1.699 0.002
пресс-релизу 0.001 2.0 0.002
мариуполе 0.002 0.824 0.002
семьисотрудница 0.001 1.523 0.002
полный 0.001 0.77 0.001
инстаграма 0.001 1.301 0.001
badias 0.001 2.0 0.002
выпусков 0.001 2.0 0.002
вообще 0.002 0.066 0.0
елена 0.001 1.0 0.001
шаг 0.001 1.046 0.001
кремля 0.002 1.222 0.002
третий 0.001 0.921 0.001
речью 0.001 1.301 0.001
моего 0.001 1.097 0.001
объясняет 0.001 0.658 0.001
поговорили 0.001 1.155 0.001
войныв 0.001 2.0 0.002
крупнейший 0.001 1.398 0.001
франции 0.001 1.0 0.001
марины 0.001 1.523 0.002
истории 0.031 0.337 0.01
падения 0.001 1.301 0.001
юзефович 0.001 1.398 0.001
мораторий 0.001 1.699 0.002
ес 0.001 1.0 0.001
правам 0.002 1.398 0.003
давайте 0.001 1.097 0.001
исправить 0.001 1.523 0.002
17-го 0.001 2.0 0.002
ведомств 0.001 1.523 0.002
первого 0.005 0.658 0.003
узнал 0.001 0.921 0.001
сталинизма 0.001 1.699 0.002
последствием 0.001 2.0 0.002
сотрудники 0.002 0.824 0.002
валют 0.001 1.699 0.002
союзник 0.001 1.398 0.001
генерального 0.002 1.699 0.003
крах 0.001 1.523 0.002
смерть 0.001 1.097 0.001
холдинга 0.001 1.699 0.002
нашли 0.001 0.066 0.0
связи 0.002 0.0 0.0
нашу 0.001 1.046 0.001
сферой 0.001 1.398 0.001
концерт 0.001 1.222 0.001
медуза 0.003 0.066 0.0
киевом 0.001 1.398 0.001
денонсирует 0.001 2.0 0.002
новому 0.001 1.301 0.001
новая 0.001 0.678 0.001
рынка 0.001 1.097 0.001
нам 0.001 0.086 0.0
согласно 0.001 0.745 0.001
помочь 0.001 0.131 0.0
стреляйте 0.001 1.523 0.002
последним 0.001 1.523 0.002
больницах 0.001 1.523 0.002
армии 0.002 0.886 0.002
стирают 0.001 1.301 0.001
этому 0.001 0.432 0.0
организацию 0.001 1.699 0.002
роль 0.001 0.796 0.001
исполнять 0.001 1.699 0.002
журналу 0.001 1.398 0.001
плачущих 0.001 1.301 0.001
бомбят 0.002 1.0 0.002
кадре 0.002 1.699 0.003
часа 0.002 0.77 0.002
акции 0.001 0.921 0.001
город 0.003 0.699 0.002
аргентины 0.001 1.046 0.001
военные 0.001 0.796 0.001
материалам 0.001 0.066 0.0
видео 0.001 0.678 0.001
кварталов 0.001 1.523 0.002
выбраться 0.001 1.0 0.001
топ-менеджер 0.001 1.523 0.002
фотографиив 0.001 2.0 0.002
говорится 0.002 0.824 0.002
покажите 0.001 1.301 0.001
спустили 0.001 1.699 0.002
городов 0.001 0.796 0.001
выходит 0.001 0.959 0.001
программы 0.002 1.046 0.002
пекин 0.001 1.301 0.001
антивоенным 0.001 1.301 0.001
санкциях 0.001 1.398 0.001
символ 0.002 1.222 0.002
голландских 0.001 2.0 0.002
персональных 0.001 1.699 0.002
лилия 0.001 1.699 0.002
тишине 0.001 1.523 0.002
рассказала 0.001 1.222 0.001
стали 0.001 0.42 0.0
самых 0.002 0.62 0.001
статье 0.002 0.854 0.002
переворот 0.001 1.301 0.001
членом 0.001 1.398 0.001
пятилетнего 0.001 1.523 0.002
лилии 0.001 1.046 0.001
блокировке 0.001 1.398 0.001
отличить 0.001 1.222 0.001
похищен 0.001 1.699 0.002
европейский 0.001 1.097 0.001
предотвратить 0.001 1.0 0.001
повезло 0.001 0.921 0.001
объясним 0.001 1.523 0.002
главный 0.001 0.638 0.001
весь 0.001 0.638 0.001
ставит 0.001 1.301 0.001
погибших 0.002 1.097 0.002
своих 0.001 0.398 0.0
сми 0.001 0.602 0.001
российскую 0.001 0.745 0.001
решение 0.001 0.509 0.001
курсы 0.001 1.523 0.002
подразделении 0.001 1.699 0.002
жизни 0.002 0.432 0.001
которое 0.001 0.337 0.0
как-то 0.001 0.699 0.001
советника 0.001 1.301 0.001
ctrl+enter 0.001 0.066 0.0
задержали 0.001 1.097 0.001
безопасно 0.001 0.066 0.0
материнской 0.001 1.523 0.002
новостиисторииразборшапитокоронавирусмагаз 0.001 0.066 0.0
обстрелами 0.001 1.155 0.001
мирные 0.001 1.097 0.001
высказался 0.001 2.0 0.002
верьте 0.001 1.523 0.002
youtube 0.001 0.06 0.0
пользоваться 0.001 1.046 0.001
должны 0.001 0.432 0.0
журналистка 0.001 1.398 0.001
завалы 0.001 1.699 0.002
жизнь 0.002 0.538 0.001
получилось 0.001 0.886 0.001
кадрами 0.001 1.398 0.001
телевизор 0.001 1.301 0.001
группы 0.001 0.62 0.001
которая 0.001 0.301 0.0
протеста 0.001 1.222 0.001
убежища 0.001 1.301 0.001
случилось 0.001 0.658 0.001
украины 0.002 0.569 0.001
суд 0.001 1.301 0.001
вижу 0.001 0.745 0.001
тоталитаризмполитолог 0.001 1.523 0.002
associated 0.001 1.155 0.001
многие 0.002 0.284 0.001
заменить 0.001 1.155 0.001
воды 0.002 0.745 0.001
покинуть 0.001 1.0 0.001
сокращений 0.001 1.301 0.001
устраивает 0.001 1.046 0.001
разбирает 0.001 1.398 0.001
овсянникова 0.002 1.301 0.003
году 0.001 0.367 0.0
алексей 0.001 0.886 0.001
исключения 0.001 1.097 0.001
бело-сине-белый 0.001 1.699 0.002
принять 0.001 0.921 0.001
выпустила 0.001 1.222 0.001
сын 0.002 1.097 0.002
возвращаемся 0.001 1.523 0.002
официального 0.001 1.301 0.001
пора 0.001 1.398 0.001
страсбурге 0.001 2.0 0.002
ошибку 0.001 0.066 0.0
jean-francois 0.001 2.0 0.002
сами 0.001 0.538 0.001
яппарова 0.001 1.699 0.002
противотанковые 0.001 1.523 0.002
лет 0.001 0.252 0.0
платить 0.001 1.398 0.001
семнадцатый 0.001 1.398 0.001
поддержать 0.001 0.066 0.0
раскололось 0.001 2.0 0.002
дал 0.001 1.222 0.001
компании 0.002 0.523 0.001
обратился 0.001 1.155 0.001
проблем 0.001 0.796 0.001
показал 0.001 0.921 0.001
своей 0.002 0.42 0.001
эфире 0.001 1.155 0.001
позвольте 0.001 1.523 0.002
напоминает 0.001 1.155 0.001
постойте 0.001 1.398 0.001
данные 0.001 0.066 0.0
вечером 0.002 1.398 0.003
открываютсярассказываем 0.001 2.0 0.002
киева 0.001 0.886 0.001
поговорить 0.001 1.222 0.001
отдала 0.001 1.222 0.001
россияне 0.002 0.678 0.001
заложниками 0.001 1.398 0.001
пропаганды 0.001 1.0 0.001
поражения 0.001 1.301 0.001
киев 0.002 0.77 0.002
стать 0.001 0.699 0.001
канала 0.005 0.959 0.005
разбор 0.002 0.387 0.001
публикуем 0.001 1.222 0.001
коткин 0.001 1.699 0.002
эвакуируется 0.001 1.523 0.002
20-й 0.001 2.0 0.002
аэс 0.001 1.398 0.001
европейскую 0.001 1.523 0.002
контроль 0.001 1.0 0.001
украину 0.005 0.523 0.003
данным 0.001 0.444 0.0
нажмите 0.001 0.066 0.0
вступление 0.001 1.699 0.002
военных 0.002 0.699 0.001
сравнения 0.001 0.921 0.001
подкасты 0.004 1.398 0.006
российский 0.002 0.638 0.001
режиме 0.001 1.222 0.001
обращаться 0.001 1.398 0.001
наверстает 0.001 1.222 0.001
инвестиции 0.001 1.398 0.001
стратегияанализируем 0.001 2.0 0.002
российских 0.001 0.337 0.0
крутой 0.001 2.0 0.002
других 0.001 0.26 0.0
отвечает 0.002 0.854 0.002
рыхлой 0.001 1.523 0.002
киевлян 0.001 1.097 0.001
продолжает 0.001 0.658 0.001
числе 0.001 0.31 0.0
чернигов 0.001 1.301 0.001
сможет 0.001 0.721 0.001
патриотов 0.001 1.523 0.002
находящиеся 0.001 2.0 0.002
уголовному 0.001 2.0 0.002
чернобыльской 0.001 1.222 0.001
придумал 0.002 1.097 0.002
яндекса 0.004 1.699 0.007
знаете 0.001 0.796 0.001
улицах 0.001 1.301 0.001
захватить 0.001 1.222 0.001
госуслуги 0.001 1.523 0.002
обстрел 0.001 1.046 0.001
дом 0.001 0.824 0.001
отказываюсь 0.001 1.398 0.001
раненым 0.001 2.0 0.002
– 0.001 0.06 0.0
новый 0.001 0.658 0.001
оккупированных 0.001 1.301 0.001
читатели 0.001 1.046 0.001
время 0.005 0.102 0.001
ежи 0.001 1.699 0.002
leta 0.001 0.301 0.0
исчезают 0.001 1.301 0.001
катастрофе 0.001 1.222 0.001
нами 0.001 0.066 0.0
стала 0.001 0.569 0.001
откровенные 0.001 1.699 0.002
песков 0.001 1.155 0.001
хотят 0.001 0.745 0.001
попытались 0.001 1.155 0.001
китай 0.001 1.046 0.001
категории 0.001 1.222 0.001
ждет 0.001 0.959 0.001
смотреть 0.001 1.0 0.001
выглядит 0.002 0.62 0.001
работают 0.001 0.553 0.001
мэр 0.001 1.097 0.001
гибнут 0.001 1.222 0.001
антивоенной 0.001 1.0 0.001
играло 0.001 1.398 0.001
нарушение 0.002 1.523 0.003
рекламаmeduza 0.001 0.066 0.0
денацифицировать 0.001 1.699 0.002
ядерной 0.001 1.398 0.001
ворвалась 0.001 1.523 0.002
прошел 0.001 1.155 0.001
войне 0.003 0.62 0.002
обстрелом 0.001 1.301 0.001
пытается 0.001 0.921 0.001
крайние 0.001 1.523 0.002
der 0.001 1.301 0.001
ребенка 0.001 0.824 0.001
раненых 0.001 1.523 0.002
журналист 0.001 1.0 0.001
неделю 0.001 0.721 0.001
совета 0.004 0.959 0.004
борьбе 0.001 0.796 0.001
двадцатый 0.001 1.699 0.002
вс… 0.001 2.0 0.002
соцопроса 0.001 1.523 0.002
сафоновой 0.001 1.222 0.001
переговорах 0.001 1.301 0.001
овсянниковой 0.001 1.523 0.002
ближайшем 0.001 1.222 0.001
выступил 0.002 1.0 0.002
доклада 0.001 1.301 0.001
максим 0.001 0.824 0.001
хоронят 0.001 1.155 0.001
обстреливать 0.001 1.155 0.001
боевых 0.001 1.0 0.001
заявили 0.001 1.0 0.001
уходит 0.001 1.0 0.001
совет 0.002 1.155 0.002
назад 0.039 0.18 0.007
очищению 0.001 1.523 0.002
„ 0.001 0.62 0.001
спецкора 0.001 1.046 0.001
власть 0.001 0.959 0.001
безопасности 0.001 0.481 0.0
доживем 0.001 1.301 0.001
единственной 0.002 1.097 0.002
дочь 0.001 1.0 0.001
фукуяма 0.001 2.0 0.002
экономист 0.001 1.046 0.001
взять 0.001 0.959 0.001
мог 0.001 0.824 0.001
предателей 0.001 1.398 0.001
добровольцев 0.001 0.886 0.001
yorker 0.001 1.523 0.002
гордостью 0.001 1.301 0.001
перейти 0.001 0.066 0.0
убирать 0.001 1.301 0.001
видела 0.001 0.959 0.001
врут 0.002 1.398 0.003
пишет 0.001 0.824 0.001
пришел 0.001 1.222 0.001
путинскому 0.001 1.301 0.001
улетели 0.001 1.699 0.002
электричества 0.001 1.0 0.001
украинских 0.001 0.824 0.001
уки 0.001 1.699 0.002
одни 0.001 1.046 0.001
компаний 0.001 0.959 0.001
война 0.002 0.469 0.001
очищение 0.002 1.301 0.003
кодекс 0.001 0.066 0.0
“ 0.001 0.432 0.0
давний 0.001 1.523 0.002
психопатов 0.001 1.699 0.002
также 0.001 0.237 0.0
высказываться 0.001 1.523 0.002
официальные 0.001 1.097 0.001
прошлого 0.001 1.222 0.001
скоро 0.001 0.796 0.001
идуттри 0.001 1.523 0.002
рассказывает 0.002 0.569 0.001
могилах 0.001 1.155 0.001
освоении 0.001 1.398 0.001
украинского 0.001 0.959 0.001
россиянам 0.002 1.0 0.002
директором 0.001 1.699 0.002
гендиректора 0.001 1.398 0.001
статьи 0.002 0.854 0.002
сомневаемся 0.001 1.301 0.001
исследователь 0.002 1.155 0.002
волонтеры 0.001 1.398 0.001
виновны 0.002 1.398 0.003
государства 0.001 0.824 0.001
идет 0.001 0.367 0.0
люди 0.002 0.276 0.001
последствиях 0.001 0.921 0.001
находится 0.001 0.678 0.001
ирпень 0.001 1.222 0.001
new 0.001 0.699 0.001
накануне 0.001 1.046 0.001
общества 0.002 0.824 0.002
апреля 0.001 1.097 0.001
коротко 0.001 0.824 0.001
антивоенный 0.001 1.301 0.001
автором 0.001 2.0 0.002
правила 0.001 0.066 0.0
будущем 0.002 0.745 0.001
отправить 0.001 1.301 0.001
увы 0.001 1.097 0.001
казнь 0.001 1.699 0.002
восемнадцатый 0.001 2.0 0.002
западом 0.001 1.155 0.001
арестиккак 0.001 1.523 0.002
космонавтику 0.001 1.398 0.001
приход 0.001 1.523 0.002
монолог 0.001 1.398 0.001
вконтакте 0.001 0.066 0.0
заявляет 0.001 1.523 0.002
нашей 0.002 0.699 0.001
украиной 0.003 0.921 0.003
верят 0.001 1.155 0.001
полторы 0.001 1.301 0.001
видеообращение 0.002 1.699 0.003
сказать 0.001 0.495 0.0
могу 0.001 0.658 0.001
live 0.001 0.022 0.0
государственный 0.001 1.097 0.001
жители 0.002 0.745 0.001
рассказать 0.001 0.959 0.001
изменит 0.001 1.398 0.001
двадцать 0.002 0.959 0.002
сайты 0.001 1.398 0.001
переживет 0.001 2.0 0.002
блог 0.001 0.066 0.0
инстаграм 0.001 0.066 0.0
© 0.001 0.0 0.0
прервала 0.002 2.0 0.004
предателейпутин 0.001 1.523 0.002
выделите 0.001 0.066 0.0
spiegel 0.001 1.301 0.001
власти 0.002 0.387 0.001
лидерство 0.001 1.222 0.001
официальный 0.001 1.222 0.001
практически 0.001 0.602 0.001
доминирующую 0.001 1.398 0.001
разрушила 0.001 1.398 0.001
недели 0.003 0.42 0.001
приостановлено 0.001 1.699 0.002
гимпельсон 0.001 1.523 0.002
meduzacare 0.001 0.066 0.0
сотрудница 0.003 1.398 0.004
попало 0.001 1.097 0.001
против 0.003 0.229 0.001
тигран 0.002 2.0 0.004
исход 0.001 1.097 0.001
система 0.001 0.77 0.001
сестра 0.001 1.398 0.001
клип 0.001 1.398 0.001
марина 0.002 1.301 0.003
еде 0.001 1.699 0.002
кнопка 0.001 0.066 0.0
невыносимо 0.001 1.222 0.001
войнадвадцать 0.001 1.398 0.001
хотя 0.001 0.276 0.0
покидает 0.002 2.0 0.004
дмитрий 0.001 0.658 0.001
воевать 0.001 1.097 0.001
дождался 0.001 1.523 0.002
вечерняя 0.001 0.066 0.0
речь 0.002 0.432 0.001
1990-е 0.001 1.398 0.001
связь 0.001 0.721 0.001
это 0.009 0.066 0.001
the 0.001 0.481 0.0
независимой 0.001 1.222 0.001
press 0.001 0.824 0.001
навальный 0.001 1.699 0.002
юрисдикцией 0.001 2.0 0.002
поддержки 0.001 0.066 0.0
смогут 0.001 0.745 0.001
мешают 0.001 1.301 0.001
историю 0.001 0.721 0.001
самой 0.001 0.699 0.001
оценивает 0.001 1.046 0.001
вспоминаем 0.001 1.523 0.002
шестые 0.001 1.398 0.001
бунина 0.001 2.0 0.002
народа 0.001 1.222 0.001
стал 0.001 0.658 0.001
российского 0.003 0.62 0.002
консерваторы 0.001 1.699 0.002
земфира 0.001 1.523 0.002
спасти 0.001 1.155 0.001
смена 0.001 1.301 0.001
своим 0.001 0.658 0.001
дня 0.02 0.523 0.01
труда 0.002 1.046 0.002
страну 0.001 0.796 0.001
народной 0.001 2.0 0.002
индустрии 0.001 1.222 0.001
войны 0.015 0.42 0.006
убивает 0.001 1.398 0.001
станции 0.001 1.155 0.001
пытаются 0.002 0.745 0.001
братских 0.001 1.155 0.001
лучшими 0.001 1.699 0.002
осталось 0.001 1.0 0.001
одессы 0.001 1.699 0.002
навсегда 0.001 0.854 0.001
котором 0.001 0.495 0.0
некоторые 0.001 0.469 0.0
android 0.001 0.066 0.0
николай 0.001 1.097 0.001
english 0.001 0.06 0.0
поверили 0.001 1.523 0.002
коллеги 0.001 1.0 0.001
пятую 0.001 1.523 0.002
тиграна 0.001 2.0 0.002
плакатом 0.002 1.301 0.003
новости 0.009 0.481 0.004
культурной 0.001 1.301 0.001
путина 0.003 0.721 0.002
начался 0.001 0.921 0.001
готовится 0.001 1.046 0.001
нато 0.001 0.959 0.001
крупнейшей 0.001 1.097 0.001
объявил 0.001 1.0 0.001
назначение 0.001 1.699 0.002
марта 0.008 0.319 0.003
фрэнсис 0.001 2.0 0.002
изменили 0.001 1.097 0.001
политика 0.001 1.0 0.001
стратегически 0.001 1.301 0.001
яппаровой 0.001 1.046 0.001
прямом 0.001 1.301 0.001
аргументы 0.001 0.77 0.001
зарплаты 0.001 1.523 0.002
харьков 0.001 0.886 0.001
объекты 0.001 1.155 0.001
врачей 0.001 0.745 0.001
продолжается 0.001 1.0 0.001
годы 0.001 0.745 0.001
z 0.002 1.046 0.002
гоньи 0.001 1.699 0.002
глаза 0.001 0.886 0.001
тревожных 0.001 1.699 0.002
требования 0.001 0.066 0.0
канале 0.001 1.301 0.001
связаться 0.001 0.066 0.0
происходит 0.002 0.387 0.001
москве 0.002 0.745 0.001
россию 0.002 0.678 0.001
парень 0.001 1.523 0.002
минобороны 0.001 1.046 0.001
вышедшей 0.001 1.523 0.002
уместность 0.001 1.398 0.001
работавший 0.001 2.0 0.002
россиян 0.001 0.62 0.001
важно 0.001 0.509 0.001
считает 0.001 0.678 0.001
директора 0.002 1.097 0.002
немецкому 0.001 1.222 0.001
выступила 0.001 1.398 0.001
выхода 0.001 1.523 0.002
призывом 0.001 1.222 0.001
киеве 0.002 1.0 0.002
боли 0.001 1.0 0.001
бежать 0.001 0.959 0.001
почему 0.001 0.337 0.0
исключили 0.002 1.699 0.003
волновахи 0.001 1.523 0.002
овд-инфо 0.001 1.398 0.001
устава 0.002 1.699 0.003
директоров 0.002 1.398 0.003
должность 0.001 1.699 0.002
михаила 0.001 1.222 0.001
медузе 0.002 0.066 0.0
освобождении 0.001 1.523 0.002
первый 0.002 0.481 0.001
репортаж 0.002 0.699 0.001
распад 0.001 1.523 0.002
отвечавшем 0.001 1.699 0.002
телеканалов 0.001 2.0 0.002
facebook 0.001 0.0 0.0
медузу 0.002 0.066 0.0
собирается 0.001 0.921 0.001
обработки 0.001 0.066 0.0
этим 0.002 0.337 0.001
победим 0.001 1.301 0.001
хочет 0.002 0.854 0.002
онлайн 0.001 0.959 0.001
друг 0.001 0.699 0.001
yandex 0.001 1.398 0.001
фсб 0.002 1.155 0.002
худавердян 0.002 2.0 0.004
россия 0.004 0.398 0.002
сутки 0.002 1.0 0.002
неясно 0.001 1.097 0.001
помощью 0.001 0.538 0.001
стамбуле 0.001 1.398 0.001
обязанности 0.001 1.699 0.002
преследуют 0.001 1.523 0.002
литература 0.001 1.222 0.001
покидают 0.001 1.523 0.002
главное 0.001 0.658 0.001
антивоенного 0.001 1.398 0.001
земли 0.001 0.959 0.001
сражается 0.001 1.398 0.001
эфир 0.004 1.097 0.004
живой 0.001 1.0 0.001
правду 0.002 1.155 0.002
scanpix 0.001 0.301 0.0
посадить 0.001 1.699 0.002
1940-х 0.001 1.222 0.001
лекарств 0.001 0.824 0.001
разговор 0.001 1.222 0.001
фотография 0.001 1.699 0.002
спасибоgiphyза 0.001 0.066 0.0
показывать 0.002 0.066 0.0
подоляка 0.001 1.398 0.001
twitter 0.001 0.0 0.0
любви 0.001 1.0 0.001
отопления 0.001 1.398 0.001
должен 0.001 0.585 0.001
минуты 0.002 1.097 0.002
европы 0.004 0.796 0.003
означает 0.001 0.62 0.001
связано 0.001 0.854 0.001
вступления 0.001 1.301 0.001
платформы 0.002 0.066 0.0
смертную 0.001 1.699 0.002
можем 0.001 0.62 0.001
трудом 0.001 1.222 0.001
бонус 0.001 1.523 0.002
та 0.001 0.824 0.001
пострадала 0.001 1.301 0.001
молчите 0.001 1.523 0.002
именно 0.001 0.244 0.0
арнольд 0.001 1.523 0.002
экономикой 0.001 1.155 0.001
отношении 0.001 0.824 0.001
персональные 0.001 0.066 0.0
пост 0.002 0.796 0.002
такое 0.001 0.347 0.0
станут 0.001 1.046 0.001
очень 0.001 0.149 0.0
зеленский 0.002 0.959 0.002
горячей 0.001 1.301 0.001
путин 0.002 0.658 0.001
ранее 0.001 0.62 0.001
meduza 0.002 0.0 0.0
пропаганде 0.001 1.222 0.001
конгрессу 0.001 1.222 0.001
🌲 0.001 1.301 0.001
одна 0.002 0.42 0.001
остается 0.001 0.638 0.001
ананьев 0.001 1.222 0.001
должностей 0.001 2.0 0.002
движения 0.001 1.155 0.001
пострадавших 0.001 1.155 0.001
помогают 0.001 0.886 0.001
флаг 0.002 1.301 0.003
выступает 0.001 1.0 0.001
закончиться 0.001 1.097 0.001
пересказ 0.001 1.398 0.001
фоне 0.001 0.796 0.001
зайти 0.001 1.398 0.001
топ-менеджера 0.001 2.0 0.002
гитлером 0.001 1.222 0.001
общество 0.001 0.886 0.001
неофашисты 0.001 1.699 0.002
здания 0.001 1.097 0.001
победы 0.001 1.222 0.001
пропаганду 0.001 1.155 0.001
возможен 0.001 1.398 0.001
спойлер 0.001 0.796 0.001
собираются 0.001 0.921 0.001
минометных 0.001 1.222 0.001
путинском 0.001 1.699 0.002
украине 0.005 0.444 0.002
востока 0.001 1.301 0.001
журналиста 0.001 1.398 0.001
реклама 0.002 0.066 0.0
однако 0.001 0.337 0.0
из-за 0.003 0.229 0.001
снаряда 0.001 1.046 0.001
предатели 0.001 1.523 0.002
главы 0.001 1.155 0.001
начала 0.001 0.398 0.0
кристины 0.001 1.222 0.001
городах 0.001 1.0 0.001
упадет 0.001 1.155 0.001
сша 0.001 0.469 0.0
появился 0.001 0.921 0.001
родственникам 0.001 1.301 0.001
ap 0.001 0.854 0.001
точнее 0.001 0.921 0.001
зловещий 0.001 1.523 0.002
ценами 0.001 2.0 0.002
эппле 0.002 1.398 0.003
