числа 0.002 0.745 0.001
вакцинами 0.001 0.921 0.001
какова 0.001 1.222 0.001
перевели 0.0 1.699 0.0
первой 0.001 0.678 0.001
редакции 0.001 0.066 0.0
сделан 0.0 1.155 0.0
аналогичная 0.0 2.0 0.0
собрания 0.0 1.699 0.0
получивших 0.0 1.097 0.0
сосуществовали 0.0 2.0 0.0
ждать 0.0 0.745 0.0
баннерам 0.0 0.066 0.0
сама 0.0 0.658 0.0
действительно 0.001 0.377 0.0
повторного 0.001 1.699 0.002
слабая 0.0 1.523 0.0
применять 0.0 1.097 0.0
обеспечивает 0.0 1.097 0.0
перевешивает 0.0 2.0 0.0
ожидается 0.0 1.301 0.0
причем 0.0 0.62 0.0
0,916 0.001 2.0 0.002
педиатрии 0.0 1.398 0.0
необходимые 0.0 0.959 0.0
судя 0.0 0.721 0.0
дадут 0.0 2.0 0.0
этической 0.0 2.0 0.0
заразного 0.0 1.699 0.0
успешнее 0.0 2.0 0.0
инициатив 0.0 1.699 0.0
переболевших 0.003 0.886 0.003
истинную 0.0 1.699 0.0
конца 0.001 0.77 0.001
дистант 0.0 2.0 0.0
напомним 0.0 1.155 0.0
чаще 0.0 0.602 0.0
распространение 0.0 0.854 0.0
получается 0.001 0.824 0.001
вакцинированных 0.004 0.678 0.003
привить 0.001 1.523 0.002
уступает 0.0 2.0 0.0
подавления 0.0 1.699 0.0
объявило 0.0 1.398 0.0
отказываться 0.0 1.523 0.0
долю 0.001 1.222 0.001
площадок 0.0 1.222 0.0
долгу 0.0 2.0 0.0
распространяться 0.0 1.222 0.0
наш 0.0 0.699 0.0
заражением 0.0 1.301 0.0
локдауне 0.0 1.523 0.0
пусть 0.0 0.921 0.0
ученые 0.0 0.678 0.0
заполняемость 0.0 1.523 0.0
школьниках 0.0 2.0 0.0
эпиваккорона 0.0 1.046 0.0
разница 0.001 0.886 0.001
одним 0.0 0.569 0.0
эффективна 0.0 1.301 0.0
миллионы 0.0 1.699 0.0
дней 0.0 0.337 0.0
ряда 0.0 1.301 0.0
индивидуальные 0.0 1.699 0.0
вместо 0.0 0.77 0.0
сходит 0.0 2.0 0.0
считается 0.0 0.959 0.0
изменилась 0.0 1.097 0.0
коллективному 0.002 1.699 0.003
нововведение 0.0 2.0 0.0
показывает 0.002 0.854 0.002
отводов 0.0 2.0 0.0
осень 0.0 2.0 0.0
игнорируют 0.0 1.398 0.0
оказались 0.0 0.886 0.0
группами 0.0 2.0 0.0
появляются 0.0 1.097 0.0
дни 0.0 0.721 0.0
ситуации 0.0 0.721 0.0
грубо 0.0 1.046 0.0
предположении 0.0 2.0 0.0
момент 0.0 0.481 0.0
последовательные 0.0 2.0 0.0
сертификатов 0.0 1.523 0.0
числом 0.0 1.398 0.0
научных 0.0 1.155 0.0
силу 0.0 1.0 0.0
сотрудники 0.0 0.824 0.0
коронавирусов 0.0 1.523 0.0
помогут 0.0 1.301 0.0
схожую 0.0 2.0 0.0
городе 0.0 0.678 0.0
дозу 0.001 1.222 0.001
иммунитета 0.009 0.886 0.008
миллионов 0.001 0.638 0.001
временем 0.0 0.921 0.0
позволяющих 0.0 2.0 0.0
нашли 0.0 0.066 0.0
связи 0.0 0.0 0.0
медуза 0.003 0.066 0.0
требуется 0.0 0.959 0.0
израиля 0.001 1.222 0.001
дельты 0.002 1.097 0.002
принуждают 0.0 2.0 0.0
месяцев 0.001 0.602 0.001
нам 0.001 0.086 0.0
поводы 0.0 1.398 0.0
закрывают 0.0 1.523 0.0
придумали 0.0 1.155 0.0
выработку 0.0 1.398 0.0
заразнее 0.0 1.699 0.0
материалам 0.0 0.066 0.0
срочно 0.001 0.167 0.0
динамика 0.0 1.699 0.0
говорится 0.0 0.824 0.0
другим 0.001 0.62 0.001
торговых 0.0 1.398 0.0
меньше 0.001 0.444 0.0
нынешней 0.002 1.155 0.002
интервалом 0.0 2.0 0.0
ограничения 0.003 0.745 0.002
повысить 0.0 2.0 0.0
подсчитывают 0.0 2.0 0.0
пройти 0.0 0.854 0.0
образования 0.0 1.301 0.0
индийский 0.0 2.0 0.0
ограничительными 0.0 2.0 0.0
заявил 0.0 0.658 0.0
сергей 0.0 0.886 0.0
повторных 0.001 1.398 0.001
обязательная 0.004 1.699 0.007
западных 0.0 0.854 0.0
предотвратить 0.0 1.0 0.0
главный 0.0 0.638 0.0
начинается 0.0 1.301 0.0
заменит 0.0 1.699 0.0
вариантом 0.0 0.921 0.0
должна 0.0 0.538 0.0
необходимости 0.0 0.854 0.0
измеряемое 0.0 2.0 0.0
графикам 0.0 2.0 0.0
вакцинам 0.001 0.959 0.001
ctrl+enter 0.0 0.066 0.0
ввести 0.0 1.301 0.0
начатых 0.0 2.0 0.0
зарегистрированы 0.0 1.097 0.0
вероятно 0.003 0.699 0.002
особенность 0.0 1.301 0.0
предположим 0.0 1.699 0.0
получилось 0.0 0.886 0.0
значительно 0.001 0.959 0.001
и/или 0.0 1.523 0.0
географическая 0.0 2.0 0.0
институтом 0.0 1.523 0.0
подтверждаются 0.0 2.0 0.0
организаторы 0.0 1.523 0.0
антител 0.001 0.854 0.001
прав 0.0 1.097 0.0
четыре 0.001 0.569 0.001
подействовал 0.0 2.0 0.0
дополнительная 0.0 2.0 0.0
июня 0.001 0.854 0.001
связка 0.0 1.699 0.0
сами 0.0 0.538 0.0
волны 0.0 1.301 0.0
исследователи 0.0 1.046 0.0
штамм 0.001 1.398 0.001
позволяет 0.001 0.854 0.001
получает 0.0 1.398 0.0
выпуска 0.0 1.398 0.0
мера 0.001 1.398 0.001
совокупного 0.0 2.0 0.0
передачи 0.0 1.398 0.0
нажмите 0.0 0.066 0.0
известен 0.0 1.523 0.0
верны 0.0 2.0 0.0
rt 0.002 0.824 0.002
режиме 0.0 1.222 0.0
идущего 0.0 1.699 0.0
других 0.003 0.26 0.001
числе 0.001 0.31 0.0
иностранного 0.001 0.102 0.0
человек 0.002 0.215 0.0
главные 0.0 0.921 0.0
исследований 0.001 0.585 0.001
большую 0.0 1.046 0.0
захватить 0.0 1.222 0.0
кампаний 0.0 1.699 0.0
– 0.0 0.06 0.0
ковида 0.002 0.444 0.001
leta 0.0 0.301 0.0
вспышки 0.001 1.155 0.001
нами 0.0 0.066 0.0
стала 0.0 0.569 0.0
которыми 0.0 0.854 0.0
жкх 0.0 2.0 0.0
видно 0.001 0.921 0.001
склонять 0.0 2.0 0.0
показано 0.0 1.155 0.0
волнами 0.0 1.699 0.0
формально 0.0 1.398 0.0
хватить 0.001 1.523 0.002
равна 0.0 1.398 0.0
лицом 0.0 0.102 0.0
существенному 0.0 2.0 0.0
настоящему 0.0 1.398 0.0
заразившихся 0.001 1.398 0.001
функции 0.001 0.097 0.0
массовая 0.001 1.155 0.001
исследована 0.0 2.0 0.0
смерти 0.001 0.921 0.001
борьбе 0.0 0.796 0.0
спортивных 0.0 1.523 0.0
дозами 0.001 1.301 0.001
отказа 0.0 1.097 0.0
решения 0.0 0.638 0.0
руководство 0.0 1.097 0.0
частичного 0.0 2.0 0.0
надежно 0.0 1.222 0.0
пишут 0.0 0.77 0.0
вырастет 0.0 1.523 0.0
кузнец 0.0 1.398 0.0
хватит 0.0 1.398 0.0
перейти 0.0 0.066 0.0
поддержать 0.0 0.066 0.0
пишет 0.0 0.824 0.0
театров 0.0 1.523 0.0
какие-то 0.0 0.538 0.0
зараженных 0.001 1.046 0.001
0,8 0.001 1.523 0.002
приобретенного 0.001 1.699 0.002
скоро 0.002 0.796 0.002
отказаться 0.0 1.046 0.0
ограничительных 0.0 2.0 0.0
рассчитать 0.0 1.699 0.0
усмотрению 0.0 2.0 0.0
качестве 0.0 0.678 0.0
защитный 0.001 1.523 0.002
полученный 0.0 1.222 0.0
данное 0.0 0.097 0.0
замкнутые 0.0 2.0 0.0
new 0.0 0.699 0.0
вспышкой 0.002 1.699 0.003
окажется 0.0 1.097 0.0
сравнению 0.001 0.796 0.001
полноценной 0.0 1.398 0.0
вакцинации 0.007 0.553 0.004
live 0.0 0.022 0.0
старых 0.0 1.699 0.0
блог 0.0 0.066 0.0
проблема 0.001 0.721 0.001
разных 0.002 0.398 0.001
читайте 0.0 0.745 0.0
ею 0.0 1.0 0.0
районах 0.0 1.301 0.0
специалисты 0.001 1.097 0.001
meduzacare 0.0 0.066 0.0
осени 0.0 1.398 0.0
маленькой 0.0 1.523 0.0
инструментов 0.0 1.222 0.0
начинают 0.001 0.886 0.001
существенной 0.0 1.699 0.0
поляризацию 0.0 2.0 0.0
кнопка 0.0 0.066 0.0
учеников 0.0 1.699 0.0
дарья 0.0 0.959 0.0
речь 0.002 0.432 0.001
другие 0.003 0.268 0.001
пандемии 0.0 0.658 0.0
биотехнологической 0.0 1.699 0.0
порога 0.001 1.699 0.002
реальной 0.0 1.046 0.0
нему 0.0 1.155 0.0
давно 0.0 0.77 0.0
стр 0.0 1.699 0.0
какое-то 0.0 0.959 0.0
распределены 0.0 2.0 0.0
масочном 0.0 2.0 0.0
v 0.002 0.699 0.001
ответ 0.0 0.602 0.0
схожие 0.0 2.0 0.0
стороне 0.0 1.046 0.0
санитарного 0.0 2.0 0.0
r₀× 0.0 2.0 0.0
величина 0.0 1.523 0.0
иммунитет 0.004 0.854 0.003
исследование 0.0 0.658 0.0
24/7 0.0 0.102 0.0
потушить 0.0 1.699 0.0
участию 0.0 1.398 0.0
передачу 0.0 1.398 0.0
заявление 0.0 0.886 0.0
случаях 0.001 0.658 0.001
факт 0.0 0.77 0.0
подробнее 0.0 0.699 0.0
москвы 0.001 0.824 0.001
близко 0.0 1.301 0.0
требования 0.001 0.066 0.0
связаться 0.0 0.066 0.0
крови 0.0 0.959 0.0
россию 0.001 0.678 0.001
москве 0.002 0.745 0.001
информации 0.001 0.102 0.0
академии 0.0 1.523 0.0
варианта 0.003 0.745 0.002
эволюционных 0.0 2.0 0.0
тех 0.003 0.26 0.001
составить 0.0 1.523 0.0
ковидом 0.002 0.658 0.001
назвала 0.0 1.398 0.0
обременительной 0.0 2.0 0.0
общественное 0.0 2.0 0.0
медицинских 0.0 0.959 0.0
спутником 0.0 0.921 0.0
почему 0.001 0.337 0.0
нерабочие 0.0 1.523 0.0
18-й 0.0 2.0 0.0
доверительным 0.0 2.0 0.0
этим 0.0 0.337 0.0
загсов 0.0 2.0 0.0
простых 0.0 1.301 0.0
сработает 0.0 2.0 0.0
россия 0.001 0.398 0.0
помощью 0.002 0.538 0.001
коллективного 0.003 1.523 0.005
главная 0.0 0.796 0.0
такие 0.001 0.444 0.0
виде 0.0 0.745 0.0
спасибоgiphyза 0.0 0.066 0.0
дозы 0.0 0.886 0.0
ограничительные 0.0 2.0 0.0
раньше 0.0 0.432 0.0
болезни 0.002 0.62 0.001
пожалуйста 0.0 0.102 0.0
должен 0.0 0.585 0.0
куниным 0.0 2.0 0.0
связаны 0.001 0.959 0.001
близка 0.002 1.301 0.003
именно 0.002 0.244 0.0
связанных 0.0 1.155 0.0
зная 0.0 1.523 0.0
властями 0.0 1.301 0.0
очень 0.003 0.149 0.0
ускорение 0.0 2.0 0.0
сентябрьскому 0.0 2.0 0.0
распространяется 0.001 0.854 0.001
неизвестен 0.0 1.523 0.0
всплеска 0.0 2.0 0.0
смысле 0.0 1.301 0.0
одна 0.001 0.42 0.0
остается 0.0 0.638 0.0
эпидемиологические 0.0 1.523 0.0
детских 0.0 1.222 0.0
появилось 0.0 0.854 0.0
рассматривали 0.0 1.523 0.0
плюс 0.001 1.046 0.001
год 0.001 0.409 0.0
чиновники 0.001 1.398 0.001
российским 0.0 0.092 0.0
одной 0.0 0.398 0.0
тому 0.002 0.509 0.001
собираются 0.001 0.921 0.001
вводить 0.001 1.222 0.001
евгением 0.0 1.699 0.0
интересах 0.0 0.167 0.0
российские 0.001 0.328 0.0
мероприятий 0.0 1.398 0.0
ifr 0.001 2.0 0.002
прививок 0.0 0.824 0.0
целых 0.0 1.301 0.0
сделанные 0.0 1.398 0.0
национального 0.0 1.222 0.0
times 0.0 0.699 0.0
намного 0.001 0.959 0.001
предположить 0.0 0.959 0.0
заражений 0.005 1.097 0.005
естественного 0.002 1.398 0.003
надеются 0.0 1.699 0.0
переломный 0.0 2.0 0.0
рамках 0.0 1.097 0.0
in 0.0 0.0 0.0
выработался 0.0 1.699 0.0
регионов 0.002 0.921 0.002
опубликовали 0.0 1.222 0.0
эффективности 0.003 0.678 0.002
услуги 0.0 1.699 0.0
таких 0.002 0.347 0.001
разными 0.001 0.824 0.001
наблюдается 0.0 1.301 0.0
каких 0.0 0.854 0.0
оценкам 0.0 1.398 0.0
просто 0.001 0.194 0.0
вспышек 0.0 1.523 0.0
британский 0.0 1.301 0.0
оценке 0.0 1.222 0.0
заразились 0.001 1.523 0.002
одинаковых 0.0 1.523 0.0
избыточных 0.0 1.699 0.0
рассчитанной 0.0 2.0 0.0
заболеют 0.0 1.523 0.0
защищенных 0.0 2.0 0.0
используют 0.0 0.921 0.0
вакцину 0.001 0.824 0.001
произошло 0.0 0.796 0.0
количеством 0.0 1.301 0.0
две 0.0 0.553 0.0
16–20 0.0 2.0 0.0
кажется 0.0 0.469 0.0
редко 0.0 1.301 0.0
называются 0.0 1.155 0.0
измерялась 0.0 2.0 0.0
скажем 0.0 1.222 0.0
задействовали 0.0 2.0 0.0
здоровье 0.0 1.155 0.0
сожалению 0.003 0.569 0.002
нынешнюю 0.0 1.523 0.0
серьезные 0.0 1.097 0.0
неприятная 0.0 2.0 0.0
распространено 0.0 0.102 0.0
ios 0.0 0.066 0.0
учеными 0.0 1.222 0.0
достижением 0.0 1.699 0.0
низкий 0.001 1.222 0.001
осенью 0.002 1.046 0.002
большинства 0.0 1.097 0.0
несколько 0.001 0.201 0.0
прежней 0.0 2.0 0.0
прививочной 0.0 1.222 0.0
защиты 0.001 0.824 0.001
сывороткой 0.0 1.699 0.0
летние 0.0 2.0 0.0
оптимистичны 0.0 2.0 0.0
основном 0.0 0.553 0.0
вывод 0.001 0.959 0.001
доверяют 0.0 1.699 0.0
коронавируса 0.002 0.509 0.001
пока 0.002 0.208 0.0
концертных 0.0 1.699 0.0
разнарядке 0.0 2.0 0.0
вариантам 0.0 1.523 0.0
столь 0.001 1.046 0.001
сих 0.0 0.481 0.0
спустя 0.0 0.886 0.0
pfizer/biontech 0.001 1.046 0.001
мерах 0.0 1.523 0.0
нового 0.0 0.638 0.0
кончится 0.002 1.699 0.003
вычислить 0.0 1.699 0.0
эпидемии 0.001 1.097 0.001
первого 0.001 0.658 0.001
вирусом 0.0 0.921 0.0
предотвращают 0.0 2.0 0.0
первоначально 0.0 2.0 0.0
заболеваемостью 0.0 1.699 0.0
согласно 0.0 0.745 0.0
всемирная 0.0 1.046 0.0
летальность 0.0 1.523 0.0
разные 0.001 0.721 0.001
причины 0.0 1.046 0.0
юридическим 0.0 0.102 0.0
канаде 0.0 1.699 0.0
вверх 0.0 1.398 0.0
приходятся 0.0 1.699 0.0
несмотря 0.0 0.456 0.0
развития 0.0 0.886 0.0
шести-семи 0.0 2.0 0.0
прочным 0.0 2.0 0.0
долгосрочной 0.0 1.699 0.0
путь 0.0 0.886 0.0
начнет 0.0 1.523 0.0
собраний 0.0 1.699 0.0
нужно 0.003 0.237 0.001
борьбы 0.001 1.097 0.001
становится 0.0 0.721 0.0
предохранять 0.0 2.0 0.0
контактируют 0.0 1.699 0.0
исследованиях 0.0 0.854 0.0
безопасно 0.0 0.066 0.0
наименьшей 0.0 2.0 0.0
рф 0.0 0.745 0.0
переболело 0.002 1.523 0.003
продолжится 0.0 1.398 0.0
youtube 0.0 0.06 0.0
вариант 0.001 0.796 0.001
создано 0.0 0.097 0.0
врачи 0.0 0.886 0.0
специфичные 0.0 1.699 0.0
группы 0.001 0.62 0.001
примем 0.0 1.699 0.0
направленный 0.0 2.0 0.0
которого 0.001 0.585 0.001
5–6 0.0 2.0 0.0
york 0.0 1.222 0.0
достаточно 0.001 0.444 0.0
развивается 0.0 1.523 0.0
набор 0.001 1.155 0.001
спутнику 0.001 1.097 0.001
многие 0.0 0.284 0.0
средством 0.0 0.102 0.0
темпам 0.0 1.699 0.0
возможность 0.0 0.569 0.0
эффективный 0.0 1.097 0.0
принудительная 0.001 2.0 0.002
приводит 0.0 0.824 0.0
атаковал 0.0 2.0 0.0
искать 0.0 0.854 0.0
впервые 0.0 0.824 0.0
июля 0.0 1.0 0.0
своему 0.0 1.523 0.0
локдауны 0.0 1.699 0.0
обязательных 0.0 1.699 0.0
пытались 0.0 1.046 0.0
наиболее 0.0 0.745 0.0
захватившего 0.0 2.0 0.0
возвращают 0.0 2.0 0.0
избегать 0.0 1.699 0.0
применяют 0.0 1.398 0.0
лидеров 0.0 1.301 0.0
ресторанов 0.0 1.699 0.0
стать 0.0 0.699 0.0
показатель 0.001 1.301 0.001
разбор 0.001 0.387 0.0
мире 0.001 0.553 0.001
данным 0.001 0.444 0.0
первоначальных 0.0 1.699 0.0
ситуацию 0.0 0.796 0.0
дистанцирования 0.0 2.0 0.0
принадлежит 0.0 1.301 0.0
вытеснил 0.0 1.699 0.0
области 0.0 0.602 0.0
александр 0.0 0.538 0.0
агрессивнее 0.0 1.523 0.0
лабораторными 0.0 2.0 0.0
иммунитету 0.002 1.699 0.003
возразить 0.0 2.0 0.0
привитые 0.0 1.222 0.0
жителей 0.0 0.569 0.0
огромное 0.0 1.398 0.0
любой 0.0 0.745 0.0
alexander 0.0 1.155 0.0
время 0.003 0.102 0.0
защита 0.001 1.097 0.001
ту 0.0 0.921 0.0
центра 0.0 0.77 0.0
главного 0.0 1.155 0.0
рекламаmeduza 0.0 0.066 0.0
полученная 0.0 1.398 0.0
обязательно 0.0 0.959 0.0
остаются 0.0 1.0 0.0
постоянно 0.0 0.62 0.0
среди 0.001 0.42 0.0
локдаунах 0.0 2.0 0.0
темпы 0.001 1.523 0.002
быстро 0.002 0.495 0.001
донести 0.0 1.699 0.0
назад 0.002 0.18 0.0
сконструировали 0.0 2.0 0.0
подсчитано 0.0 1.523 0.0
вспышка 0.001 1.301 0.001
компаний 0.0 0.959 0.0
ответа 0.0 0.886 0.0
кодекс 0.0 0.066 0.0
также 0.002 0.237 0.0
клинических 0.0 0.796 0.0
исследованные 0.0 2.0 0.0
выход 0.0 1.097 0.0
недостатка 0.0 1.699 0.0
оценок 0.001 1.222 0.001
модель 0.0 1.398 0.0
очередь 0.0 0.62 0.0
сокращению 0.0 1.699 0.0
медицинскому 0.0 2.0 0.0
сформировать 0.0 1.699 0.0
общества 0.001 0.824 0.001
введения 0.001 0.796 0.001
подробно 0.0 0.921 0.0
пор 0.0 0.387 0.0
требование 0.0 1.155 0.0
вконтакте 0.0 0.066 0.0
медленно 0.001 1.222 0.001
одновременно 0.001 0.796 0.001
позволит 0.001 1.398 0.001
массовых 0.0 1.301 0.0
далеко 0.0 0.745 0.0
групп 0.001 0.77 0.001
группа 0.0 0.886 0.0
выделите 0.0 0.066 0.0
разницу 0.0 1.398 0.0
власти 0.005 0.387 0.002
получить 0.0 0.553 0.0
нескольких 0.001 0.699 0.001
могли 0.0 0.699 0.0
недели 0.001 0.42 0.0
законна 0.0 2.0 0.0
эффективны 0.0 1.301 0.0
предприятия 0.0 1.046 0.0
жестких 0.0 1.523 0.0
пойдет 0.0 1.301 0.0
против 0.004 0.229 0.001
созревание 0.0 2.0 0.0
приказе 0.0 2.0 0.0
саркисян 0.0 0.959 0.0
перенес 0.0 2.0 0.0
баров 0.001 1.699 0.002
той 0.001 0.62 0.001
великобритании 0.003 0.745 0.002
ограничивать 0.0 2.0 0.0
успех 0.0 1.222 0.0
дмитрий 0.0 0.658 0.0
проявляться 0.0 1.699 0.0
эффективность 0.008 0.569 0.005
опасения 0.0 1.523 0.0
вечерняя 0.0 0.066 0.0
0,66–0,68 0.0 2.0 0.0
поддержки 0.0 0.066 0.0
тяжелого 0.0 0.921 0.0
исходили 0.0 2.0 0.0
самой 0.0 0.699 0.0
равномерно 0.0 1.699 0.0
спутник 0.002 0.721 0.001
исследованиями 0.0 1.301 0.0
двумя 0.001 0.678 0.001
российского 0.0 0.62 0.0
срабатывает 0.0 1.699 0.0
примере 0.0 1.222 0.0
итоге 0.0 0.62 0.0
шансах 0.001 2.0 0.002
альфа 0.001 1.699 0.002
событий 0.0 0.921 0.0
май 0.0 1.699 0.0
15–20 0.0 1.523 0.0
одну 0.0 0.77 0.0
× 0.002 1.398 0.003
android 0.0 0.066 0.0
заболеванию 0.0 1.398 0.0
слабыми 0.0 2.0 0.0
ситуативные 0.0 2.0 0.0
вариантов 0.003 0.854 0.003
особенно 0.0 0.553 0.0
нужна 0.002 0.092 0.0
вакцинация 0.008 0.699 0.006
города 0.0 0.638 0.0
избыточной 0.001 1.155 0.001
дома 0.0 0.638 0.0
признали 0.001 1.398 0.001
посчитан 0.0 2.0 0.0
равных 0.0 2.0 0.0
работ 0.001 1.222 0.001
приказ 0.0 1.398 0.0
государственную 0.001 2.0 0.002
эволюция 0.0 1.523 0.0
рабочим 0.0 1.699 0.0
действенный 0.0 2.0 0.0
способом 0.0 1.155 0.0
опыте 0.0 1.699 0.0
росстата 0.001 1.523 0.002
привиться 0.0 0.796 0.0
прибегать 0.0 1.699 0.0
медузе 0.001 0.066 0.0
точно 0.002 0.481 0.001
достигает 0.0 1.699 0.0
медузу 0.001 0.066 0.0
обработки 0.0 0.066 0.0
отбора 0.0 1.398 0.0
профессиональных 0.0 2.0 0.0
успел 0.0 0.921 0.0
массовой 0.0 0.097 0.0
точки 0.001 0.638 0.001
сложно 0.003 0.538 0.002
заявленную 0.0 2.0 0.0
заразившегося 0.0 2.0 0.0
службы 0.0 0.959 0.0
находятся 0.0 0.854 0.0
оказывается 0.0 0.886 0.0
продолжать 0.0 0.921 0.0
словам 0.0 0.658 0.0
сложнее 0.003 0.921 0.003
центрах 0.0 1.301 0.0
каких-то 0.0 0.921 0.0
значительное 0.0 1.398 0.0
заболеваний 0.001 0.745 0.001
собянин 0.0 1.699 0.0
достаточного 0.0 1.523 0.0
вакцины 0.006 0.585 0.004
способами 0.0 1.222 0.0
лайт 0.0 1.301 0.0
имеющие 0.0 1.523 0.0
важное 0.0 1.046 0.0
новым 0.0 0.796 0.0
странах 0.001 0.495 0.0
частичную 0.0 2.0 0.0
опыт 0.0 0.886 0.0
естественным 0.0 1.523 0.0
зарегистрирован 0.0 1.398 0.0
получения 0.0 1.398 0.0
вузов 0.0 1.523 0.0
европейской 0.0 1.301 0.0
обсуждается 0.0 1.523 0.0
теми 0.001 0.886 0.001
вводится 0.0 1.699 0.0
запустить 0.0 1.398 0.0
защищающую 0.0 2.0 0.0
реклама 0.001 0.066 0.0
делать 0.001 0.276 0.0
возникает 0.001 0.959 0.001
сша 0.001 0.469 0.0
решают 0.0 1.699 0.0
десятков 0.001 1.046 0.001
заразившись 0.0 2.0 0.0
защитить 0.0 1.0 0.0
поводу 0.0 0.824 0.0
точного 0.0 2.0 0.0
индийском 0.0 1.523 0.0
список 0.0 0.658 0.0
студентов 0.0 1.301 0.0
предоставляющих 0.0 2.0 0.0
следующий 0.0 0.796 0.0
россии 0.006 0.119 0.001
быстрого 0.0 1.523 0.0
мгновенно 0.001 2.0 0.002
зависит 0.0 0.638 0.0
агента 0.001 0.097 0.0
порогу 0.0 1.699 0.0
июне 0.001 1.097 0.001
ночную 0.0 2.0 0.0
преимущества 0.0 1.523 0.0
формулы 0.0 2.0 0.0
0,65–0,75 0.0 2.0 0.0
поддельных 0.0 2.0 0.0
потребуются 0.0 1.523 0.0
способы 0.0 1.222 0.0
достигнут 0.001 2.0 0.002
вузы 0.0 2.0 0.0
биологов 0.0 2.0 0.0
суперраспространители 0.0 2.0 0.0
сработают 0.0 1.699 0.0
прививались 0.0 1.398 0.0
уровень 0.001 0.824 0.001
россией 0.0 0.824 0.0
справиться 0.0 1.222 0.0
читателейнам 0.0 0.174 0.0
прямым 0.0 1.699 0.0
британского 0.0 1.398 0.0
недавно 0.0 0.62 0.0
удалось 0.0 0.523 0.0
десятки 0.0 0.745 0.0
зиму 0.0 2.0 0.0
популяции 0.002 1.097 0.002
закрытие 0.001 2.0 0.002
12-й 0.0 1.699 0.0
неоднозначно 0.0 2.0 0.0
r₀ 0.001 2.0 0.002
порядку 0.0 0.066 0.0
достичь 0.0 2.0 0.0
периодически 0.001 1.046 0.001
ершов 0.0 0.796 0.0
приближается 0.0 1.699 0.0
полноценному 0.0 2.0 0.0
работает 0.0 0.367 0.0
необходимо 0.001 0.585 0.001
самые 0.0 0.602 0.0
сочетании 0.001 1.398 0.001
самый 0.0 0.721 0.0
уверенности 0.0 1.301 0.0
роспотребнадзоре 0.0 2.0 0.0
провести 0.0 0.745 0.0
временным 0.0 2.0 0.0
мотивировать 0.0 2.0 0.0
заразности 0.001 1.523 0.002
набором 0.0 2.0 0.0
sayganov 0.0 2.0 0.0
оставаться 0.0 0.921 0.0
формуле 0.001 1.699 0.002
вируса 0.007 0.721 0.005
контактов 0.0 1.699 0.0
группах 0.001 1.0 0.001
создатели 0.0 1.398 0.0
срочное 0.0 2.0 0.0
могут 0.002 0.187 0.0
должно 0.001 0.658 0.001
день 0.002 0.328 0.001
эпиваке 0.0 2.0 0.0
мысль 0.0 1.523 0.0
вспышку 0.001 1.699 0.002
работать 0.0 0.409 0.0
подставить 0.0 2.0 0.0
попали 0.001 0.886 0.001
первую 0.0 0.638 0.0
подходящий 0.0 1.699 0.0
грубых 0.0 2.0 0.0
объясняет 0.0 0.658 0.0
иными 0.001 1.523 0.002
профильным 0.0 1.699 0.0
начале 0.001 0.602 0.001
сфер 0.0 1.699 0.0
реальности 0.001 0.921 0.001
жесткие 0.0 1.222 0.0
слишком 0.001 0.553 0.001
школы 0.0 0.886 0.0
количество 0.001 0.62 0.001
неизвестно 0.001 0.77 0.001
предыдущих 0.0 1.398 0.0
разу 0.0 1.398 0.0
период 0.0 0.796 0.0
подмосковья 0.0 1.398 0.0
залов 0.0 1.699 0.0
д. 0.0 1.0 0.0
мало 0.001 0.538 0.001
максимально 0.0 0.721 0.0
images 0.0 0.796 0.0
исчез 0.0 1.699 0.0
привести 0.0 1.0 0.0
адаптивная 0.0 2.0 0.0
число 0.003 0.658 0.002
возможном 0.0 1.523 0.0
случае 0.003 0.357 0.001
реальное 0.0 1.523 0.0
продлить 0.0 1.699 0.0
москвичей 0.0 1.699 0.0
иностранным 0.0 0.097 0.0
западным 0.0 1.523 0.0
заговорив 0.0 2.0 0.0
astrazeneca 0.001 0.959 0.001
относительно 0.002 0.721 0.001
например 0.002 0.229 0.0
принудительную 0.0 2.0 0.0
ограничениям 0.0 1.398 0.0
течения 0.0 0.921 0.0
началась 0.001 0.678 0.001
zuma 0.0 1.398 0.0
коронавирусом 0.001 0.699 0.001
решение 0.002 0.509 0.001
порог 0.001 1.523 0.002
направление 0.0 1.699 0.0
всей 0.001 0.699 0.001
вакцинах 0.0 1.046 0.0
китая 0.0 1.155 0.0
полному 0.0 1.699 0.0
локдаунов 0.0 1.398 0.0
поддержите 0.0 0.102 0.0
соответствует 0.001 1.097 0.001
приобретение 0.0 2.0 0.0
моделях 0.001 1.523 0.002
населения 0.003 0.658 0.002
зрения 0.001 0.602 0.001
вводятся 0.001 1.699 0.002
поэтому 0.002 0.328 0.001
эффективнее 0.0 1.222 0.0
году 0.0 0.367 0.0
исследовавших 0.0 2.0 0.0
штаммов 0.001 1.097 0.001
имеютпринудительную 0.0 2.0 0.0
распространения 0.002 0.678 0.001
используется 0.0 0.796 0.0
эволюцию 0.0 2.0 0.0
справок 0.0 2.0 0.0
вопрос 0.001 0.42 0.0
т-клеток 0.0 1.699 0.0
мотивируется 0.0 2.0 0.0
составляет 0.001 0.921 0.001
данные 0.003 0.066 0.0
широкая 0.0 1.699 0.0
словами 0.001 0.824 0.001
последующей 0.0 1.523 0.0
частично 0.001 1.301 0.001
новых 0.003 0.678 0.002
мер 0.001 1.046 0.001
коллективным 0.001 1.699 0.002
целом 0.0 0.585 0.0
человечества 0.0 2.0 0.0
кампании 0.0 0.854 0.0
снизитьдоверие 0.0 2.0 0.0
отвечают 0.001 1.097 0.001
полную 0.0 1.046 0.0
похожа 0.0 1.222 0.0
локдауну 0.0 2.0 0.0
наступает 0.0 1.301 0.0
вероятность 0.0 0.721 0.0
цели 0.001 1.222 0.001
усилить 0.0 1.699 0.0
тысяч 0.0 0.337 0.0
имеющимся 0.0 1.523 0.0
надеяться 0.0 1.097 0.0
ковивак 0.0 1.155 0.0
варианте 0.0 1.222 0.0
транспорта 0.0 1.398 0.0
легально 0.0 2.0 0.0
обосновали 0.0 2.0 0.0
британским 0.0 1.699 0.0
превысила 0.0 1.699 0.0
выправить 0.0 2.0 0.0
преодоления 0.0 1.699 0.0
источник 0.0 0.174 0.0
прививать 0.001 1.0 0.001
хочу 0.001 0.137 0.0
прочих 0.0 1.301 0.0
каникулы 0.0 2.0 0.0
работу 0.001 0.658 0.001
полагают 0.0 1.699 0.0
жесткости 0.0 1.699 0.0
ряд 0.0 1.046 0.0
заражения 0.006 0.796 0.005
апреля 0.001 1.097 0.001
остались 0.0 0.921 0.0
действует 0.001 1.097 0.001
большие 0.0 0.796 0.0
правила 0.0 0.066 0.0
конец 0.0 1.155 0.0
доминирования 0.0 1.699 0.0
какую 0.0 1.301 0.0
предыдущими 0.0 1.398 0.0
сказать 0.0 0.495 0.0
ином 0.0 1.699 0.0
© 0.0 0.0 0.0
перестать 0.0 1.699 0.0
равно 0.0 0.638 0.0
данных 0.001 0.481 0.0
смертей 0.0 0.959 0.0
спасает 0.0 1.398 0.0
вакцинировать 0.0 1.398 0.0
требуемую 0.0 2.0 0.0
граждан 0.001 0.638 0.001
осталась 0.0 1.398 0.0
количества 0.0 1.0 0.0
сентябрьскую 0.0 2.0 0.0
динамику 0.0 1.699 0.0
существующих 0.0 1.222 0.0
риска 0.0 0.699 0.0
неисследованные 0.001 2.0 0.002
сильно 0.0 0.509 0.0
заболеваемости 0.001 0.959 0.001
помощь 0.0 0.097 0.0
лидером 0.0 1.699 0.0
текст 0.0 0.886 0.0
90,7–92,2 0.0 2.0 0.0
собянина 0.0 1.699 0.0
снизить 0.0 1.301 0.0
прививаться 0.002 0.921 0.002
около 0.001 0.432 0.0
вакцинного 0.0 1.398 0.0
нежели 0.0 1.523 0.0
минимум 0.0 0.796 0.0
опасном 0.0 2.0 0.0
собственный 0.0 1.301 0.0
зон 0.0 2.0 0.0
лишена 0.0 1.523 0.0
самое 0.001 0.638 0.001
отдыха 0.0 2.0 0.0
убегают 0.0 2.0 0.0
параметры 0.0 1.523 0.0
разуверятся 0.0 2.0 0.0
задала 0.0 1.398 0.0
бороться 0.001 1.155 0.001
подавить 0.001 1.699 0.002
всем 0.0 0.252 0.0
штамма 0.0 1.301 0.0
те 0.0 0.357 0.0
половины 0.0 1.0 0.0
диверсификация 0.0 2.0 0.0
потребоваться 0.0 1.523 0.0
россиян 0.0 0.62 0.0
получены 0.0 1.301 0.0
заражающие 0.0 2.0 0.0
оценили 0.0 1.301 0.0
заражениями 0.0 2.0 0.0
борются 0.0 1.046 0.0
любая 0.0 1.222 0.0
запрету 0.0 2.0 0.0
избегание 0.0 2.0 0.0
работников 0.0 1.222 0.0
повышенная 0.0 1.155 0.0
гам-ковид-вак 0.0 1.301 0.0
главное 0.0 0.658 0.0
юридической 0.0 1.523 0.0
вызывает 0.0 0.886 0.0
госпитализаций 0.0 1.398 0.0
эффект 0.002 1.097 0.002
бессимптомного 0.0 2.0 0.0
бизнесов 0.0 2.0 0.0
максимума 0.0 2.0 0.0
школ 0.0 1.398 0.0
показывать 0.0 0.066 0.0
вызывающих 0.0 1.699 0.0
twitter 0.0 0.0 0.0
конкретную 0.0 1.699 0.0
означает 0.001 0.62 0.001
подмосковье 0.001 1.699 0.002
платформы 0.001 0.066 0.0
зато 0.0 0.886 0.0
запрета 0.0 1.398 0.0
иную 0.0 1.523 0.0
смертности 0.002 1.155 0.002
оценки 0.001 1.155 0.001
которые 0.003 0.119 0.0
заразных 0.0 1.523 0.0
спорный 0.0 2.0 0.0
недостаточно 0.0 0.921 0.0
кинотеатров 0.0 1.699 0.0
ранее 0.001 0.62 0.001
мерой 0.0 1.699 0.0
врача 0.0 1.097 0.0
meduza 0.001 0.0 0.0
т. 0.0 0.921 0.0
инфекцию 0.0 1.301 0.0
повторно 0.0 1.699 0.0
прямых 0.0 1.155 0.0
b.1.617.2 0.0 1.699 0.0
программу 0.0 1.155 0.0
плацебо 0.0 0.959 0.0
учителя 0.0 1.398 0.0
результат 0.0 0.77 0.0
вакцинацию 0.004 0.824 0.003
из-за 0.001 0.229 0.0
собрать 0.0 1.398 0.0
быстрее 0.0 0.886 0.0
величину 0.0 2.0 0.0
влияет 0.0 1.155 0.0
какую-то 0.0 1.097 0.0
проблемой 0.001 1.097 0.001
эпидемиологических 0.0 1.301 0.0
нынешних 0.0 1.699 0.0
перестал 0.0 1.301 0.0
страна 0.002 0.796 0.002
значит 0.004 0.444 0.002
отличаться 0.0 1.301 0.0
каждая 0.0 1.398 0.0
считают 0.0 0.721 0.0
гифки 0.0 0.066 0.0
людей 0.006 0.161 0.001
будущих 0.0 2.0 0.0
учетом 0.0 0.921 0.0
перспективе 0.0 1.699 0.0
страхи 0.0 2.0 0.0
меру 0.0 1.699 0.0
включая 0.0 0.959 0.0
опять-таки 0.0 1.699 0.0
единственным 0.001 1.398 0.001
полного 0.0 1.222 0.0
реальный 0.0 1.523 0.0
нынешняя 0.0 1.398 0.0
заморозка 0.0 2.0 0.0
увеличить 0.0 1.301 0.0
благо 0.0 1.699 0.0
правда 0.0 0.509 0.0
который 0.002 0.194 0.0
ввели 0.0 1.0 0.0
анонимно 0.0 0.066 0.0
второй 0.0 0.42 0.0
заболевших 0.001 0.824 0.001
необходимостью 0.0 2.0 0.0
ваша 0.001 0.102 0.0
попытаться 0.0 1.398 0.0
прививку 0.001 0.77 0.001
эпиваккороной 0.0 1.222 0.0
продолжаются 0.0 1.398 0.0
закрытию 0.0 1.699 0.0
бо́льшую 0.0 1.699 0.0
ранних 0.0 1.398 0.0
куки 0.0 0.066 0.0
безопасна 0.0 1.222 0.0
использование 0.0 0.066 0.0
метод 0.0 1.398 0.0
смертность 0.0 1.301 0.0
вакцина 0.001 0.721 0.001
переводят 0.0 2.0 0.0
года 0.002 0.167 0.0
0,1 0.001 1.523 0.002
остановить 0.001 0.638 0.001
en 0.0 0.066 0.0
эффективностью 0.0 0.921 0.0
предохраняет 0.0 2.0 0.0
проводить 0.0 0.824 0.0
воспроизводства 0.0 2.0 0.0
доступные 0.0 1.523 0.0
начали 0.0 0.481 0.0
вакцине 0.001 0.886 0.001
частичному 0.0 2.0 0.0
насколько 0.0 0.42 0.0
существенно 0.0 0.721 0.0
избыточная 0.0 1.523 0.0
будут 0.0 0.301 0.0
человека 0.001 0.328 0.0
имела 0.0 1.699 0.0
клубов 0.0 1.699 0.0
действенные 0.0 1.699 0.0
− 0.002 1.699 0.003
крайней 0.001 0.721 0.001
продолжающаяся 0.0 2.0 0.0
наконец-то 0.0 1.222 0.0
получил 0.001 0.959 0.001
бессимптомном 0.0 1.699 0.0
полностью 0.001 0.538 0.001
раза 0.0 0.602 0.0
неслучайно 0.0 2.0 0.0
недостатки 0.0 1.699 0.0
sopa 0.0 1.523 0.0
одно 0.0 0.699 0.0
которой 0.001 0.377 0.0
прецеденте 0.0 2.0 0.0
0,5 0.001 1.699 0.002
подтверждающих 0.0 2.0 0.0
сработал 0.0 1.699 0.0
вообще 0.002 0.066 0.0
лишь 0.001 0.481 0.0
прошедшей 0.0 2.0 0.0
заразить 0.0 1.699 0.0
заразиться 0.001 1.398 0.001
степени 0.0 0.721 0.0
процессы 0.0 1.523 0.0
вероятная 0.0 1.699 0.0
новая 0.0 0.678 0.0
46–53 0.0 2.0 0.0
услуг 0.0 1.699 0.0
выбрать 0.0 1.301 0.0
госслужащих 0.0 2.0 0.0
помочь 0.0 0.131 0.0
влияние 0.0 1.046 0.0
доли 0.001 1.398 0.001
людьми 0.001 0.745 0.001
удаленную 0.0 1.699 0.0
вирусу 0.001 1.046 0.001
следует 0.001 0.77 0.001
всплеск 0.001 1.398 0.001
начались 0.0 0.921 0.0
москву 0.0 1.398 0.0
медотводах 0.0 2.0 0.0
принципиально 0.0 0.959 0.0
собранные 0.0 1.523 0.0
вакцинный 0.0 1.523 0.0
обязательную 0.002 1.699 0.003
числу 0.0 1.097 0.0
возможны 0.0 1.523 0.0
активацию 0.0 1.699 0.0
кампания 0.0 1.398 0.0
вспышкам 0.0 1.699 0.0
вспышками 0.0 2.0 0.0
регистрацию 0.001 1.155 0.001
жизни 0.0 0.432 0.0
принималось 0.002 1.699 0.003
новостиисторииразборшапитокоронавирусмагаз 0.0 0.066 0.0
эпидемиологическом 0.0 2.0 0.0
сотрудников 0.0 1.0 0.0
успешно 0.0 1.097 0.0
расширять 0.0 2.0 0.0
либо 0.001 0.569 0.001
частичная 0.0 2.0 0.0
путем 0.001 1.301 0.001
ограничений 0.001 0.824 0.001
продолжительные 0.0 2.0 0.0
находить 0.0 1.699 0.0
здравоохранения 0.001 0.658 0.001
вторую 0.0 1.222 0.0
мира 0.0 0.824 0.0
которая 0.0 0.301 0.0
описать 0.0 1.301 0.0
идея 0.0 1.155 0.0
выполняющим 0.001 0.097 0.0
возможно 0.001 0.398 0.0
недостатков 0.0 1.301 0.0
появятся 0.0 1.398 0.0
ошибку 0.0 0.066 0.0
цифры 0.0 1.398 0.0
пиарят 0.0 1.699 0.0
прививки 0.004 0.638 0.003
месяц 0.0 0.745 0.0
иммунитетом 0.001 1.398 0.001
спутника 0.002 0.796 0.002
сложиться 0.0 2.0 0.0
заразился 0.0 1.523 0.0
объявили 0.0 0.921 0.0
ковиваком 0.0 1.398 0.0
появление 0.001 0.959 0.001
заразность 0.001 1.699 0.002
популярных 0.0 1.398 0.0
производителю 0.0 1.301 0.0
стран 0.002 0.469 0.001
ограничение 0.0 1.523 0.0
некоторых 0.001 0.523 0.001
идет 0.001 0.367 0.0
падение 0.0 1.155 0.0
сможет 0.0 0.721 0.0
материал 0.0 0.086 0.0
эпидемию 0.002 1.523 0.003
большой 0.001 0.569 0.001
месяца 0.001 0.745 0.001
таким 0.001 0.658 0.001
мерами 0.0 1.523 0.0
увеличению 0.0 1.699 0.0
новый 0.0 0.658 0.0
доля 0.005 0.959 0.005
весны 0.0 1.301 0.0
аденовирусная 0.0 1.699 0.0
результате 0.0 0.62 0.0
отделить 0.0 1.398 0.0
отдельных 0.001 1.046 0.001
российская 0.0 0.658 0.0
базового 0.0 1.699 0.0
первоначальный 0.0 2.0 0.0
примерно 0.003 0.585 0.002
второго 0.0 1.0 0.0
вирус 0.001 0.678 0.001
мэр 0.001 1.097 0.001
действуют 0.001 1.523 0.002
вариантами 0.001 1.046 0.001
связанной 0.0 2.0 0.0
значение 0.001 1.097 0.001
властям 0.001 1.301 0.001
контакты 0.001 1.0 0.001
выше 0.001 0.509 0.001
снижают 0.0 1.523 0.0
заболеть 0.001 0.921 0.001
неделю 0.0 0.721 0.0
запретом 0.0 1.699 0.0
компонента 0.001 1.301 0.001
выяснила 0.001 1.097 0.001
опасаются 0.001 1.523 0.002
известно 0.0 0.481 0.0
роста 0.001 1.301 0.001
уходит 0.0 1.0 0.0
привитых 0.0 0.824 0.0
выбор 0.0 1.097 0.0
обязательной 0.003 1.523 0.005
московские 0.0 1.523 0.0
течение 0.0 0.699 0.0
эпидемией 0.0 1.699 0.0
снизит 0.0 1.523 0.0
стране 0.002 0.523 0.001
запрет 0.0 1.155 0.0
рост 0.0 1.046 0.0
судить 0.001 0.959 0.001
суперраспространителей 0.0 2.0 0.0
способ 0.0 0.921 0.0
люди 0.001 0.276 0.0
естественный 0.001 1.398 0.001
воз 0.0 0.796 0.0
единственная 0.0 1.046 0.0
67–77 0.0 2.0 0.0
случаются 0.0 1.523 0.0
отбор 0.0 2.0 0.0
резко 0.0 0.854 0.0
80–84 0.001 2.0 0.002
часть 0.0 0.456 0.0
главе 0.0 1.398 0.0
добиваясь 0.0 2.0 0.0
часто 0.0 0.456 0.0
образом 0.001 0.602 0.001
инстаграм 0.0 0.066 0.0
вопросы 0.001 0.481 0.0
означать 0.0 1.523 0.0
коллективный 0.001 1.222 0.001
ситуация 0.001 0.569 0.001
пандемию 0.0 1.155 0.0
передается 0.0 2.0 0.0
оценить 0.001 0.796 0.001
преодолела 0.0 2.0 0.0
хотя 0.001 0.276 0.0
показывают 0.001 1.097 0.001
информационных 0.0 1.523 0.0
это 0.014 0.066 0.001
варианты 0.001 1.097 0.001
вакцин 0.003 0.62 0.002
праву 0.0 2.0 0.0
могло 0.0 1.222 0.0
массовые 0.001 1.046 0.001
обосновывалось 0.0 2.0 0.0
эффективно 0.0 1.046 0.0
достижения 0.0 1.398 0.0
дело 0.001 0.509 0.001
исчерпывающий 0.0 1.301 0.0
жестким 0.0 1.523 0.0
работаем 0.0 0.161 0.0
двух 0.0 0.377 0.0
снижает 0.001 1.046 0.001
такая 0.001 0.553 0.001
связывания 0.0 2.0 0.0
наблюдают 0.0 2.0 0.0
дельта 0.003 0.854 0.003
новой 0.0 0.585 0.0
пытаются 0.0 0.745 0.0
участников 0.0 0.824 0.0
приобрели 0.0 2.0 0.0
бразилии 0.002 1.301 0.003
очевидно 0.001 0.959 0.001
english 0.0 0.06 0.0
документе 0.0 1.699 0.0
отметить 0.0 1.097 0.0
идентичной 0.0 2.0 0.0
первыми 0.0 1.523 0.0
хорошая 0.0 0.886 0.0
действовать 0.001 1.0 0.001
ограничениях 0.001 2.0 0.002
поддержка 0.0 0.167 0.0
людям 0.0 0.678 0.0
вызовет 0.0 1.301 0.0
две-четыре 0.0 1.699 0.0
мере 0.0 0.569 0.0
врачей 0.0 0.745 0.0
августе 0.0 1.0 0.0
сделал 0.001 0.854 0.001
зимой 0.0 1.301 0.0
меры 0.005 0.854 0.004
разработчику 0.0 1.222 0.0
июнь 0.0 1.523 0.0
большим 0.0 1.046 0.0
снижена 0.0 1.523 0.0
важно 0.002 0.509 0.001
повторные 0.001 1.699 0.002
показана 0.0 1.699 0.0
2020-го 0.0 1.097 0.0
верить 0.0 0.959 0.0
грамотных 0.0 1.699 0.0
ковиваке 0.0 1.699 0.0
поскольку 0.0 0.678 0.0
организация 0.0 0.886 0.0
facebook 0.0 0.0 0.0
позитивный 0.0 1.699 0.0
таком 0.0 0.921 0.0
менее 0.001 0.432 0.0
ниже 0.002 0.77 0.002
прошлой 0.0 1.301 0.0
способствующих 0.0 2.0 0.0
носительстве 0.0 2.0 0.0
планировалось 0.0 1.398 0.0
пакет 0.0 1.222 0.0
scanpix 0.0 0.301 0.0
снижению 0.0 1.301 0.0
реально 0.0 0.959 0.0
состоит 0.0 1.398 0.0
авторы 0.0 0.921 0.0
формах 0.0 1.398 0.0
реагирования 0.0 2.0 0.0
пример 0.002 0.824 0.002
победить 0.001 1.301 0.001
немногочисленные 0.0 2.0 0.0
неделями 0.0 1.523 0.0
исследования 0.002 0.481 0.001
отношении 0.0 0.824 0.0
персональные 0.0 0.066 0.0
такое 0.001 0.347 0.0
активно 0.0 0.77 0.0
прошли 0.0 0.796 0.0
называет 0.0 1.046 0.0
помнить 0.0 1.046 0.0
полноценная 0.0 2.0 0.0
.pdf 0.0 1.398 0.0
знать 0.0 0.824 0.0
введение 0.0 1.222 0.0
офлайн-работы 0.0 2.0 0.0
вряд 0.0 0.854 0.0
составила 0.0 0.959 0.0
моменту 0.0 1.097 0.0
которых 0.001 0.237 0.0
невозможно 0.0 0.602 0.0
альтернатива 0.001 1.398 0.001
однако 0.003 0.337 0.001
невыполнимо 0.0 2.0 0.0
начала 0.001 0.398 0.0
иммунные 0.0 2.0 0.0
сообщение 0.0 0.102 0.0
