вероятной 0.001 1.699 0.002
командование 0.003 1.699 0.005
российские 0.007 0.328 0.002
первой 0.001 0.678 0.001
изюме 0.001 2.0 0.002
редакции 0.002 0.066 0.0
советско-финляндскую 0.001 2.0 0.002
бригадой 0.001 2.0 0.002
учета 0.001 1.523 0.002
марионеточного 0.001 2.0 0.002
техника 0.001 1.155 0.001
войска 0.01 0.721 0.007
дорогах 0.001 2.0 0.002
николаевской 0.001 1.699 0.002
виду 0.001 0.745 0.001
баннерам 0.001 0.066 0.0
действий 0.001 0.699 0.001
накапливают 0.001 1.699 0.002
осаде 0.002 0.854 0.002
россии 0.003 0.119 0.0
фронтов 0.001 2.0 0.002
тщательно 0.001 1.301 0.001
гифки 0.001 0.066 0.0
украинские 0.003 0.886 0.003
зависит 0.001 0.638 0.001
агента 0.002 0.097 0.0
политических 0.001 1.097 0.001
людей 0.001 0.161 0.0
кроме 0.001 0.387 0.0
советско-финляндской 0.001 1.699 0.002
вынуждены 0.001 1.097 0.001
района 0.002 1.155 0.002
балаклеи 0.001 2.0 0.002
накрыла 0.001 2.0 0.002
потере 0.001 1.699 0.002
волновахой 0.001 2.0 0.002
главных 0.001 0.678 0.001
режима 0.001 1.0 0.001
in 0.001 0.0 0.0
тяжелых 0.001 0.921 0.001
регионов 0.001 0.921 0.001
велика 0.001 1.301 0.001
днр 0.001 0.959 0.001
изменилось 0.001 1.398 0.001
перемещение 0.001 2.0 0.002
операции 0.002 0.886 0.002
судя 0.003 0.721 0.002
сводка 0.001 2.0 0.002
наша 0.001 0.77 0.001
списки 0.001 1.301 0.001
войсками 0.001 1.301 0.001
полного 0.001 1.222 0.001
территории 0.001 0.796 0.001
таких 0.002 0.347 0.001
тексте 0.001 1.699 0.002
наблюдается 0.001 1.301 0.001
увеличить 0.001 1.301 0.001
возвращение 0.001 1.301 0.001
просчитался 0.001 2.0 0.002
трудно 0.001 0.824 0.001
свободных 0.001 1.523 0.002
критически 0.001 1.301 0.001
анонимно 0.001 0.066 0.0
одержать 0.001 2.0 0.002
запорожскую 0.001 1.699 0.002
оккупировать 0.001 2.0 0.002
reuters 0.001 0.745 0.001
трети 0.001 2.0 0.002
просто 0.001 0.194 0.0
сожженная 0.001 2.0 0.002
решительных 0.003 2.0 0.006
полицейских 0.001 1.699 0.002
ваша 0.001 0.102 0.0
артиллерийские 0.001 1.523 0.002
подкреплениям 0.001 2.0 0.002
продолжаются 0.003 1.398 0.004
начато 0.001 2.0 0.002
славянске 0.001 2.0 0.002
утверждается 0.001 1.155 0.001
полуторное 0.001 2.0 0.002
шансы 0.001 0.959 0.001
вторжения 0.001 0.77 0.001
российское 0.003 0.921 0.003
никак 0.001 0.886 0.001
мир 0.001 0.553 0.001
силами 0.001 1.398 0.001
юг 0.003 2.0 0.006
третью 0.001 1.523 0.002
фото 0.001 0.959 0.001
стратегия 0.004 1.398 0.006
флангами 0.001 2.0 0.002
цель 0.003 1.301 0.004
славянска 0.001 1.699 0.002
удастся 0.001 1.155 0.001
целей 0.003 1.301 0.004
сразу 0.002 0.553 0.001
куки 0.001 0.066 0.0
группировка 0.002 2.0 0.004
последовательных 0.001 2.0 0.002
страны 0.002 0.444 0.001
пункты 0.001 1.155 0.001
объявило 0.001 1.398 0.001
ведению 0.002 2.0 0.004
словом 0.001 1.301 0.001
использование 0.001 0.066 0.0
дрон 0.001 2.0 0.002
конечной 0.001 1.699 0.002
границе 0.001 1.046 0.001
пригород 0.001 1.222 0.001
ключевыми 0.001 2.0 0.002
подсчета 0.001 2.0 0.002
севернее 0.001 1.699 0.002
дальше 0.001 0.523 0.001
порядку 0.001 0.066 0.0
кажется 0.001 0.469 0.0
украинскими 0.001 1.398 0.001
года 0.001 0.167 0.0
en 0.001 0.066 0.0
открытых 0.001 1.222 0.001
попала 0.001 1.301 0.001
складывается 0.001 2.0 0.002
херсонской 0.002 1.523 0.003
буче 0.001 1.523 0.002
снабжение 0.003 2.0 0.006
такому 0.001 1.301 0.001
реванша 0.001 2.0 0.002
массы 0.001 1.301 0.001
мариуполь 0.001 0.824 0.001
навстречу 0.001 1.523 0.002
наступающих 0.002 2.0 0.004
бабушка 0.001 1.155 0.001
сторону 0.001 0.796 0.001
маршами 0.001 2.0 0.002
целью 0.002 1.222 0.002
украина 0.001 0.699 0.001
немногих 0.001 1.699 0.002
дней 0.003 0.337 0.001
направлениях 0.002 2.0 0.004
штурмовать 0.001 2.0 0.002
распространено 0.001 0.102 0.0
донбасской 0.001 2.0 0.002
ios 0.001 0.066 0.0
придется 0.002 0.854 0.002
обстановку 0.002 1.699 0.003
картина 0.001 1.301 0.001
окраине 0.001 1.222 0.001
будут 0.001 0.301 0.0
отнимающая 0.001 2.0 0.002
танковой 0.001 1.699 0.002
российской 0.006 0.432 0.003
группировки 0.003 1.699 0.005
васильков 0.001 1.523 0.002
достигли 0.001 1.523 0.002
чернигове 0.001 1.301 0.001
техники 0.002 1.301 0.003
успехи 0.001 1.699 0.002
практика 0.001 1.398 0.001
несколько 0.003 0.201 0.001
блокируют 0.001 1.699 0.002
заняты 0.001 1.222 0.001
причина 0.001 0.959 0.001
достаточной 0.001 1.523 0.002
столкновения 0.001 1.699 0.002
войну 0.002 0.638 0.001
крупной 0.001 1.398 0.001
краткая 0.001 1.699 0.002
свой 0.001 0.585 0.001
левобережной 0.001 2.0 0.002
воздухе 0.001 1.301 0.001
повлияло 0.001 1.699 0.002
могут 0.001 0.187 0.0
должно 0.002 0.658 0.001
день 0.001 0.328 0.0
готовился 0.001 2.0 0.002
частности 0.001 0.678 0.001
медузы 0.002 0.268 0.001
полностью 0.001 0.538 0.001
боев 0.001 1.398 0.001
брать 0.001 1.523 0.002
изменены 0.001 2.0 0.002
этих 0.003 0.337 0.001
пока 0.002 0.208 0.0
боевые 0.001 1.222 0.001
населенные 0.001 2.0 0.002
данном 0.001 1.097 0.001
мариуполе 0.002 0.824 0.002
осажденных 0.001 2.0 0.002
фастов 0.001 2.0 0.002
подбитой 0.001 2.0 0.002
численного 0.001 2.0 0.002
линиях 0.001 1.398 0.001
вообще 0.001 0.066 0.0
основании 0.001 0.854 0.001
рискованно 0.001 1.699 0.002
открытыми 0.001 2.0 0.002
километрах 0.001 1.301 0.001
дни 0.003 0.721 0.002
заставить 0.001 1.523 0.002
явно 0.003 0.959 0.003
шоссе 0.001 2.0 0.002
ослабляя 0.001 2.0 0.002
оружием 0.001 1.523 0.002
достижение 0.001 1.699 0.002
направлении 0.001 1.523 0.002
победу 0.002 2.0 0.004
исправить 0.001 1.523 0.002
разгромить 0.001 2.0 0.002
воюющих 0.001 2.0 0.002
слишком 0.002 0.553 0.001
должной 0.001 1.699 0.002
узнал 0.001 0.921 0.001
интерактивной 0.001 2.0 0.002
мелких 0.001 1.523 0.002
брошенной 0.001 2.0 0.002
частей 0.001 1.523 0.002
сходящимся 0.001 2.0 0.002
крупных 0.001 0.959 0.001
зоны 0.001 1.523 0.002
нашли 0.001 0.066 0.0
связи 0.002 0.0 0.0
вероятная 0.001 1.699 0.002
медуза 0.003 0.066 0.0
новая 0.002 0.678 0.001
фланги 0.001 2.0 0.002
киевом 0.001 1.398 0.001
нам 0.001 0.086 0.0
откуда 0.001 1.046 0.001
фильтрующих 0.001 2.0 0.002
последние 0.003 0.456 0.001
окружения 0.001 1.523 0.002
армии 0.007 0.886 0.006
направлениям 0.001 2.0 0.002
д. 0.003 1.0 0.003
стрелковым 0.001 2.0 0.002
мало 0.001 0.538 0.001
превратив 0.001 2.0 0.002
редакция 0.001 1.046 0.001
малый 0.001 1.699 0.002
юридическим 0.001 0.102 0.0
город 0.004 0.699 0.003
достигнуть 0.002 1.699 0.003
исправлять 0.001 2.0 0.002
признал 0.001 2.0 0.002
начались 0.001 0.921 0.001
военные 0.002 0.796 0.002
материалам 0.001 0.066 0.0
видео 0.002 0.678 0.001
украинская 0.004 1.046 0.004
проходящих 0.001 2.0 0.002
городов 0.002 0.796 0.002
смогли 0.001 0.921 0.001
случае 0.002 0.357 0.001
козырей 0.001 2.0 0.002
четверти 0.001 1.699 0.002
вести 0.001 0.824 0.001
внешнеполитическое 0.001 1.699 0.002
подкрепления 0.002 1.699 0.003
само 0.002 0.921 0.002
компромиссу 0.001 2.0 0.002
западных 0.002 0.854 0.002
иностранным 0.001 0.097 0.0
окруженную 0.001 2.0 0.002
лнр 0.001 1.0 0.001
штурмы 0.001 2.0 0.002
нужно 0.001 0.237 0.0
относительно 0.001 0.721 0.001
центре 0.001 0.886 0.001
концентрацией 0.001 1.699 0.002
установление 0.001 2.0 0.002
весь 0.001 0.638 0.001
например 0.001 0.229 0.0
вертолетными 0.001 2.0 0.002
своих 0.001 0.398 0.0
положение 0.001 1.301 0.001
населенных 0.001 1.523 0.002
штурм 0.001 2.0 0.002
военную 0.001 1.046 0.001
по-прежнему 0.001 0.824 0.001
краматорска 0.001 1.699 0.002
концентрация 0.001 2.0 0.002
ctrl+enter 0.001 0.066 0.0
фронт 0.002 1.398 0.003
рота 0.001 2.0 0.002
кадыровцев 0.001 2.0 0.002
безопасно 0.001 0.066 0.0
новостиисторииразборшапитокоронавирусмагаз 0.001 0.066 0.0
сум 0.001 1.523 0.002
распространились 0.001 2.0 0.002
мимо 0.001 1.301 0.001
рано 0.001 0.921 0.001
донбасскую 0.002 2.0 0.004
вероятно 0.002 0.699 0.001
изнурительный 0.001 2.0 0.002
навязанное 0.001 2.0 0.002
части 0.002 0.854 0.002
youtube 0.001 0.06 0.0
очаговую 0.001 2.0 0.002
карте 0.001 1.301 0.001
наступающую 0.001 2.0 0.002
западной 0.001 1.222 0.001
потерять 0.001 1.222 0.001
создано 0.001 0.097 0.0
происходят 0.001 1.398 0.001
постоянными 0.001 2.0 0.002
распылять 0.001 2.0 0.002
средств 0.001 0.854 0.001
укрепленные 0.001 2.0 0.002
нерегулярных 0.001 2.0 0.002
броварам 0.001 2.0 0.002
наступления 0.001 1.222 0.001
поддержите 0.001 0.102 0.0
желающий 0.001 1.699 0.002
избежать 0.001 1.046 0.001
столицы 0.001 1.222 0.001
списков 0.001 2.0 0.002
украины 0.002 0.569 0.001
обхода 0.001 1.699 0.002
харькова 0.003 1.301 0.004
потери 0.003 1.097 0.003
наносить 0.001 1.699 0.002
последующие 0.001 1.699 0.002
путях 0.001 1.398 0.001
опасных 0.001 1.699 0.002
отдаляются 0.001 2.0 0.002
заменена 0.001 2.0 0.002
обеспечить 0.001 1.097 0.001
сегодня 0.001 0.638 0.001
засады 0.004 2.0 0.008
выбрала 0.001 1.523 0.002
река 0.001 2.0 0.002
средством 0.001 0.102 0.0
авиаударов 0.001 1.398 0.001
накапливает 0.001 2.0 0.002
воды 0.001 0.745 0.001
выполняющим 0.002 0.097 0.0
возможно 0.002 0.398 0.001
наступают 0.001 1.699 0.002
крупные 0.001 1.301 0.001
имея 0.001 1.398 0.001
году 0.001 0.367 0.0
затянуть 0.001 1.699 0.002
ошибку 0.001 0.066 0.0
основным 0.001 1.222 0.001
висит 0.001 2.0 0.002
опасность 0.001 1.046 0.001
прагматичный 0.001 2.0 0.002
восстановлена 0.001 2.0 0.002
изоляции 0.001 1.523 0.002
подтянуть 0.001 2.0 0.002
восстановить 0.001 1.222 0.001
договора 0.001 1.301 0.001
абсолютно 0.001 0.721 0.001
оставшиеся 0.001 1.301 0.001
проблемы 0.001 0.62 0.001
проблем 0.001 0.796 0.001
наиболее 0.001 0.745 0.001
наблюдением 0.001 2.0 0.002
данные 0.002 0.066 0.0
окружить 0.001 1.398 0.001
киева 0.005 0.886 0.004
похожая 0.001 1.523 0.002
украинский 0.001 0.959 0.001
командиры 0.001 2.0 0.002
украинской 0.005 1.155 0.006
планах 0.001 1.222 0.001
киевское 0.001 1.699 0.002
общую 0.001 1.301 0.001
операциях 0.002 2.0 0.004
мобильности 0.001 2.0 0.002
киев 0.003 0.77 0.002
стать 0.001 0.699 0.001
разбор 0.001 0.387 0.0
бригад 0.001 2.0 0.002
сумах 0.001 2.0 0.002
гарантирует 0.001 1.155 0.001
боевая 0.001 2.0 0.002
контратаковать 0.001 2.0 0.002
каждой 0.001 0.959 0.001
украину 0.001 0.523 0.001
районов 0.001 1.398 0.001
следовавших 0.001 2.0 0.002
данным 0.001 0.444 0.0
огневой 0.001 2.0 0.002
нажмите 0.001 0.066 0.0
скудные 0.001 1.699 0.002
сотнями 0.001 1.523 0.002
ситуацию 0.001 0.796 0.001
засаду 0.001 2.0 0.002
продолжает 0.001 0.658 0.001
российских 0.003 0.337 0.001
образовалась 0.001 1.699 0.002
отвечает 0.002 0.854 0.002
попавшая 0.001 1.523 0.002
близости 0.001 2.0 0.002
числе 0.002 0.31 0.001
колоннах 0.001 2.0 0.002
иностранного 0.002 0.102 0.0
северу 0.002 1.699 0.003
буг 0.001 2.0 0.002
сможет 0.001 0.721 0.001
человек 0.001 0.215 0.0
сирии 0.001 1.699 0.002
материал 0.001 0.086 0.0
чернобыльской 0.001 1.222 0.001
донецка 0.003 1.398 0.004
жаждать 0.001 2.0 0.002
главные 0.001 0.921 0.001
большую 0.002 1.046 0.002
востоку 0.002 1.523 0.003
– 0.001 0.06 0.0
жителей 0.001 0.569 0.001
любой 0.001 0.745 0.001
отличались 0.001 1.398 0.001
создало 0.001 1.699 0.002
оба 0.002 0.959 0.002
ромен 0.001 2.0 0.002
лисичанска 0.001 2.0 0.002
время 0.001 0.102 0.0
анализируем 0.001 2.0 0.002
leta 0.001 0.301 0.0
стадии 0.001 1.301 0.001
украинскому 0.001 1.398 0.001
нами 0.001 0.066 0.0
развертывания 0.001 1.699 0.002
гарнизонов 0.001 2.0 0.002
трассы 0.003 1.699 0.005
российская 0.005 0.658 0.003
окраинах 0.001 1.301 0.001
выглядит 0.001 0.62 0.001
сопротивление 0.002 1.523 0.003
юге 0.002 1.398 0.003
устраивать 0.001 1.699 0.002
длинный 0.001 1.398 0.001
атаковала 0.001 1.699 0.002
противника 0.001 1.523 0.002
мелкие 0.001 1.523 0.002
рекламаmeduza 0.001 0.066 0.0
хватить 0.001 1.523 0.002
долгая 0.001 2.0 0.002
сильнее 0.001 0.959 0.001
соглашения 0.001 1.523 0.002
войскам 0.001 2.0 0.002
лицом 0.001 0.102 0.0
остаются 0.001 1.0 0.001
вероятность 0.002 0.721 0.001
отдаленном 0.001 2.0 0.002
пытается 0.001 0.921 0.001
функции 0.002 0.097 0.0
цели 0.002 1.222 0.002
изюм 0.001 1.699 0.002
тысяч 0.002 0.337 0.001
усилить 0.001 1.699 0.002
переброшенных 0.001 2.0 0.002
неделю 0.002 0.721 0.001
барвенково 0.001 2.0 0.002
сильным 0.001 1.301 0.001
превосходит 0.001 1.523 0.002
планирования 0.001 1.523 0.002
инициативы 0.001 2.0 0.002
удары 0.001 1.398 0.001
нежелательность 0.001 2.0 0.002
руководство 0.002 1.097 0.002
надежно 0.001 1.222 0.001
компромиссного 0.001 2.0 0.002
колоннам 0.001 2.0 0.002
широкой 0.001 1.398 0.001
быстро 0.002 0.495 0.001
ключевых 0.001 1.155 0.001
методами 0.001 1.398 0.001
хоронят 0.001 1.155 0.001
соглашение 0.001 1.222 0.001
обстреливать 0.001 1.155 0.001
южнее 0.003 1.523 0.005
мощи 0.001 2.0 0.002
назад 0.001 0.18 0.0
понятная 0.001 2.0 0.002
взять 0.001 0.959 0.001
добровольцев 0.001 0.886 0.001
авиационные 0.001 2.0 0.002
российскими 0.001 0.854 0.001
переброшены 0.001 2.0 0.002
перейти 0.001 0.066 0.0
свидетельство 0.001 1.699 0.002
командованию 0.001 2.0 0.002
украинских 0.003 0.824 0.002
электричества 0.001 1.0 0.001
источник 0.001 0.174 0.0
изменило 0.001 2.0 0.002
поддержать 0.001 0.066 0.0
десантами 0.001 2.0 0.002
проверить 0.001 1.097 0.001
окончившего 0.001 2.0 0.002
стране 0.001 0.523 0.001
потенциальное 0.001 1.699 0.002
война 0.001 0.469 0.0
изменена 0.001 2.0 0.002
раздробить 0.001 2.0 0.002
кодекс 0.001 0.066 0.0
рога 0.001 2.0 0.002
также 0.003 0.237 0.001
перехватить 0.001 1.699 0.002
прочих 0.001 1.301 0.001
доступных 0.001 1.699 0.002
могилах 0.001 1.155 0.001
отказаться 0.001 1.046 0.001
николаев 0.001 1.699 0.002
отрезать 0.002 2.0 0.004
выход 0.001 1.097 0.001
группировке 0.001 1.699 0.002
ираке 0.001 2.0 0.002
качестве 0.001 0.678 0.001
количеству 0.001 1.301 0.001
начать 0.001 1.046 0.001
имеются 0.001 1.301 0.001
данное 0.001 0.097 0.0
житомир 0.001 1.523 0.002
наскоком 0.001 2.0 0.002
ближайшие 0.001 1.097 0.001
мобильностью 0.001 2.0 0.002
обладают 0.001 1.523 0.002
непосредственной 0.001 1.699 0.002
столицу 0.002 1.398 0.003
участке 0.001 2.0 0.002
ирпене 0.001 1.398 0.001
понесла 0.001 2.0 0.002
авторов 0.001 1.046 0.001
миновать 0.001 2.0 0.002
попытка 0.001 1.398 0.001
ирпень 0.001 1.222 0.001
транслировать 0.001 1.523 0.002
последних 0.002 1.0 0.002
вышли 0.001 1.0 0.001
роге 0.001 2.0 0.002
правила 0.001 0.066 0.0
пунктов 0.002 0.959 0.002
резко 0.001 0.854 0.001
вконтакте 0.001 0.066 0.0
часть 0.003 0.456 0.001
нашей 0.001 0.699 0.001
коммуникаций 0.001 2.0 0.002
длинных 0.001 1.699 0.002
начального 0.001 2.0 0.002
скорейшее 0.001 2.0 0.002
разведки 0.002 1.699 0.003
событиям 0.001 1.523 0.002
базирующейся 0.001 1.699 0.002
одновременно 0.001 0.796 0.001
ста 0.001 1.398 0.001
live 0.001 0.022 0.0
дважды 0.001 1.699 0.002
возможности 0.001 0.77 0.001
открытый 0.001 1.699 0.002
блог 0.001 0.066 0.0
инстаграм 0.001 0.066 0.0
целями 0.001 1.523 0.002
предсказания 0.001 2.0 0.002
© 0.001 0.0 0.0
группа 0.002 0.886 0.002
выделите 0.001 0.066 0.0
условиях 0.002 0.569 0.001
тяжелые 0.003 1.046 0.003
нескольких 0.001 0.699 0.001
данных 0.001 0.481 0.0
ситуация 0.002 0.569 0.001
оставления 0.001 2.0 0.002
юга 0.001 2.0 0.002
южный 0.001 1.523 0.002
практически 0.001 0.602 0.001
недели 0.003 0.42 0.001
диктует 0.001 2.0 0.002
хотел 0.001 1.0 0.001
meduzacare 0.001 0.066 0.0
пво 0.001 1.699 0.002
юго-западу 0.001 1.523 0.002
донбассе 0.003 1.222 0.004
против 0.001 0.229 0.0
исход 0.001 1.097 0.001
дуэли 0.001 2.0 0.002
оценить 0.002 0.796 0.002
8–9 0.001 2.0 0.002
кнопка 0.001 0.066 0.0
северодонецка 0.001 1.699 0.002
армия 0.006 0.959 0.006
областях 0.001 1.523 0.002
карабахе 0.001 2.0 0.002
хотя 0.001 0.276 0.0
изменить 0.001 1.046 0.001
украинскую 0.001 1.301 0.001
восьми-девяти 0.001 2.0 0.002
предмет 0.001 1.523 0.002
типу 0.001 1.523 0.002
сил 0.007 1.046 0.007
обсчитывавших 0.001 2.0 0.002
ухудшать 0.001 2.0 0.002
вечерняя 0.001 0.066 0.0
возрастает 0.001 2.0 0.002
это 0.006 0.066 0.0
череду 0.001 2.0 0.002
опорой 0.001 1.699 0.002
сильно 0.001 0.509 0.001
назвать 0.001 0.959 0.001
смогут 0.002 0.745 0.001
поддержки 0.001 0.066 0.0
нигде 0.001 1.699 0.002
ход 0.001 1.523 0.002
западу 0.003 1.699 0.005
самой 0.001 0.699 0.001
помощь 0.001 0.097 0.0
вспоминаем 0.001 1.523 0.002
продолжающиеся 0.001 2.0 0.002
решительное 0.001 2.0 0.002
северо-востоку 0.001 1.699 0.002
подойти 0.001 1.699 0.002
ротная 0.001 2.0 0.002
днепра 0.003 1.699 0.005
российского 0.001 0.62 0.001
первые 0.001 0.585 0.001
югу 0.002 1.699 0.003
осады 0.001 2.0 0.002
спасти 0.001 1.155 0.001
конотопа 0.001 1.699 0.002
запада 0.001 1.301 0.001
итоге 0.001 0.62 0.001
обстрелы 0.001 1.222 0.001
перебросить 0.002 2.0 0.004
усугубляются 0.001 2.0 0.002
гранатометами 0.001 2.0 0.002
войны 0.005 0.42 0.002
действия 0.001 0.721 0.001
гуляйполя 0.001 2.0 0.002
наращивать 0.001 2.0 0.002
около 0.001 0.432 0.0
пытаются 0.004 0.745 0.003
братских 0.001 1.155 0.001
превосходства 0.002 2.0 0.004
одессы 0.002 1.699 0.003
осталось 0.001 1.0 0.001
группировку 0.003 1.699 0.005
двойного 0.001 1.523 0.002
котором 0.001 0.495 0.0
фланг 0.002 2.0 0.004
ежедневно 0.001 1.155 0.001
туда 0.001 0.921 0.001
android 0.001 0.066 0.0
сомнения 0.001 1.155 0.001
боевую 0.001 2.0 0.002
english 0.001 0.06 0.0
войнадевятнадцатый 0.001 2.0 0.002
любое 0.001 1.222 0.001
котел 0.001 2.0 0.002
кривого 0.001 2.0 0.002
макарове 0.001 2.0 0.002
ресурсы 0.001 1.097 0.001
подробностяхзаснял 0.001 2.0 0.002
блокирование 0.002 1.699 0.003
нужна 0.001 0.092 0.0
такого 0.001 0.509 0.001
марта 0.004 0.319 0.001
избавившись 0.001 1.699 0.002
наступление 0.002 1.398 0.003
города 0.003 0.638 0.002
городу 0.001 1.222 0.001
ливии 0.001 2.0 0.002
простой 0.001 1.097 0.001
достигнув 0.001 2.0 0.002
изюма 0.002 1.699 0.003
события 0.001 0.745 0.001
обстоятельства 0.001 1.699 0.002
харьков 0.002 0.886 0.002
объекты 0.001 1.155 0.001
имеют 0.001 0.678 0.001
областей 0.001 1.398 0.001
чернигова 0.001 1.523 0.002
факт 0.001 0.77 0.001
километров 0.002 1.155 0.002
перспективы 0.001 1.523 0.002
демонстрирует 0.001 1.523 0.002
область 0.001 1.523 0.002
флангах 0.002 2.0 0.004
оно 0.001 0.444 0.0
посмотреть 0.001 0.721 0.001
связаться 0.001 0.066 0.0
требования 0.001 0.066 0.0
операций 0.003 1.699 0.005
происходит 0.003 0.387 0.001
подготовленных 0.001 2.0 0.002
информации 0.001 0.102 0.0
варианта 0.001 0.745 0.001
имеет 0.001 0.602 0.001
пробка 0.001 1.523 0.002
минобороны 0.001 1.046 0.001
направлением 0.001 1.699 0.002
плотные 0.001 2.0 0.002
проблемах 0.001 1.398 0.001
силы 0.006 0.796 0.005
могла 0.001 0.886 0.001
создать 0.001 1.046 0.001
фейков 0.001 1.699 0.002
волновахи 0.002 1.523 0.003
мобильная 0.001 2.0 0.002
кривом 0.001 2.0 0.002
собственные 0.001 1.046 0.001
группировок 0.001 1.699 0.002
ними 0.001 0.585 0.001
краматорске 0.001 2.0 0.002
ведут 0.001 1.046 0.001
медузе 0.002 0.066 0.0
глубине 0.001 1.699 0.002
обороне 0.001 1.523 0.002
освобождении 0.001 1.523 0.002
районе 0.003 0.886 0.003
кремль 0.003 1.155 0.003
везде 0.003 1.046 0.003
кавалерийским 0.001 2.0 0.002
facebook 0.001 0.0 0.0
оборону 0.001 1.699 0.002
медузу 0.002 0.066 0.0
обработки 0.001 0.066 0.0
неуклонно 0.001 2.0 0.002
домой 0.001 0.824 0.001
онлайн 0.002 0.959 0.002
стороны 0.003 0.432 0.001
россия 0.002 0.398 0.001
источников 0.001 1.0 0.001
массовой 0.001 0.097 0.0
знаем 0.001 0.585 0.001
увязнуть 0.001 2.0 0.002
останется 0.002 1.155 0.002
расходом 0.001 2.0 0.002
помощью 0.001 0.538 0.001
прозрачные 0.001 2.0 0.002
проходят 0.001 1.0 0.001
стратегии 0.001 1.523 0.002
колонн 0.001 2.0 0.002
главная 0.001 0.796 0.001
похоже 0.003 0.886 0.003
scanpix 0.001 0.301 0.0
лекарств 0.001 0.824 0.001
сложнее 0.001 0.921 0.001
наладить 0.001 1.699 0.002
опубликовано 0.001 1.523 0.002
спасибоgiphyза 0.001 0.066 0.0
показывать 0.001 0.066 0.0
сосредоточиться 0.001 1.398 0.001
решит 0.001 1.523 0.002
twitter 0.001 0.0 0.0
войск 0.005 1.046 0.005
днепропетровской 0.001 2.0 0.002
опорных 0.001 2.0 0.002
пожалуйста 0.001 0.102 0.0
штабам 0.001 2.0 0.002
интенсивность 0.001 1.699 0.002
держится 0.001 1.155 0.001
преодолеют 0.001 2.0 0.002
платформы 0.002 0.066 0.0
неизменными 0.001 2.0 0.002
прилук 0.001 2.0 0.002
слабых 0.001 2.0 0.002
обе 0.001 1.097 0.001
та 0.001 0.824 0.001
именно 0.003 0.244 0.001
окружение 0.003 1.523 0.005
собирающих 0.001 2.0 0.002
первоначального 0.001 2.0 0.002
персональные 0.001 0.066 0.0
такое 0.001 0.347 0.0
бородянке 0.001 1.699 0.002
снабжения 0.002 1.523 0.003
ошибки 0.002 1.097 0.002
наступать 0.002 2.0 0.004
очень 0.001 0.149 0.0
артиллерия 0.001 1.398 0.001
бои 0.003 1.097 0.003
этапа 0.001 1.222 0.001
наличные 0.001 2.0 0.002
которые 0.003 0.119 0.0
meduza 0.003 0.0 0.0
т. 0.003 0.921 0.003
десяти 0.001 0.921 0.001
удар 0.001 0.886 0.001
остается 0.001 0.638 0.001
форсировать 0.001 2.0 0.002
прошли 0.001 0.796 0.001
ясной 0.001 1.699 0.002
идут 0.002 0.699 0.001
ликвидировать 0.001 2.0 0.002
значительную 0.001 2.0 0.002
выступает 0.001 1.0 0.001
рассказывают 0.001 0.959 0.001
закончиться 0.001 1.097 0.001
сильная 0.001 1.155 0.001
броваров 0.002 1.699 0.003
документальные 0.001 2.0 0.002
приближаются 0.001 1.699 0.002
сопротивления 0.001 1.699 0.002
инициативу 0.001 1.699 0.002
тыл 0.002 1.699 0.003
обеспечивала 0.001 1.523 0.002
счет 0.001 0.824 0.001
соглашению 0.001 1.699 0.002
левобережье 0.001 2.0 0.002
походных 0.001 2.0 0.002
украинское 0.001 1.398 0.001
российским 0.002 0.092 0.0
пропустило 0.001 2.0 0.002
теми 0.001 0.886 0.001
тылу 0.002 2.0 0.004
альтернатива 0.001 1.398 0.001
эпизода 0.001 2.0 0.002
украине 0.003 0.444 0.001
востока 0.001 1.301 0.001
реклама 0.002 0.066 0.0
однако 0.003 0.337 0.001
занятых 0.001 1.699 0.002
делать 0.001 0.276 0.0
из-за 0.001 0.229 0.0
гостомеле 0.001 1.699 0.002
оказаться 0.001 0.796 0.001
начала 0.001 0.398 0.0
городах 0.001 1.0 0.001
подход 0.003 0.959 0.003
стратегию 0.001 1.523 0.002
сообщение 0.001 0.102 0.0
прежняя 0.001 2.0 0.002
десятков 0.002 1.046 0.002
потерями 0.001 2.0 0.002
точнее 0.001 0.921 0.001
современные 0.001 1.523 0.002
защитить 0.001 1.0 0.001
