числа 0.0 0.745 0.0
редакции 0.001 0.066 0.0
оправдать 0.0 1.699 0.0
sergey 0.0 1.097 0.0
баннерам 0.0 0.066 0.0
сама 0.002 0.658 0.001
дядя 0.0 2.0 0.0
действительно 0.001 0.377 0.0
договорились 0.0 1.523 0.0
неправомерных 0.0 2.0 0.0
боятся 0.0 1.0 0.0
звонили 0.0 1.523 0.0
ссорятся 0.001 1.699 0.002
совершенно 0.001 0.678 0.001
пыталась 0.0 1.097 0.0
неоткуда 0.0 1.699 0.0
документы 0.0 0.796 0.0
взял 0.0 1.222 0.0
отключили 0.0 1.301 0.0
работе 0.0 0.824 0.0
верит 0.0 1.155 0.0
лед 0.0 2.0 0.0
геноцид 0.001 1.523 0.002
сестре 0.001 1.699 0.002
смех 0.0 2.0 0.0
звучали 0.0 1.523 0.0
информацию 0.0 0.62 0.0
убедим 0.0 2.0 0.0
помогать 0.0 0.959 0.0
получается 0.001 0.824 0.001
убеждали 0.0 2.0 0.0
приезжала 0.0 1.699 0.0
дончан 0.0 2.0 0.0
реальных 0.001 1.222 0.001
никаких 0.0 0.602 0.0
родственников 0.001 1.301 0.001
отводить 0.0 2.0 0.0
регионе 0.001 1.398 0.001
руку 0.0 1.155 0.0
ранили 0.0 2.0 0.0
соответствующая 0.0 1.523 0.0
взрывов 0.001 1.699 0.002
наш 0.001 0.699 0.001
оставалась 0.0 1.523 0.0
сомневаться 0.001 1.699 0.002
честным 0.0 1.699 0.0
скидывать 0.0 2.0 0.0
поздравила 0.0 2.0 0.0
сохранить 0.0 0.921 0.0
холокоста 0.001 1.699 0.002
тормозах 0.0 2.0 0.0
ресторатор 0.0 2.0 0.0
этими 0.0 1.301 0.0
потребуется 0.0 1.398 0.0
польше 0.0 1.699 0.0
отвратительно 0.0 1.699 0.0
дней 0.006 0.337 0.002
нацики 0.001 2.0 0.002
ужасно 0.0 1.398 0.0
спросить 0.0 2.0 0.0
болезненно 0.0 2.0 0.0
реагируют 0.001 1.699 0.002
телевизору 0.001 1.222 0.001
ненавидим 0.0 2.0 0.0
переубеждать 0.0 2.0 0.0
восемь 0.003 1.0 0.003
безопасное 0.0 1.699 0.0
этих 0.002 0.337 0.001
домов 0.0 1.301 0.0
телевидению 0.0 2.0 0.0
переживает 0.0 1.097 0.0
пахоменко 0.001 2.0 0.002
повторяла 0.0 2.0 0.0
близкие 0.0 1.097 0.0
объясняла 0.0 2.0 0.0
сады 0.0 1.523 0.0
познакомиться 0.0 1.699 0.0
убийствах 0.0 1.699 0.0
ситуации 0.001 0.721 0.001
истории 0.001 0.337 0.0
момент 0.001 0.481 0.0
картинке 0.0 1.699 0.0
телефону 0.0 1.155 0.0
решила 0.0 1.0 0.0
городе 0.001 0.678 0.001
своем 0.0 0.745 0.0
миллионов 0.002 0.638 0.001
оружие 0.0 1.155 0.0
журналистом 0.001 1.523 0.002
крупных 0.0 0.959 0.0
детскую 0.0 1.699 0.0
нашли 0.0 0.066 0.0
связи 0.001 0.0 0.0
медуза 0.003 0.066 0.0
попадет 0.0 1.222 0.0
задевала 0.0 2.0 0.0
нам 0.002 0.086 0.0
раскололась 0.001 1.699 0.002
этому 0.0 0.432 0.0
наших 0.001 0.658 0.001
материалам 0.0 0.066 0.0
срочно 0.0 0.167 0.0
надеюсь 0.001 1.398 0.001
объяснений 0.0 1.523 0.0
родителей 0.0 1.155 0.0
строил 0.0 2.0 0.0
посмотри 0.001 1.699 0.002
меньше 0.0 0.444 0.0
нынешней 0.001 1.155 0.001
убивать 0.001 1.097 0.001
фразы 0.0 1.523 0.0
вина 0.0 1.398 0.0
донецкого 0.0 2.0 0.0
восьмимесячным 0.0 2.0 0.0
наверно 0.0 2.0 0.0
ctrl+enter 0.0 0.066 0.0
ладно 0.0 1.699 0.0
проблему 0.001 1.155 0.001
чем-то 0.0 1.097 0.0
рассказывала 0.0 1.523 0.0
подозреваю 0.0 2.0 0.0
получилось 0.001 0.886 0.001
мысли 0.0 2.0 0.0
частях 0.0 1.699 0.0
украины 0.003 0.569 0.002
телевизора 0.0 1.699 0.0
замечал 0.001 2.0 0.002
непоколебимая 0.0 2.0 0.0
узнает 0.0 1.301 0.0
бывшей 0.0 1.699 0.0
угодно 0.0 1.301 0.0
освободительная 0.0 2.0 0.0
переживай 0.0 2.0 0.0
представьте 0.0 1.523 0.0
пользу 0.0 0.886 0.0
дозвониться 0.0 1.699 0.0
фактов 0.0 1.301 0.0
буквально 0.0 0.886 0.0
ответы 0.0 1.0 0.0
бомбили 0.0 1.398 0.0
получает 0.0 1.398 0.0
россияне 0.001 0.678 0.001
детские 0.001 1.523 0.002
отвечала 0.001 1.699 0.002
украину 0.003 0.523 0.002
нажмите 0.0 0.066 0.0
трубку 0.002 1.699 0.003
каныгиным 0.001 2.0 0.002
население 0.0 0.959 0.0
пришлось 0.0 0.959 0.0
российский 0.001 0.638 0.001
порядке 0.0 1.046 0.0
ушел 0.0 1.155 0.0
других 0.0 0.26 0.0
неприятно 0.0 2.0 0.0
иностранного 0.001 0.102 0.0
агрессии 0.0 1.523 0.0
человек 0.002 0.215 0.0
выступление 0.001 1.222 0.001
украинцами 0.0 2.0 0.0
придумал 0.0 1.097 0.0
большую 0.0 1.046 0.0
– 0.0 0.06 0.0
leta 0.001 0.301 0.0
целы 0.0 2.0 0.0
нами 0.001 0.066 0.0
детский 0.0 1.301 0.0
виновата 0.0 2.0 0.0
происходившее 0.0 2.0 0.0
объяснила 0.0 2.0 0.0
лицом 0.0 0.102 0.0
родственники 0.002 0.921 0.002
новостями 0.0 1.699 0.0
функции 0.001 0.097 0.0
восстановила 0.0 2.0 0.0
разместить 0.0 2.0 0.0
узнавать 0.0 1.699 0.0
признаться 0.0 1.699 0.0
пробиваются 0.0 2.0 0.0
отношения 0.002 0.921 0.002
руководство 0.0 1.097 0.0
селе 0.0 1.398 0.0
беспокойстве 0.0 2.0 0.0
пишут 0.0 0.77 0.0
другими 0.0 0.495 0.0
„ 0.0 0.62 0.0
двоюродных 0.0 2.0 0.0
ответила 0.0 1.398 0.0
очках 0.0 2.0 0.0
дочь 0.001 1.0 0.001
перейти 0.0 0.066 0.0
поддержать 0.0 0.066 0.0
делом 0.0 2.0 0.0
переехала 0.0 1.523 0.0
какие-то 0.001 0.538 0.001
сыном 0.0 1.523 0.0
постом 0.0 1.523 0.0
очевидным 0.0 1.699 0.0
скоро 0.0 0.796 0.0
лднр 0.001 1.699 0.002
ирпени 0.0 1.699 0.0
желания 0.0 2.0 0.0
тасс 0.001 0.699 0.001
врем 0.0 1.699 0.0
надеемся 0.0 1.301 0.0
начать 0.0 1.046 0.0
поможет 0.0 0.854 0.0
данное 0.0 0.097 0.0
пополам 0.0 2.0 0.0
чуть-чуть 0.001 1.699 0.002
какой-то 0.001 0.538 0.001
бердянске 0.001 1.398 0.001
два-три 0.0 1.398 0.0
увлекается 0.0 2.0 0.0
могу 0.0 0.658 0.0
live 0.0 0.022 0.0
жители 0.001 0.745 0.001
освобождают 0.0 1.301 0.0
блог 0.0 0.066 0.0
проблема 0.0 0.721 0.0
обозначить 0.0 2.0 0.0
притом 0.0 1.523 0.0
поздравлял 0.0 2.0 0.0
закончить 0.0 1.398 0.0
хотел 0.0 1.0 0.0
meduzacare 0.0 0.066 0.0
говоря 0.0 0.77 0.0
исследователей 0.001 1.301 0.001
проговорили 0.0 2.0 0.0
окончательно 0.0 1.301 0.0
кнопка 0.0 0.066 0.0
ребятами 0.0 2.0 0.0
правительство 0.0 0.824 0.0
речь 0.0 0.432 0.0
другие 0.001 0.268 0.0
маме 0.0 1.699 0.0
тронулся 0.0 2.0 0.0
нему 0.0 1.155 0.0
домам 0.0 2.0 0.0
честно 0.0 1.0 0.0
последний 0.001 0.824 0.001
женой 0.001 1.398 0.001
ответ 0.001 0.602 0.001
дезинформации 0.0 2.0 0.0
тв 0.001 1.699 0.002
24/7 0.0 0.102 0.0
заблокировали 0.0 1.222 0.0
собирала 0.0 1.699 0.0
путина 0.0 0.721 0.0
обстрелов 0.002 1.301 0.003
агрессор 0.001 1.699 0.002
заявление 0.001 0.886 0.001
оказалось 0.001 0.824 0.001
ногу 0.0 1.301 0.0
семье 0.001 1.301 0.001
эмоциях 0.0 1.699 0.0
близко 0.001 1.301 0.001
требования 0.0 0.066 0.0
связаться 0.0 0.066 0.0
самом 0.002 0.481 0.001
роддома 0.0 1.155 0.0
вернется 0.0 1.523 0.0
россию 0.001 0.678 0.001
москве 0.0 0.745 0.0
доказывать 0.0 2.0 0.0
информации 0.001 0.102 0.0
вполне 0.0 0.699 0.0
angeles 0.0 1.301 0.0
бомбит 0.0 1.155 0.0
тех 0.001 0.26 0.0
спинами 0.0 2.0 0.0
назвала 0.0 1.398 0.0
работала 0.001 1.046 0.001
поздравления 0.0 2.0 0.0
переубедить 0.0 1.699 0.0
площадку 0.0 1.398 0.0
рассориться 0.0 2.0 0.0
совершало 0.0 2.0 0.0
этим 0.0 0.337 0.0
домой 0.0 0.824 0.0
нациков 0.0 2.0 0.0
россия 0.006 0.398 0.002
подумал 0.0 2.0 0.0
выданное 0.0 2.0 0.0
веду 0.0 1.699 0.0
осколком 0.0 2.0 0.0
семью 0.0 1.523 0.0
сглаживать 0.0 2.0 0.0
спасибоgiphyза 0.0 0.066 0.0
спокойно 0.0 0.824 0.0
уничтожает 0.0 1.523 0.0
раньше 0.0 0.432 0.0
любви 0.0 1.0 0.0
слышно 0.0 1.301 0.0
отопления 0.001 1.398 0.001
пожалуйста 0.0 0.102 0.0
ванной 0.001 1.699 0.002
родные 0.001 1.398 0.001
близким 0.001 1.523 0.002
сначала 0.0 0.602 0.0
новом 0.0 1.155 0.0
пост 0.001 0.796 0.001
геноцида 0.001 2.0 0.002
очень 0.002 0.149 0.0
бои 0.0 1.097 0.0
место 0.0 0.678 0.0
чувствовалась 0.0 2.0 0.0
нацизма 0.001 1.222 0.001
одна 0.0 0.42 0.0
каким 0.0 1.155 0.0
появилось 0.0 0.854 0.0
подписями 0.0 2.0 0.0
год 0.001 0.409 0.0
ранило 0.0 1.699 0.0
моим 0.0 1.523 0.0
попал 0.001 1.155 0.001
российским 0.0 0.092 0.0
написал 0.001 1.0 0.001
тому 0.0 0.509 0.0
голосе 0.0 2.0 0.0
вместе 0.0 0.602 0.0
снаряда 0.0 1.046 0.0
интересах 0.0 0.167 0.0
отучилась 0.0 2.0 0.0
слышать 0.001 1.301 0.001
точнее 0.0 0.921 0.0
российские 0.001 0.328 0.0
dimitar 0.0 1.699 0.0
ищем 0.0 2.0 0.0
час 0.0 1.0 0.0
прекрасные 0.0 2.0 0.0
times 0.0 0.699 0.0
выяснили 0.0 1.301 0.0
красным 0.0 1.699 0.0
стопроцентно 0.0 2.0 0.0
знают 0.001 1.097 0.001
страниц 0.0 2.0 0.0
смысла 0.0 0.699 0.0
мамой 0.001 1.523 0.002
развелись 0.0 2.0 0.0
in 0.0 0.0 0.0
опасности 0.0 1.301 0.0
прощаешь 0.0 2.0 0.0
человеческие 0.0 2.0 0.0
страха 0.0 1.398 0.0
съемка 0.0 1.699 0.0
выставила 0.0 2.0 0.0
скажу 0.0 2.0 0.0
адекватным 0.0 2.0 0.0
просто 0.004 0.194 0.001
поле 0.0 1.301 0.0
российское 0.0 0.921 0.0
звонил 0.0 1.523 0.0
фото 0.002 0.959 0.002
инстаграме 0.001 1.222 0.001
ссора 0.0 2.0 0.0
донбасс 0.0 1.523 0.0
националисты 0.0 2.0 0.0
услышала 0.0 1.523 0.0
утра 0.001 1.301 0.001
общая 0.0 1.155 0.0
кажется 0.001 0.469 0.0
притесняли 0.0 2.0 0.0
которую 0.0 0.469 0.0
стреляют 0.001 1.301 0.001
сестры 0.001 1.523 0.002
мариуполь 0.001 0.824 0.001
родным 0.0 1.523 0.0
сторону 0.001 0.796 0.001
распространено 0.0 0.102 0.0
ios 0.0 0.066 0.0
решится 0.0 2.0 0.0
папу 0.002 1.523 0.003
несколько 0.001 0.201 0.0
всеми 0.001 0.824 0.001
мамы 0.001 1.097 0.001
основном 0.0 0.553 0.0
знакомы 0.0 1.523 0.0
успокоить 0.0 1.523 0.0
пока 0.001 0.208 0.0
бросила 0.0 1.699 0.0
dilkoff 0.0 1.699 0.0
терпением 0.0 2.0 0.0
сих 0.0 0.481 0.0
спустя 0.0 0.886 0.0
изменю 0.0 2.0 0.0
олег 0.0 1.398 0.0
киеву 0.0 1.398 0.0
двоюродный 0.0 2.0 0.0
сестрой 0.001 1.301 0.001
пропустила 0.0 2.0 0.0
родилась 0.0 1.222 0.0
доказательство 0.0 1.398 0.0
скинула 0.001 2.0 0.002
единственное 0.0 1.301 0.0
жены 0.001 1.301 0.001
последние 0.002 0.456 0.001
привел 0.0 1.523 0.0
правды 0.0 1.699 0.0
естественно 0.0 1.155 0.0
близкими 0.001 1.398 0.001
бомбят 0.003 1.0 0.003
папой 0.0 2.0 0.0
юридическим 0.0 0.102 0.0
ночь 0.0 1.0 0.0
вера 0.0 1.699 0.0
уехали 0.0 1.222 0.0
смогу 0.0 1.523 0.0
военные 0.001 0.796 0.001
видео 0.002 0.678 0.001
трем 0.0 1.699 0.0
конфликта 0.0 1.155 0.0
стали 0.0 0.42 0.0
пропагандой 0.0 1.398 0.0
нужно 0.0 0.237 0.0
российском 0.0 0.921 0.0
первым 0.0 0.854 0.0
российскую 0.0 0.745 0.0
дико 0.0 1.699 0.0
по-прежнему 0.0 0.824 0.0
как-то 0.002 0.699 0.001
дочку 0.0 1.699 0.0
сравнить 0.0 1.155 0.0
а-ля 0.0 1.699 0.0
созванивались 0.0 2.0 0.0
безопасно 0.0 0.066 0.0
проще 0.0 1.0 0.0
рф 0.0 0.745 0.0
выражала 0.0 2.0 0.0
дедушкой 0.0 2.0 0.0
однажды 0.0 1.301 0.0
песни 0.0 1.222 0.0
youtube 0.0 0.06 0.0
создано 0.0 0.097 0.0
телеграме 0.0 1.222 0.0
искал 0.0 1.523 0.0
которого 0.001 0.585 0.001
достаточно 0.0 0.444 0.0
друга 0.0 0.854 0.0
мои 0.001 0.854 0.001
многие 0.0 0.284 0.0
средством 0.0 0.102 0.0
происходящее 0.001 1.0 0.001
фейсбуке 0.0 1.301 0.0
бояться 0.0 1.398 0.0
компромисс 0.0 2.0 0.0
прожила 0.0 1.699 0.0
поняла 0.0 1.222 0.0
говорят 0.0 0.432 0.0
семнадцатый 0.001 1.398 0.001
где-то 0.0 0.721 0.0
друзей 0.001 0.959 0.001
таком-то 0.0 2.0 0.0
своей 0.0 0.42 0.0
украинцам 0.0 1.398 0.0
обо 0.0 1.523 0.0
частые 0.0 2.0 0.0
лидеров 0.001 1.301 0.001
киева 0.001 0.886 0.001
возьмет 0.0 2.0 0.0
убеждать 0.0 1.523 0.0
стать 0.001 0.699 0.001
своими 0.001 0.854 0.001
приподнятое 0.0 2.0 0.0
отец 0.0 1.222 0.0
понимала 0.0 1.523 0.0
поскорее 0.0 1.523 0.0
александр 0.0 0.538 0.0
области 0.0 0.602 0.0
трагедия 0.0 1.699 0.0
слышишь 0.0 1.398 0.0
мной 0.001 1.155 0.001
убежала 0.0 2.0 0.0
странно 0.0 1.301 0.0
дом 0.001 0.824 0.001
жителей 0.0 0.569 0.0
создало 0.0 1.699 0.0
любой 0.0 0.745 0.0
время 0.004 0.102 0.0
видим 0.001 0.921 0.001
моральном 0.0 2.0 0.0
узнать 0.001 0.959 0.001
распространенная 0.0 2.0 0.0
выглядит 0.001 0.62 0.001
государство 0.0 0.854 0.0
рекламаmeduza 0.0 0.066 0.0
содержание 0.0 1.523 0.0
войне 0.001 0.62 0.001
обстрелом 0.0 1.301 0.0
getty 0.0 0.886 0.0
предпочитают 0.0 2.0 0.0
постоянно 0.0 0.62 0.0
рады 0.0 1.523 0.0
влюбленность 0.0 2.0 0.0
михаил 0.0 0.959 0.0
среди 0.0 0.42 0.0
гиблое 0.0 2.0 0.0
раздают 0.0 1.398 0.0
донести 0.0 1.699 0.0
общаться 0.0 1.398 0.0
америку 0.0 2.0 0.0
разговаривать 0.0 1.097 0.0
назад 0.007 0.18 0.001
позицию 0.0 1.222 0.0
взять 0.0 0.959 0.0
мог 0.001 0.824 0.001
украинских 0.002 0.824 0.002
война 0.003 0.469 0.001
захлебывалась 0.0 2.0 0.0
кодекс 0.0 0.066 0.0
разбираем 0.001 1.097 0.001
хоре 0.0 2.0 0.0
больниц 0.0 1.301 0.0
серьезно 0.0 1.301 0.0
беречься 0.0 2.0 0.0
оперативная 0.0 2.0 0.0
общаюсь 0.0 1.699 0.0
государства 0.0 0.824 0.0
критика 0.0 2.0 0.0
решил 0.001 0.959 0.001
семья 0.004 1.398 0.006
убедить 0.001 1.301 0.001
пор 0.001 0.387 0.0
институте 0.0 1.222 0.0
поговорила 0.0 0.886 0.0
рассорить 0.0 2.0 0.0
отказываются 0.0 1.523 0.0
высказываниями 0.001 2.0 0.002
вконтакте 0.0 0.066 0.0
нашей 0.001 0.699 0.001
медленно 0.0 1.222 0.0
живет 0.001 0.854 0.001
доказательств 0.0 1.155 0.0
санкции 0.001 0.77 0.001
станциях 0.0 1.699 0.0
славянские 0.0 2.0 0.0
нашими 0.0 1.155 0.0
выделите 0.0 0.066 0.0
недели 0.0 0.42 0.0
сайте 0.0 0.886 0.0
против 0.001 0.229 0.0
завал 0.0 2.0 0.0
той 0.0 0.62 0.0
обвиняет 0.0 2.0 0.0
информационное 0.0 1.699 0.0
вечерняя 0.0 0.066 0.0
поддержки 0.0 0.066 0.0
нашего 0.001 1.0 0.001
русскоязычном 0.0 2.0 0.0
двумя 0.0 0.678 0.0
начал 0.001 0.796 0.001
проводили 0.0 1.0 0.0
первые 0.001 0.585 0.001
коллег 0.001 1.222 0.001
дня 0.002 0.523 0.001
итоге 0.001 0.62 0.001
мнение 0.001 1.046 0.001
большинство 0.0 0.796 0.0
настроения 0.0 1.222 0.0
крепче 0.0 2.0 0.0
фейки 0.001 1.398 0.001
событий 0.0 0.921 0.0
подадут 0.0 2.0 0.0
каком 0.0 1.0 0.0
церковными 0.0 2.0 0.0
одну 0.0 0.77 0.0
туда 0.001 0.921 0.001
android 0.0 0.066 0.0
приложили 0.0 1.699 0.0
проглатывать 0.0 2.0 0.0
геноцидом 0.001 2.0 0.002
начнется 0.0 1.222 0.0
особенно 0.001 0.553 0.001
нужна 0.001 0.092 0.0
марта 0.002 0.319 0.001
города 0.0 0.638 0.0
разговора 0.001 1.301 0.001
плане 0.0 1.155 0.0
политике 0.001 1.222 0.001
дома 0.001 0.638 0.001
признали 0.001 1.398 0.001
зачем-то 0.0 2.0 0.0
одежду 0.0 1.398 0.0
посмотреть 0.0 0.721 0.0
отношусь 0.0 1.523 0.0
убивали 0.001 1.398 0.001
несладко 0.0 2.0 0.0
сфабрикованную 0.0 2.0 0.0
народы 0.0 2.0 0.0
прячутся 0.001 1.523 0.002
киеве 0.0 1.0 0.0
могла 0.001 0.886 0.001
больницы 0.0 0.77 0.0
регулярно 0.0 1.0 0.0
розовых 0.0 2.0 0.0
звонила 0.001 1.699 0.002
чумак 0.0 2.0 0.0
медузе 0.001 0.066 0.0
человеку 0.001 1.0 0.001
везде 0.001 1.046 0.001
bobok 0.0 1.523 0.0
переезжали 0.001 2.0 0.002
медузу 0.001 0.066 0.0
родители 0.001 1.097 0.001
камер 0.0 1.699 0.0
обработки 0.0 0.066 0.0
общение 0.001 1.301 0.001
стороны 0.001 0.432 0.0
праздниками 0.0 2.0 0.0
непоколебим 0.0 2.0 0.0
массовой 0.0 0.097 0.0
участвовала 0.0 1.699 0.0
каждый 0.001 0.509 0.001
находятся 0.0 0.854 0.0
оказывается 0.0 0.886 0.0
продолжать 0.0 0.921 0.0
нацисты 0.0 1.523 0.0
жить 0.002 0.824 0.002
ссоре 0.0 2.0 0.0
случай 0.0 0.921 0.0
догадаться 0.0 2.0 0.0
дверь 0.0 1.222 0.0
действиях 0.0 1.155 0.0
нижегородской 0.0 2.0 0.0
путин 0.001 0.658 0.001
связывалась 0.0 2.0 0.0
предвзятого 0.0 2.0 0.0
переубедил 0.0 2.0 0.0
заблуждаемся 0.0 2.0 0.0
свое 0.001 0.721 0.001
кем 0.001 1.222 0.001
дать 0.0 0.854 0.0
здания 0.0 1.097 0.0
фейк 0.0 2.0 0.0
ваше 0.0 1.301 0.0
реклама 0.001 0.066 0.0
оказаться 0.0 0.796 0.0
русском 0.0 1.097 0.0
сша 0.001 0.469 0.0
поделились 0.0 1.523 0.0
казались 0.0 1.699 0.0
как-нибудь 0.0 2.0 0.0
почувствовала 0.0 2.0 0.0
прятаться 0.001 1.301 0.001
жила 0.0 1.398 0.0
поводу 0.0 0.824 0.0
разочарован 0.0 2.0 0.0
запутались 0.0 2.0 0.0
войска 0.001 0.721 0.001
операцией 0.0 1.699 0.0
живы 0.001 1.398 0.001
наблюдения 0.0 1.155 0.0
фактам 0.0 2.0 0.0
следующий 0.0 0.796 0.0
россии 0.005 0.119 0.001
позвонила 0.0 1.523 0.0
разделила 0.0 2.0 0.0
тщательно 0.0 1.301 0.0
агента 0.001 0.097 0.0
эмпатии 0.0 1.699 0.0
пять 0.001 0.509 0.001
звонками 0.0 2.0 0.0
тысячи 0.002 0.721 0.001
обстреливает 0.0 2.0 0.0
другую 0.0 0.959 0.0
развернуто 0.0 2.0 0.0
наша 0.001 0.77 0.001
блицкрига 0.001 1.523 0.002
русские 0.001 1.046 0.001
вернусь 0.0 1.699 0.0
написала 0.002 1.097 0.002
ответил 0.0 1.046 0.0
видимо 0.0 0.824 0.0
освободитель 0.001 2.0 0.002
спрашивала 0.0 2.0 0.0
вторжения 0.001 0.77 0.001
запись 0.0 1.301 0.0
мир 0.0 0.553 0.0
уехала 0.001 1.301 0.001
читателейнам 0.0 0.174 0.0
аргументе 0.001 2.0 0.002
познакомились 0.0 1.699 0.0
страны 0.001 0.444 0.0
удалось 0.0 0.523 0.0
чувствовала 0.0 1.699 0.0
фамилии 0.0 2.0 0.0
остался 0.002 0.854 0.002
порядку 0.0 0.066 0.0
уезжала 0.0 2.0 0.0
работает 0.0 0.367 0.0
стучаться 0.0 2.0 0.0
убеждают 0.0 1.699 0.0
понимают 0.0 1.097 0.0
закончился 0.0 1.222 0.0
держались 0.0 2.0 0.0
самые 0.001 0.602 0.001
мое 0.0 1.398 0.0
верили 0.0 1.699 0.0
звонят 0.0 1.523 0.0
сколько 0.0 0.585 0.0
связью 0.0 2.0 0.0
уничтожить 0.0 1.301 0.0
российской 0.0 0.432 0.0
прячется 0.0 2.0 0.0
старались 0.001 1.523 0.002
спокойным 0.0 2.0 0.0
сидят 0.0 1.301 0.0
личного 0.0 2.0 0.0
лес 0.001 1.523 0.002
предоставляют 0.0 1.699 0.0
нейтралитет 0.0 1.699 0.0
слезах 0.0 1.699 0.0
духе 0.0 1.699 0.0
любила 0.0 1.699 0.0
соцсетях 0.001 1.046 0.001
деньги 0.001 0.77 0.001
могут 0.0 0.187 0.0
здоровы 0.0 2.0 0.0
скучаю 0.0 2.0 0.0
день 0.002 0.328 0.001
поддерживать 0.001 0.886 0.001
солдаты 0.001 1.222 0.001
yam 0.0 1.398 0.0
найти 0.0 0.602 0.0
нашем 0.0 0.959 0.0
донецк 0.002 1.523 0.003
начале 0.0 0.602 0.0
слишком 0.0 0.553 0.0
школы 0.001 0.886 0.001
мама 0.002 1.0 0.002
нем 0.0 0.602 0.0
основательпроекта 0.0 2.0 0.0
поддерживают 0.0 1.301 0.0
папе 0.001 2.0 0.002
обвиняют 0.0 1.301 0.0
углы 0.0 2.0 0.0
мобильной 0.0 2.0 0.0
images 0.0 0.796 0.0
оттуда 0.0 1.097 0.0
смог 0.001 1.155 0.001
сохранились 0.0 1.523 0.0
маленьким 0.0 1.699 0.0
родному 0.0 1.699 0.0
семь 0.0 0.796 0.0
надежные 0.0 1.046 0.0
иностранным 0.0 0.097 0.0
делают 0.001 0.745 0.001
уверена 0.0 1.523 0.0
началась 0.001 0.678 0.001
запасаться 0.0 2.0 0.0
волне 0.0 1.301 0.0
мечтой 0.0 2.0 0.0
военного 0.0 1.097 0.0
вещам 0.0 2.0 0.0
эйфория 0.0 2.0 0.0
что-то 0.001 0.569 0.001
нацистов 0.001 1.301 0.001
поверить 0.0 1.523 0.0
февраля 0.001 0.387 0.0
проверке 0.0 1.699 0.0
пару 0.0 0.77 0.0
позже 0.001 0.886 0.001
проект 0.0 1.046 0.0
мимо 0.0 1.301 0.0
спросила 0.001 1.523 0.002
потерять 0.0 1.222 0.0
телевизор 0.002 1.301 0.003
промыты 0.0 2.0 0.0
поддержите 0.0 0.102 0.0
думаю 0.0 0.721 0.0
убивают 0.0 1.699 0.0
вижу 0.0 0.745 0.0
записываю 0.0 2.0 0.0
примет 0.0 1.523 0.0
хочется 0.0 0.921 0.0
воды 0.001 0.745 0.001
сестру 0.0 2.0 0.0
году 0.003 0.367 0.001
востоке 0.001 1.155 0.001
ради 0.0 1.046 0.0
лет 0.005 0.252 0.001
используется 0.001 0.796 0.001
тревожный 0.0 2.0 0.0
кацурин 0.0 2.0 0.0
автокатастрофе 0.0 2.0 0.0
данные 0.0 0.066 0.0
стараюсь 0.0 1.523 0.0
киев 0.001 0.77 0.001
друзьям 0.0 1.699 0.0
специально 0.0 0.959 0.0
миротворческой 0.0 1.699 0.0
встал 0.0 1.523 0.0
наши 0.0 0.721 0.0
тотальное 0.0 2.0 0.0
донецке 0.001 1.398 0.001
словами 0.0 0.824 0.0
убеждает 0.0 2.0 0.0
хватает 0.0 1.046 0.0
голосом 0.0 1.699 0.0
признание 0.0 1.398 0.0
смотришь 0.0 1.699 0.0
тогдашнее 0.0 2.0 0.0
доверились 0.0 2.0 0.0
родом 0.0 1.699 0.0
хотят 0.001 0.745 0.001
говорить 0.002 0.602 0.001
никто 0.002 0.523 0.001
решить 0.001 1.097 0.001
вернуться 0.0 0.921 0.0
цели 0.0 1.222 0.0
тысяч 0.0 0.337 0.0
языке 0.0 1.222 0.0
никакого 0.001 0.824 0.001
русскоязычное 0.0 1.398 0.0
российскими 0.0 0.854 0.0
видела 0.0 0.959 0.0
постить 0.0 2.0 0.0
источник 0.0 0.174 0.0
оон 0.001 1.222 0.001
все-таки 0.001 0.553 0.001
обстрелах 0.0 2.0 0.0
аргументов 0.001 1.301 0.001
“ 0.0 0.432 0.0
хочу 0.001 0.137 0.0
рассказывает 0.001 0.569 0.001
неправда 0.001 1.699 0.002
дела 0.001 1.0 0.001
вырос 0.0 1.155 0.0
слова 0.001 0.678 0.001
напасть 0.0 2.0 0.0
будем 0.0 0.886 0.0
расскажет 0.0 1.301 0.0
остались 0.001 0.921 0.001
взрывы 0.001 1.155 0.001
бежим 0.0 2.0 0.0
правила 0.0 0.066 0.0
мышление 0.0 1.523 0.0
верят 0.001 1.155 0.001
сказать 0.0 0.495 0.0
рассказать 0.001 0.959 0.001
украинцев 0.001 1.222 0.001
шокирован 0.0 2.0 0.0
злит 0.0 2.0 0.0
тронут 0.0 2.0 0.0
© 0.0 0.0 0.0
положил 0.0 2.0 0.0
загородный 0.0 2.0 0.0
2–3 0.0 1.699 0.0
спасает 0.001 1.398 0.001
граждан 0.0 0.638 0.0
донбассе 0.004 1.222 0.005
старшая 0.0 1.699 0.0
осталась 0.001 1.398 0.001
извинений 0.0 1.699 0.0
слезами 0.0 2.0 0.0
сестра 0.004 1.398 0.006
говорила 0.001 1.222 0.001
сил 0.001 1.046 0.001
многом 0.001 1.222 0.001
помощь 0.001 0.097 0.0
бредом 0.0 2.0 0.0
часы 0.0 1.699 0.0
кому-то 0.0 1.046 0.0
страну 0.001 0.796 0.001
правозащитница 0.001 2.0 0.002
негатива 0.0 1.699 0.0
войны 0.004 0.42 0.002
около 0.0 0.432 0.0
ба 0.001 2.0 0.002
споры 0.0 1.398 0.0
новости 0.001 0.481 0.0
отвернулись 0.0 2.0 0.0
войной 0.001 1.097 0.001
буду 0.0 1.046 0.0
шанс 0.001 1.0 0.001
ищу 0.0 1.699 0.0
позвонил 0.0 1.301 0.0
благой 0.0 2.0 0.0
харьков 0.001 0.886 0.001
объекты 0.0 1.155 0.0
дискриминации 0.0 1.398 0.0
всем 0.0 0.252 0.0
те 0.001 0.357 0.0
оно 0.0 0.444 0.0
постоянные 0.0 1.523 0.0
половины 0.0 1.0 0.0
происходит 0.005 0.387 0.002
ненавидеть 0.0 1.699 0.0
россиян 0.003 0.62 0.002
варвара 0.001 1.699 0.002
притеснял 0.001 2.0 0.002
пророссийских 0.0 1.699 0.0
бабушке 0.0 1.301 0.0
подавлен 0.0 2.0 0.0
охранником 0.0 2.0 0.0
родителями 0.003 1.523 0.005
ними 0.001 0.585 0.001
районе 0.0 0.886 0.0
поддержку 0.0 0.921 0.0
монастыре 0.001 2.0 0.002
бывает 0.001 1.0 0.001
изданий 0.0 1.699 0.0
сибири 0.0 2.0 0.0
друг 0.001 0.699 0.001
бомба 0.0 1.523 0.0
позвонить 0.0 1.699 0.0
выбора 0.0 1.398 0.0
живут 0.002 0.886 0.002
недалеко 0.0 1.301 0.0
главное 0.0 0.658 0.0
переживают 0.0 1.699 0.0
понимаю 0.002 0.796 0.002
больно 0.001 1.398 0.001
правду 0.001 1.155 0.001
разговор 0.002 1.222 0.002
слов 0.001 1.301 0.001
показывать 0.0 0.066 0.0
знал 0.0 1.523 0.0
ушей 0.0 2.0 0.0
twitter 0.0 0.0 0.0
подумала 0.0 1.398 0.0
ошибок 0.0 1.398 0.0
платформы 0.001 0.066 0.0
родина 0.0 2.0 0.0
ошибки 0.0 1.097 0.0
отрицание 0.0 1.699 0.0
которые 0.007 0.119 0.001
недостаточно 0.001 0.921 0.001
ранее 0.0 0.62 0.0
meduza 0.001 0.0 0.0
говорю 0.001 0.959 0.001
виноваты 0.0 2.0 0.0
нейтральными 0.0 2.0 0.0
разговоре 0.001 1.097 0.001
погиб 0.0 1.398 0.0
павлом 0.001 2.0 0.002
рассказывают 0.001 0.959 0.001
пятью 0.0 1.523 0.0
пропаганду 0.0 1.155 0.0
результат 0.0 0.77 0.0
студентка 0.0 1.523 0.0
вещи 0.0 0.796 0.0
зять 0.001 1.523 0.002
папы 0.0 2.0 0.0
из-за 0.001 0.229 0.0
подконтрольной 0.0 2.0 0.0
перестал 0.001 1.301 0.001
действий 0.0 0.699 0.0
страна 0.0 0.796 0.0
значит 0.001 0.444 0.0
мирных 0.002 0.959 0.002
ближе 0.0 1.046 0.0
гифки 0.0 0.066 0.0
украинские 0.001 0.886 0.001
закрытую 0.0 2.0 0.0
лжи 0.0 1.699 0.0
сути 0.0 0.959 0.0
людей 0.003 0.161 0.0
бомбежка 0.0 1.699 0.0
эмоционально 0.0 1.046 0.0
предыдущий 0.0 1.523 0.0
говорит 0.001 0.409 0.0
заслугам 0.0 2.0 0.0
откроются 0.0 1.699 0.0
главных 0.001 0.678 0.001
случайно 0.0 1.222 0.0
бывают 0.001 1.155 0.001
окружен 0.001 1.523 0.002
протяжении 0.0 1.398 0.0
защитой 0.0 1.699 0.0
сбрасывал 0.0 2.0 0.0
допустить 0.0 1.097 0.0
подвалов 0.0 2.0 0.0
stf 0.0 1.699 0.0
шумно 0.0 1.699 0.0
настолько 0.0 0.886 0.0
понял 0.0 1.398 0.0
сделано 0.0 1.222 0.0
спокойный 0.0 1.523 0.0
территории 0.0 0.796 0.0
годом 0.0 1.398 0.0
ездить 0.0 1.301 0.0
который 0.002 0.194 0.0
ввели 0.001 1.0 0.001
смешно 0.0 2.0 0.0
анонимно 0.0 0.066 0.0
воссоединилась 0.0 2.0 0.0
второй 0.001 0.42 0.0
ваша 0.001 0.102 0.0
разговоров 0.0 1.398 0.0
напала 0.001 2.0 0.002
жилые 0.0 1.301 0.0
никак 0.0 0.886 0.0
критическое 0.0 2.0 0.0
слово 0.001 0.959 0.001
светлова 0.0 2.0 0.0
сразу 0.0 0.553 0.0
куки 0.0 0.066 0.0
всплывают 0.0 2.0 0.0
позиция 0.0 1.0 0.0
использование 0.0 0.066 0.0
играть 0.0 1.398 0.0
разблокировала 0.0 2.0 0.0
брат 0.001 1.301 0.001
года 0.003 0.167 0.001
родственниками 0.001 1.301 0.001
фотографии 0.001 0.638 0.001
остановить 0.0 0.638 0.0
en 0.0 0.066 0.0
брату 0.0 2.0 0.0
записала 0.0 1.155 0.0
условном 0.0 2.0 0.0
отвечать 0.001 1.301 0.001
звонит 0.0 1.699 0.0
очередной 0.001 1.097 0.001
бабушка 0.004 1.155 0.005
жилых 0.0 1.155 0.0
совершает 0.0 1.699 0.0
начали 0.001 0.481 0.0
украина 0.001 0.699 0.001
спускать 0.0 2.0 0.0
насколько 0.001 0.42 0.0
придется 0.001 0.854 0.001
будут 0.001 0.301 0.0
человека 0.0 0.328 0.0
надолго 0.0 1.222 0.0
однозначно 0.0 0.959 0.0
преобразился 0.0 2.0 0.0
существования 0.0 1.301 0.0
войну 0.003 0.638 0.002
выйдут 0.0 1.699 0.0
пересылать 0.0 2.0 0.0
пришли 0.001 0.921 0.001
наконец-то 0.001 1.222 0.001
валерия 0.0 2.0 0.0
полностью 0.0 0.538 0.0
вбрасывает 0.0 2.0 0.0
украинцы 0.001 0.886 0.001
никакой 0.0 0.854 0.0
растеряна 0.001 2.0 0.002
одно 0.0 0.699 0.0
которой 0.0 0.377 0.0
ссор 0.0 2.0 0.0
вообще 0.004 0.066 0.0
кварталы 0.001 1.523 0.002
выходные 0.0 1.523 0.0
трогают 0.001 2.0 0.002
надежда 0.0 1.155 0.0
2015–2019 0.0 2.0 0.0
рбк 0.0 1.523 0.0
сказал 0.002 0.77 0.002
позицией 0.001 1.523 0.002
смертельной 0.0 2.0 0.0
узнал 0.0 0.921 0.0
метро 0.0 1.222 0.0
мария 0.0 1.097 0.0
выехала 0.0 1.523 0.0
уходила 0.0 2.0 0.0
месте 0.001 0.921 0.001
los 0.0 1.301 0.0
помочь 0.0 0.131 0.0
настроение 0.0 1.523 0.0
говорили 0.001 0.796 0.001
альтернативой 0.001 1.699 0.002
встала 0.0 1.699 0.0
город 0.0 0.699 0.0
мол 0.002 1.398 0.003
загородного 0.0 2.0 0.0
оказалась 0.0 0.796 0.0
лично 0.001 0.959 0.001
начались 0.0 0.921 0.0
согласны 0.0 1.155 0.0
рассказал 0.0 0.796 0.0
принципиально 0.0 0.959 0.0
мирятся 0.001 1.699 0.002
источники 0.0 0.959 0.0
стрелять 0.0 1.398 0.0
созваниваться 0.0 1.699 0.0
сказала 0.005 1.155 0.006
лицо 0.0 1.301 0.0
относилась 0.001 1.699 0.002
отличить 0.0 1.222 0.0
сохраняется 0.0 1.398 0.0
безопасном 0.0 2.0 0.0
слушать 0.0 2.0 0.0
погибших 0.001 1.097 0.001
сми 0.0 0.602 0.0
свои 0.0 0.481 0.0
православном 0.0 2.0 0.0
жизни 0.0 0.432 0.0
живешь 0.0 2.0 0.0
признавала 0.0 2.0 0.0
новостиисторииразборшапитокоронавирусмагаз 0.0 0.066 0.0
мирные 0.001 1.097 0.001
атмосфера 0.0 2.0 0.0
куда-то 0.001 1.222 0.001
должны 0.001 0.432 0.0
мою 0.0 1.301 0.0
сидит 0.001 1.155 0.001
фронта 0.0 1.523 0.0
яковлев 0.0 2.0 0.0
нашел 0.0 2.0 0.0
харькова 0.001 1.301 0.001
опустошена 0.0 2.0 0.0
монтаж 0.0 2.0 0.0
выполняющим 0.001 0.097 0.0
возможно 0.0 0.398 0.0
сплотила 0.0 2.0 0.0
маленькими 0.0 1.398 0.0
ошибку 0.0 0.066 0.0
происходило 0.002 1.155 0.002
вливает 0.0 2.0 0.0
познакомилась 0.0 1.699 0.0
проблемы 0.0 0.62 0.0
бомбить 0.0 1.222 0.0
дядей 0.0 2.0 0.0
пропаганды 0.001 1.0 0.001
деле 0.002 0.553 0.001
старого 0.0 1.699 0.0
написали 0.0 1.301 0.0
smm-менеджер 0.001 2.0 0.002
требует 0.0 0.824 0.0
военных 0.001 0.699 0.001
идет 0.0 0.367 0.0
посты 0.0 1.301 0.0
западе 0.0 0.959 0.0
чернигов 0.001 1.301 0.001
материал 0.0 0.086 0.0
тупой 0.0 2.0 0.0
донецка 0.002 1.398 0.003
луганчан 0.0 2.0 0.0
строили 0.0 1.398 0.0
накрыло 0.0 2.0 0.0
рюкзак 0.0 1.523 0.0
пытался 0.0 1.301 0.0
другу 0.0 1.523 0.0
источниками 0.0 1.699 0.0
комфортно 0.0 1.699 0.0
выдохнула 0.0 2.0 0.0
эмоции 0.0 1.301 0.0
примерно 0.0 0.585 0.0
отписались 0.001 2.0 0.002
сад 0.0 1.699 0.0
принимать 0.0 0.721 0.0
обратно 0.0 1.699 0.0
моей 0.001 1.0 0.001
шагами 0.0 1.699 0.0
ютьюбе 0.0 1.699 0.0
обидно 0.0 2.0 0.0
пытается 0.0 0.921 0.0
неделю 0.0 0.721 0.0
выяснила 0.001 1.097 0.001
казалось 0.001 0.886 0.001
уходит 0.0 1.0 0.0
выбор 0.0 1.097 0.0
приеду 0.0 2.0 0.0
снова 0.0 0.678 0.0
безопасности 0.0 0.481 0.0
помогло 0.0 1.398 0.0
политические 0.0 1.155 0.0
отношений 0.0 1.222 0.0
держитесь 0.0 1.699 0.0
собрали 0.0 1.222 0.0
мирным 0.001 1.398 0.001
захотела 0.0 2.0 0.0
тебе 0.001 1.155 0.001
люди 0.003 0.276 0.001
соизволила 0.0 2.0 0.0
операция 0.0 1.301 0.0
тесно 0.0 2.0 0.0
старалась 0.0 2.0 0.0
ненависть 0.0 2.0 0.0
увидела 0.0 1.523 0.0
телеканалы 0.0 1.699 0.0
общались 0.002 1.301 0.003
сбежал 0.0 1.699 0.0
ссоры 0.0 2.0 0.0
альтернативы 0.0 1.301 0.0
папа 0.004 1.222 0.005
часть 0.0 0.456 0.0
упрашивала 0.0 2.0 0.0
часто 0.001 0.456 0.0
узнают 0.0 1.523 0.0
инстаграм 0.0 0.066 0.0
снаряд 0.0 1.301 0.0
вопросы 0.001 0.481 0.0
поверь 0.001 2.0 0.002
провокация 0.0 2.0 0.0
хотя 0.002 0.276 0.001
достучаться 0.001 2.0 0.002
донбассу 0.0 1.699 0.0
доверия 0.0 1.301 0.0
разочароваться 0.0 2.0 0.0
настоящий 0.0 1.155 0.0
внятных 0.0 2.0 0.0
это 0.017 0.066 0.001
связь 0.0 0.721 0.0
еду 0.0 0.886 0.0
напугало 0.0 2.0 0.0
другое 0.001 0.886 0.001
afp 0.001 0.854 0.001
дело 0.0 0.509 0.0
стройке 0.0 2.0 0.0
склейка 0.0 2.0 0.0
рюмин 0.0 2.0 0.0
работаем 0.0 0.161 0.0
праздником 0.001 2.0 0.002
своим 0.001 0.658 0.001
заблокировала 0.0 2.0 0.0
внятного 0.0 2.0 0.0
пытаются 0.001 0.745 0.001
харькове 0.001 1.222 0.001
напомнил 0.0 1.398 0.0
интернете 0.0 1.301 0.0
миссии 0.001 1.699 0.002
проанализировать 0.0 1.699 0.0
english 0.0 0.06 0.0
захочет 0.0 1.699 0.0
оболочка 0.0 2.0 0.0
такого-то 0.0 2.0 0.0
начался 0.0 0.921 0.0
поддержка 0.0 0.167 0.0
такого 0.0 0.509 0.0
людям 0.001 0.678 0.001
флажком 0.0 2.0 0.0
события 0.001 0.745 0.001
ребенком 0.0 1.523 0.0
годы 0.001 0.745 0.001
называли 0.0 1.699 0.0
пожелали 0.0 2.0 0.0
глаза 0.0 0.886 0.0
времени 0.002 0.523 0.001
веришь 0.0 2.0 0.0
голос 0.0 1.699 0.0
смелости 0.0 1.699 0.0
рождения 0.0 1.097 0.0
попросила 0.0 1.301 0.0
считает 0.0 0.678 0.0
убеждена 0.0 2.0 0.0
убило 0.0 2.0 0.0
аэропорта 0.0 1.398 0.0
живы-здоровы 0.0 2.0 0.0
знаю 0.001 0.721 0.001
сделала 0.0 1.222 0.0
верить 0.002 0.959 0.002
marcus 0.0 1.398 0.0
собой 0.0 0.62 0.0
facebook 0.0 0.0 0.0
собирается 0.0 0.921 0.0
думала 0.0 1.523 0.0
выйти 0.0 1.0 0.0
вроде 0.0 0.658 0.0
нормальные 0.0 2.0 0.0
радовали 0.0 2.0 0.0
конфликту 0.001 2.0 0.002
миллиона 0.0 0.77 0.0
scanpix 0.001 0.301 0.0
последствия 0.0 0.796 0.0
устроиться 0.0 1.523 0.0
побеждает 0.0 1.523 0.0
контролировать 0.0 1.301 0.0
мировой 0.001 0.886 0.001
связано 0.001 0.854 0.001
глазами 0.001 1.301 0.001
отписалась 0.0 2.0 0.0
сестер 0.001 2.0 0.002
бомбоубежище 0.001 1.398 0.001
каждого 0.0 0.678 0.0
общей 0.0 0.959 0.0
родных 0.001 1.222 0.001
обе 0.0 1.097 0.0
подвалам 0.0 2.0 0.0
нацистами 0.001 1.523 0.002
закончится 0.0 1.097 0.0
персональные 0.0 0.066 0.0
конфликт 0.0 1.097 0.0
гости 0.0 1.301 0.0
последнее 0.0 1.097 0.0
украинца 0.0 1.523 0.0
слышала 0.0 1.398 0.0
немного 0.0 0.77 0.0
называет 0.001 1.046 0.001
тетя 0.0 2.0 0.0
бомбежки 0.0 1.301 0.0
конкретно 0.0 1.222 0.0
жертвы 0.0 1.523 0.0
знать 0.0 0.824 0.0
идти 0.0 1.046 0.0
эта 0.002 0.367 0.001
которых 0.001 0.237 0.0
невозможно 0.002 0.602 0.001
украине 0.005 0.444 0.002
сохранять 0.001 1.301 0.001
прекратится 0.0 2.0 0.0
доверие 0.0 1.301 0.0
начала 0.002 0.398 0.001
родственникам 0.001 1.301 0.001
сообщение 0.0 0.102 0.0
