редакции 0.003 0.066 0.0
жидким 0.001 2.0 0.002
техника 0.003 1.155 0.003
помогаете 0.001 2.0 0.002
список 0.001 0.658 0.001
баннерам 0.001 0.066 0.0
ближе 0.001 1.046 0.001
помогает 0.001 0.77 0.001
гифки 0.001 0.066 0.0
агента 0.003 0.097 0.0
увлажняющее 0.001 2.0 0.002
кроме 0.001 0.387 0.0
рекомендует 0.001 0.886 0.001
прикосновения 0.003 2.0 0.006
гель 0.003 2.0 0.006
применять 0.001 1.097 0.001
чихнули 0.001 2.0 0.002
водой 0.004 1.398 0.006
другую 0.001 0.959 0.001
in 0.001 0.0 0.0
вытрите 0.001 2.0 0.002
туалет 0.001 1.523 0.002
nhsnorthamptonshire 0.001 2.0 0.002
видеоинструкции 0.001 2.0 0.002
style 0.003 2.0 0.006
сходить 0.001 2.0 0.002
тратят 0.001 1.699 0.002
который 0.003 0.194 0.001
риск 0.001 0.538 0.001
анонимно 0.001 0.066 0.0
невооруженным 0.001 1.699 0.002
средство 0.001 1.301 0.001
напомним 0.001 1.155 0.001
ваша 0.003 0.102 0.0
мылом 0.006 1.699 0.01
birthday 0.001 1.523 0.002
способствует 0.001 1.222 0.001
читателейнам 0.001 0.174 0.0
сразу 0.001 0.553 0.001
куки 0.001 0.066 0.0
профессионалов 0.001 1.699 0.002
названия 0.001 1.222 0.001
общественных 0.001 1.222 0.001
используют 0.001 0.921 0.001
how 0.001 0.886 0.001
внимательно 0.001 1.301 0.001
меняете 0.001 2.0 0.002
посещения 0.003 1.523 0.005
глицерином 0.001 2.0 0.002
использование 0.001 0.066 0.0
григорьева 0.001 2.0 0.002
антибактериальное 0.001 2.0 0.002
do 0.001 0.921 0.001
считаются 0.001 1.398 0.001
порядку 0.001 0.066 0.0
карточек 0.001 0.62 0.001
туалета 0.001 2.0 0.002
ладони 0.004 2.0 0.008
года 0.001 0.167 0.0
бактерии 0.001 2.0 0.002
мытью 0.001 2.0 0.002
фотографии 0.001 0.638 0.001
en 0.001 0.066 0.0
воспользовались 0.001 1.699 0.002
to 0.003 0.77 0.002
посмотрите 0.001 1.0 0.001
подгузник 0.001 2.0 0.002
необходимо 0.001 0.585 0.001
диареей 0.001 2.0 0.002
выполняешь 0.001 2.0 0.002
длится 0.001 1.699 0.002
начали 0.001 0.481 0.0
сторону 0.001 0.796 0.001
сожалению 0.001 0.569 0.001
lyrics 0.001 1.699 0.002
спирта 0.001 1.699 0.002
дней 0.001 0.337 0.0
распространено 0.001 0.102 0.0
ios 0.001 0.066 0.0
руки 0.034 0.921 0.031
елочка 0.001 2.0 0.002
мыло 0.008 1.523 0.012
смойте 0.001 2.0 0.002
поняли 0.001 1.046 0.001
советы 0.001 1.398 0.001
обычном 0.001 1.523 0.002
несколько 0.003 0.201 0.001
алкогольному 0.001 2.0 0.002
раны 0.001 2.0 0.002
поменяли 0.001 2.0 0.002
вместо 0.001 0.77 0.001
защиты 0.001 0.824 0.001
свой 0.001 0.585 0.001
cc 0.001 1.046 0.001
основном 0.001 0.553 0.001
дырочками 0.001 2.0 0.002
любом 0.001 0.854 0.001
рекомендации 0.001 0.824 0.001
handwashing 0.003 2.0 0.006
медузы 0.001 0.268 0.0
раза 0.001 0.602 0.001
довольно 0.001 0.523 0.001
пока 0.001 0.208 0.0
одно 0.001 0.699 0.001
organization 0.001 1.523 0.002
говорите 0.003 1.155 0.003
используете 0.001 1.699 0.002
вообще 0.001 0.066 0.0
антибиотикам 0.001 2.0 0.002
явно 0.001 0.959 0.001
больному 0.001 2.0 0.002
грязь 0.001 2.0 0.002
choir 0.001 1.699 0.002
слишком 0.003 0.553 0.002
сушилку 0.001 2.0 0.002
сотрудники 0.001 0.824 0.001
вспеньте 0.001 2.0 0.002
инфекционных 0.001 1.699 0.002
отравления 0.001 2.0 0.002
жизнерадостный 0.001 2.0 0.002
учит 0.001 1.523 0.002
временем 0.001 0.921 0.001
нашли 0.001 0.066 0.0
продуктам 0.001 1.699 0.002
связи 0.001 0.0 0.0
английском 0.001 1.301 0.001
антисептическом 0.001 2.0 0.002
медуза 0.004 0.066 0.0
родилась 0.001 1.222 0.001
выбрать 0.001 1.301 0.001
плакаты 0.004 1.699 0.007
вирусы 0.001 1.301 0.001
нам 0.001 0.086 0.0
отравлению 0.001 2.0 0.002
помочь 0.001 0.131 0.0
инструкция 0.003 0.796 0.002
всемирная 0.001 1.046 0.001
легкое 0.001 1.222 0.001
осядут 0.001 2.0 0.002
катюша 0.001 2.0 0.002
следите 0.001 1.699 0.002
мало 0.001 0.538 0.001
единственно 0.001 1.523 0.002
прикоснулись 0.001 2.0 0.002
избавишься 0.001 2.0 0.002
пальцы 0.003 1.523 0.005
by 0.001 0.658 0.001
намочите 0.001 2.0 0.002
юридическим 0.001 0.102 0.0
кончики 0.001 2.0 0.002
материалам 0.001 0.066 0.0
секундомером 0.003 2.0 0.006
замок 0.001 2.0 0.002
привести 0.001 1.0 0.001
уровнем 0.001 1.046 0.001
негорячей 0.001 2.0 0.002
срочно 0.001 0.167 0.0
неправильно 0.003 1.398 0.004
другим 0.001 0.62 0.001
меньше 0.003 0.444 0.001
случае 0.003 0.357 0.001
показаний 0.001 2.0 0.002
относительной 0.001 2.0 0.002
подойдет 0.001 1.699 0.002
иностранным 0.001 0.097 0.0
участок 0.001 1.301 0.001
предотвратить 0.001 1.0 0.001
потерев 0.001 2.0 0.002
нужно 0.01 0.237 0.002
health 0.001 1.699 0.002
организации 0.001 0.658 0.001
commons 0.001 1.0 0.001
gangnam 0.003 2.0 0.006
например 0.006 0.229 0.001
низким 0.001 1.699 0.002
кстати 0.004 0.886 0.004
свои 0.001 0.481 0.0
коронавирусом 0.003 0.699 0.002
грязные 0.004 2.0 0.008
которое 0.001 0.337 0.0
что-то 0.003 0.569 0.002
помыть 0.003 2.0 0.006
ctrl+enter 0.001 0.066 0.0
ввести 0.001 1.301 0.001
безопасно 0.001 0.066 0.0
новостиисторииразборшапитокоронавирусмагаз 0.001 0.066 0.0
обычно 0.001 0.523 0.001
рук 0.007 1.398 0.01
неважна 0.001 2.0 0.002
скучная 0.001 2.0 0.002
песни 0.004 1.222 0.005
anthem 0.001 2.0 0.002
транспорте 0.001 1.398 0.001
youtube 0.001 0.06 0.0
ленитесь 0.001 2.0 0.002
устойчивых 0.001 2.0 0.002
должны 0.001 0.432 0.0
марте 0.001 1.046 0.001
либо 0.001 0.569 0.001
создано 0.001 0.097 0.0
особой 0.001 1.097 0.001
здравоохранения 0.001 0.658 0.001
вторую 0.001 1.222 0.001
сложив 0.001 2.0 0.002
рекомендациях 0.001 1.0 0.001
поддержите 0.001 0.102 0.0
избежать 0.001 1.046 0.001
случилось 0.003 0.658 0.002
зрения 0.001 0.602 0.001
друга 0.001 0.854 0.001
салфетки 0.001 2.0 0.002
бактерий 0.003 2.0 0.006
поэтому 0.003 0.328 0.001
многие 0.001 0.284 0.0
средством 0.001 0.102 0.0
песнями 0.001 2.0 0.002
воды 0.001 0.745 0.001
выполняющим 0.003 0.097 0.0
медицинские 0.001 0.796 0.001
возможно 0.001 0.398 0.0
with 0.001 0.824 0.001
уборки 0.001 2.0 0.002
ручки 0.001 2.0 0.002
руках 0.001 1.398 0.001
исключения 0.001 1.097 0.001
сырым 0.001 2.0 0.002
ошибку 0.001 0.066 0.0
материалы 0.001 0.824 0.001
сами 0.001 0.538 0.001
правильно 0.003 0.824 0.002
распространения 0.001 0.678 0.001
обычного 0.001 1.523 0.002
любую 0.001 1.398 0.001
впервые 0.001 0.824 0.001
бумажное 0.001 2.0 0.002
принимайте 0.001 2.0 0.002
creative 0.001 0.921 0.001
профессионал 0.001 2.0 0.002
популярными 0.001 2.0 0.002
полотенцем 0.003 1.699 0.005
позволяет 0.001 0.854 0.001
your 0.001 0.854 0.001
данные 0.001 0.066 0.0
рвотой 0.001 2.0 0.002
хотите 0.003 0.921 0.003
кран 0.001 2.0 0.002
поводите 0.001 2.0 0.002
разбор 0.001 0.387 0.0
нанесите 0.001 2.0 0.002
деле 0.001 0.553 0.001
распределить 0.001 2.0 0.002
фанатизма 0.001 2.0 0.002
каждой 0.001 0.959 0.001
общественном 0.001 1.523 0.002
основан 0.001 1.523 0.002
нажмите 0.001 0.066 0.0
пищевого 0.001 2.0 0.002
лесу 0.001 1.699 0.002
ситуацию 0.001 0.796 0.001
who 0.003 0.824 0.002
иностранного 0.003 0.102 0.0
человек 0.001 0.215 0.0
материал 0.003 0.086 0.0
здоровья 0.001 0.959 0.001
– 0.001 0.06 0.0
russiaʼs 0.001 2.0 0.002
время 0.001 0.102 0.0
'soviet 0.001 2.0 0.002
нами 0.001 0.066 0.0
dance 0.001 2.0 0.002
выглядит 0.001 0.62 0.001
примерно 0.001 0.585 0.001
стоит 0.003 0.509 0.002
вирус 0.001 0.678 0.001
испачкали 0.001 1.699 0.002
рекламаmeduza 0.001 0.066 0.0
многиедругие 0.001 2.0 0.002
никто 0.001 0.523 0.001
пальцами 0.003 2.0 0.006
мест 0.001 1.398 0.001
рекомендуется 0.001 1.046 0.001
выбранной 0.001 2.0 0.002
дополнить 0.001 1.699 0.002
лицом 0.001 0.102 0.0
выше 0.001 0.509 0.001
ошибиться 0.001 1.699 0.002
офисе 0.001 2.0 0.002
кислотой 0.001 2.0 0.002
функции 0.003 0.097 0.0
заболеть 0.001 0.921 0.001
wash 0.001 1.699 0.002
сухими 0.006 2.0 0.012
кашлять 0.001 2.0 0.002
soap 0.001 2.0 0.002
касается 0.001 0.602 0.001
апреле 0.001 1.222 0.001
британской 0.001 1.699 0.002
маршрутка 0.001 2.0 0.002
заражались 0.001 2.0 0.002
геле 0.001 2.0 0.002
дети 0.001 0.721 0.001
уходит 0.001 1.0 0.001
экспериментировать 0.001 2.0 0.002
крем 0.001 2.0 0.002
перейти 0.001 0.066 0.0
поддержать 0.001 0.066 0.0
появлению 0.001 1.523 0.002
помогли 0.001 1.523 0.002
маслом 0.001 1.699 0.002
кодекс 0.001 0.066 0.0
перепечатать 0.001 1.097 0.001
хочу 0.001 0.137 0.0
действиям 0.001 1.398 0.001
пропеть 0.001 2.0 0.002
рыбе 0.001 2.0 0.002
мочевиной 0.001 2.0 0.002
занимает 0.001 1.301 0.001
люди 0.003 0.276 0.001
данное 0.001 0.097 0.0
вирусов 0.001 1.155 0.001
закройте 0.001 1.699 0.002
воз 0.004 0.796 0.003
слова 0.001 0.678 0.001
выдавите 0.001 2.0 0.002
потрите 0.006 2.0 0.012
пор 0.001 0.387 0.0
handwash 0.001 2.0 0.002
тыльную 0.001 2.0 0.002
большие 0.001 0.796 0.001
правила 0.001 0.066 0.0
температура 0.001 1.0 0.001
увы 0.001 1.097 0.001
редки 0.001 1.523 0.002
использовать 0.006 0.585 0.004
вконтакте 0.001 0.066 0.0
умеют 0.003 1.398 0.004
суть 0.001 1.523 0.002
могу 0.003 0.658 0.002
live 0.001 0.022 0.0
решили 0.001 0.658 0.001
мытье 0.004 2.0 0.008
лицензии 0.001 1.0 0.001
дословный 0.001 2.0 0.002
часто 0.003 0.456 0.001
мясу 0.001 2.0 0.002
40–60 0.003 2.0 0.006
блог 0.001 0.066 0.0
детей 0.001 0.523 0.001
ими 0.001 1.222 0.001
молочной 0.001 2.0 0.002
инстаграм 0.001 0.066 0.0
© 0.001 0.0 0.0
юнисеф 0.001 2.0 0.002
проблема 0.001 0.721 0.001
личным 0.001 1.699 0.002
world 0.001 1.0 0.001
выделите 0.001 0.066 0.0
опубликован 0.001 1.523 0.002
пальцев 0.001 2.0 0.002
легко 0.001 0.824 0.001
глазом 0.001 1.699 0.002
meduzacare 0.001 0.066 0.0
ph 0.001 2.0 0.002
эффективным 0.001 1.398 0.001
global 0.001 1.222 0.001
готовить 0.001 1.398 0.001
почаще 0.001 2.0 0.002
рекомендуют 0.001 0.796 0.001
звери 0.001 2.0 0.002
саркисян 0.001 0.959 0.001
еде 0.001 1.699 0.002
кнопка 0.001 0.066 0.0
red 0.001 1.398 0.001
сделают 0.001 2.0 0.002
влажные 0.001 2.0 0.002
показывают 0.001 1.097 0.001
дарья 0.001 0.959 0.001
едой 0.001 1.222 0.001
ванную 0.003 2.0 0.006
эффективность 0.001 0.569 0.001
вечерняя 0.001 0.066 0.0
подготовили 0.001 1.398 0.001
это 0.014 0.066 0.001
the 0.003 0.481 0.001
еду 0.001 0.886 0.001
антисептический 0.003 2.0 0.006
сильно 0.001 0.509 0.001
другое 0.001 0.886 0.001
поддержки 0.001 0.066 0.0
танцуют 0.001 2.0 0.002
мыле 0.001 2.0 0.002
мойте 0.001 1.699 0.002
помощь 0.001 0.097 0.0
эффективно 0.001 1.046 0.001
видна 0.001 1.398 0.001
секунд 0.007 1.301 0.009
работаем 0.001 0.161 0.0
текст 0.001 0.886 0.001
water 0.001 1.523 0.002
обратите 0.001 1.699 0.002
такая 0.001 0.553 0.001
правильного 0.001 1.523 0.002
разницы 0.001 1.523 0.002
распечатать 0.001 2.0 0.002
happy 0.001 1.523 0.002
около 0.003 0.432 0.001
мазь 0.001 2.0 0.002
сайт 0.001 1.097 0.001
делайте 0.001 1.699 0.002
некоторые 0.001 0.469 0.0
24/7 0.001 0.102 0.0
army 0.001 1.301 0.001
you 0.001 0.824 0.001
инфекций 0.001 1.097 0.001
android 0.001 0.066 0.0
english 0.001 0.06 0.0
песню 0.003 1.699 0.005
мыльнице 0.001 2.0 0.002
unicef 0.003 2.0 0.006
буду 0.003 1.046 0.003
поддержка 0.001 0.167 0.0
нужна 0.003 0.092 0.0
марта 0.001 0.319 0.0
немаловажно 0.001 2.0 0.002
можете 0.001 0.699 0.001
подошло 0.001 2.0 0.002
всем 0.001 0.252 0.0
меры 0.001 0.854 0.001
лежало 0.001 2.0 0.002
and 0.001 0.721 0.001
дома 0.004 0.638 0.003
оно 0.001 0.444 0.0
требования 0.001 0.066 0.0
связаться 0.001 0.066 0.0
самом 0.001 0.481 0.0
времени 0.001 0.523 0.001
информации 0.001 0.102 0.0
лицензия 0.001 1.097 0.001
орви 0.001 1.301 0.001
тех 0.001 0.26 0.0
множество 0.001 0.959 0.001
ребенку 0.001 1.222 0.001
полотенце 0.001 2.0 0.002
важно 0.003 0.509 0.002
чихать 0.001 2.0 0.002
ладонь 0.001 2.0 0.002
больницы 0.001 0.77 0.001
2020-го 0.001 1.097 0.001
бумажным 0.001 2.0 0.002
сделала 0.001 1.222 0.001
моют 0.004 2.0 0.008
повесить 0.001 2.0 0.002
комнату 0.003 1.523 0.005
процессе 0.001 1.046 0.001
медузе 0.003 0.066 0.0
следить 0.001 1.0 0.001
человеку 0.001 1.0 0.001
потереть 0.003 2.0 0.006
организация 0.001 0.886 0.001
перевод 0.001 1.523 0.002
отрывок 0.001 2.0 0.002
facebook 0.001 0.0 0.0
медузу 0.003 0.066 0.0
мыть 0.014 1.222 0.017
обработки 0.003 0.066 0.0
верная 0.001 2.0 0.002
друг 0.001 0.699 0.001
массовой 0.001 0.097 0.0
сложите 0.001 2.0 0.002
точки 0.001 0.638 0.001
непосредственно 0.001 0.959 0.001
помощью 0.001 0.538 0.001
испражнениям 0.001 2.0 0.002
каждый 0.001 0.509 0.001
лизали 0.001 2.0 0.002
открыты 0.001 1.0 0.001
iowa 0.001 2.0 0.002
вазелином 0.001 2.0 0.002
спасибоgiphyза 0.001 0.066 0.0
показывать 0.001 0.066 0.0
влажности 0.001 2.0 0.002
мусору 0.001 2.0 0.002
кашлянули 0.001 2.0 0.002
используйте 0.006 1.301 0.008
twitter 0.001 0.0 0.0
тереть 0.001 2.0 0.002
пожалуйста 0.001 0.102 0.0
заболеваний 0.003 0.745 0.002
платформы 0.003 0.066 0.0
коронавирусе 0.001 1.0 0.001
высморкались 0.001 2.0 0.002
исследования 0.001 0.481 0.0
сначала 0.001 0.602 0.001
персональные 0.001 0.066 0.0
станут 0.004 1.046 0.004
очень 0.006 0.149 0.001
настя 0.001 1.523 0.002
помой 0.001 2.0 0.002
которые 0.004 0.119 0.0
попробуйте 0.001 1.523 0.002
животному 0.001 1.699 0.002
передавали 0.001 1.699 0.002
meduza 0.003 0.0 0.0
распространяется 0.001 0.854 0.001
повеселее 0.001 2.0 0.002
новым 0.001 0.796 0.001
овощам 0.001 2.0 0.002
помогают 0.001 0.886 0.001
иначе 0.001 0.745 0.001
поездки 0.001 1.523 0.002
кусковое 0.003 2.0 0.006
мытья 0.001 1.523 0.002
идти 0.003 1.046 0.003
внимание 0.001 0.658 0.001
эта 0.001 0.367 0.0
российским 0.001 0.092 0.0
одной 0.001 0.398 0.0
кусковым 0.001 2.0 0.002
трещинами 0.003 2.0 0.006
утверждает 0.001 1.0 0.001
вытирайте 0.001 2.0 0.002
реклама 0.003 0.066 0.0
однако 0.001 0.337 0.0
делать 0.011 0.276 0.003
оказаться 0.001 0.796 0.001
интересах 0.001 0.167 0.0
русском 0.003 1.097 0.003
намылить 0.003 2.0 0.006
возникает 0.001 0.959 0.001
покроются 0.003 2.0 0.006
сообщение 0.001 0.102 0.0
