преследования 0.001 1.523 0.002
мероприятий 0.001 1.398 0.001
редакции 0.008 0.066 0.001
презентации 0.001 1.523 0.002
выступая 0.001 1.398 0.001
репутации 0.001 1.523 0.002
баннерам 0.001 0.066 0.0
сама 0.001 0.658 0.001
россии 0.003 0.119 0.0
трибуну 0.001 2.0 0.002
тщательно 0.001 1.301 0.001
фактические 0.001 2.0 0.002
обнаружено 0.001 1.155 0.001
гифки 0.001 0.066 0.0
объективный 0.001 2.0 0.002
агента 0.002 0.097 0.0
людей 0.005 0.161 0.001
сути 0.001 0.959 0.001
кроме 0.001 0.387 0.0
интересами 0.001 1.699 0.002
чужих 0.001 2.0 0.002
материала 0.007 1.301 0.009
in 0.002 0.0 0.0
процедурами 0.001 1.699 0.002
предоставить 0.001 1.699 0.002
право 0.003 0.824 0.002
взглядов 0.001 2.0 0.002
тщательностью 0.001 1.699 0.002
наша 0.001 0.77 0.001
работе 0.001 0.824 0.001
рабочей 0.001 1.523 0.002
участвовали 0.001 1.155 0.001
беспристрастность 0.001 2.0 0.002
таких 0.002 0.347 0.001
конфликтные 0.001 2.0 0.002
изменения 0.001 1.097 0.001
угрожать 0.001 1.699 0.002
соответствующее 0.001 2.0 0.002
ежедневной 0.001 2.0 0.002
особого 0.001 1.523 0.002
любых 0.002 1.046 0.002
критически 0.001 1.301 0.001
анонимно 0.002 0.066 0.0
факты 0.001 1.398 0.001
появляется 0.001 1.398 0.001
книг 0.001 1.222 0.001
кодексе 0.001 1.699 0.002
информацию 0.002 0.62 0.001
ваша 0.001 0.102 0.0
огласке 0.001 2.0 0.002
объективность 0.001 1.699 0.002
рассказывать 0.001 1.398 0.001
исключаем 0.001 2.0 0.002
открыто 0.002 1.523 0.003
разговоров 0.001 1.398 0.001
ньюсмейкера 0.001 2.0 0.002
каким-то 0.001 1.046 0.001
распространение 0.002 0.854 0.002
conduct 0.001 0.824 0.001
запись 0.001 1.301 0.001
раскрытие 0.001 2.0 0.002
интервью 0.002 0.745 0.001
внесены 0.001 2.0 0.002
декларацией 0.001 1.699 0.002
слово 0.001 0.959 0.001
стараются 0.001 1.155 0.001
навязывание 0.001 2.0 0.002
денег 0.001 0.886 0.001
журналистике 0.001 2.0 0.002
новостей 0.002 0.886 0.002
редактора 0.001 1.523 0.002
личной 0.001 1.398 0.001
куки 0.001 0.066 0.0
публично 0.001 1.046 0.001
рассказывающие 0.001 2.0 0.002
руководствуясь 0.001 1.699 0.002
ноября 0.001 0.745 0.001
удалось 0.001 0.523 0.001
использование 0.001 0.066 0.0
возможные 0.001 1.222 0.001
высказаться 0.001 2.0 0.002
представителем 0.001 2.0 0.002
изучены 0.001 1.301 0.001
порядку 0.001 0.066 0.0
предупреждения 0.001 1.699 0.002
работающий 0.001 2.0 0.002
публикацию 0.001 1.301 0.001
года 0.001 0.167 0.0
беспристрастно 0.001 2.0 0.002
предупредить 0.002 2.0 0.004
фотографии 0.002 0.638 0.001
en 0.001 0.066 0.0
изложенные 0.003 2.0 0.006
чрезвычайное 0.001 2.0 0.002
работает 0.001 0.367 0.0
противоречит 0.001 1.699 0.002
предпочтениям 0.001 2.0 0.002
внимания 0.001 1.0 0.001
проверять 0.001 1.097 0.001
повлиять 0.001 1.398 0.001
сентябре-октябре 0.001 2.0 0.002
исключительно 0.001 1.155 0.001
названных 0.001 2.0 0.002
распространено 0.001 0.102 0.0
используем 0.001 2.0 0.002
причинам 0.001 0.959 0.001
ios 0.001 0.066 0.0
спорных 0.001 2.0 0.002
источника 0.001 1.097 0.001
человека 0.003 0.328 0.001
внештатным 0.001 2.0 0.002
заявления 0.001 1.097 0.001
российской 0.001 0.432 0.0
описаны 0.001 1.046 0.001
вне 0.001 0.886 0.001
принципу 0.001 1.301 0.001
редакцией 0.001 1.523 0.002
прямо 0.001 0.357 0.0
профессиональным 0.001 2.0 0.002
личную 0.001 1.523 0.002
большое 0.001 0.854 0.001
правовые 0.001 2.0 0.002
всеми 0.001 0.824 0.001
основном 0.001 0.553 0.001
могут 0.003 0.187 0.001
соглашаться 0.001 1.523 0.002
должно 0.001 0.658 0.001
день 0.001 0.328 0.0
своего 0.001 0.721 0.001
происходящем 0.001 1.301 0.001
социальных 0.001 1.155 0.001
п. 0.001 1.523 0.002
медузы 0.016 0.268 0.004
этих 0.001 0.337 0.0
никакой 0.001 0.854 0.001
регулируется 0.001 2.0 0.002
2019-го 0.001 1.699 0.002
угроз 0.001 1.398 0.001
одно 0.001 0.699 0.001
полный 0.001 0.77 0.001
обстоятельствах 0.001 1.699 0.002
общественно 0.002 2.0 0.004
вообще 0.001 0.066 0.0
героям 0.002 1.699 0.003
вестись 0.001 2.0 0.002
читателя 0.005 1.699 0.008
ситуации 0.001 0.721 0.001
существенными 0.001 2.0 0.002
наложить 0.001 1.699 0.002
достоверностью 0.002 2.0 0.004
обязана 0.001 2.0 0.002
количество 0.001 0.62 0.001
скрывая 0.001 2.0 0.002
дискриминация 0.001 2.0 0.002
сотрудники 0.009 0.824 0.007
достоверность 0.001 2.0 0.002
значимый 0.001 1.699 0.002
нашли 0.001 0.066 0.0
связи 0.001 0.0 0.0
недопустимо 0.001 2.0 0.002
какие 0.001 0.569 0.001
читателям 0.001 1.699 0.002
нем 0.001 0.602 0.001
медуза 0.013 0.066 0.001
одного 0.001 0.432 0.0
создающих 0.001 2.0 0.002
месте 0.001 0.921 0.001
интересов 0.003 1.222 0.004
нам 0.002 0.086 0.0
уровней 0.001 1.699 0.002
допускает 0.001 1.699 0.002
редакционный 0.001 2.0 0.002
политическую 0.001 1.699 0.002
скорее 0.001 0.509 0.001
этому 0.001 0.432 0.0
наших 0.003 0.658 0.002
зависимости 0.001 0.796 0.001
редакция 0.009 1.046 0.009
юридическим 0.001 0.102 0.0
максимально 0.001 0.721 0.001
группе 0.001 0.745 0.001
материалам 0.001 0.066 0.0
видео 0.001 0.678 0.001
жилье 0.001 1.699 0.002
пределами 0.001 1.097 0.001
другим 0.001 0.62 0.001
конфликта 0.002 1.155 0.002
меньше 0.001 0.444 0.0
источники 0.001 0.959 0.001
случае 0.007 0.357 0.002
замалчивания 0.001 2.0 0.002
свободы 0.001 1.155 0.001
предложений 0.001 2.0 0.002
воспринимается 0.001 2.0 0.002
принимает 0.002 1.046 0.002
статье 0.001 0.854 0.001
опущен 0.001 1.699 0.002
личных 0.001 1.222 0.001
представитель 0.001 1.398 0.001
любому 0.002 1.699 0.003
иностранным 0.001 0.097 0.0
удалении 0.001 2.0 0.002
журналистской 0.001 2.0 0.002
правилу 0.001 1.699 0.002
подразделений 0.001 2.0 0.002
допускающим 0.001 2.0 0.002
репутационные 0.001 2.0 0.002
например 0.001 0.229 0.0
положение 0.001 1.301 0.001
должна 0.003 0.538 0.002
своих 0.005 0.398 0.002
свои 0.001 0.481 0.0
решение 0.005 0.509 0.003
которое 0.001 0.337 0.0
материале 0.003 1.155 0.003
жизни 0.001 0.432 0.0
формы 0.001 1.046 0.001
бесплатных 0.001 2.0 0.002
shutterstock.com 0.001 1.523 0.002
ctrl+enter 0.001 0.066 0.0
безопасно 0.001 0.066 0.0
новостиисторииразборшапитокоронавирусмагаз 0.001 0.066 0.0
читателю 0.001 2.0 0.002
сотрудников 0.006 1.0 0.006
youtube 0.001 0.06 0.0
всей 0.001 0.699 0.001
должны 0.008 0.432 0.003
либо 0.001 0.569 0.001
code 0.001 0.824 0.001
создано 0.001 0.097 0.0
возможных 0.001 1.097 0.001
жизнь 0.002 0.538 0.001
поддержите 0.001 0.102 0.0
избежать 0.001 1.046 0.001
запрещена 0.001 2.0 0.002
находящихся 0.001 1.699 0.002
зрения 0.001 0.602 0.001
любые 0.002 0.854 0.002
абсолютная 0.002 2.0 0.004
платформу 0.001 1.398 0.001
пространство 0.001 1.523 0.002
набор 0.001 1.155 0.001
политической 0.001 1.222 0.001
соблюдению 0.001 2.0 0.002
написан 0.001 2.0 0.002
ориентируемся 0.001 2.0 0.002
средством 0.001 0.102 0.0
meduzaʼs 0.001 2.0 0.002
стремится 0.001 1.301 0.001
выполняющим 0.002 0.097 0.0
прав 0.002 1.097 0.002
легальными 0.001 2.0 0.002
соответствии 0.001 1.0 0.001
возможность 0.002 0.569 0.001
партию 0.001 1.398 0.001
другому 0.001 1.155 0.001
равным 0.001 2.0 0.002
свободу 0.002 1.0 0.002
исключения 0.001 1.097 0.001
ошибку 0.001 0.066 0.0
повседневной 0.001 1.699 0.002
материалы 0.002 0.824 0.002
стараться 0.001 1.699 0.002
давления 0.002 1.0 0.002
кодексом 0.002 2.0 0.004
распространения 0.001 0.678 0.001
предупреждение 0.001 1.301 0.001
правило 0.001 1.097 0.001
нарушают 0.001 1.523 0.002
журналистами 0.001 1.699 0.002
безопасность 0.001 0.921 0.001
услышанными 0.001 2.0 0.002
компании 0.001 0.523 0.001
of 0.001 0.721 0.001
стандартам 0.001 1.523 0.002
своей 0.002 0.42 0.001
позволяет 0.002 0.854 0.002
избегать 0.002 1.699 0.003
защищаем 0.001 2.0 0.002
наблюдательным 0.001 2.0 0.002
данные 0.001 0.066 0.0
оплатить 0.001 1.523 0.002
берем 0.001 1.398 0.001
язык 0.001 1.155 0.001
белых 0.001 1.523 0.002
мире 0.001 0.553 0.001
пишем 0.001 1.699 0.002
навреди 0.001 2.0 0.002
относятся 0.001 1.155 0.001
сетях 0.001 1.523 0.002
каждой 0.001 0.959 0.001
наши 0.003 0.721 0.002
продукт 0.001 1.398 0.001
нажмите 0.001 0.066 0.0
правил 0.001 1.222 0.001
ценность 0.002 1.699 0.003
материалах 0.001 1.523 0.002
заботимся 0.001 2.0 0.002
ответственно 0.001 1.523 0.002
значимые 0.001 1.699 0.002
стран 0.001 0.469 0.0
вниманием 0.001 2.0 0.002
стараемся 0.001 1.699 0.002
некоторых 0.001 0.523 0.001
идет 0.001 0.367 0.0
других 0.002 0.26 0.001
числе 0.002 0.31 0.001
иностранного 0.002 0.102 0.0
общественные 0.001 1.699 0.002
целенаправленно 0.001 2.0 0.002
человек 0.001 0.215 0.0
материал 0.002 0.086 0.0
концерты 0.001 1.523 0.002
насилие 0.001 2.0 0.002
дизайнеров 0.001 2.0 0.002
защищать 0.001 0.854 0.001
оценивать 0.001 1.523 0.002
шокировать 0.001 2.0 0.002
уважением 0.002 2.0 0.004
– 0.001 0.06 0.0
осознанно 0.001 2.0 0.002
любой 0.002 0.745 0.001
читатели 0.001 1.046 0.001
время 0.002 0.102 0.0
публикации 0.007 0.886 0.006
действуя 0.001 2.0 0.002
недопустимым 0.001 2.0 0.002
нами 0.001 0.066 0.0
платит 0.002 1.523 0.003
соответствовать 0.001 1.398 0.001
исправлены 0.001 2.0 0.002
изложенным 0.001 1.699 0.002
ухудшили 0.001 2.0 0.002
принятыми 0.001 2.0 0.002
событиях 0.002 1.222 0.002
гражданской 0.001 1.523 0.002
ограничениями 0.001 1.699 0.002
главного 0.001 1.155 0.001
рекламаmeduza 0.001 0.066 0.0
распространенную 0.001 2.0 0.002
любого 0.002 1.398 0.003
законодательств 0.001 1.699 0.002
работы 0.001 0.553 0.001
предупреждать 0.001 2.0 0.002
лицом 0.001 0.102 0.0
намеренно 0.001 1.222 0.001
принимается 0.001 1.155 0.001
отношение 0.002 1.0 0.002
функции 0.002 0.097 0.0
площадках 0.001 1.301 0.001
преследуемых 0.001 2.0 0.002
претензии 0.001 1.523 0.002
поддерживает 0.002 1.301 0.003
касается 0.001 0.602 0.001
редактором 0.002 1.398 0.003
максимальной 0.001 1.699 0.002
выбор 0.001 1.097 0.001
издание 0.003 0.721 0.002
безопасности 0.001 0.481 0.0
русскоязычное 0.001 1.398 0.001
стремиться 0.001 2.0 0.002
предана 0.001 2.0 0.002
поступающие 0.001 2.0 0.002
перейти 0.001 0.066 0.0
поддержать 0.001 0.066 0.0
личности 0.001 2.0 0.002
источник 0.001 0.174 0.0
вмешиваемся 0.001 2.0 0.002
вознаграждает 0.001 2.0 0.002
отношений 0.001 1.222 0.001
кодекс 0.003 0.066 0.0
уведомлены 0.001 2.0 0.002
кому 0.001 0.824 0.001
активистской 0.001 2.0 0.002
также 0.003 0.237 0.001
санкционирована 0.001 2.0 0.002
представителях 0.001 2.0 0.002
удален 0.001 2.0 0.002
изучаем 0.001 2.0 0.002
становиться 0.001 1.699 0.002
органы 0.001 1.398 0.001
прочими 0.001 2.0 0.002
задача 0.001 0.959 0.001
приветствуем 0.001 2.0 0.002
согласования 0.001 2.0 0.002
давление 0.001 1.0 0.001
обязаны 0.005 1.398 0.007
уважаем 0.001 2.0 0.002
героями 0.001 1.699 0.002
данное 0.001 0.097 0.0
запрещено 0.002 1.398 0.003
полной 0.001 1.155 0.001
внутренними 0.001 2.0 0.002
попытка 0.001 1.398 0.001
слова 0.002 0.678 0.001
выходе 0.001 1.301 0.001
нейтральным 0.001 2.0 0.002
ко 0.001 0.745 0.001
нормативные 0.001 2.0 0.002
ответственность 0.001 0.824 0.001
правила 0.002 0.066 0.0
стремимся 0.005 1.699 0.008
утвержден 0.001 1.699 0.002
использовать 0.001 0.585 0.001
собирать 0.001 1.097 0.001
вконтакте 0.001 0.066 0.0
событиям 0.001 1.523 0.002
live 0.001 0.022 0.0
слышат 0.001 1.523 0.002
акты 0.001 1.699 0.002
рассказать 0.002 0.959 0.002
вопросах 0.001 1.523 0.002
делаем 0.001 1.523 0.002
возможности 0.001 0.77 0.001
следуем 0.001 2.0 0.002
декларации 0.001 2.0 0.002
допуская 0.001 2.0 0.002
редакцию 0.002 1.301 0.003
санкции 0.001 0.77 0.001
зоне 0.001 1.398 0.001
форме 0.001 0.886 0.001
блог 0.001 0.066 0.0
активности 0.001 1.301 0.001
инстаграм 0.001 0.066 0.0
групп 0.002 0.77 0.002
© 0.001 0.0 0.0
разработчиков 0.001 1.097 0.001
принимаем 0.001 1.523 0.002
выделите 0.001 0.066 0.0
разных 0.001 0.398 0.0
власти 0.001 0.387 0.0
никаким 0.001 2.0 0.002
предоставлена 0.001 1.699 0.002
косвенно 0.001 1.155 0.001
официальный 0.001 1.222 0.001
доступными 0.001 1.699 0.002
использования 0.001 0.921 0.001
meduzacare 0.001 0.066 0.0
недосказанностей 0.001 2.0 0.002
достоверно 0.001 1.155 0.001
свободное 0.001 1.222 0.001
отказывается 0.001 1.523 0.002
кнопка 0.001 0.066 0.0
правовыми 0.001 1.699 0.002
аудитории 0.001 1.398 0.001
правдивость 0.001 2.0 0.002
предмет 0.001 1.523 0.002
заниматься 0.001 0.886 0.001
предупрежден 0.001 2.0 0.002
подробное 0.001 2.0 0.002
вечерняя 0.001 0.066 0.0
международным 0.001 1.301 0.001
речь 0.001 0.432 0.0
риска 0.001 0.699 0.001
это 0.005 0.066 0.0
провоцирование 0.001 2.0 0.002
независимость 0.001 1.523 0.002
происходящего 0.001 1.523 0.002
поддержки 0.001 0.066 0.0
защищает 0.001 0.921 0.001
нашего 0.001 1.0 0.001
помощь 0.003 0.097 0.0
читателей 0.002 0.658 0.001
относимся 0.001 1.699 0.002
героях 0.001 2.0 0.002
вето 0.001 2.0 0.002
сотрудника 0.002 1.398 0.003
честно 0.001 1.0 0.001
сведения 0.001 1.155 0.001
профессиональной 0.001 1.699 0.002
сознательно 0.001 1.699 0.002
работаем 0.001 0.161 0.0
коллег 0.001 1.222 0.001
двух 0.001 0.377 0.0
удаление 0.001 2.0 0.002
вкусам 0.001 2.0 0.002
именем 0.001 2.0 0.002
скрыт 0.001 2.0 0.002
работа 0.005 0.886 0.004
права 0.001 0.854 0.001
предложения 0.001 1.699 0.002
стороне 0.001 1.046 0.001
каком 0.001 1.0 0.001
одну 0.001 0.77 0.001
котором 0.001 0.495 0.0
рекламного 0.001 2.0 0.002
основанное 0.001 2.0 0.002
оправдание 0.001 1.699 0.002
немедленно 0.001 1.155 0.001
android 0.001 0.066 0.0
english 0.002 0.06 0.0
практику 0.001 1.699 0.002
команде 0.001 1.699 0.002
нужна 0.001 0.092 0.0
формулировкам 0.001 2.0 0.002
основателями 0.001 2.0 0.002
спектакли 0.001 1.699 0.002
принято 0.001 1.097 0.001
непредвзято 0.001 1.699 0.002
политика 0.001 1.0 0.001
законодательство 0.001 1.523 0.002
события 0.001 0.745 0.001
возможный 0.001 1.301 0.001
мере 0.001 0.569 0.001
т 0.001 1.222 0.001
случаях 0.002 0.658 0.001
конечное 0.001 2.0 0.002
дискриминации 0.001 1.398 0.001
всем 0.001 0.252 0.0
факт 0.001 0.77 0.001
возможна 0.001 1.222 0.001
источникам 0.001 1.699 0.002
требования 0.001 0.066 0.0
правозащитной 0.001 2.0 0.002
связаться 0.001 0.066 0.0
рассказ 0.001 1.222 0.001
информации 0.005 0.102 0.001
штатным 0.001 2.0 0.002
тех 0.003 0.26 0.001
правилами 0.001 2.0 0.002
ненависти 0.002 1.301 0.003
информировать 0.001 2.0 0.002
принципов 0.001 1.523 0.002
опубликовать 0.001 1.301 0.001
коммерческие 0.001 1.699 0.002
появиться 0.001 1.097 0.001
способом 0.001 1.155 0.001
транспорт 0.001 1.222 0.001
главным 0.002 1.155 0.002
почему 0.002 0.337 0.001
издания 0.001 0.959 0.001
согласовано 0.001 1.699 0.002
участвуют 0.001 0.959 0.001
питание 0.001 2.0 0.002
допускаются 0.001 2.0 0.002
риски 0.001 0.77 0.001
ними 0.001 0.585 0.001
медузе 0.006 0.066 0.0
объяснить 0.001 0.921 0.001
удаляет 0.001 2.0 0.002
коммуникации 0.001 1.699 0.002
непросто 0.001 1.155 0.001
прессы 0.001 1.699 0.002
любая 0.001 1.222 0.001
безвозмездно 0.001 2.0 0.002
собой 0.002 0.62 0.001
facebook 0.001 0.0 0.0
медузу 0.002 0.066 0.0
обработки 0.001 0.066 0.0
связанные 0.001 1.046 0.001
обманывать 0.001 2.0 0.002
этим 0.001 0.337 0.0
делим 0.001 2.0 0.002
менее 0.001 0.432 0.0
сотрудник 0.002 1.398 0.003
изложен 0.001 2.0 0.002
стороны 0.001 0.432 0.0
исключительных 0.001 1.699 0.002
действуем 0.001 2.0 0.002
источников 0.001 1.0 0.001
массовой 0.001 0.097 0.0
точки 0.001 0.638 0.001
деятельностью 0.002 1.523 0.003
стимулирование 0.001 2.0 0.002
обществом 0.001 1.523 0.002
занятий 0.001 2.0 0.002
согласиться 0.001 1.699 0.002
каждый 0.003 0.509 0.002
заблуждение 0.001 1.398 0.001
главная 0.001 0.796 0.001
солидарности 0.001 1.699 0.002
такие 0.001 0.444 0.0
последствия 0.001 0.796 0.001
оказывается 0.001 0.886 0.001
виде 0.001 0.745 0.001
осуществляемой 0.001 2.0 0.002
оставляет 0.002 1.699 0.003
движение 0.001 1.222 0.001
показывать 0.001 0.066 0.0
обнаружены 0.001 1.301 0.001
спасибоgiphyза 0.001 0.066 0.0
героев 0.002 1.699 0.003
twitter 0.001 0.0 0.0
представляясь 0.001 2.0 0.002
пресс-показы 0.001 2.0 0.002
советом 0.001 1.523 0.002
высказать 0.001 1.523 0.002
пожалуйста 0.001 0.102 0.0
должен 0.003 0.585 0.002
акциях 0.001 1.222 0.001
объяснение 0.001 1.301 0.001
должности 0.001 1.699 0.002
ошибок 0.001 1.398 0.001
платформы 0.002 0.066 0.0
можем 0.001 0.62 0.001
деятельности 0.001 1.097 0.001
неправильной 0.001 2.0 0.002
даем 0.001 1.699 0.002
отношении 0.001 0.824 0.001
смысловые 0.001 2.0 0.002
персональные 0.001 0.066 0.0
ошибки 0.001 1.097 0.001
конфликт 0.001 1.097 0.001
способами 0.002 1.222 0.002
признаку 0.002 1.699 0.003
решаются 0.001 2.0 0.002
которые 0.001 0.119 0.0
считаем 0.003 1.523 0.005
прикрытием 0.001 1.699 0.002
угнетаемых 0.001 2.0 0.002
бережное 0.001 2.0 0.002
убеждениям 0.001 2.0 0.002
meduza 0.002 0.0 0.0
кого 0.002 0.509 0.001
собственным 0.001 1.301 0.001
остается 0.001 0.638 0.001
движения 0.001 1.155 0.001
сотрудникам 0.003 1.699 0.005
подготовки 0.001 1.222 0.001
рода 0.002 0.854 0.002
следовать 0.001 1.523 0.002
рассказывают 0.001 0.959 0.001
странах 0.003 0.495 0.001
связанное 0.001 1.523 0.002
предвзятое 0.001 2.0 0.002
пятен 0.001 2.0 0.002
факта 0.001 1.699 0.002
уполномоченным 0.001 1.699 0.002
дать 0.001 0.854 0.001
международное 0.001 1.699 0.002
российским 0.001 0.092 0.0
которых 0.002 0.237 0.0
основывались 0.001 2.0 0.002
объяснены 0.001 2.0 0.002
какой-либо 0.002 1.155 0.002
тому 0.001 0.509 0.001
необходимость 0.001 1.155 0.001
вводить 0.001 1.222 0.001
вместе 0.001 0.602 0.001
однако 0.003 0.337 0.001
делать 0.001 0.276 0.0
реклама 0.002 0.066 0.0
последствий 0.002 0.959 0.002
всеобщей 0.001 1.699 0.002
материалов 0.003 1.097 0.003
подготовке 0.001 1.222 0.001
сообщение 0.001 0.102 0.0
методов 0.001 1.222 0.001
