ждем 0.001 1.301 0.001
молодеет 0.001 2.0 0.002
редакции 0.003 0.066 0.0
добивается 0.001 2.0 0.002
объявляет 0.001 1.699 0.002
баннерам 0.001 0.066 0.0
россии 0.01 0.119 0.001
полные 0.001 1.398 0.001
гифки 0.001 0.066 0.0
сентябрь 0.003 1.699 0.005
зависит 0.001 0.638 0.001
знали 0.001 1.301 0.001
людей 0.008 0.161 0.001
забыли 0.001 1.699 0.002
злоупотребляют 0.001 1.699 0.002
собаку 0.001 2.0 0.002
столице 0.001 1.097 0.001
пережить 0.001 1.398 0.001
ошиблись 0.001 1.398 0.001
детям 0.003 1.0 0.003
фонды 0.001 1.398 0.001
in 0.001 0.0 0.0
регионов 0.001 0.921 0.001
благотворителей 0.003 2.0 0.006
династий 0.001 2.0 0.002
инсульта 0.003 2.0 0.006
показали 0.001 1.0 0.001
бродячих 0.001 2.0 0.002
месяцы 0.001 1.155 0.001
каких 0.001 0.854 0.001
плохая 0.001 1.523 0.002
риск 0.001 0.538 0.001
анонимно 0.001 0.066 0.0
просто 0.001 0.194 0.0
новость 0.001 1.155 0.001
ест 0.003 1.301 0.004
грустно 0.001 1.398 0.001
подробная 0.001 2.0 0.002
специалистам 0.001 1.523 0.002
помогать 0.003 0.959 0.003
реальновот 0.001 2.0 0.002
мир 0.001 0.553 0.001
тема 0.001 1.222 0.001
инсульте 0.001 1.699 0.002
филантропия 0.003 2.0 0.006
появления 0.001 0.854 0.001
ментальное 0.001 2.0 0.002
куки 0.001 0.066 0.0
апрель 0.003 2.0 0.006
плевать 0.001 2.0 0.002
использование 0.001 0.066 0.0
кошек 0.001 1.699 0.002
появились 0.001 0.854 0.001
помощи 0.001 0.77 0.001
кажется 0.001 0.469 0.0
порядку 0.001 0.066 0.0
игры 0.001 1.222 0.001
года 0.008 0.167 0.001
регионы 0.001 1.222 0.001
пожертвования 0.001 1.523 0.002
тяжелобольных 0.001 1.699 0.002
en 0.001 0.066 0.0
сидеть 0.001 1.097 0.001
самые 0.001 0.602 0.001
здоровье 0.003 1.155 0.003
бедность 0.001 1.699 0.002
ноябрь 0.003 1.699 0.005
гражданка 0.001 2.0 0.002
климатический 0.003 2.0 0.006
устроено 0.001 1.0 0.001
ios 0.001 0.066 0.0
руки 0.001 0.921 0.001
проекты 0.001 1.398 0.001
мощных 0.001 2.0 0.002
заметить 0.001 1.301 0.001
систему 0.001 1.222 0.001
стыдные 0.001 1.523 0.002
настроена 0.001 1.523 0.002
несколько 0.001 0.201 0.0
заново 0.001 1.523 0.002
инклюзивность 0.003 2.0 0.006
позвоночника 0.001 2.0 0.002
деньги 0.001 0.77 0.001
могут 0.003 0.187 0.001
спина 0.006 2.0 0.012
своего 0.001 0.721 0.001
день 0.001 0.328 0.0
медузы 0.008 0.268 0.002
чертой 0.001 1.699 0.002
самому 0.001 1.097 0.001
история 0.001 0.745 0.001
найти 0.001 0.602 0.001
работать 0.003 0.409 0.001
которой 0.001 0.377 0.0
темах 0.001 2.0 0.002
человеком 0.001 1.155 0.001
пойду 0.001 1.398 0.001
расстройствами 0.001 2.0 0.002
помогающие 0.001 1.699 0.002
вообще 0.003 0.066 0.0
оказались 0.001 0.886 0.001
вся 0.001 1.0 0.001
биполярное 0.001 2.0 0.002
моего 0.001 1.097 0.001
явно 0.001 0.959 0.001
слышали 0.001 1.301 0.001
аптек 0.001 1.523 0.002
удобным 0.001 2.0 0.002
веры 0.001 2.0 0.002
истории 0.034 0.337 0.011
психиатру 0.001 2.0 0.002
январь 0.003 1.699 0.005
слишком 0.001 0.553 0.001
весело 0.001 2.0 0.002
климатической 0.001 2.0 0.002
офис 0.001 1.699 0.002
сюда 0.001 1.097 0.001
жив 0.001 1.523 0.002
нашли 0.001 0.066 0.0
связи 0.001 0.0 0.0
думал 0.001 1.523 0.002
видят 0.001 1.301 0.001
ребенок 0.001 1.222 0.001
твоем 0.001 2.0 0.002
нем 0.001 0.602 0.001
здоровая 0.001 1.699 0.002
медуза 0.007 0.066 0.0
месяцев 0.01 0.602 0.006
помочь 0.006 0.131 0.001
инструкция 0.01 0.796 0.008
центр 0.001 0.77 0.001
рождаются 0.001 2.0 0.002
октябрь 0.003 1.398 0.004
открыть 0.001 1.155 0.001
кризис 0.003 1.097 0.003
care 0.001 1.301 0.001
знаменитости 0.001 2.0 0.002
материалам 0.001 0.066 0.0
правах 0.001 1.523 0.002
родителей 0.001 1.155 0.001
другим 0.003 0.62 0.002
конфликта 0.001 1.155 0.001
смогли 0.001 0.921 0.001
убивать 0.001 1.097 0.001
август 0.003 2.0 0.006
вести 0.001 0.824 0.001
самоубийство 0.001 2.0 0.002
пройти 0.001 0.854 0.001
стали 0.001 0.42 0.0
чернобыльский 0.001 2.0 0.002
инсульт 0.007 1.699 0.012
майкл 0.001 2.0 0.002
нужно 0.004 0.237 0.001
главный 0.001 0.638 0.001
расстройство 0.001 1.699 0.002
региональные 0.001 1.523 0.002
чаплиной 0.001 2.0 0.002
жизни 0.003 0.432 0.001
опеки 0.001 2.0 0.002
ctrl+enter 0.001 0.066 0.0
задержали 0.001 1.097 0.001
февраля 0.001 0.387 0.0
безопасно 0.001 0.066 0.0
новостиисторииразборшапитокоронавирусмагаз 0.001 0.066 0.0
проще 0.001 1.0 0.001
приложения 0.001 1.699 0.002
продолжали 0.001 1.699 0.002
рушится 0.001 2.0 0.002
рук 0.001 1.398 0.001
полмиллиона 0.001 1.699 0.002
изо 0.001 1.699 0.002
youtube 0.001 0.06 0.0
всей 0.001 0.699 0.001
должны 0.001 0.432 0.0
врачи 0.001 0.886 0.001
получилось 0.001 0.886 0.001
которая 0.001 0.301 0.0
избежать 0.001 1.046 0.001
чеченских 0.003 2.0 0.006
программирования 0.001 2.0 0.002
вижу 0.003 0.745 0.002
многие 0.003 0.284 0.001
марса 0.001 1.699 0.002
возможно 0.001 0.398 0.0
вашего 0.001 1.046 0.001
ровно 0.001 1.222 0.001
ошибку 0.001 0.066 0.0
безумие 0.001 1.523 0.002
июня 0.003 0.854 0.003
измениться 0.001 1.699 0.002
реформировать 0.001 2.0 0.002
лет 0.004 0.252 0.001
детской 0.001 1.222 0.001
июля 0.004 1.0 0.004
уйти 0.001 1.222 0.001
месяц 0.001 0.745 0.001
проблемы 0.001 0.62 0.001
восприятием 0.001 2.0 0.002
вызывала 0.001 1.699 0.002
данные 0.001 0.066 0.0
гуманное 0.001 2.0 0.002
добиться 0.001 1.222 0.001
россияне 0.001 0.678 0.001
реабилитации 0.001 2.0 0.002
стать 0.001 0.699 0.001
разбор 0.018 0.387 0.007
державшей 0.001 2.0 0.002
шизофренией 0.001 2.0 0.002
страшное 0.001 1.523 0.002
нажмите 0.001 0.066 0.0
огурцы 0.001 2.0 0.002
благотворительные 0.001 1.699 0.002
важные 0.001 0.854 0.001
некоторых 0.001 0.523 0.001
декабрь 0.004 1.523 0.006
российских 0.001 0.337 0.0
других 0.001 0.26 0.0
отвечает 0.001 0.854 0.001
человек 0.003 0.215 0.001
чеченская 0.001 2.0 0.002
ветераны 0.003 2.0 0.006
месяца 0.003 0.745 0.002
стоило 0.001 1.699 0.002
– 0.003 0.06 0.0
дыхание 0.001 1.699 0.002
время 0.006 0.102 0.001
отреставрировать 0.001 2.0 0.002
ковида 0.004 0.444 0.002
нами 0.001 0.066 0.0
отвечают 0.001 1.097 0.001
хотят 0.001 0.745 0.001
поставят 0.001 2.0 0.002
закончилась 0.001 1.699 0.002
зоозащита 0.003 2.0 0.006
работают 0.001 0.553 0.001
депрессией 0.001 2.0 0.002
психическими 0.001 2.0 0.002
экотревожность 0.001 2.0 0.002
девушки 0.001 1.523 0.002
искаженным 0.001 2.0 0.002
рекламаmeduza 0.001 0.066 0.0
никто 0.001 0.523 0.001
принимать 0.001 0.721 0.001
публикует 0.001 1.222 0.001
пытается 0.001 0.921 0.001
катастрофы 0.001 1.398 0.001
ребенка 0.001 0.824 0.001
технологии 0.003 1.155 0.003
постоянно 0.004 0.62 0.002
диагнозе 0.001 1.699 0.002
анорексией 0.001 2.0 0.002
лишились 0.001 1.398 0.001
распределение 0.001 1.699 0.002
сиротами 0.001 2.0 0.002
решения 0.001 0.638 0.001
кавказе 0.001 2.0 0.002
дети 0.003 0.721 0.002
разговаривать 0.001 1.097 0.001
назад 0.038 0.18 0.007
единственной 0.001 1.097 0.001
первое 0.001 0.921 0.001
перейти 0.001 0.066 0.0
поддержать 0.001 0.066 0.0
удаленку 0.001 2.0 0.002
война 0.001 0.469 0.0
кодекс 0.001 0.066 0.0
увидетьрассказываем 0.001 2.0 0.002
рассказывает 0.003 0.569 0.002
потребностями 0.001 2.0 0.002
привычкой 0.001 2.0 0.002
март 0.003 1.699 0.005
работу 0.006 0.658 0.004
благотворители 0.007 2.0 0.014
люди 0.007 0.276 0.002
последствиях 0.001 0.921 0.001
ближайшие 0.001 1.097 0.001
идеи 0.001 1.155 0.001
мочегонными 0.001 2.0 0.002
булимией 0.001 2.0 0.002
meduza.io 0.001 1.398 0.001
особенностями 0.006 2.0 0.012
сиротских 0.001 2.0 0.002
большие 0.001 0.796 0.001
правила 0.001 0.066 0.0
собираюсь 0.001 2.0 0.002
собак 0.001 1.699 0.002
вконтакте 0.001 0.066 0.0
часть 0.001 0.456 0.0
live 0.001 0.022 0.0
слышат 0.001 1.523 0.002
перчатки 0.001 2.0 0.002
доказательств 0.001 1.155 0.001
часто 0.001 0.456 0.0
научиться 0.001 1.523 0.002
лекарства 0.001 0.854 0.001
детей 0.001 0.523 0.001
блог 0.001 0.066 0.0
инстаграм 0.001 0.066 0.0
© 0.001 0.0 0.0
вопросы 0.004 0.481 0.002
выделите 0.001 0.066 0.0
кафе 0.001 1.097 0.001
тяжелые 0.001 1.046 0.001
тела 0.001 1.0 0.001
легко 0.001 0.824 0.001
meduzacare 0.007 0.066 0.0
сделаете 0.001 2.0 0.002
месяцевкак 0.001 2.0 0.002
система 0.001 0.77 0.001
говорила 0.001 1.222 0.001
ауле 0.001 2.0 0.002
кнопка 0.001 0.066 0.0
достаточнобольшое 0.001 2.0 0.002
писательницы 0.001 2.0 0.002
хотя 0.001 0.276 0.0
изменить 0.001 1.046 0.001
едой 0.001 1.222 0.001
нужны 0.001 0.745 0.001
вечерняя 0.001 0.066 0.0
это 0.013 0.066 0.001
госпитализировать 0.001 1.523 0.002
петербурге 0.001 1.222 0.001
пандемии 0.004 0.658 0.003
поддержки 0.004 0.066 0.0
тяжелого 0.001 0.921 0.001
курс 0.001 1.155 0.001
историю 0.003 0.721 0.002
помощь 0.003 0.097 0.0
читателей 0.001 0.658 0.001
переносят 0.001 1.523 0.002
тримбл 0.001 2.0 0.002
стал 0.001 0.658 0.001
писать 0.001 1.155 0.001
дня 0.001 0.523 0.001
животных 0.001 0.854 0.001
бедностивот 0.001 2.0 0.002
ответ 0.001 0.602 0.001
июль 0.003 1.699 0.005
бесплатнорассказываем 0.001 2.0 0.002
инклюзивные 0.001 2.0 0.002
снизить 0.001 1.301 0.001
работа 0.003 0.886 0.003
май 0.001 1.699 0.002
пишите 0.001 2.0 0.002
общем 0.001 1.097 0.001
пытаются 0.001 0.745 0.001
сафонова 0.001 1.699 0.002
исследование 0.001 0.658 0.001
некоторые 0.001 0.469 0.0
лучшим 0.001 1.699 0.002
чужого 0.001 2.0 0.002
android 0.001 0.066 0.0
ежегодно 0.001 1.523 0.002
english 0.001 0.06 0.0
учет 0.001 1.699 0.002
самое 0.001 0.638 0.001
инвалидностью 0.003 2.0 0.006
войн 0.003 1.523 0.005
хорошая 0.001 0.886 0.001
пропадают 0.001 1.699 0.002
марта 0.001 0.319 0.0
вокруг 0.001 0.721 0.001
программа 0.001 1.523 0.002
людям 0.006 0.678 0.004
подростки 0.001 1.699 0.002
города 0.001 0.638 0.001
льва 0.001 1.699 0.002
законодательство 0.001 1.523 0.002
можете 0.001 0.699 0.001
зверей 0.001 2.0 0.002
врачей 0.001 0.745 0.001
изучили 0.001 1.523 0.002
всем 0.001 0.252 0.0
медленноекак 0.001 2.0 0.002
легче 0.001 1.0 0.001
лучшей 0.001 1.523 0.002
обманутьполтора 0.001 2.0 0.002
оно 0.001 0.444 0.0
требования 0.001 0.066 0.0
связаться 0.001 0.066 0.0
москве 0.001 0.745 0.001
июнь 0.003 1.523 0.005
складыватькак 0.001 2.0 0.002
объясняют 0.001 1.301 0.001
тех 0.001 0.26 0.0
февраль 0.003 1.699 0.005
регулярные 0.001 1.699 0.002
россиян 0.001 0.62 0.001
ярость 0.001 2.0 0.002
боли 0.001 1.0 0.001
чувствуют 0.001 1.301 0.001
графиках 0.001 2.0 0.002
продолжают 0.001 1.097 0.001
больницы 0.001 0.77 0.001
увеличится 0.001 2.0 0.002
почему 0.003 0.337 0.001
риски 0.001 0.77 0.001
медузе 0.003 0.066 0.0
человеку 0.001 1.0 0.001
репортаж 0.001 0.699 0.001
facebook 0.001 0.0 0.0
медузу 0.001 0.066 0.0
родители 0.001 1.097 0.001
обработки 0.001 0.066 0.0
станет 0.001 0.678 0.001
похудеть 0.001 1.699 0.002
знаем 0.001 0.585 0.001
живут 0.004 0.886 0.004
помощью 0.001 0.538 0.001
любишь 0.001 2.0 0.002
главное 0.001 0.658 0.001
большинстве 0.001 1.0 0.001
реально 0.001 0.959 0.001
лекарств 0.001 0.824 0.001
оказывается 0.001 0.886 0.001
бездомную 0.001 2.0 0.002
спасибоgiphyза 0.001 0.066 0.0
показывать 0.001 0.066 0.0
бифида 0.006 2.0 0.012
потеряли 0.001 1.301 0.001
жить 0.003 0.824 0.002
twitter 0.001 0.0 0.0
раньше 0.001 0.432 0.0
любви 0.001 1.0 0.001
улице 0.001 0.886 0.001
дефект 0.001 2.0 0.002
всему 0.001 0.699 0.001
кошку 0.001 1.699 0.002
мечтаешь 0.001 2.0 0.002
платформы 0.003 0.066 0.0
болеют 0.001 1.222 0.001
орбите 0.001 1.699 0.002
особыми 0.001 2.0 0.002
каждого 0.001 0.678 0.001
годрассказываем 0.001 2.0 0.002
зеркале 0.001 2.0 0.002
первая 0.001 0.77 0.001
персональные 0.001 0.066 0.0
такое 0.001 0.347 0.0
муковисцидозом 0.001 2.0 0.002
думаете 0.001 1.301 0.001
которые 0.004 0.119 0.0
отчасти 0.001 1.398 0.001
животному 0.001 1.699 0.002
meduza 0.003 0.0 0.0
кого 0.001 0.509 0.001
одна 0.001 0.42 0.0
психиатрической 0.001 2.0 0.002
месяцам 0.001 2.0 0.002
появилось 0.001 0.854 0.001
согласия 0.001 1.301 0.001
ожидании 0.001 1.699 0.002
близкий 0.003 1.222 0.004
программу 0.001 1.155 0.001
кристина 0.001 1.523 0.002
диких 0.001 2.0 0.002
талантливых 0.001 1.699 0.002
год 0.014 0.409 0.006
знать 0.001 0.824 0.001
органов 0.001 1.222 0.001
опыт 0.001 0.886 0.001
северном 0.001 2.0 0.002
человекакак 0.001 2.0 0.002
позволяют 0.001 0.886 0.001
пяти 0.001 0.959 0.001
отчаяться 0.001 2.0 0.002
дать 0.001 0.854 0.001
школу 0.001 1.097 0.001
антидепрессантами 0.001 2.0 0.002
декабря 0.001 0.824 0.001
невыносим 0.001 2.0 0.002
думаешь 0.001 1.523 0.002
реклама 0.003 0.066 0.0
делать 0.003 0.276 0.001
из-за 0.003 0.229 0.001
коммуналке 0.001 2.0 0.002
встречается 0.001 1.301 0.001
сложа 0.001 2.0 0.002
овощ 0.001 2.0 0.002
пациента 0.001 1.097 0.001
