издательство 0.001 1.699 0.002
бога 0.001 1.523 0.002
рассыпал 0.001 2.0 0.002
редакции 0.001 0.066 0.0
самолечение 0.001 2.0 0.002
противников 0.003 1.301 0.004
прививок 0.003 0.824 0.002
баннерам 0.001 0.066 0.0
подчеркивал 0.001 2.0 0.002
заблокирована 0.001 0.824 0.001
накапливают 0.001 1.699 0.002
содержанием 0.001 2.0 0.002
россии 0.005 0.119 0.001
действительно 0.001 0.377 0.0
ником 0.002 1.699 0.003
елену 0.001 1.699 0.002
распространяет 0.001 1.398 0.001
сторонники 0.001 1.222 0.001
помогает 0.001 0.77 0.001
разразившегося 0.001 2.0 0.002
создателем 0.001 2.0 0.002
выяснили 0.001 1.301 0.001
посвящать 0.001 2.0 0.002
гифки 0.001 0.066 0.0
амантонио 0.013 1.699 0.022
вышла 0.001 0.959 0.001
агента 0.001 0.097 0.0
постов 0.001 1.523 0.002
годов 0.001 1.0 0.001
аудиторию 0.001 1.398 0.001
людей 0.001 0.161 0.0
работал 0.001 1.046 0.001
говорит 0.002 0.409 0.001
владимира 0.001 0.959 0.001
вышел 0.001 1.0 0.001
кроме 0.001 0.387 0.0
пропаганда 0.001 1.046 0.001
предложила 0.001 1.699 0.002
ковиде 0.001 1.155 0.001
желанием 0.001 1.699 0.002
врачом 0.001 1.301 0.001
пыталась 0.001 1.097 0.001
тысячи 0.001 0.721 0.001
in 0.001 0.0 0.0
работниках 0.001 2.0 0.002
сферы 0.001 2.0 0.002
объявления 0.001 1.699 0.002
устранение 0.001 2.0 0.002
философской 0.001 2.0 0.002
настолько 0.001 0.886 0.001
утверждалось 0.001 1.699 0.002
печатали 0.001 2.0 0.002
давала 0.001 1.699 0.002
известный 0.001 1.097 0.001
территории 0.001 0.796 0.001
жж 0.002 2.0 0.004
сайтах 0.001 1.523 0.002
доменом 0.001 2.0 0.002
задолго 0.001 1.523 0.002
правда 0.001 0.509 0.001
разоблачительные 0.001 2.0 0.002
который 0.002 0.194 0.0
ввели 0.001 1.0 0.001
мигрени 0.001 2.0 0.002
тель-авивском 0.001 2.0 0.002
критически 0.001 1.301 0.001
анонимно 0.001 0.066 0.0
потенциальных 0.001 1.523 0.002
израильских 0.001 1.523 0.002
анастасийцами 0.001 2.0 0.002
второй 0.001 0.42 0.0
факты 0.001 1.398 0.001
медицинскую 0.001 1.699 0.002
книг 0.001 1.222 0.001
просто 0.001 0.194 0.0
серии 0.001 1.301 0.001
напомним 0.001 1.155 0.001
вагинальная 0.001 2.0 0.002
ваша 0.002 0.102 0.0
аккаунт 0.001 1.523 0.002
рассказывать 0.001 1.398 0.001
прививку 0.001 0.77 0.001
утверждается 0.001 1.155 0.001
некотором 0.001 1.699 0.002
запись 0.001 1.301 0.001
итальянского 0.001 1.699 0.002
вышло 0.001 1.155 0.001
поводом 0.001 1.398 0.001
диалогах 0.001 2.0 0.002
инстаграме 0.001 1.222 0.001
московской 0.001 1.398 0.001
труднее 0.001 0.721 0.001
убежденным 0.001 2.0 0.002
мегре 0.001 2.0 0.002
хокинг 0.001 2.0 0.002
читателейнам 0.001 0.174 0.0
куки 0.001 0.066 0.0
2022-го 0.001 1.699 0.002
скрывать 0.001 1.699 0.002
объявило 0.001 1.398 0.001
публично 0.001 1.046 0.001
опубликованы 0.001 1.0 0.001
древней 0.001 1.699 0.002
недавно 0.001 0.62 0.001
вскоре 0.001 1.0 0.001
используют 0.001 0.921 0.001
опубликовав 0.001 2.0 0.002
использование 0.001 0.066 0.0
антипрививочниками 0.001 1.699 0.002
помогала 0.001 1.523 0.002
книгу 0.001 1.398 0.001
две 0.001 0.553 0.001
десятка 0.001 1.523 0.002
помощи 0.001 0.77 0.001
иврита 0.001 2.0 0.002
кажется 0.001 0.469 0.0
порядку 0.001 0.066 0.0
семейным 0.001 2.0 0.002
уроженка 0.001 2.0 0.002
дальше 0.001 0.523 0.001
публикацию 0.001 1.301 0.001
удавалось 0.001 1.155 0.001
эффективную 0.001 1.523 0.002
подписчиков 0.002 1.398 0.003
года 0.008 0.167 0.001
всеволода 0.001 2.0 0.002
отшельницу 0.001 2.0 0.002
понимает 0.001 1.155 0.001
сибирский 0.001 2.0 0.002
остановить 0.001 0.638 0.001
почитать 0.001 1.699 0.002
en 0.001 0.066 0.0
попадаться 0.001 2.0 0.002
открытых 0.001 1.222 0.001
работает 0.001 0.367 0.0
процесс 0.001 0.921 0.001
инстаграм-блогер 0.001 2.0 0.002
сектантов 0.001 2.0 0.002
часов 0.001 0.678 0.001
social 0.001 0.959 0.001
воинственно-апокалиптическая 0.001 2.0 0.002
расследование 0.001 1.301 0.001
разоблачению 0.001 2.0 0.002
одним 0.001 0.569 0.001
личность 0.001 1.398 0.001
пациентов 0.001 0.796 0.001
другого 0.001 0.824 0.001
предложил 0.001 1.155 0.001
социального 0.001 1.301 0.001
предлагает 0.001 0.959 0.001
вакцине 0.001 0.886 0.001
аккаунты 0.001 2.0 0.002
распространено 0.001 0.102 0.0
разобраться 0.001 1.523 0.002
языками 0.001 2.0 0.002
анастасию 0.001 1.699 0.002
вступил 0.001 2.0 0.002
устроено 0.001 1.0 0.001
детского 0.001 1.699 0.002
вернувшись 0.001 1.699 0.002
затем 0.001 0.678 0.001
ios 0.001 0.066 0.0
науки 0.001 1.699 0.002
человека 0.001 0.328 0.0
переводчиков 0.001 2.0 0.002
интернет-доменом 0.001 2.0 0.002
советы 0.001 1.398 0.001
ряда 0.001 1.301 0.001
несколько 0.001 0.201 0.0
прямо 0.002 0.357 0.001
причина 0.001 0.959 0.001
рекомендуем 0.001 1.523 0.002
корнилову 0.001 2.0 0.002
вместо 0.001 0.77 0.001
расследования 0.001 1.155 0.001
деградации 0.001 1.699 0.002
опубликовал 0.001 1.222 0.001
некачественной 0.001 2.0 0.002
мудрость 0.001 1.699 0.002
всеми 0.001 0.824 0.001
подтвердить 0.001 1.097 0.001
лицензию 0.001 1.301 0.001
филиала 0.001 2.0 0.002
некачественную 0.001 2.0 0.002
могут 0.001 0.187 0.0
деанонимизировали 0.001 2.0 0.002
годах 0.001 1.155 0.001
популярной 0.001 2.0 0.002
своего 0.001 0.721 0.001
получил 0.001 0.959 0.001
сока 0.001 2.0 0.002
сопровождались 0.001 1.523 0.002
недоверие 0.002 1.699 0.003
приписываемых 0.001 2.0 0.002
лица 0.001 0.824 0.001
прослойку 0.001 2.0 0.002
раза 0.001 0.602 0.001
настоящую 0.001 1.523 0.002
владимир 0.002 0.62 0.001
групповой 0.001 1.699 0.002
эпиграфами 0.001 2.0 0.002
фактами 0.001 2.0 0.002
довольно 0.001 0.523 0.001
ссылкам 0.001 2.0 0.002
проснувшись 0.001 2.0 0.002
коронавирус 0.001 0.854 0.001
писал 0.002 1.046 0.002
коронавируса 0.001 0.509 0.001
обложке 0.001 2.0 0.002
раздувала 0.001 2.0 0.002
пока 0.001 0.208 0.0
стивен 0.001 1.398 0.001
amantonio 0.009 2.0 0.018
угроз 0.001 1.398 0.001
найти 0.001 0.602 0.001
работать 0.001 0.409 0.0
автор 0.004 1.0 0.004
пересадкой 0.001 2.0 0.002
критическим 0.001 2.0 0.002
сих 0.001 0.481 0.0
задавать 0.001 1.523 0.002
издательстве 0.001 2.0 0.002
комментарии 0.001 1.523 0.002
вообще 0.002 0.066 0.0
елена 0.001 1.0 0.001
кедры 0.001 2.0 0.002
возрастом 0.001 1.523 0.002
медузой 0.001 0.921 0.001
научную 0.001 1.523 0.002
имбецилами 0.001 1.398 0.001
скриншотами 0.001 2.0 0.002
природные 0.001 1.699 0.002
дни 0.001 0.721 0.001
объясняет 0.001 0.658 0.001
поговорили 0.001 1.155 0.001
нового 0.001 0.638 0.001
сады 0.001 1.523 0.002
blade 0.001 2.0 0.002
щедро 0.001 1.699 0.002
начале 0.001 0.602 0.001
истории 0.001 0.337 0.0
реальности 0.001 0.921 0.001
студенты 0.001 1.523 0.002
бизнес-образование 0.001 2.0 0.002
секты 0.001 1.699 0.002
жесткие 0.001 1.222 0.001
в. 0.001 1.523 0.002
момо 0.001 2.0 0.002
первого 0.001 0.658 0.001
тысячам 0.001 1.699 0.002
пандемия 0.001 1.097 0.001
своем 0.002 0.745 0.001
роскомнадзором 0.001 2.0 0.002
полтора 0.001 1.398 0.001
упоминал 0.001 2.0 0.002
появилась 0.001 0.886 0.001
нашли 0.001 0.066 0.0
выключенной 0.001 2.0 0.002
связи 0.001 0.0 0.0
литературу 0.001 1.523 0.002
реинкарнацией 0.001 2.0 0.002
университете 0.001 1.155 0.001
принимая 0.001 2.0 0.002
мышлением 0.001 2.0 0.002
чат 0.001 2.0 0.002
медуза 0.004 0.066 0.0
одного 0.001 0.432 0.0
цитата 0.001 1.301 0.001
подделка 0.001 2.0 0.002
активное 0.001 2.0 0.002
израиля 0.003 1.222 0.004
взглядах 0.001 1.699 0.002
кала 0.001 2.0 0.002
переписки 0.001 1.398 0.001
указанные 0.001 2.0 0.002
нам 0.002 0.086 0.0
освещение 0.001 1.699 0.002
помочь 0.001 0.131 0.0
жены 0.001 1.301 0.001
этому 0.001 0.432 0.0
уточнило 0.001 2.0 0.002
мало 0.001 0.538 0.001
прививочный 0.001 2.0 0.002
советует 0.001 1.301 0.001
популярности 0.001 1.398 0.001
продолжаем 0.001 0.699 0.001
дуэт 0.001 2.0 0.002
причины 0.001 1.046 0.001
юридическим 0.001 0.102 0.0
максимально 0.001 0.721 0.001
лечению 0.001 1.398 0.001
оказалась 0.001 0.796 0.001
технион 0.001 2.0 0.002
желающим 0.001 1.523 0.002
улановского 0.001 2.0 0.002
материалам 0.001 0.066 0.0
срочно 0.001 0.167 0.0
частью 0.001 1.301 0.001
псевдоним 0.001 2.0 0.002
мышечной 0.001 1.699 0.002
замалчивает 0.001 2.0 0.002
вода 0.001 1.222 0.001
жидкость 0.001 1.699 0.002
правым 0.001 2.0 0.002
ограничения 0.001 0.745 0.001
несмотря 0.001 0.456 0.0
переработанный 0.001 2.0 0.002
семь 0.001 0.796 0.001
картину 0.001 1.0 0.001
принес 0.001 1.523 0.002
жену 0.001 1.523 0.002
красивой 0.001 2.0 0.002
единственный 0.001 0.824 0.001
смелых 0.001 2.0 0.002
стали 0.001 0.42 0.0
образования 0.001 1.301 0.001
мировых 0.001 1.301 0.001
самых 0.001 0.62 0.001
трансплантацией 0.001 2.0 0.002
сергей 0.001 0.886 0.001
тиражом 0.001 1.699 0.002
якобы 0.001 0.854 0.001
личных 0.001 1.222 0.001
полезную 0.001 2.0 0.002
буки 0.001 2.0 0.002
иностранным 0.001 0.097 0.0
белом 0.001 2.0 0.002
ведоруссов 0.001 2.0 0.002
пике 0.001 1.398 0.001
нужно 0.001 0.237 0.0
ruzana 0.001 2.0 0.002
расследовании 0.003 2.0 0.006
главный 0.001 0.638 0.001
организации 0.001 0.658 0.001
например 0.003 0.229 0.001
спонсировать 0.001 2.0 0.002
проблемных 0.001 2.0 0.002
порнографического 0.001 2.0 0.002
заметки 0.001 1.523 0.002
своих 0.004 0.398 0.002
ганей 0.001 2.0 0.002
свои 0.001 0.481 0.0
сми 0.001 0.602 0.001
простая 0.001 1.301 0.001
несовершеннолетних 0.001 2.0 0.002
семейный 0.001 2.0 0.002
маленкович 0.003 2.0 0.006
жизни 0.001 0.432 0.0
материале 0.001 1.155 0.001
живом 0.001 1.523 0.002
корнилова 0.001 2.0 0.002
ctrl+enter 0.001 0.066 0.0
фронт 0.001 1.398 0.001
соавторов 0.001 2.0 0.002
февраля 0.001 0.387 0.0
смогла 0.001 1.155 0.001
безопасно 0.001 0.066 0.0
новостиисторииразборшапитокоронавирусмагаз 0.001 0.066 0.0
пообщаться 0.001 2.0 0.002
переезда 0.001 1.699 0.002
современной 0.001 1.523 0.002
превратился 0.001 1.523 0.002
зарегистрированы 0.001 1.097 0.001
linkedin 0.001 2.0 0.002
переводе 0.001 1.699 0.002
экземпляров 0.001 2.0 0.002
поддадутся 0.001 2.0 0.002
привлечении 0.001 2.0 0.002
youtube 0.001 0.06 0.0
60-х 0.001 1.699 0.002
книга 0.001 1.523 0.002
либо 0.003 0.569 0.002
кедров 0.001 2.0 0.002
популяризаторы 0.001 2.0 0.002
создано 0.001 0.097 0.0
космоса 0.001 1.699 0.002
жизнь 0.001 0.538 0.001
здравоохранения 0.001 0.658 0.001
телеграме 0.001 1.222 0.001
контексте 0.001 1.222 0.001
катастрофа 0.001 1.398 0.001
анатолий 0.002 1.523 0.003
подсчетам 0.001 1.523 0.002
которая 0.002 0.301 0.001
анонимность 0.001 1.301 0.001
занималась 0.001 1.301 0.001
моледет 0.001 2.0 0.002
забанил 0.001 2.0 0.002
поддержите 0.001 0.102 0.0
избежать 0.001 1.046 0.001
пользователей 0.001 1.301 0.001
пользователя 0.001 1.523 0.002
прибивками 0.001 2.0 0.002
украины 0.001 0.569 0.001
которого 0.001 0.585 0.001
владел 0.001 2.0 0.002
писатель 0.001 1.699 0.002
анонимный 0.001 1.699 0.002
появлялись 0.001 1.301 0.001
любые 0.001 0.854 0.001
автору 0.001 2.0 0.002
поэтому 0.001 0.328 0.0
терпеть 0.001 1.523 0.002
постах 0.001 2.0 0.002
средством 0.001 0.102 0.0
поклонников 0.001 2.0 0.002
выполняющим 0.001 0.097 0.0
медицинские 0.002 0.796 0.002
лекарствами 0.001 1.398 0.001
возможно 0.001 0.398 0.0
позитивно 0.001 1.523 0.002
пользователь 0.001 1.699 0.002
готов 0.001 0.921 0.001
аст 0.001 2.0 0.002
алексей 0.001 0.886 0.001
рудашевского 0.001 2.0 0.002
году 0.001 0.367 0.0
ошибку 0.001 0.066 0.0
звенящие 0.001 2.0 0.002
сборник 0.001 2.0 0.002
шоке 0.001 1.523 0.002
материалы 0.001 0.824 0.001
участия 0.001 1.222 0.001
заблокированы 0.001 1.301 0.001
ради 0.001 1.046 0.001
лет 0.001 0.252 0.0
специалист 0.001 1.301 0.001
сервиса 0.001 1.398 0.001
экспертами 0.001 1.398 0.001
детской 0.001 1.222 0.001
привиты 0.001 1.398 0.001
живущих 0.001 2.0 0.002
дохода 0.001 1.398 0.001
своему 0.001 1.523 0.002
прививки 0.001 0.638 0.001
создает 0.001 1.222 0.001
жена 0.001 1.398 0.001
указан 0.001 1.699 0.002
месяц 0.001 0.745 0.001
полугодовалому 0.001 2.0 0.002
творческий 0.001 2.0 0.002
социализма 0.001 1.523 0.002
разоблачил 0.001 2.0 0.002
книге 0.001 1.398 0.001
тиража 0.001 2.0 0.002
своей 0.001 0.42 0.0
разбавлял 0.001 2.0 0.002
улановскому 0.001 2.0 0.002
феврале 0.001 1.097 0.001
занимался 0.001 1.523 0.002
2010-х 0.001 1.699 0.002
данные 0.001 0.066 0.0
заболевший 0.001 1.398 0.001
критиковал 0.001 2.0 0.002
кори 0.001 1.523 0.002
анастасийцы 0.001 2.0 0.002
объявили 0.001 0.921 0.001
справится 0.001 2.0 0.002
удалил 0.001 2.0 0.002
пропаганды 0.001 1.0 0.001
веру 0.001 2.0 0.002
научный 0.001 0.959 0.001
использовал 0.001 1.699 0.002
помочьхочу 0.001 0.886 0.001
противником 0.001 2.0 0.002
объясняя 0.001 1.301 0.001
канала 0.001 0.959 0.001
сообщениях 0.001 1.523 0.002
деле 0.002 0.553 0.001
размышления 0.001 2.0 0.002
развитым 0.001 2.0 0.002
знаменитость 0.001 2.0 0.002
общественном 0.001 1.523 0.002
данным 0.001 0.444 0.0
манипулирует 0.001 2.0 0.002
доход 0.001 1.398 0.001
впал 0.001 2.0 0.002
нажмите 0.001 0.066 0.0
получила 0.001 1.301 0.001
площадкой 0.001 1.398 0.001
раскрывать 0.001 1.523 0.002
номера 0.001 2.0 0.002
сотнями 0.001 1.523 0.002
анастасией 0.001 2.0 0.002
российский 0.001 0.638 0.001
талантов 0.001 2.0 0.002
rt 0.001 0.824 0.001
нормальной 0.001 1.097 0.001
посты 0.001 1.301 0.001
других 0.001 0.26 0.0
числе 0.002 0.31 0.001
medium 0.001 2.0 0.002
сообщения 0.001 1.097 0.001
западе 0.003 0.959 0.003
иностранного 0.001 0.102 0.0
человек 0.005 0.215 0.001
материал 0.001 0.086 0.0
темы 0.001 1.301 0.001
агрессивнее 0.001 1.523 0.002
голосом 0.001 1.699 0.002
мной 0.001 1.155 0.001
подробности 0.001 1.155 0.001
болеет 0.001 1.523 0.002
педиатр 0.001 2.0 0.002
родины 0.001 1.699 0.002
месяца 0.001 0.745 0.001
газеты 0.001 1.398 0.001
тал 0.001 2.0 0.002
начинался 0.001 1.699 0.002
нижнего 0.001 2.0 0.002
скайп 0.001 2.0 0.002
соответствующую 0.001 1.523 0.002
новый 0.001 0.658 0.001
– 0.001 0.06 0.0
разнообразные 0.001 2.0 0.002
время 0.001 0.102 0.0
оруэллу 0.001 2.0 0.002
ковида 0.002 0.444 0.001
публикации 0.001 0.886 0.001
воинствующим 0.001 2.0 0.002
фразой 0.001 2.0 0.002
илани 0.001 2.0 0.002
мифы 0.001 2.0 0.002
стала 0.001 0.569 0.001
анализ 0.001 0.921 0.001
нами 0.001 0.066 0.0
хотят 0.001 0.745 0.001
российская 0.001 0.658 0.001
смертельно 0.001 2.0 0.002
дает 0.001 0.796 0.001
бутрий 0.001 2.0 0.002
находимся 0.001 1.398 0.001
выглядит 0.001 0.62 0.001
блокировки 0.001 1.398 0.001
сотен 0.001 1.222 0.001
техническое 0.001 2.0 0.002
второго 0.001 1.0 0.001
стоит 0.001 0.509 0.001
конце 0.001 0.745 0.001
действуют 0.001 1.523 0.002
делится 0.001 1.523 0.002
длинный 0.001 1.398 0.001
противника 0.001 1.523 0.002
отличия 0.001 1.222 0.001
рекламаmeduza 0.001 0.066 0.0
открытую 0.001 1.699 0.002
настоящим 0.001 1.699 0.002
подробностями 0.001 1.699 0.002
уроженец 0.001 2.0 0.002
вернуться 0.001 0.921 0.001
беседе 0.001 1.699 0.002
пользователи 0.001 1.398 0.001
представляло 0.001 2.0 0.002
единомышленниками 0.001 2.0 0.002
ветрянки 0.001 1.699 0.002
лицом 0.001 0.102 0.0
обезьяны 0.001 2.0 0.002
обязательно 0.001 0.959 0.001
заказа 0.001 1.699 0.002
отношение 0.001 1.0 0.001
испанского 0.001 2.0 0.002
функции 0.001 0.097 0.0
журналист 0.001 1.0 0.001
ответить 0.001 0.886 0.001
тысяч 0.006 0.337 0.002
воздействуют 0.001 2.0 0.002
природой 0.001 2.0 0.002
борьбе 0.001 0.796 0.001
подписано 0.001 1.699 0.002
выяснила 0.001 1.097 0.001
медиа 0.001 1.301 0.001
отказа 0.001 1.097 0.001
решения 0.001 0.638 0.001
никакого 0.001 0.824 0.001
пола 0.001 1.398 0.001
подменили 0.001 2.0 0.002
канал 0.001 1.097 0.001
вернулся 0.001 1.699 0.002
комиссия 0.001 1.523 0.002
эксперимента 0.001 1.398 0.001
пишут 0.001 0.77 0.001
платформе 0.001 1.398 0.001
выбор 0.001 1.097 0.001
вопросов 0.001 1.046 0.001
издание 0.001 0.721 0.001
назад 0.001 0.18 0.0
представляется 0.001 1.523 0.002
снова 0.001 0.678 0.001
противник 0.001 1.699 0.002
„ 0.002 0.62 0.001
принципе 0.001 0.796 0.001
безопасности 0.001 0.481 0.0
фекальной 0.001 2.0 0.002
агрессивно 0.001 1.398 0.001
израильские 0.001 2.0 0.002
утверждал 0.001 1.523 0.002
перевело 0.001 2.0 0.002
перейти 0.001 0.066 0.0
израиле 0.001 1.301 0.001
девушкам 0.001 2.0 0.002
поддержать 0.001 0.066 0.0
лайфхаками 0.001 2.0 0.002
источник 0.001 0.174 0.0
пишет 0.001 0.824 0.001
2000-х 0.001 1.523 0.002
пришел 0.001 1.222 0.001
степень 0.001 1.046 0.001
справедливого 0.001 2.0 0.002
прививать 0.001 1.0 0.001
хозяин 0.001 1.699 0.002
стране 0.002 0.523 0.001
воспринимают 0.001 1.699 0.002
ответа 0.001 0.886 0.001
война 0.001 0.469 0.0
кодекс 0.001 0.066 0.0
постом 0.001 1.523 0.002
вел 0.001 1.699 0.002
французского 0.001 1.398 0.001
“ 0.002 0.432 0.001
хочу 0.001 0.137 0.0
кому 0.001 0.824 0.001
также 0.001 0.237 0.0
михаэля 0.001 2.0 0.002
безусловный 0.001 1.699 0.002
сомневающихся 0.001 1.699 0.002
рассказывает 0.001 0.569 0.001
становилась 0.001 2.0 0.002
основной 0.001 1.046 0.001
выступили 0.001 1.301 0.001
соцсети 0.001 1.398 0.001
качестве 0.001 0.678 0.001
способ 0.001 0.921 0.001
обязаны 0.001 1.398 0.001
статьи 0.001 0.854 0.001
кампанию 0.001 1.222 0.001
продажи 0.001 1.523 0.002
работу 0.001 0.658 0.001
улановский 0.004 2.0 0.008
опасные 0.001 1.699 0.002
описанные 0.001 1.523 0.002
потерянном 0.001 2.0 0.002
люди 0.002 0.276 0.001
решил 0.001 0.959 0.001
цитат 0.001 2.0 0.002
данное 0.001 0.097 0.0
противоречащим 0.001 2.0 0.002
прим 0.001 1.301 0.001
идеи 0.001 1.155 0.001
сотни 0.001 1.0 0.001
средстве 0.001 2.0 0.002
главной 0.001 1.398 0.001
авторов 0.001 1.046 0.001
башкиров 0.001 1.699 0.002
пропагандирует 0.001 1.301 0.001
энде 0.001 2.0 0.002
общества 0.001 0.824 0.001
зрелищных 0.001 2.0 0.002
подробно 0.001 0.921 0.001
критики 0.001 1.301 0.001
инстаграм-блогера 0.001 2.0 0.002
пор 0.001 0.387 0.0
альтернативные 0.001 1.699 0.002
поста 0.001 1.523 0.002
остались 0.001 0.921 0.001
большие 0.001 0.796 0.001
правила 0.001 0.066 0.0
обертке 0.001 2.0 0.002
блога 0.001 1.301 0.001
предлагал 0.001 1.523 0.002
медузы 0.003 0.268 0.001
вакцинации 0.007 0.553 0.004
использовать 0.001 0.585 0.001
резко 0.001 0.854 0.001
вконтакте 0.001 0.066 0.0
прививками 0.001 1.301 0.001
альтернативных 0.001 1.301 0.001
верят 0.001 1.155 0.001
келаскина 0.001 2.0 0.002
живет 0.001 0.854 0.001
могу 0.001 0.658 0.001
live 0.001 0.022 0.0
1980-х 0.001 1.699 0.002
комментариями 0.001 1.699 0.002
подтвердили 0.001 1.523 0.002
часто 0.001 0.456 0.0
блог 0.001 0.066 0.0
детей 0.001 0.523 0.001
лекарства 0.001 0.854 0.001
инстаграм 0.001 0.066 0.0
© 0.001 0.0 0.0
информационной 0.001 1.222 0.001
вопросы 0.001 0.481 0.0
выделите 0.001 0.066 0.0
сторис 0.001 2.0 0.002
власти 0.001 0.387 0.0
получить 0.001 0.553 0.001
спал 0.001 2.0 0.002
нескольких 0.001 0.699 0.001
пандемию 0.001 1.155 0.001
ссылок 0.001 1.523 0.002
допускал 0.001 2.0 0.002
данных 0.001 0.481 0.0
практически 0.001 0.602 0.001
сила 0.001 1.155 0.001
пожертвовать 0.001 1.523 0.002
ею 0.001 1.0 0.001
врач 0.001 1.046 0.001
meduzacare 0.001 0.066 0.0
скандала 0.001 1.699 0.002
дипломы 0.001 2.0 0.002
сайте 0.001 0.886 0.001
против 0.001 0.229 0.0
результаты 0.001 0.62 0.001
скрывающихся 0.001 2.0 0.002
кнопка 0.001 0.066 0.0
публикация 0.001 1.222 0.001
снимает 0.001 1.699 0.002
семен 0.001 1.699 0.002
рассказывали 0.001 1.155 0.001
июню 0.001 1.699 0.002
веди 0.001 2.0 0.002
вечерняя 0.001 0.066 0.0
умер 0.002 1.046 0.002
характера 0.001 2.0 0.002
это 0.009 0.066 0.001
еду 0.001 0.886 0.001
черным 0.001 1.523 0.002
пандемии 0.001 0.658 0.001
готовы 0.001 0.678 0.001
аутоиммунные 0.001 1.523 0.002
поддержки 0.001 0.066 0.0
петр 0.001 1.699 0.002
общался 0.001 1.523 0.002
темой 0.001 1.699 0.002
подумаешь 0.001 2.0 0.002
изображениями 0.001 2.0 0.002
помощь 0.001 0.097 0.0
израиль 0.002 1.097 0.002
начал 0.001 0.796 0.001
рузаны 0.001 2.0 0.002
выпуск 0.001 1.301 0.001
называют 0.003 0.699 0.002
нападок 0.001 2.0 0.002
читателей 0.001 0.658 0.001
тираж 0.002 1.699 0.003
тему 0.001 0.959 0.001
стал 0.004 0.658 0.003
конспирологические 0.001 1.699 0.002
идеальном 0.001 2.0 0.002
работаем 0.001 0.161 0.0
автора 0.001 1.398 0.001
двух 0.001 0.377 0.0
порнографическими 0.001 2.0 0.002
войны 0.001 0.42 0.0
расследователи 0.001 2.0 0.002
литературы 0.001 1.523 0.002
берут 0.001 1.046 0.001
притяжения 0.001 2.0 0.002
новой 0.001 0.585 0.001
антипрививочных 0.001 1.699 0.002
около 0.002 0.432 0.001
сентябре 0.001 1.398 0.001
минимум 0.001 0.796 0.001
секте 0.001 2.0 0.002
независимое 0.001 0.721 0.001
гепатита 0.001 1.699 0.002
капиталистом 0.001 2.0 0.002
медом 0.001 2.0 0.002
котором 0.001 0.495 0.0
исследование 0.001 0.658 0.001
24/7 0.001 0.102 0.0
вишневого 0.001 2.0 0.002
остановят 0.001 2.0 0.002
повествует 0.001 2.0 0.002
android 0.001 0.066 0.0
рупором 0.001 1.301 0.001
ставший 0.001 1.699 0.002
посвященный 0.001 1.523 0.002
english 0.001 0.06 0.0
допечатал 0.001 2.0 0.002
сан-диего 0.001 2.0 0.002
семей 0.001 1.699 0.002
камерой 0.001 2.0 0.002
пропагандируя 0.001 2.0 0.002
самое 0.001 0.638 0.001
научной 0.001 1.046 0.001
лексики 0.001 2.0 0.002
планеты 0.001 1.523 0.002
ресурсы 0.001 1.097 0.001
укол 0.001 1.398 0.001
отметить 0.001 1.097 0.001
толик 0.001 2.0 0.002
поддержка 0.001 0.167 0.0
нужна 0.002 0.092 0.0
активных 0.001 1.523 0.002
вакцинация 0.001 0.699 0.001
подарком 0.001 2.0 0.002
важна 0.001 1.155 0.001
работники 0.001 1.222 0.001
антинаучные 0.001 2.0 0.002
хаксли 0.001 2.0 0.002
прошла 0.001 1.097 0.001
носит 0.001 1.398 0.001
медицине 0.001 1.398 0.001
владеет 0.001 2.0 0.002
отозванную 0.001 2.0 0.002
утверждают 0.001 1.398 0.001
корреспондента 0.001 1.222 0.001
врачей 0.001 0.745 0.001
августе 0.001 1.0 0.001
всем 0.002 0.252 0.001
новгорода 0.001 1.699 0.002
полутора 0.001 1.523 0.002
требования 0.001 0.066 0.0
связаться 0.001 0.066 0.0
самом 0.002 0.481 0.001
ран 0.001 1.523 0.002
семейная 0.001 1.523 0.002
времени 0.001 0.523 0.001
вернется 0.001 1.523 0.002
происходит 0.001 0.387 0.0
последователей 0.001 2.0 0.002
осознав 0.001 2.0 0.002
звонки 0.001 1.398 0.001
по-настоящему 0.001 1.398 0.001
информации 0.001 0.102 0.0
долларов 0.001 1.155 0.001
келаскин 0.004 2.0 0.008
лечения 0.001 1.0 0.001
тех 0.001 0.26 0.0
типографии 0.001 2.0 0.002
активного 0.001 1.398 0.001
молодым 0.001 2.0 0.002
ребенку 0.001 1.222 0.001
ковидом 0.001 0.658 0.001
халате 0.001 2.0 0.002
медицинского 0.001 1.222 0.001
иврит 0.001 2.0 0.002
боли 0.001 1.0 0.001
медицинских 0.001 0.959 0.001
точкой 0.001 1.523 0.002
создать 0.001 1.046 0.001
языков 0.001 1.699 0.002
почему 0.001 0.337 0.0
знаю 0.001 0.721 0.001
января 0.001 1.0 0.001
нерабочие 0.001 1.523 0.002
издания 0.001 0.959 0.001
вредное 0.001 2.0 0.002
врачебном 0.001 2.0 0.002
энергию 0.001 2.0 0.002
привиться 0.001 0.796 0.001
журнале 0.001 0.921 0.001
проведя 0.001 2.0 0.002
самого 0.001 0.77 0.001
медузе 0.003 0.066 0.0
первый 0.001 0.481 0.0
витаминами 0.001 2.0 0.002
вагинальную 0.001 2.0 0.002
аудиторией 0.001 2.0 0.002
лечиться 0.001 1.699 0.002
методы 0.001 1.301 0.001
знает 0.001 0.854 0.001
сект 0.001 2.0 0.002
собой 0.001 0.62 0.001
убедительно 0.001 1.523 0.002
facebook 0.001 0.0 0.0
длинной 0.001 1.699 0.002
медузу 0.001 0.066 0.0
принимали 0.001 1.301 0.001
менее 0.001 0.432 0.0
книги 0.003 1.097 0.003
этим 0.001 0.337 0.0
знаменитый 0.001 1.699 0.002
станет 0.001 0.678 0.001
дискуссию 0.001 2.0 0.002
обработки 0.001 0.066 0.0
среде 0.001 1.699 0.002
допечатывать 0.001 2.0 0.002
анонсировало 0.001 1.699 0.002
блогера 0.001 2.0 0.002
успел 0.001 0.921 0.001
бадами 0.001 2.0 0.002
блогер 0.002 1.699 0.003
массовой 0.001 0.097 0.0
рузана 0.001 2.0 0.002
вроде 0.001 0.658 0.001
границы 0.001 1.301 0.001
русскоязычных 0.001 1.699 0.002
критериям 0.001 1.699 0.002
является 0.001 0.745 0.001
главное 0.001 0.658 0.001
небольшим 0.001 1.523 0.002
пойти 0.001 1.097 0.001
коллажем 0.001 2.0 0.002
воинственной 0.001 1.699 0.002
писателя 0.001 2.0 0.002
негативных 0.001 1.699 0.002
разговор 0.001 1.222 0.001
malenkovich 0.001 2.0 0.002
выражения 0.001 1.398 0.001
отрицателей 0.001 1.398 0.001
спасибоgiphyза 0.001 0.066 0.0
показывать 0.001 0.066 0.0
пара 0.002 1.301 0.003
бесконечной 0.001 1.523 0.002
середине 0.001 0.886 0.001
прививают 0.001 1.222 0.001
мировой 0.001 0.886 0.001
антибиотиков 0.001 2.0 0.002
мотивам 0.001 2.0 0.002
twitter 0.001 0.0 0.0
раньше 0.001 0.432 0.0
анатолию 0.001 1.699 0.002
болезни 0.001 0.62 0.001
инженером-схемотехником 0.001 2.0 0.002
пожалуйста 0.001 0.102 0.0
звенящих 0.001 2.0 0.002
достаточную 0.001 1.523 0.002
середины 0.001 1.398 0.001
мужа 0.001 1.699 0.002
водовозов 0.001 2.0 0.002
образование 0.001 1.155 0.001
эмоций 0.001 2.0 0.002
платформы 0.001 0.066 0.0
зато 0.001 0.886 0.001
деятельности 0.001 1.097 0.001
исполнителей 0.001 1.523 0.002
исследования 0.001 0.481 0.0
странице 0.001 1.301 0.001
вылечить 0.001 2.0 0.002
привила 0.001 2.0 0.002
старую 0.001 1.699 0.002
сначала 0.001 0.602 0.001
наукообразную 0.001 2.0 0.002
наука 0.001 1.523 0.002
секс 0.001 2.0 0.002
мероприятиях 0.001 2.0 0.002
созданием 0.001 1.523 0.002
первая 0.001 0.77 0.001
персональные 0.001 0.066 0.0
пост 0.004 0.796 0.003
такое 0.001 0.347 0.0
очень 0.001 0.149 0.0
пребывали 0.001 2.0 0.002
которые 0.003 0.119 0.0
наукообразной 0.001 2.0 0.002
многих 0.001 0.658 0.001
активно 0.001 0.77 0.001
имя 0.001 1.046 0.001
участие 0.001 0.959 0.001
крайнюю 0.001 2.0 0.002
meduza 0.002 0.0 0.0
пропаганде 0.001 1.222 0.001
имеющие 0.001 1.523 0.002
университетах 0.001 2.0 0.002
aman_tonio 0.001 2.0 0.002
лечить 0.001 1.301 0.001
клиники 0.001 1.222 0.001
качественной 0.001 2.0 0.002
увеличил 0.001 2.0 0.002
благодарил 0.001 2.0 0.002
закрыли 0.001 1.301 0.001
называет 0.001 1.046 0.001
расы 0.001 1.699 0.002
январе 0.001 1.222 0.001
немецкого 0.001 1.301 0.001
блоге 0.005 2.0 0.01
противопоставление 0.001 2.0 0.002
ведущие 0.001 1.097 0.001
профессию 0.001 2.0 0.002
опасный 0.001 1.523 0.002
рассказывают 0.001 0.959 0.001
зовут 0.001 1.699 0.002
рассвет 0.001 1.398 0.001
год 0.001 0.409 0.0
фоне 0.001 0.796 0.001
оффита 0.001 2.0 0.002
болезней 0.001 1.222 0.001
рекламную 0.001 2.0 0.002
свое 0.001 0.721 0.001
летом 0.001 1.097 0.001
общество 0.001 0.886 0.001
конструктивных 0.001 2.0 0.002
риторика 0.001 1.301 0.001
израильском 0.001 2.0 0.002
отговаривают 0.001 1.699 0.002
российским 0.001 0.092 0.0
одной 0.001 0.398 0.0
которых 0.001 0.237 0.0
деанонимизации 0.001 2.0 0.002
утверждает 0.001 1.0 0.001
тому 0.001 0.509 0.001
вакцинацию 0.001 0.824 0.001
русскоговорящих 0.001 2.0 0.002
супруги 0.001 2.0 0.002
согласии 0.001 2.0 0.002
анонсах 0.001 2.0 0.002
которым 0.001 0.658 0.001
цитаты 0.001 1.699 0.002
реклама 0.001 0.066 0.0
однако 0.001 0.337 0.0
устройстве 0.001 2.0 0.002
интересах 0.001 0.167 0.0
материалов 0.001 1.097 0.001
притчи-сказки 0.001 2.0 0.002
сша 0.001 0.469 0.0
появился 0.001 0.921 0.001
тмином 0.001 2.0 0.002
поделились 0.001 1.523 0.002
изучению 0.001 1.523 0.002
сообщение 0.001 0.102 0.0
методов 0.001 1.222 0.001
сделать 0.001 0.357 0.0
опровергнуть 0.001 2.0 0.002
