кухне 0.001 1.699 0.002
редакции 0.003 0.066 0.0
копилось 0.001 2.0 0.002
пацифистская 0.001 2.0 0.002
ждать 0.001 0.745 0.001
баннерам 0.001 0.066 0.0
страна 0.001 0.796 0.001
сама 0.001 0.658 0.001
каждая 0.001 1.398 0.001
россии 0.004 0.119 0.0
действительно 0.001 0.377 0.0
читать 0.001 0.854 0.001
гифки 0.001 0.066 0.0
вышла 0.001 0.959 0.001
агента 0.003 0.097 0.0
звонили 0.001 1.523 0.002
вернулась 0.001 1.398 0.001
смысла 0.001 0.699 0.001
другую 0.001 0.959 0.001
in 0.001 0.0 0.0
обсудила 0.001 2.0 0.002
днр 0.001 0.959 0.001
расположение 0.001 2.0 0.002
допрос 0.001 2.0 0.002
гашинский 0.001 2.0 0.002
пересказал 0.001 2.0 0.002
постепенно 0.003 1.222 0.004
верил 0.001 1.398 0.001
который 0.001 0.194 0.0
анонимно 0.001 0.066 0.0
подводку 0.001 1.699 0.002
коллегами 0.001 1.699 0.002
просто 0.003 0.194 0.001
андреевой 0.001 1.699 0.002
возраст 0.001 1.097 0.001
одессе 0.001 1.523 0.002
ваша 0.003 0.102 0.0
открыто 0.001 1.523 0.002
политиками 0.001 1.699 0.002
патриот 0.001 2.0 0.002
уголовного 0.001 1.523 0.002
мир 0.001 0.553 0.001
прочитать 0.001 0.959 0.001
интервью 0.006 0.745 0.004
режиссеры 0.001 2.0 0.002
беспокоюсь 0.001 2.0 0.002
пресс-секретарь 0.001 1.222 0.001
17-летнем 0.001 2.0 0.002
ярости 0.001 2.0 0.002
читателейнам 0.001 0.174 0.0
куки 0.001 0.066 0.0
начинаю 0.001 2.0 0.002
использование 0.001 0.066 0.0
спиной 0.001 1.699 0.002
произошло 0.001 0.796 0.001
остановите 0.003 1.301 0.004
старой 0.001 1.523 0.002
no 0.001 0.796 0.001
адвокат 0.001 2.0 0.002
порядку 0.001 0.066 0.0
тяжелое 0.001 1.097 0.001
детях 0.001 1.398 0.001
года 0.003 0.167 0.001
сыне 0.001 1.699 0.002
произойти 0.001 1.523 0.002
en 0.001 0.066 0.0
записала 0.001 1.155 0.001
радостно 0.001 1.699 0.002
идеей 0.001 1.699 0.002
понимают 0.006 1.097 0.007
russians 0.001 1.0 0.001
скрываюсь 0.003 1.398 0.004
будучи 0.001 1.398 0.001
реальность 0.001 1.523 0.002
распространено 0.001 0.102 0.0
другом 0.001 0.721 0.001
ios 0.001 0.066 0.0
затем 0.003 0.678 0.002
вздыхает 0.001 2.0 0.002
телевизору 0.001 1.222 0.001
кормить 0.001 1.699 0.002
несколько 0.001 0.201 0.0
останемся 0.001 2.0 0.002
отредактированы 0.001 2.0 0.002
больший 0.001 1.398 0.001
прямо 0.001 0.357 0.0
войну 0.006 0.638 0.004
пришли 0.001 0.921 0.001
подтвердить 0.001 1.097 0.001
восемь 0.001 1.0 0.001
эфира 0.001 1.699 0.002
могут 0.001 0.187 0.0
изменилась 0.001 1.097 0.001
своего 0.001 0.721 0.001
день 0.001 0.328 0.0
международными 0.001 1.301 0.001
упрекнул 0.001 1.699 0.002
полностью 0.001 0.538 0.001
довольно 0.001 0.523 0.001
огней 0.001 1.699 0.002
пока 0.004 0.208 0.001
поступка 0.001 2.0 0.002
одно 0.001 0.699 0.001
найти 0.001 0.602 0.001
которой 0.003 0.377 0.001
развернула 0.001 2.0 0.002
вообще 0.001 0.066 0.0
выходные 0.001 1.523 0.002
лишь 0.001 0.481 0.0
франции 0.003 1.0 0.003
ситуации 0.001 0.721 0.001
марины 0.003 1.523 0.005
истории 0.001 0.337 0.0
сказал 0.001 0.77 0.001
неужели 0.001 1.155 0.001
шока 0.001 1.699 0.002
подробный 0.001 1.301 0.001
первого 0.007 0.658 0.005
узнал 0.001 0.921 0.001
устроила 0.001 2.0 0.002
мама 0.001 1.0 0.001
уголовное 0.001 1.301 0.001
городе 0.001 0.678 0.001
появилась 0.001 0.886 0.001
положением 0.001 2.0 0.002
нашли 0.001 0.066 0.0
связи 0.003 0.0 0.0
вежливо 0.001 2.0 0.002
рублей 0.004 1.097 0.004
медуза 0.008 0.066 0.001
родилась 0.001 1.222 0.001
ленты 0.001 1.699 0.002
нам 0.001 0.086 0.0
суда 0.001 1.301 0.001
помочь 0.001 0.131 0.0
скорее 0.001 0.509 0.001
овсянникову 0.001 1.699 0.002
мало 0.001 0.538 0.001
продолжаем 0.001 0.699 0.001
журналу 0.004 1.398 0.006
превратилась 0.001 1.398 0.001
выносить 0.001 1.523 0.002
юридическим 0.001 0.102 0.0
акции 0.001 0.921 0.001
материалам 0.001 0.066 0.0
срочно 0.001 0.167 0.0
встать 0.001 1.699 0.002
изучила 0.001 1.699 0.002
шок 0.001 1.699 0.002
хотим 0.001 0.921 0.001
программы 0.001 1.046 0.001
навального 0.001 1.398 0.001
антивоенным 0.003 1.301 0.004
рассказала 0.001 1.222 0.001
суток 0.001 1.222 0.001
вещей 0.001 1.301 0.001
иностранным 0.001 0.097 0.0
лнр 0.001 1.0 0.001
сменам 0.001 2.0 0.002
например 0.001 0.229 0.0
своих 0.001 0.398 0.0
проверка 0.003 1.523 0.005
сми 0.001 0.602 0.001
свои 0.003 0.481 0.001
штраф 0.001 1.523 0.002
интересы 0.001 1.523 0.002
которое 0.003 0.337 0.001
жизни 0.001 0.432 0.0
как-то 0.001 0.699 0.001
ctrl+enter 0.001 0.066 0.0
задержали 0.001 1.097 0.001
февраля 0.001 0.387 0.0
безопасно 0.001 0.066 0.0
новостиисторииразборшапитокоронавирусмагаз 0.001 0.066 0.0
позже 0.001 0.886 0.001
обычно 0.001 0.523 0.001
against 0.001 0.824 0.001
мимо 0.001 1.301 0.001
репрессии 0.001 1.222 0.001
сотруднице 0.001 2.0 0.002
верьте 0.001 1.523 0.002
youtube 0.001 0.06 0.0
дипломаты 0.001 1.523 0.002
создано 0.001 0.097 0.0
читала 0.004 1.699 0.007
жизнь 0.004 0.538 0.002
недовольство 0.001 1.699 0.002
семьи 0.007 1.046 0.007
кадрами 0.001 1.398 0.001
мира 0.001 0.824 0.001
примем 0.001 1.699 0.002
хотело 0.001 2.0 0.002
поддержите 0.001 0.102 0.0
убежища 0.001 1.301 0.001
телеведущей 0.001 2.0 0.002
политической 0.001 1.222 0.001
сегодня 0.001 0.638 0.001
выбрала 0.001 1.523 0.002
многие 0.006 0.284 0.002
средством 0.001 0.102 0.0
выполняющим 0.003 0.097 0.0
внутри 0.001 0.745 0.001
блефуют 0.001 2.0 0.002
овсянникова 0.01 1.301 0.013
бремя 0.001 1.699 0.002
исключения 0.003 1.097 0.003
ведется 0.001 1.699 0.002
сын 0.004 1.097 0.004
ошибку 0.001 0.066 0.0
угодно 0.001 1.301 0.001
понедельник 0.003 1.301 0.004
лет 0.001 0.252 0.0
экспертами 0.001 1.398 0.001
непростой 0.001 1.699 0.002
возбуждения 0.001 1.699 0.002
случился 0.001 1.523 0.002
екатерины 0.001 1.523 0.002
друзей 0.001 0.959 0.001
представители 0.001 1.097 0.001
своей 0.003 0.42 0.001
эфире 0.001 1.155 0.001
пребывает 0.001 2.0 0.002
11-летней 0.001 2.0 0.002
перевернула 0.001 2.0 0.002
данные 0.001 0.066 0.0
убежище 0.001 1.301 0.001
россияне 0.001 0.678 0.001
отреагировать 0.001 2.0 0.002
канала 0.007 0.959 0.007
несогласованных 0.003 2.0 0.006
разговаривали 0.001 2.0 0.002
антон 0.001 1.301 0.001
надоумил 0.001 2.0 0.002
отец 0.001 1.222 0.001
нажмите 0.001 0.066 0.0
борьба 0.001 1.699 0.002
напрасно 0.001 2.0 0.002
понимала 0.001 1.523 0.002
словами 0.001 0.824 0.001
идет 0.001 0.367 0.0
осознаю 0.001 2.0 0.002
западе 0.001 0.959 0.001
иностранного 0.003 0.102 0.0
патриотка 0.001 2.0 0.002
человек 0.003 0.215 0.001
материал 0.001 0.086 0.0
большой 0.001 0.569 0.001
мной 0.004 1.155 0.005
дружелюбно 0.001 2.0 0.002
интересовалась 0.001 2.0 0.002
знаете 0.001 0.796 0.001
экстремизмом 0.001 2.0 0.002
черту 0.001 2.0 0.002
отказываюсь 0.001 1.398 0.001
суде 0.001 2.0 0.002
– 0.001 0.06 0.0
госканалов 0.001 2.0 0.002
время 0.003 0.102 0.0
оба 0.001 0.959 0.001
leta 0.003 0.301 0.001
сохранением 0.001 2.0 0.002
нами 0.001 0.066 0.0
песков 0.001 1.155 0.001
вачедин 0.001 1.523 0.002
отбывала 0.001 2.0 0.002
приведенные 0.001 1.699 0.002
заключении 0.001 1.699 0.002
находимся 0.001 1.398 0.001
выбирать 0.001 1.398 0.001
антивоенной 0.001 1.0 0.001
студию 0.001 1.523 0.002
рекламаmeduza 0.001 0.066 0.0
говорить 0.001 0.602 0.001
никто 0.006 0.523 0.003
ворвалась 0.001 1.523 0.002
сильнее 0.001 0.959 0.001
андреева 0.001 1.699 0.002
войне 0.003 0.62 0.002
вернуться 0.001 0.921 0.001
работы 0.001 0.553 0.001
моей 0.001 1.0 0.001
лицом 0.001 0.102 0.0
родственники 0.001 0.921 0.001
агентствами 0.001 2.0 0.002
der 0.004 1.301 0.005
функции 0.003 0.097 0.0
ребенка 0.001 0.824 0.001
тысяч 0.004 0.337 0.001
постоянно 0.001 0.62 0.001
гайки 0.001 2.0 0.002
изображение 0.001 1.699 0.002
рабочее 0.001 2.0 0.002
борьбе 0.001 0.796 0.001
михаил 0.003 0.959 0.003
новостях 0.001 1.398 0.001
днем 0.001 0.886 0.001
овсянниковой 0.006 1.523 0.009
останкинского 0.001 2.0 0.002
разговаривать 0.001 1.097 0.001
назад 0.004 0.18 0.001
убежденные 0.001 1.699 0.002
безопасности 0.001 0.481 0.0
перейти 0.001 0.066 0.0
видела 0.001 0.959 0.001
поддержать 0.001 0.066 0.0
врут 0.004 1.398 0.006
источник 0.001 0.174 0.0
призывы 0.003 1.523 0.005
президента 0.003 0.745 0.002
переехала 0.001 1.523 0.002
перешла 0.001 1.523 0.002
закручивались 0.001 2.0 0.002
война 0.001 0.469 0.0
кодекс 0.001 0.066 0.0
вел 0.001 1.699 0.002
хочу 0.001 0.137 0.0
рассказывает 0.003 0.569 0.002
самым 0.001 0.921 0.001
ориентирами 0.001 2.0 0.002
страшно 0.003 1.097 0.003
номер 0.001 1.398 0.001
тасс 0.003 0.699 0.002
руководителя 0.001 1.222 0.001
дела 0.001 1.0 0.001
маркеры 0.001 2.0 0.002
работу 0.001 0.658 0.001
последствиях 0.001 0.921 0.001
данное 0.001 0.097 0.0
жалею 0.001 2.0 0.002
сокращены 0.001 2.0 0.002
выходе 0.001 1.301 0.001
ко 0.001 0.745 0.001
сюжета 0.001 1.699 0.002
думали 0.001 1.155 0.001
общались 0.001 1.301 0.001
остались 0.001 0.921 0.001
фактического 0.001 2.0 0.002
правила 0.001 0.066 0.0
подготовила 0.001 1.699 0.002
западом 0.001 1.155 0.001
вконтакте 0.001 0.066 0.0
штрафу 0.001 2.0 0.002
независимых 0.001 1.046 0.001
медленно 0.001 1.222 0.001
могу 0.003 0.658 0.002
сказать 0.001 0.495 0.0
live 0.001 0.022 0.0
оштрафовали 0.001 1.699 0.002
блог 0.001 0.066 0.0
детей 0.001 0.523 0.001
инстаграм 0.001 0.066 0.0
© 0.001 0.0 0.0
информационной 0.001 1.222 0.001
планы 0.001 1.097 0.001
выделите 0.001 0.066 0.0
spiegel 0.004 1.301 0.005
власти 0.001 0.387 0.0
могли 0.001 0.699 0.001
закончить 0.001 1.398 0.001
разрушила 0.003 1.398 0.004
связана 0.001 1.0 0.001
хотел 0.001 1.0 0.001
meduzacare 0.001 0.066 0.0
сотрудница 0.001 1.398 0.001
против 0.004 0.229 0.001
плакат 0.004 1.523 0.006
акция 0.006 1.301 0.008
полицейские 0.001 1.222 0.001
марина 0.007 1.301 0.009
кнопка 0.001 0.066 0.0
продюсировала 0.001 2.0 0.002
хотя 0.001 0.276 0.0
проходит 0.001 1.0 0.001
акцию 0.001 1.222 0.001
дмитрий 0.003 0.658 0.002
настоящий 0.003 1.155 0.003
вечерняя 0.001 0.066 0.0
умер 0.001 1.046 0.001
это 0.01 0.066 0.001
которому 0.001 1.0 0.001
другие 0.001 0.268 0.0
понедельника 0.001 1.699 0.002
полицейского 0.001 2.0 0.002
поддержки 0.003 0.066 0.0
редактор 0.001 1.0 0.001
ходила 0.001 1.523 0.002
защищает 0.001 0.921 0.001
историю 0.003 0.721 0.002
war 0.003 0.77 0.002
помощь 0.001 0.097 0.0
дело 0.001 0.509 0.001
работаем 0.003 0.161 0.0
двух 0.001 0.377 0.0
дня 0.003 0.523 0.002
тяжелый 0.001 1.301 0.001
большинство 0.001 0.796 0.001
монтажом 0.001 2.0 0.002
войны 0.004 0.42 0.002
ватман 0.001 2.0 0.002
нарисовала 0.001 2.0 0.002
работа 0.001 0.886 0.001
антивоенную 0.001 1.523 0.002
навсегда 0.001 0.854 0.001
24/7 0.001 0.102 0.0
москва 0.001 1.155 0.001
марине 0.001 2.0 0.002
android 0.001 0.066 0.0
измотана 0.001 2.0 0.002
протесты 0.001 1.097 0.001
english 0.001 0.06 0.0
участию 0.003 1.398 0.004
фейком 0.001 1.523 0.002
коллеги 0.001 1.0 0.001
плакатом 0.004 1.301 0.005
нахожусь 0.003 1.699 0.005
перекрыли 0.001 1.699 0.002
войной 0.001 1.097 0.001
смеется 0.001 1.523 0.002
подам 0.001 2.0 0.002
нато 0.001 0.959 0.001
пересказывает 0.001 1.301 0.001
работой 0.001 1.699 0.002
поддержка 0.001 0.167 0.0
нужна 0.003 0.092 0.0
марта 0.004 0.319 0.001
заявление 0.001 0.886 0.001
принимаю 0.001 2.0 0.002
прямом 0.001 1.301 0.001
пропагандисты 0.001 1.699 0.002
эмоциях 0.001 1.699 0.002
уволилась 0.001 1.523 0.002
членов 0.001 1.097 0.001
ожидал 0.001 1.523 0.002
каждым 0.001 0.854 0.001
требования 0.001 0.066 0.0
канале 0.006 1.301 0.008
годами 0.001 1.523 0.002
связаться 0.001 0.066 0.0
происходит 0.007 0.387 0.003
москве 0.003 0.745 0.002
россию 0.001 0.678 0.001
информации 0.001 0.102 0.0
джапаридзе 0.003 2.0 0.006
большим 0.001 1.046 0.001
уладят 0.001 2.0 0.002
вышедшей 0.003 1.523 0.005
доследственная 0.001 1.699 0.002
назвала 0.001 1.398 0.001
пути 0.001 1.0 0.001
считает 0.001 0.678 0.001
немецкому 0.004 1.222 0.005
приговорили 0.001 1.523 0.002
работала 0.001 1.046 0.001
принялась 0.001 2.0 0.002
записывала 0.001 2.0 0.002
недельным 0.001 2.0 0.002
протест 0.003 1.523 0.005
губернаторов 0.001 1.523 0.002
знаю 0.001 0.721 0.001
сделала 0.001 1.222 0.001
общаемся 0.001 1.699 0.002
могила 0.001 2.0 0.002
верить 0.001 0.959 0.001
медузе 0.003 0.066 0.0
спрашивали 0.003 1.222 0.004
начальство 0.001 1.523 0.002
требуют 0.001 1.398 0.001
facebook 0.001 0.0 0.0
медузу 0.003 0.066 0.0
предложение 0.001 1.155 0.001
камер 0.001 1.699 0.002
обработки 0.001 0.066 0.0
друг 0.001 0.699 0.001
произошла 0.001 1.523 0.002
стороны 0.001 0.432 0.0
россия 0.001 0.398 0.0
успел 0.001 0.921 0.001
массовой 0.001 0.097 0.0
работников 0.001 1.222 0.001
прекрасно 0.001 1.222 0.001
сложно 0.001 0.538 0.001
чувствую 0.001 1.523 0.002
успокоительные 0.001 1.699 0.002
эфир 0.003 1.097 0.003
показала 0.001 1.222 0.001
scanpix 0.003 0.301 0.001
демонстрациях 0.001 1.699 0.002
госканалах 0.003 2.0 0.006
спасибоgiphyза 0.001 0.066 0.0
показывать 0.001 0.066 0.0
сюжеты 0.001 1.523 0.002
моральными 0.001 2.0 0.002
twitter 0.001 0.0 0.0
раньше 0.001 0.432 0.0
студии 0.001 1.398 0.001
пожалуйста 0.001 0.102 0.0
подумала 0.001 1.398 0.001
акциях 0.001 1.222 0.001
страхом 0.001 2.0 0.002
решилась 0.001 1.699 0.002
платформы 0.003 0.066 0.0
никуда 0.001 1.097 0.001
бонус 0.003 1.523 0.005
отравление 0.001 2.0 0.002
сначала 0.001 0.602 0.001
семьей 0.001 1.523 0.002
полиция 0.001 1.301 0.001
отношении 0.001 0.824 0.001
осознавать 0.001 1.699 0.002
видеоролик 0.001 2.0 0.002
персональные 0.001 0.066 0.0
международных 0.001 1.097 0.001
повторила 0.001 1.699 0.002
очень 0.004 0.149 0.001
уезжать 0.001 1.222 0.001
враг 0.001 1.523 0.002
место 0.003 0.678 0.002
состоянии 0.001 1.222 0.001
заместитель 0.001 1.301 0.001
заведено 0.001 2.0 0.002
вовсе 0.001 0.921 0.001
meduza 0.004 0.0 0.0
останкинском 0.001 2.0 0.002
пропаганде 0.001 1.222 0.001
удар 0.001 0.886 0.001
остается 0.001 0.638 0.001
слышала 0.001 1.398 0.001
переведены 0.001 2.0 0.002
увидит 0.001 2.0 0.002
дочери 0.001 1.301 0.001
заседания 0.001 1.523 0.002
увольняются 0.001 2.0 0.002
начальники 0.003 2.0 0.006
пересказ 0.001 1.398 0.001
год 0.001 0.409 0.0
политикой 0.001 1.699 0.002
свое 0.001 0.721 0.001
первом 0.003 0.824 0.002
эта 0.001 0.367 0.0
российским 0.001 0.092 0.0
отдела 0.001 1.398 0.001
украине 0.001 0.444 0.0
цитаты 0.001 1.699 0.002
автокатастрофа 0.001 2.0 0.002
однако 0.001 0.337 0.0
реклама 0.003 0.066 0.0
из-за 0.003 0.229 0.001
интересах 0.004 0.167 0.001
дала 0.003 2.0 0.006
физически 0.001 1.301 0.001
купила 0.001 2.0 0.002
присудили 0.001 2.0 0.002
сша 0.001 0.469 0.0
сообщение 0.001 0.102 0.0
