ходе 0.0 0.921 0.0
первой 0.0 0.678 0.0
титры 0.002 1.523 0.003
редакции 0.001 0.066 0.0
наличие 0.001 1.0 0.001
нагрузке 0.0 1.699 0.0
вектор 0.001 1.301 0.001
подходили 0.0 1.699 0.0
инфицированной 0.0 2.0 0.0
ждать 0.001 0.745 0.001
баннерам 0.0 0.066 0.0
сама 0.0 0.658 0.0
действительно 0.001 0.377 0.0
иммунологической 0.0 2.0 0.0
смотрите 0.0 1.699 0.0
основных 0.0 0.959 0.0
настроили 0.0 2.0 0.0
проверял 0.0 1.699 0.0
хранится 0.001 2.0 0.002
совершенно 0.0 0.678 0.0
денис 0.001 1.398 0.001
патенту 0.0 2.0 0.0
применять 0.001 1.097 0.001
представляем 0.0 2.0 0.0
привели 0.0 1.523 0.0
обеспечивает 0.0 1.097 0.0
препринта 0.001 1.398 0.001
причем 0.0 0.62 0.0
доле 0.0 1.222 0.0
нарабатываются 0.0 2.0 0.0
переболевших 0.002 0.886 0.002
использовании 0.0 1.222 0.0
потенциально 0.0 1.046 0.0
двух-восьми 0.0 2.0 0.0
информацию 0.0 0.62 0.0
создателя 0.0 1.699 0.0
участки 0.001 1.523 0.002
получается 0.001 0.824 0.001
вакцинированных 0.003 0.678 0.002
партии 0.0 1.046 0.0
данной 0.001 1.699 0.002
высоким 0.001 1.046 0.001
имеете 0.001 1.523 0.002
ваши 0.001 1.046 0.001
людях 0.001 1.155 0.001
нейтрализовали 0.0 2.0 0.0
цикла 0.0 1.699 0.0
точностью 0.0 1.523 0.0
переносится 0.0 2.0 0.0
придумывать 0.0 1.699 0.0
никаких 0.0 0.602 0.0
смотрим 0.0 1.523 0.0
изменении 0.0 2.0 0.0
клетки 0.001 1.222 0.001
вырабатывали 0.001 2.0 0.002
подавались 0.0 2.0 0.0
реализуются 0.0 2.0 0.0
ближайший 0.0 1.523 0.0
наш 0.001 0.699 0.001
заражением 0.0 1.301 0.0
ученые 0.0 0.678 0.0
последней 0.0 1.523 0.0
вектора 0.001 1.398 0.001
ученых 0.001 1.046 0.001
вашими 0.001 2.0 0.002
эпиваккорона 0.002 1.046 0.002
эпиваккороне 0.0 1.301 0.0
рассказали 0.0 1.523 0.0
потребуется 0.0 1.398 0.0
одним 0.0 0.569 0.0
эффективна 0.001 1.301 0.001
приходит 0.0 1.398 0.0
государственного 0.0 1.0 0.0
опасно 0.0 0.921 0.0
объясните 0.001 2.0 0.002
поставило 0.0 1.699 0.0
статус 0.0 1.222 0.0
настроена 0.0 1.523 0.0
рецептором 0.0 1.699 0.0
среднем 0.001 0.886 0.001
вместо 0.001 0.77 0.001
прочитаете 0.0 2.0 0.0
расположены 0.001 1.523 0.002
считается 0.0 0.959 0.0
связывание 0.0 2.0 0.0
частности 0.001 0.678 0.001
медузы 0.001 0.268 0.0
продукции 0.0 1.699 0.0
этих 0.0 0.337 0.0
трех 0.001 0.638 0.001
соотношение 0.0 1.398 0.0
показывает 0.0 0.854 0.0
приоритет 0.0 1.699 0.0
срок 0.0 1.046 0.0
результатах 0.001 1.155 0.001
говорите 0.0 1.155 0.0
заявлению 0.0 2.0 0.0
оказались 0.0 0.886 0.0
появляются 0.0 1.097 0.0
действенности 0.0 1.699 0.0
ситуации 0.0 0.721 0.0
читателя 0.0 1.699 0.0
прессе 0.0 1.398 0.0
истории 0.0 0.337 0.0
грубо 0.0 1.046 0.0
отличается 0.001 0.886 0.001
момент 0.002 0.481 0.001
научных 0.0 1.155 0.0
количестве 0.0 1.523 0.0
трехмерной 0.0 1.699 0.0
иммунологическую 0.0 2.0 0.0
пустышка 0.0 1.301 0.0
иммунитета 0.0 0.886 0.0
миллионов 0.0 0.638 0.0
выборки 0.001 1.398 0.001
запрос 0.0 1.398 0.0
нашли 0.0 0.066 0.0
связи 0.0 0.0 0.0
предварительный 0.001 1.523 0.002
какие 0.0 0.569 0.0
медуза 0.002 0.066 0.0
требуется 0.0 0.959 0.0
месяцев 0.0 0.602 0.0
нам 0.003 0.086 0.0
шприцев 0.0 2.0 0.0
успела 0.0 1.398 0.0
наших 0.0 0.658 0.0
ограниченный 0.0 2.0 0.0
выработку 0.001 1.398 0.001
определять 0.001 2.0 0.002
защищен 0.0 1.699 0.0
материалам 0.0 0.066 0.0
линия 0.001 1.699 0.002
сезонных 0.0 2.0 0.0
срочно 0.0 0.167 0.0
наилучшие 0.001 1.699 0.002
затронуты 0.0 2.0 0.0
ткани 0.001 1.301 0.001
самых 0.001 0.62 0.001
выборках 0.0 1.699 0.0
вирусного 0.001 1.523 0.002
эпитопы 0.001 2.0 0.002
итогов 0.0 1.699 0.0
рогулин 0.0 2.0 0.0
теряя 0.0 1.699 0.0
своих 0.002 0.398 0.001
должна 0.001 0.538 0.001
выпуске 0.0 2.0 0.0
ctrl+enter 0.0 0.066 0.0
универсальная 0.0 1.699 0.0
препринтов 0.0 1.699 0.0
мегадальтон 0.0 2.0 0.0
транспортируется 0.0 2.0 0.0
особой 0.0 1.097 0.0
получилось 0.0 0.886 0.0
смотрю 0.0 1.398 0.0
да-да 0.0 1.523 0.0
требований 0.0 1.523 0.0
компонентам 0.0 1.699 0.0
интеллектуальной 0.0 1.699 0.0
полезный 0.0 1.699 0.0
биобезопасности 0.0 1.699 0.0
придумало 0.0 2.0 0.0
антител 0.008 0.854 0.007
идею 0.0 1.0 0.0
разрешение 0.001 1.301 0.001
крупные 0.0 1.301 0.0
прав 0.0 1.097 0.0
гемоцианина 0.0 2.0 0.0
сами 0.001 0.538 0.001
опасность 0.0 1.046 0.0
пользу 0.001 0.886 0.001
исследователи 0.0 1.046 0.0
начавшееся 0.0 2.0 0.0
прививалась 0.0 1.699 0.0
иммунодоминантные 0.001 2.0 0.002
западные 0.0 1.222 0.0
смотрели 0.001 1.398 0.001
увеличения 0.0 1.699 0.0
фактически 0.0 0.721 0.0
буквально 0.001 0.886 0.001
ощущение 0.0 1.523 0.0
позволяет 0.001 0.854 0.001
вирус-нейтрализующих 0.0 2.0 0.0
обратилась 0.0 1.699 0.0
ответы 0.0 1.0 0.0
понимаете 0.001 1.046 0.001
раскрывается 0.0 2.0 0.0
группу 0.0 1.046 0.0
традиции 0.0 2.0 0.0
слепом 0.0 2.0 0.0
низкое 0.0 2.0 0.0
общем-то 0.0 1.699 0.0
платформа 0.001 1.699 0.002
боком 0.0 2.0 0.0
нажмите 0.0 0.066 0.0
случаев 0.0 0.658 0.0
траншем 0.0 1.699 0.0
нормальной 0.0 1.097 0.0
патента 0.001 2.0 0.002
министру 0.0 1.699 0.0
других 0.001 0.26 0.0
числе 0.0 0.31 0.0
универсальна 0.0 2.0 0.0
претензий 0.0 1.301 0.0
иностранного 0.001 0.102 0.0
человек 0.002 0.215 0.0
главные 0.001 0.921 0.001
исследований 0.003 0.585 0.002
большую 0.0 1.046 0.0
проникновения 0.0 1.523 0.0
– 0.0 0.06 0.0
ориентировались 0.0 2.0 0.0
ковида 0.001 0.444 0.0
технического 0.0 2.0 0.0
leta 0.001 0.301 0.0
вспышки 0.0 1.155 0.0
нами 0.002 0.066 0.0
видно 0.0 0.921 0.0
старше 0.001 1.0 0.001
некоторый 0.0 1.523 0.0
задокументировано 0.0 2.0 0.0
неблагоприятный 0.0 1.699 0.0
определяет 0.0 2.0 0.0
лицом 0.0 0.102 0.0
функции 0.001 0.097 0.0
подали 0.0 1.523 0.0
завершения 0.0 1.222 0.0
фазы 0.001 0.959 0.001
нейтрализующих 0.001 1.523 0.002
решения 0.0 0.638 0.0
селе 0.0 1.398 0.0
компании-производителя 0.0 2.0 0.0
введут 0.0 2.0 0.0
эксперимента 0.001 1.398 0.001
одобрение 0.0 1.699 0.0
другими 0.0 0.495 0.0
применяется 0.001 1.523 0.002
целый 0.0 1.0 0.0
добровольцев 0.005 0.886 0.004
наберется 0.0 2.0 0.0
перейти 0.001 0.066 0.0
поддержать 0.0 0.066 0.0
этапе 0.0 1.222 0.0
пишет 0.0 0.824 0.0
титром 0.0 1.699 0.0
скепсис 0.0 2.0 0.0
какие-то 0.001 0.538 0.001
зараженных 0.0 1.046 0.0
гемоцианине 0.0 2.0 0.0
невысокими 0.0 2.0 0.0
нерецензированные 0.0 2.0 0.0
контроле 0.0 1.699 0.0
концу 0.001 1.097 0.001
субъединицы 0.0 2.0 0.0
понимали 0.0 1.155 0.0
титрами 0.0 2.0 0.0
заданием 0.0 2.0 0.0
тасс 0.001 0.699 0.001
защитный 0.0 1.523 0.0
надеемся 0.0 1.301 0.0
начать 0.0 1.046 0.0
поможет 0.0 0.854 0.0
поставке 0.0 1.523 0.0
данное 0.0 0.097 0.0
какой-то 0.0 0.538 0.0
доступ 0.0 0.921 0.0
new 0.0 0.699 0.0
остановились 0.0 1.699 0.0
заключается 0.0 1.301 0.0
вышли 0.0 1.0 0.0
будущем 0.0 0.745 0.0
р. 0.006 1.699 0.01
заменили 0.0 2.0 0.0
вакцинации 0.001 0.553 0.001
белка-носителя 0.0 2.0 0.0
центром 0.0 1.301 0.0
иммунизированные 0.0 2.0 0.0
live 0.0 0.022 0.0
решили 0.001 0.658 0.001
1:80 0.0 2.0 0.0
патенте 0.001 1.699 0.002
наблюдаем 0.001 1.699 0.002
мешке 0.0 2.0 0.0
доклинических 0.001 1.699 0.002
блог 0.0 0.066 0.0
наверняка 0.0 1.398 0.0
проблема 0.001 0.721 0.001
живым 0.0 1.523 0.0
условиях 0.001 0.569 0.001
разных 0.0 0.398 0.0
статистике 0.0 1.301 0.0
читайте 0.001 0.745 0.001
ею 0.001 1.0 0.001
meduzacare 0.0 0.066 0.0
обеспечение 0.0 1.523 0.0
говоря 0.0 0.77 0.0
разработать 0.0 1.523 0.0
кнопка 0.0 0.066 0.0
шести 0.0 1.0 0.0
план 0.0 1.301 0.0
речь 0.0 0.432 0.0
the 0.0 0.481 0.0
другие 0.001 0.268 0.0
сфере 0.0 1.398 0.0
защищает 0.001 0.921 0.001
какое-то 0.0 0.959 0.0
онкозаболеваниях 0.0 2.0 0.0
вывода 0.0 1.699 0.0
эффекта 0.0 1.699 0.0
данными 0.0 0.959 0.0
v 0.002 0.699 0.001
ответ 0.001 0.602 0.001
пептидов 0.002 1.699 0.003
неоднократно 0.0 1.398 0.0
планируем 0.0 1.222 0.0
нарастать 0.0 2.0 0.0
работа 0.0 0.886 0.0
создателями 0.001 1.523 0.002
стороне 0.001 1.046 0.001
независимое 0.001 0.721 0.001
иммунитет 0.002 0.854 0.002
исследование 0.002 0.658 0.001
24/7 0.0 0.102 0.0
результата 0.0 2.0 0.0
учет 0.0 1.699 0.0
вакцинированная 0.0 2.0 0.0
sars-cov-1 0.0 2.0 0.0
техническим 0.0 1.301 0.0
аргументы 0.0 0.77 0.0
общий 0.0 1.301 0.0
среднегеометрическим 0.0 2.0 0.0
премьер-министр 0.0 1.699 0.0
прекрасный 0.0 2.0 0.0
подробнее 0.0 0.699 0.0
показателей 0.0 1.699 0.0
требования 0.0 0.066 0.0
связаться 0.0 0.066 0.0
самом 0.001 0.481 0.0
информации 0.0 0.102 0.0
варианта 0.001 0.745 0.001
воздушность 0.0 2.0 0.0
вполне 0.001 0.699 0.001
спрашивал 0.0 1.699 0.0
тех 0.001 0.26 0.0
s2-району 0.0 2.0 0.0
ковидом 0.001 0.658 0.001
титр 0.002 1.523 0.003
слабо 0.0 1.398 0.0
эпидемиологическую 0.001 2.0 0.002
гарантированно 0.0 1.699 0.0
создать 0.001 1.046 0.001
спутником 0.001 0.921 0.001
главным 0.001 1.155 0.001
просьбой 0.0 1.301 0.0
дизайн 0.0 2.0 0.0
почему 0.003 0.337 0.001
зарегистрированные 0.0 1.523 0.0
хороший 0.0 1.398 0.0
реализовали 0.0 2.0 0.0
плюсы 0.0 1.699 0.0
защищают 0.0 1.0 0.0
принимали 0.0 1.301 0.0
вторая 0.001 1.046 0.001
этим 0.001 0.337 0.0
поступил 0.0 2.0 0.0
клиническим 0.0 1.523 0.0
знаем 0.001 0.585 0.001
проверяют 0.0 1.222 0.0
помощью 0.001 0.538 0.001
простите 0.0 1.699 0.0
пандемией 0.0 1.301 0.0
волгоградской 0.0 2.0 0.0
такие 0.001 0.444 0.0
меньшем 0.0 2.0 0.0
используемых 0.0 1.398 0.0
виде 0.001 0.745 0.001
спасибоgiphyза 0.0 0.066 0.0
спокойно 0.001 0.824 0.001
болезни 0.0 0.62 0.0
пожалуйста 0.0 0.102 0.0
должен 0.0 0.585 0.0
рецензию 0.0 2.0 0.0
образование 0.0 1.155 0.0
можем 0.0 0.62 0.0
выбирали 0.0 2.0 0.0
расслепления 0.001 2.0 0.002
именно 0.003 0.244 0.001
сначала 0.001 0.602 0.001
легких 0.001 1.046 0.001
созданием 0.0 1.523 0.0
первая 0.0 0.77 0.0
очень 0.003 0.149 0.0
антителозависимой 0.0 2.0 0.0
доз 0.002 1.155 0.002
третьей 0.001 1.097 0.001
одна 0.001 0.42 0.0
провел 0.0 1.699 0.0
иммунный 0.0 1.155 0.0
ожидаем 0.0 1.523 0.0
идут 0.001 0.699 0.001
крупный 0.0 1.301 0.0
занимались 0.001 1.523 0.002
год 0.0 0.409 0.0
минздрава 0.0 0.886 0.0
тонко 0.001 2.0 0.002
рассчитываете 0.0 2.0 0.0
устраивал 0.0 1.699 0.0
имели 0.0 1.398 0.0
огромной 0.0 1.523 0.0
чьей 0.0 2.0 0.0
российским 0.001 0.092 0.0
одной 0.001 0.398 0.0
немножко 0.0 1.222 0.0
регулятор 0.0 1.398 0.0
тому 0.001 0.509 0.001
вместе 0.0 0.602 0.0
получении 0.0 1.699 0.0
интересах 0.0 0.167 0.0
n-белок 0.001 2.0 0.002
спектр 0.0 1.699 0.0
фазе 0.0 1.097 0.0
недель 0.0 0.77 0.0
инфицирование 0.0 2.0 0.0
докладывали 0.0 2.0 0.0
максимальное 0.0 2.0 0.0
российские 0.0 0.328 0.0
прививок 0.001 0.824 0.001
times 0.0 0.699 0.0
полные 0.0 1.398 0.0
установили 0.0 0.959 0.0
подбора 0.0 2.0 0.0
знали 0.001 1.301 0.001
защищена 0.0 1.398 0.0
смотрят 0.0 1.155 0.0
участниками 0.0 1.699 0.0
рамках 0.0 1.097 0.0
in 0.0 0.0 0.0
рыжиковым 0.0 2.0 0.0
полагаем 0.0 2.0 0.0
крайне 0.0 0.721 0.0
регионов 0.0 0.921 0.0
опубликовали 0.0 1.222 0.0
носитель 0.0 1.699 0.0
эксперты 0.001 0.959 0.001
эффективности 0.002 0.678 0.001
разработкой 0.0 1.523 0.0
эпиваккороны 0.001 1.301 0.001
рецензирования 0.0 1.523 0.0
таких 0.001 0.347 0.0
каких 0.001 0.854 0.001
s-белком 0.0 1.699 0.0
просто 0.001 0.194 0.0
дополнительными 0.0 2.0 0.0
вышло 0.0 1.155 0.0
пустышку 0.0 2.0 0.0
промежуточный 0.0 2.0 0.0
появления 0.0 0.854 0.0
поступит 0.0 2.0 0.0
вирус-нейтрализация 0.0 2.0 0.0
разработки 0.0 1.301 0.0
первой-второй 0.0 2.0 0.0
рамок 0.0 1.523 0.0
вакцину 0.004 0.824 0.003
две 0.0 0.553 0.0
платформ 0.001 1.301 0.001
читали 0.0 1.699 0.0
доклиника 0.001 2.0 0.002
находят 0.001 2.0 0.002
регионы 0.0 1.222 0.0
подготовлен 0.0 1.699 0.0
производители 0.0 1.222 0.0
письма 0.0 1.301 0.0
навстречу 0.0 1.523 0.0
сторону 0.0 0.796 0.0
представляет 0.0 1.046 0.0
целью 0.0 1.222 0.0
сожалению 0.0 0.569 0.0
необходимым 0.0 1.699 0.0
серьезные 0.001 1.097 0.001
распространено 0.0 0.102 0.0
гемоцианином 0.0 2.0 0.0
пострегистрационные 0.001 2.0 0.002
другом 0.0 0.721 0.0
устроено 0.0 1.0 0.0
коллектива 0.0 1.699 0.0
ios 0.0 0.066 0.0
низкий 0.0 1.222 0.0
заявления 0.0 1.097 0.0
качеств 0.0 2.0 0.0
вне 0.0 0.886 0.0
выполнены 0.0 1.699 0.0
утверждаем 0.0 2.0 0.0
несколько 0.002 0.201 0.0
непривитых 0.0 1.155 0.0
расследования 0.0 1.155 0.0
защиты 0.002 0.824 0.002
тест-система 0.0 2.0 0.0
основном 0.0 0.553 0.0
вывод 0.001 0.959 0.001
пцр 0.0 1.523 0.0
определения 0.001 1.699 0.002
протоколы 0.0 1.523 0.0
титрах 0.001 1.699 0.002
михаилу 0.0 2.0 0.0
коронавируса 0.005 0.509 0.003
пока 0.001 0.208 0.0
уверенностью 0.0 1.699 0.0
сих 0.001 0.481 0.0
холодовой 0.0 2.0 0.0
сдать 0.0 1.699 0.0
сдали 0.0 2.0 0.0
реакция 0.0 1.301 0.0
нового 0.001 0.638 0.001
испытывать 0.0 2.0 0.0
извините 0.0 1.0 0.0
давайте 0.001 1.097 0.001
первого 0.0 0.658 0.0
вирусом 0.001 0.921 0.001
убеждение 0.0 2.0 0.0
нашу 0.001 1.046 0.001
одного 0.001 0.432 0.0
доказательство 0.0 1.398 0.0
иммунизировали 0.0 2.0 0.0
естественно 0.0 1.155 0.0
проверили 0.001 1.523 0.002
роль 0.0 0.796 0.0
зависимости 0.0 0.796 0.0
один-единственный 0.0 2.0 0.0
юридическим 0.0 0.102 0.0
группе 0.001 0.745 0.001
высочайшей 0.0 2.0 0.0
сохраняются 0.0 2.0 0.0
создавали 0.0 1.699 0.0
свете 0.0 1.523 0.0
клинического 0.0 1.046 0.0
данный 0.0 0.824 0.0
разнообразие 0.0 2.0 0.0
разработчикам 0.0 2.0 0.0
нужно 0.001 0.237 0.0
конечном 0.0 1.398 0.0
весь 0.0 0.638 0.0
формирует 0.001 1.699 0.002
кстати 0.0 0.886 0.0
первым 0.0 0.854 0.0
пять-десять 0.0 2.0 0.0
визитов 0.0 2.0 0.0
раскрыв 0.0 1.699 0.0
соответствующих 0.0 2.0 0.0
роспотребнадзора 0.001 1.523 0.002
безопасно 0.0 0.066 0.0
снимков 0.0 2.0 0.0
youtube 0.0 0.06 0.0
видел 0.001 1.301 0.001
создании 0.0 1.301 0.0
вакцинированными 0.001 1.301 0.001
вариант 0.001 0.796 0.001
согласен 0.0 1.398 0.0
видит 0.0 1.523 0.0
создано 0.0 0.097 0.0
специфичные 0.001 1.699 0.002
группы 0.001 0.62 0.001
условные 0.0 2.0 0.0
поданных 0.0 2.0 0.0
пневмония 0.001 1.523 0.002
проваливаются 0.0 2.0 0.0
york 0.0 1.222 0.0
достаточно 0.001 0.444 0.0
развивается 0.0 1.523 0.0
сегодня 0.0 0.638 0.0
многие 0.0 0.284 0.0
средством 0.0 0.102 0.0
заменить 0.0 1.155 0.0
соответствии 0.0 1.0 0.0
внутри 0.0 0.745 0.0
доверительные 0.0 1.523 0.0
второе 0.0 1.398 0.0
научном 0.0 1.222 0.0
четкий 0.0 1.398 0.0
обычного 0.001 1.523 0.002
а.р 0.0 2.0 0.0
противоречат 0.0 1.222 0.0
где-то 0.0 0.721 0.0
убеждались 0.0 2.0 0.0
рыжиков 0.0 2.0 0.0
абсолютно 0.0 0.721 0.0
испытывалась 0.0 2.0 0.0
дали 0.0 1.155 0.0
вакцинированы 0.0 1.222 0.0
своей 0.0 0.42 0.0
наиболее 0.0 0.745 0.0
добровольно 0.0 1.301 0.0
поговорить 0.0 1.222 0.0
позволили 0.0 1.155 0.0
научный 0.0 0.959 0.0
мутациями 0.0 2.0 0.0
мире 0.0 0.553 0.0
минимальных 0.0 1.699 0.0
признают 0.0 1.301 0.0
задали 0.0 2.0 0.0
тест-системы 0.001 2.0 0.002
s2 0.0 2.0 0.0
ситуацию 0.001 0.796 0.001
важные 0.0 0.854 0.0
целому 0.0 1.699 0.0
поставки 0.0 1.155 0.0
александр 0.002 0.538 0.001
легкие 0.0 1.523 0.0
области 0.0 0.602 0.0
британскому 0.0 1.699 0.0
связываться 0.0 1.398 0.0
защищать 0.0 0.854 0.0
отслеживает 0.0 2.0 0.0
жителей 0.0 0.569 0.0
любой 0.001 0.745 0.001
огромное 0.0 1.398 0.0
время 0.001 0.102 0.0
публикации 0.001 0.886 0.001
видим 0.0 0.921 0.0
анализ 0.0 0.921 0.0
досрочного 0.0 1.699 0.0
категории 0.0 1.222 0.0
узнать 0.0 0.959 0.0
центра 0.0 0.77 0.0
выглядит 0.0 0.62 0.0
работают 0.0 0.553 0.0
стоит 0.001 0.509 0.001
государство 0.0 0.854 0.0
конце 0.0 0.745 0.0
рекламаmeduza 0.0 0.066 0.0
маленького 0.0 1.301 0.0
свойства 0.0 1.398 0.0
эффективными 0.0 1.699 0.0
статья 0.0 1.0 0.0
одобрил 0.0 1.523 0.0
михаил 0.0 0.959 0.0
используются 0.0 0.921 0.0
среди 0.0 0.42 0.0
внутрь 0.0 1.523 0.0
теряют 0.001 1.699 0.002
прежде 0.001 0.62 0.001
быстро 0.001 0.495 0.0
дизайна 0.0 2.0 0.0
заложены 0.0 1.699 0.0
разработку 0.0 1.523 0.0
затрагивают 0.0 1.699 0.0
вопросов 0.0 1.046 0.0
назад 0.001 0.18 0.0
герофарм 0.0 2.0 0.0
препаратами 0.0 1.097 0.0
первое 0.001 0.921 0.001
используешь 0.0 2.0 0.0
узнаем 0.0 2.0 0.0
ответа 0.0 0.886 0.0
кодекс 0.0 0.066 0.0
moderna 0.0 1.0 0.0
также 0.002 0.237 0.0
клинику 0.0 2.0 0.0
клинических 0.002 0.796 0.002
хорошие 0.0 1.0 0.0
защищала 0.0 2.0 0.0
эпидемической 0.0 2.0 0.0
статьи 0.0 0.854 0.0
оценок 0.0 1.222 0.0
принцип 0.0 1.301 0.0
убедить 0.0 1.301 0.0
думали 0.0 1.155 0.0
коротко 0.0 0.824 0.0
последних 0.0 1.0 0.0
пор 0.001 0.387 0.0
пострегистрационных 0.001 1.699 0.002
цепи 0.0 1.523 0.0
антитела 0.007 0.959 0.007
вконтакте 0.0 0.066 0.0
нашей 0.002 0.699 0.001
препарата 0.0 0.886 0.0
одновременно 0.001 0.796 0.001
столкнулось 0.0 2.0 0.0
pfizer 0.001 0.886 0.001
линии 0.001 1.222 0.001
название 0.0 0.921 0.0
далеко 0.0 0.745 0.0
поставлены 0.0 2.0 0.0
логистические 0.0 2.0 0.0
нашими 0.001 1.155 0.001
группа 0.001 0.886 0.001
выделите 0.0 0.066 0.0
разницу 0.001 1.398 0.001
получить 0.001 0.553 0.001
нескольких 0.001 0.699 0.001
статистической 0.0 2.0 0.0
могли 0.0 0.699 0.0
сайте 0.0 0.886 0.0
против 0.004 0.229 0.001
вектор-биалгам 0.0 2.0 0.0
эпиваккорону 0.001 1.398 0.001
проходит 0.0 1.0 0.0
дмитрий 0.0 0.658 0.0
нужны 0.001 0.745 0.001
эффективность 0.002 0.569 0.001
вечерняя 0.0 0.066 0.0
во-первых 0.0 0.796 0.0
логунов 0.001 1.523 0.002
разработанная 0.0 1.699 0.0
поддержки 0.0 0.066 0.0
продемонстрировала 0.0 2.0 0.0
историю 0.0 0.721 0.0
фуфломицины 0.0 2.0 0.0
спутник 0.001 0.721 0.001
роспотребнадзор 0.001 1.699 0.002
собственную 0.0 1.398 0.0
сложное 0.0 1.699 0.0
публикаций 0.0 1.398 0.0
вопросу 0.0 1.301 0.0
проводили 0.0 1.0 0.0
первые 0.0 0.585 0.0
скептично 0.0 2.0 0.0
статей 0.0 1.398 0.0
итоге 0.001 0.62 0.001
животных 0.006 0.854 0.005
журналах 0.0 1.523 0.0
берут 0.0 1.046 0.0
высокомолекулярного 0.0 2.0 0.0
общем 0.0 1.097 0.0
графики 0.0 1.523 0.0
понимаем 0.0 1.222 0.0
объяснения 0.0 1.398 0.0
каком 0.0 1.0 0.0
осталось 0.0 1.0 0.0
общепринятый 0.0 2.0 0.0
фаза 0.001 1.301 0.001
остальные 0.0 0.854 0.0
вакциной 0.004 0.886 0.004
согласились 0.0 2.0 0.0
android 0.0 0.066 0.0
собеседников 0.0 1.301 0.0
результатами 0.001 1.301 0.001
иммунодоминантными 0.0 2.0 0.0
поповой 0.0 2.0 0.0
мишустин 0.0 1.523 0.0
протективные 0.0 2.0 0.0
вариантов 0.002 0.854 0.002
увидите 0.0 2.0 0.0
проникновение 0.0 2.0 0.0
недостаточная 0.0 2.0 0.0
нужна 0.001 0.092 0.0
проводились 0.001 1.222 0.001
марта 0.002 0.319 0.001
вакцинация 0.0 0.699 0.0
регистрирует 0.0 2.0 0.0
принято 0.0 1.097 0.0
разговора 0.001 1.301 0.001
попадает 0.0 1.398 0.0
употреблял 0.0 2.0 0.0
категорически 0.0 1.523 0.0
закрепление 0.0 1.699 0.0
продолжается 0.0 1.0 0.0
рентген 0.0 2.0 0.0
обезьян 0.001 2.0 0.002
бережно 0.0 2.0 0.0
посмотреть 0.001 0.721 0.001
отбирали 0.0 2.0 0.0
конструкции 0.001 1.523 0.002
пожилых 0.0 1.222 0.0
завершены 0.0 1.699 0.0
долгим 0.0 2.0 0.0
опубликовать 0.0 1.301 0.0
рецензирование 0.0 2.0 0.0
s-белке 0.0 1.699 0.0
участвуют 0.0 0.959 0.0
изменениям 0.0 2.0 0.0
привиться 0.001 0.796 0.001
уверен 0.0 0.959 0.0
медузе 0.001 0.066 0.0
учитывая 0.0 1.222 0.0
объяснить 0.0 0.921 0.0
эбола 0.001 1.523 0.002
первый 0.001 0.481 0.0
сказали 0.0 0.959 0.0
медиков 0.0 1.398 0.0
создателей 0.001 1.523 0.002
геометрический 0.0 2.0 0.0
ряду 0.0 1.699 0.0
blinded 0.0 2.0 0.0
медузу 0.001 0.066 0.0
обработки 0.0 0.066 0.0
нашлось 0.0 1.699 0.0
отбора 0.0 1.398 0.0
плюсом 0.0 2.0 0.0
выбранные 0.001 2.0 0.002
стороны 0.001 0.432 0.0
прибавило 0.0 2.0 0.0
собственная 0.0 1.699 0.0
массовой 0.0 0.097 0.0
проверку 0.0 1.398 0.0
направлена 0.0 2.0 0.0
прекрасно 0.0 1.222 0.0
сложно 0.0 0.538 0.0
каждый 0.001 0.509 0.001
эксперименты 0.001 1.301 0.001
находятся 0.001 0.854 0.001
продолжать 0.0 0.921 0.0
словам 0.001 0.658 0.001
первичной 0.0 2.0 0.0
максютова 0.0 2.0 0.0
значительное 0.0 1.398 0.0
известных 0.0 1.523 0.0
быстрым 0.0 1.523 0.0
выношу 0.0 2.0 0.0
человечество 0.001 1.523 0.002
заболеваний 0.0 0.745 0.0
наше 0.0 0.921 0.0
ведете 0.0 2.0 0.0
болеют 0.001 1.222 0.001
деятельности 0.0 1.097 0.0
вакцины 0.011 0.585 0.006
пептидных 0.0 1.699 0.0
реальная 0.0 1.699 0.0
этапа 0.0 1.222 0.0
попробуйте 0.0 1.523 0.0
эксперимент 0.0 1.523 0.0
расслеплении 0.0 2.0 0.0
специфичность 0.0 2.0 0.0
рейтер 0.001 1.155 0.001
другая 0.001 0.886 0.001
исхода 0.0 1.301 0.0
зарегистрировали 0.0 1.097 0.0
определить 0.001 1.523 0.002
опыт 0.0 0.886 0.0
свое 0.0 0.721 0.0
существующие 0.0 2.0 0.0
строго 0.0 1.398 0.0
дать 0.0 0.854 0.0
реклама 0.001 0.066 0.0
делать 0.001 0.276 0.0
оказаться 0.0 0.796 0.0
возникает 0.0 0.959 0.0
десятков 0.0 1.046 0.0
животные 0.002 2.0 0.004
защитить 0.0 1.0 0.0
поводу 0.0 0.824 0.0
непомнящих 0.001 2.0 0.002
рекомендация 0.0 2.0 0.0
рынок 0.0 0.921 0.0
защитных 0.0 1.699 0.0
помните 0.0 1.301 0.0
список 0.0 0.658 0.0
виду 0.001 0.745 0.001
белок-носитель 0.0 1.699 0.0
цепочки 0.0 1.222 0.0
россии 0.001 0.119 0.0
представлены 0.0 1.523 0.0
исследованиям 0.0 1.398 0.0
нейтрализовать 0.0 1.398 0.0
агента 0.001 0.097 0.0
пять 0.001 0.509 0.001
заражают 0.0 1.699 0.0
спад 0.001 1.523 0.002
тысячи 0.002 0.721 0.001
досье 0.001 1.301 0.001
болела 0.0 2.0 0.0
создатель 0.001 1.523 0.002
обещают 0.0 1.301 0.0
узнали 0.0 1.0 0.0
наша 0.001 0.77 0.001
участники 0.001 0.921 0.001
законам 0.0 1.398 0.0
минздрав 0.002 0.824 0.002
выборка 0.0 1.699 0.0
прививались 0.001 1.398 0.001
титров 0.001 1.699 0.002
выясниться 0.0 2.0 0.0
справочник 0.0 2.0 0.0
мир 0.0 0.553 0.0
опирались 0.0 1.523 0.0
высокой 0.0 0.959 0.0
возникающие 0.0 2.0 0.0
заболевания 0.001 0.62 0.001
учреждений 0.0 1.523 0.0
читателейнам 0.0 0.174 0.0
мурашко 0.0 1.699 0.0
британского 0.001 1.398 0.001
страны 0.0 0.444 0.0
стопроцентную 0.0 2.0 0.0
реакций 0.0 1.222 0.0
удалось 0.0 0.523 0.0
сбор 0.0 1.699 0.0
включения 0.0 1.699 0.0
появились 0.0 0.854 0.0
порядку 0.0 0.066 0.0
вашей 0.002 1.097 0.002
периодически 0.0 1.046 0.0
ершов 0.001 0.796 0.001
рыжикову 0.0 2.0 0.0
обратились 0.0 1.699 0.0
воспользовались 0.0 1.699 0.0
работает 0.004 0.367 0.001
третья 0.0 1.301 0.0
вами 0.0 1.0 0.0
организовать 0.0 1.155 0.0
самые 0.001 0.602 0.001
проверяли 0.001 1.398 0.001
выходите 0.0 2.0 0.0
вечной 0.0 2.0 0.0
уверенности 0.0 1.301 0.0
провести 0.001 0.745 0.001
сколько 0.002 0.585 0.001
индукции 0.0 2.0 0.0
вопроса 0.0 1.301 0.0
поняли 0.0 1.046 0.0
российской 0.001 0.432 0.0
парами 0.0 2.0 0.0
ответов 0.0 1.301 0.0
общее 0.0 1.046 0.0
преодолены 0.0 2.0 0.0
вируса 0.001 0.721 0.001
группах 0.0 1.0 0.0
лабораторией 0.0 1.699 0.0
консервативные 0.001 2.0 0.002
одному 0.001 0.921 0.001
составе 0.0 1.301 0.0
могут 0.0 0.187 0.0
новосибирским 0.0 2.0 0.0
должно 0.0 0.658 0.0
день 0.0 0.328 0.0
структуру 0.0 1.222 0.0
доказательства 0.0 1.155 0.0
поддерживать 0.0 0.886 0.0
rbd-района 0.0 2.0 0.0
писали 0.0 0.824 0.0
одном 0.0 0.699 0.0
пептидная 0.001 1.523 0.002
тысячах 0.001 1.398 0.001
использованы 0.0 1.699 0.0
а. 0.006 1.699 0.01
работать 0.001 0.409 0.0
нашем 0.0 0.959 0.0
пошел 0.0 1.097 0.0
наполнения 0.0 2.0 0.0
используете 0.0 1.699 0.0
переходе 0.0 2.0 0.0
кот 0.0 1.699 0.0
задачу 0.0 1.523 0.0
поствакцинальных 0.0 1.699 0.0
соотносятся 0.0 2.0 0.0
реакции 0.0 0.854 0.0
начале 0.001 0.602 0.001
добровольцы 0.0 1.398 0.0
боясь 0.001 1.699 0.002
последовательностей 0.0 1.523 0.0
столько 0.0 0.921 0.0
количество 0.001 0.62 0.001
посмотрели 0.0 2.0 0.0
мама 0.0 1.0 0.0
регулятором 0.0 1.523 0.0
универсальной 0.0 2.0 0.0
период 0.0 0.796 0.0
плавание 0.0 2.0 0.0
определенные 0.001 1.155 0.001
нем 0.0 0.602 0.0
индуцировать 0.0 2.0 0.0
создания 0.001 1.398 0.001
параметр 0.0 1.523 0.0
татьяной 0.0 2.0 0.0
мало 0.001 0.538 0.001
мутаций 0.0 1.222 0.0
максимально 0.0 0.721 0.0
мягко 0.0 1.301 0.0
кодирующие 0.0 2.0 0.0
пептидной 0.001 2.0 0.002
число 0.0 0.658 0.0
низких 0.0 1.523 0.0
градусах 0.0 1.699 0.0
болели 0.0 1.301 0.0
случае 0.001 0.357 0.0
моими 0.0 2.0 0.0
надежные 0.0 1.046 0.0
иммуногенности 0.0 1.301 0.0
само 0.0 0.921 0.0
прививали 0.0 2.0 0.0
иностранным 0.0 0.097 0.0
антигеном 0.001 2.0 0.002
завершаются 0.0 1.699 0.0
относительно 0.0 0.721 0.0
делают 0.001 0.745 0.001
выборке 0.001 1.222 0.001
например 0.002 0.229 0.0
выработкой 0.0 2.0 0.0
коронавирусом 0.001 0.699 0.001
решение 0.001 0.509 0.001
вирусной 0.001 1.523 0.002
увидели 0.0 1.155 0.0
что-то 0.0 0.569 0.0
мнению 0.0 0.638 0.0
пару 0.0 0.77 0.0
марте 0.0 1.046 0.0
получили 0.0 0.745 0.0
потерять 0.0 1.222 0.0
интенсивно 0.0 1.523 0.0
гистологии 0.0 2.0 0.0
жизнь 0.001 0.538 0.001
поддержите 0.0 0.102 0.0
соответствует 0.0 1.097 0.0
обращались 0.0 1.523 0.0
вижу 0.002 0.745 0.001
индустриальными 0.0 2.0 0.0
официальной 0.0 1.046 0.0
платформу 0.0 1.398 0.0
выбираете 0.0 2.0 0.0
поэтому 0.001 0.328 0.0
году 0.001 0.367 0.0
вашего 0.0 1.046 0.0
препарат 0.001 0.959 0.001
первых 0.0 0.959 0.0
лет 0.001 0.252 0.0
начинал 0.0 2.0 0.0
используется 0.001 0.796 0.001
любую 0.0 1.398 0.0
правило 0.0 1.097 0.0
дождаться 0.0 1.699 0.0
проводятся 0.001 1.097 0.001
сохраняют 0.0 1.699 0.0
министерство 0.001 1.301 0.001
сопровождении 0.0 2.0 0.0
вопрос 0.004 0.42 0.002
собственных 0.0 1.155 0.0
феврале 0.0 1.097 0.0
районы 0.001 1.523 0.002
данные 0.001 0.066 0.0
открытое 0.0 1.699 0.0
высококонсервативные 0.0 2.0 0.0
монопольных 0.0 2.0 0.0
принимаются 0.0 1.523 0.0
спайк-белка 0.0 1.699 0.0
ожидания 0.0 1.523 0.0
поступила 0.0 1.523 0.0
наши 0.0 0.721 0.0
получила 0.0 1.301 0.0
генома 0.001 1.301 0.001
светлана 0.001 1.222 0.001
новых 0.002 0.678 0.001
известны 0.001 1.222 0.001
подобных 0.0 1.0 0.0
понятно 0.001 0.699 0.001
целом 0.0 0.585 0.0
недоступны 0.0 1.523 0.0
коммерсантъ 0.001 1.523 0.002
вакцинных 0.0 1.523 0.0
рентгеновских 0.0 1.523 0.0
клиникой 0.0 2.0 0.0
вакцинирован 0.0 1.523 0.0
нейтрализующие 0.002 1.523 0.003
доклинике 0.001 2.0 0.002
ювелирной 0.0 2.0 0.0
смотреть 0.0 1.0 0.0
чистые 0.0 2.0 0.0
слияние 0.0 2.0 0.0
никто 0.001 0.523 0.001
говорить 0.0 0.602 0.0
генетических 0.0 1.523 0.0
личный 0.0 2.0 0.0
эффектов 0.001 1.046 0.001
вероятность 0.0 0.721 0.0
тысяч 0.003 0.337 0.001
высокий 0.0 1.046 0.0
изящно 0.0 2.0 0.0
принципе 0.0 0.796 0.0
источник 0.0 0.174 0.0
прививать 0.0 1.0 0.0
рецензировании 0.0 2.0 0.0
аргументов 0.0 1.301 0.0
подобного 0.0 1.523 0.0
хочу 0.001 0.137 0.0
уровня 0.0 0.959 0.0
побочных 0.001 0.959 0.001
восьми 0.0 1.301 0.0
просмотре 0.0 2.0 0.0
имел 0.0 1.523 0.0
замедляет 0.0 2.0 0.0
участии 0.0 0.959 0.0
старта 0.0 1.301 0.0
оборот 0.002 1.301 0.003
массой 0.0 2.0 0.0
ряд 0.0 1.046 0.0
влад 0.0 1.699 0.0
авторов 0.0 1.046 0.0
заражения 0.0 0.796 0.0
затронули 0.0 2.0 0.0
правила 0.0 0.066 0.0
спроектировали 0.0 2.0 0.0
подтверждено 0.001 1.523 0.002
сказать 0.001 0.495 0.0
добровольцах 0.001 1.301 0.001
рассказать 0.0 0.959 0.0
комментариями 0.0 1.699 0.0
возьмете 0.001 2.0 0.002
расчеты 0.0 1.699 0.0
© 0.0 0.0 0.0
обычный 0.001 1.398 0.001
значимости 0.001 1.699 0.002
разработчиков 0.0 1.097 0.0
данных 0.001 0.481 0.0
астафьев 0.0 2.0 0.0
ножке 0.0 2.0 0.0
достоверно 0.0 1.155 0.0
граждан 0.0 0.638 0.0
описано 0.0 1.398 0.0
свободное 0.0 1.222 0.0
пептиды 0.005 1.699 0.008
помню 0.0 1.155 0.0
количества 0.0 1.0 0.0
понятны 0.0 2.0 0.0
небольшое 0.0 1.097 0.0
рукописи 0.0 2.0 0.0
риска 0.0 0.699 0.0
сильно 0.001 0.509 0.001
клинические 0.002 1.097 0.002
заболеваемости 0.001 0.959 0.001
помощь 0.0 0.097 0.0
выпуск 0.0 1.301 0.0
итоги 0.0 1.301 0.0
пептид 0.001 2.0 0.002
инфекцией 0.0 1.222 0.0
заражали 0.0 1.699 0.0
разницы 0.0 1.523 0.0
добровольцами 0.0 1.398 0.0
воздушности 0.0 2.0 0.0
около 0.001 0.432 0.0
варианту 0.0 1.398 0.0
минимум 0.0 0.796 0.0
сработало 0.0 2.0 0.0
подверженные 0.0 2.0 0.0
внутреннее 0.0 2.0 0.0
разработке 0.0 1.222 0.0
миридонов 0.0 2.0 0.0
простой 0.001 1.097 0.001
началось 0.0 1.097 0.0
задала 0.0 1.398 0.0
авидности 0.0 2.0 0.0
отвечающих 0.0 1.699 0.0
характерными 0.0 1.699 0.0
гарантии 0.0 1.301 0.0
имеют 0.0 0.678 0.0
приматами 0.001 2.0 0.002
всем 0.001 0.252 0.0
некоторыми 0.0 1.398 0.0
заявляемый 0.0 2.0 0.0
хомяками 0.0 2.0 0.0
штамма 0.001 1.301 0.001
те 0.0 0.357 0.0
оно 0.0 0.444 0.0
рината 0.0 2.0 0.0
происходит 0.0 0.387 0.0
титра 0.0 1.523 0.0
экстремальных 0.0 2.0 0.0
встрече 0.0 1.301 0.0
стандартный 0.0 2.0 0.0
анны 0.0 2.0 0.0
получены 0.0 1.301 0.0
директора 0.001 1.097 0.001
выбрали 0.001 1.699 0.002
призывом 0.0 1.222 0.0
профилактическая 0.0 2.0 0.0
путей 0.0 1.523 0.0
журнале 0.0 0.921 0.0
районе 0.0 0.886 0.0
подадим 0.0 2.0 0.0
параллельно 0.0 1.097 0.0
бывает 0.0 1.0 0.0
лишних 0.0 2.0 0.0
разработчики 0.001 1.0 0.001
завтра 0.0 1.523 0.0
выбора 0.0 1.398 0.0
хомячков 0.0 1.699 0.0
живут 0.0 0.886 0.0
является 0.002 0.745 0.001
проведение 0.0 1.155 0.0
главное 0.001 0.658 0.001
заблуждение 0.0 1.398 0.0
гражданский 0.002 1.523 0.003
понимаю 0.001 0.796 0.001
вызывает 0.001 0.886 0.001
показала 0.001 1.222 0.001
эффект 0.0 1.097 0.0
информация 0.0 0.824 0.0
показывать 0.0 0.066 0.0
заострим 0.0 2.0 0.0
twitter 0.0 0.0 0.0
заключения 0.0 1.398 0.0
готовые 0.0 2.0 0.0
n-белку 0.0 2.0 0.0
эпитопам 0.0 2.0 0.0
платформы 0.001 0.066 0.0
наверное 0.0 0.921 0.0
работали 0.0 1.046 0.0
иммунную 0.0 1.398 0.0
которые 0.005 0.119 0.001
meduza 0.001 0.0 0.0
наблюдателей 0.0 1.523 0.0
т. 0.008 0.921 0.007
размер 0.0 1.523 0.0
организма 0.0 0.921 0.0
основанную 0.0 2.0 0.0
высокую 0.0 1.523 0.0
кровь 0.0 1.398 0.0
плацебо 0.003 0.959 0.003
лаборатории 0.0 1.097 0.0
прививаются 0.0 1.523 0.0
внимание 0.001 0.658 0.001
пятью 0.0 1.523 0.0
никулина 0.0 2.0 0.0
партнерами 0.0 1.523 0.0
александром 0.0 1.523 0.0
задания 0.0 1.699 0.0
клинике 0.0 2.0 0.0
из-за 0.0 0.229 0.0
нагружает 0.0 2.0 0.0
подход 0.001 0.959 0.001
подходящего 0.0 2.0 0.0
ждем 0.001 1.301 0.001
иммуногенные 0.001 2.0 0.002
проблемой 0.0 1.097 0.0
реакцию 0.0 1.155 0.0
отказали 0.0 1.398 0.0
нашим 0.001 1.155 0.001
объемы 0.0 1.523 0.0
четверть 0.0 2.0 0.0
уколовшись 0.0 2.0 0.0
значит 0.0 0.444 0.0
экспериментальные 0.0 2.0 0.0
гифки 0.0 0.066 0.0
вышла 0.0 0.959 0.0
людей 0.005 0.161 0.001
кроме 0.002 0.387 0.001
клиника 0.0 1.398 0.0
учетом 0.0 0.921 0.0
нейтрализации 0.001 1.222 0.001
встречаться 0.0 1.699 0.0
называемой 0.0 1.398 0.0
научная 0.0 1.301 0.0
различных 0.0 1.301 0.0
риск 0.002 0.538 0.001
леонида 0.0 1.523 0.0
анонимно 0.0 0.066 0.0
второй 0.001 0.42 0.0
заболевших 0.0 0.824 0.0
ваша 0.002 0.102 0.0
вызывать 0.001 0.921 0.001
исследовали 0.0 1.699 0.0
эпиваккороной 0.002 1.222 0.002
чувствительность 0.0 2.0 0.0
продолжаются 0.001 1.398 0.001
никакие 0.001 1.301 0.001
изначально 0.001 0.959 0.001
никак 0.0 0.886 0.0
готова 0.0 1.155 0.0
интервью 0.001 0.745 0.001
подведения 0.0 2.0 0.0
слово 0.0 0.959 0.0
т-клеточный 0.0 2.0 0.0
сразу 0.0 0.553 0.0
полноразмерный 0.0 2.0 0.0
куки 0.0 0.066 0.0
исследованных 0.0 1.398 0.0
безопасна 0.001 1.222 0.001
использование 0.0 0.066 0.0
прошло 0.0 1.046 0.0
обозримом 0.0 2.0 0.0
приматы 0.0 2.0 0.0
настойчивость 0.0 2.0 0.0
удаленных 0.0 2.0 0.0
производителям 0.0 1.699 0.0
вакцина 0.01 0.721 0.007
сижу 0.001 1.398 0.001
s 0.0 0.796 0.0
октябре 0.0 1.222 0.0
препаратом 0.0 1.097 0.0
спрятанными 0.0 2.0 0.0
года 0.003 0.167 0.001
заявлениям 0.0 1.398 0.0
en 0.0 0.066 0.0
эффективностью 0.0 0.921 0.0
процесс 0.0 0.921 0.0
противоречит 0.0 1.699 0.0
поствакцинального 0.0 1.699 0.0
доставить 0.0 1.699 0.0
брали 0.0 1.523 0.0
начали 0.002 0.481 0.001
неделю-другую 0.0 2.0 0.0
вакцине 0.002 0.886 0.002
этический 0.0 2.0 0.0
включавшего 0.0 2.0 0.0
структуры 0.0 1.301 0.0
насколько 0.001 0.42 0.0
итоговой 0.0 2.0 0.0
избыточная 0.0 1.523 0.0
будут 0.002 0.301 0.001
статистики 0.0 1.222 0.0
нужный 0.0 1.699 0.0
уникальной 0.001 2.0 0.002
заместителю 0.0 2.0 0.0
вырабатываются 0.0 1.523 0.0
большое 0.001 0.854 0.001
выйдут 0.0 1.699 0.0
опубликовал 0.0 1.222 0.0
угроза 0.0 1.523 0.0
крайней 0.0 0.721 0.0
по-другому 0.001 1.155 0.001
проводилось 0.0 1.523 0.0
лемешкино 0.0 2.0 0.0
никакой 0.001 0.854 0.001
пострегистрационным 0.0 2.0 0.0
чертой 0.0 1.699 0.0
недостатки 0.0 1.699 0.0
ареактогенна 0.0 2.0 0.0
заболеваемость 0.0 1.046 0.0
одно 0.0 0.699 0.0
безопасностью 0.0 2.0 0.0
отпустили 0.0 1.523 0.0
сработал 0.0 1.699 0.0
вообще 0.003 0.066 0.0
основании 0.001 0.854 0.001
вакцинированные 0.001 1.398 0.001
лишь 0.0 0.481 0.0
эпидемиологической 0.0 1.398 0.0
дальнейшем 0.0 1.699 0.0
ампула 0.0 2.0 0.0
понимать 0.0 0.886 0.0
направлений 0.0 1.523 0.0
академической 0.0 2.0 0.0
вышедшие 0.0 2.0 0.0
испытания 0.0 1.046 0.0
татьяне 0.0 1.699 0.0
способность 0.0 0.959 0.0
степени 0.0 0.721 0.0
эксперименту 0.0 2.0 0.0
цитотоксичности 0.0 2.0 0.0
аллергии 0.0 1.222 0.0
новая 0.0 0.678 0.0
вблизи 0.0 1.699 0.0
помочь 0.0 0.131 0.0
скорее 0.001 0.509 0.001
вирусу 0.0 1.046 0.0
некрасов 0.0 1.699 0.0
рассказал 0.001 0.796 0.001
привился 0.0 1.398 0.0
действующим 0.0 2.0 0.0
вес 0.001 1.699 0.002
являются 0.0 1.155 0.0
сохраняется 0.0 1.398 0.0
случаи 0.0 0.721 0.0
устроена 0.0 1.699 0.0
белках-носителях 0.0 2.0 0.0
населенных 0.001 1.523 0.002
свои 0.0 0.481 0.0
положительного 0.0 1.301 0.0
которое 0.001 0.337 0.0
частицы 0.0 1.301 0.0
новостиисторииразборшапитокоронавирусмагаз 0.0 0.066 0.0
сентябрю 0.001 1.523 0.002
совместно 0.0 1.301 0.0
обычно 0.001 0.523 0.001
сотрудников 0.0 1.0 0.0
лабораторию 0.0 2.0 0.0
успешно 0.001 1.097 0.001
должны 0.001 0.432 0.0
статьях 0.0 2.0 0.0
геноме 0.0 1.523 0.0
пневмонии 0.001 1.398 0.001
здравоохранения 0.001 0.658 0.001
которая 0.002 0.301 0.001
описать 0.0 1.301 0.0
выложили 0.0 1.523 0.0
требованиям 0.0 1.699 0.0
выполняющим 0.001 0.097 0.0
возможно 0.0 0.398 0.0
характерные 0.0 1.699 0.0
посмотрев 0.0 2.0 0.0
появятся 0.0 1.398 0.0
ошибку 0.0 0.066 0.0
s-rbd-району 0.0 2.0 0.0
понедельник 0.0 1.301 0.0
n-белке 0.0 2.0 0.0
уйти 0.001 1.222 0.001
предельного 0.0 2.0 0.0
безопасность 0.001 0.921 0.001
прививки 0.0 0.638 0.0
дал 0.001 1.222 0.001
компании 0.001 0.523 0.001
делался 0.0 2.0 0.0
проблемы 0.001 0.62 0.001
месяц 0.001 0.745 0.001
спутника 0.001 0.796 0.001
особо 0.0 1.097 0.0
предварительных 0.001 2.0 0.002
сделали 0.0 0.886 0.0
берем 0.001 1.398 0.001
консервативны 0.0 2.0 0.0
поражения 0.0 1.301 0.0
прекрасная 0.0 2.0 0.0
пуле 0.0 2.0 0.0
появление 0.0 0.959 0.0
деле 0.001 0.553 0.001
требует 0.001 0.824 0.001
производителю 0.0 1.301 0.0
сравнения 0.001 0.921 0.001
стран 0.0 0.469 0.0
некоторых 0.0 0.523 0.0
идет 0.001 0.367 0.0
падение 0.0 1.155 0.0
н. 0.008 1.699 0.014
регистрация 0.0 1.222 0.0
контрольную 0.0 2.0 0.0
эксперименте 0.001 1.523 0.002
материал 0.0 0.086 0.0
—18 0.0 2.0 0.0
таким 0.001 0.658 0.001
отвечу 0.0 1.699 0.0
оболочки 0.0 2.0 0.0
новый 0.001 0.658 0.001
доля 0.0 0.959 0.0
весны 0.0 1.301 0.0
девять 0.0 1.301 0.0
результате 0.0 0.62 0.0
испытаний 0.0 0.921 0.0
белка 0.001 1.301 0.001
отчет 0.001 1.301 0.001
примерно 0.001 0.585 0.001
сотен 0.0 1.222 0.0
менять 0.0 1.301 0.0
второго 0.0 1.0 0.0
вирус 0.001 0.678 0.001
мутации 0.001 1.222 0.001
вариантами 0.0 1.046 0.0
референсного 0.0 2.0 0.0
выйдет 0.0 1.699 0.0
допускали 0.0 1.699 0.0
работы 0.001 0.553 0.001
выше 0.001 0.509 0.001
организм 0.0 1.222 0.0
аналогично 0.0 1.699 0.0
трое 0.0 1.699 0.0
известно 0.0 0.481 0.0
s-белка 0.0 1.523 0.0
формирующиеся 0.0 2.0 0.0
желание 0.001 1.155 0.001
платформе 0.0 1.398 0.0
привитых 0.001 0.824 0.001
средний 0.0 1.398 0.0
порядка 0.0 1.523 0.0
совпадают 0.0 1.523 0.0
беседовали 0.0 2.0 0.0
окончания 0.0 1.301 0.0
результатов 0.0 0.886 0.0
стране 0.0 0.523 0.0
ревакцинироваться 0.0 1.699 0.0
сбалансированный 0.0 1.699 0.0
прошлого 0.0 1.222 0.0
титре 0.0 1.699 0.0
задача 0.001 0.959 0.001
доклиникой 0.0 2.0 0.0
заменен 0.0 2.0 0.0
письмо 0.0 1.097 0.0
гендиректора 0.0 1.398 0.0
защищены 0.0 1.523 0.0
ближайшее 0.001 0.959 0.001
руководителя 0.0 1.222 0.0
занимается 0.0 1.155 0.0
молекулярной 0.0 2.0 0.0
мяч 0.001 2.0 0.002
люди 0.001 0.276 0.0
вечная 0.001 2.0 0.002
тест-систем 0.0 2.0 0.0
маленькая 0.0 1.222 0.0
белок 0.001 1.398 0.001
предварительные 0.001 1.155 0.001
законодательством 0.0 2.0 0.0
регистрации 0.0 1.046 0.0
сообществе 0.0 1.523 0.0
уверены 0.0 1.097 0.0
использовать 0.001 0.585 0.001
пунктов 0.001 0.959 0.001
отобраны 0.0 2.0 0.0
ста 0.0 1.398 0.0
получение 0.001 1.398 0.001
лихорадки 0.0 1.699 0.0
делаем 0.0 1.523 0.0
возможности 0.001 0.77 0.001
часто 0.0 0.456 0.0
эпивакэбола 0.0 2.0 0.0
образом 0.001 0.602 0.001
открытый 0.0 1.699 0.0
инстаграм 0.0 0.066 0.0
считали 0.001 1.222 0.001
вопросы 0.001 0.481 0.0
вектор-биальгам 0.0 2.0 0.0
дается 0.0 2.0 0.0
публиковать 0.001 1.155 0.001
легко 0.0 0.824 0.0
результаты 0.003 0.62 0.002
вакцино-специфических 0.0 2.0 0.0
рекомендуют 0.0 0.796 0.0
структуре 0.0 1.398 0.0
абсолютный 0.0 2.0 0.0
хотя 0.001 0.276 0.0
анализа 0.0 1.097 0.0
уверенный 0.001 2.0 0.002
виварии 0.0 2.0 0.0
это 0.012 0.066 0.001
тест-системой 0.001 2.0 0.002
вакцин 0.001 0.62 0.001
независимой 0.001 1.222 0.001
александру 0.0 1.699 0.0
вакцинаций 0.0 1.398 0.0
регионах 0.001 0.886 0.001
лучшие 0.0 1.398 0.0
выдавал 0.0 2.0 0.0
работаем 0.0 0.161 0.0
двух 0.001 0.377 0.0
добьетесь 0.0 2.0 0.0
доказательством 0.0 1.699 0.0
исследовании 0.001 0.824 0.001
самостоятельного 0.0 2.0 0.0
изменений 0.0 1.398 0.0
импортной 0.0 1.699 0.0
запуске 0.0 1.523 0.0
english 0.0 0.06 0.0
научным 0.0 1.398 0.0
ввел 0.0 1.398 0.0
отсутствие 0.0 0.921 0.0
конкуренты 0.0 2.0 0.0
иммуногенность 0.001 1.523 0.002
рассчитано 0.0 1.699 0.0
устойчива 0.0 2.0 0.0
применение 0.0 1.155 0.0
хорошая 0.0 0.886 0.0
блокирование 0.001 1.699 0.002
поддержка 0.0 0.167 0.0
такого 0.001 0.509 0.001
журналисты 0.001 0.886 0.001
авидность 0.0 2.0 0.0
можете 0.001 0.699 0.001
пострегистрационная 0.0 2.0 0.0
события 0.0 0.745 0.0
мере 0.0 0.569 0.0
1:60 0.0 2.0 0.0
сделал 0.0 0.854 0.0
результатам 0.0 1.0 0.0
разработчику 0.001 1.222 0.001
полутора 0.0 1.523 0.0
применили 0.0 2.0 0.0
времени 0.001 0.523 0.001
crossover 0.0 2.0 0.0
увеличили 0.0 2.0 0.0
источниках 0.0 1.699 0.0
очень-то 0.0 2.0 0.0
имеет 0.0 0.602 0.0
набрать 0.0 1.155 0.0
патент 0.002 1.699 0.003
любым 0.0 1.699 0.0
интервалы 0.0 1.523 0.0
несколькоинтервью 0.0 2.0 0.0
мембраны 0.0 2.0 0.0
замечательно 0.001 1.699 0.002
пошла 0.001 1.222 0.001
знаю 0.001 0.721 0.001
тестам 0.0 2.0 0.0
журнала 0.0 1.699 0.0
самих 0.0 0.921 0.0
поскольку 0.0 0.678 0.0
нормальную 0.0 1.699 0.0
знает 0.0 0.854 0.0
facebook 0.0 0.0 0.0
менее 0.001 0.432 0.0
ниже 0.0 0.77 0.0
патентах 0.0 2.0 0.0
ткань 0.0 1.398 0.0
препринты 0.0 1.699 0.0
вроде 0.0 0.658 0.0
критериям 0.001 1.699 0.002
исследованием 0.0 1.523 0.0
подвести 0.0 2.0 0.0
60+ 0.001 1.699 0.002
проходят 0.001 1.0 0.001
пойти 0.0 1.097 0.0
отдельности 0.001 1.699 0.002
вызываемой 0.0 2.0 0.0
scanpix 0.001 0.301 0.0
авторы 0.0 0.921 0.0
критериев 0.0 1.699 0.0
середине 0.001 0.886 0.001
обычных 0.0 1.097 0.0
планировала 0.0 1.523 0.0
гистологическом 0.0 2.0 0.0
заключалась 0.0 1.699 0.0
видах 0.0 1.699 0.0
глазами 0.001 1.301 0.001
применении 0.0 1.046 0.0
досконально 0.0 2.0 0.0
исследования 0.009 0.481 0.004
ваш 0.0 1.155 0.0
персональные 0.0 0.066 0.0
такое 0.0 0.347 0.0
акцентировали 0.0 2.0 0.0
считаем 0.0 1.523 0.0
производится 0.0 1.523 0.0
упала 0.0 1.699 0.0
немного 0.0 0.77 0.0
назвали 0.0 1.222 0.0
основная 0.0 1.046 0.0
конкретно 0.0 1.222 0.0
пяти 0.001 0.959 0.001
моменту 0.0 1.097 0.0
эта 0.001 0.367 0.0
татьяна 0.0 1.398 0.0
представим 0.0 1.523 0.0
однако 0.0 0.337 0.0
начала 0.0 0.398 0.0
подхода 0.0 1.155 0.0
сообщение 0.0 0.102 0.0
сыворотки 0.001 1.222 0.001
сделать 0.0 0.357 0.0
