редакции 0.002 0.066 0.0
сертификата 0.001 1.523 0.002
внутриполитическому 0.001 1.699 0.002
уговорить 0.001 2.0 0.002
противников 0.002 1.301 0.003
список 0.001 0.658 0.001
баннерам 0.001 0.066 0.0
рассчитывает 0.001 1.699 0.002
россии 0.006 0.119 0.001
президент 0.001 0.854 0.001
исследованиям 0.001 1.398 0.001
относится 0.001 1.0 0.001
фиксируют 0.001 1.699 0.002
боятся 0.001 1.0 0.001
гифки 0.001 0.066 0.0
госкорпорации 0.001 1.523 0.002
намного 0.002 0.959 0.002
агента 0.002 0.097 0.0
владимира 0.003 0.959 0.003
людей 0.002 0.161 0.0
свердловской 0.001 2.0 0.002
говорит 0.001 0.409 0.0
пропаганда 0.002 1.046 0.002
рекомендует 0.001 0.886 0.001
надеются 0.001 1.699 0.002
политического 0.001 1.155 0.001
телеканалам 0.001 2.0 0.002
главных 0.001 0.678 0.001
александра 0.001 1.155 0.001
in 0.001 0.0 0.0
выполняющей 0.001 2.0 0.002
количественные 0.001 1.699 0.002
регионов 0.001 0.921 0.001
европе 0.002 0.658 0.001
затруднились 0.001 2.0 0.002
высок 0.001 2.0 0.002
законопроекта 0.001 2.0 0.002
использованию 0.001 1.523 0.002
возглавлял 0.001 1.699 0.002
ведет 0.002 1.097 0.002
участники 0.001 0.921 0.001
единых 0.001 2.0 0.002
работе 0.001 0.824 0.001
тысячный 0.002 1.699 0.003
экстравагантными 0.001 2.0 0.002
министров 0.001 1.699 0.002
таких 0.001 0.347 0.0
федеральном 0.001 2.0 0.002
который 0.001 0.194 0.0
анонимно 0.001 0.066 0.0
ответил 0.001 1.046 0.001
уровень 0.001 0.824 0.001
информацию 0.001 0.62 0.001
ваша 0.002 0.102 0.0
близкого 0.001 1.523 0.002
обрушит 0.001 1.699 0.002
российское 0.001 0.921 0.001
вакцинированных 0.001 0.678 0.001
готова 0.001 1.155 0.001
тема 0.001 1.222 0.001
пресс-секретарь 0.001 1.222 0.001
рейтинг 0.004 1.0 0.004
стараются 0.002 1.155 0.002
новиков 0.002 2.0 0.004
стратегия 0.002 1.398 0.003
попыткам 0.001 2.0 0.002
изучая 0.001 1.523 0.002
замглавы 0.001 1.699 0.002
читателейнам 0.001 0.174 0.0
согласуют 0.001 2.0 0.002
мотивы 0.001 1.523 0.002
предъявлять 0.001 1.699 0.002
куки 0.001 0.066 0.0
лидеры 0.001 1.523 0.002
общественных 0.001 1.222 0.001
отказываться 0.001 1.523 0.002
ноября 0.001 0.745 0.001
федерального 0.001 1.222 0.001
безопасна 0.001 1.222 0.001
десятки 0.001 0.745 0.001
приводят 0.001 1.222 0.001
использование 0.001 0.066 0.0
дискредитации 0.001 1.301 0.001
вот… 0.001 2.0 0.002
перезапустить 0.001 1.699 0.002
вакцина 0.004 0.721 0.003
считаются 0.001 1.398 0.001
фадеичев 0.001 2.0 0.002
порядку 0.001 0.066 0.0
пусть 0.001 0.921 0.001
навязывают 0.001 1.523 0.002
схему 0.001 1.699 0.002
толком 0.001 1.699 0.002
en 0.001 0.066 0.0
попала 0.001 1.301 0.001
мнений 0.001 1.523 0.002
работает 0.002 0.367 0.001
переслал 0.001 2.0 0.002
понимают 0.001 1.097 0.001
социологическим 0.001 1.699 0.002
сожалению 0.001 0.569 0.001
сверху 0.001 1.155 0.001
распространено 0.001 0.102 0.0
другом 0.001 0.721 0.001
устроено 0.002 1.0 0.002
ios 0.001 0.066 0.0
источника 0.001 1.097 0.001
слушают 0.003 1.398 0.004
кремле 0.002 1.699 0.003
внутриполитический 0.002 2.0 0.004
поняли 0.001 1.046 0.001
будут 0.006 0.301 0.002
стимулированию 0.001 2.0 0.002
занимаются 0.001 1.301 0.001
ап 0.01 1.523 0.015
советы 0.001 1.398 0.001
расскажут 0.001 1.523 0.002
несколько 0.001 0.201 0.0
сомневаетесь 0.002 1.699 0.003
однозначно 0.001 0.959 0.001
недовольных 0.001 2.0 0.002
крупной 0.001 1.398 0.001
соцопросом 0.001 2.0 0.002
доказывают 0.002 1.699 0.003
слезах 0.001 1.699 0.002
подтвердить 0.001 1.097 0.001
мэрам 0.001 1.699 0.002
намерены 0.001 1.699 0.002
считается 0.001 0.959 0.001
отчуждение 0.002 1.699 0.003
прямой 0.001 1.046 0.001
чье-то 0.001 1.699 0.002
лица 0.001 0.824 0.001
недоверие 0.002 1.699 0.003
qr-кодов 0.003 1.301 0.004
медузы 0.013 0.268 0.003
полностью 0.001 0.538 0.001
писал 0.001 1.046 0.001
одном 0.001 0.699 0.001
пока 0.003 0.208 0.001
трех 0.001 0.638 0.001
показывает 0.001 0.854 0.001
заболеваемость 0.002 1.046 0.002
одно 0.001 0.699 0.001
пугают 0.001 2.0 0.002
работать 0.001 0.409 0.0
уносит 0.001 2.0 0.002
далее 0.002 0.959 0.002
сих 0.002 0.481 0.001
близкие 0.001 1.097 0.001
кремля 0.002 1.222 0.002
вообще 0.002 0.066 0.0
имбецилами 0.002 1.398 0.003
объясняет 0.002 0.658 0.001
нового 0.001 0.638 0.001
qr-кодам 0.002 2.0 0.004
пожелание 0.001 2.0 0.002
истории 0.001 0.337 0.0
болезнь 0.001 1.155 0.001
сети 0.001 1.0 0.001
молодой 0.001 1.398 0.001
осознают 0.001 1.523 0.002
коммерсант 0.001 1.699 0.002
рука 0.001 1.699 0.002
первого 0.002 0.658 0.001
волатильность 0.001 2.0 0.002
правительства 0.001 0.921 0.001
пандемия 0.001 1.097 0.001
сотрудники 0.001 0.824 0.001
всячески 0.001 1.699 0.002
колеблющихся 0.001 2.0 0.002
нашли 0.001 0.066 0.0
связи 0.001 0.0 0.0
медуза 0.006 0.066 0.0
новая 0.002 0.678 0.001
раскалывающей 0.001 2.0 0.002
нам 0.003 0.086 0.0
помочь 0.001 0.131 0.0
влияние 0.001 1.046 0.001
показать 0.001 1.155 0.001
харичев 0.001 2.0 0.002
привел 0.001 1.523 0.002
благодаря 0.001 0.77 0.001
властей 0.003 0.824 0.002
падает 0.001 1.222 0.001
стало 0.002 0.481 0.001
зависимости 0.002 0.796 0.002
близкими 0.001 1.398 0.001
выносить 0.001 1.523 0.002
юридическим 0.001 0.102 0.0
максимально 0.001 0.721 0.001
мягко 0.001 1.301 0.001
местах 0.001 1.222 0.001
материалам 0.001 0.066 0.0
рассказал 0.001 0.796 0.001
срочно 0.001 0.167 0.0
некий 0.001 2.0 0.002
говорится 0.001 0.824 0.001
принципиально 0.001 0.959 0.001
кино 0.001 1.523 0.002
несмотря 0.001 0.456 0.0
меньше 0.002 0.444 0.001
администрация 0.003 1.398 0.004
усилия 0.002 1.155 0.002
чудинки 0.001 2.0 0.002
фсо 0.001 2.0 0.002
заявил 0.001 0.658 0.001
сергей 0.002 0.886 0.002
девушка 0.001 1.222 0.001
якобы 0.001 0.854 0.001
иностранным 0.001 0.097 0.0
управление 0.002 1.097 0.002
северо-западном 0.001 2.0 0.002
российском 0.001 0.921 0.001
главный 0.001 0.638 0.001
несогласные 0.001 2.0 0.002
весь 0.001 0.638 0.001
кампания 0.002 1.398 0.003
например 0.001 0.229 0.0
примера 0.001 1.699 0.002
своих 0.001 0.398 0.0
терапией 0.001 2.0 0.002
коронавирусом 0.001 0.699 0.001
светланы 0.001 1.523 0.002
которое 0.001 0.337 0.0
по-прежнему 0.001 0.824 0.001
социологической 0.001 2.0 0.002
чудинкой 0.001 2.0 0.002
жизни 0.002 0.432 0.001
споров 0.001 1.398 0.001
ctrl+enter 0.001 0.066 0.0
безопасно 0.001 0.066 0.0
новостиисторииразборшапитокоронавирусмагаз 0.001 0.066 0.0
проще 0.001 1.0 0.001
инициатива 0.001 1.398 0.001
андрей 0.001 1.155 0.001
транспорте 0.001 1.398 0.001
youtube 0.001 0.06 0.0
крае 0.001 1.699 0.002
конченой 0.001 2.0 0.002
описывает 0.001 1.222 0.001
западной 0.002 1.222 0.002
создано 0.001 0.097 0.0
жизнь 0.001 0.538 0.001
врачи 0.001 0.886 0.001
собирают 0.001 1.222 0.001
телевизор 0.001 1.301 0.001
оказался 0.001 0.886 0.001
многоголосые 0.001 2.0 0.002
поддержите 0.001 0.102 0.0
качественные 0.001 1.699 0.002
населения 0.002 0.658 0.001
достаточно 0.001 0.444 0.0
получать 0.001 1.097 0.001
утверждению 0.001 1.523 0.002
сегодня 0.001 0.638 0.001
поэтому 0.001 0.328 0.0
многие 0.001 0.284 0.0
средством 0.001 0.102 0.0
выполняющим 0.002 0.097 0.0
соответствующие 0.001 1.398 0.001
склоняются 0.001 2.0 0.002
ошибку 0.001 0.066 0.0
антиваксеры 0.001 2.0 0.002
ролики 0.001 1.699 0.002
чудинку 0.001 2.0 0.002
добавил 0.002 1.699 0.003
прививки 0.001 0.638 0.001
компании 0.001 0.523 0.001
заказы 0.001 1.699 0.002
вопрос 0.002 0.42 0.001
спутника 0.001 0.796 0.001
буквально 0.001 0.886 0.001
розыгрыш 0.001 1.699 0.002
блоку 0.001 1.699 0.002
округе 0.001 1.699 0.002
данные 0.001 0.066 0.0
дают 0.001 0.721 0.001
россияне 0.003 0.678 0.002
планах 0.001 1.222 0.001
ходить 0.001 1.222 0.001
убеждать 0.001 1.523 0.002
мягкой 0.001 1.699 0.002
показатель 0.001 1.301 0.001
канала 0.002 0.959 0.002
вынуждают 0.001 1.523 0.002
кости 0.001 1.699 0.002
мире 0.001 0.553 0.001
растет 0.002 1.155 0.002
нажмите 0.001 0.066 0.0
требует 0.001 0.824 0.001
тиктоке 0.001 2.0 0.002
скудные 0.001 1.699 0.002
колеблющиеся 0.001 1.699 0.002
ситуацию 0.001 0.796 0.001
rt 0.002 0.824 0.002
антиваксеров 0.001 2.0 0.002
идет 0.004 0.367 0.001
повседневную 0.001 2.0 0.002
российских 0.001 0.337 0.0
перезапускать 0.001 2.0 0.002
падение 0.002 1.155 0.002
западе 0.002 0.959 0.002
числе 0.001 0.31 0.0
блока 0.001 1.523 0.002
иностранного 0.002 0.102 0.0
социологические 0.001 2.0 0.002
области 0.001 0.602 0.001
набирают 0.001 2.0 0.002
человек 0.001 0.215 0.0
материал 0.001 0.086 0.0
забили 0.001 2.0 0.002
здоровья 0.001 0.959 0.001
выступают 0.001 1.222 0.001
ломит 0.001 1.699 0.002
угля 0.001 2.0 0.002
исследований 0.001 0.585 0.001
обычная 0.001 1.155 0.001
месяца 0.004 0.745 0.003
кампании 0.001 0.854 0.001
мерами 0.001 1.523 0.002
б 0.001 1.523 0.002
госструктур 0.001 1.699 0.002
– 0.001 0.06 0.0
вакцинироваться 0.002 1.0 0.002
жителей 0.002 0.569 0.001
оба 0.001 0.959 0.001
время 0.002 0.102 0.0
ковида 0.002 0.444 0.001
видим 0.001 0.921 0.001
leta 0.001 0.301 0.0
нами 0.001 0.066 0.0
песков 0.003 1.155 0.003
хотят 0.004 0.745 0.003
полную 0.001 1.046 0.001
авторитетное 0.001 2.0 0.002
примерно 0.001 0.585 0.001
сообщить 0.001 1.523 0.002
рекламаmeduza 0.001 0.066 0.0
никто 0.002 0.523 0.001
мест 0.001 1.398 0.001
работы 0.001 0.553 0.001
причин 0.001 0.921 0.001
рекомендуется 0.001 1.046 0.001
лицом 0.001 0.102 0.0
мейнстримом 0.002 2.0 0.004
отношение 0.001 1.0 0.001
секретная 0.001 2.0 0.002
антиваксерство 0.002 2.0 0.004
перезагрузку 0.001 2.0 0.002
соратниками 0.001 1.699 0.002
функции 0.002 0.097 0.0
ответить 0.002 0.886 0.002
тысяч 0.001 0.337 0.0
блин 0.001 1.699 0.002
госсовета 0.001 1.523 0.002
продвижению 0.001 1.699 0.002
претензии 0.001 1.523 0.002
борьбе 0.001 0.796 0.001
выяснила 0.002 1.097 0.002
опасаются 0.001 1.523 0.002
канал 0.002 1.097 0.002
публику 0.001 2.0 0.002
касается 0.001 0.602 0.001
теме 0.001 1.301 0.001
президенту 0.001 1.222 0.001
обеспечению 0.001 1.398 0.001
знакомый 0.001 1.523 0.002
разговаривать 0.001 1.097 0.001
примеров 0.001 1.398 0.001
назад 0.004 0.18 0.001
„ 0.002 0.62 0.001
агрессивно 0.002 1.398 0.003
убежденные 0.001 1.699 0.002
безопасности 0.001 0.481 0.0
принципе 0.001 0.796 0.001
обрушить 0.001 2.0 0.002
перейти 0.001 0.066 0.0
поддержать 0.001 0.066 0.0
источник 0.008 0.174 0.001
президента 0.012 0.745 0.009
междугороднем 0.001 2.0 0.002
скепсисом 0.001 2.0 0.002
жалуются 0.001 1.0 0.001
ведомства 0.001 1.222 0.001
какие-то 0.001 0.538 0.001
алкоголя 0.001 1.699 0.002
кодекс 0.001 0.066 0.0
“ 0.002 0.432 0.001
хочу 0.001 0.137 0.0
пиар-кампанией 0.001 2.0 0.002
ковид 0.001 0.796 0.001
рассказывает 0.001 0.569 0.001
действиям 0.001 1.398 0.001
руководством 0.001 1.046 0.001
продажу 0.001 1.523 0.002
серьезно 0.001 1.301 0.001
росатом 0.001 2.0 0.002
содержимого 0.001 2.0 0.002
тасс 0.001 0.699 0.001
кампанию 0.002 1.222 0.002
качестве 0.002 0.678 0.001
занимается 0.001 1.155 0.001
руководителя 0.001 1.222 0.001
работу 0.001 0.658 0.001
кликбейт 0.001 2.0 0.002
собеседник 0.002 1.301 0.003
люди 0.004 0.276 0.001
участии 0.001 0.959 0.001
данное 0.001 0.097 0.0
администрации 0.006 1.046 0.006
принцип 0.001 1.301 0.001
какой-то 0.001 0.538 0.001
находится 0.001 0.678 0.001
пропагандирует 0.002 1.301 0.003
пор 0.002 0.387 0.001
антиковидными 0.001 2.0 0.002
правила 0.001 0.066 0.0
уверены 0.001 1.097 0.001
округа 0.001 1.699 0.002
вакцинации 0.013 0.553 0.007
заботит 0.001 2.0 0.002
вконтакте 0.001 0.066 0.0
заявляет 0.001 1.523 0.002
часть 0.001 0.456 0.0
общественным 0.001 1.523 0.002
верят 0.001 1.155 0.001
live 0.001 0.022 0.0
слышат 0.001 1.523 0.002
введении 0.001 1.398 0.001
получение 0.001 1.398 0.001
проводит 0.001 1.155 0.001
часто 0.001 0.456 0.0
кириенко 0.002 1.699 0.003
решений 0.001 1.222 0.001
блог 0.001 0.066 0.0
инстаграм 0.001 0.066 0.0
© 0.001 0.0 0.0
вопросы 0.001 0.481 0.0
выделите 0.001 0.066 0.0
власти 0.004 0.387 0.002
ссылок 0.001 1.523 0.002
смертей 0.002 0.959 0.002
кураторов 0.001 2.0 0.002
ею 0.001 1.0 0.001
спасает 0.002 1.398 0.003
meduzacare 0.001 0.066 0.0
граждан 0.001 0.638 0.001
попросить 0.001 1.222 0.001
блок 0.002 1.398 0.003
чудакам-губернаторам 0.001 2.0 0.002
полпредству 0.001 2.0 0.002
кнопка 0.001 0.066 0.0
аудитории 0.001 1.398 0.001
предложениям 0.001 2.0 0.002
изменить 0.002 1.046 0.002
сергея 0.001 1.301 0.001
ребята 0.001 1.301 0.001
доверия 0.003 1.301 0.004
дмитрий 0.002 0.658 0.001
заниматься 0.001 0.886 0.001
вечерняя 0.001 0.066 0.0
это 0.013 0.066 0.001
пандемии 0.003 0.658 0.002
письменно 0.001 1.699 0.002
готовы 0.001 0.678 0.001
изменяющей 0.001 2.0 0.002
поддержки 0.001 0.066 0.0
повторим 0.002 1.523 0.003
прививкой 0.001 1.301 0.001
помощь 0.001 0.097 0.0
начал 0.001 0.796 0.001
называют 0.002 0.699 0.001
стал 0.002 0.658 0.001
писать 0.001 1.155 0.001
регионах 0.001 0.886 0.001
работаем 0.001 0.161 0.0
текст 0.001 0.886 0.001
принимают 0.001 1.222 0.001
своим 0.001 0.658 0.001
рейтинга 0.003 1.699 0.005
мнение 0.001 1.046 0.001
настроения 0.001 1.222 0.001
жизней 0.001 1.523 0.002
работа 0.001 0.886 0.001
наоборот 0.001 0.824 0.001
прививаться 0.001 0.921 0.001
предложения 0.001 1.699 0.002
стороне 0.001 1.046 0.001
видевший 0.001 2.0 0.002
исследование 0.003 0.658 0.002
24/7 0.001 0.102 0.0
собеседники 0.001 1.398 0.001
интернете 0.004 1.301 0.005
лучшим 0.001 1.699 0.002
снижение 0.001 1.0 0.001
android 0.001 0.066 0.0
протесты 0.001 1.097 0.001
рупором 0.002 1.301 0.003
результатами 0.001 1.301 0.001
собеседников 0.002 1.301 0.003
english 0.001 0.06 0.0
возглавляет 0.001 1.523 0.002
20–30 0.001 1.398 0.001
выступать 0.001 1.398 0.001
хабаровском 0.001 2.0 0.002
большая 0.001 0.77 0.001
путина 0.008 0.721 0.006
привязывать 0.002 2.0 0.004
усталость 0.001 1.523 0.002
поддержка 0.001 0.167 0.0
системную 0.001 1.699 0.002
нужна 0.002 0.092 0.0
вакцинация 0.002 0.699 0.001
вокруг 0.001 0.721 0.001
противники 0.001 1.398 0.001
аргументы 0.001 0.77 0.001
штаб 0.002 1.301 0.003
мрнк 0.001 1.155 0.001
35–40 0.001 2.0 0.002
близких 0.002 1.222 0.002
работодатель 0.001 1.398 0.001
продолжается 0.001 1.0 0.001
тонн 0.001 1.699 0.002
всем 0.001 0.252 0.0
варьировался 0.001 2.0 0.002
требования 0.001 0.066 0.0
связаться 0.001 0.066 0.0
информации 0.003 0.102 0.0
объясняют 0.001 1.301 0.001
ковидом 0.002 0.658 0.001
россиян 0.001 0.62 0.001
управлений 0.001 2.0 0.002
болит 0.001 1.398 0.001
отменял 0.001 1.523 0.002
силы 0.001 0.796 0.001
подтвердил 0.001 1.523 0.002
видите 0.001 1.222 0.001
облегчает 0.002 1.699 0.003
губернаторов 0.001 1.523 0.002
почему 0.002 0.337 0.001
ними 0.001 0.585 0.001
медузе 0.004 0.066 0.0
переубедить 0.001 1.699 0.002
районе 0.002 0.886 0.002
кремль 0.003 1.155 0.003
сосредоточить 0.001 2.0 0.002
требуют 0.001 1.398 0.001
facebook 0.001 0.0 0.0
собирается 0.001 0.921 0.001
медузу 0.002 0.066 0.0
опросов 0.002 2.0 0.004
обработки 0.001 0.066 0.0
этим 0.002 0.337 0.001
подразделения 0.001 1.523 0.002
харичева 0.001 2.0 0.002
местному 0.001 2.0 0.002
источников 0.001 1.0 0.001
массовой 0.003 0.097 0.0
является 0.001 0.745 0.001
такие 0.001 0.444 0.0
scanpix 0.001 0.301 0.0
забывайте 0.001 1.699 0.002
региона 0.001 1.301 0.001
словам 0.002 0.658 0.001
отрицателей 0.002 1.398 0.003
спасибоgiphyза 0.001 0.066 0.0
показывать 0.002 0.066 0.0
перцев 0.001 1.523 0.002
twitter 0.001 0.0 0.0
планируется 0.001 1.398 0.001
приволжского 0.001 2.0 0.002
раньше 0.001 0.432 0.0
кабинету 0.001 1.699 0.002
пожалуйста 0.001 0.102 0.0
экспериментальной 0.001 2.0 0.002
колеблется 0.001 1.699 0.002
формироваться 0.001 1.699 0.002
проектам 0.001 2.0 0.002
зато 0.002 0.886 0.002
платформы 0.002 0.066 0.0
производство 0.001 1.222 0.001
наверное 0.002 0.921 0.002
отказом 0.001 2.0 0.002
работали 0.001 1.046 0.001
исследования 0.001 0.481 0.0
именно 0.006 0.244 0.001
сначала 0.001 0.602 0.001
законопроектом 0.001 2.0 0.002
вакцины 0.003 0.585 0.002
персональные 0.001 0.066 0.0
очень 0.002 0.149 0.0
которые 0.006 0.119 0.001
ролике 0.001 2.0 0.002
ранее 0.001 0.62 0.001
исходя 0.001 1.398 0.001
meduza 0.003 0.0 0.0
пропаганде 0.002 1.222 0.002
одна 0.001 0.42 0.0
перезагрузит 0.001 2.0 0.002
прошли 0.001 0.796 0.001
итог 0.001 2.0 0.002
юриста 0.001 2.0 0.002
близкий 0.004 1.222 0.005
рейтер 0.001 1.155 0.001
ведущие 0.002 1.097 0.002
описал 0.001 2.0 0.002
опросы 0.001 2.0 0.002
другая 0.001 0.886 0.001
фоне 0.002 0.796 0.002
незначительная 0.001 2.0 0.002
свое 0.001 0.721 0.001
форсирование 0.001 2.0 0.002
общество 0.001 0.886 0.001
эта 0.001 0.367 0.0
графика 0.002 1.699 0.003
российским 0.001 0.092 0.0
которых 0.001 0.237 0.0
интернет-штата 0.001 2.0 0.002
утверждает 0.001 1.0 0.001
вакцинацию 0.006 0.824 0.005
реклама 0.002 0.066 0.0
однако 0.003 0.337 0.001
рассчитана 0.001 1.699 0.002
интересах 0.001 0.167 0.0
доверие 0.001 1.301 0.001
ген 0.001 1.523 0.002
живые 0.001 1.523 0.002
местных 0.001 1.097 0.001
просмотров 0.001 2.0 0.002
путешествовать 0.001 1.699 0.002
сообщение 0.001 0.102 0.0
плохо 0.001 0.569 0.001
сделать 0.001 0.357 0.0
