редакции 0.001 0.066 0.0
баннерам 0.0 0.066 0.0
снесли 0.0 2.0 0.0
действительно 0.002 0.377 0.001
договорились 0.0 1.523 0.0
уберите 0.0 2.0 0.0
хамас 0.0 2.0 0.0
политических 0.0 1.097 0.0
коридорами 0.0 2.0 0.0
забыли 0.001 1.699 0.002
пропагандистских 0.0 1.222 0.0
эффективное 0.0 1.699 0.0
коктейлем 0.0 2.0 0.0
совершенно 0.001 0.678 0.001
советником 0.0 1.699 0.0
привели 0.0 1.523 0.0
союз 0.0 1.097 0.0
водой 0.0 1.398 0.0
неоткуда 0.0 1.699 0.0
ответственное 0.0 2.0 0.0
оружия 0.0 1.301 0.0
причем 0.0 0.62 0.0
днр 0.0 0.959 0.0
эффективен 0.0 1.301 0.0
обычному 0.0 1.699 0.0
просчитаны 0.0 2.0 0.0
двусторонний 0.0 2.0 0.0
старая 0.001 1.155 0.001
цивилизованных 0.0 2.0 0.0
информацию 0.001 0.62 0.001
федерации 0.002 1.155 0.002
тема 0.0 1.222 0.0
рейтинг 0.001 1.0 0.001
5-й 0.001 1.699 0.002
болезненны 0.0 2.0 0.0
регионе 0.0 1.398 0.0
объявление 0.0 1.699 0.0
помощи 0.001 0.77 0.001
подвижки 0.0 2.0 0.0
компенсациях 0.0 2.0 0.0
office 0.0 1.155 0.0
пусть 0.002 0.921 0.002
игры 0.0 1.222 0.0
процесс.мы 0.0 2.0 0.0
странами 0.0 1.046 0.0
постоянная 0.0 1.699 0.0
пунктам 0.0 1.699 0.0
соглашении 0.0 2.0 0.0
окончание 0.0 1.523 0.0
сдвиг 0.0 1.398 0.0
зашел 0.0 2.0 0.0
делает 0.001 0.886 0.001
территорию 0.0 1.155 0.0
формирования 0.0 1.523 0.0
дней 0.001 0.337 0.0
статуса 0.0 1.699 0.0
военной 0.0 0.921 0.0
саммит 0.0 2.0 0.0
чрезвычайно 0.001 2.0 0.002
такими 0.0 1.155 0.0
архитектура 0.0 2.0 0.0
нападала 0.0 2.0 0.0
статус 0.0 1.222 0.0
забираем 0.0 2.0 0.0
швейцария 0.0 1.398 0.0
коридоров 0.001 1.699 0.002
офиса 0.002 1.222 0.002
остальное 0.0 1.523 0.0
своего 0.0 0.721 0.0
частности 0.001 0.678 0.001
медузы 0.003 0.268 0.001
отказалась 0.0 0.959 0.0
этих 0.001 0.337 0.0
приоритет 0.0 1.699 0.0
говорите 0.001 1.155 0.001
вся 0.0 1.0 0.0
речью 0.0 1.301 0.0
дни 0.0 0.721 0.0
ситуации 0.001 0.721 0.001
справляется 0.0 1.699 0.0
истории 0.001 0.337 0.0
правоты 0.0 2.0 0.0
неужели 0.0 1.155 0.0
гарантий 0.0 1.523 0.0
городе 0.001 0.678 0.001
оружие 0.0 1.155 0.0
нашли 0.0 0.066 0.0
связи 0.0 0.0 0.0
какие 0.0 0.569 0.0
медуза 0.001 0.066 0.0
президентов 0.0 1.699 0.0
израиля 0.001 1.222 0.001
обстрелам 0.0 1.301 0.0
крым 0.001 1.398 0.001
двух-трех 0.0 2.0 0.0
нам 0.001 0.086 0.0
армии 0.002 0.886 0.002
центр 0.0 0.77 0.0
стирают 0.0 1.301 0.0
этому 0.001 0.432 0.0
закупки 0.0 1.699 0.0
байден 0.0 1.523 0.0
наших 0.0 0.658 0.0
желательно 0.0 1.523 0.0
придумали 0.001 1.155 0.001
материалам 0.0 0.066 0.0
городов 0.0 0.796 0.0
совершать 0.0 1.699 0.0
администрация 0.0 1.398 0.0
увидеть 0.0 1.097 0.0
самых 0.0 0.62 0.0
заявил 0.0 0.658 0.0
сергей 0.0 0.886 0.0
мединском 0.0 2.0 0.0
западных 0.0 0.854 0.0
лилии 0.001 1.046 0.001
предположил 0.0 1.699 0.0
получится 0.001 1.222 0.001
должна 0.002 0.538 0.001
лавров 0.001 2.0 0.002
интересы 0.0 1.523 0.0
миром 0.0 1.523 0.0
ctrl+enter 0.0 0.066 0.0
аспекты 0.0 1.699 0.0
сюжет 0.0 1.523 0.0
иностранные 0.0 1.155 0.0
высшего 0.0 2.0 0.0
играет 0.0 1.0 0.0
проблему 0.0 1.155 0.0
чем-то 0.001 1.097 0.001
журналистка 0.0 1.398 0.0
турции 0.0 1.523 0.0
требований 0.0 1.523 0.0
ускоренной 0.0 2.0 0.0
украины 0.006 0.569 0.003
граждане 0.0 1.222 0.0
поддержание 0.0 2.0 0.0
четыре 0.0 0.569 0.0
крылатых 0.0 2.0 0.0
держав 0.0 2.0 0.0
вторжение 0.001 1.097 0.001
шоке 0.0 1.523 0.0
публичных 0.0 1.398 0.0
предполагает 0.0 1.222 0.0
правильно 0.0 0.824 0.0
объявлять 0.0 2.0 0.0
превратить 0.0 1.398 0.0
of 0.0 0.721 0.0
ваших 0.001 1.155 0.001
фактов 0.0 1.301 0.0
kholodilin 0.0 1.699 0.0
понимаете 0.0 1.046 0.0
война-то 0.0 2.0 0.0
аналитических 0.0 1.699 0.0
научилась 0.001 2.0 0.002
сдержанным 0.0 2.0 0.0
украину 0.003 0.523 0.002
базовые 0.0 1.523 0.0
нажмите 0.0 0.066 0.0
население 0.0 0.959 0.0
пакеты 0.0 1.699 0.0
числе 0.003 0.31 0.001
angerer 0.0 1.699 0.0
киевлян 0.001 1.097 0.001
иностранного 0.001 0.102 0.0
агрессии 0.0 1.523 0.0
человек 0.001 0.215 0.0
выступление 0.0 1.222 0.0
огромному 0.0 2.0 0.0
захватить 0.0 1.222 0.0
– 0.0 0.06 0.0
прекращаются 0.0 1.699 0.0
leta 0.001 0.301 0.0
нами 0.001 0.066 0.0
которыми 0.001 0.854 0.001
salvatore 0.0 1.699 0.0
участвует 0.0 1.222 0.0
песков 0.0 1.155 0.0
играло 0.001 1.398 0.001
лицом 0.0 0.102 0.0
послали 0.0 1.699 0.0
функции 0.001 0.097 0.0
обязательства 0.0 1.398 0.0
площадках 0.0 1.301 0.0
выбрал 0.0 1.699 0.0
переговоров 0.001 1.301 0.001
готово 0.0 1.398 0.0
искривлено 0.0 2.0 0.0
доказать 0.0 1.699 0.0
неправдивой 0.0 2.0 0.0
ситуациях 0.0 1.155 0.0
решения 0.0 0.638 0.0
переговорах 0.002 1.301 0.003
ключевых 0.001 1.155 0.001
определенный 0.0 1.523 0.0
вашему 0.0 1.699 0.0
целый 0.0 1.0 0.0
убирать 0.0 1.301 0.0
перейти 0.0 0.066 0.0
поддержать 0.0 0.066 0.0
президента 0.002 0.745 0.001
негативной 0.0 2.0 0.0
какие-то 0.004 0.538 0.002
обороны 0.0 1.046 0.0
понимали 0.0 1.155 0.0
лднр 0.0 1.699 0.0
отказаться 0.0 1.046 0.0
качестве 0.0 0.678 0.0
поможет 0.0 0.854 0.0
данное 0.0 0.097 0.0
ожидали 0.0 1.222 0.0
сфальсифицировала 0.0 1.301 0.0
какой-то 0.001 0.538 0.001
изменение 0.0 1.398 0.0
беседовала 0.0 1.523 0.0
вышли 0.0 1.0 0.0
будущем 0.0 0.745 0.0
театр 0.0 1.523 0.0
полторы 0.0 1.301 0.0
пленных 0.001 2.0 0.002
могу 0.001 0.658 0.001
live 0.0 0.022 0.0
договоренностей 0.001 1.699 0.002
блог 0.0 0.066 0.0
проблема 0.0 0.721 0.0
нагрузкам 0.0 2.0 0.0
разных 0.0 0.398 0.0
meduzacare 0.0 0.066 0.0
обеспечение 0.0 1.523 0.0
реальную 0.0 1.699 0.0
говоря 0.0 0.77 0.0
переговорных 0.0 2.0 0.0
разрушительные 0.0 1.699 0.0
воюют 0.001 1.523 0.002
фиксируется 0.001 1.699 0.002
поддается 0.0 1.699 0.0
кнопка 0.0 0.066 0.0
осторожный 0.0 2.0 0.0
землю 0.0 1.398 0.0
заниматься 0.0 0.886 0.0
руины 0.001 2.0 0.002
the 0.0 0.481 0.0
двустороннего 0.0 2.0 0.0
другие 0.0 0.268 0.0
переговорном 0.0 2.0 0.0
жилым 0.0 2.0 0.0
болезненные 0.0 1.699 0.0
высказывается 0.0 1.699 0.0
какое-то 0.001 0.959 0.001
выскажем 0.0 2.0 0.0
честно 0.0 1.0 0.0
ситуациями 0.0 1.699 0.0
данными 0.001 0.959 0.001
предлагаем 0.0 1.523 0.0
действия 0.0 0.721 0.0
армадами 0.0 2.0 0.0
москва 0.0 1.155 0.0
черновик 0.0 2.0 0.0
путина 0.002 0.721 0.001
личные 0.0 1.699 0.0
готовится 0.001 1.046 0.001
нато 0.003 0.959 0.003
просит 0.001 1.523 0.002
заявление 0.0 0.886 0.0
прямом 0.001 1.301 0.001
аргументы 0.002 0.77 0.002
общий 0.0 1.301 0.0
москвы 0.0 0.824 0.0
гомельской 0.0 2.0 0.0
требования 0.001 0.066 0.0
связаться 0.0 0.066 0.0
самом 0.0 0.481 0.0
корпоративное 0.0 2.0 0.0
роддома 0.0 1.155 0.0
информации 0.001 0.102 0.0
вполне 0.0 0.699 0.0
переговорные 0.0 2.0 0.0
разрушительна 0.001 2.0 0.002
создать 0.0 1.046 0.0
почему 0.002 0.337 0.001
юридически 0.001 1.699 0.002
инфраструктурных 0.0 1.699 0.0
состава 0.001 1.398 0.001
риски 0.002 0.77 0.002
кремль 0.001 1.155 0.001
компромисса 0.0 2.0 0.0
этим 0.0 0.337 0.0
продуманный 0.0 2.0 0.0
пониманию 0.0 2.0 0.0
россия 0.006 0.398 0.002
страны-партнеры 0.0 2.0 0.0
знаем 0.0 0.585 0.0
помощью 0.001 0.538 0.001
покидают 0.0 1.523 0.0
консультации 0.0 1.301 0.0
отменить 0.001 1.398 0.001
виде 0.0 0.745 0.0
постоянное 0.0 2.0 0.0
спасибоgiphyза 0.0 0.066 0.0
спокойно 0.0 0.824 0.0
раньше 0.0 0.432 0.0
сделало 0.0 1.699 0.0
пожалуйста 0.0 0.102 0.0
основные 0.0 1.222 0.0
вступления 0.0 1.301 0.0
можем 0.002 0.62 0.001
сначала 0.0 0.602 0.0
именно 0.001 0.244 0.0
донецкой 0.0 1.301 0.0
новом 0.0 1.155 0.0
зная 0.0 1.523 0.0
байденом 0.0 2.0 0.0
проговаривается 0.0 2.0 0.0
очень 0.006 0.149 0.001
волновали 0.0 2.0 0.0
одна 0.0 0.42 0.0
каким 0.0 1.155 0.0
оптимизмом 0.0 2.0 0.0
отвечал 0.0 2.0 0.0
идут 0.001 0.699 0.001
утюжат 0.0 2.0 0.0
применения 0.0 1.097 0.0
иностранных 0.001 1.046 0.001
сильная 0.0 1.155 0.0
коллегиальное 0.0 2.0 0.0
соглашению 0.0 1.699 0.0
существует 0.0 0.745 0.0
российским 0.0 0.092 0.0
немножко 0.0 1.222 0.0
тому 0.0 0.509 0.0
исходила 0.0 2.0 0.0
поставляет 0.001 1.523 0.002
вместе 0.0 0.602 0.0
упадет 0.001 1.155 0.001
ядерного 0.0 1.699 0.0
сомнения 0.0 1.155 0.0
внутренняя 0.0 1.398 0.0
российские 0.001 0.328 0.0
запросы 0.0 2.0 0.0
целым 0.0 2.0 0.0
видя 0.0 2.0 0.0
times 0.0 0.699 0.0
владимира 0.001 0.959 0.001
представление 0.0 1.523 0.0
знают 0.0 1.097 0.0
разрушен 0.0 1.155 0.0
смотрят 0.0 1.155 0.0
колени 0.0 1.398 0.0
польши 0.0 1.097 0.0
рамках 0.001 1.097 0.001
in 0.0 0.0 0.0
крайне 0.003 0.721 0.002
закольцевали 0.0 2.0 0.0
интеллектуален 0.0 2.0 0.0
знала 0.0 1.523 0.0
таких 0.0 0.347 0.0
каких 0.001 0.854 0.001
отличие 0.001 0.886 0.001
союзе 0.0 1.301 0.0
бесполетную 0.0 1.699 0.0
30–40 0.0 1.699 0.0
просто 0.002 0.194 0.0
швейцарскую 0.0 2.0 0.0
продуктами 0.0 1.398 0.0
разбомбив 0.0 2.0 0.0
попытки 0.0 1.222 0.0
работаете 0.0 1.699 0.0
пресс-секретарь 0.0 1.222 0.0
отойти 0.0 2.0 0.0
пункты 0.0 1.155 0.0
публично 0.0 1.046 0.0
преступления 0.001 1.301 0.001
полях 0.0 1.699 0.0
прочее 0.0 1.699 0.0
независимыми 0.0 1.301 0.0
отвечали 0.0 1.398 0.0
денацификации 0.001 2.0 0.002
две 0.0 0.553 0.0
дальше 0.001 0.523 0.001
которую 0.001 0.469 0.0
уступки 0.0 1.699 0.0
тобой 0.0 1.301 0.0
неочевидных 0.001 1.155 0.001
жили 0.0 1.222 0.0
часов 0.001 0.678 0.001
мариуполь 0.0 0.824 0.0
формула 0.0 2.0 0.0
сторону 0.0 0.796 0.0
сожалению 0.0 0.569 0.0
фигурирует 0.0 1.523 0.0
распространено 0.0 0.102 0.0
человек.он 0.0 2.0 0.0
определенных 0.0 1.398 0.0
ios 0.0 0.066 0.0
заявления 0.001 1.097 0.001
господин 0.002 1.523 0.003
несколько 0.002 0.201 0.0
прямо 0.001 0.357 0.0
федерация 0.003 1.523 0.005
прямой 0.0 1.046 0.0
nolfi 0.0 1.699 0.0
вывод 0.001 0.959 0.001
отличные 0.0 2.0 0.0
владимир 0.001 0.62 0.001
блестяще 0.0 2.0 0.0
пока 0.002 0.208 0.0
предлагали 0.001 1.398 0.001
воспринимали 0.0 2.0 0.0
франции 0.0 1.0 0.0
двигались 0.0 2.0 0.0
давайте 0.0 1.097 0.0
успевает 0.0 1.398 0.0
выглядит… 0.0 2.0 0.0
лаврова 0.0 1.523 0.0
придумывает 0.0 2.0 0.0
погоны 0.0 2.0 0.0
тратит 0.0 1.699 0.0
одного 0.001 0.432 0.0
тотально 0.001 2.0 0.002
обмену 0.0 1.699 0.0
последние 0.0 0.456 0.0
безумия 0.0 2.0 0.0
естественно 0.0 1.155 0.0
министра 0.001 1.301 0.001
спать 0.0 1.222 0.0
роль 0.001 0.796 0.001
такую 0.0 0.824 0.0
функцию 0.0 1.523 0.0
причины 0.0 1.046 0.0
плачущих 0.0 1.301 0.0
бомбят 0.0 1.0 0.0
юридическим 0.0 0.102 0.0
выложила 0.0 2.0 0.0
помочьглавное 0.0 2.0 0.0
кварталов 0.0 1.523 0.0
несмотря 0.001 0.456 0.0
привязана 0.0 2.0 0.0
спецоперации 0.0 1.398 0.0
стали 0.0 0.42 0.0
пропагандой 0.0 1.398 0.0
начнет 0.001 1.523 0.002
нужно 0.001 0.237 0.0
достигнута 0.0 2.0 0.0
момента 0.001 0.886 0.001
элиты 0.001 1.699 0.002
российскую 0.0 0.745 0.0
антироссийским.теперь 0.0 2.0 0.0
испугались 0.0 2.0 0.0
по-прежнему 0.001 0.824 0.001
советника 0.0 1.301 0.0
численность 0.0 2.0 0.0
безопасно 0.0 0.066 0.0
рф 0.002 0.745 0.001
ведения 0.0 1.699 0.0
инфраструктуру 0.0 1.523 0.0
детали 0.0 1.301 0.0
youtube 0.0 0.06 0.0
создано 0.0 0.097 0.0
батальоны 0.0 2.0 0.0
группы 0.0 0.62 0.0
операционной 0.0 1.699 0.0
достаточно 0.001 0.444 0.0
переговорную 0.0 2.0 0.0
командного 0.0 2.0 0.0
сегодня 0.0 0.638 0.0
вооружению 0.0 2.0 0.0
associated 0.0 1.155 0.0
многие 0.0 0.284 0.0
средством 0.0 0.102 0.0
обсуждаем 0.0 1.699 0.0
лекарствами 0.0 1.398 0.0
внутри 0.0 0.745 0.0
готов 0.003 0.921 0.003
алексей 0.0 0.886 0.0
арестович 0.0 2.0 0.0
говорят 0.0 0.432 0.0
пакета 0.001 2.0 0.002
объемом 0.0 1.699 0.0
риторики 0.0 2.0 0.0
попросил 0.0 1.155 0.0
читают 0.0 1.523 0.0
киева 0.003 0.886 0.003
мирного 0.001 1.523 0.002
подоляк 0.0 2.0 0.0
язык 0.0 1.155 0.0
понравится 0.0 2.0 0.0
перестало 0.0 1.699 0.0
мире 0.001 0.553 0.001
едут 0.0 1.301 0.0
отметьте 0.0 2.0 0.0
своими 0.0 0.854 0.0
поставим 0.0 1.699 0.0
господа 0.0 1.523 0.0
фантастический 0.0 2.0 0.0
ультимативной 0.0 2.0 0.0
правил 0.001 1.222 0.001
биолаборатории 0.0 2.0 0.0
обеспечением 0.0 2.0 0.0
современный 0.0 1.699 0.0
наверстает 0.001 1.222 0.001
российских 0.001 0.337 0.0
области 0.0 0.602 0.0
конкретным 0.0 1.523 0.0
посидишь 0.0 2.0 0.0
оценивать 0.0 1.523 0.0
вкладывались 0.0 2.0 0.0
странно 0.001 1.301 0.001
нейтральном 0.0 2.0 0.0
время 0.003 0.102 0.0
видим 0.0 0.921 0.0
восточной 0.0 1.301 0.0
защита 0.0 1.097 0.0
выглядит 0.001 0.62 0.001
работают 0.002 0.553 0.001
конце 0.0 0.745 0.0
самопровозглашенные 0.0 2.0 0.0
рекламаmeduza 0.0 0.066 0.0
вид 0.0 1.301 0.0
войне 0.0 0.62 0.0
остаются 0.0 1.0 0.0
направления 0.0 1.398 0.0
ребенка 0.0 0.824 0.0
постоянно 0.001 0.62 0.001
направлению 0.0 1.699 0.0
михаил 0.0 0.959 0.0
зафиксированные 0.0 2.0 0.0
прежде 0.0 0.62 0.0
запрошенная 0.0 2.0 0.0
донбасса 0.0 1.398 0.0
соглашение 0.002 1.222 0.002
назад 0.004 0.18 0.001
первое 0.0 0.921 0.0
украинских 0.0 0.824 0.0
заседаний 0.0 1.699 0.0
телеканала 0.0 1.046 0.0
союза 0.0 1.301 0.0
позиции 0.002 1.097 0.002
война 0.004 0.469 0.002
кодекс 0.0 0.066 0.0
разбираем 0.0 1.097 0.0
также 0.001 0.237 0.0
модель 0.001 1.398 0.001
прим 0.001 1.301 0.001
закройте 0.001 1.699 0.002
сформировать 0.0 1.699 0.0
федерацией 0.001 1.699 0.002
тонкие 0.0 1.699 0.0
обсуждаться 0.0 2.0 0.0
поговорила 0.0 0.886 0.0
требование 0.0 1.155 0.0
вконтакте 0.0 0.066 0.0
живет 0.0 0.854 0.0
одновременно 0.001 0.796 0.001
развернуты 0.0 2.0 0.0
санкции 0.003 0.77 0.002
выделите 0.0 0.066 0.0
слышит 0.0 2.0 0.0
вводит 0.0 2.0 0.0
накладывали 0.0 2.0 0.0
недели 0.002 0.42 0.001
поведения 0.001 1.523 0.002
против 0.002 0.229 0.0
спустятся 0.0 2.0 0.0
разбомбили 0.0 1.523 0.0
той 0.001 0.62 0.001
великобритании 0.0 0.745 0.0
бронетехники 0.0 1.699 0.0
сергея 0.0 1.301 0.0
дмитрий 0.0 0.658 0.0
озвучил 0.0 1.699 0.0
компенсациям 0.0 2.0 0.0
вечерняя 0.0 0.066 0.0
столкнется.без 0.0 2.0 0.0
… 0.0 1.301 0.0
готовы 0.0 0.678 0.0
назвать 0.0 0.959 0.0
поддержки 0.0 0.066 0.0
прет 0.0 2.0 0.0
историю 0.0 0.721 0.0
дне 0.0 1.699 0.0
процессах 0.0 1.699 0.0
начал 0.001 0.796 0.001
стал 0.0 0.658 0.0
первые 0.0 0.585 0.0
кольцо 0.0 1.398 0.0
точку 0.0 1.097 0.0
адекватный 0.0 1.699 0.0
мифов 0.0 1.301 0.0
приобретет 0.0 1.699 0.0
дня 0.001 0.523 0.001
итоге 0.0 0.62 0.0
тяжелый 0.0 1.301 0.0
сказано 0.0 0.921 0.0
настроения 0.0 1.222 0.0
обучение 0.0 1.523 0.0
берут 0.001 1.046 0.001
понимаем 0.0 1.222 0.0
верещук 0.0 2.0 0.0
видеообращения 0.0 2.0 0.0
android 0.0 0.066 0.0
анализировать 0.0 2.0 0.0
территориальные 0.0 2.0 0.0
прибегает 0.0 2.0 0.0
нужна 0.0 0.092 0.0
марта 0.002 0.319 0.001
вокруг 0.0 0.721 0.0
города 0.001 0.638 0.001
изменили 0.001 1.097 0.001
кварталам 0.0 2.0 0.0
отменит 0.0 2.0 0.0
яппаровой 0.001 1.046 0.001
журналистов 0.0 1.046 0.0
близких 0.0 1.222 0.0
антонова 0.001 1.699 0.002
областей 0.0 1.398 0.0
стократ 0.0 2.0 0.0
компромиссная 0.0 2.0 0.0
убрали 0.0 1.523 0.0
жестче 0.0 1.301 0.0
минобороны 0.0 1.046 0.0
испытывали 0.0 1.699 0.0
европейским 0.0 1.523 0.0
инсайды 0.0 2.0 0.0
трупы 0.0 1.398 0.0
глава 0.001 0.824 0.001
регулярно 0.0 1.0 0.0
разрушили 0.001 2.0 0.002
издания 0.0 0.959 0.0
подойдем 0.0 2.0 0.0
процессе 0.0 1.046 0.0
казаться 0.0 1.398 0.0
медузе 0.001 0.066 0.0
учитывая 0.0 1.222 0.0
точно 0.001 0.481 0.0
симпатией 0.0 2.0 0.0
сказали 0.0 0.959 0.0
сосуществования 0.0 2.0 0.0
напоследок 0.0 2.0 0.0
военно-гражданских 0.0 2.0 0.0
медузу 0.001 0.066 0.0
обработки 0.0 0.066 0.0
совместная 0.0 1.523 0.0
обязательство 0.0 1.699 0.0
стороны 0.001 0.432 0.0
фсб 0.001 1.155 0.001
массовой 0.0 0.097 0.0
оборонными 0.0 2.0 0.0
службы 0.001 0.959 0.001
каждый 0.0 0.509 0.0
земли 0.0 0.959 0.0
обмен 0.001 1.301 0.001
публичные 0.0 2.0 0.0
адекватное 0.0 2.0 0.0
каких-то 0.0 0.921 0.0
советом 0.0 1.523 0.0
каждом 0.0 1.097 0.0
мировоззрение 0.0 1.699 0.0
kit 0.0 1.699 0.0
ракет 0.0 1.398 0.0
экономикой 0.001 1.155 0.001
путин 0.001 0.658 0.001
исходя 0.0 1.398 0.0
конгрессу 0.0 1.222 0.0
присоединятся 0.0 2.0 0.0
удар 0.0 0.886 0.0
сдержанные 0.0 1.699 0.0
аналитику 0.0 2.0 0.0
давать 0.0 1.222 0.0
иначе 0.0 0.745 0.0
другая 0.0 0.886 0.0
свое 0.001 0.721 0.001
укрывались 0.0 1.523 0.0
обеспечивала 0.001 1.523 0.002
обсуждается 0.0 1.523 0.0
спойлер 0.0 0.796 0.0
вводится 0.0 1.699 0.0
обсе 0.0 2.0 0.0
младшим 0.0 1.699 0.0
реклама 0.001 0.066 0.0
делать 0.001 0.276 0.0
немыслимо 0.0 1.699 0.0
тактический 0.0 2.0 0.0
корректно 0.0 1.398 0.0
сша 0.003 0.469 0.001
адекватные 0.0 2.0 0.0
переговорщике 0.0 2.0 0.0
военачальники 0.0 2.0 0.0
мотивации 0.0 1.523 0.0
поводу 0.0 0.824 0.0
войска 0.001 0.721 0.001
пакетным 0.0 2.0 0.0
репутации 0.0 1.523 0.0
следующий 0.001 0.796 0.001
осаде 0.001 0.854 0.001
россии 0.007 0.119 0.001
нацистские 0.0 2.0 0.0
реалистичнее 0.0 2.0 0.0
агента 0.001 0.097 0.0
пять 0.0 0.509 0.0
вышел 0.0 1.0 0.0
тысячи 0.0 0.721 0.0
право 0.001 0.824 0.001
financial 0.0 1.222 0.0
наша 0.0 0.77 0.0
рабочей 0.0 1.523 0.0
ракетами 0.0 1.398 0.0
агломерацию 0.0 2.0 0.0
ложь 0.0 1.301 0.0
репутацией 0.0 1.699 0.0
общежития 0.0 1.699 0.0
россией 0.002 0.824 0.002
временина 0.0 2.0 0.0
мир 0.001 0.553 0.001
опирались 0.0 1.523 0.0
бывший 0.0 0.921 0.0
удастся 0.0 1.155 0.0
политикам 0.0 1.699 0.0
повесили 0.0 2.0 0.0
аналитики 0.0 1.523 0.0
твою 0.0 1.699 0.0
страны 0.0 0.444 0.0
считаю 0.0 1.222 0.0
дроны 0.0 1.699 0.0
порядку 0.0 0.066 0.0
обойтись 0.0 1.699 0.0
позициям 0.0 1.699 0.0
работает 0.002 0.367 0.001
необходимо 0.0 0.585 0.0
вами 0.0 1.0 0.0
администраций 0.0 1.523 0.0
реальность 0.0 1.523 0.0
прекращении 0.0 1.398 0.0
денацификация 0.0 1.699 0.0
перемирие 0.001 2.0 0.002
провести 0.0 0.745 0.0
заканчивать 0.0 1.699 0.0
российской 0.006 0.432 0.003
русский 0.0 1.398 0.0
руководителей 0.0 1.398 0.0
инициативами 0.0 2.0 0.0
елизавета 0.001 1.523 0.002
деньги 0.0 0.77 0.0
наложены 0.0 2.0 0.0
могут 0.001 0.187 0.0
день 0.003 0.328 0.001
формулировках 0.0 1.699 0.0
поддерживать 0.0 0.886 0.0
лица 0.0 0.824 0.0
ордло 0.0 2.0 0.0
писали 0.0 0.824 0.0
антироссийской 0.0 1.699 0.0
определенным 0.0 2.0 0.0
боевые 0.0 1.222 0.0
работать 0.001 0.409 0.0
запросные 0.0 2.0 0.0
оценку 0.0 1.398 0.0
пророссийские 0.0 1.699 0.0
мирному 0.0 2.0 0.0
достижение 0.0 1.699 0.0
крылатыми 0.0 2.0 0.0
михаилом 0.0 1.699 0.0
аргументировать 0.0 2.0 0.0
количество 0.001 0.62 0.001
ключевые 0.001 1.398 0.001
нормально 0.0 1.097 0.0
определенные 0.0 1.155 0.0
видят 0.0 1.301 0.0
доводов 0.0 1.699 0.0
нем 0.0 0.602 0.0
солдат 0.001 1.301 0.001
новому 0.0 1.301 0.0
оптимальная 0.0 2.0 0.0
довести 0.0 2.0 0.0
различным 0.0 1.699 0.0
мало 0.0 0.538 0.0
500–600 0.0 1.699 0.0
чувствительно 0.0 1.699 0.0
стало 0.001 0.481 0.0
часа 0.0 0.77 0.0
де-юре 0.0 2.0 0.0
мягко 0.0 1.301 0.0
среднего 0.0 1.301 0.0
мединского 0.0 2.0 0.0
выбраться 0.0 1.0 0.0
число 0.0 0.658 0.0
бомбила 0.0 1.699 0.0
частью 0.001 1.301 0.001
случае 0.001 0.357 0.0
семь 0.0 0.796 0.0
вести 0.0 0.824 0.0
усилия 0.0 1.155 0.0
подоляком 0.0 2.0 0.0
берет 0.001 1.523 0.002
иностранным 0.0 0.097 0.0
лнр 0.0 1.0 0.0
массированные 0.0 2.0 0.0
например 0.001 0.229 0.0
более-менее 0.001 1.155 0.001
ядерных 0.001 2.0 0.002
решение 0.001 0.509 0.001
что-то 0.0 0.569 0.0
нацистов 0.001 1.301 0.001
мнению 0.0 0.638 0.0
февраля 0.002 0.387 0.001
пару 0.0 0.77 0.0
полном 0.001 1.523 0.002
проект 0.0 1.046 0.0
посредника 0.001 1.398 0.001
пригороде 0.0 1.523 0.0
дипломаты 0.0 1.523 0.0
epa 0.0 0.959 0.0
интенсивно 0.001 1.523 0.002
европейскими 0.0 1.523 0.0
поддержите 0.0 0.102 0.0
компромиссный 0.0 2.0 0.0
думаю 0.0 0.721 0.0
населения 0.001 0.658 0.001
женева 0.0 2.0 0.0
убивают 0.0 1.699 0.0
зрения 0.0 0.602 0.0
отметил 0.0 1.699 0.0
примет 0.0 1.523 0.0
платформу 0.0 1.398 0.0
поэтому 0.001 0.328 0.0
позитивно 0.0 1.523 0.0
устраивает 0.001 1.046 0.001
опасаетесь 0.0 1.699 0.0
участия 0.0 1.222 0.0
условно 0.0 1.398 0.0
лет 0.001 0.252 0.0
логических 0.0 2.0 0.0
западную 0.0 1.398 0.0
понимание 0.0 1.699 0.0
важно.к 0.0 2.0 0.0
вопрос 0.001 0.42 0.0
проблем 0.001 0.796 0.001
столе 0.0 1.699 0.0
эфире 0.001 1.155 0.001
собственных 0.0 1.155 0.0
основаны 0.0 1.699 0.0
районы 0.0 1.523 0.0
зрачки 0.0 2.0 0.0
зал 0.0 1.523 0.0
армиями 0.0 2.0 0.0
данные 0.0 0.066 0.0
министр 0.001 1.301 0.001
di 0.0 1.699 0.0
вторглась 0.0 1.699 0.0
выступит 0.0 2.0 0.0
представления 0.0 1.222 0.0
киев 0.002 0.77 0.002
гарантировать 0.0 1.301 0.0
отдельные 0.0 1.0 0.0
специально 0.0 0.959 0.0
управляет 0.0 1.699 0.0
скорректировались 0.001 2.0 0.002
поступки 0.0 1.699 0.0
сирены 0.0 1.523 0.0
руководители 0.001 1.699 0.002
привязка 0.001 2.0 0.002
концов 0.0 1.301 0.0
доказанные 0.0 2.0 0.0
распределяет 0.0 1.699 0.0
продолжает 0.0 0.658 0.0
пакетное 0.0 2.0 0.0
гарантами 0.0 2.0 0.0
целом 0.0 0.585 0.0
пленными 0.001 2.0 0.002
сторона 0.0 1.222 0.0
увлекся 0.0 2.0 0.0
следующих 0.0 1.301 0.0
историк 0.001 2.0 0.002
многосторонний 0.0 2.0 0.0
чрезмерно 0.0 2.0 0.0
модели 0.001 1.0 0.001
говорить 0.001 0.602 0.001
нелепо 0.0 2.0 0.0
соглашения 0.001 1.523 0.002
инструменты 0.0 1.222 0.0
тысяч 0.001 0.337 0.0
творят 0.0 2.0 0.0
рядом 0.0 0.854 0.0
партнером 0.0 1.398 0.0
спецкора 0.001 1.046 0.001
принципе 0.001 0.796 0.001
русскоязычное 0.0 1.398 0.0
материи 0.0 2.0 0.0
источник 0.0 0.174 0.0
истерике 0.0 2.0 0.0
путинскому 0.0 1.301 0.0
сокращение 0.0 1.523 0.0
оон 0.0 1.222 0.0
состав 0.0 0.959 0.0
инфраструктура 0.0 1.699 0.0
хочу 0.0 0.137 0.0
требовать 0.0 1.699 0.0
крест 0.0 1.699 0.0
четко 0.0 1.0 0.0
гуманитарных 0.0 1.699 0.0
результатом 0.0 1.398 0.0
ряд 0.001 1.046 0.001
сотни 0.0 1.0 0.0
резервов 0.0 2.0 0.0
немедленный 0.0 2.0 0.0
накануне 0.001 1.046 0.001
будем 0.001 0.886 0.001
большие 0.0 0.796 0.0
правила 0.001 0.066 0.0
вооруженных 0.001 1.523 0.002
бомбим 0.001 2.0 0.002
менялась 0.0 2.0 0.0
снятием 0.0 2.0 0.0
заседании 0.0 1.301 0.0
хотела 0.0 1.222 0.0
абсурдность 0.0 2.0 0.0
сказать 0.001 0.495 0.0
двадцать 0.0 0.959 0.0
стол 0.001 1.398 0.001
построена 0.0 2.0 0.0
© 0.0 0.0 0.0
реалистичные 0.0 2.0 0.0
генштаба 0.0 2.0 0.0
данных 0.0 0.481 0.0
доминирующую 0.001 1.398 0.001
наносит 0.0 1.523 0.0
подгруппа 0.001 2.0 0.002
граждан 0.0 0.638 0.0
отмена 0.0 1.699 0.0
система 0.001 0.77 0.001
оперативное 0.0 2.0 0.0
партнеров 0.0 1.398 0.0
мирное 0.001 1.301 0.001
ребята 0.0 1.301 0.0
сил 0.001 1.046 0.001
сильно 0.0 0.509 0.0
press 0.0 0.824 0.0
участвовать 0.0 1.301 0.0
оценивает 0.001 1.046 0.001
помощь 0.0 0.097 0.0
израиль 0.0 1.097 0.0
пострадавшая 0.0 1.523 0.0
договор 0.001 1.222 0.001
выставляет 0.0 1.699 0.0
страну 0.0 0.796 0.0
войны 0.006 0.42 0.003
дел 0.001 1.046 0.001
минимум 0.0 0.796 0.0
навсегда 0.001 0.854 0.001
вооружений 0.0 2.0 0.0
политика 0.001 1.0 0.001
гарантии 0.001 1.301 0.001
современных 0.0 1.523 0.0
харьков 0.001 0.886 0.001
сомкнуть 0.0 2.0 0.0
бороться 0.0 1.155 0.0
имеют 0.0 0.678 0.0
ведутся 0.0 1.523 0.0
всем 0.001 0.252 0.0
перспективы 0.0 1.523 0.0
возврата 0.0 1.699 0.0
те 0.001 0.357 0.0
происходит 0.0 0.387 0.0
подвергается 0.0 1.398 0.0
активного 0.0 1.398 0.0
территориальная 0.0 1.699 0.0
россиян 0.0 0.62 0.0
безусловно 0.001 1.222 0.001
классных 0.0 2.0 0.0
нейтрально 0.0 2.0 0.0
заинтересованы 0.0 1.699 0.0
согласовано 0.0 1.699 0.0
михаила 0.0 1.222 0.0
мединский 0.004 2.0 0.008
ними 0.0 0.585 0.0
менеджер 0.0 1.523 0.0
ущерб 0.001 1.699 0.002
отогнали 0.0 2.0 0.0
странные 0.0 2.0 0.0
завтра 0.0 1.523 0.0
берутся 0.0 1.699 0.0
иран 0.0 1.699 0.0
напали 0.0 2.0 0.0
главное 0.0 0.658 0.0
понимаю 0.001 0.796 0.001
полюбить 0.0 2.0 0.0
вызывает 0.0 0.886 0.0
показывать 0.0 0.066 0.0
потеряли 0.001 1.301 0.001
многим 0.0 1.097 0.0
twitter 0.0 0.0 0.0
консультационной 0.0 2.0 0.0
европы 0.0 0.796 0.0
платформы 0.001 0.066 0.0
пригласило 0.0 2.0 0.0
наукой 0.0 2.0 0.0
обращают 0.0 1.699 0.0
наверное 0.002 0.921 0.002
понять 0.001 0.721 0.001
оценки 0.001 1.155 0.001
которые 0.004 0.119 0.0
участие 0.001 0.959 0.001
meduza 0.002 0.0 0.0
говорю 0.0 0.959 0.0
спим 0.0 1.699 0.0
прямых 0.0 1.155 0.0
подготовки 0.0 1.222 0.0
арк 0.0 2.0 0.0
зайти 0.0 1.398 0.0
приезжать 0.0 1.523 0.0
мастерски 0.0 2.0 0.0
внимание 0.0 0.658 0.0
звучит 0.0 1.398 0.0
риторика 0.0 1.301 0.0
серьезе 0.001 2.0 0.002
учитывать 0.0 1.046 0.0
федерацию 0.0 1.523 0.0
вещи 0.001 0.796 0.001
из-за 0.001 0.229 0.0
очевидна 0.0 2.0 0.0
подход 0.0 0.959 0.0
presidential 0.0 1.301 0.0
современные 0.0 1.523 0.0
населением 0.0 1.398 0.0
проблемой 0.0 1.097 0.0
какую-то 0.0 1.097 0.0
плана 0.0 1.699 0.0
ukraine 0.0 0.921 0.0
выступая 0.0 1.398 0.0
какая-то 0.0 0.959 0.0
автономная 0.0 1.699 0.0
умеет 0.0 1.155 0.0
оптимизм 0.001 1.699 0.002
страна 0.0 0.796 0.0
действий 0.0 0.699 0.0
значит 0.0 0.444 0.0
мирных 0.001 0.959 0.001
гифки 0.0 0.066 0.0
адекватно 0.0 1.699 0.0
санкций 0.005 0.745 0.004
сути 0.001 0.959 0.001
людей 0.002 0.161 0.0
говорит 0.001 0.409 0.0
республика 0.0 1.301 0.0
кроме 0.001 0.387 0.0
главных 0.0 0.678 0.0
поиски 0.0 2.0 0.0
обсуждения 0.0 1.398 0.0
существовали 0.0 2.0 0.0
европе 0.0 0.658 0.0
операции 0.0 0.886 0.0
ресторане… 0.0 2.0 0.0
заключим 0.0 2.0 0.0
ведет 0.001 1.097 0.001
заставим 0.0 2.0 0.0
территории 0.001 0.796 0.001
который 0.002 0.194 0.0
государствами 0.001 1.699 0.002
предсказать 0.0 1.301 0.0
временно 0.0 1.301 0.0
анонимно 0.0 0.066 0.0
второй 0.0 0.42 0.0
искривленное 0.0 2.0 0.0
обладали 0.0 2.0 0.0
ваша 0.001 0.102 0.0
деятелей 0.0 1.523 0.0
думаем 0.0 1.699 0.0
изначально 0.0 0.959 0.0
интервью 0.0 0.745 0.0
кофе 0.0 2.0 0.0
мотивы 0.0 1.523 0.0
куки 0.0 0.066 0.0
тотальные 0.0 2.0 0.0
врагов 0.0 2.0 0.0
позиция 0.001 1.0 0.001
использование 0.0 0.066 0.0
года 0.001 0.167 0.0
незыблема 0.0 2.0 0.0
понимает 0.0 1.155 0.0
попьем 0.0 2.0 0.0
en 0.0 0.066 0.0
послевоенная 0.0 2.0 0.0
проводить 0.0 0.824 0.0
другого 0.0 0.824 0.0
жилых 0.0 1.155 0.0
украина 0.004 0.699 0.003
выступал 0.0 1.398 0.0
какому-то 0.0 1.699 0.0
предпринимались 0.0 2.0 0.0
насколько 0.002 0.42 0.001
глобальным 0.0 2.0 0.0
существенно 0.0 0.721 0.0
drew 0.0 1.699 0.0
джо 0.0 2.0 0.0
будут 0.002 0.301 0.001
человека 0.0 0.328 0.0
положили 0.0 1.699 0.0
дергаются 0.0 2.0 0.0
коридоры 0.001 1.301 0.001
зеленского 0.002 1.0 0.002
крыма 0.0 1.0 0.0
вице-премьер 0.0 1.523 0.0
войну 0.001 0.638 0.001
большое 0.0 0.854 0.0
угроза 0.0 1.523 0.0
занимали 0.0 2.0 0.0
свой 0.0 0.585 0.0
действенные 0.0 1.699 0.0
по-другому 0.0 1.155 0.0
полностью 0.0 0.538 0.0
странам 0.0 1.301 0.0
мариуполе 0.002 0.824 0.002
гибнуть 0.0 2.0 0.0
обстреле 0.0 1.301 0.0
вообще 0.002 0.066 0.0
тактическая 0.0 1.699 0.0
разрушено 0.0 1.699 0.0
состояние 0.0 0.921 0.0
объектов 0.0 1.398 0.0
понимать 0.001 0.886 0.001
сказал 0.002 0.77 0.002
правам 0.0 1.398 0.0
делегации 0.002 1.699 0.003
придерживаемся 0.001 2.0 0.002
лежат 0.001 1.222 0.001
применением 0.0 1.699 0.0
задуматься 0.0 2.0 0.0
откуда 0.0 1.046 0.0
присоединившимися 0.0 2.0 0.0
слушает 0.0 1.699 0.0
говорили 0.0 0.796 0.0
зачешем 0.0 2.0 0.0
город 0.003 0.699 0.002
нуждались 0.0 2.0 0.0
согласны 0.0 1.155 0.0
украинская 0.002 1.046 0.002
покажите 0.0 1.301 0.0
принципиально 0.0 0.959 0.0
хотим 0.001 0.921 0.001
коммуникация 0.0 1.523 0.0
представитель 0.0 1.398 0.0
управление 0.001 1.097 0.001
возвращает 0.0 1.699 0.0
бессмысленно 0.0 2.0 0.0
переговорный 0.0 2.0 0.0
центре 0.0 0.886 0.0
погибших 0.0 1.097 0.0
свои 0.001 0.481 0.0
выступления 0.0 1.046 0.0
страной 0.0 0.959 0.0
небо 0.001 1.523 0.002
гуманитарными 0.0 2.0 0.0
ирина 0.0 1.398 0.0
новостиисторииразборшапитокоронавирусмагаз 0.0 0.066 0.0
мирные 0.001 1.097 0.001
репрессии 0.001 1.222 0.001
подписание 0.0 2.0 0.0
примут 0.0 1.523 0.0
должны 0.001 0.432 0.0
единого 0.0 1.523 0.0
отправлять 0.0 1.155 0.0
сидит 0.001 1.155 0.001
введены 0.0 1.699 0.0
которая 0.001 0.301 0.0
выложили 0.0 1.523 0.0
маленькие 0.0 1.301 0.0
политической 0.001 1.222 0.001
выполняющим 0.001 0.097 0.0
возможно 0.0 0.398 0.0
ошибку 0.0 0.066 0.0
заявлениях 0.0 1.523 0.0
происходило 0.0 1.155 0.0
гарантиям 0.0 2.0 0.0
огня 0.001 1.523 0.002
нарушают 0.0 1.523 0.0
договора 0.001 1.301 0.001
культуры 0.001 1.046 0.001
задумка 0.0 2.0 0.0
проблемы 0.0 0.62 0.0
обратился 0.0 1.155 0.0
начинается… 0.0 2.0 0.0
особо 0.0 1.097 0.0
прекращение 0.0 1.699 0.0
озвучивать 0.0 2.0 0.0
окружить 0.0 1.398 0.0
бомбить 0.0 1.222 0.0
состоятельность 0.0 2.0 0.0
пропаганды 0.001 1.0 0.001
пришлись 0.0 2.0 0.0
деле 0.0 0.553 0.0
основан 0.0 1.523 0.0
запросная 0.0 2.0 0.0
стран 0.002 0.469 0.001
приземленнее 0.0 2.0 0.0
считать 0.0 0.854 0.0
некоторых 0.0 0.523 0.0
идет 0.0 0.367 0.0
численности 0.0 1.398 0.0
попавшая 0.0 1.523 0.0
чернигов 0.0 1.301 0.0
ядерному 0.0 2.0 0.0
материал 0.0 0.086 0.0
большой 0.0 0.569 0.0
звездочку 0.0 2.0 0.0
знаете 0.001 0.796 0.001
забрать 0.0 1.398 0.0
новый 0.0 0.658 0.0
красный 0.0 1.523 0.0
исторической 0.0 1.398 0.0
снимать 0.0 1.523 0.0
относилось 0.0 2.0 0.0
отдельных 0.0 1.046 0.0
российская 0.004 0.658 0.003
исторически 0.0 2.0 0.0
тяжело 0.0 0.796 0.0
находимся 0.0 1.398 0.0
иметь 0.0 0.824 0.0
компромиссы 0.0 2.0 0.0
работы 0.0 0.553 0.0
пытается 0.0 0.921 0.0
боялись 0.0 1.398 0.0
городам 0.0 2.0 0.0
сумы 0.0 1.523 0.0
расширяются 0.0 2.0 0.0
удары 0.001 1.398 0.001
нападает 0.0 2.0 0.0
статус-кво 0.0 2.0 0.0
желание 0.0 1.155 0.0
максим 0.001 0.824 0.001
умеренные 0.0 2.0 0.0
безопасности 0.004 0.481 0.002
течение 0.0 0.699 0.0
экономист 0.001 1.046 0.001
военнослужащих 0.0 1.699 0.0
тактической 0.0 1.699 0.0
заключение 0.0 1.523 0.0
подчеркнуто 0.0 2.0 0.0
политические 0.001 1.155 0.001
отношений 0.0 1.222 0.0
сломал 0.0 2.0 0.0
видение 0.0 2.0 0.0
действиям 0.0 1.398 0.0
мирным 0.0 1.398 0.0
политику 0.0 1.046 0.0
статусе 0.0 1.398 0.0
занимается 0.001 1.155 0.001
тактического 0.0 2.0 0.0
люди 0.003 0.276 0.001
диалогу 0.0 1.699 0.0
последствиях 0.002 0.921 0.002
рестораны-то 0.0 2.0 0.0
выводы 0.0 1.155 0.0
переговорная 0.0 2.0 0.0
талантливые 0.0 2.0 0.0
откуда-то 0.0 1.699 0.0
пунктов 0.001 0.959 0.001
часть 0.001 0.456 0.0
сложная 0.0 1.398 0.0
украиной 0.001 0.921 0.001
восстанавливать 0.0 2.0 0.0
возможности 0.001 0.77 0.001
часто 0.0 0.456 0.0
форме 0.001 0.886 0.001
инстаграм 0.0 0.066 0.0
ими 0.0 1.222 0.0
качество 0.0 1.155 0.0
вопросы 0.001 0.481 0.0
европейского 0.0 1.155 0.0
ситуация 0.0 0.569 0.0
практически 0.001 0.602 0.001
питания 0.0 1.301 0.0
врете 0.0 2.0 0.0
попросить 0.0 1.222 0.0
предметом 0.0 2.0 0.0
решениям 0.0 2.0 0.0
отказ 0.0 0.959 0.0
армия 0.001 0.959 0.001
конструктивен 0.0 2.0 0.0
хотя 0.001 0.276 0.0
четкой 0.0 1.523 0.0
типу 0.0 1.523 0.0
воевать 0.0 1.097 0.0
целостность 0.0 2.0 0.0
подготовили 0.0 1.398 0.0
это 0.02 0.066 0.001
повторяю 0.0 2.0 0.0
делегация 0.001 2.0 0.002
afp 0.001 0.854 0.001
эффективно 0.0 1.046 0.0
думает 0.0 1.699 0.0
принимают 0.0 1.222 0.0
слышим 0.0 1.301 0.0
конгрессом 0.001 1.523 0.002
прокомментировать 0.0 1.523 0.0
права 0.0 0.854 0.0
городков 0.0 2.0 0.0
тонусе 0.0 2.0 0.0
котором 0.001 0.495 0.0
очевидно 0.0 0.959 0.0
ключевой 0.0 1.523 0.0
убитых 0.0 2.0 0.0
english 0.0 0.06 0.0
атакуем 0.0 2.0 0.0
20–30 0.0 1.398 0.0
войн 0.0 1.523 0.0
хорошая 0.0 0.886 0.0
действовать 0.0 1.0 0.0
такого 0.0 0.509 0.0
можете 0.001 0.699 0.001
стратегически 0.0 1.301 0.0
врачей 0.0 0.745 0.0
мотивацию 0.0 2.0 0.0
немыслимые 0.0 2.0 0.0
выполняет 0.0 1.523 0.0
sergei 0.0 1.398 0.0
аспектов 0.0 2.0 0.0
глаза 0.001 0.886 0.001
отличающихся 0.0 2.0 0.0
недели-двух 0.0 2.0 0.0
имеет 0.001 0.602 0.001
гораздо 0.001 0.699 0.001
важно 0.002 0.509 0.001
считает 0.0 0.678 0.0
решает 0.0 1.398 0.0
считаете 0.0 1.699 0.0
языков 0.0 1.699 0.0
знаю 0.001 0.721 0.001
нейтрального 0.0 2.0 0.0
отдать 0.0 1.398 0.0
репортаж 0.003 0.699 0.002
знает 0.0 0.854 0.0
уничтожили 0.001 1.523 0.002
facebook 0.0 0.0 0.0
таком 0.001 0.921 0.001
переговоры 0.001 1.301 0.001
менее 0.001 0.432 0.0
докажет 0.0 2.0 0.0
выйти 0.001 1.0 0.001
спортом 0.0 1.523 0.0
проходят 0.0 1.0 0.0
пойти 0.0 1.097 0.0
scanpix 0.001 0.301 0.0
belta 0.0 1.699 0.0
реально 0.0 0.959 0.0
возможностями 0.0 1.699 0.0
подоляка 0.0 1.398 0.0
подписывать 0.0 1.155 0.0
войск 0.001 1.046 0.001
санкционная 0.0 2.0 0.0
уничтожим 0.0 2.0 0.0
персональные 0.0 0.066 0.0
такое 0.001 0.347 0.0
станут 0.0 1.046 0.0
зеленский 0.002 0.959 0.002
думаете 0.001 1.301 0.001
состоянии 0.0 1.222 0.0
активно 0.0 0.77 0.0
кого 0.0 0.509 0.0
ананьев 0.001 1.222 0.001
луганской 0.0 1.523 0.0
ключевом 0.0 2.0 0.0
перестанут 0.0 1.301 0.0
нанесли 0.0 1.699 0.0
фоне 0.0 0.796 0.0
дополнительные 0.0 1.301 0.0
зону 0.0 1.398 0.0
заставляет 0.0 1.398 0.0
первом 0.0 0.824 0.0
эта 0.0 0.367 0.0
которых 0.0 0.237 0.0
невозможно 0.002 0.602 0.001
гуманитарные 0.002 1.699 0.003
украине 0.002 0.444 0.001
парадокс 0.0 2.0 0.0
алеппо 0.0 2.0 0.0
главы 0.001 1.155 0.001
начала 0.0 0.398 0.0
обсуждать 0.002 1.398 0.003
сообщение 0.0 0.102 0.0
летают 0.0 2.0 0.0
