surprised 0.001 2.0 0.002
notes 0.001 0.824 0.001
should 0.001 1.301 0.001
reserved 0.001 0.854 0.001
just 0.001 0.886 0.001
maria 0.001 1.398 0.001
arrested 0.001 1.301 0.001
signs 0.001 1.699 0.002
ukraine 0.002 0.921 0.002
boris 0.001 1.699 0.002
version 0.001 2.0 0.002
sivtsova 0.001 1.699 0.002
seem 0.001 1.699 0.002
emojis 0.001 2.0 0.002
ribbon 0.001 2.0 0.002
inspiration 0.001 2.0 0.002
connection 0.001 1.699 0.002
sports 0.001 2.0 0.002
making 0.001 1.301 0.001
for 0.007 0.77 0.005
back 0.001 0.959 0.001
abroad 0.001 1.398 0.001
from 0.001 0.824 0.001
in 0.013 0.0 0.0
sign 0.001 1.097 0.001
t 0.005 0.886 0.004
thing 0.001 1.222 0.001
confident 0.001 1.699 0.002
under 0.001 1.097 0.001
badges 0.001 2.0 0.002
began 0.001 1.155 0.001
ux 0.001 2.0 0.002
some 0.003 0.921 0.003
today 0.001 0.854 0.001
website 0.002 1.301 0.003
is 0.009 0.854 0.008
build 0.001 1.398 0.001
aboutмедуза 0.001 0.854 0.001
rid 0.001 1.523 0.002
continue 0.001 1.155 0.001
alternative 0.001 1.523 0.002
conduct 0.001 0.824 0.001
that 0.013 0.854 0.011
symbols 0.001 1.523 0.002
crowd 0.001 2.0 0.002
joining 0.001 2.0 0.002
suggested 0.001 1.699 0.002
part 0.001 1.097 0.001
wrote 0.001 1.046 0.001
be 0.001 0.854 0.001
ourselves 0.001 1.301 0.001
how 0.001 0.886 0.001
called 0.001 1.097 0.001
been 0.004 0.921 0.004
opposed 0.001 1.699 0.002
multiple 0.001 1.523 0.002
it 0.017 0.854 0.015
heraldry 0.001 2.0 0.002
example 0.001 1.155 0.001
no 0.004 0.796 0.003
lacked 0.001 2.0 0.002
needed 0.003 1.155 0.003
told 0.002 0.959 0.002
do 0.001 0.921 0.001
wars 0.001 1.523 0.002
encroachment 0.001 2.0 0.002
s 0.018 0.796 0.014
as 0.005 0.854 0.004
realized 0.001 1.699 0.002
russian-speaking 0.001 1.523 0.002
don 0.001 0.886 0.001
tbilisi 0.001 2.0 0.002
up 0.003 0.854 0.003
known 0.001 1.301 0.001
proposed 0.001 1.699 0.002
to 0.024 0.77 0.018
organized 0.001 1.699 0.002
social 0.001 0.959 0.001
thirdly 0.001 2.0 0.002
mind 0.001 1.523 0.002
independently 0.001 2.0 0.002
whatever 0.001 1.398 0.001
symbol 0.012 1.398 0.017
russians 0.005 1.0 0.005
embassy 0.001 2.0 0.002
into 0.001 1.046 0.001
düsseldorf 0.001 2.0 0.002
friends 0.001 1.301 0.001
saying 0.001 1.155 0.001
first 0.001 0.886 0.001
stripe 0.001 2.0 0.002
kind 0.001 1.398 0.001
asked 0.001 0.959 0.001
consensus 0.001 1.699 0.002
invasion 0.001 1.0 0.001
hold 0.001 1.301 0.001
hopes 0.001 2.0 0.002
bloody 0.001 2.0 0.002
incredible 0.001 1.699 0.002
any 0.003 0.921 0.003
toronto 0.002 2.0 0.004
ru 0.001 0.824 0.001
even 0.001 0.921 0.001
others 0.001 1.046 0.001
doesn 0.002 1.046 0.002
before 0.002 0.854 0.002
other 0.002 0.886 0.002
beautiful 0.001 1.699 0.002
take 0.002 1.046 0.002
cities 0.001 1.155 0.001
brings 0.001 1.699 0.002
tens 0.001 2.0 0.002
kievan 0.001 2.0 0.002
globe 0.001 2.0 0.002
scandals 0.001 2.0 0.002
unite 0.001 2.0 0.002
street 0.001 1.301 0.001
empty 0.001 1.699 0.002
its 0.002 1.046 0.002
february 0.002 1.097 0.002
histories 0.001 2.0 0.002
secondly 0.001 2.0 0.002
post 0.001 1.046 0.001
motuznaya 0.001 2.0 0.002
wow 0.001 2.0 0.002
has 0.002 0.854 0.002
life 0.001 1.0 0.001
skip 0.001 0.854 0.001
exact 0.001 2.0 0.002
site 0.001 1.523 0.002
public 0.001 1.0 0.001
similar 0.001 2.0 0.002
snow 0.001 2.0 0.002
right 0.001 0.959 0.001
can 0.001 0.854 0.001
nor 0.001 1.523 0.002
rus 0.002 1.699 0.003
ideological 0.001 2.0 0.002
31-year-old 0.001 2.0 0.002
ve 0.002 0.886 0.002
same 0.002 0.959 0.002
remain 0.001 1.523 0.002
southern 0.001 2.0 0.002
using 0.001 1.301 0.001
really 0.001 1.097 0.001
lot 0.001 1.097 0.001
noting 0.001 2.0 0.002
flag 0.03 1.301 0.039
2011-2012 0.001 1.699 0.002
they 0.005 0.854 0.004
military 0.001 1.097 0.001
northern 0.001 2.0 0.002
limassol 0.001 2.0 0.002
showing 0.001 1.301 0.001
связи 0.001 0.0 0.0
tricolor 0.003 2.0 0.006
read 0.001 1.097 0.001
many 0.002 0.921 0.002
or 0.001 0.886 0.001
designer 0.001 1.699 0.002
kai 0.007 2.0 0.014
’ 0.028 0.824 0.023
so 0.001 1.0 0.001
anyone 0.001 1.046 0.001
already 0.003 1.0 0.003
nemtsov 0.001 1.699 0.002
by 0.005 0.658 0.003
ties 0.001 1.398 0.001
origins 0.001 1.523 0.002
rejection 0.002 2.0 0.004
them 0.003 0.921 0.003
truly 0.001 1.523 0.002
themselves 0.001 1.155 0.001
flags 0.001 1.699 0.002
writing 0.001 1.398 0.001
‘ 0.001 0.921 0.001
independent 0.001 1.046 0.001
true 0.001 1.398 0.001
republic 0.001 1.222 0.001
tsarist 0.001 2.0 0.002
sew 0.001 2.0 0.002
appearing 0.001 1.699 0.002
us 0.001 0.886 0.001
white-blue-white 0.005 1.523 0.008
square 0.001 1.523 0.002
mark 0.001 2.0 0.002
blue 0.001 2.0 0.002
paper 0.001 2.0 0.002
streets 0.001 1.699 0.002
started 0.001 1.046 0.001
simultaneously 0.001 1.301 0.001
demand 0.001 1.398 0.001
art 0.001 1.699 0.002
if 0.001 0.921 0.001
freedom. 0.001 2.0 0.002
moscow 0.001 0.921 0.001
claims 0.001 1.398 0.001
against 0.002 0.824 0.002
trying 0.001 1.155 0.001
rallies 0.001 1.523 0.002
design 0.002 2.0 0.004
cyprus 0.001 1.699 0.002
were 0.002 0.921 0.002
are 0.002 0.854 0.002
living 0.001 1.155 0.001
single 0.001 1.155 0.001
contains 0.001 2.0 0.002
code 0.001 0.824 0.001
activists 0.001 1.301 0.001
an 0.006 0.854 0.005
would 0.001 0.921 0.001
territories 0.001 1.523 0.002
knew 0.001 1.523 0.002
used 0.001 1.155 0.001
came 0.002 1.097 0.002
success 0.001 1.699 0.002
while 0.001 1.0 0.001
away 0.001 1.046 0.001
alongside 0.001 2.0 0.002
otherwise 0.001 2.0 0.002
real 0.001 0.854 0.001
explained 0.001 1.398 0.001
privacy 0.001 0.854 0.001
why 0.001 1.0 0.001
with 0.009 0.824 0.007
this 0.003 0.854 0.003
anonymous 0.001 1.398 0.001
supported 0.001 1.699 0.002
autocratic 0.001 2.0 0.002
protests 0.003 1.222 0.004
historical 0.001 2.0 0.002
without 0.001 1.097 0.001
beginnings 0.001 2.0 0.002
kremlin 0.001 1.097 0.001
calling 0.001 1.699 0.002
advocates 0.001 1.699 0.002
center 0.001 1.155 0.001
original 0.001 1.523 0.002
cookies 0.001 0.854 0.001
cited 0.001 2.0 0.002
said 0.003 0.959 0.003
of 0.038 0.721 0.027
done 0.001 1.301 0.001
own 0.001 1.0 0.001
numerous 0.001 1.398 0.001
london 0.001 2.0 0.002
isn 0.001 1.222 0.001
am 0.001 1.097 0.001
protesters 0.003 1.398 0.004
vilnius 0.002 2.0 0.004
your 0.001 0.854 0.001
administration 0.001 1.155 0.001
sky 0.001 1.523 0.002
advertise 0.001 0.854 0.001
town 0.001 1.222 0.001
concepts 0.001 2.0 0.002
onto 0.001 1.222 0.001
readerswe 0.001 0.921 0.001
current 0.001 1.301 0.001
will 0.001 0.854 0.001
simple 0.001 1.699 0.002
broke 0.001 1.523 0.002
going 0.002 0.886 0.002
frees 0.001 2.0 0.002
unifying 0.001 2.0 0.002
troops 0.001 1.155 0.001
beginning 0.001 1.0 0.001
events 0.001 1.155 0.001
future 0.001 1.155 0.001
former 0.001 1.097 0.001
learned 0.001 1.155 0.001
state 0.003 0.959 0.003
expansion. 0.001 2.0 0.002
about 0.002 0.854 0.002
which 0.002 0.921 0.002
protest 0.003 1.155 0.003
who 0.003 0.824 0.002
make 0.001 0.959 0.001
clear 0.001 1.301 0.001
white-red-white 0.001 2.0 0.002
a 0.023 0.699 0.016
rally 0.003 1.523 0.005
had 0.003 0.921 0.003
not 0.003 0.854 0.003
too 0.001 0.921 0.001
tell 0.001 1.155 0.001
common 0.001 1.398 0.001
several 0.001 1.046 0.001
description 0.001 2.0 0.002
advocating 0.001 1.699 0.002
sounds 0.004 1.699 0.007
freedom 0.003 1.523 0.005
taking 0.001 1.155 0.001
neither 0.001 1.699 0.002
... 0.001 1.523 0.002
krakow 0.001 2.0 0.002
use 0.002 1.0 0.002
novgorod 0.003 1.699 0.005
but 0.001 0.854 0.001
idea 0.001 1.222 0.001
his 0.001 0.959 0.001
over 0.001 0.959 0.001
agree 0.001 1.398 0.001
like 0.002 0.854 0.002
see 0.001 1.0 0.001
joint 0.001 1.699 0.002
working 0.001 0.854 0.001
principles 0.001 2.0 0.002
decentralized 0.001 2.0 0.002
eagerly 0.001 2.0 0.002
turned 0.001 1.222 0.001
point 0.001 1.301 0.001
sam 0.001 1.222 0.001
breazeale 0.001 1.222 0.001
owner 0.003 1.301 0.004
country 0.001 0.959 0.001
indeed 0.001 2.0 0.002
me 0.001 0.959 0.001
empire 0.001 2.0 0.002
russian 0.008 0.824 0.007
expansion 0.001 2.0 0.002
most 0.001 1.0 0.001
belarusians 0.001 2.0 0.002
civil 0.001 1.699 0.002
different 0.001 1.046 0.001
classic 0.001 2.0 0.002
through 0.001 1.046 0.001
tells 0.001 1.398 0.001
never 0.001 0.886 0.001
actions 0.001 1.301 0.001
references 0.001 2.0 0.002
territory 0.001 1.398 0.001
their 0.004 0.854 0.003
agreed 0.001 1.699 0.002
root 0.001 2.0 0.002
our 0.001 0.854 0.001
posted 0.001 1.699 0.002
“ 0.016 0.432 0.007
popular 0.001 1.398 0.001
okay 0.001 0.921 0.001
previously 0.001 1.523 0.002
have 0.005 0.824 0.004
get 0.001 0.959 0.001
another 0.003 0.921 0.003
symbol. 0.001 2.0 0.002
creator 0.001 2.0 0.002
manager 0.001 1.398 0.001
at 0.001 0.824 0.001
forgotten 0.001 2.0 0.002
weeks 0.001 1.0 0.001
new 0.007 0.699 0.005
initially 0.001 1.398 0.001
what 0.001 0.854 0.001
violates 0.001 2.0 0.002
print 0.001 1.699 0.002
main 0.001 0.854 0.001
stop 0.001 1.046 0.001
reference 0.001 2.0 0.002
russia 0.009 0.854 0.008
arrests 0.001 1.699 0.002
come 0.001 1.0 0.001
security 0.001 1.046 0.001
might 0.001 1.046 0.001
revolutionaries 0.001 2.0 0.002
created 0.001 1.398 0.001
explains 0.001 1.523 0.002
more 0.001 0.886 0.001
everybody 0.001 1.222 0.001
credibility 0.001 1.699 0.002
think 0.001 1.046 0.001
something 0.001 1.097 0.001
since 0.002 1.0 0.002
© 0.001 0.0 0.0
media 0.001 0.959 0.001
pr 0.001 1.523 0.002
world 0.001 1.0 0.001
he 0.002 0.959 0.002
collective 0.001 1.699 0.002
help 0.001 0.886 0.001
sacrificed 0.001 2.0 0.002
reasons 0.002 1.222 0.002
whose 0.001 1.398 0.001
quickly 0.001 1.398 0.001
translation 0.001 1.0 0.001
was 0.003 0.854 0.003
user 0.001 1.699 0.002
key 0.001 1.398 0.001
all 0.005 0.854 0.004
pulling 0.001 2.0 0.002
official 0.001 1.097 0.001
free 0.001 1.301 0.001
across 0.002 1.222 0.002
red 0.003 1.398 0.004
languages 0.001 2.0 0.002
meaning 0.001 1.398 0.001
belarusian 0.001 2.0 0.002
ukrainian 0.002 1.046 0.002
matter 0.001 1.301 0.001
rss 0.001 0.854 0.001
katonina 0.002 2.0 0.004
the 0.068 0.481 0.033
democracy 0.001 2.0 0.002
could 0.001 1.155 0.001
activist 0.001 1.699 0.002
rights 0.001 0.854 0.001
waving 0.001 2.0 0.002
movement 0.001 1.523 0.002
on 0.009 0.854 0.008
both 0.002 1.155 0.002
content 0.001 0.854 0.001
war 0.007 0.77 0.005
replicate 0.001 2.0 0.002
say 0.001 1.0 0.001
fan 0.001 2.0 0.002
led 0.001 1.523 0.002
anti-war 0.005 1.222 0.006
spread 0.001 1.398 0.001
authoritarianism 0.001 2.0 0.002
then 0.001 1.097 0.001
entire 0.001 1.222 0.001
account 0.003 1.301 0.004
shameful 0.001 2.0 0.002
decided 0.001 1.097 0.001
opposition 0.001 1.398 0.001
rages 0.001 2.0 0.002
together 0.001 1.222 0.001
thousands 0.001 1.155 0.001
people 0.007 0.886 0.006
conditions. 0.001 2.0 0.002
24/7 0.001 0.102 0.0
symbolic 0.001 2.0 0.002
become 0.001 1.222 0.001
you 0.004 0.824 0.003
oppose 0.001 1.523 0.002
stripe. 0.001 1.699 0.002
mutual 0.001 2.0 0.002
piece 0.001 1.523 0.002
getting 0.001 1.046 0.001
according 0.001 1.097 0.001
leave 0.001 1.155 0.001
one 0.003 0.824 0.002
white 0.001 1.699 0.002
по-русски 0.001 0.854 0.001
ideologically 0.001 2.0 0.002
m 0.001 0.886 0.001
protested 0.001 2.0 0.002
reads 0.001 1.699 0.002
population 0.001 1.301 0.001
bloodshed 0.001 1.699 0.002
tied 0.001 1.523 0.002
taken 0.001 1.301 0.001
journalists 0.001 1.097 0.001
and 0.026 0.721 0.019
traditional 0.001 2.0 0.002
'we 0.001 2.0 0.002
haven 0.001 1.301 0.001
there 0.004 0.854 0.003
published 0.001 1.398 0.001
day 0.001 0.921 0.001
seemed 0.001 1.699 0.002
future. 0.001 2.0 0.002
rationale 0.001 2.0 0.002
ability 0.001 2.0 0.002
painted 0.001 1.523 0.002
insist 0.001 2.0 0.002
front 0.001 1.301 0.001
later 0.001 1.222 0.001
needed. 0.001 2.0 0.002
takes 0.001 1.523 0.002
fish 0.004 2.0 0.008
society 0.001 1.523 0.002
talked 0.001 1.398 0.001
source 0.001 0.921 0.001
facebook 0.001 0.0 0.0
blood 0.001 2.0 0.002
” 0.017 0.886 0.015
forum 0.001 2.0 0.002
simply 0.001 1.301 0.001
resembles 0.001 2.0 0.002
ambassadors 0.001 2.0 0.002
always 0.001 0.921 0.001
wide 0.001 2.0 0.002
author 0.001 2.0 0.002
impossible 0.001 1.222 0.001
long 0.001 1.097 0.001
twitter 0.003 0.0 0.0
tribute 0.001 2.0 0.002
spotted 0.001 1.699 0.002
re 0.001 0.886 0.001
i 0.005 0.745 0.004
though 0.001 1.0 0.001
begun 0.001 1.523 0.002
important 0.003 1.046 0.003
disputes 0.001 2.0 0.002
march 0.005 0.886 0.004
now 0.001 0.886 0.001
around 0.001 1.222 0.001
late 0.001 1.398 0.001
meduza 0.006 0.0 0.0
sasha 0.001 1.699 0.002
stories 0.001 0.921 0.001
after 0.002 0.959 0.002
instagram 0.001 0.745 0.001
berlin 0.001 2.0 0.002
creation 0.001 1.699 0.002
we 0.005 0.886 0.004
give 0.001 1.0 0.001
story 0.001 1.046 0.001
veliky 0.001 2.0 0.002
because 0.001 0.959 0.001
including 0.001 1.222 0.001
feature 0.001 1.699 0.002
unpleasant 0.001 1.699 0.002
lost 0.001 1.155 0.001
peace 0.005 1.097 0.005
out 0.003 0.886 0.003
vexillology 0.001 2.0 0.002
need 0.002 0.854 0.002
dictatorship 0.001 2.0 0.002
shade 0.001 2.0 0.002
enough 0.001 1.046 0.001
create 0.001 1.699 0.002
censorship 0.001 1.398 0.001
color 0.001 2.0 0.002
people. 0.001 1.699 0.002
cradle 0.001 2.0 0.002
specialist 0.001 1.699 0.002
imbued 0.001 2.0 0.002
when 0.001 0.959 0.001
