репрессиями 0.001 2.0 0.002
поводу 0.001 0.824 0.001
говорим 0.002 0.959 0.002
российские 0.002 0.328 0.001
ходе 0.001 0.921 0.001
сартори 0.001 2.0 0.002
редакции 0.002 0.066 0.0
прегрешения 0.001 2.0 0.002
ждать 0.002 0.745 0.001
баннерам 0.001 0.066 0.0
значит 0.002 0.444 0.001
россии 0.007 0.119 0.001
действительно 0.001 0.377 0.0
россиянах 0.001 1.523 0.002
народ 0.001 0.886 0.001
корректироваться 0.001 2.0 0.002
прошлые 0.001 1.699 0.002
логичное 0.001 2.0 0.002
президент 0.001 0.854 0.001
распространяет 0.001 1.398 0.001
считают 0.001 0.721 0.001
боятся 0.003 1.0 0.003
гифки 0.001 0.066 0.0
намного 0.002 0.959 0.002
зависит 0.001 0.638 0.001
санкций 0.003 0.745 0.002
агента 0.002 0.097 0.0
годов 0.001 1.0 0.001
идей 0.001 1.523 0.002
политических 0.001 1.097 0.001
предыдущий 0.001 1.523 0.002
предположить 0.002 0.959 0.002
пропаганда 0.001 1.046 0.001
знают 0.001 1.097 0.001
специальный 0.001 1.097 0.001
берусь 0.001 2.0 0.002
маневра 0.001 2.0 0.002
политического 0.001 1.155 0.001
режима 0.002 1.0 0.002
беседовал 0.001 2.0 0.002
in 0.001 0.0 0.0
крайне 0.001 0.721 0.001
политологом 0.001 2.0 0.002
окружающим 0.001 2.0 0.002
наказанными 0.001 2.0 0.002
сильное 0.001 2.0 0.002
весьма 0.001 1.222 0.001
причем 0.001 0.62 0.001
днр 0.001 0.959 0.001
единолично 0.001 2.0 0.002
суждение 0.001 1.699 0.002
запечатлены 0.001 2.0 0.002
судя 0.002 0.721 0.001
настолько 0.001 0.886 0.001
укорененной 0.001 2.0 0.002
оказываются 0.001 1.301 0.001
ведет 0.001 1.097 0.001
выяснить 0.002 1.301 0.003
блицкрига 0.001 1.523 0.002
уганде 0.001 2.0 0.002
известный 0.001 1.097 0.001
верит 0.001 1.155 0.001
таких 0.001 0.347 0.0
стремятся 0.001 2.0 0.002
изменения 0.001 1.097 0.001
режимами 0.001 1.523 0.002
инструмент 0.001 1.398 0.001
законам 0.001 1.398 0.001
каких 0.001 0.854 0.001
возвращение 0.001 1.301 0.001
похожи 0.002 1.097 0.002
правда 0.001 0.509 0.001
который 0.003 0.194 0.001
риск 0.001 0.538 0.001
аналогии 0.001 1.523 0.002
коротким 0.002 2.0 0.004
союзе 0.001 1.301 0.001
предпочтения 0.001 2.0 0.002
анонимно 0.001 0.066 0.0
репрессиях 0.001 2.0 0.002
второй 0.002 0.42 0.001
видимо 0.001 0.824 0.001
просто 0.005 0.194 0.001
китае 0.001 1.222 0.001
приживается 0.001 2.0 0.002
звучали 0.001 1.523 0.002
бурьянов 0.001 2.0 0.002
ваша 0.002 0.102 0.0
персоналистских 0.001 2.0 0.002
напоминающего 0.001 2.0 0.002
поверил 0.001 2.0 0.002
закрытию 0.001 1.699 0.002
распространение 0.001 0.854 0.001
вторжения 0.002 0.77 0.002
сигнал 0.001 1.523 0.002
избирателя 0.001 1.699 0.002
протестах 0.002 1.699 0.003
идеологические 0.001 2.0 0.002
рейтинг 0.002 1.0 0.002
сейфе 0.001 2.0 0.002
советском 0.001 1.699 0.002
наказание 0.001 1.699 0.002
денег 0.001 0.886 0.001
исторический 0.001 1.699 0.002
выборы 0.001 1.398 0.001
сформировался 0.001 2.0 0.002
читателейнам 0.001 0.174 0.0
электронного 0.001 1.699 0.002
куки 0.001 0.066 0.0
путину 0.001 0.959 0.001
приравнивается 0.001 2.0 0.002
пункты 0.001 1.155 0.001
страны 0.001 0.444 0.0
реликт 0.001 2.0 0.002
используют 0.002 0.921 0.002
смотрим 0.001 1.523 0.002
процессов 0.001 1.523 0.002
гельман 0.002 1.301 0.003
использование 0.001 0.066 0.0
произошло 0.001 0.796 0.001
стотысячных 0.002 1.523 0.003
глубоко 0.001 1.398 0.001
лагерей 0.002 2.0 0.004
большем 0.002 1.699 0.003
остался 0.001 0.854 0.001
кажется 0.003 0.469 0.001
порядку 0.001 0.066 0.0
дальше 0.002 0.523 0.001
которую 0.002 0.469 0.001
существовало 0.001 2.0 0.002
страх 0.001 1.046 0.001
угрожающе 0.001 2.0 0.002
риторикой 0.001 2.0 0.002
года 0.001 0.167 0.0
остановился 0.001 1.523 0.002
неочевидных 0.002 1.155 0.002
лондоне 0.001 1.155 0.001
en 0.001 0.066 0.0
пятой 0.001 2.0 0.002
письма 0.001 1.301 0.001
процесс 0.001 0.921 0.001
заканчивается 0.001 1.398 0.001
часов 0.002 0.678 0.001
bloomberg 0.001 1.046 0.001
сравнивают 0.001 1.155 0.001
циник 0.001 2.0 0.002
значимую 0.001 1.699 0.002
пиарщики 0.001 2.0 0.002
одним 0.001 0.569 0.001
военный 0.001 1.097 0.001
эпохи 0.001 1.699 0.002
дней 0.002 0.337 0.001
приходит 0.001 1.398 0.001
показалось 0.001 1.523 0.002
распространено 0.001 0.102 0.0
государственного 0.001 1.0 0.001
параллели 0.002 2.0 0.004
другом 0.001 0.721 0.001
всевозможных 0.001 2.0 0.002
ios 0.001 0.066 0.0
опробована 0.001 2.0 0.002
такими 0.001 1.155 0.001
будут 0.003 0.301 0.001
построенных 0.001 2.0 0.002
иди 0.001 1.523 0.002
вне 0.001 0.886 0.001
нужный 0.001 1.699 0.002
телевизору 0.001 1.222 0.001
ожидались 0.001 1.699 0.002
политолог 0.002 1.523 0.003
крыма 0.001 1.0 0.001
руководителей 0.001 1.398 0.001
никому 0.001 1.155 0.001
карательной 0.001 2.0 0.002
уличные 0.001 1.699 0.002
избирателями 0.001 2.0 0.002
пришли 0.001 0.921 0.001
крайней 0.001 0.721 0.001
механизме 0.001 1.523 0.002
буква 0.002 1.301 0.003
дискуссий 0.001 2.0 0.002
одному 0.001 0.921 0.001
могут 0.002 0.187 0.0
репрессивным 0.002 2.0 0.004
следующие 0.001 1.523 0.002
проголосовали 0.001 2.0 0.002
делах 0.001 1.699 0.002
владимир 0.002 0.62 0.001
тоталитарных 0.002 1.699 0.003
медузы 0.001 0.268 0.0
авторитарному 0.001 2.0 0.002
подкастов 0.001 1.699 0.002
этих 0.001 0.337 0.0
писали 0.001 0.824 0.001
пока 0.001 0.208 0.0
работать 0.001 0.409 0.0
которой 0.001 0.377 0.0
препятствий 0.001 2.0 0.002
далее 0.001 0.959 0.001
жадные 0.001 1.523 0.002
политический 0.002 1.398 0.003
ящик 0.001 1.523 0.002
человеком 0.001 1.155 0.001
сих 0.001 0.481 0.0
поверхностны 0.001 2.0 0.002
инструментально 0.001 2.0 0.002
вообще 0.001 0.066 0.0
шаг 0.001 1.046 0.001
речью 0.001 1.301 0.001
владимиром 0.001 1.523 0.002
объясняет 0.002 0.658 0.001
прагматик 0.001 2.0 0.002
идеологией 0.001 2.0 0.002
истории 0.001 0.337 0.0
автократа 0.001 2.0 0.002
отличается 0.001 0.886 0.001
сети 0.001 1.0 0.001
закрытых 0.001 1.398 0.001
сказал 0.001 0.77 0.001
направлении 0.001 1.523 0.002
адрес 0.001 1.301 0.001
слишком 0.002 0.553 0.001
митингов 0.002 1.523 0.003
лишается 0.001 2.0 0.002
продемонстрирован 0.001 1.699 0.002
тоталитарными 0.001 1.699 0.002
естественных 0.001 2.0 0.002
усугубляться 0.001 2.0 0.002
ланькова 0.001 2.0 0.002
политики 0.001 0.854 0.001
смерть 0.001 1.097 0.001
нашли 0.001 0.066 0.0
связи 0.001 0.0 0.0
какие 0.002 0.569 0.001
цепь 0.001 2.0 0.002
самоочищение 0.001 2.0 0.002
угрожающего 0.001 2.0 0.002
медуза 0.003 0.066 0.0
различные 0.001 1.301 0.001
нам 0.002 0.086 0.0
вещах 0.001 1.301 0.001
помимо 0.001 0.796 0.001
помочь 0.001 0.131 0.0
фразу 0.001 1.699 0.002
репрессивные 0.001 2.0 0.002
скорее 0.002 0.509 0.001
показать 0.001 1.155 0.001
конкретных 0.001 1.523 0.002
властей 0.001 0.824 0.001
наших 0.001 0.658 0.001
разные 0.001 0.721 0.001
идеологическими 0.001 2.0 0.002
фундаментальной 0.001 2.0 0.002
роль 0.001 0.796 0.001
зависимости 0.001 0.796 0.001
юридическим 0.001 0.102 0.0
следует 0.001 0.77 0.001
акции 0.003 0.921 0.003
придумали 0.001 1.155 0.001
италии 0.001 1.398 0.001
шаги 0.001 2.0 0.002
материалам 0.001 0.066 0.0
рассказал 0.001 0.796 0.001
срочно 0.001 0.167 0.0
пределами 0.001 1.097 0.001
наказании 0.001 2.0 0.002
неправильно 0.001 1.398 0.001
источники 0.002 0.959 0.002
несмотря 0.001 0.456 0.0
нынешней 0.001 1.155 0.001
символ 0.004 1.222 0.005
антивоенных 0.002 1.523 0.003
режиму 0.001 1.523 0.002
вести 0.002 0.824 0.002
спецоперации 0.002 1.398 0.003
речи 0.002 1.222 0.002
знакомые 0.001 1.398 0.001
принимает 0.001 1.046 0.001
риторике 0.001 1.699 0.002
переворот 0.001 1.301 0.001
путь 0.001 0.886 0.001
сталинские 0.002 1.523 0.003
иностранным 0.001 0.097 0.0
режимам 0.001 1.699 0.002
участок 0.001 1.301 0.001
лнр 0.001 1.0 0.001
работающих 0.001 1.699 0.002
займутся 0.001 2.0 0.002
санкт-петербург 0.001 1.699 0.002
например 0.002 0.229 0.0
кстати 0.001 0.886 0.001
необходимости 0.001 0.854 0.001
своих 0.002 0.398 0.001
более-менее 0.001 1.155 0.001
сми 0.001 0.602 0.001
личном 0.002 1.699 0.003
которое 0.001 0.337 0.0
по-прежнему 0.001 0.824 0.001
формы 0.001 1.046 0.001
востоковед 0.002 2.0 0.004
юдин 0.002 1.523 0.003
кардинальное 0.001 2.0 0.002
страной 0.001 0.959 0.001
ctrl+enter 0.001 0.066 0.0
безопасно 0.001 0.066 0.0
новостиисторииразборшапитокоронавирусмагаз 0.001 0.066 0.0
ким 0.002 1.699 0.003
заманчивы 0.001 2.0 0.002
репрессии 0.003 1.222 0.004
десять 0.002 0.824 0.002
андрея 0.001 1.523 0.002
сталкиваться 0.001 2.0 0.002
андрей 0.003 1.155 0.003
успешно 0.001 1.097 0.001
пользоваться 0.001 1.046 0.001
youtube 0.001 0.06 0.0
задержите 0.002 2.0 0.004
получили 0.001 0.745 0.001
ланьков 0.003 2.0 0.006
риску 0.001 1.398 0.001
либо 0.002 0.569 0.001
полному 0.001 1.699 0.002
создано 0.001 0.097 0.0
epa 0.001 0.959 0.001
ограничений 0.001 0.824 0.001
получилось 0.002 0.886 0.002
анатолий 0.001 1.523 0.002
показанном 0.001 2.0 0.002
которая 0.002 0.301 0.001
оказался 0.002 0.886 0.002
поддержите 0.001 0.102 0.0
случилось 0.002 0.658 0.001
которого 0.002 0.585 0.001
случайностей 0.001 1.699 0.002
думаю 0.002 0.721 0.001
персоналистскими 0.001 2.0 0.002
вижу 0.001 0.745 0.001
любые 0.001 0.854 0.001
гаазе 0.001 1.699 0.002
получать 0.001 1.097 0.001
примет 0.001 1.523 0.002
набор 0.001 1.155 0.001
сегодня 0.002 0.638 0.001
круглое 0.001 2.0 0.002
увольняться 0.001 2.0 0.002
советуясь 0.001 2.0 0.002
многие 0.001 0.284 0.0
средством 0.001 0.102 0.0
наглядно 0.001 2.0 0.002
выполняющим 0.002 0.097 0.0
внутри 0.001 0.745 0.001
поворот 0.001 1.699 0.002
году 0.002 0.367 0.001
припомнить 0.001 2.0 0.002
свободу 0.001 1.0 0.001
ошибку 0.001 0.066 0.0
оглядываясь 0.001 1.699 0.002
задержание 0.001 1.523 0.002
вчерашней 0.001 2.0 0.002
усиливаться 0.001 2.0 0.002
потока 0.001 1.699 0.002
лет 0.002 0.252 0.001
идеологию 0.001 2.0 0.002
говорил 0.001 0.959 0.001
искать 0.001 0.854 0.001
фридман 0.001 1.523 0.002
говорят 0.001 0.432 0.0
где-то 0.001 0.721 0.001
правило 0.001 1.097 0.001
создает 0.001 1.222 0.001
необходимый 0.001 2.0 0.002
законодательства 0.001 1.699 0.002
видели 0.001 1.222 0.001
границ 0.001 1.523 0.002
проблем 0.002 0.796 0.002
элиту 0.001 1.523 0.002
своей 0.001 0.42 0.0
стремления 0.001 1.523 0.002
режимах 0.001 1.699 0.002
выходить 0.001 1.046 0.001
1930-х 0.001 2.0 0.002
данные 0.001 0.066 0.0
принимаются 0.002 1.523 0.003
корректны 0.001 2.0 0.002
времена 0.002 1.155 0.002
пропаганды 0.002 1.0 0.002
сигнальные 0.001 1.699 0.002
выборе 0.002 1.523 0.003
деле 0.002 0.553 0.001
мире 0.001 0.553 0.001
двигаться 0.001 1.222 0.001
режимов 0.002 1.523 0.003
украину 0.002 0.523 0.001
тоталитарным 0.002 2.0 0.004
нажмите 0.001 0.066 0.0
типология 0.001 2.0 0.002
спецоперация 0.001 1.699 0.002
сравнения 0.002 0.921 0.002
считать 0.001 0.854 0.001
российский 0.001 0.638 0.001
важные 0.001 0.854 0.001
идет 0.002 0.367 0.001
наверстает 0.002 1.222 0.002
других 0.001 0.26 0.0
западе 0.001 0.959 0.001
отвечает 0.002 0.854 0.002
новых 0.002 0.678 0.001
иностранного 0.002 0.102 0.0
выбирает 0.001 2.0 0.002
материал 0.001 0.086 0.0
нисколько 0.001 2.0 0.002
подонков 0.001 2.0 0.002
лидера 0.001 1.301 0.001
мальцев 0.001 1.699 0.002
придумал 0.003 1.097 0.003
целом 0.002 0.585 0.001
большую 0.001 1.046 0.001
режим 0.008 0.921 0.007
месяца 0.002 0.745 0.001
воздействие 0.001 1.699 0.002
приоритеты 0.001 1.523 0.002
масштабе 0.001 1.699 0.002
поддержания 0.001 2.0 0.002
чен 0.002 2.0 0.004
– 0.001 0.06 0.0
новый 0.001 0.658 0.001
века 0.001 1.398 0.001
любой 0.001 0.745 0.001
дыхание 0.002 1.699 0.003
фашистский 0.001 2.0 0.002
боится 0.001 1.523 0.002
время 0.001 0.102 0.0
видим 0.001 0.921 0.001
leta 0.001 0.301 0.0
кардинально 0.001 1.699 0.002
признать 0.001 1.0 0.001
нами 0.001 0.066 0.0
стала 0.001 0.569 0.001
видно 0.001 0.921 0.001
попытались 0.002 1.155 0.002
реализации 0.001 1.301 0.001
повороты 0.001 2.0 0.002
китай 0.002 1.046 0.002
категории 0.001 1.222 0.001
риторику 0.001 1.699 0.002
страшного 0.001 1.699 0.002
ждет 0.001 0.959 0.001
выглядит 0.001 0.62 0.001
рыбы 0.001 1.699 0.002
примерно 0.002 0.585 0.001
немецких 0.001 1.222 0.001
новые 0.001 0.602 0.001
работают 0.002 0.553 0.001
модели 0.001 1.0 0.001
выглядело 0.001 2.0 0.002
стоит 0.003 0.509 0.002
черный 0.001 1.301 0.001
антивоенной 0.002 1.0 0.002
анонс 0.001 2.0 0.002
рекламаmeduza 0.001 0.066 0.0
говорить 0.002 0.602 0.001
наступает 0.002 1.301 0.003
нежелательной 0.001 1.222 0.001
инструменты 0.001 1.222 0.001
причин 0.001 0.921 0.001
класс 0.002 1.699 0.003
лицом 0.001 0.102 0.0
свойства 0.001 1.398 0.001
вчерашняя 0.001 2.0 0.002
1970-е 0.001 2.0 0.002
должным 0.001 2.0 0.002
обязательно 0.001 0.959 0.001
выше 0.001 0.509 0.001
остаются 0.001 1.0 0.001
функции 0.004 0.097 0.0
германию 0.001 1.097 0.001
германии 0.002 0.854 0.002
идеологии 0.002 1.699 0.003
голову 0.001 1.398 0.001
необязательно 0.001 1.523 0.002
совета 0.002 0.959 0.002
семейных 0.001 2.0 0.002
условия 0.001 1.155 0.001
михаил 0.001 0.959 0.001
используются 0.001 0.921 0.001
лев 0.001 2.0 0.002
оснований 0.001 1.046 0.001
решения 0.002 0.638 0.001
прежде 0.001 0.62 0.001
феномен 0.001 2.0 0.002
свастикой 0.001 2.0 0.002
выступил 0.001 1.0 0.001
демократизация 0.001 2.0 0.002
максим 0.002 0.824 0.002
компанией 0.001 1.222 0.001
смены 0.001 1.699 0.002
назад 0.008 0.18 0.001
отличий 0.001 1.301 0.001
„ 0.001 0.62 0.001
принципе 0.001 0.796 0.001
безопасности 0.002 0.481 0.001
ын 0.002 2.0 0.004
экономист 0.002 1.046 0.002
напоминают 0.001 1.523 0.002
предателей 0.002 1.398 0.003
перейти 0.001 0.066 0.0
усугубилось 0.001 2.0 0.002
работам 0.001 1.523 0.002
расстреливают 0.001 1.523 0.002
господствующей 0.001 2.0 0.002
источник 0.001 0.174 0.0
неизбежно 0.001 1.398 0.001
шло 0.001 1.523 0.002
поддержать 0.001 0.066 0.0
степень 0.001 1.046 0.001
все-таки 0.001 0.553 0.001
какие-то 0.002 0.538 0.001
принят 0.001 2.0 0.002
обнаружить 0.001 1.097 0.001
тоталитаризму 0.001 1.699 0.002
расставляет 0.001 2.0 0.002
очищение 0.002 1.301 0.003
кодекс 0.001 0.066 0.0
планов 0.001 1.398 0.001
“ 0.001 0.432 0.0
хочу 0.001 0.137 0.0
понимали 0.001 1.155 0.001
прошлого 0.001 1.222 0.001
специфична 0.001 2.0 0.002
готовностью 0.001 2.0 0.002
задача 0.001 0.959 0.001
судить 0.001 0.959 0.001
механизма 0.002 1.398 0.003
выполняют 0.002 1.523 0.003
приписывать 0.001 2.0 0.002
оказать 0.001 1.523 0.002
государства 0.002 0.824 0.002
плану 0.001 2.0 0.002
туркменистан 0.001 2.0 0.002
люди 0.002 0.276 0.001
последствиях 0.002 0.921 0.002
данное 0.001 0.097 0.0
несогласие 0.001 1.699 0.002
ожидали 0.001 1.222 0.001
партией 0.001 1.398 0.001
какой-то 0.001 0.538 0.001
врага 0.001 1.523 0.002
сплотимся 0.001 2.0 0.002
риторические 0.001 2.0 0.002
посмотрим 0.001 1.398 0.001
слова 0.001 0.678 0.001
накануне 0.001 1.046 0.001
преемственность 0.001 2.0 0.002
изменение 0.002 1.398 0.003
общества 0.002 0.824 0.002
сюжета 0.001 1.699 0.002
бегству 0.001 2.0 0.002
ожидать 0.002 1.097 0.002
последних 0.001 1.0 0.001
пор 0.001 0.387 0.0
правила 0.001 0.066 0.0
механизм 0.001 1.222 0.001
поговорила 0.001 0.886 0.001
вконтакте 0.001 0.066 0.0
умеют 0.001 1.398 0.001
триггером 0.001 1.699 0.002
независимых 0.001 1.046 0.001
увлечен 0.001 1.699 0.002
заседании 0.001 1.301 0.001
верят 0.001 1.155 0.001
отрядов 0.001 2.0 0.002
опираться 0.002 1.398 0.003
подумают 0.001 2.0 0.002
сказать 0.002 0.495 0.001
образы 0.001 2.0 0.002
live 0.001 0.022 0.0
государственный 0.001 1.097 0.001
часто 0.002 0.456 0.001
массовых 0.001 1.301 0.001
образом 0.001 0.602 0.001
срабатывают 0.001 2.0 0.002
санкции 0.002 0.77 0.002
протестные 0.001 2.0 0.002
блог 0.001 0.066 0.0
выборах 0.001 1.398 0.001
инстаграм 0.001 0.066 0.0
© 0.001 0.0 0.0
считали 0.002 1.222 0.002
планы 0.001 1.097 0.001
выделите 0.001 0.066 0.0
разных 0.002 0.398 0.001
власти 0.005 0.387 0.002
ситуация 0.001 0.569 0.001
официальный 0.002 1.222 0.002
неправильные 0.001 2.0 0.002
специалисты 0.001 1.097 0.001
исторические 0.002 1.398 0.003
meduzacare 0.001 0.066 0.0
жестких 0.001 1.523 0.002
стройках 0.001 2.0 0.002
говоря 0.001 0.77 0.001
исследователей 0.001 1.301 0.001
правит 0.002 2.0 0.004
граждан 0.001 0.638 0.001
против 0.003 0.229 0.001
система 0.001 0.77 0.001
результаты 0.002 0.62 0.001
увидим 0.001 1.222 0.001
кнопка 0.001 0.066 0.0
хотя 0.003 0.276 0.001
приходило 0.001 2.0 0.002
план 0.001 1.301 0.001
вечерняя 0.001 0.066 0.0
ужесточения 0.002 2.0 0.004
речь 0.004 0.432 0.002
это 0.023 0.066 0.002
пользуется 0.001 1.699 0.002
ориентируется 0.001 2.0 0.002
поддержки 0.001 0.066 0.0
репрессий 0.002 2.0 0.004
называть 0.002 1.0 0.002
современном 0.001 2.0 0.002
недемократическим 0.001 2.0 0.002
нашего 0.001 1.0 0.001
смешиваются 0.001 2.0 0.002
оценивает 0.001 1.046 0.001
помощь 0.001 0.097 0.0
выпуск 0.001 1.301 0.001
xx 0.001 1.398 0.001
российского 0.002 0.62 0.001
работаем 0.001 0.161 0.0
принимают 0.001 1.222 0.001
кому-то 0.001 1.046 0.001
смена 0.001 1.301 0.001
своим 0.001 0.658 0.001
дня 0.002 0.523 0.001
штампы 0.001 2.0 0.002
использует 0.002 1.097 0.002
страну 0.002 0.796 0.002
войны 0.005 0.42 0.002
даты 0.001 2.0 0.002
больнице 0.002 0.886 0.002
развитие 0.001 1.155 0.001
инакомыслящим 0.001 2.0 0.002
амина 0.001 2.0 0.002
отношению 0.001 1.398 0.001
осталось 0.001 1.0 0.001
нацистской 0.002 2.0 0.004
продуман 0.001 2.0 0.002
24/7 0.001 0.102 0.0
госдуму 0.001 2.0 0.002
очевидно 0.001 0.959 0.001
android 0.001 0.066 0.0
смену 0.001 1.523 0.002
найдет 0.001 2.0 0.002
english 0.001 0.06 0.0
усиления 0.001 1.699 0.002
принуждения 0.001 2.0 0.002
самое 0.002 0.638 0.001
несправедливость 0.001 1.398 0.001
путина 0.008 0.721 0.006
начался 0.001 0.921 0.001
объявил 0.001 1.0 0.001
основание 0.001 2.0 0.002
красное 0.001 2.0 0.002
функционирование 0.001 2.0 0.002
особенно 0.001 0.553 0.001
поддержка 0.001 0.167 0.0
джованни 0.001 1.699 0.002
нужна 0.002 0.092 0.0
такого 0.002 0.509 0.001
марта 0.002 0.319 0.001
вокруг 0.001 0.721 0.001
избавившись 0.001 1.699 0.002
нелояльными 0.001 2.0 0.002
принято 0.001 1.097 0.001
началось 0.001 1.097 0.001
гельманом 0.001 2.0 0.002
григорий 0.002 1.523 0.003
присоединение 0.001 1.699 0.002
оказалось 0.001 0.824 0.001
мере 0.001 0.569 0.001
путешествие 0.002 1.699 0.003
лишними 0.001 2.0 0.002
журналистов 0.001 1.046 0.001
современных 0.001 1.523 0.002
годы 0.002 0.745 0.001
всем 0.001 0.252 0.0
z 0.005 1.046 0.005
сделал 0.002 0.854 0.002
развалить 0.001 2.0 0.002
многое 0.001 1.301 0.001
автократы 0.001 2.0 0.002
протестами 0.001 1.398 0.001
те 0.001 0.357 0.0
оно 0.002 0.444 0.001
требования 0.001 0.066 0.0
связаться 0.001 0.066 0.0
самом 0.002 0.481 0.001
объеме 0.001 1.699 0.002
лежит 0.001 1.155 0.001
национал-предателей 0.001 2.0 0.002
происходит 0.002 0.387 0.001
россию 0.001 0.678 0.001
жестче 0.002 1.301 0.003
массовыми 0.001 1.699 0.002
информации 0.002 0.102 0.0
доносов 0.001 2.0 0.002
закон 0.001 1.0 0.001
вполне 0.001 0.699 0.001
подсказывают 0.001 2.0 0.002
большим 0.001 1.046 0.001
гораздо 0.002 0.699 0.001
уместность 0.001 1.398 0.001
колонны 0.001 1.699 0.002
тех 0.001 0.26 0.0
наказать 0.001 1.523 0.002
избиратели 0.001 1.699 0.002
ковидом 0.002 0.658 0.001
успешной 0.001 1.699 0.002
важно 0.002 0.509 0.001
репрессивности 0.001 2.0 0.002
безусловно 0.001 1.222 0.001
небольшая 0.001 1.523 0.002
управлении 0.001 1.699 0.002
широко 0.001 1.097 0.001
глава 0.001 0.824 0.001
примеры 0.001 1.699 0.002
меняется 0.002 1.523 0.003
внутриполитических 0.001 2.0 0.002
почему 0.004 0.337 0.001
миллионами 0.001 2.0 0.002
указаны 0.001 1.523 0.002
социолог 0.002 1.523 0.003
олигархи 0.001 1.301 0.001
дожил 0.001 2.0 0.002
медузе 0.002 0.066 0.0
запад 0.001 1.523 0.002
нарративы 0.001 2.0 0.002
создателей 0.001 1.523 0.002
ожидаю 0.001 1.699 0.002
написанный 0.001 2.0 0.002
характеризовал 0.001 2.0 0.002
собой 0.001 0.62 0.001
facebook 0.001 0.0 0.0
вопросами 0.001 1.699 0.002
медузу 0.002 0.066 0.0
обработки 0.001 0.066 0.0
связанные 0.002 1.046 0.002
менее 0.001 0.432 0.0
этим 0.001 0.337 0.0
простых 0.001 1.301 0.001
стороны 0.001 0.432 0.0
массовой 0.001 0.097 0.0
агрессивной 0.002 2.0 0.004
заставил 0.001 1.523 0.002
знаем 0.001 0.585 0.001
демократия 0.001 1.523 0.002
помощью 0.002 0.538 0.001
сложно 0.001 0.538 0.001
каких-нибудь 0.001 1.699 0.002
дольше 0.001 1.155 0.001
каждый 0.001 0.509 0.001
переживают 0.002 1.699 0.003
похоже 0.001 0.886 0.001
показала 0.001 1.222 0.001
репрессивного 0.001 2.0 0.002
scanpix 0.001 0.301 0.0
бегство 0.001 2.0 0.002
укрепит 0.001 2.0 0.002
думают 0.002 1.222 0.002
показывать 0.001 0.066 0.0
перцев 0.001 1.523 0.002
середине 0.001 0.886 0.001
книгах 0.001 2.0 0.002
спасибоgiphyза 0.001 0.066 0.0
сюжеты 0.001 1.523 0.002
формах 0.001 1.398 0.001
многим 0.001 1.097 0.001
плавать 0.001 2.0 0.002
кндр 0.005 2.0 0.01
нелояльность 0.001 2.0 0.002
предполагаю 0.001 1.699 0.002
ресурсов 0.001 1.523 0.002
раньше 0.002 0.432 0.001
подписывать 0.001 1.155 0.001
twitter 0.001 0.0 0.0
пожалуйста 0.001 0.102 0.0
приводил 0.001 2.0 0.002
давало 0.001 1.699 0.002
пример 0.001 0.824 0.001
представить 0.001 0.959 0.001
контекстах 0.001 2.0 0.002
подвержены 0.001 1.699 0.002
ошибок 0.001 1.398 0.001
платформы 0.002 0.066 0.0
можем 0.001 0.62 0.001
деятельности 0.001 1.097 0.001
заключенных 0.001 1.398 0.001
связаны 0.001 0.959 0.001
именно 0.001 0.244 0.0
окружение 0.001 1.523 0.002
представителей 0.001 1.0 0.001
совместный 0.001 1.398 0.001
прошлом 0.001 0.921 0.001
экономикой 0.002 1.155 0.002
персональные 0.001 0.066 0.0
превратил 0.002 2.0 0.004
давнего 0.001 2.0 0.002
очень 0.01 0.149 0.001
выборов 0.001 1.523 0.002
которые 0.004 0.119 0.0
активно 0.001 0.77 0.001
путин 0.004 0.658 0.003
вовсе 0.001 0.921 0.001
ранее 0.001 0.62 0.001
meduza 0.002 0.0 0.0
наблюдателей 0.001 1.523 0.002
нацизма 0.001 1.222 0.001
новым 0.001 0.796 0.001
важное 0.001 1.046 0.001
ананьев 0.002 1.222 0.002
режимы 0.002 1.523 0.003
усиление 0.001 1.523 0.002
итогам 0.001 1.398 0.001
заседания 0.001 1.523 0.002
1930-е 0.001 2.0 0.002
рода 0.002 0.854 0.002
элит 0.001 2.0 0.002
заинтересован 0.001 2.0 0.002
другая 0.001 0.886 0.001
символикой 0.001 1.523 0.002
сомневаюсь 0.001 1.699 0.002
знаки 0.001 2.0 0.002
реалистичны 0.001 2.0 0.002
кем 0.001 1.222 0.001
гитлером 0.001 1.222 0.001
серьезнее 0.001 2.0 0.002
пожаловался 0.001 1.523 0.002
риторика 0.001 1.301 0.001
чиновники 0.001 1.398 0.001
существует 0.001 0.745 0.001
каком-то 0.001 1.398 0.001
извлекать 0.001 1.699 0.002
наказан 0.001 1.699 0.002
российским 0.001 0.092 0.0
которых 0.001 0.237 0.0
одной 0.001 0.398 0.0
результат 0.001 0.77 0.001
руководитель 0.001 1.301 0.001
играли 0.001 1.523 0.002
голосования 0.001 2.0 0.002
тому 0.001 0.509 0.001
украине 0.004 0.444 0.002
которым 0.001 0.658 0.001
вместе 0.001 0.602 0.001
реклама 0.002 0.066 0.0
делать 0.001 0.276 0.0
из-за 0.002 0.229 0.0
интересах 0.001 0.167 0.0
начала 0.002 0.398 0.001
тоталитаризм 0.002 1.398 0.003
продемонстрировать 0.001 1.699 0.002
успехом 0.001 2.0 0.002
упадет 0.002 1.155 0.002
доносы 0.001 2.0 0.002
сообщение 0.001 0.102 0.0
зловещий 0.002 1.523 0.003
муссолини 0.001 2.0 0.002
использовались 0.001 1.301 0.001
уголовном 0.001 1.523 0.002
дружинников 0.001 2.0 0.002
