экспертов 0.001 1.097 0.001
noam 0.001 2.0 0.002
российские 0.002 0.328 0.001
ходе 0.001 0.921 0.001
заинтересованность 0.001 2.0 0.002
первой 0.001 0.678 0.001
редакции 0.001 0.066 0.0
независимого 0.001 1.046 0.001
рынке 0.001 1.0 0.001
отказали 0.001 1.398 0.001
рынок 0.001 0.921 0.001
возлагались 0.001 2.0 0.002
компаниина 0.001 1.699 0.002
умеет 0.002 1.155 0.002
штуки 0.001 1.523 0.002
баннерам 0.001 0.066 0.0
целых 0.001 1.301 0.001
сама 0.001 0.658 0.001
рандомизированного 0.001 2.0 0.002
россии 0.005 0.119 0.001
рекомендоваться 0.001 2.0 0.002
times 0.001 0.699 0.001
экспертизе 0.001 2.0 0.002
обнаружено 0.001 1.155 0.001
госпитализированы 0.002 1.699 0.003
гифки 0.001 0.066 0.0
инфекции 0.001 0.77 0.001
переболевшие 0.001 1.301 0.001
размножение 0.001 2.0 0.002
зависит 0.001 0.638 0.001
агента 0.001 0.097 0.0
людей 0.002 0.161 0.0
пять 0.001 0.509 0.001
говорит 0.001 0.409 0.0
равного 0.001 2.0 0.002
фармстандартом 0.001 2.0 0.002
проходило 0.001 2.0 0.002
локализации 0.001 2.0 0.002
танковый 0.001 1.699 0.002
вражеский 0.001 2.0 0.002
тысячи 0.001 0.721 0.001
досье 0.001 1.301 0.001
полагать 0.001 2.0 0.002
рамках 0.001 1.097 0.001
in 0.001 0.0 0.0
обеспечивает 0.001 1.097 0.001
тяжелых 0.001 0.921 0.001
доступны 0.001 1.398 0.001
применению 0.001 1.699 0.002
документы 0.001 0.796 0.001
весьма 0.001 1.222 0.001
эффективен 0.001 1.301 0.001
заодно 0.001 2.0 0.002
обещают 0.001 1.301 0.001
судя 0.001 0.721 0.001
медицинское 0.001 1.222 0.001
эксперты 0.001 0.959 0.001
включая 0.001 0.959 0.001
настолько 0.001 0.886 0.001
прекращено 0.001 1.699 0.002
работе 0.001 0.824 0.001
воодушевляющие 0.001 2.0 0.002
участники 0.001 0.921 0.001
эффективности 0.002 0.678 0.001
молнупиравиром 0.001 1.699 0.002
ventures 0.001 1.523 0.002
участвовали 0.001 1.155 0.001
противовирусный 0.001 1.699 0.002
выключает 0.001 2.0 0.002
известный 0.001 1.097 0.001
рецензирования 0.001 1.523 0.002
территории 0.001 0.796 0.001
полимераз 0.001 2.0 0.002
илья 0.001 1.301 0.001
содержит 0.001 1.155 0.001
диабетом 0.001 2.0 0.002
директор 0.001 1.097 0.001
противовирусного 0.001 2.0 0.002
похожи 0.001 1.097 0.001
ближайших 0.001 1.699 0.002
правда 0.001 0.509 0.001
встраивается 0.001 1.699 0.002
процесса 0.001 1.222 0.001
риск 0.003 0.538 0.002
выглядят 0.001 1.301 0.001
анонимно 0.001 0.066 0.0
потенциально 0.001 1.046 0.001
илью 0.001 2.0 0.002
нуля 0.001 1.222 0.001
второй 0.001 0.42 0.0
терапию 0.001 1.398 0.001
рисков 0.001 0.959 0.001
видимо 0.001 0.824 0.001
человеческого 0.001 1.398 0.001
просто 0.001 0.194 0.0
ваша 0.001 0.102 0.0
неожиданно 0.001 2.0 0.002
специалистам 0.001 1.523 0.002
изначально 0.001 0.959 0.001
шансы 0.002 0.959 0.002
никак 0.001 0.886 0.001
машина 0.001 1.046 0.001
высоким 0.001 1.046 0.001
хороших 0.001 1.398 0.001
новостей 0.001 0.886 0.001
появления 0.003 0.854 0.003
сроке 0.001 2.0 0.002
заболевания 0.001 0.62 0.001
молекулы 0.001 1.699 0.002
цель 0.001 1.301 0.001
сотрудничестве 0.001 1.222 0.001
людях 0.001 1.155 0.001
подтвердятся 0.001 2.0 0.002
ранних 0.001 1.398 0.001
читателейнам 0.001 0.174 0.0
куки 0.001 0.066 0.0
возможное 0.001 1.523 0.002
протеазы 0.001 2.0 0.002
аналогичных 0.001 1.398 0.001
страны 0.001 0.444 0.0
pf-07321332 0.002 2.0 0.004
недавно 0.001 0.62 0.001
никаких 0.001 0.602 0.001
ноября 0.002 0.745 0.001
всемирным 0.001 2.0 0.002
заключает 0.001 1.301 0.001
удалось 0.001 0.523 0.001
незначительно 0.001 2.0 0.002
экстренных 0.001 2.0 0.002
предоставление 0.001 1.699 0.002
вакцину 0.001 0.824 0.001
прошло 0.001 1.046 0.001
использование 0.001 0.066 0.0
местного 0.001 1.097 0.001
pp1a 0.001 2.0 0.002
обстоит 0.001 1.699 0.002
классификации 0.001 1.523 0.002
две 0.001 0.553 0.001
регулирующих 0.001 1.699 0.002
рнк-полимераза 0.001 2.0 0.002
включения 0.001 1.699 0.002
ясного 0.001 2.0 0.002
снизив 0.001 2.0 0.002
порядку 0.001 0.066 0.0
юридического 0.001 1.699 0.002
заражением 0.001 1.301 0.001
сроки 0.001 1.398 0.001
которую 0.001 0.469 0.0
обнадеживающе 0.001 2.0 0.002
пусть 0.001 0.921 0.001
боевыми 0.001 2.0 0.002
года 0.002 0.167 0.0
ершов 0.001 0.796 0.001
последующими 0.001 2.0 0.002
безопасен 0.001 2.0 0.002
en 0.001 0.066 0.0
работает 0.001 0.367 0.0
процесс 0.001 0.921 0.001
часов 0.001 0.678 0.001
необходимо 0.001 0.585 0.001
хуже 0.001 0.699 0.001
прекращен 0.001 2.0 0.002
проводить 0.001 0.824 0.001
регулирующими 0.001 2.0 0.002
девяти 0.001 1.523 0.002
большей 0.001 1.046 0.001
одним 0.001 0.569 0.001
самые 0.001 0.602 0.001
пациентов 0.004 0.796 0.003
другого 0.001 0.824 0.001
саму 0.001 1.398 0.001
делает 0.001 0.886 0.001
дней 0.004 0.337 0.001
белки-предшественники 0.001 2.0 0.002
распространено 0.001 0.102 0.0
удвоение 0.001 2.0 0.002
преград 0.001 2.0 0.002
уверенности 0.001 1.301 0.001
другом 0.001 0.721 0.001
устроено 0.001 1.0 0.001
насколько 0.002 0.42 0.001
интересной 0.001 2.0 0.002
существенно 0.001 0.721 0.001
сколько 0.001 0.585 0.001
затем 0.001 0.678 0.001
ios 0.001 0.066 0.0
летального 0.001 1.699 0.002
занимаются 0.001 1.301 0.001
будут 0.001 0.301 0.0
человека 0.002 0.328 0.001
вещества 0.001 1.523 0.002
объявленные 0.001 2.0 0.002
обязательным 0.001 1.523 0.002
меркам 0.001 1.301 0.001
группой 0.001 1.155 0.001
прямо 0.001 0.357 0.0
эффективные 0.001 1.523 0.002
подготовить 0.001 1.523 0.002
вируса 0.002 0.721 0.001
качества 0.001 1.398 0.001
каковы 0.001 1.699 0.002
условии 0.001 1.699 0.002
составе 0.001 1.301 0.001
могут 0.003 0.187 0.001
galai 0.001 2.0 0.002
получивший 0.001 1.699 0.002
комплексных 0.001 2.0 0.002
своего 0.001 0.721 0.001
должно 0.001 0.658 0.001
ингибиторов 0.001 2.0 0.002
проводилось 0.001 1.523 0.002
день 0.001 0.328 0.0
merck 0.001 1.523 0.002
клетках 0.001 1.398 0.001
лица 0.001 0.824 0.001
коронавирусоммолнупиравир 0.001 1.699 0.002
завод 0.001 1.398 0.001
раза 0.002 0.602 0.001
связывается 0.001 2.0 0.002
ставя 0.001 1.699 0.002
этих 0.001 0.337 0.0
писали 0.002 0.824 0.002
никакой 0.001 0.854 0.001
коронавируса 0.002 0.509 0.001
одном 0.001 0.699 0.001
краткосрочной 0.001 2.0 0.002
пока 0.001 0.208 0.0
показывает 0.001 0.854 0.001
данном 0.001 1.097 0.001
которой 0.001 0.377 0.0
терапия 0.001 1.699 0.002
человеком 0.001 1.155 0.001
пресс-релизы 0.001 2.0 0.002
осуществляться 0.001 1.523 0.002
сих 0.001 0.481 0.0
результатах 0.001 1.155 0.001
оценку 0.001 1.398 0.001
2/3 0.001 2.0 0.002
вообще 0.002 0.066 0.0
основании 0.001 0.854 0.001
третий 0.001 0.921 0.001
лишь 0.004 0.481 0.002
объясняет 0.001 0.658 0.001
тополь 0.001 1.699 0.002
нового 0.001 0.638 0.001
начале 0.001 0.602 0.001
стоимость 0.001 1.398 0.001
уверяют 0.001 2.0 0.002
отличается 0.002 0.886 0.002
момент 0.002 0.481 0.001
закупать 0.001 1.523 0.002
глобальных 0.001 2.0 0.002
добровольцы 0.001 1.398 0.001
дозировки 0.001 1.699 0.002
дин 0.001 2.0 0.002
долгий 0.001 1.222 0.001
msd/merck 0.002 2.0 0.004
испытания 0.002 1.046 0.002
news 0.001 0.959 0.001
банком 0.001 2.0 0.002
заявки 0.001 1.398 0.001
продемонстрирован 0.001 1.699 0.002
собранным 0.001 2.0 0.002
мешает 0.002 1.222 0.002
количество 0.001 0.62 0.001
исследовательских 0.001 1.699 0.002
синтезированная 0.001 2.0 0.002
вирусом 0.001 0.921 0.001
миллионов 0.001 0.638 0.001
векторную 0.001 2.0 0.002
препарату 0.001 1.523 0.002
msd 0.001 2.0 0.002
стартовали 0.001 2.0 0.002
нашли 0.001 0.066 0.0
связи 0.001 0.0 0.0
инфицированным 0.001 2.0 0.002
долей 0.001 1.097 0.001
медуза 0.003 0.066 0.0
одного 0.001 0.432 0.0
подавляющих 0.001 2.0 0.002
действиями 0.001 1.699 0.002
антиковидные 0.001 1.398 0.001
семи 0.001 1.398 0.001
месяцев 0.001 0.602 0.001
ряде 0.001 1.523 0.002
нам 0.001 0.086 0.0
согласно 0.001 0.745 0.001
помочь 0.001 0.131 0.0
эффективного 0.001 1.699 0.002
скорее 0.001 0.509 0.001
взаимодействует 0.001 2.0 0.002
необходимого 0.001 1.523 0.002
вирусу 0.002 1.046 0.002
благодаря 0.001 0.77 0.001
самостоятельно 0.001 1.097 0.001
этому 0.001 0.432 0.0
каждые 0.001 1.301 0.001
мутаций 0.001 1.222 0.001
нежелательных 0.001 1.046 0.001
редкость 0.001 1.523 0.002
такую 0.001 0.824 0.001
стало 0.001 0.481 0.0
юридическим 0.001 0.102 0.0
максимально 0.001 0.721 0.001
антивирусного 0.001 2.0 0.002
группе 0.001 0.745 0.001
дональда 0.001 2.0 0.002
images 0.001 0.796 0.001
оказалась 0.001 0.796 0.001
контролю 0.001 1.046 0.001
материалам 0.001 0.066 0.0
срочно 0.001 0.167 0.0
начавших 0.001 2.0 0.002
фармстандарта 0.001 2.0 0.002
stat 0.001 2.0 0.002
молнупиравире 0.001 2.0 0.002
безопасные 0.001 2.0 0.002
ясно 0.001 0.886 0.001
несмотря 0.001 0.456 0.0
случае 0.002 0.357 0.001
эффективных 0.001 1.523 0.002
перорального 0.001 2.0 0.002
развития 0.001 0.886 0.001
семь 0.001 0.796 0.001
алхасов 0.001 2.0 0.002
covid-19 0.001 0.77 0.001
блокировать 0.001 1.523 0.002
грлс 0.001 1.398 0.001
какой-нибудь 0.001 1.699 0.002
доказана 0.001 1.301 0.001
пройти 0.001 0.854 0.001
fda 0.002 1.222 0.002
клинического 0.001 1.046 0.001
местной 0.001 1.398 0.001
данный 0.001 0.824 0.001
таблицу 0.001 1.699 0.002
само 0.001 0.921 0.001
вирусного 0.001 1.523 0.002
заявил 0.001 0.658 0.001
днк 0.001 1.523 0.002
особых 0.001 1.301 0.001
paxlovid 0.001 2.0 0.002
долговременной 0.001 2.0 0.002
миллиграммов 0.001 2.0 0.002
гадать 0.001 2.0 0.002
отзывам 0.001 2.0 0.002
иностранным 0.001 0.097 0.0
безопасны 0.001 1.699 0.002
запланированные 0.001 2.0 0.002
предотвратить 0.001 1.0 0.001
вечерняя 0.001 0.066 0.0
осложнений 0.001 1.155 0.001
нужно 0.001 0.237 0.0
российском 0.001 0.921 0.001
усилитель 0.001 2.0 0.002
профилактическое 0.001 2.0 0.002
лекарственный 0.001 2.0 0.002
например 0.004 0.229 0.001
течения 0.001 0.921 0.001
обстоят 0.001 2.0 0.002
первым 0.001 0.854 0.001
необходимости 0.001 0.854 0.001
вырезает 0.001 2.0 0.002
свои 0.001 0.481 0.0
российскую 0.001 0.745 0.001
коронавирусом 0.002 0.699 0.001
борьбы 0.001 1.097 0.001
опубликованного 0.001 1.699 0.002
вирусной 0.002 1.523 0.003
регистрацию 0.003 1.155 0.003
которое 0.003 0.337 0.001
повышенных 0.001 2.0 0.002
жизни 0.001 0.432 0.0
ctrl+enter 0.001 0.066 0.0
разрезает 0.001 2.0 0.002
исследованиях 0.001 0.854 0.001
периодического 0.001 2.0 0.002
новостиисторииразборшапитокоронавирусмагаз 0.001 0.066 0.0
ритонавир 0.001 2.0 0.002
позже 0.001 0.886 0.001
подает 0.001 2.0 0.002
безопасно 0.001 0.066 0.0
рф 0.001 0.745 0.001
спросила 0.001 1.523 0.002
плацебо-контролируемого 0.001 2.0 0.002
блокирует 0.001 1.699 0.002
белком 0.001 2.0 0.002
исполнительный 0.001 2.0 0.002
вероятно 0.001 0.699 0.001
проводим 0.001 2.0 0.002
экстренного 0.001 2.0 0.002
производятся 0.001 1.699 0.002
youtube 0.001 0.06 0.0
желании 0.001 1.398 0.001
должны 0.001 0.432 0.0
вариант 0.001 0.796 0.001
либо 0.001 0.569 0.001
создано 0.001 0.097 0.0
pp1ab 0.001 2.0 0.002
средств 0.001 0.854 0.001
подготовку 0.001 2.0 0.002
внезапно 0.001 1.523 0.002
группы 0.001 0.62 0.001
которая 0.001 0.301 0.0
эрик 0.001 1.523 0.002
оказался 0.001 0.886 0.001
мира 0.001 0.824 0.001
действующему 0.001 1.699 0.002
трампа 0.001 2.0 0.002
поддержите 0.001 0.102 0.0
регистрацией 0.001 1.398 0.001
во-вторых 0.001 0.854 0.001
избежать 0.001 1.046 0.001
установлена 0.001 1.523 0.002
доступа 0.001 1.097 0.001
которого 0.001 0.585 0.001
имелись 0.001 1.699 0.002
york 0.001 1.222 0.001
думаю 0.001 0.721 0.001
равчеев 0.001 2.0 0.002
обеспечить 0.001 1.097 0.001
набор 0.001 1.155 0.001
пациенты 0.001 1.301 0.001
отдельная 0.001 1.523 0.002
текущего 0.001 1.699 0.002
завершились 0.001 1.523 0.002
поэтому 0.001 0.328 0.0
многие 0.001 0.284 0.0
средством 0.001 0.102 0.0
прием 0.002 1.398 0.003
стремится 0.001 1.301 0.001
клеток 0.001 1.155 0.001
выполняющим 0.001 0.097 0.0
возможно 0.001 0.398 0.0
молекулярная 0.001 2.0 0.002
имея 0.001 1.398 0.001
южной 0.001 1.222 0.001
году 0.001 0.367 0.0
притормозили 0.001 2.0 0.002
ошибку 0.001 0.066 0.0
препарат 0.007 0.959 0.007
научном 0.001 1.222 0.001
приводит 0.001 0.824 0.001
опасность 0.001 1.046 0.001
антивирусной 0.001 2.0 0.002
дохода 0.001 1.398 0.001
экстренной 0.001 1.699 0.002
разрешили 0.001 1.097 0.001
заключаются 0.001 1.523 0.002
договора 0.001 1.301 0.001
компании 0.003 0.523 0.002
оптимистичные 0.001 2.0 0.002
месяц 0.001 0.745 0.001
ожирением 0.001 1.699 0.002
успешных 0.001 1.398 0.001
дали 0.001 1.155 0.001
вопрос 0.001 0.42 0.0
рнк-полимеразы 0.001 2.0 0.002
летальными 0.001 2.0 0.002
фактически 0.001 0.721 0.001
крупнейших 0.001 1.222 0.001
показал 0.001 0.921 0.001
побочек 0.001 1.398 0.001
препаратов 0.002 1.0 0.002
наиболее 0.001 0.745 0.001
позволяет 0.001 0.854 0.001
кратчайшие 0.001 2.0 0.002
применяют 0.001 1.398 0.001
поставлять 0.001 1.398 0.001
досрочно 0.001 2.0 0.002
продуктов 0.002 1.097 0.002
данные 0.002 0.066 0.0
накатанная 0.001 2.0 0.002
inbio 0.001 1.699 0.002
россияне 0.001 0.678 0.001
сроками 0.001 2.0 0.002
представления 0.001 1.222 0.001
патруйярд 0.001 2.0 0.002
палки 0.001 2.0 0.002
разбор 0.001 0.387 0.0
появление 0.001 0.959 0.001
шесть 0.001 1.0 0.001
деле 0.001 0.553 0.001
гарантирует 0.001 1.155 0.001
мире 0.001 0.553 0.001
сомнений 0.001 1.523 0.002
низкомолекулярный 0.001 1.699 0.002
моноклональными 0.001 2.0 0.002
лекарствах 0.001 1.523 0.002
специфической 0.001 1.699 0.002
данным 0.001 0.444 0.0
протеаза 0.002 2.0 0.004
нажмите 0.001 0.066 0.0
требует 0.001 0.824 0.001
случаев 0.001 0.658 0.001
фармой 0.001 1.699 0.002
сравнения 0.001 0.921 0.001
стран 0.002 0.469 0.001
приеме 0.001 1.398 0.001
словами 0.001 0.824 0.001
генома 0.001 1.301 0.001
российский 0.001 0.638 0.001
закодированные 0.001 2.0 0.002
продолжает 0.001 0.658 0.001
российских 0.001 0.337 0.0
рнк-зависимая 0.001 2.0 0.002
числе 0.002 0.31 0.001
других 0.001 0.26 0.0
имени 0.001 0.796 0.001
новых 0.001 0.678 0.001
обещает 0.001 1.523 0.002
зависеть 0.001 1.155 0.001
иностранного 0.001 0.102 0.0
короткие 0.001 2.0 0.002
александр 0.001 0.538 0.001
человек 0.001 0.215 0.0
метаболизма 0.001 2.0 0.002
госпитализации 0.006 0.886 0.005
материал 0.001 0.086 0.0
симптомов 0.003 0.886 0.003
фармстандарту 0.001 2.0 0.002
колеса 0.001 1.699 0.002
целом 0.001 0.585 0.001
болеет 0.001 1.523 0.002
исследований 0.002 0.585 0.001
потенциального 0.001 1.699 0.002
клиниках 0.001 1.398 0.001
продолжающихся 0.001 2.0 0.002
рассмотреть 0.001 1.398 0.001
проникновения 0.001 1.523 0.002
дальнейший 0.001 1.699 0.002
белки 0.001 1.699 0.002
свидетельствуют 0.001 1.523 0.002
– 0.001 0.06 0.0
новый 0.001 0.658 0.001
весны 0.001 1.301 0.001
отличались 0.001 1.398 0.001
включено 0.001 2.0 0.002
оба 0.001 0.959 0.001
публикации 0.001 0.886 0.001
ковида 0.002 0.444 0.001
органами 0.001 2.0 0.002
стадии 0.001 1.301 0.001
нами 0.001 0.066 0.0
противовирусные 0.001 1.523 0.002
внутривенного 0.001 2.0 0.002
испытаний 0.007 0.921 0.006
достоверности 0.001 1.699 0.002
отдельных 0.001 1.046 0.001
дает 0.001 0.796 0.001
подкожного 0.001 2.0 0.002
узнать 0.001 0.959 0.001
новые 0.001 0.602 0.001
работают 0.001 0.553 0.001
вероятностью 0.001 1.097 0.001
cо. 0.001 2.0 0.002
американское 0.001 1.699 0.002
непрозрачный 0.001 2.0 0.002
конце 0.001 0.745 0.001
иметь 0.001 0.824 0.001
управления 0.001 1.097 0.001
успехе 0.001 1.699 0.002
рекламаmeduza 0.001 0.066 0.0
говорить 0.001 0.602 0.001
принимать 0.002 0.721 0.001
соглашения 0.001 1.523 0.002
рекомендуется 0.001 1.046 0.001
документов 0.001 1.222 0.001
лицом 0.001 0.102 0.0
эффектов 0.001 1.046 0.001
выпускать 0.001 1.097 0.001
вероятность 0.001 0.721 0.001
выше 0.001 0.509 0.001
getty 0.001 0.886 0.001
присутствуют 0.001 1.699 0.002
лечении 0.001 1.301 0.001
тимур 0.001 1.699 0.002
функции 0.001 0.097 0.0
ответить 0.001 0.886 0.001
протеаз 0.001 2.0 0.002
тысяч 0.001 0.337 0.0
вставляли 0.001 2.0 0.002
переговоров 0.001 1.301 0.001
фазы 0.001 0.959 0.001
смерти 0.001 0.921 0.001
высокий 0.001 1.046 0.001
ингибитор 0.002 2.0 0.004
ремдесивир 0.002 1.523 0.003
северной 0.001 1.301 0.001
среди 0.002 0.42 0.001
геном 0.001 1.301 0.001
найдено 0.002 1.398 0.003
никакого 0.001 0.824 0.001
оснований 0.001 1.046 0.001
надеяться 0.001 1.097 0.001
известно 0.002 0.481 0.001
варианте 0.001 1.222 0.001
касается 0.001 0.602 0.001
паксловида 0.004 2.0 0.008
ближайшем 0.001 1.222 0.001
быстро 0.001 0.495 0.0
обеспечению 0.001 1.398 0.001
желание 0.001 1.155 0.001
белков-заготовок 0.001 2.0 0.002
начавшей 0.001 2.0 0.002
проходили 0.001 1.097 0.001
издание 0.001 0.721 0.001
назад 0.002 0.18 0.0
фрагменты 0.001 1.699 0.002
другими 0.001 0.495 0.0
препаратами 0.001 1.097 0.001
принципе 0.001 0.796 0.001
безопасности 0.002 0.481 0.001
большом 0.001 1.523 0.002
течение 0.003 0.699 0.002
заявок 0.001 1.523 0.002
добровольцев 0.001 0.886 0.001
управлением 0.001 1.523 0.002
мутагенный 0.001 2.0 0.002
перейти 0.001 0.066 0.0
внешним 0.001 1.699 0.002
поддержать 0.001 0.066 0.0
источник 0.001 0.174 0.0
следом 0.001 1.398 0.001
напомнить 0.001 1.097 0.001
жалуются 0.001 1.0 0.001
все-таки 0.001 0.553 0.001
какие-то 0.001 0.538 0.001
стране 0.001 0.523 0.001
зараженных 0.002 1.046 0.002
состав 0.001 0.959 0.001
кодекс 0.001 0.066 0.0
стандартным 0.001 1.699 0.002
regen-cov 0.001 2.0 0.002
добровольцем 0.001 1.699 0.002
0,8 0.001 1.523 0.002
установленном 0.001 2.0 0.002
хочу 0.001 0.137 0.0
кому 0.001 0.824 0.001
также 0.002 0.237 0.0
ранней 0.001 1.699 0.002
концу 0.001 1.097 0.001
ковид 0.001 0.796 0.001
мутагенных 0.001 2.0 0.002
клинических 0.002 0.796 0.002
расчета 0.001 1.523 0.002
продажу 0.001 1.523 0.002
хорошие 0.001 1.0 0.001
разрешения 0.001 1.222 0.001
увеличивает 0.001 1.699 0.002
судить 0.001 0.959 0.001
предварительным 0.001 2.0 0.002
средней 0.001 1.222 0.001
клетку 0.001 1.301 0.001
препаратах 0.001 1.301 0.001
дела 0.001 1.0 0.001
люди 0.001 0.276 0.0
очередь 0.001 0.62 0.001
данное 0.001 0.097 0.0
клетке 0.001 2.0 0.002
влиять 0.001 1.155 0.001
пятый 0.001 1.222 0.001
какой-то 0.001 0.538 0.001
доступ 0.001 0.921 0.001
теоретически 0.001 1.046 0.001
воз 0.001 0.796 0.001
слова 0.001 0.678 0.001
new 0.001 0.699 0.001
заражения 0.001 0.796 0.001
будем 0.001 0.886 0.001
антителами 0.001 1.398 0.001
введения 0.001 0.796 0.001
действующих 0.001 1.699 0.002
прошлую 0.001 2.0 0.002
лицензионные 0.001 2.0 0.002
предварительные 0.001 1.155 0.001
пор 0.001 0.387 0.0
функциональные 0.001 2.0 0.002
вирусных 0.001 1.301 0.001
регистрации 0.002 1.046 0.002
сравнению 0.001 0.796 0.001
большие 0.002 0.796 0.002
будущем 0.001 0.745 0.001
умерли 0.001 1.155 0.001
0,0001 0.001 2.0 0.002
стремимся 0.001 1.699 0.002
базируясь 0.001 2.0 0.002
правила 0.001 0.066 0.0
бизнес-кейс 0.001 2.0 0.002
лицу 0.001 1.523 0.002
формирование 0.001 1.699 0.002
испытание 0.001 1.523 0.002
отличаются 0.001 1.046 0.001
вконтакте 0.001 0.066 0.0
часть 0.001 0.456 0.0
независимых 0.001 1.046 0.001
эксперта 0.001 2.0 0.002
длинных 0.001 1.699 0.002
препарата 0.008 0.886 0.007
живет 0.001 0.854 0.001
генотоксичных 0.001 2.0 0.002
велики 0.001 1.301 0.001
попадание 0.001 1.398 0.001
live 0.001 0.022 0.0
генеральный 0.001 1.301 0.001
добровольцах 0.001 1.301 0.001
pfizer 0.006 0.886 0.005
название 0.001 0.921 0.001
форме 0.001 0.886 0.001
танк 0.001 1.155 0.001
лекарства 0.001 0.854 0.001
представила 0.001 1.523 0.002
блог 0.001 0.066 0.0
инстаграм 0.001 0.066 0.0
обычный 0.001 1.398 0.001
© 0.001 0.0 0.0
групп 0.001 0.77 0.001
конвиденция 0.001 2.0 0.002
разработчиков 0.001 1.097 0.001
вызывают 0.001 1.301 0.001
входит 0.001 1.301 0.001
фармгигантов 0.001 2.0 0.002
осуществляет 0.001 2.0 0.002
выделите 0.001 0.066 0.0
разных 0.001 0.398 0.0
получить 0.001 0.553 0.001
ситуация 0.001 0.569 0.001
пандемию 0.001 1.155 0.001
данных 0.001 0.481 0.0
курсов 0.001 1.398 0.001
практически 0.001 0.602 0.001
планируют 0.001 1.301 0.001
начинает 0.001 0.959 0.001
игроки 0.001 1.699 0.002
слепого 0.001 2.0 0.002
специалисты 0.001 1.097 0.001
связана 0.001 1.0 0.001
методом 0.001 1.523 0.002
цены 0.001 1.699 0.002
терапии 0.002 1.523 0.003
meduzacare 0.001 0.066 0.0
питания 0.001 1.301 0.001
высвобождает 0.001 2.0 0.002
эффективным 0.001 1.398 0.001
внешней 0.001 1.523 0.002
пероральный 0.001 2.0 0.002
против 0.005 0.229 0.001
уменьшает 0.001 1.398 0.001
возлагали 0.001 1.699 0.002
легкой 0.001 1.523 0.002
результаты 0.007 0.62 0.004
оценить 0.001 0.796 0.001
начинают 0.001 0.886 0.001
необходимы 0.001 1.398 0.001
федерацию 0.001 1.523 0.002
молекулой 0.001 2.0 0.002
случилась 0.001 1.699 0.002
той 0.001 0.62 0.001
эгидой 0.001 1.523 0.002
кнопка 0.001 0.066 0.0
пятницу 0.001 1.699 0.002
белка-заготовки 0.001 2.0 0.002
хотя 0.001 0.276 0.0
дмитрий 0.001 0.658 0.001
заниматься 0.001 0.886 0.001
эффективность 0.004 0.569 0.002
настоящий 0.001 1.155 0.001
основываясь 0.001 1.699 0.002
риска 0.001 0.699 0.001
запускать 0.001 1.699 0.002
умер 0.001 1.046 0.001
во-первых 0.001 0.796 0.001
основе 0.001 0.745 0.001
это 0.006 0.066 0.0
испытаниях 0.001 1.222 0.001
вакцин 0.001 0.62 0.001
препятствует 0.001 1.699 0.002
независимой 0.001 1.222 0.001
рнк-полимеразу 0.001 2.0 0.002
рибосомами 0.001 2.0 0.002
синтезировать 0.001 2.0 0.002
другие 0.001 0.268 0.0
the 0.001 0.481 0.0
сильно 0.001 0.509 0.001
названием 0.001 1.155 0.001
предполагаемых 0.001 2.0 0.002
смогут 0.001 0.745 0.001
поддержки 0.001 0.066 0.0
риском 0.001 1.222 0.001
курс 0.001 1.155 0.001
беларуси 0.001 1.699 0.002
двумя 0.001 0.678 0.001
помощь 0.001 0.097 0.0
eua 0.001 1.523 0.002
начинали 0.001 1.398 0.001
давно 0.001 0.77 0.001
дело 0.001 0.509 0.001
договор 0.001 1.222 0.001
разрабатывает 0.001 2.0 0.002
выгодно 0.001 1.398 0.001
работаем 0.001 0.161 0.0
месяца-двух 0.001 2.0 0.002
спасти 0.001 1.155 0.001
предположительно 0.001 1.301 0.001
создавшей 0.001 1.699 0.002
двух 0.002 0.377 0.001
дня 0.001 0.523 0.001
репликации 0.001 1.523 0.002
итоге 0.001 0.62 0.001
снижает 0.002 1.046 0.002
развитию 0.001 1.398 0.001
страну 0.001 0.796 0.001
планируем 0.002 1.222 0.002
эпидемия 0.001 1.301 0.001
около 0.001 0.432 0.0
общем 0.001 1.097 0.001
участников 0.002 0.824 0.002
epic-sr 0.001 2.0 0.002
молнупиравира 0.004 1.699 0.007
зарегистрировать 0.002 1.301 0.003
приема 0.001 1.301 0.001
исследовании 0.002 0.824 0.002
каком 0.001 1.0 0.001
двойного 0.001 1.523 0.002
одну 0.001 0.77 0.001
котором 0.001 0.495 0.0
исследование 0.003 0.658 0.002
принимал 0.001 1.523 0.002
клиническом 0.001 1.222 0.001
24/7 0.001 0.102 0.0
обоих 0.001 1.398 0.001
android 0.001 0.066 0.0
начинать 0.001 2.0 0.002
english 0.001 0.06 0.0
исключением 0.001 1.301 0.001
ограниченной 0.001 2.0 0.002
новости 0.001 0.481 0.0
аналогию 0.001 2.0 0.002
африки 0.001 1.398 0.001
единица 0.001 1.699 0.002
месяцами 0.001 1.398 0.001
научной 0.001 1.046 0.001
техническим 0.001 1.301 0.001
американской 0.001 1.222 0.001
онкогенез 0.001 2.0 0.002
подавала 0.001 2.0 0.002
применение 0.001 1.155 0.001
курсе 0.001 1.699 0.002
первыми 0.001 1.523 0.002
поддержка 0.001 0.167 0.0
нужна 0.001 0.092 0.0
такого 0.001 0.509 0.001
исходами 0.001 2.0 0.002
вирусным 0.001 2.0 0.002
экспертизы 0.001 1.222 0.001
аминокислот 0.001 2.0 0.002
рнк 0.003 1.301 0.004
пресс-релиза 0.001 1.699 0.002
одобренных 0.001 2.0 0.002
цена 0.001 1.398 0.001
оказалось 0.001 0.824 0.001
дифференцированного 0.001 2.0 0.002
случаях 0.001 0.658 0.001
sars-cov-2 0.002 0.824 0.002
бороться 0.002 1.155 0.002
продолжается 0.001 1.0 0.001
особенности 0.001 1.398 0.001
производителей 0.001 1.0 0.001
независимым 0.001 1.523 0.002
всем 0.001 0.252 0.0
факт 0.001 0.77 0.001
плане 0.001 1.155 0.001
результатам 0.001 1.0 0.001
подробнее 0.001 0.699 0.001
стимулировать 0.001 1.398 0.001
dmc 0.001 2.0 0.002
те 0.001 0.357 0.0
максимальные 0.001 1.699 0.002
требования 0.001 0.066 0.0
связаться 0.001 0.066 0.0
самом 0.001 0.481 0.0
происходит 0.001 0.387 0.0
вирусную 0.001 1.699 0.002
россию 0.001 0.678 0.001
завершены 0.001 1.699 0.002
информации 0.001 0.102 0.0
снижался 0.001 2.0 0.002
варианта 0.001 0.745 0.001
долларов 0.001 1.155 0.001
имеет 0.001 0.602 0.001
сентября 0.001 1.046 0.001
явлений 0.001 1.046 0.001
лечения 0.002 1.0 0.002
гораздо 0.001 0.699 0.001
пищевых 0.001 1.699 0.002
набрать 0.001 1.155 0.001
получали 0.001 1.222 0.001
тех 0.002 0.26 0.001
тяжелой 0.001 0.959 0.001
функциональная 0.001 2.0 0.002
ковидом 0.001 0.658 0.001
программ 0.001 1.523 0.002
полученные 0.001 1.398 0.001
получены 0.001 1.301 0.001
паксловид 0.01 1.699 0.017
глава 0.001 0.824 0.001
появиться 0.002 1.097 0.002
чувствуют 0.001 1.301 0.001
положительных 0.001 1.523 0.002
появляющиеся 0.001 2.0 0.002
провалились 0.001 1.523 0.002
журнале 0.001 0.921 0.001
собственные 0.001 1.046 0.001
медузе 0.001 0.066 0.0
разрушает 0.001 2.0 0.002
ожидаются 0.001 2.0 0.002
первый 0.001 0.481 0.0
антиретровирусный 0.001 2.0 0.002
поскольку 0.001 0.678 0.001
принимавших 0.002 1.699 0.003
ряду 0.001 1.699 0.002
условий 0.001 1.523 0.002
америки 0.001 1.301 0.001
epic-pep 0.001 2.0 0.002
разработчики 0.001 1.0 0.001
убедительно 0.001 1.523 0.002
собой 0.001 0.62 0.001
facebook 0.001 0.0 0.0
перепроверить 0.001 2.0 0.002
медузу 0.001 0.066 0.0
частота 0.001 1.301 0.001
дорожка 0.001 2.0 0.002
менее 0.002 0.432 0.001
глобальной 0.001 2.0 0.002
последуют 0.001 2.0 0.002
лекарственными 0.001 2.0 0.002
этим 0.001 0.337 0.0
обработки 0.001 0.066 0.0
p 0.001 1.699 0.002
выйти 0.001 1.0 0.001
вариантах 0.001 1.523 0.002
стороны 0.001 0.432 0.0
симптомы 0.001 0.959 0.001
ценообразования 0.001 2.0 0.002
массовой 0.001 0.097 0.0
протеазой 0.001 1.699 0.002
знаем 0.001 0.585 0.001
непосредственно 0.001 0.959 0.001
способен 0.001 1.398 0.001
предотвращения 0.001 1.523 0.002
является 0.001 0.745 0.001
возможной 0.001 1.301 0.001
проведение 0.001 1.155 0.001
сложно 0.001 0.538 0.001
стратегии 0.001 1.523 0.002
главное 0.001 0.658 0.001
купли-продажи 0.001 2.0 0.002
источнику 0.001 2.0 0.002
глупее 0.001 1.699 0.002
насчитывается 0.001 1.699 0.002
похоже 0.002 0.886 0.002
эффект 0.001 1.097 0.001
снижению 0.001 1.301 0.001
лекарств 0.001 0.824 0.001
сроков 0.001 1.699 0.002
критериев 0.001 1.699 0.002
спасибоgiphyза 0.001 0.066 0.0
показывать 0.001 0.066 0.0
стоить 0.001 1.699 0.002
стадиях 0.001 1.699 0.002
эквивалентно 0.001 1.699 0.002
центрах 0.001 1.301 0.001
лекарственных 0.002 1.155 0.002
уничтожает 0.001 1.523 0.002
компания 0.005 1.0 0.005
twitter 0.001 0.0 0.0
одобрения 0.001 1.699 0.002
молнупиравир 0.007 1.699 0.012
раньше 0.001 0.432 0.0
размножения 0.001 1.523 0.002
конкретную 0.001 1.699 0.002
пожалуйста 0.001 0.102 0.0
европы 0.001 0.796 0.001
должен 0.001 0.585 0.001
человечество 0.001 1.523 0.002
пример 0.001 0.824 0.001
дорогостоящей 0.001 2.0 0.002
предыдущие 0.001 1.699 0.002
победить 0.001 1.301 0.001
петровакс 0.001 1.523 0.002
представить 0.001 0.959 0.001
платформы 0.001 0.066 0.0
человеческий 0.001 1.699 0.002
наблюдении 0.001 2.0 0.002
комитетом 0.001 2.0 0.002
можем 0.001 0.62 0.001
всякое 0.001 1.523 0.002
та 0.001 0.824 0.001
уровню 0.001 1.523 0.002
исследования 0.003 0.481 0.001
именно 0.002 0.244 0.0
мониторингу 0.001 1.699 0.002
представителей 0.001 1.0 0.001
участием 0.001 1.222 0.001
полученных 0.001 1.398 0.001
вакцины 0.001 0.585 0.001
персональные 0.001 0.066 0.0
начат 0.001 2.0 0.002
международных 0.001 1.097 0.001
очень 0.002 0.149 0.0
оценки 0.001 1.155 0.001
которые 0.002 0.119 0.0
удовлетворять 0.001 2.0 0.002
тяжесть 0.001 1.699 0.002
таблетки 0.001 2.0 0.002
участие 0.001 0.959 0.001
ранее 0.001 0.62 0.001
разработчиками 0.001 1.523 0.002
meduza 0.002 0.0 0.0
кого 0.001 0.509 0.001
десяти 0.001 0.921 0.001
новым 0.001 0.796 0.001
остается 0.001 0.638 0.001
предстоит 0.001 1.699 0.002
уровне 0.001 0.638 0.001
длинные 0.001 1.398 0.001
вспомнить 0.001 1.398 0.001
организма 0.001 0.921 0.001
компоненты 0.001 1.097 0.001
сжатые 0.001 2.0 0.002
основная 0.001 1.046 0.001
итогах 0.001 2.0 0.002
разрезаны 0.001 2.0 0.002
согласия 0.001 1.301 0.001
произвести 0.001 1.523 0.002
серьезных 0.001 1.155 0.001
захотят 0.001 1.699 0.002
высокую 0.001 1.523 0.002
странах 0.001 0.495 0.0
плацебо 0.005 0.959 0.005
поначалу 0.001 1.222 0.001
исхода 0.001 1.301 0.001
размножаться 0.002 1.222 0.002
минздрава 0.001 0.886 0.001
добровольцам 0.001 1.523 0.002
связям 0.001 2.0 0.002
органов 0.001 1.222 0.001
локальных 0.001 1.523 0.002
мешать 0.001 1.398 0.001
вряд 0.001 0.854 0.001
составила 0.001 0.959 0.001
пяти 0.002 0.959 0.002
бизнеса 0.001 1.222 0.001
ясный 0.001 1.699 0.002
существует 0.001 0.745 0.001
условием 0.001 2.0 0.002
самая 0.001 0.854 0.001
одинаковой 0.001 2.0 0.002
моменту 0.001 1.097 0.001
культурах 0.001 1.523 0.002
эта 0.001 0.367 0.0
законодательству 0.001 1.699 0.002
российским 0.001 0.092 0.0
одной 0.001 0.398 0.0
которых 0.001 0.237 0.0
руководитель 0.001 1.301 0.001
факте 0.001 2.0 0.002
надежды 0.002 1.398 0.003
отдела 0.001 1.398 0.001
тому 0.001 0.509 0.001
вещество 0.002 1.398 0.003
возникновение 0.001 1.398 0.001
своевременный 0.001 2.0 0.002
которым 0.001 0.658 0.001
реклама 0.001 0.066 0.0
однако 0.002 0.337 0.001
началом 0.001 1.222 0.001
интересах 0.001 0.167 0.0
начала 0.002 0.398 0.001
местных 0.001 1.097 0.001
досталось 0.001 1.699 0.002
сша 0.002 0.469 0.001
азии 0.001 1.523 0.002
сообщение 0.001 0.102 0.0
полимераза 0.001 1.699 0.002
плохо 0.001 0.569 0.001
препараты 0.001 0.824 0.001
применялся 0.001 2.0 0.002
сделать 0.001 0.357 0.0
