агрессию 0.001 1.699 0.002
говорим 0.001 0.959 0.001
какова 0.001 1.222 0.001
редакции 0.001 0.066 0.0
прислала 0.001 1.699 0.002
сжалась 0.001 2.0 0.002
мать 0.001 1.398 0.001
баннерам 0.001 0.066 0.0
сивцова 0.001 1.699 0.002
заблокирована 0.001 0.824 0.001
следующий 0.001 0.796 0.001
значит 0.001 0.444 0.0
россии 0.005 0.119 0.001
читать 0.001 0.854 0.001
гифки 0.001 0.066 0.0
посторонней 0.001 2.0 0.002
вышла 0.001 0.959 0.001
агента 0.001 0.097 0.0
владимира 0.001 0.959 0.001
людей 0.001 0.161 0.0
работал 0.001 1.046 0.001
говорит 0.004 0.409 0.002
задницу 0.001 2.0 0.002
знают 0.001 1.097 0.001
ведущего 0.001 2.0 0.002
тысячи 0.001 0.721 0.001
польши 0.001 1.097 0.001
преступление 0.001 2.0 0.002
in 0.001 0.0 0.0
кубанью 0.001 2.0 0.002
сопровождающие 0.001 2.0 0.002
некому 0.001 1.699 0.002
миграционной 0.001 1.222 0.001
изменилось 0.001 1.398 0.001
холикбердиев 0.001 2.0 0.002
бьются 0.001 1.699 0.002
отключили 0.001 1.301 0.001
работе 0.002 0.824 0.002
призывного 0.001 2.0 0.002
спокойный 0.001 1.523 0.002
негде 0.001 1.523 0.002
служба 0.002 1.222 0.002
верит 0.001 1.155 0.001
таких 0.001 0.347 0.0
развлекательную 0.001 1.699 0.002
разными 0.001 0.824 0.001
пятницы 0.001 2.0 0.002
маргарита 0.001 1.301 0.001
трудно 0.001 0.824 0.001
написала 0.001 1.097 0.001
анонимно 0.001 0.066 0.0
подводку 0.001 1.699 0.002
сотрудником 0.001 1.523 0.002
титров 0.001 1.699 0.002
просто 0.001 0.194 0.0
reuters 0.001 0.745 0.001
андреевой 0.001 1.699 0.002
одессе 0.001 1.523 0.002
ваша 0.002 0.102 0.0
продолжалось 0.001 1.699 0.002
рекомендательное 0.001 2.0 0.002
никакие 0.001 1.301 0.001
преследование 0.001 1.699 0.002
привела 0.001 1.046 0.001
сигнал 0.001 1.523 0.002
несложно 0.001 2.0 0.002
пресс-секретарь 0.001 1.222 0.001
искренне 0.001 1.523 0.002
бывший 0.002 0.921 0.002
плаванием 0.001 2.0 0.002
новостей 0.001 0.886 0.001
украинец 0.001 1.699 0.002
труднее 0.001 0.721 0.001
прекратить 0.001 1.097 0.001
останкино 0.001 2.0 0.002
кубани 0.001 2.0 0.002
сдают 0.001 2.0 0.002
сразу 0.001 0.553 0.001
ургант 0.002 2.0 0.004
читателейнам 0.001 0.174 0.0
куки 0.001 0.066 0.0
аппаратной 0.001 2.0 0.002
страны 0.001 0.444 0.0
снегу 0.001 1.699 0.002
паника 0.001 1.523 0.002
никаких 0.001 0.602 0.001
отказался 0.001 1.155 0.001
удалось 0.001 0.523 0.001
использование 0.001 0.066 0.0
спиной 0.002 1.699 0.003
европа 0.001 0.886 0.001
дискредитации 0.001 1.301 0.001
остановите 0.001 1.301 0.001
no 0.001 0.796 0.001
транслирует 0.001 2.0 0.002
русскоязычный 0.001 1.699 0.002
развернуть 0.001 2.0 0.002
появились 0.001 0.854 0.001
помощи 0.001 0.77 0.001
дальше 0.001 0.523 0.001
порядку 0.001 0.066 0.0
публикацию 0.001 1.301 0.001
которую 0.001 0.469 0.0
свобода 0.001 1.398 0.001
среагировала 0.001 2.0 0.002
страх 0.001 1.046 0.001
указаний 0.001 2.0 0.002
года 0.001 0.167 0.0
кубанская 0.001 2.0 0.002
жили 0.001 1.222 0.001
остановить 0.002 0.638 0.001
en 0.001 0.066 0.0
записала 0.001 1.155 0.001
работает 0.001 0.367 0.0
видеоролика 0.001 2.0 0.002
такому 0.001 1.301 0.001
московскому 0.001 1.523 0.002
понимают 0.001 1.097 0.001
russians 0.001 1.0 0.001
юношеский 0.001 2.0 0.002
предложил 0.001 1.155 0.001
героизма 0.001 2.0 0.002
лариса 0.001 2.0 0.002
делает 0.001 0.886 0.001
сверху 0.001 1.155 0.001
дней 0.001 0.337 0.0
прочил 0.001 2.0 0.002
мое 0.001 1.398 0.001
распространено 0.001 0.102 0.0
государственного 0.001 1.0 0.001
бывшая 0.001 2.0 0.002
заметной 0.001 2.0 0.002
успокаивает 0.001 2.0 0.002
провести 0.001 0.745 0.001
насколько 0.001 0.42 0.0
сколько 0.001 0.585 0.001
ios 0.001 0.066 0.0
затем 0.001 0.678 0.001
источника 0.001 1.097 0.001
ужасно 0.001 1.398 0.001
человека 0.001 0.328 0.0
сопротивлялся 0.001 2.0 0.002
российской 0.001 0.432 0.0
зеленского 0.001 1.0 0.001
меркам 0.001 1.301 0.001
возраста 0.001 0.886 0.001
несколько 0.001 0.201 0.0
прямо 0.001 0.357 0.0
саша 0.001 1.523 0.002
войну 0.002 0.638 0.001
всеми 0.001 0.824 0.001
подтвердила 0.001 1.523 0.002
соцсетях 0.001 1.046 0.001
принятии 0.001 1.523 0.002
расположены 0.001 1.523 0.002
эфира 0.001 1.699 0.002
своего 0.001 0.721 0.001
день 0.003 0.328 0.001
лица 0.001 0.824 0.001
владимир 0.001 0.62 0.001
международными 0.001 1.301 0.001
медузы 0.004 0.268 0.001
задержала 0.001 1.398 0.001
украинцы 0.003 0.886 0.003
одном 0.001 0.699 0.001
пока 0.001 0.208 0.0
митинги 0.002 1.398 0.003
входе 0.001 1.699 0.002
работать 0.002 0.409 0.001
которой 0.002 0.377 0.001
вчерашнему 0.001 2.0 0.002
человеком 0.001 1.155 0.001
полный 0.001 0.77 0.001
телеканале 0.002 2.0 0.004
неподалеку 0.001 1.301 0.001
попали 0.001 0.886 0.001
близкие 0.001 1.097 0.001
вообще 0.001 0.066 0.0
елена 0.001 1.0 0.001
основании 0.001 0.854 0.001
интерфакс 0.001 2.0 0.002
медузой 0.001 0.921 0.001
реальностью 0.001 1.699 0.002
дойдет 0.001 2.0 0.002
выходные 0.001 1.523 0.002
прокомментировал 0.001 1.699 0.002
объясняет 0.001 0.658 0.001
начале 0.001 0.602 0.001
марины 0.003 1.523 0.005
истории 0.001 0.337 0.0
волгу 0.001 2.0 0.002
университета 0.001 0.959 0.001
концертная 0.001 1.699 0.002
студенты 0.001 1.523 0.002
сказал 0.001 0.77 0.001
запоминаются 0.001 2.0 0.002
рассуждения 0.001 1.523 0.002
всесильной 0.001 2.0 0.002
расположена 0.001 1.699 0.002
доступом 0.001 1.699 0.002
первого 0.007 0.658 0.005
свободно 0.001 1.301 0.001
решила 0.001 1.0 0.001
сотрудники 0.001 0.824 0.001
уголовное 0.001 1.301 0.001
мама 0.001 1.0 0.001
помогут 0.001 1.301 0.001
неизвестно 0.001 0.77 0.001
разу 0.001 1.398 0.001
студия 0.001 2.0 0.002
профессионально 0.001 1.699 0.002
период 0.001 0.796 0.001
появилась 0.001 0.886 0.001
нашли 0.001 0.066 0.0
связи 0.001 0.0 0.0
рухнувшие 0.001 2.0 0.002
какие 0.001 0.569 0.001
государственной 0.001 1.046 0.001
медуза 0.005 0.066 0.0
рублей 0.001 1.097 0.001
одного 0.001 0.432 0.0
родилась 0.001 1.222 0.001
увольняется 0.001 2.0 0.002
нам 0.002 0.086 0.0
государственном 0.001 1.222 0.001
волчьего 0.001 2.0 0.002
помочь 0.001 0.131 0.0
овсянникову 0.004 1.699 0.007
последние 0.001 0.456 0.0
режиссер 0.001 2.0 0.002
армии 0.001 0.886 0.001
освещали 0.001 1.699 0.002
этому 0.001 0.432 0.0
расположен 0.001 1.398 0.001
отмечает 0.001 1.155 0.001
рунов 0.003 2.0 0.006
креативного 0.001 2.0 0.002
продолжаем 0.001 0.699 0.001
стало 0.001 0.481 0.0
безработица 0.001 1.699 0.002
кадре 0.001 1.699 0.002
встала 0.001 1.699 0.002
юридическим 0.001 0.102 0.0
ночь 0.001 1.0 0.001
акции 0.003 0.921 0.003
максимально 0.001 0.721 0.001
технически 0.001 1.398 0.001
объявила 0.001 1.222 0.001
взяли 0.001 1.222 0.001
согласны 0.001 1.155 0.001
москву 0.001 1.398 0.001
сталкивались 0.001 2.0 0.002
материалам 0.001 0.066 0.0
среднего 0.001 1.301 0.001
рассказал 0.002 0.796 0.002
среагировать 0.001 2.0 0.002
срочно 0.001 0.167 0.0
встать 0.001 1.699 0.002
корреспондентом 0.001 1.699 0.002
увидел 0.001 1.222 0.001
городов 0.001 0.796 0.001
случившегося 0.001 2.0 0.002
нес 0.001 2.0 0.002
источники 0.001 0.959 0.001
программы 0.002 1.046 0.002
несмотря 0.001 0.456 0.0
антивоенным 0.002 1.301 0.003
санкциях 0.001 1.398 0.001
вести 0.001 0.824 0.001
старшему 0.001 1.523 0.002
пройти 0.001 0.854 0.001
рассказала 0.001 1.222 0.001
сказала 0.001 1.155 0.001
компьютеры 0.001 2.0 0.002
трансляцию 0.001 1.523 0.002
пропагандой 0.001 1.398 0.001
спецоперации 0.001 1.398 0.001
статье 0.001 0.854 0.001
примеру 0.001 1.222 0.001
ведущий 0.001 1.301 0.001
якобы 0.001 0.854 0.001
иностранным 0.001 0.097 0.0
западным 0.001 1.523 0.002
главный 0.001 0.638 0.001
весь 0.001 0.638 0.001
покинула 0.001 1.523 0.002
например 0.001 0.229 0.0
момента 0.001 0.886 0.001
должна 0.001 0.538 0.001
проверка 0.001 1.523 0.002
сообщил 0.002 0.959 0.002
однокурсницами 0.001 2.0 0.002
российскую 0.001 0.745 0.001
всесильного 0.001 2.0 0.002
выступления 0.001 1.046 0.001
жизни 0.001 0.432 0.0
проводники 0.001 2.0 0.002
которое 0.001 0.337 0.0
редакторами 0.001 1.699 0.002
происходящему 0.001 1.523 0.002
здорово 0.001 1.699 0.002
ctrl+enter 0.001 0.066 0.0
задержали 0.003 1.097 0.003
сюжет 0.001 1.523 0.002
мнению 0.001 0.638 0.001
ирина 0.001 1.398 0.001
февраля 0.001 0.387 0.0
новостиисторииразборшапитокоронавирусмагаз 0.001 0.066 0.0
полном 0.001 1.523 0.002
безопасно 0.001 0.066 0.0
against 0.001 0.824 0.001
мимо 0.001 1.301 0.001
несостоятельны 0.001 2.0 0.002
записывали 0.001 2.0 0.002
ткачук 0.001 2.0 0.002
верьте 0.001 1.523 0.002
первому 0.001 1.699 0.002
youtube 0.001 0.06 0.0
шагреневая 0.001 2.0 0.002
журналистка 0.002 1.398 0.003
создано 0.001 0.097 0.0
читала 0.001 1.699 0.002
темники 0.001 2.0 0.002
жизнь 0.001 0.538 0.001
собирают 0.001 1.222 0.001
замужества 0.001 2.0 0.002
телевизор 0.001 1.301 0.001
занималась 0.001 1.301 0.001
которая 0.001 0.301 0.0
оказался 0.001 0.886 0.001
уходе 0.001 1.699 0.002
поддержите 0.001 0.102 0.0
негативно 0.001 1.398 0.001
украины 0.001 0.569 0.001
мужественным 0.001 2.0 0.002
думаю 0.001 0.721 0.001
зрения 0.001 0.602 0.001
вижу 0.001 0.745 0.001
выпускник 0.001 1.699 0.002
официальной 0.001 1.046 0.001
друга 0.001 0.854 0.001
утверждению 0.001 1.523 0.002
экрана 0.001 1.398 0.001
мои 0.001 0.854 0.001
сегодня 0.001 0.638 0.001
телевизионным 0.001 2.0 0.002
важных 0.001 1.097 0.001
многие 0.001 0.284 0.0
средством 0.001 0.102 0.0
выполняющим 0.001 0.097 0.0
новостной 0.001 2.0 0.002
внутри 0.001 0.745 0.001
происходящее 0.001 1.0 0.001
фейсбуке 0.001 1.301 0.001
овсянникова 0.014 1.301 0.018
году 0.002 0.367 0.001
готов 0.001 0.921 0.001
другому 0.001 1.155 0.001
исключения 0.001 1.097 0.001
ошибку 0.001 0.066 0.0
реализовалась 0.001 2.0 0.002
заявлениях 0.001 1.523 0.002
происходило 0.001 1.155 0.001
уволиться 0.001 2.0 0.002
лет 0.001 0.252 0.0
искать 0.001 0.854 0.001
ипотеки 0.001 2.0 0.002
говорят 0.001 0.432 0.0
посменно 0.001 1.699 0.002
уйти 0.001 1.222 0.001
телекомпании 0.001 2.0 0.002
иван 0.001 1.523 0.002
антивоенные 0.002 1.301 0.003
передает 0.001 2.0 0.002
сценарист 0.001 2.0 0.002
антивоенными 0.002 1.699 0.003
ранхигс 0.001 1.699 0.002
компании 0.001 0.523 0.001
освободительную 0.001 2.0 0.002
амбициозные 0.001 2.0 0.002
вопрос 0.001 0.42 0.0
екатерины 0.001 1.523 0.002
2006-м 0.001 2.0 0.002
протестную 0.001 2.0 0.002
эфире 0.005 1.155 0.006
своей 0.001 0.42 0.0
охранник 0.001 2.0 0.002
невзирая 0.001 2.0 0.002
выходить 0.001 1.046 0.001
данные 0.001 0.066 0.0
вечером 0.001 1.398 0.001
царят 0.001 2.0 0.002
рунова 0.001 2.0 0.002
скинут 0.001 1.699 0.002
отдала 0.001 1.222 0.001
выплатить 0.001 1.699 0.002
помочьхочу 0.001 0.886 0.001
поступлении 0.001 1.699 0.002
выпуска 0.001 1.398 0.001
канала 0.007 0.959 0.007
деле 0.001 0.553 0.001
поступила 0.001 1.523 0.002
передачи 0.001 1.398 0.001
собкор 0.001 2.0 0.002
данным 0.001 0.444 0.0
миротворческой 0.001 1.699 0.002
отец 0.001 1.222 0.001
нажмите 0.001 0.066 0.0
толковой 0.001 2.0 0.002
административную 0.001 2.0 0.002
кубанского 0.001 2.0 0.002
военных 0.001 0.699 0.001
заявлениями 0.001 2.0 0.002
сюжету 0.001 2.0 0.002
словами 0.001 0.824 0.001
ситуацию 0.001 0.796 0.001
rt 0.002 0.824 0.002
российский 0.001 0.638 0.001
коллега 0.001 2.0 0.002
идет 0.001 0.367 0.0
ушел 0.001 1.155 0.001
каналу 0.001 2.0 0.002
пресс-службе 0.001 1.222 0.001
российских 0.001 0.337 0.0
числе 0.001 0.31 0.0
сообщения 0.001 1.097 0.001
имени 0.001 0.796 0.001
светлана 0.001 1.222 0.001
вгтрк 0.002 1.699 0.003
иностранного 0.001 0.102 0.0
александр 0.001 0.538 0.001
человек 0.003 0.215 0.001
висят 0.001 1.699 0.002
материал 0.001 0.086 0.0
выступление 0.001 1.222 0.001
разряд 0.001 2.0 0.002
заявила 0.001 1.155 0.001
надписи 0.001 1.699 0.002
кадр 0.001 2.0 0.002
горели 0.001 1.699 0.002
братоубийственную 0.001 2.0 0.002
знаете 0.001 0.796 0.001
травма 0.001 1.523 0.002
какого-то 0.001 1.398 0.001
вывозят 0.001 2.0 0.002
международный 0.001 1.699 0.002
симоньян 0.003 1.398 0.004
корреспондентами 0.002 2.0 0.004
– 0.001 0.06 0.0
росту 0.001 1.699 0.002
государственному 0.001 2.0 0.002
гудков 0.001 2.0 0.002
время 0.007 0.102 0.001
устроенная 0.001 2.0 0.002
боится 0.001 1.523 0.002
нами 0.001 0.066 0.0
катастрофе 0.001 1.222 0.001
акцией 0.001 1.699 0.002
снимать 0.001 1.523 0.002
событиями 0.001 1.699 0.002
тогдашний 0.001 2.0 0.002
важными 0.001 1.523 0.002
запрещают 0.001 1.699 0.002
работают 0.004 0.553 0.002
конце 0.001 0.745 0.001
главного 0.001 1.155 0.001
студию 0.001 1.523 0.002
рекламаmeduza 0.001 0.066 0.0
говорить 0.002 0.602 0.001
дескать 0.001 2.0 0.002
никто 0.001 0.523 0.001
андреева 0.001 1.699 0.002
войне 0.003 0.62 0.002
праздники 0.001 1.699 0.002
пользователи 0.001 1.398 0.001
работы 0.001 0.553 0.001
лицом 0.001 0.102 0.0
сподвигло 0.001 2.0 0.002
родственники 0.001 0.921 0.001
рабочие 0.001 1.301 0.001
отношение 0.001 1.0 0.001
новостями 0.001 1.699 0.002
руководству 0.001 1.523 0.002
функции 0.001 0.097 0.0
журналист 0.001 1.0 0.001
очевиден 0.001 2.0 0.002
тысяч 0.001 0.337 0.0
университет 0.001 1.398 0.001
планирования 0.001 1.523 0.002
студией 0.001 2.0 0.002
новостях 0.001 1.398 0.001
вменили 0.001 2.0 0.002
снимают 0.001 1.301 0.001
канал 0.001 1.097 0.001
известно 0.001 0.481 0.0
сафоновой 0.001 1.222 0.001
гтрк 0.001 2.0 0.002
назначению 0.001 2.0 0.002
касается 0.001 0.602 0.001
овсянниковой 0.011 1.523 0.017
охране 0.001 1.699 0.002
переплыла 0.001 2.0 0.002
препятствовать 0.001 2.0 0.002
быстро 0.001 0.495 0.0
редактором 0.001 1.398 0.001
тахир 0.001 2.0 0.002
желание 0.001 1.155 0.001
доклада 0.001 1.301 0.001
принести 0.001 1.699 0.002
задерживать 0.001 1.699 0.002
дети 0.001 0.721 0.001
кубань 0.001 2.0 0.002
вопросов 0.001 1.046 0.001
издание 0.001 0.721 0.001
назад 0.007 0.18 0.001
„ 0.005 0.62 0.003
игорь 0.001 1.398 0.001
ответила 0.001 1.398 0.001
безопасности 0.002 0.481 0.001
маргариты 0.001 1.699 0.002
протестов 0.001 1.222 0.001
дочь 0.001 1.0 0.001
мог 0.001 0.824 0.001
помогло 0.001 1.398 0.001
перейти 0.001 0.066 0.0
фейках 0.001 1.523 0.002
главную 0.001 1.523 0.002
врут 0.002 1.398 0.003
видела 0.001 0.959 0.001
источник 0.004 0.174 0.001
телеканала 0.001 1.046 0.001
2000-х 0.001 1.523 0.002
президента 0.001 0.745 0.001
твои 0.001 2.0 0.002
поддержать 0.001 0.066 0.0
война 0.002 0.469 0.001
вспоминает 0.001 1.301 0.001
указания 0.001 1.523 0.002
кодекс 0.001 0.066 0.0
подобного 0.001 1.523 0.002
“ 0.005 0.432 0.002
хочу 0.001 0.137 0.0
также 0.001 0.237 0.0
высказываться 0.001 1.523 0.002
кожа 0.001 1.699 0.002
нервах 0.001 1.699 0.002
призвала 0.001 2.0 0.002
рассказывает 0.002 0.569 0.001
охраны 0.001 1.699 0.002
неправда 0.001 1.699 0.002
россиянам 0.001 1.0 0.001
агалакова 0.003 2.0 0.006
письмо 0.001 1.097 0.001
приходится 0.001 0.886 0.001
выступили 0.001 1.301 0.001
тасс 0.001 0.699 0.001
ссылкой 0.001 1.398 0.001
мозги 0.001 2.0 0.002
врем 0.001 1.699 0.002
утверждали 0.001 1.523 0.002
дела 0.001 1.0 0.001
собеседник 0.002 1.301 0.003
участии 0.001 0.959 0.001
екатерина 0.001 1.301 0.001
люди 0.001 0.276 0.0
данное 0.001 0.097 0.0
журналистикой 0.001 2.0 0.002
холдинг 0.001 1.523 0.002
башкиров 0.001 1.699 0.002
доступ 0.001 0.921 0.001
находится 0.001 0.678 0.001
тексты 0.001 1.523 0.002
слова 0.001 0.678 0.001
выходе 0.001 1.301 0.001
ко 0.001 0.745 0.001
описывала 0.001 2.0 0.002
крымова 0.001 2.0 0.002
недовольны 0.001 1.699 0.002
сообщила 0.001 1.398 0.001
ответственность 0.001 0.824 0.001
правила 0.001 0.066 0.0
административной 0.001 2.0 0.002
поговорила 0.001 0.886 0.001
конкурировала 0.001 2.0 0.002
любимицей 0.001 2.0 0.002
собирать 0.001 1.097 0.001
вечерний 0.001 2.0 0.002
вконтакте 0.001 0.066 0.0
baza 0.001 2.0 0.002
украиной 0.002 0.921 0.002
поступку 0.001 1.699 0.002
верят 0.001 1.155 0.001
видеообращение 0.001 1.699 0.002
live 0.001 0.022 0.0
отразилось 0.001 1.699 0.002
рассказать 0.001 0.959 0.001
оштрафовали 0.001 1.699 0.002
носила 0.001 2.0 0.002
муж 0.001 1.301 0.001
решений 0.001 1.222 0.001
смене 0.001 2.0 0.002
детей 0.001 0.523 0.001
карьерному 0.001 2.0 0.002
блог 0.001 0.066 0.0
инстаграм 0.001 0.066 0.0
© 0.001 0.0 0.0
вашингтоне 0.001 2.0 0.002
входит 0.001 1.301 0.001
вопросы 0.001 0.481 0.0
выделите 0.001 0.066 0.0
власти 0.004 0.387 0.002
пресс-службу 0.001 2.0 0.002
барышней 0.001 2.0 0.002
ведущая 0.001 1.699 0.002
читайте 0.001 0.745 0.001
могли 0.001 0.699 0.001
интернет 0.001 1.097 0.001
фамилию 0.001 1.699 0.002
оценил 0.001 2.0 0.002
сотрудница 0.001 1.398 0.001
meduzacare 0.001 0.066 0.0
яростно 0.001 2.0 0.002
против 0.003 0.229 0.001
плакат 0.001 1.523 0.002
стола 0.001 1.523 0.002
спускают 0.001 1.699 0.002
протеже 0.001 2.0 0.002
сестра 0.001 1.398 0.001
акция 0.001 1.301 0.001
общественно-политическими 0.001 2.0 0.002
свободное 0.001 1.222 0.001
подействовала 0.001 2.0 0.002
дирекции 0.001 2.0 0.002
заводе 0.001 1.398 0.001
марина 0.006 1.301 0.008
кнопка 0.001 0.066 0.0
семен 0.001 1.699 0.002
выделиться 0.001 2.0 0.002
хотя 0.001 0.276 0.0
закончила 0.001 2.0 0.002
акцию 0.001 1.222 0.001
информационных 0.001 1.523 0.002
заниматься 0.001 0.886 0.001
вечерняя 0.001 0.066 0.0
журналистики 0.001 1.699 0.002
служб 0.001 1.523 0.002
это 0.011 0.066 0.001
связь 0.001 0.721 0.001
выходила 0.001 1.699 0.002
толковую 0.001 2.0 0.002
другие 0.001 0.268 0.0
напрямую 0.001 1.0 0.001
академию 0.001 2.0 0.002
готовы 0.001 0.678 0.001
психологическая 0.001 1.398 0.001
поддержки 0.001 0.066 0.0
редактор 0.002 1.0 0.002
удерживала 0.001 2.0 0.002
медиаполяна 0.001 2.0 0.002
мешают 0.001 1.301 0.001
последовали 0.001 2.0 0.002
историю 0.001 0.721 0.001
war 0.001 0.77 0.001
самой 0.001 0.699 0.001
помощь 0.001 0.097 0.0
нему 0.001 1.155 0.001
громадная 0.001 2.0 0.002
начал 0.001 0.796 0.001
афанасьева 0.001 2.0 0.002
сотрудницы 0.001 2.0 0.002
называют 0.001 0.699 0.001
приятную 0.001 1.699 0.002
читателей 0.001 0.658 0.001
помогаешь 0.001 2.0 0.002
жанна 0.001 2.0 0.002
разделяет 0.001 1.398 0.001
писать 0.001 1.155 0.001
секунд 0.001 1.301 0.001
марину 0.001 2.0 0.002
самим 0.001 1.0 0.001
регионах 0.001 0.886 0.001
работаем 0.001 0.161 0.0
игорем 0.001 2.0 0.002
своим 0.001 0.658 0.001
дня 0.004 0.523 0.002
такая 0.001 0.553 0.001
ответ 0.001 0.602 0.001
экраны 0.001 2.0 0.002
службе 0.001 1.523 0.002
настроения 0.001 1.222 0.001
войны 0.005 0.42 0.002
места 0.001 0.886 0.001
судорожно 0.001 2.0 0.002
билета 0.001 2.0 0.002
событий 0.001 0.921 0.001
грозить 0.001 1.699 0.002
прокомментировать 0.001 1.523 0.002
новой 0.001 0.585 0.001
около 0.001 0.432 0.0
неправдами 0.001 2.0 0.002
двое 0.001 1.222 0.001
пытаются 0.001 0.745 0.001
важнейшему 0.001 2.0 0.002
каком 0.001 1.0 0.001
независимое 0.001 0.721 0.001
котором 0.002 0.495 0.001
мозгами 0.001 2.0 0.002
характеризует 0.001 1.699 0.002
народного 0.001 1.398 0.001
некоторые 0.001 0.469 0.0
24/7 0.001 0.102 0.0
париже 0.001 1.699 0.002
немедленно 0.001 1.155 0.001
android 0.001 0.066 0.0
участвуя 0.001 2.0 0.002
обязали 0.001 1.699 0.002
совести 0.001 1.699 0.002
телецентра 0.001 2.0 0.002
english 0.001 0.06 0.0
краснодарскому 0.001 2.0 0.002
вчетверо 0.001 2.0 0.002
скидывает 0.001 2.0 0.002
региональном 0.001 2.0 0.002
овсянников 0.001 2.0 0.002
плакатом 0.003 1.301 0.004
коллеги 0.001 1.0 0.001
статью 0.001 1.155 0.001
передачу 0.001 1.398 0.001
новости 0.001 0.481 0.0
общении 0.001 1.699 0.002
армию 0.001 1.301 0.001
курсе 0.001 1.699 0.002
поступить 0.001 1.301 0.001
поддержка 0.001 0.167 0.0
нужна 0.002 0.092 0.0
марта 0.003 0.319 0.001
вокруг 0.001 0.721 0.001
журналисты 0.001 0.886 0.001
ведущей 0.001 2.0 0.002
героем 0.001 2.0 0.002
заявление 0.001 0.886 0.001
судили 0.001 1.699 0.002
уволился 0.001 2.0 0.002
2009-м 0.001 2.0 0.002
прямом 0.002 1.301 0.003
грузии 0.001 1.523 0.002
местные 0.001 0.959 0.001
эпизод 0.001 1.398 0.001
всем 0.001 0.252 0.0
факт 0.001 0.77 0.001
рискина 0.001 2.0 0.002
нервы 0.001 1.699 0.002
высказыванием 0.001 2.0 0.002
протестами 0.001 1.398 0.001
убрали 0.001 1.523 0.002
те 0.001 0.357 0.0
требования 0.001 0.066 0.0
собкором 0.001 2.0 0.002
канале 0.003 1.301 0.004
фигурой 0.001 2.0 0.002
редакторы 0.001 2.0 0.002
самом 0.001 0.481 0.0
связаться 0.001 0.066 0.0
времени 0.001 0.523 0.001
лежит 0.001 1.155 0.001
происходит 0.002 0.387 0.001
страна-агрессор 0.001 2.0 0.002
москве 0.001 0.745 0.001
информации 0.002 0.102 0.0
закон 0.001 1.0 0.001
ситуацией 0.001 1.301 0.001
храбрым 0.001 1.699 0.002
вышедшей 0.001 1.523 0.002
громких 0.001 2.0 0.002
тех 0.001 0.26 0.0
смелости 0.001 1.699 0.002
доследственная 0.001 1.699 0.002
комментирует 0.001 1.523 0.002
программ 0.001 1.523 0.002
россиян 0.001 0.62 0.001
директора 0.001 1.097 0.001
работала 0.005 1.046 0.005
поступок 0.001 2.0 0.002
выступила 0.001 1.398 0.001
глава 0.001 0.824 0.001
устроил 0.001 2.0 0.002
боли 0.001 1.0 0.001
фейков 0.001 1.699 0.002
могла 0.001 0.886 0.001
точкой 0.001 1.523 0.002
процессом 0.001 1.699 0.002
борются 0.003 1.046 0.003
знаю 0.003 0.721 0.002
почему 0.001 0.337 0.0
полиции 0.001 1.699 0.002
ужасе 0.001 2.0 0.002
издания 0.001 0.959 0.001
овд-инфо 0.001 1.398 0.001
спецоперацию 0.001 2.0 0.002
проповеди 0.001 1.699 0.002
хозяйства 0.001 2.0 0.002
состава 0.001 1.398 0.001
несогласованной 0.001 2.0 0.002
самого 0.001 0.77 0.001
медузе 0.007 0.066 0.0
уверен 0.001 0.959 0.001
моему 0.001 1.222 0.001
начальство 0.001 1.523 0.002
первый 0.001 0.481 0.0
репортаж 0.001 0.699 0.001
вошла 0.001 1.699 0.002
поскольку 0.002 0.678 0.001
знает 0.001 0.854 0.001
русская 0.001 1.398 0.001
дошел 0.001 2.0 0.002
facebook 0.001 0.0 0.0
медузу 0.001 0.066 0.0
предложение 0.001 1.155 0.001
родители 0.001 1.097 0.001
менее 0.001 0.432 0.0
обработки 0.001 0.066 0.0
этим 0.001 0.337 0.0
чудовищно 0.001 2.0 0.002
друг 0.001 0.699 0.001
приняли 0.001 1.046 0.001
россия 0.001 0.398 0.0
успел 0.001 0.921 0.001
сутки 0.001 1.0 0.001
написано 0.001 1.155 0.001
правдами 0.001 2.0 0.002
массовой 0.001 0.097 0.0
проверку 0.001 1.398 0.001
вроде 0.001 0.658 0.001
кто-то 0.001 0.602 0.001
аппаратная 0.001 2.0 0.002
преследуют 0.001 1.523 0.002
комментариев 0.001 1.523 0.002
службы 0.002 0.959 0.002
наступит 0.001 1.699 0.002
главное 0.001 0.658 0.001
антивоенного 0.001 1.398 0.001
понимаю 0.001 0.796 0.001
эфир 0.001 1.097 0.001
надвигающаяся 0.001 2.0 0.002
правду 0.003 1.155 0.003
1940-х 0.001 1.222 0.001
служебную 0.001 1.699 0.002
жду 0.001 2.0 0.002
краю 0.001 1.523 0.002
словам 0.002 0.658 0.001
обстановка 0.001 1.523 0.002
сбережения 0.001 1.699 0.002
телевидении 0.001 2.0 0.002
показывать 0.001 0.066 0.0
спасибоgiphyза 0.001 0.066 0.0
сюжеты 0.001 1.523 0.002
глупости 0.001 1.699 0.002
спокойно 0.002 0.824 0.002
дедлайн 0.001 1.699 0.002
особенного 0.001 1.699 0.002
twitter 0.001 0.0 0.0
добавила 0.001 1.699 0.002
предполагаю 0.001 1.699 0.002
санкциям 0.001 1.301 0.001
пустили 0.001 1.699 0.002
студии 0.005 1.398 0.007
отрицает 0.001 1.398 0.001
раньше 0.002 0.432 0.001
любви 0.001 1.0 0.001
должности 0.001 1.699 0.002
пожалуйста 0.001 0.102 0.0
смеха 0.001 2.0 0.002
сложенный 0.001 2.0 0.002
рискин 0.004 2.0 0.008
расчеловечивания 0.001 1.699 0.002
поступке 0.001 2.0 0.002
платформы 0.001 0.066 0.0
миру 0.001 0.796 0.001
ответили 0.001 1.155 0.001
бонус 0.001 1.523 0.002
босфор 0.001 2.0 0.002
редакторов 0.001 2.0 0.002
неделями 0.001 1.523 0.002
именно 0.001 0.244 0.0
устраивала 0.001 1.699 0.002
представителей 0.001 1.0 0.001
закончится 0.001 1.097 0.001
официальных 0.001 0.921 0.001
телеканалом 0.001 2.0 0.002
кубгу 0.001 2.0 0.002
противодействии 0.001 2.0 0.002
пост 0.001 0.796 0.001
факультет 0.001 2.0 0.002
истерик 0.001 1.398 0.001
телеканалу 0.001 1.523 0.002
повторила 0.001 1.699 0.002
очень 0.001 0.149 0.0
гром 0.001 2.0 0.002
персональные 0.001 0.066 0.0
место 0.001 0.678 0.001
которые 0.001 0.119 0.0
последнее 0.001 1.097 0.001
многих 0.001 0.658 0.001
показательным 0.001 2.0 0.002
путин 0.001 0.658 0.001
участие 0.001 0.959 0.001
шума 0.001 1.699 0.002
meduza 0.003 0.0 0.0
пропаганде 0.001 1.222 0.001
т. 0.001 0.921 0.001
президенте 0.001 2.0 0.002
рассказываешь 0.001 2.0 0.002
разговоре 0.001 1.097 0.001
одна 0.001 0.42 0.0
международной 0.001 1.046 0.001
прошли 0.001 0.796 0.001
знаменитые 0.001 2.0 0.002
юные 0.001 2.0 0.002
называет 0.001 1.046 0.001
приключений 0.001 2.0 0.002
близкий 0.002 1.222 0.002
программу 0.001 1.155 0.001
рейтер 0.001 1.155 0.001
проводится 0.001 1.398 0.001
год 0.002 0.409 0.001
устраивал 0.001 1.699 0.002
первом 0.003 0.824 0.002
существует 0.001 0.745 0.001
дать 0.001 0.854 0.001
школу 0.001 1.097 0.001
распространении 0.001 1.523 0.002
училась 0.001 1.301 0.001
российским 0.001 0.092 0.0
официальное 0.001 1.523 0.002
одной 0.001 0.398 0.0
написал 0.001 1.0 0.001
которых 0.001 0.237 0.0
пролив 0.001 2.0 0.002
пробиться 0.001 2.0 0.002
вещи 0.001 0.796 0.001
украине 0.003 0.444 0.001
реклама 0.001 0.066 0.0
из-за 0.001 0.229 0.0
интересах 0.001 0.167 0.0
начала 0.003 0.398 0.001
к. 0.001 1.699 0.002
кристины 0.001 1.222 0.001
повороту 0.001 2.0 0.002
вечернего 0.001 1.699 0.002
родственникам 0.001 1.301 0.001
корреспондент 0.001 1.301 0.001
сообщение 0.001 0.102 0.0
ap 0.001 0.854 0.001
государству 0.001 1.222 0.001
руководивший 0.001 2.0 0.002
