числа 0.001 0.745 0.001
какова 0.0 1.222 0.0
ходе 0.001 0.921 0.001
отбору 0.0 2.0 0.0
редакции 0.001 0.066 0.0
эпидемиологических 0.0 1.301 0.0
учета 0.0 1.523 0.0
сделан 0.0 1.155 0.0
расчетный 0.0 2.0 0.0
уменьшение 0.0 2.0 0.0
численно 0.0 1.699 0.0
виду 0.0 0.745 0.0
получивших 0.0 1.097 0.0
баннерам 0.0 0.066 0.0
предшественники 0.0 2.0 0.0
89–94 0.0 2.0 0.0
бустерная 0.0 1.699 0.0
значит 0.003 0.444 0.001
западно-капской 0.0 2.0 0.0
россии 0.002 0.119 0.0
действительно 0.003 0.377 0.001
относится 0.0 1.0 0.0
высказывали 0.0 2.0 0.0
представлены 0.0 1.523 0.0
установили 0.0 0.959 0.0
помогает 0.0 0.77 0.0
гифки 0.0 0.066 0.0
смертелен 0.001 1.699 0.002
переболевшие 0.0 1.301 0.0
компенсации 0.0 2.0 0.0
зависит 0.001 0.638 0.001
инфекции 0.003 0.77 0.002
агента 0.001 0.097 0.0
людей 0.005 0.161 0.001
сути 0.0 0.959 0.0
анализом 0.0 2.0 0.0
подарок 0.001 1.699 0.002
омикрона 0.011 0.921 0.01
предположить 0.0 0.959 0.0
пять 0.0 0.509 0.0
заражений 0.0 1.097 0.0
кроме 0.0 0.387 0.0
отдельно 0.0 1.097 0.0
способности 0.001 1.046 0.001
кембриджа 0.0 2.0 0.0
говорит 0.0 0.409 0.0
совершенно 0.0 0.678 0.0
учетом 0.0 0.921 0.0
постепенной 0.0 2.0 0.0
главных 0.0 0.678 0.0
смысла 0.0 0.699 0.0
тенденции 0.0 2.0 0.0
in 0.0 0.0 0.0
предполагаемым 0.0 2.0 0.0
тяжелых 0.001 0.921 0.001
опасности 0.001 1.301 0.001
смягчения 0.0 1.699 0.0
призваны 0.0 1.699 0.0
влияющих 0.0 1.699 0.0
причем 0.001 0.62 0.001
сделана 0.001 1.097 0.001
судя 0.001 0.721 0.001
госпитализация 0.0 1.398 0.0
грубая 0.0 1.699 0.0
оказываются 0.0 1.301 0.0
экспериментов 0.0 1.523 0.0
доле 0.001 1.222 0.001
эффективности 0.001 0.678 0.001
разбирается 0.0 1.523 0.0
системы 0.001 0.585 0.001
мутациям 0.0 2.0 0.0
работах 0.0 1.398 0.0
0,72 0.0 2.0 0.0
таких 0.002 0.347 0.001
территории 0.0 0.796 0.0
разными 0.001 0.824 0.001
изменения 0.0 1.097 0.0
обратила 0.0 2.0 0.0
южноафриканских 0.001 2.0 0.002
встречавшихся 0.0 2.0 0.0
трудно 0.0 0.824 0.0
который 0.001 0.194 0.0
риск 0.005 0.538 0.003
обнадеживающими 0.0 2.0 0.0
переболевших 0.004 0.886 0.004
выглядят 0.0 1.301 0.0
истинную 0.001 1.699 0.002
анонимно 0.0 0.066 0.0
тестом 0.0 1.699 0.0
потенциально 0.0 1.046 0.0
второй 0.0 0.42 0.0
впечатляющую 0.001 1.398 0.001
преувеличенными 0.0 2.0 0.0
заболевших 0.001 0.824 0.001
уровень 0.001 0.824 0.001
просто 0.002 0.194 0.0
рисков 0.0 0.959 0.0
видимо 0.0 0.824 0.0
попытку 0.0 2.0 0.0
информацию 0.0 0.62 0.0
возраст 0.0 1.097 0.0
де 0.0 1.699 0.0
смешанной 0.0 2.0 0.0
ваша 0.001 0.102 0.0
короткую 0.001 1.398 0.001
новость 0.0 1.155 0.0
вызывать 0.001 0.921 0.001
прививку 0.001 0.77 0.001
изначально 0.0 0.959 0.0
шансы 0.0 0.959 0.0
величин 0.0 2.0 0.0
вышло 0.0 1.155 0.0
вакцинированных 0.004 0.678 0.003
получается 0.0 0.824 0.0
одинаковых 0.0 1.523 0.0
высокой 0.0 0.959 0.0
патогена 0.0 2.0 0.0
перенесенным 0.0 2.0 0.0
иммунных 0.0 1.301 0.0
заболевания 0.003 0.62 0.002
молекулы 0.0 1.699 0.0
полости 0.0 2.0 0.0
читателейнам 0.0 0.174 0.0
сразу 0.001 0.553 0.001
куки 0.0 0.066 0.0
длительной 0.0 2.0 0.0
заболевание 0.002 0.854 0.002
недавно 0.0 0.62 0.0
ноября 0.0 0.745 0.0
никаких 0.001 0.602 0.001
разбить 0.0 2.0 0.0
удалось 0.001 0.523 0.001
клетки 0.001 1.222 0.001
заметно 0.0 1.222 0.0
использование 0.0 0.066 0.0
долю 0.001 1.222 0.001
приводят 0.0 1.222 0.0
прошло 0.0 1.046 0.0
произошло 0.0 0.796 0.0
взаимодействие 0.0 1.523 0.0
количеством 0.0 1.301 0.0
обладает 0.0 1.523 0.0
меньший 0.0 2.0 0.0
две 0.0 0.553 0.0
популяции 0.001 1.097 0.001
сделанных 0.0 1.699 0.0
сравнивается 0.0 2.0 0.0
кажется 0.001 0.469 0.0
порядку 0.0 0.066 0.0
тяжелое 0.001 1.097 0.001
дальше 0.001 0.523 0.001
существовал 0.0 2.0 0.0
использованные 0.0 2.0 0.0
отбирает 0.0 2.0 0.0
заражать 0.0 1.523 0.0
обладавшие 0.0 2.0 0.0
дополнительно 0.0 1.398 0.0
ученые 0.003 0.678 0.002
фактор 0.0 1.398 0.0
ершов 0.0 0.796 0.0
лондоне 0.0 1.155 0.0
пунктам 0.0 1.699 0.0
en 0.0 0.066 0.0
ученых 0.002 1.046 0.002
юар 0.002 1.222 0.002
вошли 0.0 1.398 0.0
контролей 0.0 1.699 0.0
необходимо 0.001 0.585 0.001
хуже 0.0 0.699 0.0
соотношении 0.0 2.0 0.0
большей 0.001 1.046 0.001
обнаружили 0.0 1.222 0.0
одним 0.0 0.569 0.0
самые 0.0 0.602 0.0
медицинской 0.0 0.921 0.0
другого 0.0 0.824 0.0
сочетании 0.0 1.398 0.0
саму 0.0 1.398 0.0
сторону 0.001 0.796 0.001
начали 0.0 0.481 0.0
заражении 0.001 1.398 0.001
сожалению 0.001 0.569 0.001
предлагает 0.0 0.959 0.0
ретроспективные 0.0 1.523 0.0
рисках 0.0 1.699 0.0
распространено 0.0 0.102 0.0
существенно 0.004 0.721 0.003
насколько 0.001 0.42 0.0
ios 0.0 0.066 0.0
затем 0.001 0.678 0.001
вопроса 0.0 1.301 0.0
сообщили 0.0 1.097 0.0
дельтакрон 0.002 1.398 0.003
человека 0.004 0.328 0.001
низкий 0.001 1.222 0.001
статистики 0.001 1.222 0.001
поправок 0.0 1.699 0.0
большинства 0.001 1.097 0.001
описаны 0.0 1.046 0.0
b-1.1.529 0.0 2.0 0.0
волна 0.0 1.523 0.0
истинной 0.001 1.699 0.002
рецептором 0.0 1.699 0.0
несколько 0.002 0.201 0.0
пребывания 0.0 2.0 0.0
группой 0.0 1.155 0.0
посторонних 0.0 1.523 0.0
среднем 0.002 0.886 0.002
разошедшееся 0.0 2.0 0.0
общее 0.0 1.046 0.0
столкновения 0.0 1.699 0.0
никому 0.0 1.155 0.0
вируса 0.006 0.721 0.004
прямо 0.001 0.357 0.0
системой 0.0 1.398 0.0
реже 0.002 1.523 0.003
большое 0.0 0.854 0.0
параметра 0.0 1.523 0.0
основном 0.0 0.553 0.0
ростом 0.0 1.523 0.0
получивший 0.0 1.699 0.0
своего 0.0 0.721 0.0
вывод 0.002 0.959 0.002
должно 0.001 0.658 0.001
мысль 0.0 1.523 0.0
клетках 0.001 1.398 0.001
воспроизводить 0.0 2.0 0.0
сопровождались 0.0 1.523 0.0
большому 0.0 1.398 0.0
исследователям 0.0 2.0 0.0
эволюции 0.002 1.398 0.003
раза 0.0 0.602 0.0
полностью 0.001 0.538 0.001
кратко 0.0 1.699 0.0
довольно 0.001 0.523 0.001
этих 0.001 0.337 0.0
коронавирус 0.0 0.854 0.0
писали 0.0 0.824 0.0
коронавируса 0.0 0.509 0.0
пока 0.002 0.208 0.0
долго 0.0 0.745 0.0
соотношение 0.001 1.398 0.001
предположением 0.0 2.0 0.0
показывает 0.0 0.854 0.0
вич 0.0 1.699 0.0
профилактике 0.0 1.046 0.0
верхних 0.0 1.699 0.0
которой 0.0 0.377 0.0
свойств 0.0 1.699 0.0
попали 0.0 0.886 0.0
сих 0.0 0.481 0.0
абсолютных 0.0 1.699 0.0
большее 0.0 1.699 0.0
вообще 0.002 0.066 0.0
китайским 0.0 1.301 0.0
вакцинированные 0.0 1.398 0.0
главой 0.0 1.398 0.0
pfizer/biontech 0.001 1.046 0.001
лишь 0.001 0.481 0.0
точек 0.0 1.398 0.0
нового 0.0 0.638 0.0
случайности 0.001 1.398 0.001
начале 0.0 0.602 0.0
xinhua 0.0 1.398 0.0
грубо 0.0 1.046 0.0
отличается 0.002 0.886 0.002
приводить 0.0 1.222 0.0
накопление 0.0 2.0 0.0
вычислить 0.0 1.699 0.0
момент 0.0 0.481 0.0
понимать 0.0 0.886 0.0
извините 0.001 1.0 0.001
аргумент 0.0 1.301 0.0
значительной 0.0 1.155 0.0
слишком 0.001 0.553 0.001
иммуннонаивных 0.0 2.0 0.0
школы 0.0 0.886 0.0
оценка 0.0 1.398 0.0
шерил 0.0 2.0 0.0
вирулентность 0.002 1.699 0.003
заразиться 0.0 1.398 0.0
вероятности 0.0 1.523 0.0
трехмерной 0.0 1.699 0.0
степени 0.001 0.721 0.001
способность 0.0 0.959 0.0
неизвестно 0.0 0.77 0.0
инфекционных 0.001 1.699 0.002
имперского 0.0 1.699 0.0
своем 0.0 0.745 0.0
полтора 0.0 1.398 0.0
иммунитета 0.003 0.886 0.003
произошедших 0.0 1.699 0.0
период 0.0 0.796 0.0
понадобилась 0.001 2.0 0.002
гипотез 0.0 1.699 0.0
нашли 0.0 0.066 0.0
связи 0.0 0.0 0.0
видят 0.0 1.301 0.0
понятнее 0.0 1.155 0.0
разрезать 0.0 2.0 0.0
медуза 0.002 0.066 0.0
одного 0.0 0.432 0.0
релевантную 0.0 2.0 0.0
требуется 0.001 0.959 0.001
сирийских 0.0 2.0 0.0
треть 0.0 2.0 0.0
дельты 0.005 1.097 0.005
результату 0.0 2.0 0.0
нам 0.0 0.086 0.0
хомячки 0.0 2.0 0.0
помочь 0.0 0.131 0.0
сравнении 0.001 1.523 0.002
значений 0.0 1.155 0.0
последние 0.0 0.456 0.0
подавляющее 0.001 1.398 0.001
легкое 0.0 1.222 0.0
вирусу 0.001 1.046 0.001
норме 0.0 1.699 0.0
благодаря 0.0 0.77 0.0
д. 0.0 1.0 0.0
мутаций 0.001 1.222 0.001
мало 0.001 0.538 0.001
говорили 0.0 0.796 0.0
разные 0.0 0.721 0.0
естественно 0.0 1.155 0.0
короткой 0.0 2.0 0.0
текста 0.0 1.222 0.0
стало 0.001 0.481 0.0
приспособиться 0.0 1.699 0.0
инфекция 0.001 1.0 0.001
юридическим 0.0 0.102 0.0
следует 0.0 0.77 0.0
группе 0.001 0.745 0.001
заболеванием 0.0 1.155 0.0
оказалась 0.0 0.796 0.0
циркуляции 0.0 1.699 0.0
контролю 0.0 1.046 0.0
некоторой 0.0 1.398 0.0
массовое 0.0 1.523 0.0
защищен 0.0 1.699 0.0
материалам 0.0 0.066 0.0
среднего 0.0 1.301 0.0
привести 0.001 1.0 0.001
срочно 0.0 0.167 0.0
снижения 0.001 1.155 0.001
грубые 0.0 1.699 0.0
число 0.0 0.658 0.0
значительным 0.0 1.699 0.0
болели 0.0 1.301 0.0
несмотря 0.0 0.456 0.0
похожую 0.0 1.523 0.0
случае 0.005 0.357 0.002
меньше 0.002 0.444 0.001
вентиляция 0.0 2.0 0.0
убивать 0.0 1.097 0.0
ясно 0.0 0.886 0.0
сводилась 0.0 2.0 0.0
связан 0.0 1.398 0.0
covid-19 0.0 0.77 0.0
успешного 0.0 1.699 0.0
развития 0.0 0.886 0.0
эпителии 0.0 2.0 0.0
надежные 0.0 1.046 0.0
тезиса 0.0 2.0 0.0
увидеть 0.0 1.097 0.0
зависимость 0.0 1.699 0.0
стресса 0.0 2.0 0.0
данный 0.0 0.824 0.0
статье 0.0 0.854 0.0
выборках 0.0 1.699 0.0
факторов 0.0 1.097 0.0
спокойнее 0.0 1.699 0.0
повторных 0.0 1.398 0.0
путь 0.0 0.886 0.0
иностранным 0.0 0.097 0.0
слухи 0.0 1.523 0.0
общего 0.0 1.0 0.0
распоряжении 0.0 1.301 0.0
человеческой 0.0 1.523 0.0
числу 0.0 1.097 0.0
случаи 0.0 0.721 0.0
относительно 0.001 0.721 0.001
выборке 0.0 1.222 0.0
умирали 0.0 1.699 0.0
предполагали 0.0 1.699 0.0
например 0.001 0.229 0.0
вариантом 0.002 0.921 0.002
течения 0.003 0.921 0.003
началась 0.0 0.678 0.0
своих 0.001 0.398 0.0
набору 0.0 1.699 0.0
сми 0.001 0.602 0.001
течению 0.0 1.699 0.0
коронавирусом 0.0 0.699 0.0
интересное 0.0 2.0 0.0
становится 0.0 0.721 0.0
увидели 0.0 1.155 0.0
положительного 0.0 1.301 0.0
которое 0.0 0.337 0.0
установить 0.0 1.155 0.0
формы 0.0 1.046 0.0
по-прежнему 0.0 0.824 0.0
инфицированных 0.002 1.222 0.002
оптика 0.0 2.0 0.0
неизвестной 0.0 1.699 0.0
сравнить 0.002 1.155 0.002
ctrl+enter 0.0 0.066 0.0
осмысленного 0.0 2.0 0.0
вакцинацией 0.0 0.959 0.0
безопасно 0.0 0.066 0.0
обычным 0.0 1.523 0.0
новостиисторииразборшапитокоронавирусмагаз 0.0 0.066 0.0
обычно 0.001 0.523 0.001
официальную 0.0 1.523 0.0
искажений 0.0 2.0 0.0
десять 0.001 0.824 0.001
переболело 0.0 1.523 0.0
вероятно 0.0 0.699 0.0
особенность 0.001 1.301 0.001
позволило 0.0 1.222 0.0
пользоваться 0.0 1.046 0.0
всей 0.0 0.699 0.0
youtube 0.0 0.06 0.0
чем-то 0.0 1.097 0.0
создании 0.0 1.301 0.0
вакцинированными 0.0 1.301 0.0
вариант 0.004 0.796 0.003
получили 0.001 0.745 0.001
лабораторная 0.001 1.398 0.001
меньшему 0.0 2.0 0.0
создано 0.0 0.097 0.0
попадали 0.0 1.523 0.0
дельте 0.001 1.523 0.002
паразиту 0.0 2.0 0.0
гарвардской 0.0 2.0 0.0
возможных 0.0 1.097 0.0
собирают 0.0 1.222 0.0
значительно 0.0 0.959 0.0
нижних 0.0 1.699 0.0
группы 0.001 0.62 0.001
измеряемого 0.0 2.0 0.0
которая 0.0 0.301 0.0
утешительные 0.001 1.699 0.002
оказался 0.001 0.886 0.001
коэн 0.0 2.0 0.0
поддержите 0.0 0.102 0.0
поддержка 0.0 0.167 0.0
биологическое 0.0 1.699 0.0
врожденной 0.0 2.0 0.0
множества 0.0 1.699 0.0
кембридже 0.0 2.0 0.0
использовали 0.0 1.046 0.0
населения 0.0 0.658 0.0
потери 0.0 1.097 0.0
достаточно 0.0 0.444 0.0
зрения 0.0 0.602 0.0
путях 0.0 1.398 0.0
официальной 0.0 1.046 0.0
британские 0.0 2.0 0.0
далеки 0.0 2.0 0.0
вдвое 0.001 1.222 0.001
поэтому 0.004 0.328 0.001
условиям 0.0 2.0 0.0
многие 0.001 0.284 0.0
средством 0.0 0.102 0.0
переболел 0.001 1.301 0.001
выводов 0.0 1.523 0.0
выполняющим 0.001 0.097 0.0
наступают 0.0 1.699 0.0
четыре 0.0 0.569 0.0
возможно 0.001 0.398 0.0
полусотни 0.0 2.0 0.0
клеток 0.002 1.155 0.002
соответствующие 0.0 1.398 0.0
южной 0.0 1.222 0.0
омикроне 0.001 1.523 0.002
скорость 0.0 1.398 0.0
другому 0.0 1.155 0.0
фурин 0.0 2.0 0.0
преодолевать 0.001 1.699 0.002
ошибку 0.0 0.066 0.0
передаваться 0.0 2.0 0.0
основным 0.0 1.222 0.0
вызываемого 0.0 2.0 0.0
продолжительностью 0.0 2.0 0.0
неделе 0.0 1.398 0.0
ничем 0.0 1.155 0.0
сами 0.0 0.538 0.0
человеке 0.0 1.398 0.0
давления 0.001 1.0 0.001
приводит 0.0 0.824 0.0
распространения 0.002 0.678 0.001
вирулентности 0.004 2.0 0.008
происхождением 0.001 2.0 0.002
впервые 0.0 0.824 0.0
зарегистрированных 0.001 1.155 0.001
мягкость-2 0.0 2.0 0.0
говорят 0.0 0.432 0.0
привиты 0.0 1.398 0.0
где-то 0.0 0.721 0.0
волны 0.002 1.301 0.003
пользу 0.001 0.886 0.001
исследователи 0.0 1.046 0.0
прививки 0.0 0.638 0.0
культуры 0.0 1.046 0.0
запутывает 0.0 2.0 0.0
сохраняют 0.0 1.699 0.0
медицины 0.0 1.523 0.0
месяц 0.0 0.745 0.0
опасна 0.0 1.398 0.0
вопрос 0.001 0.42 0.0
пытались 0.0 1.046 0.0
иммунитетом 0.0 1.398 0.0
фактически 0.0 0.721 0.0
вакцинированы 0.0 1.222 0.0
буквально 0.0 0.886 0.0
своей 0.002 0.42 0.001
подкреплен 0.0 2.0 0.0
неплохо 0.0 1.523 0.0
данные 0.003 0.066 0.0
двум 0.0 1.523 0.0
неиммунных 0.0 2.0 0.0
заразился 0.0 1.523 0.0
трудностью 0.0 2.0 0.0
группу 0.0 1.046 0.0
дают 0.0 0.721 0.0
подходят 0.0 1.699 0.0
повысило 0.0 2.0 0.0
ace2 0.0 2.0 0.0
поражения 0.0 1.301 0.0
носителя 0.0 2.0 0.0
сигнальные 0.0 1.699 0.0
обратной 0.0 1.523 0.0
разбор 0.0 0.387 0.0
появление 0.001 0.959 0.001
мера 0.0 1.398 0.0
веса 0.0 1.523 0.0
мире 0.0 0.553 0.0
гарантирует 0.0 1.155 0.0
больницу 0.001 1.097 0.001
деле 0.001 0.553 0.001
разошлось 0.0 2.0 0.0
данным 0.002 0.444 0.001
виден 0.0 1.523 0.0
культуре 0.0 1.398 0.0
динамике 0.0 1.699 0.0
нажмите 0.0 0.066 0.0
случаев 0.001 0.658 0.001
рассказываем 0.001 0.886 0.001
сравнения 0.0 0.921 0.0
немногим 0.0 2.0 0.0
словами 0.001 0.824 0.001
пришлось 0.0 0.959 0.0
всякий 0.0 1.523 0.0
госпитализировано 0.0 2.0 0.0
других 0.001 0.26 0.0
числе 0.002 0.31 0.001
падение 0.0 1.155 0.0
высказал 0.0 2.0 0.0
мягкости-1 0.0 2.0 0.0
иностранного 0.001 0.102 0.0
подобных 0.0 1.0 0.0
путями 0.001 2.0 0.002
человек 0.001 0.215 0.0
александр 0.0 0.538 0.0
госпитализации 0.005 0.886 0.004
бустер 0.001 1.699 0.002
материал 0.0 0.086 0.0
поздно 0.0 1.301 0.0
конкретным 0.0 1.523 0.0
высокие 0.0 1.398 0.0
контрастирует 0.0 2.0 0.0
большой 0.0 0.569 0.0
целом 0.001 0.585 0.001
главные 0.0 0.921 0.0
бустером 0.0 2.0 0.0
месяца 0.002 0.745 0.001
надежду 0.0 1.301 0.0
опасен 0.002 1.222 0.002
недостаточность 0.0 1.699 0.0
центров 0.0 1.222 0.0
проникновения 0.001 1.523 0.002
паразит 0.0 2.0 0.0
быстрой 0.0 1.699 0.0
s-белок 0.0 1.301 0.0
– 0.0 0.06 0.0
новый 0.001 0.658 0.001
подавленной 0.0 2.0 0.0
доля 0.001 0.959 0.001
время 0.0 0.102 0.0
оба 0.0 0.959 0.0
ковида 0.0 0.444 0.0
leta 0.0 0.301 0.0
вспышки 0.0 1.155 0.0
статистическая 0.0 2.0 0.0
результате 0.001 0.62 0.001
нами 0.0 0.066 0.0
стала 0.0 0.569 0.0
отделить 0.001 1.398 0.001
попытались 0.0 1.155 0.0
ту 0.0 0.921 0.0
биологии 0.0 2.0 0.0
тяжело 0.0 0.796 0.0
сравнивать 0.002 0.959 0.002
втрое 0.0 2.0 0.0
центра 0.0 0.77 0.0
модели 0.0 1.0 0.0
примерно 0.003 0.585 0.002
испытывает 0.0 1.523 0.0
вынести 0.0 1.699 0.0
работают 0.0 0.553 0.0
юге 0.0 1.398 0.0
смотреть 0.0 1.0 0.0
вирус 0.001 0.678 0.001
ошибка 0.001 1.301 0.001
мутации 0.001 1.222 0.001
иметь 0.0 0.824 0.0
клеточном 0.0 1.301 0.0
вариантами 0.0 1.046 0.0
конечных 0.0 1.699 0.0
британских 0.0 1.523 0.0
рекламаmeduza 0.0 0.066 0.0
теста 0.001 1.301 0.001
перегрузке 0.0 2.0 0.0
положительным 0.0 1.699 0.0
промежутке 0.0 1.699 0.0
newsis 0.0 2.0 0.0
тяжелому 0.0 1.699 0.0
перенесенного 0.0 1.699 0.0
невыгодно 0.0 1.523 0.0
работы 0.001 0.553 0.001
измененное 0.0 2.0 0.0
доза 0.0 1.523 0.0
лицом 0.0 0.102 0.0
тулио 0.0 2.0 0.0
свойства 0.0 1.398 0.0
проведена 0.0 1.699 0.0
выше 0.004 0.509 0.002
вероятность 0.0 0.721 0.0
носовой 0.0 2.0 0.0
заразившихся 0.001 1.398 0.001
функции 0.001 0.097 0.0
тысяч 0.001 0.337 0.0
приобретенный 0.0 1.699 0.0
подобные 0.001 1.301 0.001
заболеть 0.001 0.921 0.001
анализировался 0.0 2.0 0.0
имеющимся 0.0 1.523 0.0
превосходит 0.0 1.523 0.0
механистическое 0.0 2.0 0.0
отчетах 0.0 1.523 0.0
взрывного 0.0 2.0 0.0
смерти 0.0 0.921 0.0
паразитами 0.0 2.0 0.0
привит 0.0 1.523 0.0
среди 0.004 0.42 0.002
дозами 0.0 1.301 0.0
появляться 0.0 1.222 0.0
геном 0.001 1.301 0.001
калифорнии 0.001 1.699 0.002
никакого 0.001 0.824 0.001
днем 0.0 0.886 0.0
госпитализациях 0.0 2.0 0.0
прежде 0.0 0.62 0.0
известно 0.001 0.481 0.0
эпидемиологии 0.0 1.222 0.0
роста 0.0 1.301 0.0
надежно 0.0 1.222 0.0
s-белка 0.0 1.523 0.0
аргументом 0.0 1.523 0.0
быстро 0.0 0.495 0.0
заболеваниям 0.0 1.523 0.0
нила 0.0 1.699 0.0
интересно 0.0 1.398 0.0
инфицированные 0.0 2.0 0.0
бустера 0.0 1.699 0.0
прогнозы 0.002 1.398 0.003
уходит 0.001 1.0 0.001
привитых 0.0 0.824 0.0
омикрон 0.01 1.046 0.01
назад 0.002 0.18 0.0
другими 0.001 0.495 0.0
снова 0.0 0.678 0.0
подробностей 0.0 1.222 0.0
минусам 0.0 2.0 0.0
отличался 0.0 2.0 0.0
принципе 0.0 0.796 0.0
первое 0.0 0.921 0.0
заболевании 0.0 1.222 0.0
конкретного 0.0 1.155 0.0
американских 0.0 1.046 0.0
течение 0.001 0.699 0.001
вступить 0.0 2.0 0.0
мог 0.0 0.824 0.0
имело 0.0 2.0 0.0
эпидемиологи 0.002 2.0 0.004
текущей 0.0 1.398 0.0
сводятся 0.0 2.0 0.0
следовательно 0.0 1.155 0.0
перейти 0.0 0.066 0.0
поддержать 0.0 0.066 0.0
источник 0.0 0.174 0.0
эпителия 0.0 1.699 0.0
опаснее 0.0 1.523 0.0
вспышка 0.0 1.301 0.0
степень 0.001 1.046 0.001
все-таки 0.0 0.553 0.0
какие-то 0.001 0.538 0.001
обнаружить 0.0 1.097 0.0
зараженных 0.001 1.046 0.001
аргументов 0.0 1.301 0.0
недавнее 0.0 2.0 0.0
чистых 0.0 2.0 0.0
наблюдалась 0.0 1.523 0.0
влияют 0.0 1.523 0.0
кодекс 0.0 0.066 0.0
мягком 0.001 2.0 0.002
повышает 0.0 1.301 0.0
хочу 0.0 0.137 0.0
кому 0.0 0.824 0.0
переболели 0.001 1.222 0.001
также 0.0 0.237 0.0
дельтой 0.007 1.301 0.009
больниц 0.0 1.301 0.0
скоро 0.0 0.796 0.0
клинических 0.0 0.796 0.0
профессор 0.0 1.222 0.0
точную 0.0 1.699 0.0
руководством 0.001 1.046 0.001
искаженная 0.0 1.699 0.0
магистрального 0.0 2.0 0.0
бонусный 0.0 2.0 0.0
дыхательная 0.001 2.0 0.002
снижением 0.0 1.398 0.0
имел 0.0 1.523 0.0
мягче 0.001 1.301 0.001
клетку 0.0 1.301 0.0
находились 0.0 1.222 0.0
работу 0.0 0.658 0.0
оценок 0.0 1.222 0.0
поможет 0.0 0.854 0.0
25–30 0.001 2.0 0.002
вырос 0.0 1.155 0.0
люди 0.0 0.276 0.0
попадают 0.0 1.222 0.0
сниженной 0.001 1.699 0.002
протекает 0.001 1.699 0.002
выводы 0.002 1.155 0.002
данное 0.0 0.097 0.0
огромным 0.0 1.523 0.0
вирусов 0.0 1.155 0.0
тканей 0.0 1.699 0.0
вирулентен 0.0 2.0 0.0
заражения 0.001 0.796 0.001
изменение 0.0 1.398 0.0
здоровых 0.0 1.398 0.0
коротко 0.003 0.824 0.002
провинции 0.001 1.699 0.002
посвященной 0.0 2.0 0.0
человеческих 0.0 1.523 0.0
пор 0.0 0.387 0.0
ожирение 0.0 1.523 0.0
сравнению 0.002 0.796 0.002
правила 0.0 0.066 0.0
хозяина 0.0 1.699 0.0
механическая 0.0 2.0 0.0
корректный 0.0 2.0 0.0
условие 0.0 2.0 0.0
вакцинации 0.001 0.553 0.001
приход 0.0 1.523 0.0
вконтакте 0.0 0.066 0.0
введением 0.0 1.301 0.0
часть 0.0 0.456 0.0
медленно 0.0 1.222 0.0
делались 0.0 1.699 0.0
препарата 0.0 0.886 0.0
live 0.0 0.022 0.0
решили 0.0 0.658 0.0
уходить 0.0 1.301 0.0
подтвердили 0.0 1.523 0.0
большего 0.0 2.0 0.0
название 0.0 0.921 0.0
далеко 0.0 0.745 0.0
надежных 0.0 1.398 0.0
пониженная 0.0 2.0 0.0
аргументация 0.0 2.0 0.0
блог 0.0 0.066 0.0
инстаграм 0.0 0.066 0.0
© 0.0 0.0 0.0
фергюсона 0.0 2.0 0.0
важным 0.0 1.097 0.0
равно 0.002 0.638 0.001
размножается 0.0 1.398 0.0
группа 0.0 0.886 0.0
проблема 0.0 0.721 0.0
выделите 0.0 0.066 0.0
разных 0.0 0.398 0.0
тяжелые 0.0 1.046 0.0
нескольких 0.0 0.699 0.0
ранние 0.0 1.699 0.0
пропорция 0.0 2.0 0.0
данных 0.003 0.481 0.001
опубликован 0.0 1.523 0.0
смертей 0.0 0.959 0.0
указывали 0.0 2.0 0.0
начинает 0.001 0.959 0.001
статистике 0.0 1.301 0.0
сказываться 0.0 1.523 0.0
воспроизводится 0.0 2.0 0.0
недели 0.0 0.42 0.0
омикроном 0.009 1.155 0.01
дельту 0.0 1.523 0.0
лучшее 0.0 1.523 0.0
ею 0.0 1.0 0.0
meduzacare 0.0 0.066 0.0
говоря 0.0 0.77 0.0
эквивалентным 0.0 2.0 0.0
исследователей 0.001 1.301 0.001
пойдет 0.0 1.301 0.0
против 0.003 0.229 0.001
исход 0.0 1.097 0.0
система 0.0 0.77 0.0
оценить 0.002 0.796 0.002
столкнуться 0.0 2.0 0.0
той 0.001 0.62 0.001
ассоциировались 0.0 2.0 0.0
великобритании 0.0 0.745 0.0
кнопка 0.0 0.066 0.0
какого 0.0 1.523 0.0
верхними 0.0 2.0 0.0
хотя 0.001 0.276 0.0
изменить 0.0 1.046 0.0
количества 0.001 1.0 0.001
анализа 0.0 1.097 0.0
распространению 0.0 2.0 0.0
отсутствии 0.0 1.398 0.0
проходит 0.0 1.0 0.0
приближения 0.0 2.0 0.0
переформулировать 0.0 2.0 0.0
измерении 0.0 2.0 0.0
штаммами 0.0 1.523 0.0
эффективность 0.004 0.569 0.002
небольшое 0.0 1.097 0.0
вечерняя 0.0 0.066 0.0
риска 0.003 0.699 0.002
речь 0.0 0.432 0.0
основе 0.0 0.745 0.0
это 0.008 0.066 0.001
бустеры 0.0 1.699 0.0
обнаружен 0.0 1.523 0.0
вакцин 0.002 0.62 0.001
начиналось 0.0 2.0 0.0
другие 0.0 0.268 0.0
бронхов 0.0 2.0 0.0
могло 0.0 1.222 0.0
напрямую 0.0 1.0 0.0
неспециалисты 0.0 2.0 0.0
сильно 0.002 0.509 0.001
поддержки 0.0 0.066 0.0
тяжелого 0.003 0.921 0.003
теорию 0.0 2.0 0.0
заболеваемости 0.002 0.959 0.002
уильям 0.0 2.0 0.0
равиндры 0.0 2.0 0.0
историю 0.001 0.721 0.001
тканях 0.0 1.699 0.0
двумя 0.0 0.678 0.0
помощь 0.0 0.097 0.0
ba-1 0.0 2.0 0.0
уханьским 0.0 1.699 0.0
цитокиновый 0.0 2.0 0.0
классический 0.0 1.523 0.0
процитировано 0.0 2.0 0.0
дыхательными 0.0 2.0 0.0
оцениваются 0.0 2.0 0.0
дело 0.001 0.509 0.001
трудностям 0.0 2.0 0.0
присутствие 0.0 1.699 0.0
первые 0.0 0.585 0.0
встречались 0.0 1.398 0.0
выгодно 0.0 1.398 0.0
инфекцией 0.0 1.222 0.0
последний 0.001 0.824 0.001
работаем 0.0 0.161 0.0
данными 0.0 0.959 0.0
своим 0.0 0.658 0.0
самую 0.0 1.699 0.0
двух 0.002 0.377 0.001
итоге 0.001 0.62 0.001
значимое 0.0 1.699 0.0
такая 0.0 0.553 0.0
падать 0.0 1.398 0.0
развитию 0.0 1.398 0.0
неоднократно 0.0 1.398 0.0
животных 0.0 0.854 0.0
большинство 0.002 0.796 0.002
использует 0.0 1.097 0.0
протекают 0.0 2.0 0.0
омикронная 0.0 2.0 0.0
дельта 0.004 0.854 0.003
больнице 0.001 0.886 0.001
работа 0.002 0.886 0.002
большого 0.0 1.155 0.0
около 0.0 0.432 0.0
диспропорция 0.0 2.0 0.0
грубую 0.0 1.699 0.0
нарушенной 0.0 2.0 0.0
каком 0.0 1.0 0.0
исследовании 0.0 0.824 0.0
доказано 0.0 1.699 0.0
величина 0.0 1.523 0.0
иммунитет 0.002 0.854 0.002
остальные 0.0 0.854 0.0
котором 0.0 0.495 0.0
исследование 0.0 0.658 0.0
колледжа 0.0 1.699 0.0
передаться 0.001 2.0 0.002
снижение 0.001 1.0 0.001
24/7 0.0 0.102 0.0
очевидно 0.0 0.959 0.0
android 0.0 0.066 0.0
инфекций 0.001 1.097 0.001
заболеванию 0.0 1.398 0.0
оливейры 0.0 2.0 0.0
омикронной 0.001 2.0 0.002
происхождение 0.001 1.301 0.001
english 0.0 0.06 0.0
вытесняется 0.0 2.0 0.0
самое 0.0 0.638 0.0
большая 0.0 0.77 0.0
лежал 0.0 2.0 0.0
вариантов 0.002 0.854 0.002
работой 0.0 1.699 0.0
хорошая 0.0 0.886 0.0
первыми 0.001 1.523 0.002
предположениях 0.0 2.0 0.0
нужна 0.001 0.092 0.0
такого 0.0 0.509 0.0
упомянуть 0.0 1.523 0.0
острая 0.0 2.0 0.0
соцсетям 0.0 2.0 0.0
людям 0.0 0.678 0.0
параметры 0.0 1.523 0.0
важна 0.0 1.155 0.0
избыточной 0.0 1.155 0.0
оказалось 0.002 0.824 0.002
начиналась 0.0 2.0 0.0
мере 0.0 0.569 0.0
рассчитали 0.0 2.0 0.0
эндоcомы 0.0 2.0 0.0
геномом 0.0 2.0 0.0
тромбозы 0.0 1.523 0.0
изложенного 0.0 2.0 0.0
метрике 0.0 2.0 0.0
использоваться 0.0 1.523 0.0
заражение 0.0 1.398 0.0
случаях 0.0 0.658 0.0
sars-cov-2 0.002 0.824 0.002
приходом 0.0 1.398 0.0
тестов 0.0 1.155 0.0
возник 0.0 1.155 0.0
имеют 0.0 0.678 0.0
переносить 0.0 1.699 0.0
факт 0.0 0.77 0.0
сделал 0.001 0.854 0.001
убить 0.0 1.699 0.0
легче 0.002 1.0 0.002
результатам 0.0 1.0 0.0
всем 0.0 0.252 0.0
идеально 0.0 1.699 0.0
ветвях 0.0 2.0 0.0
оно 0.0 0.444 0.0
максимальные 0.0 1.699 0.0
те 0.0 0.357 0.0
невакцинированных 0.002 1.301 0.003
каждым 0.0 0.854 0.0
расчетов 0.001 1.699 0.002
самом 0.001 0.481 0.0
связаться 0.0 0.066 0.0
требования 0.0 0.066 0.0
времени 0.0 0.523 0.0
происходит 0.002 0.387 0.001
информации 0.0 0.102 0.0
варианта 0.003 0.745 0.002
выпустили 0.0 1.699 0.0
изменился 0.0 2.0 0.0
симптоматических 0.0 2.0 0.0
цифрах 0.0 1.699 0.0
большим 0.0 1.046 0.0
работ 0.001 1.222 0.001
гораздо 0.0 0.699 0.0
встрече 0.002 1.301 0.003
мягкость 0.001 2.0 0.002
тех 0.003 0.26 0.001
подвергается 0.0 1.398 0.0
прямому 0.0 2.0 0.0
тяжелой 0.001 0.959 0.001
лечения 0.0 1.0 0.0
ковидом 0.0 0.658 0.0
соблюдалось 0.0 2.0 0.0
пути 0.0 1.0 0.0
попасть 0.0 0.921 0.0
безусловно 0.0 1.222 0.0
важно 0.0 0.509 0.0
протяженности 0.0 2.0 0.0
шторм 0.0 2.0 0.0
паразитического 0.0 2.0 0.0
статистически 0.0 1.301 0.0
широко 0.0 1.097 0.0
эволюция 0.001 1.523 0.002
медики 0.0 1.523 0.0
оценили 0.0 1.301 0.0
путей 0.0 1.523 0.0
почему 0.001 0.337 0.0
положительных 0.0 1.523 0.0
сделала 0.0 1.222 0.0
января 0.001 1.0 0.001
высоких 0.0 1.301 0.0
повышаются 0.0 2.0 0.0
сравнение 0.0 1.398 0.0
ханадж 0.0 2.0 0.0
состава 0.0 1.398 0.0
риски 0.003 0.77 0.002
процессе 0.0 1.046 0.0
снижается 0.0 1.301 0.0
самого 0.001 0.77 0.001
медузе 0.001 0.066 0.0
tmprss2 0.0 2.0 0.0
снижаться 0.0 1.699 0.0
человеку 0.001 1.0 0.001
точно 0.001 0.481 0.0
поскольку 0.001 0.678 0.001
статистику 0.0 1.301 0.0
человечеству 0.0 2.0 0.0
ограничивает 0.0 1.699 0.0
изначальным 0.0 2.0 0.0
facebook 0.0 0.0 0.0
таком 0.0 0.921 0.0
защищают 0.0 1.0 0.0
медузу 0.001 0.066 0.0
обработки 0.0 0.066 0.0
менее 0.004 0.432 0.002
ниже 0.003 0.77 0.002
этим 0.001 0.337 0.0
станет 0.0 0.678 0.0
отбора 0.001 1.398 0.001
прошлой 0.0 1.301 0.0
мягкости 0.001 2.0 0.002
обнаружения 0.0 1.398 0.0
болел 0.0 1.523 0.0
понятия 0.0 2.0 0.0
смягчаться 0.0 2.0 0.0
диабет 0.0 1.523 0.0
массовой 0.0 0.097 0.0
протеазой 0.0 1.699 0.0
хомячков 0.0 1.699 0.0
вроде 0.0 0.658 0.0
точки 0.0 0.638 0.0
наряду 0.0 1.398 0.0
способен 0.0 1.398 0.0
возможной 0.0 1.301 0.0
стояла 0.0 1.398 0.0
сложно 0.001 0.538 0.001
повышенная 0.0 1.155 0.0
эпидемиологов 0.0 1.523 0.0
подтверждают 0.0 1.523 0.0
теории 0.0 1.097 0.0
похоже 0.001 0.886 0.001
возникнуть 0.001 1.155 0.001
госпитализаций 0.001 1.398 0.001
вызывает 0.0 0.886 0.0
эффект 0.0 1.097 0.0
scanpix 0.0 0.301 0.0
такие 0.0 0.444 0.0
пациентами 0.0 1.301 0.0
гриппом 0.0 1.699 0.0
последствия 0.0 0.796 0.0
докладе 0.0 1.398 0.0
сложнее 0.0 0.921 0.0
спасибоgiphyза 0.0 0.066 0.0
показывать 0.0 0.066 0.0
дозы 0.0 0.886 0.0
наблюдение 0.0 1.398 0.0
жить 0.0 0.824 0.0
twitter 0.0 0.0 0.0
раньше 0.001 0.432 0.0
вентилятор 0.0 2.0 0.0
болезни 0.005 0.62 0.003
сделало 0.0 1.699 0.0
пожалуйста 0.0 0.102 0.0
должен 0.002 0.585 0.001
схожий 0.0 2.0 0.0
пример 0.0 0.824 0.0
объяснение 0.001 1.301 0.001
заболеваний 0.003 0.745 0.002
всему 0.0 0.699 0.0
влияния 0.0 1.398 0.0
болеют 0.001 1.222 0.001
платформы 0.001 0.066 0.0
разучился 0.0 2.0 0.0
каждого 0.0 0.678 0.0
всякое 0.0 1.523 0.0
та 0.0 0.824 0.0
исследования 0.002 0.481 0.001
именно 0.001 0.244 0.0
связаны 0.0 0.959 0.0
организме 0.001 1.301 0.001
легких 0.001 1.046 0.001
смертности 0.001 1.155 0.001
вакцины 0.001 0.585 0.001
персональные 0.0 0.066 0.0
такое 0.001 0.347 0.0
ошибки 0.0 1.097 0.0
лабораторных 0.001 1.301 0.001
очень 0.004 0.149 0.001
место 0.0 0.678 0.0
которые 0.003 0.119 0.0
тяжесть 0.002 1.699 0.003
многих 0.0 0.658 0.0
уменьшения 0.0 2.0 0.0
вовсе 0.001 0.921 0.001
лучшую 0.0 1.699 0.0
ранее 0.002 0.62 0.001
преимущественно 0.002 1.222 0.002
недостаточно 0.0 0.921 0.0
meduza 0.001 0.0 0.0
кого 0.0 0.509 0.0
т. 0.0 0.921 0.0
мягкого 0.0 2.0 0.0
дыхательных 0.001 1.523 0.002
распространяется 0.001 0.854 0.001
важное 0.001 1.046 0.001
удар 0.0 0.886 0.0
новым 0.0 0.796 0.0
зафиксировать 0.0 1.301 0.0
немного 0.001 0.77 0.001
остается 0.0 0.638 0.0
обнаружение 0.001 1.222 0.001
уровне 0.0 0.638 0.0
эпидемиологические 0.0 1.523 0.0
каким 0.0 1.155 0.0
полноценном 0.0 2.0 0.0
появилось 0.001 0.854 0.001
иммунной 0.001 0.959 0.001
организма 0.0 0.921 0.0
помнить 0.001 1.046 0.001
рода 0.001 0.854 0.001
опасный 0.0 1.523 0.0
другая 0.001 0.886 0.001
странах 0.0 0.495 0.0
скобки 0.0 2.0 0.0
жалеть 0.0 2.0 0.0
лаконичнее 0.0 2.0 0.0
фоне 0.0 0.796 0.0
знать 0.001 0.824 0.001
лаборатории 0.0 1.097 0.0
разрезания 0.0 2.0 0.0
присутствует 0.0 1.523 0.0
двусмысленности 0.0 2.0 0.0
год 0.002 0.409 0.001
внимание 0.0 0.658 0.0
свежих 0.0 1.301 0.0
составила 0.0 0.959 0.0
позволяют 0.002 0.886 0.002
шла 0.0 1.222 0.0
вообще-то 0.0 1.699 0.0
эволюционного 0.0 1.699 0.0
дать 0.0 0.854 0.0
культурах 0.0 1.523 0.0
дополнительных 0.0 1.398 0.0
эта 0.001 0.367 0.0
российским 0.0 0.092 0.0
которых 0.001 0.237 0.0
одной 0.0 0.398 0.0
невозможно 0.0 0.602 0.0
декабря 0.0 0.824 0.0
бустерной 0.0 1.523 0.0
сочетающего 0.001 1.398 0.001
вещи 0.0 0.796 0.0
тому 0.001 0.509 0.001
порядок 0.0 1.155 0.0
вирусными 0.0 2.0 0.0
невакцированных 0.0 2.0 0.0
меньшей 0.0 1.046 0.0
реклама 0.001 0.066 0.0
однако 0.001 0.337 0.0
делать 0.001 0.276 0.0
оказаться 0.0 0.796 0.0
из-за 0.002 0.229 0.0
меньшая 0.001 2.0 0.002
рассчитана 0.0 1.699 0.0
интересах 0.0 0.167 0.0
корректно 0.0 1.398 0.0
сша 0.0 0.469 0.0
положительно 0.0 1.523 0.0
гупты 0.0 2.0 0.0
сообщение 0.0 0.102 0.0
плохо 0.001 0.569 0.001
пределы 0.0 2.0 0.0
сделать 0.003 0.357 0.001
