охотно 0.001 1.699 0.002
протесту 0.001 2.0 0.002
вывести 0.001 1.523 0.002
российские 0.001 0.328 0.0
республике 0.001 1.699 0.002
говорим 0.001 0.959 0.001
редакции 0.002 0.066 0.0
войска 0.001 0.721 0.001
снеге 0.001 2.0 0.002
подходили 0.001 1.699 0.002
сгущенки 0.001 1.699 0.002
демократии 0.001 1.398 0.001
важен 0.002 1.523 0.003
немцова 0.001 2.0 0.002
баннерам 0.001 0.066 0.0
центру 0.001 1.398 0.001
сивцова 0.001 1.699 0.002
заблокирована 0.001 0.824 0.001
белорусы 0.001 1.699 0.002
россии 0.012 0.119 0.001
бумаги 0.002 1.301 0.003
организовывал 0.001 1.699 0.002
неприятных 0.001 1.699 0.002
считают 0.001 0.721 0.001
ночи 0.002 1.222 0.002
белого 0.001 2.0 0.002
гифки 0.001 0.066 0.0
агента 0.002 0.097 0.0
людей 0.007 0.161 0.001
годов 0.001 1.0 0.001
идей 0.002 1.523 0.003
говорит 0.001 0.409 0.0
остаться 0.002 1.097 0.002
республика 0.001 1.301 0.001
кроме 0.001 0.387 0.0
друзьями 0.001 1.222 0.001
традиционный 0.001 2.0 0.002
россиян_ке 0.001 2.0 0.002
тысячи 0.001 0.721 0.001
in 0.001 0.0 0.0
ходят 0.001 1.398 0.001
полосе 0.001 1.699 0.002
триколора 0.001 2.0 0.002
протестовало 0.001 2.0 0.002
удивление 0.001 2.0 0.002
нравится 0.001 2.0 0.002
вильнюсе 0.003 2.0 0.006
участники 0.001 0.921 0.001
понял 0.001 1.398 0.001
сделано 0.001 1.222 0.001
верю 0.002 1.301 0.003
русские 0.002 1.046 0.002
территории 0.001 0.796 0.001
оппозиционно 0.001 2.0 0.002
разными 0.001 0.824 0.001
содержит 0.001 1.155 0.001
который 0.002 0.194 0.0
любых 0.002 1.046 0.002
синего 0.001 2.0 0.002
анонимно 0.001 0.066 0.0
улицы 0.002 1.301 0.003
шару 0.001 2.0 0.002
просто 0.002 0.194 0.0
ваша 0.003 0.102 0.0
рыб 0.008 2.0 0.016
сайта 0.002 1.046 0.002
входили 0.001 2.0 0.002
оппозицией 0.001 2.0 0.002
вторжения 0.002 0.77 0.002
толпе 0.001 2.0 0.002
мир 0.001 0.553 0.001
концепция 0.001 1.699 0.002
подушкой 0.001 1.699 0.002
поводом 0.001 1.398 0.001
невероятно 0.001 1.699 0.002
труднее 0.001 0.721 0.001
русь 0.001 2.0 0.002
рифмуется 0.001 2.0 0.002
сразу 0.001 0.553 0.001
читателейнам 0.001 0.174 0.0
куки 0.001 0.066 0.0
языках 0.001 1.523 0.002
придумывать 0.001 1.699 0.002
древней 0.001 1.699 0.002
страны 0.002 0.444 0.001
новгородская 0.001 1.699 0.002
цветам 0.001 2.0 0.002
использование 0.002 0.066 0.0
десятки 0.001 0.745 0.001
независимыми 0.001 1.301 0.001
обладает 0.001 1.523 0.002
диктатуре 0.001 1.523 0.002
в-третьих 0.001 1.301 0.001
настаивают 0.001 2.0 0.002
дальше 0.002 0.523 0.001
порядку 0.001 0.066 0.0
кажется 0.001 0.469 0.0
странами 0.001 1.046 0.001
года 0.001 0.167 0.0
дизайнер_кой 0.001 2.0 0.002
версию 0.001 1.398 0.001
лондоне 0.001 1.155 0.001
остановить 0.001 0.638 0.001
пустой 0.001 1.699 0.002
en 0.001 0.066 0.0
сохранить 0.001 0.921 0.001
дюссельдорфе 0.001 2.0 0.002
работает 0.001 0.367 0.0
новгородской 0.001 2.0 0.002
символический 0.001 2.0 0.002
нужен 0.004 1.222 0.005
предложил 0.001 1.155 0.001
начали 0.001 0.481 0.0
пункт 0.001 1.301 0.001
фигурирует 0.001 1.523 0.002
пришла 0.001 1.155 0.001
потребности 0.001 1.699 0.002
распространено 0.001 0.102 0.0
государственного 0.003 1.0 0.003
военной 0.002 0.921 0.002
жертву 0.001 2.0 0.002
насколько 0.001 0.42 0.0
ios 0.001 0.066 0.0
динамо 0.001 2.0 0.002
снегах 0.001 2.0 0.002
российской 0.001 0.432 0.0
прекрасной 0.002 1.699 0.003
несколько 0.002 0.201 0.0
прямо 0.002 0.357 0.001
общее 0.003 1.046 0.003
саша 0.001 1.523 0.002
войну 0.002 0.638 0.001
кого-то 0.001 1.097 0.001
опубликовал 0.001 1.222 0.001
создатели 0.001 1.398 0.001
активистка 0.001 1.699 0.002
пришли 0.001 0.921 0.001
считается 0.001 0.959 0.001
день 0.002 0.328 0.001
медузы 0.004 0.268 0.001
простым 0.001 1.523 0.002
горизонтальных 0.001 2.0 0.002
украинцы 0.001 0.886 0.001
писали 0.001 0.824 0.001
сетям 0.001 2.0 0.002
дань 0.001 2.0 0.002
работать 0.001 0.409 0.0
которой 0.001 0.377 0.0
автор 0.008 1.0 0.008
сквере 0.001 2.0 0.002
встретить 0.002 1.398 0.003
пожелал 0.001 2.0 0.002
вообще 0.002 0.066 0.0
медузой 0.002 0.921 0.002
объясняет 0.002 0.658 0.001
расцветку 0.001 2.0 0.002
нового 0.004 0.638 0.003
явно 0.001 0.959 0.001
описание 0.001 1.699 0.002
зенита 0.001 2.0 0.002
созданию 0.001 1.398 0.001
истории 0.002 0.337 0.001
бориса 0.001 1.699 0.002
сети 0.001 1.0 0.001
новгород 0.002 2.0 0.004
забыта 0.001 2.0 0.002
символом 0.001 1.398 0.001
народное 0.001 2.0 0.002
первого 0.001 0.658 0.001
берлина 0.001 1.301 0.001
узнал 0.002 0.921 0.002
сюда 0.001 1.097 0.001
оттенка 0.001 2.0 0.002
2011-2012 0.001 1.699 0.002
мария 0.001 1.097 0.001
бело-сине-белую 0.001 2.0 0.002
нашли 0.001 0.066 0.0
уличных 0.001 1.699 0.002
связи 0.001 0.0 0.0
активисты 0.002 1.523 0.003
медуза 0.007 0.066 0.0
поддерживают 0.001 1.301 0.001
одного 0.001 0.432 0.0
демонстрируя 0.001 1.699 0.002
нам 0.004 0.086 0.0
помимо 0.001 0.796 0.001
помочь 0.002 0.131 0.0
людьми 0.001 0.745 0.001
этому 0.001 0.432 0.0
белая 0.001 1.699 0.002
отмечает 0.002 1.155 0.002
говорили 0.001 0.796 0.001
продолжаем 0.001 0.699 0.001
уважения 0.001 2.0 0.002
стало 0.001 0.481 0.0
юридическим 0.001 0.102 0.0
акции 0.004 0.921 0.004
придумали 0.001 1.155 0.001
флаги 0.001 1.699 0.002
начались 0.001 0.921 0.001
согласны 0.001 1.155 0.001
планете 0.001 1.398 0.001
материалам 0.001 0.066 0.0
объединения 0.002 2.0 0.004
срочно 0.001 0.167 0.0
пределами 0.001 1.097 0.001
твиттера 0.008 1.699 0.014
парламента 0.001 1.699 0.002
руси 0.002 2.0 0.004
колористикой 0.001 2.0 0.002
самостоятельным 0.001 1.699 0.002
другим 0.001 0.62 0.001
несмотря 0.001 0.456 0.0
смогли 0.002 0.921 0.002
свободы 0.006 1.155 0.007
символ 0.015 1.222 0.018
связан 0.001 1.398 0.001
принес 0.001 1.523 0.002
революций 0.001 2.0 0.002
торонто 0.003 2.0 0.006
обсудил 0.001 2.0 0.002
ходит 0.001 1.398 0.001
независимо 0.001 1.398 0.001
иностранным 0.001 0.097 0.0
значки 0.001 1.699 0.002
вейшнория 0.001 2.0 0.002
вытащить 0.001 1.699 0.002
общего 0.001 1.0 0.001
нужно 0.001 0.237 0.0
российском 0.001 0.921 0.001
делают 0.001 0.745 0.001
например 0.003 0.229 0.001
пытаться 0.001 1.398 0.001
децентрализованного 0.001 2.0 0.002
арт-менеджер 0.001 2.0 0.002
свои 0.001 0.481 0.0
идеологическая 0.001 1.699 0.002
катонина 0.002 2.0 0.004
альтернативную 0.001 1.398 0.001
назвал 0.001 1.155 0.001
вида 0.001 1.523 0.002
споров 0.001 1.398 0.001
ctrl+enter 0.001 0.066 0.0
февраля 0.002 0.387 0.001
безопасно 0.001 0.066 0.0
новостиисторииразборшапитокоронавирусмагаз 0.001 0.066 0.0
проект 0.001 1.046 0.001
медведя 0.001 1.699 0.002
особенность 0.001 1.301 0.001
youtube 0.001 0.06 0.0
пользоваться 0.001 1.046 0.001
всей 0.001 0.699 0.001
создано 0.001 0.097 0.0
символическая 0.001 2.0 0.002
мира 0.007 0.824 0.006
поняло 0.001 2.0 0.002
анонимность 0.001 1.301 0.001
банки 0.001 1.398 0.001
протеста 0.004 1.222 0.005
поддержите 0.001 0.102 0.0
во-вторых 0.001 0.854 0.001
катонине 0.001 2.0 0.002
украины 0.001 0.569 0.001
достаточно 0.002 0.444 0.001
триколором 0.001 2.0 0.002
граждане 0.001 1.222 0.001
идею 0.001 1.0 0.001
друга 0.002 0.854 0.002
опубликовало 0.001 1.523 0.002
поэтому 0.003 0.328 0.001
идея 0.001 1.155 0.001
многие 0.002 0.284 0.001
средством 0.001 0.102 0.0
выполняющим 0.002 0.097 0.0
тбилиси 0.001 2.0 0.002
возможность 0.001 0.569 0.001
фейсбуке 0.001 1.301 0.001
году 0.001 0.367 0.0
принять 0.001 0.921 0.001
бело-сине-белый 0.004 1.699 0.007
свободу 0.001 1.0 0.001
ошибку 0.001 0.066 0.0
сами 0.002 0.538 0.001
используется 0.001 0.796 0.001
бело-лазорево-белый 0.001 2.0 0.002
российскому 0.001 1.097 0.001
золотое 0.001 1.699 0.002
знакомым 0.001 1.523 0.002
своей 0.001 0.42 0.0
популярностью 0.001 2.0 0.002
2010-х 0.001 1.699 0.002
выходить 0.002 1.046 0.002
напоминает 0.001 1.155 0.001
данные 0.001 0.066 0.0
бело-сине-белом 0.001 2.0 0.002
форума 0.001 2.0 0.002
похожая 0.001 1.523 0.002
добиться 0.001 1.222 0.001
россияне 0.002 0.678 0.001
помочьхочу 0.001 0.886 0.001
независимые 0.001 1.301 0.001
триколор 0.003 2.0 0.006
бело-синего 0.001 2.0 0.002
украину 0.002 0.523 0.001
нажмите 0.001 0.066 0.0
население 0.001 0.959 0.001
сшить 0.001 2.0 0.002
российский 0.004 0.638 0.003
соображений 0.001 1.523 0.002
черных 0.001 1.699 0.002
идет 0.001 0.367 0.0
некоторых 0.001 0.523 0.001
имени 0.001 0.796 0.001
претензий 0.001 1.301 0.001
иностранного 0.002 0.102 0.0
хватает 0.001 1.046 0.001
связки 0.001 2.0 0.002
отзывы 0.001 1.523 0.002
человек 0.001 0.215 0.0
верхней 0.001 1.523 0.002
материал 0.001 0.086 0.0
выступают 0.003 1.222 0.004
понятно 0.001 0.699 0.001
звуки 0.008 1.398 0.011
требованием 0.001 1.398 0.001
придумал 0.004 1.097 0.004
прижился 0.001 2.0 0.002
pr-специалист 0.001 2.0 0.002
царского 0.001 2.0 0.002
кракове 0.001 1.699 0.002
– 0.001 0.06 0.0
новый 0.008 0.658 0.005
нарисовали 0.001 1.699 0.002
любой 0.001 0.745 0.001
плакатах 0.001 2.0 0.002
символе 0.001 2.0 0.002
читатели 0.004 1.046 0.004
утвержденного 0.001 1.699 0.002
социальным 0.001 1.699 0.002
красный 0.002 1.523 0.003
нами 0.001 0.066 0.0
потребность 0.001 1.523 0.002
разошелся 0.001 2.0 0.002
вкладываем 0.002 2.0 0.004
гражданское 0.001 1.699 0.002
кровавой 0.001 2.0 0.002
ждет 0.002 0.959 0.002
рыбы 0.001 1.699 0.002
антивоенной 0.001 1.0 0.001
управления 0.001 1.097 0.001
рекламаmeduza 0.001 0.066 0.0
войне 0.002 0.62 0.001
причин 0.002 0.921 0.002
лицом 0.001 0.102 0.0
замечены 0.001 2.0 0.002
функции 0.002 0.097 0.0
уехать 0.002 1.0 0.002
тысяч 0.001 0.337 0.0
голову 0.001 1.398 0.001
вексиллологические 0.001 2.0 0.002
спортивных 0.001 1.523 0.002
северной 0.001 1.301 0.001
отношения 0.001 0.921 0.001
казалось 0.002 0.886 0.002
ого 0.001 2.0 0.002
символа 0.002 2.0 0.004
изображены 0.001 2.0 0.002
империи 0.001 2.0 0.002
быстро 0.002 0.495 0.001
кровопролитием 0.001 2.0 0.002
красивый 0.002 1.523 0.003
издание 0.001 0.721 0.001
назад 0.002 0.18 0.0
другими 0.001 0.495 0.0
„ 0.005 0.62 0.003
киевскую 0.001 2.0 0.002
безопасности 0.001 0.481 0.0
русскоязычное 0.001 1.398 0.001
протестов 0.001 1.222 0.001
мог 0.001 0.824 0.001
напоминают 0.001 1.523 0.002
швейцарского 0.001 2.0 0.002
указывая 0.001 1.699 0.002
перейти 0.001 0.066 0.0
поддержать 0.001 0.066 0.0
украинских 0.001 0.824 0.001
пишет 0.001 0.824 0.001
источник 0.002 0.174 0.0
митинг 0.004 1.523 0.006
война 0.001 0.469 0.0
настроенные 0.001 2.0 0.002
состав 0.001 0.959 0.001
кодекс 0.001 0.066 0.0
русской 0.001 1.222 0.001
предложением 0.001 1.523 0.002
“ 0.005 0.432 0.002
хочу 0.004 0.137 0.001
концу 0.001 1.097 0.001
также 0.001 0.237 0.0
совместное 0.001 1.398 0.001
позор 0.001 1.699 0.002
московским 0.001 1.699 0.002
прочих 0.001 1.301 0.001
рассказывает 0.004 0.569 0.002
отказаться 0.001 1.046 0.001
соглашается 0.001 1.699 0.002
нарушает 0.001 1.523 0.002
ленточка 0.001 2.0 0.002
россиянам 0.001 1.0 0.001
великий 0.001 2.0 0.002
княжеством 0.001 2.0 0.002
серебряные 0.001 2.0 0.002
государства 0.002 0.824 0.002
люди 0.004 0.276 0.001
решил 0.001 0.959 0.001
данное 0.001 0.097 0.0
небе 0.001 1.699 0.002
какой-то 0.002 0.538 0.001
отсылает 0.001 2.0 0.002
успеха 0.001 1.398 0.001
стирать 0.001 1.699 0.002
обозначать 0.001 2.0 0.002
антивоенный 0.004 1.301 0.005
правила 0.002 0.066 0.0
будущем 0.002 0.745 0.001
объединяющий 0.001 2.0 0.002
уверены 0.001 1.097 0.001
использовать 0.002 0.585 0.001
вконтакте 0.001 0.066 0.0
залог 0.001 2.0 0.002
идеологически 0.001 2.0 0.002
украиной 0.001 0.921 0.001
одновременно 0.001 0.796 0.001
живет 0.001 0.854 0.001
live 0.001 0.022 0.0
кантона 0.001 2.0 0.002
решили 0.002 0.658 0.001
расцветке 0.001 2.0 0.002
цвета 0.005 1.398 0.007
блог 0.001 0.066 0.0
инстаграм 0.001 0.066 0.0
© 0.001 0.0 0.0
автозак 0.001 2.0 0.002
важным 0.001 1.097 0.001
равно 0.001 0.638 0.001
выделите 0.001 0.066 0.0
коллективный 0.001 1.222 0.001
условиях 0.001 0.569 0.001
нескольких 0.001 0.699 0.001
выяснилось 0.001 1.523 0.002
практически 0.001 0.602 0.001
meduzacare 0.001 0.066 0.0
флагом 0.005 1.523 0.008
волги 0.001 2.0 0.002
прообразом 0.001 2.0 0.002
сайте 0.001 0.886 0.001
против 0.006 0.229 0.001
текущий 0.001 1.523 0.002
отказ 0.003 0.959 0.003
флагов 0.001 2.0 0.002
красной 0.003 2.0 0.006
кнопка 0.001 0.066 0.0
хотя 0.001 0.276 0.0
акцию 0.001 1.222 0.001
нижней 0.001 2.0 0.002
вечерняя 0.001 0.066 0.0
занят 0.001 1.699 0.002
во-первых 0.001 0.796 0.001
это 0.015 0.066 0.001
вдохновение 0.001 2.0 0.002
другие 0.002 0.268 0.001
готовы 0.001 0.678 0.001
освобождает 0.001 2.0 0.002
массовые 0.001 1.046 0.001
поддержки 0.001 0.066 0.0
белорусским 0.001 1.523 0.002
экспансии 0.002 1.699 0.003
историю 0.001 0.721 0.001
помощь 0.002 0.097 0.0
зачатками 0.001 2.0 0.002
цуг 0.001 2.0 0.002
давно 0.001 0.77 0.001
классический 0.001 1.523 0.002
называют 0.001 0.699 0.001
читателей 0.001 0.658 0.001
стал 0.001 0.658 0.001
российского 0.003 0.62 0.002
работаем 0.002 0.161 0.0
существовала 0.001 2.0 0.002
согласие 0.002 1.523 0.003
кресло 0.001 2.0 0.002
автора 0.001 1.398 0.001
строя 0.001 1.699 0.002
двух 0.001 0.377 0.0
дня 0.003 0.523 0.002
сказано 0.001 0.921 0.001
войны 0.006 0.42 0.003
событий 0.001 0.921 0.001
несогласным 0.001 1.699 0.002
решило 0.001 1.523 0.002
права 0.001 0.854 0.001
авторитаризма 0.002 2.0 0.004
независимое 0.001 0.721 0.001
антивоенную 0.001 1.523 0.002
24/7 0.001 0.102 0.0
повторить 0.001 1.155 0.001
отмечают 0.001 1.222 0.001
живущий 0.001 2.0 0.002
android 0.001 0.066 0.0
english 0.001 0.06 0.0
амбассадоры 0.001 2.0 0.002
геральдикой 0.001 2.0 0.002
плакатом 0.001 1.301 0.001
дискредитировал 0.001 2.0 0.002
историческому 0.001 2.0 0.002
будущего 0.002 1.097 0.002
войн 0.001 1.523 0.002
флаге 0.004 2.0 0.008
поддержка 0.001 0.167 0.0
выходят 0.001 1.155 0.001
нужна 0.003 0.092 0.0
такого 0.001 0.509 0.001
марта 0.008 0.319 0.003
участвовал 0.001 1.523 0.002
журналисты 0.001 0.886 0.001
людям 0.001 0.678 0.001
посягательств 0.001 1.699 0.002
посольством 0.001 1.699 0.002
полос 0.001 2.0 0.002
мотузная 0.001 2.0 0.002
имеют 0.001 0.678 0.001
всем 0.001 0.252 0.0
жизнью 0.001 1.398 0.001
новгорода 0.002 1.699 0.003
возникло 0.001 1.699 0.002
многое 0.001 1.301 0.001
лимассоле 0.001 2.0 0.002
оно 0.001 0.444 0.0
загребли 0.001 2.0 0.002
требования 0.001 0.066 0.0
связаться 0.001 0.066 0.0
новгороду 0.001 2.0 0.002
отсылка 0.001 1.699 0.002
крови 0.001 0.959 0.001
москве 0.001 0.745 0.001
информации 0.001 0.102 0.0
творчество 0.001 1.699 0.002
высока 0.001 1.699 0.002
митинге 0.001 1.523 0.002
объясняют 0.002 1.301 0.003
значением 0.001 2.0 0.002
кипре 0.001 1.699 0.002
голубого 0.001 1.699 0.002
множество 0.001 0.959 0.001
смысл 0.002 0.959 0.002
тяжелой 0.002 0.959 0.002
цвет 0.002 1.699 0.003
россиян 0.003 0.62 0.002
считает 0.001 0.678 0.001
протест 0.001 1.523 0.002
изначальной 0.001 1.699 0.002
продолжают 0.001 1.097 0.001
кремлем 0.002 1.699 0.003
почему 0.003 0.337 0.001
набросок 0.001 2.0 0.002
земному 0.001 2.0 0.002
уверен 0.001 0.959 0.001
медузе 0.003 0.066 0.0
параллельно 0.001 1.097 0.001
несуществующего 0.001 2.0 0.002
первый 0.001 0.481 0.0
точно 0.001 0.481 0.0
синей 0.001 2.0 0.002
покорения 0.001 2.0 0.002
площадях 0.001 2.0 0.002
берлине 0.001 1.222 0.001
facebook 0.001 0.0 0.0
протестным 0.001 2.0 0.002
медузу 0.002 0.066 0.0
красного 0.001 2.0 0.002
обработки 0.001 0.066 0.0
этим 0.001 0.337 0.0
наткнулся 0.001 2.0 0.002
друг 0.002 0.699 0.001
вложили 0.001 1.523 0.002
скандалов 0.001 2.0 0.002
массовой 0.001 0.097 0.0
главное 0.001 0.658 0.001
заинтересовавшись 0.001 2.0 0.002
антивоенного 0.002 1.398 0.003
обоснование 0.001 2.0 0.002
ресурс 0.001 1.398 0.001
совпала 0.001 2.0 0.002
реально 0.001 0.959 0.001
состоит 0.001 1.398 0.001
словам 0.001 0.658 0.001
думают 0.002 1.222 0.002
показывать 0.001 0.066 0.0
спасибоgiphyза 0.001 0.066 0.0
родиной 0.001 2.0 0.002
каких-то 0.001 0.921 0.001
используйте 0.002 1.301 0.003
twitter 0.001 0.0 0.0
раньше 0.001 0.432 0.0
флага 0.012 1.398 0.017
традиционных 0.001 1.523 0.002
пожалуйста 0.001 0.102 0.0
всему 0.003 0.699 0.002
акциях 0.001 1.222 0.001
должен 0.001 0.585 0.001
платформы 0.002 0.066 0.0
миру 0.002 0.796 0.002
сначала 0.001 0.602 0.001
именно 0.001 0.244 0.0
странице 0.001 1.301 0.001
бело-красно-белым 0.001 2.0 0.002
полосы 0.002 2.0 0.004
вызывало 0.001 1.398 0.001
протестующие 0.001 1.699 0.002
персональные 0.001 0.066 0.0
новом 0.001 1.155 0.001
пост 0.001 0.796 0.001
управляемая 0.001 2.0 0.002
лист 0.001 1.699 0.002
очень 0.004 0.149 0.001
задержаний 0.001 1.699 0.002
которые 0.003 0.119 0.0
южную 0.001 1.699 0.002
meduza 0.004 0.0 0.0
авторстве 0.001 2.0 0.002
территориальных 0.001 2.0 0.002
разговоре 0.002 1.097 0.002
одна 0.001 0.42 0.0
новым 0.001 0.796 0.001
движения 0.003 1.155 0.003
погиб 0.001 1.398 0.001
триколоре 0.001 2.0 0.002
форум 0.001 2.0 0.002
самодержавного 0.001 2.0 0.002
флаг 0.023 1.301 0.03
герой 0.001 1.699 0.002
рассвет 0.002 1.398 0.003
год 0.002 0.409 0.001
эмодзи 0.001 2.0 0.002
печатать 0.001 1.699 0.002
свободной 0.001 1.699 0.002
малейшего 0.001 2.0 0.002
кай 0.012 2.0 0.024
общество 0.001 0.886 0.001
символы 0.002 1.699 0.003
держат 0.001 1.523 0.002
российским 0.002 0.092 0.0
идее 0.001 1.398 0.001
невозможно 0.001 0.602 0.001
надежды 0.001 1.398 0.001
цензуре 0.001 1.523 0.002
обсуждается 0.001 1.523 0.002
украине 0.001 0.444 0.0
реклама 0.002 0.066 0.0
однако 0.001 0.337 0.0
делать 0.001 0.276 0.0
интересах 0.002 0.167 0.0
начала 0.001 0.398 0.0
появился 0.003 0.921 0.003
сообщение 0.001 0.102 0.0
важная 0.001 1.155 0.001
сделать 0.001 0.357 0.0
