существуют 0.001 1.222 0.001
заболели 0.001 1.0 0.001
редакции 0.002 0.066 0.0
эпидемиологических 0.001 1.301 0.001
заболею 0.001 2.0 0.002
позволяющий 0.001 1.699 0.002
противников 0.002 1.301 0.003
умеет 0.001 1.155 0.001
прививок 0.001 0.824 0.001
баннерам 0.001 0.066 0.0
казани 0.001 1.523 0.002
значит 0.002 0.444 0.001
россии 0.008 0.119 0.001
действительно 0.001 0.377 0.0
установили 0.001 0.959 0.001
считают 0.001 0.721 0.001
читать 0.001 0.854 0.001
нейтрализовать 0.001 1.398 0.001
боятся 0.002 1.0 0.002
гифки 0.001 0.066 0.0
амантонио 0.001 1.699 0.002
людей 0.001 0.161 0.0
прививках 0.001 1.155 0.001
эмоционально 0.001 1.046 0.001
омикрона 0.002 0.921 0.002
остаться 0.001 1.097 0.001
ковиде 0.002 1.155 0.002
ошиблись 0.001 1.398 0.001
смысла 0.001 0.699 0.001
тщательностьюони 0.001 2.0 0.002
in 0.001 0.0 0.0
объявлена 0.001 1.699 0.002
бывают 0.001 1.155 0.001
европе 0.003 0.658 0.002
школьники 0.001 2.0 0.002
сделана 0.001 1.097 0.001
ресурса 0.001 1.523 0.002
локдаун 0.001 1.398 0.001
родителям 0.001 1.398 0.001
минздрав 0.002 0.824 0.002
ездить 0.001 1.301 0.001
правда 0.004 0.509 0.002
который 0.001 0.194 0.0
риск 0.002 0.538 0.001
ввели 0.001 1.0 0.001
инициатив 0.001 1.699 0.002
прививались 0.001 1.398 0.001
забыть 0.001 1.301 0.001
анонимно 0.001 0.066 0.0
впечатляющую 0.001 1.398 0.001
лечениюразбираемся 0.001 2.0 0.002
заболевших 0.001 0.824 0.001
просто 0.001 0.194 0.0
короткую 0.001 1.398 0.001
чаще 0.001 0.602 0.001
прививку 0.004 0.77 0.003
эпиваккороной 0.001 1.222 0.001
тромбы 0.001 1.398 0.001
обрушит 0.001 1.699 0.002
карта 0.006 1.155 0.007
распространение 0.001 0.854 0.001
мир 0.002 0.553 0.001
вышло 0.001 1.155 0.001
вакцинированных 0.001 0.678 0.001
рейтинг 0.001 1.0 0.001
справиться 0.001 1.222 0.001
хороших 0.001 1.398 0.001
новостей 0.001 0.886 0.001
труднее 0.001 0.721 0.001
выборы 0.001 1.398 0.001
последними 0.001 1.523 0.002
куки 0.001 0.066 0.0
минут 0.001 0.854 0.001
скрывать 0.001 1.699 0.002
недавно 0.001 0.62 0.001
катастрофической 0.001 1.699 0.002
ноября 0.001 0.745 0.001
учебу 0.001 2.0 0.002
кругом 0.001 1.523 0.002
словом 0.001 1.301 0.001
вакцину 0.001 0.824 0.001
использование 0.001 0.066 0.0
перезапустить 0.001 1.699 0.002
смертность 0.001 1.301 0.001
кажется 0.002 0.469 0.001
порядку 0.001 0.066 0.0
дальше 0.001 0.523 0.001
карточек 0.014 0.62 0.009
малыша 0.001 1.398 0.001
поражению 0.001 1.523 0.002
удавалось 0.001 1.155 0.001
ученые 0.003 0.678 0.002
эффективную 0.001 1.523 0.002
года 0.007 0.167 0.001
подписчиков 0.001 1.398 0.001
ершов 0.001 0.796 0.001
остановить 0.001 0.638 0.001
en 0.001 0.066 0.0
эффективностью 0.001 0.921 0.001
ученых 0.001 1.046 0.001
посмотрите 0.001 1.0 0.001
работает 0.001 0.367 0.0
эпиваккорона 0.001 1.046 0.001
необходимо 0.001 0.585 0.001
раскрыли 0.001 1.398 0.001
хуже 0.002 0.699 0.001
расследование 0.001 1.301 0.001
компьютерную 0.001 1.398 0.001
медицинской 0.002 0.921 0.002
одним 0.001 0.569 0.001
личность 0.001 1.398 0.001
человекпо 0.001 2.0 0.002
начали 0.001 0.481 0.0
самый 0.001 0.721 0.001
убедительны 0.001 1.699 0.002
вакцине 0.001 0.886 0.001
верили 0.001 1.699 0.002
немногофактчек 0.001 1.699 0.002
устроено 0.001 1.0 0.001
насколько 0.003 0.42 0.001
ios 0.001 0.066 0.0
руки 0.001 0.921 0.001
слушают 0.001 1.398 0.001
избыточная 0.001 1.523 0.002
дельтакрон 0.001 1.398 0.001
опасно 0.001 0.921 0.001
важны 0.001 1.222 0.001
темпах 0.001 1.523 0.002
российской 0.001 0.432 0.0
встречаются 0.001 1.398 0.001
надолго 0.001 1.222 0.001
причина 0.001 0.959 0.001
вируса 0.002 0.721 0.001
разливаем 0.001 1.699 0.002
ухаживать 0.001 1.523 0.002
справлялся 0.001 1.699 0.002
мамы 0.001 1.097 0.001
могут 0.002 0.187 0.0
отчуждение 0.001 1.699 0.002
получил 0.001 0.959 0.001
рекомендации 0.001 0.824 0.001
коронавирусоммолнупиравир 0.001 1.699 0.002
qr-кодов 0.001 1.301 0.001
медузы 0.006 0.268 0.002
раза 0.001 0.602 0.001
призвал 0.001 1.155 0.001
чехии 0.001 2.0 0.002
прогноз 0.001 1.301 0.001
автобусах 0.001 1.699 0.002
коронавирус 0.002 0.854 0.002
коронавируса 0.004 0.509 0.002
турция 0.001 1.699 0.002
заболеваемость 0.001 1.046 0.001
гана 0.001 1.699 0.002
переживает 0.001 1.097 0.001
которой 0.002 0.377 0.001
столь 0.001 1.046 0.001
попали 0.001 0.886 0.001
сих 0.001 0.481 0.0
вообще 0.003 0.066 0.0
оказались 0.001 0.886 0.001
имбецилами 0.001 1.398 0.001
подделывают 0.001 2.0 0.002
истории 0.012 0.337 0.004
грубо 0.001 1.046 0.001
университета 0.001 0.959 0.001
отличается 0.001 0.886 0.001
пошло 0.001 1.155 0.001
извините 0.001 1.0 0.001
поменьше 0.001 1.699 0.002
слишком 0.002 0.553 0.001
неужели 0.001 1.155 0.001
qr-кодами 0.001 1.699 0.002
мешает 0.001 1.222 0.001
свободно 0.001 1.301 0.001
тысячам 0.001 1.699 0.002
разочаровывать 0.001 2.0 0.002
пустышка 0.001 1.301 0.001
вирусом 0.001 0.921 0.001
распространениясколько 0.001 1.699 0.002
нашли 0.001 0.066 0.0
связи 0.001 0.0 0.0
какие 0.001 0.569 0.001
понятнее 0.001 1.155 0.001
аллергии 0.001 1.222 0.001
назначения 0.001 1.097 0.001
подводили 0.001 2.0 0.002
медуза 0.004 0.066 0.0
израиля 0.001 1.222 0.001
антиковидные 0.001 1.398 0.001
covax 0.001 2.0 0.002
дельты 0.001 1.097 0.001
месяцев 0.009 0.602 0.005
нормальная 0.001 1.398 0.001
согласно 0.001 0.745 0.001
инструкция 0.001 0.796 0.001
последние 0.001 0.456 0.0
поводы 0.001 1.398 0.001
вирусу 0.001 1.046 0.001
этому 0.001 0.432 0.0
таблица 0.003 1.222 0.004
мало 0.001 0.538 0.001
репостнул 0.001 2.0 0.002
стало 0.001 0.481 0.0
инфекция 0.001 1.0 0.001
опасны 0.002 1.398 0.003
всплеск 0.001 1.398 0.001
тест 0.001 1.222 0.001
материалам 0.001 0.066 0.0
видео 0.001 0.678 0.001
иностранной 0.001 1.523 0.002
баню 0.001 1.699 0.002
число 0.002 0.658 0.001
низких 0.001 1.523 0.002
возникновения 0.001 1.046 0.001
ограничения 0.001 0.745 0.001
семь 0.001 0.796 0.001
covid-19 0.001 0.77 0.001
надежные 0.001 1.046 0.001
стали 0.001 0.42 0.0
путь 0.001 0.886 0.001
обязательная 0.001 1.699 0.002
иностранным 0.001 0.097 0.0
красивая 0.001 2.0 0.002
показателю 0.001 1.699 0.002
получится 0.001 1.222 0.001
нужно 0.004 0.237 0.001
главный 0.001 0.638 0.001
началась 0.001 0.678 0.001
должна 0.002 0.538 0.001
коронавирусом 0.001 0.699 0.001
маска 0.001 1.398 0.001
сдавать 0.001 1.699 0.002
которое 0.001 0.337 0.0
что-то 0.001 0.569 0.001
вакцинам 0.001 0.959 0.001
сертификат 0.001 1.155 0.001
ctrl+enter 0.001 0.066 0.0
февраля 0.001 0.387 0.0
безопасно 0.001 0.066 0.0
винят 0.001 1.699 0.002
новостиисторииразборшапитокоронавирусмагаз 0.001 0.066 0.0
гнида 0.001 2.0 0.002
рано 0.001 0.921 0.001
административного 0.001 1.523 0.002
транспорте 0.001 1.398 0.001
youtube 0.001 0.06 0.0
всей 0.001 0.699 0.001
туристам 0.001 2.0 0.002
тесты 0.001 1.301 0.001
поездок 0.001 1.398 0.001
лабораторная 0.001 1.398 0.001
распределения 0.001 1.523 0.002
которая 0.001 0.301 0.0
населения 0.001 0.658 0.001
развивается 0.001 1.523 0.002
зрения 0.001 0.602 0.001
вижу 0.001 0.745 0.001
ковидакак 0.001 2.0 0.002
отвечаем 0.001 1.155 0.001
какими 0.001 1.398 0.001
антител 0.001 0.854 0.001
идея 0.001 1.155 0.001
многие 0.004 0.284 0.001
переболел 0.001 1.301 0.001
хочется 0.001 0.921 0.001
ошибку 0.001 0.066 0.0
июня 0.001 0.854 0.001
первых 0.001 0.959 0.001
происходило 0.001 1.155 0.001
сами 0.001 0.538 0.001
правильно 0.001 0.824 0.001
лет 0.001 0.252 0.0
лекарство 0.001 1.155 0.001
распространения 0.002 0.678 0.001
приводит 0.001 0.824 0.001
западную 0.001 1.398 0.001
говорят 0.001 0.432 0.0
прививки 0.004 0.638 0.003
случаеврассказываем 0.001 1.699 0.002
компании 0.001 0.523 0.001
абсолютно 0.001 0.721 0.001
проблемы 0.001 0.62 0.001
месяц 0.005 0.745 0.004
вопрос 0.001 0.42 0.0
заразилась 0.001 2.0 0.002
спутника 0.002 0.796 0.002
побочек 0.001 1.398 0.001
способе 0.001 2.0 0.002
дельтыпохоже 0.001 1.699 0.002
мухлеж 0.001 1.523 0.002
подавлением 0.001 1.699 0.002
данные 0.005 0.066 0.0
составляет 0.001 0.921 0.001
дают 0.002 0.721 0.001
добиться 0.001 1.222 0.001
противопоказания 0.001 1.155 0.001
научный 0.001 0.959 0.001
ходить 0.001 1.222 0.001
канала 0.001 0.959 0.001
разбор 0.035 0.387 0.014
график 0.001 1.699 0.002
мире 0.002 0.553 0.001
деле 0.001 0.553 0.001
лекарствах 0.001 1.523 0.002
беспокойства 0.001 1.398 0.001
общественном 0.001 1.523 0.002
нажмите 0.001 0.066 0.0
кожу 0.001 1.699 0.002
случаев 0.001 0.658 0.001
рассказываем 0.001 0.886 0.001
производителю 0.001 1.301 0.001
стран 0.002 0.469 0.001
словами 0.001 0.824 0.001
сотнями 0.001 1.523 0.002
подкасты 0.003 1.398 0.004
важные 0.001 0.854 0.001
rt 0.001 0.824 0.001
идет 0.001 0.367 0.0
продолжает 0.001 0.658 0.001
других 0.001 0.26 0.0
западе 0.002 0.959 0.002
беременности 0.001 1.222 0.001
регистрация 0.001 1.222 0.001
новых 0.003 0.678 0.002
александр 0.001 0.538 0.001
деанонимизироваликажется 0.001 2.0 0.002
человек 0.002 0.215 0.0
госпитализации 0.001 0.886 0.001
материал 0.001 0.086 0.0
поздно 0.001 1.301 0.001
главные 0.001 0.921 0.001
месяца 0.024 0.745 0.018
приятный 0.001 1.699 0.002
– 0.001 0.06 0.0
госпитализациикогда 0.001 2.0 0.002
вакцинироваться 0.001 1.0 0.001
жителей 0.001 0.569 0.001
время 0.003 0.102 0.0
расскажем 0.001 1.699 0.002
ковида 0.012 0.444 0.005
нами 0.001 0.066 0.0
метросотни 0.001 2.0 0.002
ура 0.001 1.097 0.001
хотят 0.003 0.745 0.002
китай 0.001 1.046 0.001
ту 0.001 0.921 0.001
новые 0.001 0.602 0.001
работают 0.001 0.553 0.001
вирус 0.001 0.678 0.001
ошибка 0.001 1.301 0.001
мутации 0.001 1.222 0.001
клеточном 0.001 1.301 0.001
рекламаmeduza 0.001 0.066 0.0
некачественные 0.001 1.523 0.002
придем 0.001 1.222 0.001
мочить 0.001 1.523 0.002
намеренно 0.001 1.222 0.001
умерла 0.001 1.097 0.001
выше 0.001 0.509 0.001
вероятность 0.001 0.721 0.001
пытается 0.001 0.921 0.001
тысяч 0.001 0.337 0.0
постоянно 0.001 0.62 0.001
заболеть 0.001 0.921 0.001
выяснила 0.001 1.097 0.001
высадили 0.001 2.0 0.002
ампутировать 0.001 1.523 0.002
снимают 0.001 1.301 0.001
найдено 0.001 1.398 0.001
канал 0.001 1.097 0.001
казалось 0.001 0.886 0.001
касается 0.001 0.602 0.001
высокая 0.001 1.046 0.001
певица 0.001 2.0 0.002
быстро 0.001 0.495 0.0
дети 0.001 0.721 0.001
омикрон 0.002 1.046 0.002
назад 0.054 0.18 0.01
снова 0.001 0.678 0.001
противник 0.001 1.699 0.002
агрессивно 0.001 1.398 0.001
укола 0.001 1.155 0.001
перейти 0.001 0.066 0.0
поддержать 0.001 0.066 0.0
больших 0.001 1.097 0.001
президента 0.001 0.745 0.001
прививать 0.002 1.0 0.002
найдут 0.001 2.0 0.002
зараженных 0.001 1.046 0.001
кодекс 0.001 0.066 0.0
газировкивирусные 0.001 2.0 0.002
разбираем 0.001 1.097 0.001
проходить 0.001 1.155 0.001
ковид 0.002 0.796 0.002
четко 0.001 1.0 0.001
мягче 0.001 1.301 0.001
кампанию 0.001 1.222 0.001
признания 0.001 1.398 0.001
объединились 0.001 1.699 0.002
люди 0.001 0.276 0.0
непобедимыми 0.001 1.699 0.002
какой-то 0.001 0.538 0.001
подготовиться 0.001 1.155 0.001
пропагандирует 0.001 1.301 0.001
ан-тро-по… 0.001 1.699 0.002
апреля 0.001 1.097 0.001
коротко 0.002 0.824 0.002
расскажет 0.001 1.301 0.001
пор 0.001 0.387 0.0
правила 0.001 0.066 0.0
температура 0.001 1.0 0.001
антитела 0.001 0.959 0.001
вакцинации 0.007 0.553 0.004
аргумента 0.001 1.523 0.002
вконтакте 0.001 0.066 0.0
независимых 0.001 1.046 0.001
вживили 0.001 2.0 0.002
live 0.001 0.022 0.0
решили 0.001 0.658 0.001
жертв 0.001 1.097 0.001
pfizer 0.002 0.886 0.002
болеть 0.001 1.398 0.001
низкая 0.001 1.301 0.001
часто 0.003 0.456 0.001
лекарства 0.001 0.854 0.001
швеции 0.001 1.699 0.002
детей 0.001 0.523 0.001
антропософов 0.001 1.699 0.002
запахи 0.001 1.699 0.002
торопитесь 0.001 2.0 0.002
блог 0.001 0.066 0.0
инстаграм 0.001 0.066 0.0
© 0.001 0.0 0.0
вопросы 0.002 0.481 0.001
выделите 0.001 0.066 0.0
европейского 0.001 1.155 0.001
власти 0.003 0.387 0.001
показатели 0.001 1.0 0.001
подростков 0.001 1.398 0.001
ситуация 0.001 0.569 0.001
тела 0.001 1.0 0.001
ею 0.001 1.0 0.001
обновляется 0.001 1.523 0.002
омикроном 0.001 1.155 0.001
коронавирусу 0.003 1.097 0.003
посоветовал 0.001 1.523 0.002
meduzacare 0.001 0.066 0.0
полицию 0.001 1.523 0.002
тревогу 0.001 1.301 0.001
против 0.003 0.229 0.001
плакат 0.001 1.523 0.002
уменьшает 0.001 1.398 0.001
тканевая 0.001 1.699 0.002
европу 0.001 1.155 0.001
прививокда 0.001 1.699 0.002
кнопка 0.001 0.066 0.0
шести 0.001 1.0 0.001
хотя 0.003 0.276 0.001
чипы 0.002 2.0 0.004
заниматься 0.001 0.886 0.001
нужны 0.001 0.745 0.001
эффективность 0.002 0.569 0.001
гриппа 0.003 1.046 0.003
отозванадва 0.001 1.699 0.002
вечерняя 0.001 0.066 0.0
это 0.015 0.066 0.001
которому 0.001 1.0 0.001
вакцин 0.002 0.62 0.001
другие 0.001 0.268 0.0
пандемии 0.004 0.658 0.003
поддержки 0.001 0.066 0.0
редактор 0.001 1.0 0.001
фальсификаций 0.001 2.0 0.002
омикронвероятно 0.001 2.0 0.002
историю 0.001 0.721 0.001
спутник 0.002 0.721 0.001
эффективно 0.001 1.046 0.001
итоги 0.001 1.301 0.001
называют 0.001 0.699 0.001
исчерпывающий 0.002 1.301 0.003
агитировать 0.001 2.0 0.002
стал 0.001 0.658 0.001
точку 0.001 1.097 0.001
данными 0.001 0.959 0.001
v 0.003 0.699 0.002
снижает 0.001 1.046 0.001
ответ 0.002 0.602 0.001
дельта 0.001 0.854 0.001
прививаться 0.004 0.921 0.004
наоборот 0.001 0.824 0.001
эпидемия 0.002 1.301 0.003
опередили 0.001 2.0 0.002
меняются 0.001 1.301 0.001
запреты 0.001 1.523 0.002
вакциной 0.001 0.886 0.001
исследование 0.002 0.658 0.001
отрицательную 0.001 1.398 0.001
тромбозов 0.001 1.398 0.001
некоторые 0.001 0.469 0.0
android 0.001 0.066 0.0
рупором 0.001 1.301 0.001
english 0.001 0.06 0.0
новости 0.008 0.481 0.004
путина 0.001 0.721 0.001
будущего 0.001 1.097 0.001
начался 0.001 0.921 0.001
беременность 0.001 1.222 0.001
математику 0.001 1.398 0.001
нужна 0.002 0.092 0.0
подтвержденных 0.001 1.699 0.002
вакцинация 0.001 0.699 0.001
рекорды 0.001 1.523 0.002
задала 0.001 1.398 0.001
пассажиров 0.001 2.0 0.002
прививайся 0.001 1.699 0.002
ногу 0.001 1.301 0.001
советуем 0.001 1.301 0.001
штаб 0.001 1.301 0.001
близких 0.001 1.222 0.001
бороться 0.001 1.155 0.001
продолжается 0.001 1.0 0.001
всем 0.002 0.252 0.001
меры 0.001 0.854 0.001
многое 0.001 1.301 0.001
разработчику 0.001 1.222 0.001
оно 0.001 0.444 0.0
требования 0.001 0.066 0.0
связаться 0.001 0.066 0.0
самом 0.001 0.481 0.0
семейная 0.001 1.523 0.002
томографию 0.001 1.398 0.001
живых 0.001 1.523 0.002
разрешила 0.001 2.0 0.002
варианта 0.001 0.745 0.001
гораздо 0.001 0.699 0.001
колу 0.001 1.699 0.002
ковидом 0.004 0.658 0.003
важно 0.001 0.509 0.001
паксловид 0.001 1.699 0.002
выводычем 0.001 1.523 0.002
появиться 0.001 1.097 0.001
тысяче 0.001 1.301 0.001
чувствуют 0.001 1.301 0.001
бежать 0.001 0.959 0.001
борются 0.001 1.046 0.001
почему 0.003 0.337 0.001
сделала 0.001 1.222 0.001
тромбоза 0.001 1.523 0.002
привиться 0.001 0.796 0.001
ними 0.001 0.585 0.001
медузе 0.002 0.066 0.0
пикапочти 0.001 2.0 0.002
спрашивали 0.001 1.222 0.001
кремль 0.001 1.155 0.001
везде 0.001 1.046 0.001
школьную 0.001 1.699 0.002
facebook 0.001 0.0 0.0
собирается 0.001 0.921 0.001
медузу 0.001 0.066 0.0
мыть 0.001 1.222 0.001
обработки 0.001 0.066 0.0
этим 0.001 0.337 0.0
знаменитый 0.001 1.699 0.002
россия 0.003 0.398 0.001
сутки 0.001 1.0 0.001
задают 0.001 1.523 0.002
китайских 0.001 1.523 0.002
массовой 0.001 0.097 0.0
австрии 0.001 1.301 0.001
спортом 0.001 1.523 0.002
точки 0.001 0.638 0.001
бьет 0.001 1.523 0.002
помощью 0.002 0.538 0.001
главная 0.001 0.796 0.001
похоже 0.001 0.886 0.001
миллиона 0.001 0.77 0.001
такие 0.001 0.444 0.0
вакцинированысейчас 0.001 1.699 0.002
отрицателей 0.001 1.398 0.001
спасибоgiphyза 0.001 0.066 0.0
показывать 0.001 0.066 0.0
документах 0.001 1.222 0.001
пара 0.001 1.301 0.001
обновляемый 0.001 1.523 0.002
twitter 0.001 0.0 0.0
раньше 0.001 0.432 0.0
достигла 0.002 1.523 0.003
вредная 0.001 1.398 0.001
минуты 0.002 1.097 0.002
горка 0.001 2.0 0.002
означает 0.001 0.62 0.001
победить 0.001 1.301 0.001
бьют 0.001 1.398 0.001
платформы 0.002 0.066 0.0
болеют 0.001 1.222 0.001
зато 0.001 0.886 0.001
миру 0.003 0.796 0.002
путеводитель 0.001 1.523 0.002
родных 0.001 1.222 0.001
исследования 0.001 0.481 0.0
разбираемся 0.001 1.301 0.001
легких 0.001 1.046 0.001
закончится 0.001 1.097 0.001
вакцины 0.005 0.585 0.003
причину 0.001 1.222 0.001
персональные 0.001 0.066 0.0
очень 0.003 0.149 0.0
место 0.001 0.678 0.001
которые 0.001 0.119 0.0
2022-й 0.001 2.0 0.002
врача 0.001 1.097 0.001
meduza 0.002 0.0 0.0
кого 0.001 0.509 0.001
баварии 0.001 1.699 0.002
обнаружение 0.001 1.222 0.001
уровне 0.001 0.638 0.001
появилось 0.001 0.854 0.001
программу 0.001 1.155 0.001
ведущие 0.001 1.097 0.001
qr-коды 0.001 1.523 0.002
равномерного 0.001 2.0 0.002
год 0.012 0.409 0.005
зарегистрировали 0.001 1.097 0.001
размножаться 0.001 1.222 0.001
позволяют 0.001 0.886 0.001
одной 0.001 0.398 0.0
сочетающего 0.001 1.398 0.001
спойлер 0.002 0.796 0.002
вакцинацию 0.002 0.824 0.002
вещество 0.001 1.398 0.001
заранее 0.001 0.959 0.001
прогулять 0.001 2.0 0.002
однако 0.001 0.337 0.0
делать 0.01 0.276 0.003
оказаться 0.001 0.796 0.001
из-за 0.003 0.229 0.001
реклама 0.002 0.066 0.0
подмосковный 0.001 2.0 0.002
возникают 0.001 1.222 0.001
привились 0.001 1.699 0.002
сша 0.001 0.469 0.0
появился 0.001 0.921 0.001
остановках 0.001 2.0 0.002
олимпиада…с 0.001 2.0 0.002
2021-м 0.001 1.523 0.002
сделать 0.004 0.357 0.001
