влияет 0.001 1.155 0.001
описывали 0.001 1.699 0.002
российские 0.002 0.328 0.001
редакции 0.002 0.066 0.0
нагрузке 0.001 1.699 0.002
независимого 0.001 1.046 0.001
помещении 0.001 0.959 0.001
игоря 0.001 1.523 0.002
ждать 0.002 0.745 0.001
баннерам 0.001 0.066 0.0
россии 0.006 0.119 0.001
действительно 0.004 0.377 0.002
поменялась 0.001 1.523 0.002
оттенок 0.001 1.699 0.002
излучением 0.001 2.0 0.002
важности 0.001 1.398 0.001
усмотрение 0.001 1.523 0.002
считают 0.002 0.721 0.001
помогает 0.001 0.77 0.001
госпитализируют 0.001 1.699 0.002
гидроксихлорохин 0.001 2.0 0.002
гифки 0.001 0.066 0.0
инфекции 0.005 0.77 0.004
зависит 0.001 0.638 0.001
бактериальной 0.001 1.699 0.002
агента 0.002 0.097 0.0
говорит 0.002 0.409 0.001
кроме 0.003 0.387 0.001
рекомендует 0.001 0.886 0.001
ковиде 0.004 1.155 0.005
учетом 0.001 0.921 0.001
приготовьтесь 0.001 2.0 0.002
присланных 0.001 2.0 0.002
диагностики 0.002 1.699 0.003
in 0.001 0.0 0.0
нужды 0.001 1.523 0.002
крайне 0.001 0.721 0.001
проводят 0.002 1.0 0.002
процедурами 0.001 1.699 0.002
опубликовали 0.001 1.222 0.001
радиация 0.001 2.0 0.002
медицинское 0.001 1.222 0.001
непроходящая 0.001 1.699 0.002
эффективности 0.001 0.678 0.001
таких 0.001 0.347 0.0
рентгенографии 0.001 2.0 0.002
каких 0.001 0.854 0.001
различных 0.001 1.301 0.001
минздрав 0.001 0.824 0.001
томография 0.002 1.699 0.003
правда 0.002 0.509 0.001
консультацию 0.001 1.699 0.002
анонимно 0.001 0.066 0.0
потенциально 0.001 1.046 0.001
терапию 0.001 1.398 0.001
вызвать 0.003 1.155 0.003
видимо 0.001 0.824 0.001
просто 0.001 0.194 0.0
ваша 0.002 0.102 0.0
по-хорошему 0.002 1.699 0.003
чаще 0.001 0.602 0.001
вызывать 0.001 0.921 0.001
очереди 0.001 1.046 0.001
лечение 0.002 1.097 0.002
российское 0.001 0.921 0.001
высоким 0.001 1.046 0.001
заболевания 0.002 0.62 0.001
наличии 0.001 1.155 0.001
читателейнам 0.001 0.174 0.0
куки 0.001 0.066 0.0
используют 0.002 0.921 0.002
заболевание 0.002 0.854 0.002
недавно 0.001 0.62 0.001
нежелательные 0.001 1.155 0.001
позиция 0.001 1.0 0.001
использование 0.001 0.066 0.0
справляться 0.001 2.0 0.002
рентгенологов 0.001 2.0 0.002
секундомер 0.001 2.0 0.002
появились 0.001 0.854 0.001
порядку 0.001 0.066 0.0
карточек 0.001 0.62 0.001
которую 0.001 0.469 0.0
года 0.002 0.167 0.0
фотографии 0.001 0.638 0.001
en 0.001 0.066 0.0
назначить 0.001 1.699 0.002
необходимо 0.001 0.585 0.001
хуже 0.001 0.699 0.001
проводить 0.001 0.824 0.001
скорая 0.001 1.699 0.002
компьютерную 0.003 1.398 0.004
убедительные 0.001 1.699 0.002
большей 0.001 1.046 0.001
сидеть 0.001 1.097 0.001
пациентов 0.005 0.796 0.004
симптоматическое 0.001 2.0 0.002
сожалению 0.002 0.569 0.001
предлагает 0.001 0.959 0.001
ожидание 0.001 1.699 0.002
распространено 0.001 0.102 0.0
другом 0.001 0.721 0.001
ios 0.001 0.066 0.0
октября 0.002 1.0 0.002
человека 0.007 0.328 0.002
отмечается 0.001 1.699 0.002
практика 0.001 1.398 0.001
несколько 0.001 0.201 0.0
изучается 0.001 2.0 0.002
способны 0.001 1.301 0.001
аппарат 0.001 1.222 0.001
эффективные 0.001 1.523 0.002
сознания 0.001 1.301 0.001
достаточное 0.001 1.523 0.002
предлагаете 0.002 2.0 0.004
cc 0.001 1.046 0.001
подтвердить 0.001 1.097 0.001
правильным 0.001 2.0 0.002
могут 0.003 0.187 0.001
доказанной 0.001 1.699 0.002
пцр 0.001 1.523 0.002
антибиотики 0.003 1.699 0.005
доказательная 0.001 2.0 0.002
медузы 0.002 0.268 0.001
полностью 0.001 0.538 0.001
призвал 0.002 1.155 0.002
прогноз 0.001 1.301 0.001
этих 0.001 0.337 0.0
коронавирус 0.002 0.854 0.002
коронавируса 0.002 0.509 0.001
долго 0.001 0.745 0.001
ионизирующим 0.001 2.0 0.002
карточки 0.001 1.155 0.001
нашем 0.001 0.959 0.001
которой 0.001 0.377 0.0
везет 0.001 1.398 0.001
столь 0.001 1.046 0.001
близкие 0.001 1.097 0.001
вообще 0.006 0.066 0.0
добивались 0.001 2.0 0.002
состояние 0.001 0.921 0.001
изменяется 0.001 1.523 0.002
лишь 0.001 0.481 0.0
оказывают 0.001 1.523 0.002
срочная 0.001 1.699 0.002
симптомами 0.002 1.523 0.003
реакции 0.001 0.854 0.001
тактика 0.001 2.0 0.002
момент 0.002 0.481 0.001
болезнь 0.001 1.155 0.001
реальности 0.001 0.921 0.001
понимать 0.001 0.886 0.001
слишком 0.002 0.553 0.001
протекать 0.001 2.0 0.002
телефону 0.001 1.155 0.001
своем 0.001 0.745 0.001
подозрение 0.001 1.398 0.001
появилась 0.001 0.886 0.001
нашли 0.001 0.066 0.0
связи 0.001 0.0 0.0
критикуют 0.001 1.699 0.002
назначения 0.002 1.097 0.002
медуза 0.003 0.066 0.0
нормальная 0.001 1.398 0.001
нам 0.001 0.086 0.0
сообщество 0.001 1.398 0.001
помочь 0.001 0.131 0.0
всемирная 0.001 1.046 0.001
заказывать 0.001 2.0 0.002
легкое 0.001 1.222 0.001
самостоятельно 0.001 1.097 0.001
минуту 0.001 1.398 0.001
одышки 0.001 2.0 0.002
говорили 0.001 0.796 0.001
воздух 0.001 1.523 0.002
направлены 0.001 1.222 0.001
редкость 0.001 1.523 0.002
такую 0.001 0.824 0.001
by 0.001 0.658 0.001
инфекция 0.001 1.0 0.001
госпитализировали 0.001 2.0 0.002
юридическим 0.001 0.102 0.0
заболеванием 0.001 1.155 0.001
тест 0.002 1.222 0.002
материалам 0.001 0.066 0.0
уровнем 0.001 1.046 0.001
срочно 0.001 0.167 0.0
вдоха 0.001 1.699 0.002
говорится 0.001 0.824 0.001
защитить 0.001 1.0 0.001
хотим 0.002 0.921 0.002
меньше 0.001 0.444 0.0
необходима 0.001 1.398 0.001
свете 0.001 1.523 0.002
факторов 0.002 1.097 0.002
лицо 0.001 1.301 0.001
врачебных 0.001 2.0 0.002
иностранным 0.001 0.097 0.0
одышку 0.001 2.0 0.002
отличить 0.001 1.222 0.001
томограмме 0.001 1.699 0.002
пневмонию 0.002 2.0 0.004
нужно 0.01 0.237 0.002
организации 0.002 0.658 0.001
commons 0.001 1.0 0.001
например 0.004 0.229 0.001
пропустить 0.002 1.699 0.003
мнения 0.001 1.222 0.001
кстати 0.001 0.886 0.001
течения 0.001 0.921 0.001
указано 0.001 1.0 0.001
своих 0.001 0.398 0.0
должна 0.001 0.538 0.001
необходимости 0.001 0.854 0.001
коронавирусом 0.002 0.699 0.001
становится 0.001 0.721 0.001
решение 0.002 0.509 0.001
вирусной 0.002 1.523 0.003
которое 0.001 0.337 0.0
материале 0.001 1.155 0.001
что-то 0.002 0.569 0.001
ctrl+enter 0.001 0.066 0.0
мнению 0.001 0.638 0.001
мая 0.001 1.155 0.001
вдохах 0.001 1.699 0.002
безопасно 0.001 0.066 0.0
новостиисторииразборшапитокоронавирусмагаз 0.001 0.066 0.0
скорую 0.003 1.398 0.004
вероятно 0.001 0.699 0.001
youtube 0.001 0.06 0.0
должны 0.003 0.432 0.001
создано 0.001 0.097 0.0
купить 0.001 0.886 0.001
врачи 0.005 0.886 0.004
здравоохранения 0.001 0.658 0.001
рекомендациях 0.005 1.0 0.005
поддержите 0.001 0.102 0.0
во-вторых 0.001 0.854 0.001
пневмония 0.002 1.523 0.003
случилось 0.002 0.658 0.001
обоснованным 0.001 1.699 0.002
множества 0.001 1.699 0.002
губы 0.001 1.398 0.001
прогрессирования 0.001 2.0 0.002
груди 0.001 1.222 0.001
нередко 0.002 1.222 0.002
пациенты 0.002 1.301 0.003
отрицательный 0.001 1.699 0.002
поэтому 0.004 0.328 0.001
средством 0.001 0.102 0.0
выполняющим 0.002 0.097 0.0
соответствии 0.001 1.0 0.001
медицинские 0.001 0.796 0.001
эффективный 0.001 1.097 0.001
приборы 0.001 1.699 0.002
нос 0.001 1.398 0.001
ошибку 0.001 0.066 0.0
ничем 0.002 1.155 0.002
препарат 0.001 0.959 0.001
материалы 0.001 0.824 0.001
окружающих 0.001 1.699 0.002
диспетчер 0.001 1.699 0.002
распространения 0.001 0.678 0.001
используется 0.001 0.796 0.001
перегружены 0.001 2.0 0.002
впервые 0.001 0.824 0.001
лучевой 0.001 1.699 0.002
говорят 0.002 0.432 0.001
коронавирусной 0.004 1.301 0.005
обязательных 0.001 1.699 0.002
опасна 0.001 1.398 0.001
creative 0.001 0.921 0.001
стандартам 0.001 1.523 0.002
организовано 0.001 2.0 0.002
показаниях 0.001 2.0 0.002
умифеновир 0.001 1.699 0.002
данные 0.002 0.066 0.0
обновленном 0.001 2.0 0.002
бактериальная 0.001 2.0 0.002
синеватый 0.001 1.699 0.002
принимаются 0.001 1.523 0.002
ходить 0.001 1.222 0.001
рентгенография 0.001 2.0 0.002
отдельные 0.001 1.0 0.001
сообщениях 0.001 1.523 0.002
разбор 0.001 0.387 0.0
мире 0.003 0.553 0.002
больницу 0.003 1.097 0.003
контроль 0.001 1.0 0.001
лекарствах 0.001 1.523 0.002
нажмите 0.001 0.066 0.0
характерной 0.001 2.0 0.002
словами 0.001 0.824 0.001
ситуацию 0.001 0.796 0.001
некоторых 0.001 0.523 0.001
порядке 0.001 1.046 0.001
ухудшится 0.001 2.0 0.002
российских 0.002 0.337 0.001
числе 0.003 0.31 0.001
историях 0.001 2.0 0.002
значении 0.001 1.699 0.002
других 0.001 0.26 0.0
кислорода 0.001 2.0 0.002
иностранного 0.002 0.102 0.0
коронавирусную 0.001 1.699 0.002
подобных 0.001 1.0 0.001
человек 0.001 0.215 0.0
госпитализации 0.001 0.886 0.001
материал 0.002 0.086 0.0
симптомов 0.001 0.886 0.001
сообщества 0.001 1.097 0.001
исследований 0.001 0.585 0.001
дом 0.001 0.824 0.001
дыхания 0.001 1.523 0.002
тюрина 0.001 2.0 0.002
– 0.001 0.06 0.0
читатели 0.001 1.046 0.001
ковида 0.003 0.444 0.001
легкого 0.001 1.699 0.002
пациентам 0.002 1.301 0.003
результате 0.001 0.62 0.001
нами 0.001 0.066 0.0
противовирусные 0.001 1.523 0.002
узнать 0.001 0.959 0.001
тяжело 0.001 0.796 0.001
новые 0.001 0.602 0.001
транспортом 0.001 1.523 0.002
вероятностью 0.001 1.097 0.001
главного 0.001 1.155 0.001
рекламаmeduza 0.001 0.066 0.0
решить 0.001 1.097 0.001
боль 0.001 0.959 0.001
принимать 0.002 0.721 0.001
рекомендуется 0.001 1.046 0.001
лицом 0.001 0.102 0.0
принимается 0.001 1.155 0.001
вызванную 0.001 2.0 0.002
направления 0.001 1.398 0.001
функции 0.002 0.097 0.0
сложные 0.001 1.301 0.001
ремдесивир 0.001 1.523 0.002
используются 0.001 0.921 0.001
среди 0.001 0.42 0.0
решения 0.001 0.638 0.001
надеяться 0.001 1.097 0.001
надежно 0.001 1.222 0.001
высокая 0.001 1.046 0.001
симптомах 0.001 1.699 0.002
быстро 0.002 0.495 0.001
пишут 0.001 0.77 0.001
находящимся 0.001 1.699 0.002
проходили 0.001 1.097 0.001
другими 0.001 0.495 0.0
безопасности 0.001 0.481 0.0
развита 0.001 2.0 0.002
американских 0.001 1.046 0.001
течение 0.001 0.699 0.001
интерфероны 0.001 2.0 0.002
госпитализированных 0.003 1.398 0.004
перейти 0.001 0.066 0.0
поддержать 0.001 0.066 0.0
напомнить 0.002 1.097 0.002
ведомства 0.001 1.222 0.001
результатов 0.001 0.886 0.001
применяются 0.001 1.301 0.001
актуально 0.001 1.699 0.002
обнаружить 0.001 1.097 0.001
влияют 0.001 1.523 0.002
кодекс 0.001 0.066 0.0
перепечатать 0.001 1.097 0.001
проходить 0.003 1.155 0.003
хочу 0.003 0.137 0.0
также 0.004 0.237 0.001
уровня 0.001 0.959 0.001
воспаление 0.001 1.523 0.002
покупать 0.001 1.097 0.001
давление 0.001 1.0 0.001
пациент 0.001 1.699 0.002
приходится 0.002 0.886 0.002
сознании 0.001 1.398 0.001
вовремя 0.001 1.398 0.001
участии 0.001 0.959 0.001
кт 0.028 1.523 0.043
данное 0.001 0.097 0.0
влиять 0.002 1.155 0.002
воз 0.005 0.796 0.004
воспользуйтесь 0.001 1.523 0.002
доставляют 0.001 1.523 0.002
коротко 0.001 0.824 0.001
подробно 0.002 0.921 0.002
томографии 0.002 2.0 0.004
последних 0.001 1.0 0.001
пор 0.001 0.387 0.0
правила 0.001 0.066 0.0
недавнего 0.001 1.398 0.001
температура 0.001 1.0 0.001
мышление 0.001 1.523 0.002
сомнительной 0.001 2.0 0.002
кабинета 0.001 2.0 0.002
использовать 0.001 0.585 0.001
вконтакте 0.001 0.066 0.0
облучения 0.001 2.0 0.002
live 0.001 0.022 0.0
решили 0.002 0.658 0.001
рассказать 0.001 0.959 0.001
низкая 0.001 1.301 0.001
типов 0.001 1.523 0.002
госпитализированным 0.001 1.699 0.002
лицензии 0.001 1.0 0.001
часто 0.001 0.456 0.0
редакцию 0.001 1.301 0.001
лекарства 0.003 0.854 0.003
некоторым 0.001 1.222 0.001
блог 0.001 0.066 0.0
инстаграм 0.001 0.066 0.0
© 0.001 0.0 0.0
групп 0.001 0.77 0.001
равно 0.002 0.638 0.001
проблема 0.001 0.721 0.001
личным 0.001 1.699 0.002
выделите 0.001 0.066 0.0
разных 0.001 0.398 0.0
получить 0.004 0.553 0.002
показатели 0.001 1.0 0.001
данных 0.001 0.481 0.0
тела 0.001 1.0 0.001
закончить 0.001 1.398 0.001
врач 0.001 1.046 0.001
meduzacare 0.001 0.066 0.0
члены 0.001 1.155 0.001
думать 0.001 1.222 0.001
автоматически 0.001 1.222 0.001
ухудшить 0.001 2.0 0.002
сайте 0.001 0.886 0.001
против 0.001 0.229 0.0
частоты 0.001 1.222 0.001
результаты 0.002 0.62 0.001
метода 0.001 1.301 0.001
оценить 0.001 0.796 0.001
рекомендуют 0.002 0.796 0.002
саркисян 0.001 0.959 0.001
той 0.001 0.62 0.001
эгидой 0.001 1.523 0.002
кнопка 0.001 0.066 0.0
хотя 0.001 0.276 0.0
рассказывали 0.001 1.155 0.001
дарья 0.001 0.959 0.001
нужны 0.003 0.745 0.002
созданных 0.001 2.0 0.002
эффективность 0.001 0.569 0.001
радиации 0.001 1.699 0.002
риска 0.001 0.699 0.001
международным 0.001 1.301 0.001
во-первых 0.001 0.796 0.001
вечерняя 0.001 0.066 0.0
это 0.02 0.066 0.001
спутанность 0.001 1.398 0.001
госпитализировать 0.002 1.523 0.003
инструментальной 0.001 1.699 0.002
сильно 0.001 0.509 0.001
другое 0.001 0.886 0.001
назвать 0.002 0.959 0.002
риском 0.001 1.222 0.001
поддержки 0.001 0.066 0.0
оценивает 0.001 1.046 0.001
помощь 0.003 0.097 0.0
пользе 0.001 2.0 0.002
рецептурные 0.001 1.699 0.002
дело 0.002 0.509 0.001
проводили 0.001 1.0 0.001
российского 0.001 0.62 0.001
аптеку 0.001 1.523 0.002
последний 0.001 0.824 0.001
работаем 0.001 0.161 0.0
насыщения 0.001 2.0 0.002
двух 0.001 0.377 0.0
питье 0.001 2.0 0.002
такая 0.002 0.553 0.001
сказано 0.001 0.921 0.001
большинство 0.001 0.796 0.001
больнице 0.002 0.886 0.002
вирусами 0.001 1.699 0.002
новой 0.001 0.585 0.001
независимое 0.001 0.721 0.001
исследовании 0.001 0.824 0.001
остальные 0.001 0.854 0.001
котором 0.001 0.495 0.0
клиническом 0.001 1.222 0.001
исследование 0.001 0.658 0.001
некоторые 0.001 0.469 0.0
стерилизовать 0.001 2.0 0.002
24/7 0.001 0.102 0.0
организаций 0.002 1.046 0.002
android 0.001 0.066 0.0
english 0.001 0.06 0.0
обновить 0.001 2.0 0.002
научным 0.001 1.398 0.001
звонить 0.001 1.155 0.001
пограничных 0.001 1.699 0.002
прогрессировать 0.001 1.699 0.002
практику 0.001 1.699 0.002
американской 0.001 1.222 0.001
особенно 0.001 0.553 0.001
выиграть 0.001 2.0 0.002
поддержка 0.001 0.167 0.0
нужна 0.007 0.092 0.001
действовать 0.001 1.0 0.001
такого 0.001 0.509 0.001
проводиться 0.001 1.523 0.002
людям 0.001 0.678 0.001
принято 0.001 1.097 0.001
простой 0.001 1.097 0.001
заявление 0.002 0.886 0.002
картиной 0.001 2.0 0.002
можете 0.002 0.699 0.001
путешествие 0.001 1.699 0.002
лучевую 0.001 2.0 0.002
предлагают 0.001 1.046 0.001
случаях 0.003 0.658 0.002
врачей 0.001 0.745 0.001
имеют 0.002 0.678 0.001
всем 0.003 0.252 0.001
коллегии 0.001 2.0 0.002
дома 0.003 0.638 0.002
требования 0.001 0.066 0.0
связаться 0.001 0.066 0.0
времени 0.001 0.523 0.001
крови 0.002 0.959 0.002
томографию 0.003 1.398 0.004
подумайте 0.001 1.699 0.002
одышка 0.001 1.398 0.001
информации 0.001 0.102 0.0
лицензия 0.001 1.097 0.001
вполне 0.002 0.699 0.001
состояния 0.001 0.959 0.001
лечения 0.003 1.0 0.003
гораздо 0.001 0.699 0.001
лечат 0.002 1.523 0.003
тех 0.001 0.26 0.0
орви 0.002 1.301 0.003
покажет 0.001 1.699 0.002
медицинского 0.001 1.222 0.001
решает 0.001 1.398 0.001
радиологии 0.001 2.0 0.002
медицинских 0.001 0.959 0.001
изначальной 0.001 1.699 0.002
бежать 0.001 0.959 0.001
лечится 0.001 1.699 0.002
попытайтесь 0.001 2.0 0.002
регулярно 0.001 1.0 0.001
борются 0.001 1.046 0.001
почему 0.002 0.337 0.001
бригады 0.001 1.398 0.001
провалились 0.001 1.523 0.002
ними 0.001 0.585 0.001
исключить 0.001 1.222 0.001
медузе 0.002 0.066 0.0
выписывать 0.002 2.0 0.004
следить 0.001 1.0 0.001
заразил 0.001 2.0 0.002
человеку 0.003 1.0 0.003
специалиста 0.001 1.523 0.002
грамотных 0.001 1.699 0.002
лечиться 0.002 1.699 0.003
организация 0.001 0.886 0.001
везде 0.001 1.046 0.001
facebook 0.001 0.0 0.0
остальном 0.003 1.699 0.005
медузу 0.002 0.066 0.0
предложение 0.001 1.155 0.001
обработки 0.001 0.066 0.0
этим 0.002 0.337 0.001
домой 0.002 0.824 0.002
вариантах 0.001 1.523 0.002
скорой 0.001 1.398 0.001
симптомы 0.001 0.959 0.001
профилактики 0.002 1.398 0.003
массовой 0.001 0.097 0.0
непосредственно 0.001 0.959 0.001
сложно 0.001 0.538 0.001
присоединившейся 0.001 2.0 0.002
причине 0.001 1.155 0.001
тактику 0.003 1.523 0.005
открыты 0.001 1.0 0.001
такие 0.001 0.444 0.0
компьютерная 0.002 1.699 0.003
спасибоgiphyза 0.001 0.066 0.0
показывать 0.001 0.066 0.0
очевидны 0.001 1.699 0.002
жаропонижающие/обезболивающие 0.001 2.0 0.002
формах 0.001 1.398 0.001
twitter 0.001 0.0 0.0
слышно 0.001 1.301 0.001
компьютерной 0.003 1.699 0.005
болезни 0.004 0.62 0.002
пульсоксиметр 0.001 2.0 0.002
пожалуйста 0.001 0.102 0.0
должен 0.002 0.585 0.001
заболеваний 0.002 0.745 0.001
означает 0.001 0.62 0.001
дистанционно 0.001 2.0 0.002
связано 0.001 0.854 0.001
кабинет 0.001 1.699 0.002
платформы 0.002 0.066 0.0
коронавирусе 0.001 1.0 0.001
кислородом 0.001 2.0 0.002
иммуномодуляторы 0.001 2.0 0.002
близким 0.002 1.523 0.003
исследования 0.001 0.481 0.0
осложнения 0.001 1.301 0.001
именно 0.001 0.244 0.0
легких 0.002 1.046 0.002
официальных 0.001 0.921 0.001
радиологов 0.001 2.0 0.002
персональные 0.001 0.066 0.0
назначают 0.007 2.0 0.014
такое 0.001 0.347 0.0
очень 0.002 0.149 0.0
состоянии 0.001 1.222 0.001
которые 0.002 0.119 0.0
врача 0.004 1.097 0.004
meduza 0.002 0.0 0.0
распространяется 0.001 0.854 0.001
сопутствующих 0.002 2.0 0.004
новым 0.001 0.796 0.001
лечить 0.001 1.301 0.001
остается 0.001 0.638 0.001
медицина 0.001 1.699 0.002
появилось 0.001 0.854 0.001
диагностике 0.001 1.699 0.002
возвращаться 0.001 1.301 0.001
выступает 0.001 1.0 0.001
странах 0.002 0.495 0.001
год 0.001 0.409 0.0
знать 0.003 0.824 0.002
зарегистрировали 0.001 1.097 0.001
бактериями 0.001 2.0 0.002
минздрава 0.004 0.886 0.004
общество 0.001 0.886 0.001
российским 0.001 0.092 0.0
которых 0.004 0.237 0.001
результат 0.001 0.77 0.001
невозможно 0.001 0.602 0.001
диагноз 0.001 2.0 0.002
заболевшему 0.001 1.699 0.002
заранее 0.001 0.959 0.001
которым 0.001 0.658 0.001
реклама 0.002 0.066 0.0
однако 0.002 0.337 0.001
делать 0.008 0.276 0.002
борьбу 0.001 1.699 0.002
интересах 0.001 0.167 0.0
встречается 0.001 1.301 0.001
начала 0.001 0.398 0.0
возникает 0.002 0.959 0.002
подход 0.002 0.959 0.002
течении 0.001 1.301 0.001
сообщение 0.001 0.102 0.0
легком 0.001 1.523 0.002
пациента 0.003 1.097 0.003
препараты 0.007 0.824 0.006
сделать 0.001 0.357 0.0
