цб 0.001 1.301 0.001
числа 0.001 0.745 0.001
российские 0.001 0.328 0.0
редакции 0.002 0.066 0.0
войска 0.001 0.721 0.001
оправдать 0.001 1.699 0.002
заведут 0.001 2.0 0.002
прививок 0.001 0.824 0.001
немцы 0.001 2.0 0.002
баннерам 0.001 0.066 0.0
действий 0.001 0.699 0.001
паспорта 0.001 1.301 0.001
мирных 0.001 0.959 0.001
россии 0.011 0.119 0.001
действительно 0.001 0.377 0.0
значит 0.002 0.444 0.001
оглянитесь 0.001 2.0 0.002
читать 0.002 0.854 0.002
установили 0.001 0.959 0.001
боятся 0.001 1.0 0.001
гифки 0.001 0.066 0.0
начинаем 0.001 2.0 0.002
смертелен 0.001 1.699 0.002
кудайбергеновой 0.001 2.0 0.002
людей 0.001 0.161 0.0
законамивсе 0.001 2.0 0.002
омикрона 0.001 0.921 0.001
пропагандистских 0.001 1.222 0.001
пять 0.001 0.509 0.001
говорит 0.001 0.409 0.0
кроме 0.001 0.387 0.0
главных 0.001 0.678 0.001
досье 0.001 1.301 0.001
привели 0.001 1.523 0.002
in 0.001 0.0 0.0
обожают 0.001 2.0 0.002
европе 0.002 0.658 0.001
документы 0.001 0.796 0.001
днр 0.002 0.959 0.002
право 0.001 0.824 0.001
изменилось 0.001 1.398 0.001
питомцам 0.001 2.0 0.002
операции 0.001 0.886 0.001
невыносимы 0.001 2.0 0.002
тридцатилетию 0.001 2.0 0.002
русские 0.001 1.046 0.001
разгореться 0.001 2.0 0.002
правда 0.003 0.509 0.002
переболевших 0.001 0.886 0.001
заявлений 0.001 1.523 0.002
поток 0.001 1.699 0.002
анонимно 0.001 0.066 0.0
тестом 0.001 1.699 0.002
второй 0.001 0.42 0.0
впечатляющую 0.001 1.398 0.001
просто 0.002 0.194 0.0
подсчет 0.001 2.0 0.002
подходит 0.001 2.0 0.002
начав 0.001 1.699 0.002
короткую 0.001 1.398 0.001
проекта 0.001 1.222 0.001
евросоюз 0.001 1.155 0.001
российское 0.001 0.921 0.001
мир 0.002 0.553 0.001
интервью 0.001 0.745 0.001
слово 0.001 0.959 0.001
🤷 0.001 2.0 0.002
встреч 0.001 1.699 0.002
денег 0.001 0.886 0.001
ваши 0.003 1.046 0.003
соцопросам 0.001 1.699 0.002
старший 0.001 1.523 0.002
подавления 0.001 1.699 0.002
куки 0.001 0.066 0.0
публично 0.001 1.046 0.001
вплоть 0.001 1.222 0.001
использование 0.001 0.066 0.0
европа 0.001 0.886 0.001
тактикой 0.001 2.0 0.002
живете 0.001 1.699 0.002
евтушенко 0.001 2.0 0.002
успели 0.001 1.097 0.001
кажется 0.001 0.469 0.0
порядку 0.002 0.066 0.0
карточек 0.018 0.62 0.011
вот-вот 0.001 1.523 0.002
успеть 0.001 1.699 0.002
которую 0.001 0.469 0.0
иду 0.001 2.0 0.002
года 0.003 0.167 0.001
рентополисемаксим 0.001 2.0 0.002
en 0.001 0.066 0.0
проиграть 0.001 1.699 0.002
ученых 0.001 1.046 0.001
вошли 0.001 1.398 0.001
эпиваккорона 0.001 1.046 0.001
некрасова 0.001 2.0 0.002
реальностьюмаксим 0.001 2.0 0.002
абстракция 0.001 2.0 0.002
самые 0.001 0.602 0.001
предложил 0.001 1.155 0.001
выдавать 0.001 1.699 0.002
украина 0.003 0.699 0.002
судят 0.001 2.0 0.002
предлагает 0.001 0.959 0.001
дней 0.016 0.337 0.005
фигурирует 0.001 1.523 0.002
достоинство 0.001 1.699 0.002
радуюсь 0.001 2.0 0.002
майнинг 0.001 2.0 0.002
проиграет 0.001 2.0 0.002
плотников 0.001 2.0 0.002
насколько 0.003 0.42 0.001
ios 0.001 0.066 0.0
дельтакрон 0.001 1.398 0.001
будут 0.001 0.301 0.0
человека 0.001 0.328 0.0
трудолюбов 0.003 1.523 0.005
российской 0.002 0.432 0.001
стыдные 0.002 1.523 0.003
объединений 0.001 1.699 0.002
прямо 0.001 0.357 0.0
войну 0.003 0.638 0.002
воздухе 0.001 1.301 0.001
основном 0.001 0.553 0.001
ростом 0.001 1.523 0.002
считается 0.001 0.959 0.001
могут 0.004 0.187 0.001
многоэтажки 0.001 1.523 0.002
день 0.001 0.328 0.0
объясняем 0.001 1.523 0.002
поддерживать 0.001 0.886 0.001
медузы 0.009 0.268 0.002
отрицательным 0.001 1.523 0.002
украинцы 0.001 0.886 0.001
одном 0.001 0.699 0.001
пока 0.002 0.208 0.0
показывает 0.001 0.854 0.001
переживает 0.001 1.097 0.001
найти 0.001 0.602 0.001
карточки 0.001 1.155 0.001
которой 0.001 0.377 0.0
срок 0.001 1.046 0.001
мариуполе 0.001 0.824 0.001
игнорируют 0.001 1.398 0.001
встретить 0.001 1.398 0.001
обстреле 0.001 1.301 0.001
говорите 0.001 1.155 0.001
вообще 0.003 0.066 0.0
близкие 0.001 1.097 0.001
государственным 0.001 1.398 0.001
объясняет 0.001 0.658 0.001
нового 0.001 0.638 0.001
четвертый 0.001 2.0 0.002
начале 0.001 0.602 0.001
университета 0.001 0.959 0.001
отличается 0.002 0.886 0.002
болезнь 0.001 1.155 0.001
извините 0.001 1.0 0.001
ес 0.002 1.0 0.002
билеты 0.001 1.398 0.001
жесткие 0.001 1.222 0.001
неужели 0.002 1.155 0.002
явные 0.001 1.398 0.001
узнал 0.001 0.921 0.001
гарантий 0.001 1.523 0.002
городе 0.001 0.678 0.001
версии 0.001 1.0 0.001
оружие 0.001 1.155 0.001
пустышка 0.001 1.301 0.001
репостить 0.001 2.0 0.002
нашли 0.001 0.066 0.0
связи 0.002 0.0 0.0
слухов 0.001 2.0 0.002
казахстане 0.003 1.523 0.005
понятнее 0.001 1.155 0.001
какие 0.001 0.569 0.001
нем 0.001 0.602 0.001
валюту 0.001 1.699 0.002
поддерживают 0.001 1.301 0.001
одного 0.001 0.432 0.0
медуза 0.003 0.066 0.0
сильны 0.001 2.0 0.002
месяцев 0.001 0.602 0.001
обвиняют 0.001 1.301 0.001
помочь 0.001 0.131 0.0
инструкция 0.007 0.796 0.006
армии 0.002 0.886 0.002
международного 0.001 1.155 0.001
властей 0.001 0.824 0.001
негражданина 0.001 2.0 0.002
иноагент 0.001 2.0 0.002
стало 0.001 0.481 0.0
нико 0.001 2.0 0.002
инфекция 0.001 1.0 0.001
максимально 0.001 0.721 0.001
заболеванием 0.001 1.155 0.001
оказалась 0.001 0.796 0.001
желающим 0.001 1.523 0.002
материалам 0.001 0.066 0.0
неграждане 0.001 2.0 0.002
украинская 0.001 1.046 0.001
отчитываться 0.001 2.0 0.002
швейцарский 0.001 2.0 0.002
навального 0.001 1.398 0.001
случае 0.001 0.357 0.0
ограничения 0.001 0.745 0.001
социолога 0.001 2.0 0.002
поссориться 0.001 2.0 0.002
надежные 0.001 1.046 0.001
стали 0.002 0.42 0.001
заявил 0.001 0.658 0.001
новую 0.001 0.921 0.001
нко 0.001 1.699 0.002
западных 0.001 0.854 0.001
лнр 0.002 1.0 0.002
европейский 0.001 1.097 0.001
резких 0.001 2.0 0.002
нужно 0.001 0.237 0.0
главный 0.001 0.638 0.001
относительно 0.001 0.721 0.001
весь 0.001 0.638 0.001
кстати 0.001 0.886 0.001
должна 0.001 0.538 0.001
сми 0.002 0.602 0.001
решение 0.001 0.509 0.001
которое 0.001 0.337 0.0
альтернативную 0.001 1.398 0.001
ctrl+enter 0.001 0.066 0.0
февраля 0.002 0.387 0.001
безопасно 0.003 0.066 0.0
новостиисторииразборшапитокоронавирусмагаз 0.001 0.066 0.0
оскорбления 0.001 2.0 0.002
соединенными 0.001 1.699 0.002
рано 0.001 0.921 0.001
международную 0.001 1.699 0.002
примут 0.001 1.523 0.002
youtube 0.001 0.06 0.0
северного 0.001 1.523 0.002
столом 0.001 1.398 0.001
лабораторная 0.001 1.398 0.001
гражданства 0.001 1.699 0.002
утешительные 0.001 1.699 0.002
которая 0.003 0.301 0.001
избежать 0.001 1.046 0.001
биологическое 0.001 1.699 0.002
вижу 0.002 0.745 0.001
короткая 0.001 1.699 0.002
любые 0.001 0.854 0.001
отвечаем 0.002 1.155 0.002
хочется 0.001 0.921 0.001
заменить 0.001 1.155 0.001
развитии 0.001 1.398 0.001
медицинские 0.001 0.796 0.001
остановится 0.001 1.523 0.002
вашего 0.001 1.046 0.001
цифровое 0.001 2.0 0.002
ошибку 0.001 0.066 0.0
вторжение 0.003 1.097 0.003
материалы 0.001 0.824 0.001
потока 0.001 1.699 0.002
грозит 0.002 1.155 0.002
приводит 0.001 0.824 0.001
лекарство 0.001 1.155 0.001
аббревиатура 0.001 2.0 0.002
проблемы 0.001 0.62 0.001
месяц 0.005 0.745 0.004
вопрос 0.002 0.42 0.001
младшего 0.001 2.0 0.002
начнут 0.001 1.155 0.001
дельтыпохоже 0.001 1.699 0.002
гражданство 0.001 2.0 0.002
данные 0.002 0.066 0.0
преследует 0.001 2.0 0.002
убежище 0.002 1.301 0.003
группу 0.001 1.046 0.001
россияне 0.002 0.678 0.001
поддержке 0.001 1.523 0.002
стать 0.001 0.699 0.001
разбор 0.058 0.387 0.022
картинках 0.001 2.0 0.002
украину 0.005 0.523 0.003
антироссийские 0.001 2.0 0.002
жуз 0.001 2.0 0.002
нажмите 0.001 0.066 0.0
финальная 0.001 1.699 0.002
требует 0.001 0.824 0.001
военных 0.001 0.699 0.001
рассказываем 0.002 0.886 0.002
поднимает 0.001 1.699 0.002
основания 0.001 1.301 0.001
российских 0.004 0.337 0.001
других 0.001 0.26 0.0
регистрация 0.001 1.222 0.001
сможет 0.001 0.721 0.001
либерализация 0.001 2.0 0.002
придумал 0.001 1.097 0.001
болеет 0.001 1.523 0.002
кадыров 0.001 2.0 0.002
месяца 0.026 0.745 0.019
битва 0.001 1.523 0.002
опасен 0.001 1.222 0.001
– 0.001 0.06 0.0
новый 0.001 0.658 0.001
жителей 0.001 0.569 0.001
время 0.002 0.102 0.0
ковида 0.001 0.444 0.0
нумеровать 0.001 2.0 0.002
нами 0.001 0.066 0.0
политическое 0.002 1.699 0.003
экономических 0.001 1.097 0.001
ту 0.001 0.921 0.001
российская 0.001 0.658 0.001
дает 0.001 0.796 0.001
одкб 0.001 2.0 0.002
массово 0.001 1.097 0.001
окраинах 0.001 1.301 0.001
сопротивление 0.001 1.523 0.002
новые 0.001 0.602 0.001
ставки 0.001 1.699 0.002
ошибка 0.001 1.301 0.001
подписал 0.001 1.523 0.002
мутации 0.001 1.222 0.001
государство 0.002 0.854 0.002
коснется 0.001 1.699 0.002
клеточном 0.001 1.301 0.001
уголовно 0.001 1.699 0.002
рекламаmeduza 0.001 0.066 0.0
никто 0.001 0.523 0.001
принимать 0.001 0.721 0.001
войне 0.001 0.62 0.001
праздники 0.002 1.699 0.003
родственники 0.001 0.921 0.001
ответить 0.001 0.886 0.001
германии 0.001 0.854 0.001
блин 0.001 1.699 0.002
нуланд 0.001 2.0 0.002
обязывающий 0.001 2.0 0.002
штатами 0.001 1.699 0.002
среди 0.001 0.42 0.0
валютные 0.001 2.0 0.002
разрабатывала 0.001 2.0 0.002
криш 0.001 2.0 0.002
дипломатов 0.001 1.398 0.001
северный 0.001 1.699 0.002
пишут 0.001 0.77 0.001
дети 0.002 0.721 0.001
прогнозы 0.001 1.398 0.001
лишения 0.001 2.0 0.002
омикрон 0.003 1.046 0.003
назад 0.052 0.18 0.009
снова 0.001 0.678 0.001
категория 0.001 1.523 0.002
знак 0.001 1.699 0.002
протестов 0.001 1.222 0.001
российскими 0.002 0.854 0.002
подозрения 0.001 1.398 0.001
перейти 0.001 0.066 0.0
поддержать 0.001 0.066 0.0
оон 0.001 1.222 0.001
одни 0.001 1.046 0.001
все-таки 0.001 0.553 0.001
устав 0.001 2.0 0.002
стране 0.001 0.523 0.001
война 0.002 0.469 0.001
кодекс 0.001 0.066 0.0
разбираем 0.001 1.097 0.001
хочу 0.003 0.137 0.0
кому 0.001 0.824 0.001
концу 0.001 1.097 0.001
скоро 0.001 0.796 0.001
покупать 0.002 1.097 0.002
отказаться 0.001 1.046 0.001
шагах 0.001 2.0 0.002
возникший 0.001 2.0 0.002
разрешения 0.001 1.222 0.001
изучает 0.001 2.0 0.002
стабильность 0.001 1.523 0.002
мягче 0.001 1.301 0.001
исследователь 0.001 1.155 0.001
оказать 0.001 1.523 0.002
указывать 0.001 1.699 0.002
признания 0.001 1.398 0.001
поможет 0.001 0.854 0.001
штаммы 0.001 1.398 0.001
мошенничество 0.001 2.0 0.002
запуститькто 0.001 2.0 0.002
сфальсифицировала 0.001 1.301 0.001
обсуждал 0.001 1.699 0.002
праздничным 0.001 2.0 0.002
коротко 0.001 0.824 0.001
наказуемы 0.001 1.699 0.002
правила 0.001 0.066 0.0
отправить 0.001 1.301 0.001
виноват 0.001 2.0 0.002
вконтакте 0.001 0.066 0.0
независимых 0.002 1.046 0.002
live 0.001 0.022 0.0
жители 0.001 0.745 0.001
замерзнуть 0.001 2.0 0.002
жертв 0.001 1.097 0.001
предоставляется 0.001 2.0 0.002
блог 0.001 0.066 0.0
инстаграм 0.001 0.066 0.0
© 0.001 0.0 0.0
заблокируют 0.001 1.523 0.002
вопросы 0.002 0.481 0.001
выделите 0.001 0.066 0.0
европейского 0.001 1.155 0.001
графиков 0.001 1.699 0.002
получить 0.003 0.553 0.002
документально 0.001 2.0 0.002
пожертвовать 0.001 1.523 0.002
правовая 0.001 2.0 0.002
недели 0.001 0.42 0.0
легко 0.001 0.824 0.001
meduzacare 0.001 0.066 0.0
конкретная 0.001 2.0 0.002
иллюзорной 0.001 2.0 0.002
классификацию 0.001 1.699 0.002
признала 0.001 1.699 0.002
начинают 0.001 0.886 0.001
европу 0.001 1.155 0.001
кнопка 0.001 0.066 0.0
армия 0.002 0.959 0.002
единой 0.001 1.301 0.001
центробанк 0.002 1.523 0.003
салютов 0.001 2.0 0.002
эффективность 0.001 0.569 0.001
отозванадва 0.001 1.699 0.002
вечерняя 0.001 0.066 0.0
государствофилософ 0.001 2.0 0.002
основе 0.001 0.745 0.001
это 0.014 0.066 0.001
другие 0.001 0.268 0.0
казахстан 0.001 1.398 0.001
пандемии 0.001 0.658 0.001
смогут 0.001 0.745 0.001
поддержки 0.002 0.066 0.0
россииформулируем 0.001 2.0 0.002
историю 0.001 0.721 0.001
отстают 0.001 2.0 0.002
эффективно 0.001 1.046 0.001
итоги 0.001 1.301 0.001
писать 0.001 1.155 0.001
примере 0.001 1.222 0.001
мифов 0.001 1.301 0.001
двух 0.001 0.377 0.0
дня 0.003 0.523 0.002
мнение 0.001 1.046 0.001
такая 0.001 0.553 0.001
животных 0.001 0.854 0.001
потерь 0.001 1.523 0.002
большинство 0.001 0.796 0.001
настроения 0.001 1.222 0.001
войны 0.005 0.42 0.002
действия 0.001 0.721 0.001
дельта 0.002 0.854 0.002
одеться 0.001 1.699 0.002
фейки 0.002 1.398 0.003
грозить 0.001 1.699 0.002
дел 0.001 1.046 0.001
внедрять 0.001 2.0 0.002
криптовалютой 0.001 2.0 0.002
права 0.001 0.854 0.001
пятого 0.001 2.0 0.002
сайт 0.001 1.097 0.001
законны 0.001 2.0 0.002
террористических 0.001 1.699 0.002
отрицательную 0.001 1.398 0.001
заблокировали 0.001 1.222 0.001
оправдание 0.001 1.699 0.002
android 0.001 0.066 0.0
подозревали 0.001 1.699 0.002
протесты 0.001 1.097 0.001
николай 0.001 1.097 0.001
english 0.001 0.06 0.0
ввел 0.001 1.398 0.001
новости 0.002 0.481 0.001
путина 0.001 0.721 0.001
гражданскую 0.001 1.699 0.002
начнется 0.001 1.222 0.001
нато 0.002 0.959 0.002
армию 0.002 1.301 0.003
дискредитация 0.002 1.699 0.003
марта 0.002 0.319 0.001
вокруг 0.002 0.721 0.001
наступление 0.001 1.398 0.001
трущобами 0.001 2.0 0.002
запретить 0.001 1.398 0.001
впечатляющие 0.001 2.0 0.002
украинетяжелая 0.001 2.0 0.002
рожденные 0.001 2.0 0.002
аргументы 0.001 0.77 0.001
журналистов 0.001 1.046 0.001
жительство 0.001 1.699 0.002
харьков 0.001 0.886 0.001
близких 0.001 1.222 0.001
экстремистских 0.001 2.0 0.002
всем 0.001 0.252 0.0
оно 0.001 0.444 0.0
требования 0.001 0.066 0.0
связаться 0.001 0.066 0.0
роддома 0.001 1.155 0.001
россию 0.001 0.678 0.001
москве 0.001 0.745 0.001
институт 0.001 1.301 0.001
когда-нибудь 0.001 1.523 0.002
закон 0.001 1.0 0.001
варианта 0.001 0.745 0.001
крымчан 0.001 2.0 0.002
бомбит 0.001 1.155 0.001
матерей 0.001 1.523 0.002
тех 0.001 0.26 0.0
итогиу 0.001 2.0 0.002
ковидом 0.001 0.658 0.001
россиян 0.001 0.62 0.001
выводычем 0.001 1.523 0.002
самооборону 0.001 2.0 0.002
почему 0.003 0.337 0.001
января 0.001 1.0 0.001
овд-инфо 0.001 1.398 0.001
воображаемом 0.001 2.0 0.002
верить 0.002 0.959 0.002
призвать 0.001 2.0 0.002
медузе 0.004 0.066 0.0
подтверждены 0.001 1.699 0.002
репортаж 0.001 0.699 0.001
точно 0.001 0.481 0.0
кремль 0.001 1.155 0.001
facebook 0.001 0.0 0.0
таком 0.001 0.921 0.001
медузу 0.002 0.066 0.0
обработки 0.001 0.066 0.0
менее 0.001 0.432 0.0
этим 0.001 0.337 0.0
станет 0.001 0.678 0.001
иноагентов 0.001 2.0 0.002
россия 0.001 0.398 0.0
неправы 0.001 2.0 0.002
знаем 0.003 0.585 0.002
живут 0.002 0.886 0.002
дианы 0.001 2.0 0.002
пойти 0.001 1.097 0.001
похоже 0.001 0.886 0.001
цитирует 0.001 1.301 0.001
человечками 0.001 2.0 0.002
виде 0.001 0.745 0.001
сложнее 0.001 0.921 0.001
спасибоgiphyза 0.001 0.066 0.0
показывать 0.002 0.066 0.0
пускать 0.001 2.0 0.002
национализм 0.001 2.0 0.002
мирно 0.001 2.0 0.002
twitter 0.001 0.0 0.0
войск 0.002 1.046 0.002
высказать 0.001 1.523 0.002
вредная 0.001 1.398 0.001
европы 0.002 0.796 0.002
хозяевам 0.001 2.0 0.002
вступления 0.001 1.301 0.001
болеют 0.001 1.222 0.001
платформы 0.002 0.066 0.0
каждого 0.001 0.678 0.001
службу 0.001 1.398 0.001
исследования 0.001 0.481 0.0
разбираемся 0.001 1.301 0.001
действиях 0.001 1.155 0.001
обнаружите 0.001 2.0 0.002
персональные 0.001 0.066 0.0
очень 0.003 0.149 0.0
артиллерия 0.001 1.398 0.001
замедлилось 0.001 2.0 0.002
которые 0.003 0.119 0.0
путин 0.003 0.658 0.002
meduza 0.002 0.0 0.0
🌲 0.001 1.301 0.001
распространяется 0.001 0.854 0.001
instagram 0.001 0.745 0.001
обнаружение 0.001 1.222 0.001
уровне 0.001 0.638 0.001
помогают 0.001 0.886 0.001
устарелмаксим 0.001 2.0 0.002
конкретно 0.001 1.222 0.001
запуска 0.001 1.398 0.001
странах 0.001 0.495 0.0
год 0.006 0.409 0.002
фоне 0.001 0.796 0.001
зарегистрировали 0.001 1.097 0.001
болезней 0.001 1.222 0.001
свое 0.001 0.721 0.001
позволяют 0.001 0.886 0.001
общество 0.001 0.886 0.001
дать 0.001 0.854 0.001
эта 0.001 0.367 0.0
чему 0.002 1.301 0.003
идее 0.001 1.398 0.001
политиков 0.001 1.523 0.002
декабря 0.002 0.824 0.002
спойлер 0.003 0.796 0.002
сочетающего 0.001 1.398 0.001
запустить 0.001 1.398 0.001
украине 0.003 0.444 0.001
реклама 0.002 0.066 0.0
домашних 0.001 1.301 0.001
делать 0.002 0.276 0.001
из-за 0.001 0.229 0.0
ковид-сертификат 0.001 1.523 0.002
сша 0.002 0.469 0.001
решают 0.001 1.699 0.002
плохо 0.001 0.569 0.001
сделать 0.002 0.357 0.001
