первой 0.001 0.678 0.001
редакции 0.003 0.066 0.0
баннерам 0.001 0.066 0.0
значит 0.006 0.444 0.003
отличаться 0.001 1.301 0.001
просчитанными 0.001 2.0 0.002
проведения 0.003 1.301 0.004
считают 0.003 0.721 0.002
гифки 0.001 0.066 0.0
осторожно 0.001 1.523 0.002
зависит 0.004 0.638 0.003
основных 0.001 0.959 0.001
агента 0.003 0.097 0.0
людей 0.009 0.161 0.001
анализами 0.001 2.0 0.002
режима 0.001 1.0 0.001
in 0.001 0.0 0.0
проводят 0.001 1.0 0.001
велика 0.001 1.301 0.001
производства 0.001 0.77 0.001
процедур 0.001 1.398 0.001
участники 0.003 0.921 0.003
эффективности 0.013 0.678 0.009
партизанское 0.001 2.0 0.002
разбирается 0.001 1.523 0.002
реальный 0.001 1.523 0.002
накопления 0.001 1.398 0.001
доле 0.001 1.222 0.001
считающие 0.001 2.0 0.002
режимами 0.001 1.523 0.002
различных 0.001 1.301 0.001
постепенно 0.001 1.222 0.001
90-процентной 0.001 1.699 0.002
риск 0.003 0.538 0.002
предсказать 0.003 1.301 0.004
использовании 0.001 1.222 0.001
анонимно 0.001 0.066 0.0
невакцинированными 0.001 2.0 0.002
заболевших 0.007 0.824 0.006
просто 0.001 0.194 0.0
ваша 0.003 0.102 0.0
доверительного 0.001 2.0 0.002
снижении 0.001 1.301 0.001
получается 0.003 0.824 0.002
вакцинированных 0.007 0.678 0.005
заболеют 0.001 1.523 0.002
читателейнам 0.001 0.174 0.0
куки 0.001 0.066 0.0
ноября 0.001 0.745 0.001
вакцину 0.003 0.824 0.002
следят 0.001 1.699 0.002
использование 0.001 0.066 0.0
важный 0.001 1.222 0.001
две 0.001 0.553 0.001
вакцина 0.001 0.721 0.001
отметки 0.001 1.699 0.002
устойчивы 0.001 2.0 0.002
порядку 0.001 0.066 0.0
карточек 0.001 0.62 0.001
которую 0.001 0.469 0.0
лоб 0.001 1.699 0.002
различий 0.003 2.0 0.006
ершов 0.001 0.796 0.001
фотографии 0.001 0.638 0.001
en 0.001 0.066 0.0
процесс 0.001 0.921 0.001
необходимо 0.001 0.585 0.001
обеих 0.001 1.222 0.001
разница 0.003 0.886 0.003
одним 0.001 0.569 0.001
проверяли 0.001 1.398 0.001
распространено 0.001 0.102 0.0
другом 0.001 0.721 0.001
сколько 0.006 0.585 0.004
насколько 0.001 0.42 0.0
существенно 0.003 0.721 0.002
ios 0.001 0.066 0.0
выпавших 0.001 2.0 0.002
российской 0.001 0.432 0.0
полноценных 0.001 1.699 0.002
истинной 0.001 1.699 0.002
вторичными 0.001 2.0 0.002
общее 0.003 1.046 0.003
формуле 0.001 1.699 0.002
заболеет 0.006 1.699 0.01
группах 0.004 1.0 0.004
всеми 0.001 0.824 0.001
cc 0.001 1.046 0.001
позднее 0.001 1.155 0.001
считается 0.004 0.959 0.004
могут 0.003 0.187 0.001
любом 0.006 0.854 0.005
день 0.001 0.328 0.0
медузы 0.003 0.268 0.001
диапазон 0.001 1.699 0.002
этих 0.001 0.337 0.0
коронавируса 0.003 0.509 0.002
одном 0.001 0.699 0.001
пока 0.001 0.208 0.0
показателями 0.001 2.0 0.002
попали 0.001 0.886 0.001
вообще 0.004 0.066 0.0
статистическими 0.001 2.0 0.002
монетки 0.001 2.0 0.002
нежелательными 0.001 2.0 0.002
случайности 0.001 1.398 0.001
момент 0.003 0.481 0.001
реальности 0.001 0.921 0.001
эпидемии 0.001 1.097 0.001
62-процентную 0.001 2.0 0.002
моменты 0.001 2.0 0.002
определенной 0.001 1.523 0.002
оценка 0.003 1.398 0.004
уточняется 0.003 2.0 0.006
временем 0.001 0.921 0.001
нашли 0.001 0.066 0.0
взвешенное 0.001 2.0 0.002
связи 0.001 0.0 0.0
предварительный 0.001 1.523 0.002
медуза 0.006 0.066 0.0
точны 0.001 2.0 0.002
нам 0.001 0.086 0.0
помочь 0.001 0.131 0.0
скорее 0.001 0.509 0.001
людьми 0.001 0.745 0.001
значений 0.001 1.155 0.001
мало 0.004 0.538 0.002
разные 0.006 0.721 0.004
особенностей 0.001 1.222 0.001
by 0.001 0.658 0.001
юридическим 0.001 0.102 0.0
следует 0.001 0.77 0.001
группе 0.004 0.745 0.003
материалам 0.001 0.066 0.0
срочно 0.001 0.167 0.0
число 0.006 0.658 0.004
доверительными 0.001 2.0 0.002
90–95 0.001 2.0 0.002
другим 0.001 0.62 0.001
хотим 0.003 0.921 0.003
меньше 0.001 0.444 0.0
ясно 0.001 0.886 0.001
случае 0.007 0.357 0.002
понятие 0.001 1.523 0.002
вести 0.001 0.824 0.001
увидеть 0.001 1.097 0.001
клинического 0.001 1.046 0.001
самых 0.001 0.62 0.001
факторов 0.001 1.097 0.001
иностранным 0.001 0.097 0.0
astrazeneca 0.001 0.959 0.001
практике 0.004 1.0 0.004
нужно 0.001 0.237 0.0
commons 0.001 1.0 0.001
например 0.003 0.229 0.001
первым 0.001 0.854 0.001
сми 0.001 0.602 0.001
становится 0.001 0.721 0.001
жизни 0.001 0.432 0.0
вакцинам 0.001 0.959 0.001
ctrl+enter 0.001 0.066 0.0
порог 0.001 1.523 0.002
исследованиях 0.004 0.854 0.003
новостиисторииразборшапитокоронавирусмагаз 0.001 0.066 0.0
безопасно 0.001 0.066 0.0
вероятно 0.001 0.699 0.001
youtube 0.001 0.06 0.0
вакцинах 0.001 1.046 0.001
существенна 0.001 2.0 0.002
вариант 0.001 0.796 0.001
создано 0.001 0.097 0.0
группы 0.003 0.62 0.002
вчера 0.003 1.222 0.004
поддержите 0.001 0.102 0.0
случилось 0.003 0.658 0.002
случайностей 0.003 1.699 0.005
достаточно 0.001 0.444 0.0
путях 0.001 1.398 0.001
сегодня 0.003 0.638 0.002
поэтому 0.006 0.328 0.002
средством 0.001 0.102 0.0
выполняющим 0.003 0.097 0.0
эффективный 0.001 1.097 0.001
принявших 0.003 2.0 0.006
ошибку 0.001 0.066 0.0
оксфордский 0.001 2.0 0.002
препарат 0.001 0.959 0.001
материалы 0.001 0.824 0.001
первых 0.001 0.959 0.001
численное 0.001 1.699 0.002
обычной 0.003 1.097 0.003
природы 0.001 2.0 0.002
распространения 0.001 0.678 0.001
оксфордской 0.003 2.0 0.006
цифры 0.006 1.398 0.008
говорят 0.006 0.432 0.003
исследователи 0.001 1.046 0.001
дождаться 0.001 1.699 0.002
проводятся 0.001 1.097 0.001
абсолютно 0.003 0.721 0.002
creative 0.001 0.921 0.001
вопрос 0.001 0.42 0.0
мухлеж 0.001 1.523 0.002
составляет 0.001 0.921 0.001
данные 0.001 0.066 0.0
хотите 0.001 0.921 0.001
дают 0.001 0.721 0.001
культурных 0.001 1.699 0.002
разбор 0.001 0.387 0.0
деле 0.001 0.553 0.001
точной 0.001 1.699 0.002
каждой 0.001 0.959 0.001
нажмите 0.001 0.066 0.0
идет 0.001 0.367 0.0
других 0.001 0.26 0.0
иностранного 0.003 0.102 0.0
александр 0.001 0.538 0.001
материал 0.001 0.086 0.0
понятно 0.001 0.699 0.001
испытуемых 0.001 1.523 0.002
свидетельствуют 0.001 1.523 0.002
– 0.001 0.06 0.0
доля 0.003 0.959 0.003
отличались 0.001 1.398 0.001
подбрасывании 0.001 2.0 0.002
время 0.007 0.102 0.001
процент 0.006 1.398 0.008
ковида 0.001 0.444 0.0
нами 0.001 0.066 0.0
анализ 0.001 0.921 0.001
развертывания 0.001 1.699 0.002
дозировкой 0.001 1.699 0.002
узнать 0.004 0.959 0.004
сравнивать 0.003 0.959 0.003
нужном 0.001 2.0 0.002
примерно 0.001 0.585 0.001
работают 0.001 0.553 0.001
стоит 0.001 0.509 0.001
отличия 0.001 1.222 0.001
значение 0.003 1.097 0.003
рекламаmeduza 0.001 0.066 0.0
никто 0.001 0.523 0.001
равна 0.001 1.398 0.001
полученная 0.001 1.398 0.001
подробностями 0.001 1.699 0.002
генетических 0.001 1.523 0.002
интервалами 0.001 2.0 0.002
лицом 0.001 0.102 0.0
вероятность 0.001 0.721 0.001
выше 0.001 0.509 0.001
функции 0.003 0.097 0.0
постоянно 0.003 0.62 0.002
заболеть 0.003 0.921 0.003
университет 0.001 1.398 0.001
среди 0.006 0.42 0.003
прежде 0.001 0.62 0.001
эпидемиологии 0.001 1.222 0.001
эксперимента 0.003 1.398 0.004
определенный 0.001 1.523 0.002
другими 0.001 0.495 0.0
дающий 0.001 1.699 0.002
заболевают 0.004 1.222 0.005
превысила 0.001 1.699 0.002
самими 0.001 1.523 0.002
добровольцев 0.004 0.886 0.004
арифметическое 0.001 2.0 0.002
перейти 0.003 0.066 0.0
поддержать 0.001 0.066 0.0
напомнить 0.003 1.097 0.003
результатов 0.001 0.886 0.001
все-таки 0.003 0.553 0.002
кодекс 0.001 0.066 0.0
перепечатать 0.001 1.097 0.001
хочу 0.001 0.137 0.0
четко 0.001 1.0 0.001
хорошие 0.001 1.0 0.001
делят 0.001 1.523 0.002
статистические 0.001 1.699 0.002
начать 0.001 1.046 0.001
люди 0.006 0.276 0.002
данное 0.001 0.097 0.0
какой-то 0.003 0.538 0.002
efficacy 0.001 2.0 0.002
заражения 0.001 0.796 0.001
думали 0.001 1.155 0.001
здоровых 0.001 1.398 0.001
сравнению 0.001 0.796 0.001
правила 0.001 0.066 0.0
будущем 0.001 0.745 0.001
пресс-релизам 0.001 2.0 0.002
использовать 0.001 0.585 0.001
разное 0.001 1.222 0.001
вконтакте 0.001 0.066 0.0
интервала 0.001 2.0 0.002
одновременно 0.001 0.796 0.001
сказать 0.003 0.495 0.001
live 0.001 0.022 0.0
лицензии 0.001 1.0 0.001
блог 0.001 0.066 0.0
инстаграм 0.001 0.066 0.0
© 0.001 0.0 0.0
явлениями 0.001 1.699 0.002
выделите 0.001 0.066 0.0
измерения 0.001 1.699 0.002
разных 0.007 0.398 0.003
получить 0.001 0.553 0.001
показатели 0.001 1.0 0.001
ожидаемой 0.001 2.0 0.002
данных 0.001 0.481 0.0
рассчитывают 0.001 1.523 0.002
использования 0.001 0.921 0.001
meduzacare 0.001 0.066 0.0
результаты 0.003 0.62 0.002
той 0.001 0.62 0.001
кнопка 0.001 0.066 0.0
структуре 0.001 1.398 0.001
составляющую 0.001 2.0 0.002
иммунизации 0.001 1.398 0.001
незаболевших 0.001 2.0 0.002
небольшое 0.001 1.097 0.001
эффективность 0.019 0.569 0.011
вечерняя 0.001 0.066 0.0
риска 0.001 0.699 0.001
речь 0.003 0.432 0.001
основе 0.001 0.745 0.001
это 0.025 0.066 0.002
вакцин 0.004 0.62 0.002
другие 0.001 0.268 0.0
поддержки 0.001 0.066 0.0
организованное 0.001 2.0 0.002
реальной 0.001 1.046 0.001
различия 0.001 1.398 0.001
двумя 0.001 0.678 0.001
помощь 0.001 0.097 0.0
спутник 0.001 0.721 0.001
называют 0.001 0.699 0.001
публикаций 0.001 1.398 0.001
исчерпывающий 0.001 1.301 0.001
работаем 0.001 0.161 0.0
v 0.001 0.699 0.001
двух 0.001 0.377 0.0
итоге 0.003 0.62 0.002
добровольцами 0.001 1.398 0.001
среднее 0.006 1.523 0.009
различие 0.001 1.398 0.001
меняются 0.003 1.301 0.004
орлов 0.001 1.699 0.002
исследовании 0.001 0.824 0.001
клиническом 0.001 1.222 0.001
исследование 0.003 0.658 0.002
некоторые 0.001 0.469 0.0
24/7 0.001 0.102 0.0
android 0.001 0.066 0.0
половозрастной 0.001 2.0 0.002
english 0.001 0.06 0.0
самое 0.001 0.638 0.001
поддержка 0.001 0.167 0.0
нужна 0.003 0.092 0.0
можете 0.001 0.699 0.001
мере 0.003 0.569 0.002
производителей 0.001 1.0 0.001
забывать 0.001 1.222 0.001
те 0.003 0.357 0.001
требования 0.001 0.066 0.0
половины 0.001 1.0 0.001
связаться 0.001 0.066 0.0
самом 0.001 0.481 0.0
объеме 0.001 1.699 0.002
информации 0.001 0.102 0.0
термины 0.001 1.699 0.002
случайную 0.001 1.523 0.002
лицензия 0.001 1.097 0.001
гораздо 0.001 0.699 0.001
тех 0.003 0.26 0.001
разделив 0.001 2.0 0.002
завершить 0.001 1.699 0.002
важно 0.001 0.509 0.001
iii 0.001 1.222 0.001
пристальнее 0.001 2.0 0.002
почему 0.006 0.337 0.002
effectiveness 0.001 2.0 0.002
достанется 0.001 1.699 0.002
ними 0.001 0.585 0.001
снижается 0.001 1.301 0.001
медузе 0.003 0.066 0.0
точно 0.004 0.481 0.002
маловероятно 0.001 1.699 0.002
значению 0.001 2.0 0.002
поскольку 0.001 0.678 0.001
достигает 0.001 1.699 0.002
методы 0.001 1.301 0.001
выражение 0.001 1.523 0.002
разработчики 0.003 1.0 0.003
facebook 0.001 0.0 0.0
медузу 0.003 0.066 0.0
обработки 0.001 0.066 0.0
продолжить 0.001 1.222 0.001
ниже 0.001 0.77 0.001
менее 0.003 0.432 0.001
станет 0.001 0.678 0.001
друг 0.001 0.699 0.001
массовой 0.001 0.097 0.0
знаем 0.001 0.585 0.001
приближаться 0.001 2.0 0.002
правильностью 0.001 2.0 0.002
каждый 0.001 0.509 0.001
главное 0.001 0.658 0.001
значат 0.001 2.0 0.002
открыты 0.001 1.0 0.001
решку 0.001 2.0 0.002
спасибоgiphyза 0.001 0.066 0.0
показывать 0.001 0.066 0.0
обновляемый 0.001 1.523 0.002
наблюдение 0.001 1.398 0.001
twitter 0.001 0.0 0.0
пожалуйста 0.001 0.102 0.0
представить 0.001 0.959 0.001
платформы 0.003 0.066 0.0
коронавирусе 0.001 1.0 0.001
путеводитель 0.001 1.523 0.002
истинному 0.001 2.0 0.002
исследования 0.007 0.481 0.003
именно 0.007 0.244 0.002
ожидаемую 0.001 1.699 0.002
вакцины 0.016 0.585 0.009
случайный 0.001 1.699 0.002
персональные 0.001 0.066 0.0
бросков 0.001 2.0 0.002
очень 0.001 0.149 0.0
которые 0.007 0.119 0.001
недостаточно 0.001 0.921 0.001
скорость 0.001 1.398 0.001
процентах 0.001 1.699 0.002
meduza 0.003 0.0 0.0
снижать 0.001 1.699 0.002
распространяется 0.001 0.854 0.001
одна 0.003 0.42 0.001
иначе 0.001 0.745 0.001
другая 0.003 0.886 0.003
странах 0.001 0.495 0.0
плацебо 0.004 0.959 0.004
поначалу 0.001 1.222 0.001
составила 0.001 0.959 0.001
учитывать 0.001 1.046 0.001
российским 0.001 0.092 0.0
результат 0.001 0.77 0.001
которых 0.001 0.237 0.0
невозможно 0.001 0.602 0.001
тому 0.001 0.509 0.001
заранее 0.003 0.959 0.003
реклама 0.003 0.066 0.0
из-за 0.001 0.229 0.0
интересах 0.001 0.167 0.0
понимания 0.001 1.398 0.001
фазе 0.001 1.097 0.001
сообщение 0.001 0.102 0.0
десятков 0.001 1.046 0.001
