цб 0.002 1.301 0.003
говорим 0.001 0.959 0.001
российские 0.002 0.328 0.001
редакции 0.003 0.066 0.0
пресс-конференцию 0.001 1.699 0.002
язвы 0.001 1.699 0.002
час 0.014 1.0 0.014
рынке 0.001 1.0 0.001
войска 0.001 0.721 0.001
регулятора 0.001 1.699 0.002
поставить 0.001 1.398 0.001
честь 0.003 1.301 0.004
студентов 0.001 1.301 0.001
музыкальная 0.001 2.0 0.002
баннерам 0.001 0.066 0.0
мирных 0.001 0.959 0.001
россии 0.014 0.119 0.002
президент 0.001 0.854 0.001
ушакова 0.003 2.0 0.006
госорганов 0.001 2.0 0.002
гифки 0.001 0.066 0.0
украинские 0.002 0.886 0.002
агента 0.002 0.097 0.0
валерий 0.002 1.301 0.003
владимира 0.001 0.959 0.001
дворкович 0.001 1.523 0.002
говорит 0.003 0.409 0.001
сцену 0.001 1.699 0.002
волновахе 0.001 1.699 0.002
прервалась 0.001 1.699 0.002
совершенно 0.001 0.678 0.001
денис 0.001 1.398 0.001
драмтеатр 0.001 1.398 0.001
главных 0.001 0.678 0.001
случайно 0.001 1.222 0.001
колени 0.001 1.398 0.001
введена 0.001 1.523 0.002
люблю 0.001 1.301 0.001
александра 0.001 1.155 0.001
in 0.001 0.0 0.0
ставку 0.002 1.523 0.003
регионов 0.001 0.921 0.001
днр 0.002 0.959 0.002
способы 0.001 1.222 0.001
узнали 0.001 1.0 0.001
операции 0.001 0.886 0.001
выдающихся 0.001 2.0 0.002
работе 0.001 0.824 0.001
возглавлять 0.001 2.0 0.002
сражения 0.001 2.0 0.002
давала 0.001 1.699 0.002
показали 0.001 1.0 0.001
губерниев 0.001 2.0 0.002
поддержкой 0.001 1.523 0.002
который 0.001 0.194 0.0
ввели 0.001 1.0 0.001
анонимно 0.001 0.066 0.0
конца 0.002 0.77 0.002
чм 0.001 2.0 0.002
британский 0.001 1.301 0.001
просто 0.001 0.194 0.0
пауза 0.001 2.0 0.002
напомним 0.002 1.155 0.002
ваша 0.001 0.102 0.0
аккаунт 0.001 1.523 0.002
цвете 0.001 2.0 0.002
италия 0.001 1.222 0.001
вторжения 0.001 0.77 0.001
российское 0.001 0.921 0.001
прочитать 0.002 0.959 0.002
эвакуируя 0.001 2.0 0.002
мир 0.001 0.553 0.001
партии 0.001 1.046 0.001
фото 0.001 0.959 0.001
слово 0.001 0.959 0.001
бывший 0.001 0.921 0.001
московской 0.004 1.398 0.006
спасибо 0.001 1.222 0.001
изобрели 0.001 2.0 0.002
украшена 0.001 2.0 0.002
донбасс 0.001 1.523 0.002
куки 0.001 0.066 0.0
трансляции 0.001 1.699 0.002
минут 0.004 0.854 0.003
никаких 0.001 0.602 0.001
родину 0.002 1.523 0.003
удалось 0.003 0.523 0.002
федерального 0.003 1.222 0.004
использование 0.001 0.066 0.0
лимаренко 0.001 2.0 0.002
улиц 0.001 1.699 0.002
вызвалась 0.001 2.0 0.002
произошедшее 0.001 2.0 0.002
порядку 0.001 0.066 0.0
которую 0.001 0.469 0.0
астапкович 0.001 2.0 0.002
вашей 0.002 1.097 0.002
дополнительно 0.001 1.398 0.001
года 0.001 0.167 0.0
версию 0.001 1.398 0.001
фотографии 0.001 0.638 0.001
en 0.001 0.066 0.0
сохранить 0.001 0.921 0.001
попала 0.001 1.301 0.001
стурит 0.001 2.0 0.002
самые 0.001 0.602 0.001
начали 0.001 0.481 0.0
посмертно 0.001 2.0 0.002
распространено 0.001 0.102 0.0
стереть 0.001 2.0 0.002
ios 0.001 0.066 0.0
затем 0.001 0.678 0.001
читатель 0.001 2.0 0.002
сцена 0.001 2.0 0.002
рубежом 0.001 1.222 0.001
плен 0.001 2.0 0.002
оставаться 0.001 0.921 0.001
крыма 0.002 1.0 0.002
несколько 0.001 0.201 0.0
контрактника 0.001 2.0 0.002
пушилин 0.001 2.0 0.002
вице-премьер 0.001 1.523 0.002
рощина 0.001 2.0 0.002
прямо 0.002 0.357 0.001
никому 0.001 1.155 0.001
опубликовал 0.001 1.222 0.001
пришли 0.001 0.921 0.001
любила 0.001 1.699 0.002
соцсетях 0.001 1.046 0.001
лицензию 0.001 1.301 0.001
основном 0.002 0.553 0.001
могут 0.002 0.187 0.0
прямой 0.001 1.046 0.001
освободить 0.001 1.523 0.002
день 0.001 0.328 0.0
открыли 0.001 1.523 0.002
владимир 0.003 0.62 0.002
автобусы 0.001 1.523 0.002
медузы 0.003 0.268 0.001
свидетелей 0.001 2.0 0.002
задержала 0.001 1.398 0.001
полностью 0.001 0.538 0.001
коронавируса 0.001 0.509 0.001
следующей 0.003 1.301 0.004
освободили 0.002 2.0 0.004
митинги 0.001 1.398 0.001
работать 0.001 0.409 0.0
мариуполе 0.001 0.824 0.001
вообще 0.001 0.066 0.0
телеграм-канала 0.001 1.699 0.002
медузой 0.001 0.921 0.001
третий 0.001 0.921 0.001
лишь 0.001 0.481 0.0
викторией 0.001 2.0 0.002
ситуации 0.001 0.721 0.001
объявлено 0.002 1.523 0.003
рбк 0.001 1.523 0.002
атакуя 0.001 2.0 0.002
момент 0.001 0.481 0.0
сказал 0.001 0.77 0.001
заседание 0.001 1.699 0.002
концерта 0.001 1.523 0.002
столько 0.001 0.921 0.001
количество 0.001 0.62 0.001
решено 0.001 1.699 0.002
тина 0.001 2.0 0.002
уголовное 0.001 1.301 0.001
неизвестно 0.001 0.77 0.001
мария 0.001 1.097 0.001
нашли 0.001 0.066 0.0
связи 0.002 0.0 0.0
какие 0.001 0.569 0.001
нашу 0.002 1.046 0.002
концерт 0.003 1.222 0.004
медуза 0.004 0.066 0.0
заблокировать 0.002 1.222 0.002
одного 0.002 0.432 0.001
рынка 0.003 1.097 0.003
начальников 0.001 2.0 0.002
родилась 0.001 1.222 0.001
нам 0.002 0.086 0.0
откуда 0.001 1.046 0.001
помочь 0.003 0.131 0.0
показать 0.001 1.155 0.001
последние 0.002 0.456 0.001
спарта 0.001 2.0 0.002
совпало 0.002 1.699 0.003
наших 0.001 0.658 0.001
намерен 0.001 1.699 0.002
продолжаем 0.001 0.699 0.001
викторию 0.001 2.0 0.002
митинга 0.001 2.0 0.002
стало 0.001 0.481 0.0
юридическим 0.001 0.102 0.0
часа 0.015 0.77 0.012
батальона 0.001 1.523 0.002
материалам 0.001 0.066 0.0
облигации 0.001 1.699 0.002
говорится 0.001 0.824 0.001
сцене 0.001 1.699 0.002
предусматривают 0.001 1.699 0.002
смогли 0.001 0.921 0.001
набиуллина 0.002 1.699 0.003
домодедово 0.001 2.0 0.002
сообщении 0.001 1.301 0.001
антивоенных 0.001 1.523 0.002
свободы 0.001 1.155 0.001
вещание 0.001 1.398 0.001
усилия 0.001 1.155 0.001
присвоено 0.001 2.0 0.002
телеканал 0.002 1.699 0.003
заявил 0.001 0.658 0.001
ведущий 0.001 1.301 0.001
берет 0.001 1.523 0.002
фонд 0.001 1.398 0.001
иностранным 0.001 0.097 0.0
получится 0.001 1.222 0.001
делают 0.002 0.745 0.001
следит 0.001 1.398 0.001
например 0.001 0.229 0.0
вернутся 0.001 2.0 0.002
погибших 0.001 1.097 0.001
своих 0.001 0.398 0.0
займа 0.003 2.0 0.006
сообщил 0.003 0.959 0.003
сми 0.001 0.602 0.001
возобновление 0.001 2.0 0.002
военную 0.001 1.046 0.001
выступления 0.001 1.046 0.001
уголовную 0.001 1.699 0.002
как-то 0.001 0.699 0.001
страной 0.002 0.959 0.002
ctrl+enter 0.001 0.066 0.0
рощиной 0.001 1.523 0.002
задержали 0.001 1.097 0.001
февраля 0.001 0.387 0.0
просим 0.001 1.699 0.002
шлосберга 0.001 2.0 0.002
новостиисторииразборшапитокоронавирусмагаз 0.001 0.066 0.0
безопасно 0.001 0.066 0.0
мирные 0.001 1.097 0.001
присоединения 0.002 1.398 0.003
департамента 0.001 1.398 0.001
обычно 0.001 0.523 0.001
рф 0.001 0.745 0.001
россия-матушка 0.001 2.0 0.002
вероятно 0.001 0.699 0.001
андрей 0.001 1.155 0.001
youtube 0.003 0.06 0.0
журналистка 0.002 1.398 0.003
сервере 0.001 2.0 0.002
создано 0.001 0.097 0.0
поправки 0.001 1.699 0.002
жизнь 0.003 0.538 0.002
телеграме 0.002 1.222 0.002
футболу 0.001 2.0 0.002
слева 0.001 1.398 0.001
получилось 0.001 0.886 0.001
ликсутов 0.001 2.0 0.002
поддержите 0.001 0.102 0.0
украины 0.001 0.569 0.001
новое 0.001 1.523 0.002
баннерами 0.001 2.0 0.002
причисленных 0.001 2.0 0.002
плаще 0.001 2.0 0.002
сегодня 0.004 0.638 0.003
сбоем 0.001 2.0 0.002
сцены 0.001 1.699 0.002
средством 0.001 0.102 0.0
возбудили 0.001 2.0 0.002
выполняющим 0.002 0.097 0.0
возможно 0.001 0.398 0.0
четыре 0.001 0.569 0.001
бюджетникам 0.001 2.0 0.002
жоге 0.001 2.0 0.002
году 0.001 0.367 0.0
карьеру 0.001 1.699 0.002
ошибку 0.001 0.066 0.0
обстрела 0.001 1.155 0.001
наталья 0.001 1.097 0.001
лет 0.002 0.252 0.001
лекарство 0.001 1.155 0.001
пойдут 0.001 1.398 0.001
говорил 0.001 0.959 0.001
впервые 0.001 0.824 0.001
восстановить 0.001 1.222 0.001
проводятся 0.001 1.097 0.001
уничтожат 0.001 2.0 0.002
буквой 0.001 1.699 0.002
проблем 0.001 0.796 0.001
скандирующий 0.001 2.0 0.002
эфире 0.002 1.155 0.002
военная 0.001 1.301 0.001
кричит 0.001 1.699 0.002
данные 0.001 0.066 0.0
фуксии 0.002 2.0 0.004
состоялось 0.001 1.699 0.002
киева 0.001 0.886 0.001
облигациями 0.002 2.0 0.004
биржи 0.003 1.699 0.005
технических 0.001 1.699 0.002
находящийся 0.001 2.0 0.002
украину 0.001 0.523 0.001
данным 0.002 0.444 0.001
платили 0.001 1.699 0.002
псковских 0.001 2.0 0.002
целую 0.001 2.0 0.002
нажмите 0.001 0.066 0.0
военных 0.001 0.699 0.001
словами 0.001 0.824 0.001
достигло 0.001 1.523 0.002
важные 0.001 0.854 0.001
rt 0.001 0.824 0.001
соображений 0.001 1.523 0.002
ушел 0.001 1.155 0.001
продолжает 0.001 0.658 0.001
российских 0.001 0.337 0.0
числе 0.001 0.31 0.0
других 0.002 0.26 0.001
бирже 0.001 2.0 0.002
обыски 0.002 2.0 0.004
иностранного 0.002 0.102 0.0
ведем 0.001 2.0 0.002
лужниках 0.005 1.523 0.008
области 0.001 0.602 0.001
человек 0.003 0.215 0.001
необходимых 0.001 1.398 0.001
материал 0.001 0.086 0.0
выступление 0.002 1.222 0.002
главные 0.001 0.921 0.001
стадиона 0.001 2.0 0.002
фондового 0.003 1.699 0.005
сообщалось 0.001 1.155 0.001
газеты 0.001 1.398 0.001
газманова 0.001 1.699 0.002
рассмотреть 0.001 1.398 0.001
справился 0.001 2.0 0.002
симоньян 0.002 1.398 0.003
сии 0.001 2.0 0.002
– 0.001 0.06 0.0
жителей 0.001 0.569 0.001
составили 0.002 1.222 0.002
время 0.001 0.102 0.0
закончил 0.002 1.523 0.003
leta 0.001 0.301 0.0
результате 0.001 0.62 0.001
нами 0.001 0.066 0.0
украинскому 0.001 1.398 0.001
перестанет 0.001 1.398 0.001
виктория 0.001 2.0 0.002
единая 0.001 2.0 0.002
лихие 0.001 1.699 0.002
лику 0.001 2.0 0.002
ура 0.001 1.097 0.001
обращение 0.001 1.523 0.002
российская 0.002 0.658 0.001
полную 0.001 1.046 0.001
песня 0.001 1.699 0.002
сохранил 0.001 1.523 0.002
устанавливают 0.001 1.523 0.002
событиях 0.001 1.222 0.001
гилева 0.001 2.0 0.002
стабилизации 0.001 2.0 0.002
рекламаmeduza 0.001 0.066 0.0
рязани 0.001 2.0 0.002
работы 0.001 0.553 0.001
лицом 0.001 0.102 0.0
принимала 0.001 2.0 0.002
рекордное 0.001 2.0 0.002
функции 0.002 0.097 0.0
ребенка 0.001 0.824 0.001
активистов 0.001 1.398 0.001
тысяч 0.001 0.337 0.0
командира 0.001 2.0 0.002
совета 0.002 0.959 0.002
переименовали 0.001 2.0 0.002
владивостока 0.001 1.523 0.002
трансляция 0.001 2.0 0.002
банк 0.002 1.523 0.003
днем 0.001 0.886 0.001
известно 0.001 0.481 0.0
звук 0.002 1.301 0.003
транспорта 0.001 1.398 0.001
выступил 0.001 1.0 0.001
громадське 0.002 1.523 0.003
максим 0.001 0.824 0.001
местопребывании 0.001 2.0 0.002
заявили 0.001 1.0 0.001
издание 0.001 0.721 0.001
назад 0.035 0.18 0.006
другими 0.001 0.495 0.0
снова 0.001 0.678 0.001
безопасности 0.001 0.481 0.0
прошедшие 0.001 1.301 0.001
обращается 0.001 1.301 0.001
перейти 0.001 0.066 0.0
поддержать 0.001 0.066 0.0
пишет 0.001 0.824 0.001
источник 0.001 0.174 0.0
телеканала 0.001 1.046 0.001
результатов 0.001 0.886 0.001
все-таки 0.001 0.553 0.001
avtozak 0.001 2.0 0.002
онлайне 0.001 2.0 0.002
война 0.001 0.469 0.0
славу 0.001 2.0 0.002
кодекс 0.001 0.066 0.0
объемах 0.001 1.699 0.002
заявлением 0.001 1.699 0.002
хочу 0.001 0.137 0.0
сибирской 0.001 1.699 0.002
также 0.001 0.237 0.0
героя 0.001 1.699 0.002
рассказывает 0.002 0.569 0.001
покупать 0.001 1.097 0.001
разрушенный 0.001 1.301 0.001
цензура 0.001 1.222 0.001
ссылкой 0.001 1.398 0.001
тасс 0.002 0.699 0.001
послушайте 0.002 2.0 0.004
набиуллиной 0.001 1.699 0.002
решил 0.002 0.959 0.002
стадион 0.001 2.0 0.002
антарктиду 0.001 2.0 0.002
заявило 0.001 1.398 0.001
данное 0.001 0.097 0.0
pool 0.001 1.523 0.002
звание 0.001 2.0 0.002
посещение 0.001 2.0 0.002
отозвал 0.001 1.523 0.002
бердянске 0.001 1.398 0.001
накануне 0.001 1.046 0.001
международному 0.001 1.523 0.002
свозили 0.001 2.0 0.002
ответственность 0.001 0.824 0.001
накладок 0.001 2.0 0.002
правила 0.001 0.066 0.0
турчак 0.001 2.0 0.002
находилась 0.001 2.0 0.002
подготовила 0.001 1.699 0.002
кредитно-денежной 0.001 2.0 0.002
вконтакте 0.001 0.066 0.0
губернатор 0.001 1.699 0.002
нашей 0.001 0.699 0.001
живет 0.001 0.854 0.001
live 0.002 0.022 0.0
генсек 0.001 2.0 0.002
маргариту 0.001 2.0 0.002
жители 0.001 0.745 0.001
цвета 0.001 1.398 0.001
двадцать 0.001 0.959 0.001
жоги 0.001 2.0 0.002
санкции 0.001 0.77 0.001
блог 0.001 0.066 0.0
инстаграм 0.001 0.066 0.0
расправой 0.001 2.0 0.002
© 0.001 0.0 0.0
информационной 0.001 1.222 0.001
вызывают 0.001 1.301 0.001
выделите 0.001 0.066 0.0
власти 0.003 0.387 0.001
святых 0.001 2.0 0.002
переименованной 0.001 2.0 0.002
начинает 0.001 0.959 0.001
недели 0.002 0.42 0.001
meduzacare 0.001 0.066 0.0
секции 0.003 2.0 0.006
эльвира 0.001 2.0 0.002
против 0.001 0.229 0.0
торги 0.003 2.0 0.006
аркадий 0.001 1.523 0.002
кнопка 0.001 0.066 0.0
пятницу 0.001 1.699 0.002
армия 0.002 0.959 0.002
единой 0.001 1.301 0.001
делала 0.001 2.0 0.002
дмитрий 0.001 0.658 0.001
показывают 0.001 1.097 0.001
центробанк 0.001 1.523 0.002
музыканты 0.002 1.398 0.003
вечерняя 0.001 0.066 0.0
речь 0.002 0.432 0.001
котировок 0.001 1.699 0.002
звуков 0.002 1.301 0.003
связь 0.001 0.721 0.001
рощину 0.001 2.0 0.002
это 0.004 0.066 0.0
другие 0.001 0.268 0.0
поддержки 0.002 0.066 0.0
называть 0.001 1.0 0.001
непубличным 0.001 2.0 0.002
роскомнадзору 0.001 2.0 0.002
помощь 0.001 0.097 0.0
давно 0.001 0.77 0.001
читателей 0.001 0.658 0.001
дело 0.001 0.509 0.001
проиграл 0.001 2.0 0.002
часы 0.001 1.699 0.002
секунд 0.001 1.301 0.001
лужники 0.002 2.0 0.004
подниматься 0.001 2.0 0.002
подольская 0.001 2.0 0.002
подозреваем 0.001 2.0 0.002
работаем 0.001 0.161 0.0
годовщины 0.001 1.523 0.002
блестящую 0.001 2.0 0.002
дня 0.001 0.523 0.001
валютном 0.001 2.0 0.002
войны 0.004 0.42 0.002
сообщает 0.002 1.523 0.003
фейки 0.001 1.398 0.001
около 0.001 0.432 0.0
новой 0.002 0.585 0.001
пытаются 0.001 0.745 0.001
тину 0.001 2.0 0.002
заметил 0.001 2.0 0.002
независимое 0.001 0.721 0.001
одну 0.001 0.77 0.001
котором 0.001 0.495 0.0
захарова 0.001 2.0 0.002
прочитайте 0.001 1.301 0.001
наро-фоминска 0.001 2.0 0.002
туда 0.001 0.921 0.001
заблокировали 0.001 1.222 0.001
отмечают 0.001 1.222 0.001
повторить 0.001 1.155 0.001
android 0.001 0.066 0.0
канделаки 0.004 2.0 0.008
english 0.001 0.06 0.0
коллеги 0.001 1.0 0.001
новости 0.004 0.481 0.002
захарову 0.002 1.699 0.003
выступать 0.001 1.398 0.001
сахалинской 0.001 2.0 0.002
войной 0.001 1.097 0.001
путина 0.002 0.721 0.001
техническим 0.001 1.301 0.001
обошлось 0.001 1.523 0.002
нужна 0.001 0.092 0.0
марта 0.012 0.319 0.004
льва 0.001 1.699 0.002
заявление 0.002 0.886 0.002
нагрузкой 0.001 1.523 0.002
прямом 0.002 1.301 0.003
грузии 0.001 1.523 0.002
грозы 0.001 2.0 0.002
корреспондента 0.001 1.222 0.001
z 0.001 1.046 0.001
броши 0.001 2.0 0.002
возникло 0.001 1.699 0.002
членов 0.001 1.097 0.001
подробнее 0.001 0.699 0.001
москвы 0.001 0.824 0.001
политике 0.001 1.222 0.001
требования 0.001 0.066 0.0
посмотреть 0.001 0.721 0.001
связаться 0.001 0.066 0.0
мэра 0.001 1.097 0.001
россию 0.001 0.678 0.001
информации 0.001 0.102 0.0
начало 0.001 1.097 0.001
митинге 0.001 1.523 0.002
ограничено 0.001 1.398 0.001
высказываний 0.001 1.523 0.002
сообществу 0.001 2.0 0.002
рождения 0.001 1.097 0.001
выложило 0.001 2.0 0.002
гимн 0.002 1.398 0.003
глава 0.002 0.824 0.002
федора 0.001 1.699 0.002
способом 0.001 1.155 0.001
транспорт 0.001 1.222 0.001
объяснили 0.001 1.222 0.001
просьбой 0.001 1.301 0.001
za 0.004 1.699 0.007
риа 0.002 1.301 0.003
ключевую 0.002 1.222 0.002
директоров 0.001 1.398 0.001
сломить 0.001 2.0 0.002
уверен 0.001 0.959 0.001
яблоко 0.001 2.0 0.002
медузе 0.002 0.066 0.0
освобождении 0.001 1.523 0.002
инструментами 0.001 2.0 0.002
объяснить 0.001 0.921 0.001
facebook 0.001 0.0 0.0
медузу 0.003 0.066 0.0
обработки 0.001 0.066 0.0
марию 0.001 2.0 0.002
забери 0.001 2.0 0.002
домой 0.001 0.824 0.001
онлайн 0.002 0.959 0.002
выйти 0.001 1.0 0.001
фсб 0.001 1.155 0.001
россия 0.004 0.398 0.002
когда-то 0.001 1.301 0.001
одет 0.001 2.0 0.002
массовой 0.001 0.097 0.0
проходят 0.001 1.0 0.001
ситтель 0.001 2.0 0.002
эфир 0.001 1.097 0.001
годовых 0.002 1.699 0.003
послушать 0.001 1.699 0.002
scanpix 0.001 0.301 0.0
оккупанты 0.001 1.699 0.002
видеохостинг 0.001 2.0 0.002
словам 0.001 0.658 0.001
спасибоgiphyза 0.001 0.066 0.0
показывать 0.001 0.066 0.0
ограничилась 0.001 2.0 0.002
спокойно 0.001 0.824 0.001
twitter 0.001 0.0 0.0
улице 0.001 0.886 0.001
пожалуйста 0.001 0.102 0.0
всему 0.002 0.699 0.001
массовку 0.001 2.0 0.002
гибели 0.001 1.523 0.002
платформы 0.002 0.066 0.0
миру 0.002 0.796 0.002
можем 0.002 0.62 0.001
принесло 0.001 2.0 0.002
сколково 0.001 1.301 0.001
персональные 0.001 0.066 0.0
такое 0.001 0.347 0.0
заместитель 0.001 1.301 0.001
зеленский 0.001 0.959 0.001
которые 0.001 0.119 0.0
путин 0.003 0.658 0.002
предприняты 0.001 2.0 0.002
ранее 0.001 0.62 0.001
meduza 0.002 0.0 0.0
нацизма 0.001 1.222 0.001
прошли 0.001 0.796 0.001
погиб 0.001 1.398 0.001
уровне 0.002 0.638 0.001
продать 0.001 1.523 0.002
угрожают 0.001 1.398 0.001
близкий 0.001 1.222 0.001
заседания 0.001 1.523 0.002
приехало 0.001 2.0 0.002
торгов 0.001 2.0 0.002
ведущие 0.001 1.097 0.001
выступает 0.001 1.0 0.001
показываем 0.002 1.523 0.003
мвд 0.001 1.398 0.001
общество 0.001 0.886 0.001
звучит 0.001 1.398 0.001
российским 0.001 0.092 0.0
которых 0.001 0.237 0.0
регулятор 0.001 1.398 0.001
90-е 0.001 2.0 0.002
возобновить 0.002 2.0 0.004
плановое 0.001 2.0 0.002
украине 0.002 0.444 0.001
журналистку 0.001 2.0 0.002
реклама 0.002 0.066 0.0
интересах 0.001 0.167 0.0
русском 0.001 1.097 0.001
начала 0.001 0.398 0.0
нацию 0.001 1.523 0.002
городах 0.002 1.0 0.002
выключается 0.001 2.0 0.002
адмирала 0.001 2.0 0.002
корреспондент 0.002 1.301 0.003
сообщение 0.001 0.102 0.0
выключили 0.001 1.699 0.002
табличку 0.001 2.0 0.002
