числа 0.0 0.745 0.0
первую-вторую 0.0 2.0 0.0
редакции 0.001 0.066 0.0
избыточную 0.0 1.699 0.0
ждать 0.0 0.745 0.0
баннерам 0.0 0.066 0.0
действительно 0.0 0.377 0.0
молодежная 0.0 2.0 0.0
относится 0.001 1.0 0.001
валерий 0.0 1.301 0.0
zara 0.001 2.0 0.002
совершенно 0.002 0.678 0.001
потере 0.0 1.699 0.0
повлияет 0.001 1.523 0.002
рабочих 0.001 1.523 0.002
причем 0.0 0.62 0.0
предусматривали 0.0 2.0 0.0
сошлось 0.0 2.0 0.0
зубаревич 0.001 1.699 0.002
находит 0.0 2.0 0.0
сворачивают 0.0 2.0 0.0
поставив 0.0 1.699 0.0
обучить 0.0 2.0 0.0
икею 0.0 2.0 0.0
бюджетников 0.0 2.0 0.0
каким-то 0.0 1.046 0.0
высоким 0.0 1.046 0.0
отказываться 0.0 1.523 0.0
гражданские 0.0 1.301 0.0
продолжаться 0.0 1.398 0.0
статистический 0.0 1.398 0.0
увольняют 0.0 2.0 0.0
юридического 0.0 1.699 0.0
низкую 0.0 1.523 0.0
международная 0.0 1.301 0.0
сравнивают 0.0 1.155 0.0
пособие 0.004 2.0 0.008
дней 0.001 0.337 0.0
приходит 0.0 1.398 0.0
смотрело 0.0 2.0 0.0
известными 0.0 2.0 0.0
производством 0.0 1.222 0.0
заняты 0.0 1.222 0.0
индивидуальные 0.0 1.699 0.0
вместо 0.001 0.77 0.001
деградации 0.0 1.699 0.0
цифра 0.0 2.0 0.0
приглашать 0.0 1.699 0.0
сторонние 0.0 1.699 0.0
автомобиль 0.0 1.699 0.0
своего 0.001 0.721 0.001
частности 0.0 0.678 0.0
ассоциация 0.0 2.0 0.0
медузы 0.001 0.268 0.0
продукции 0.0 1.699 0.0
этих 0.001 0.337 0.0
сектор 0.0 1.523 0.0
далее 0.002 0.959 0.002
1998-м 0.001 2.0 0.002
говорите 0.0 1.155 0.0
каналам 0.0 2.0 0.0
выросла 0.0 1.523 0.0
оказались 0.0 0.886 0.0
ситуации 0.001 0.721 0.001
гимпельсоном 0.0 2.0 0.0
истории 0.003 0.337 0.001
грубо 0.0 1.046 0.0
момент 0.0 0.481 0.0
силу 0.001 1.0 0.001
сюда 0.001 1.097 0.001
крупных 0.001 0.959 0.001
миллионов 0.001 0.638 0.001
нашли 0.0 0.066 0.0
связи 0.001 0.0 0.0
какие 0.001 0.569 0.001
медуза 0.003 0.066 0.0
попадет 0.001 1.222 0.001
нам 0.002 0.086 0.0
предпринимателей 0.0 1.699 0.0
трудовые 0.0 2.0 0.0
выплачивается 0.0 2.0 0.0
этому 0.0 0.432 0.0
кризис 0.001 1.097 0.001
утечка 0.0 2.0 0.0
материалам 0.0 0.066 0.0
срочно 0.0 0.167 0.0
итого 0.0 2.0 0.0
городов 0.001 0.796 0.001
называю 0.0 2.0 0.0
торговых 0.0 1.398 0.0
меньше 0.002 0.444 0.001
другим 0.0 0.62 0.0
возрастной 0.0 1.523 0.0
обстоятельств 0.0 1.301 0.0
музее 0.0 2.0 0.0
главный 0.0 0.638 0.0
своих 0.0 0.398 0.0
очевидный 0.0 2.0 0.0
сонин 0.001 1.699 0.002
формы 0.0 1.046 0.0
выбором 0.001 1.699 0.002
национализации 0.0 2.0 0.0
ctrl+enter 0.0 0.066 0.0
иностранные 0.0 1.155 0.0
прекратили 0.001 1.699 0.002
рано 0.0 0.921 0.0
ладно 0.0 1.699 0.0
вероятно 0.001 0.699 0.001
соблюдаться 0.001 2.0 0.002
проблему 0.0 1.155 0.0
здравствуйте 0.0 2.0 0.0
доступа 0.0 1.097 0.0
субсидированию 0.0 2.0 0.0
национализация 0.001 2.0 0.002
крупные 0.0 1.301 0.0
знаменателя 0.0 2.0 0.0
шоке 0.0 1.523 0.0
сектора 0.0 2.0 0.0
угодно 0.001 1.301 0.001
сами 0.001 0.538 0.001
стараться 0.0 1.699 0.0
предполагает 0.0 1.222 0.0
правильно 0.0 0.824 0.0
квалификацией 0.0 2.0 0.0
западные 0.0 1.222 0.0
гостиницы 0.0 2.0 0.0
рассматривают 0.0 1.699 0.0
логистическая 0.0 2.0 0.0
регулированием 0.0 2.0 0.0
напоминает 0.0 1.155 0.0
понимаете 0.0 1.046 0.0
занятый 0.0 2.0 0.0
ушедшие 0.001 2.0 0.002
выпуска 0.0 1.398 0.0
лишился 0.001 2.0 0.002
украину 0.0 0.523 0.0
задаются 0.0 2.0 0.0
нажмите 0.0 0.066 0.0
природа 0.0 2.0 0.0
российский 0.0 0.638 0.0
нормальной 0.0 1.097 0.0
делается 0.0 1.301 0.0
приняты 0.0 1.699 0.0
других 0.0 0.26 0.0
величине 0.0 1.699 0.0
иностранного 0.001 0.102 0.0
нынешний 0.001 1.398 0.001
человек 0.004 0.215 0.001
поиске 0.002 1.699 0.003
строительство 0.0 1.523 0.0
– 0.0 0.06 0.0
прекращаются 0.0 1.699 0.0
ковида 0.0 0.444 0.0
нами 0.0 0.066 0.0
рвались 0.0 2.0 0.0
мест 0.001 1.398 0.001
лицом 0.0 0.102 0.0
бюджеты 0.0 2.0 0.0
публикует 0.001 1.222 0.001
рабочий 0.0 1.523 0.0
крайние 0.0 1.523 0.0
функции 0.001 0.097 0.0
разного 0.0 1.222 0.0
лишились 0.001 1.398 0.001
ситуациях 0.0 1.155 0.0
лютова 0.0 1.699 0.0
руководство 0.001 1.097 0.001
профессии 0.002 1.699 0.003
сложном 0.0 2.0 0.0
проявится 0.0 2.0 0.0
истопниками 0.0 2.0 0.0
производен 0.0 2.0 0.0
прошедшие 0.0 1.301 0.0
уволить 0.0 1.699 0.0
перейти 0.0 0.066 0.0
убирать 0.001 1.301 0.001
поддержать 0.001 0.066 0.0
морев 0.0 2.0 0.0
открытой 0.0 1.301 0.0
какие-то 0.001 0.538 0.001
скоро 0.0 0.796 0.0
самым 0.0 0.921 0.0
увольнения 0.001 1.523 0.002
тасс 0.0 0.699 0.0
продают 0.0 1.699 0.0
данное 0.0 0.097 0.0
пятый 0.0 1.222 0.0
какой-то 0.001 0.538 0.001
нарушения 0.0 1.398 0.0
заключается 0.0 1.301 0.0
бизнес 0.001 1.0 0.001
беседовала 0.0 1.523 0.0
ответственность 0.0 0.824 0.0
окажется 0.0 1.097 0.0
африканские 0.0 2.0 0.0
ищущих 0.0 2.0 0.0
могу 0.0 0.658 0.0
live 0.0 0.022 0.0
уходить 0.001 1.301 0.001
наблюдаем 0.0 1.699 0.0
блог 0.0 0.066 0.0
наверняка 0.0 1.398 0.0
проблема 0.001 0.721 0.001
разных 0.001 0.398 0.0
статистике 0.0 1.301 0.0
начинает 0.0 0.959 0.0
адаптация 0.0 2.0 0.0
массовый 0.0 1.699 0.0
meduzacare 0.0 0.066 0.0
говоря 0.001 0.77 0.001
отразятся 0.001 2.0 0.002
бежали 0.0 1.398 0.0
кризисам 0.0 2.0 0.0
начинают 0.0 0.886 0.0
кнопка 0.0 0.066 0.0
сжимаются 0.0 2.0 0.0
правительство 0.0 0.824 0.0
девяностые 0.0 1.699 0.0
заниматься 0.001 0.886 0.001
легкость 0.0 2.0 0.0
другие 0.001 0.268 0.0
напрямую 0.0 1.0 0.0
пандемии 0.0 0.658 0.0
административных 0.0 2.0 0.0
учили 0.0 1.699 0.0
риском 0.0 1.222 0.0
защищает 0.001 0.921 0.001
физикой 0.0 2.0 0.0
какое-то 0.001 0.959 0.001
советского 0.001 1.301 0.001
занято 0.0 2.0 0.0
вновь 0.0 1.155 0.0
занятость 0.0 2.0 0.0
зарегистрировать 0.0 1.301 0.0
независимое 0.0 0.721 0.0
величина 0.0 1.523 0.0
24/7 0.0 0.102 0.0
снижение 0.001 1.0 0.001
одинаково 0.0 1.301 0.0
звонить 0.0 1.155 0.0
создание 0.0 1.523 0.0
уходящие 0.001 2.0 0.002
меняют 0.0 1.699 0.0
серьезным 0.0 1.301 0.0
теряет 0.0 1.699 0.0
прошла 0.0 1.097 0.0
обстоятельства 0.001 1.699 0.002
случаях 0.001 0.658 0.001
факт 0.0 0.77 0.0
возможна 0.001 1.222 0.001
высокими 0.0 1.699 0.0
требования 0.0 0.066 0.0
связаться 0.0 0.066 0.0
2000-е 0.0 2.0 0.0
информации 0.0 0.102 0.0
тех 0.001 0.26 0.0
наказать 0.0 1.523 0.0
джунгли 0.0 2.0 0.0
слабо 0.0 1.398 0.0
темпе 0.0 1.699 0.0
стены 0.0 1.155 0.0
широкое 0.0 2.0 0.0
сократилась 0.0 1.699 0.0
берлине 0.0 1.222 0.0
этим 0.0 0.337 0.0
сделает 0.0 1.699 0.0
россия 0.002 0.398 0.001
знаем 0.001 0.585 0.001
дольше 0.0 1.155 0.0
причине 0.0 1.155 0.0
составляла 0.0 1.699 0.0
такие 0.0 0.444 0.0
методологии 0.0 1.699 0.0
функционировать 0.0 1.699 0.0
площадей 0.0 2.0 0.0
спасибоgiphyза 0.0 0.066 0.0
компания 0.0 1.0 0.0
ковырять 0.0 2.0 0.0
раньше 0.0 0.432 0.0
качественным 0.0 2.0 0.0
сокращенную 0.0 2.0 0.0
пожалуйста 0.0 0.102 0.0
можем 0.001 0.62 0.001
безработных 0.002 2.0 0.004
запаздывают 0.0 2.0 0.0
именно 0.0 0.244 0.0
серым 0.0 1.699 0.0
очень 0.008 0.149 0.001
netflix 0.001 2.0 0.002
одна 0.001 0.42 0.0
доходами 0.001 2.0 0.002
визит 0.0 1.699 0.0
ожидаем 0.0 1.523 0.0
идут 0.0 0.699 0.0
рода 0.001 0.854 0.001
плюс 0.0 1.046 0.0
иностранных 0.0 1.046 0.0
ашан 0.0 2.0 0.0
существует 0.0 0.745 0.0
российским 0.0 0.092 0.0
одной 0.0 0.398 0.0
немножко 0.0 1.222 0.0
войти 0.0 1.699 0.0
какой-либо 0.0 1.155 0.0
тому 0.0 0.509 0.0
которым 0.0 0.658 0.0
вместе 0.0 0.602 0.0
интересах 0.001 0.167 0.0
частное 0.0 2.0 0.0
товаров 0.0 1.398 0.0
внутренняя 0.001 1.398 0.001
рынке 0.001 1.0 0.001
какое-нибудь 0.0 1.699 0.0
законами 0.0 1.699 0.0
адаптировался 0.0 2.0 0.0
предположить 0.0 0.959 0.0
защищена 0.0 1.398 0.0
управлять 0.0 2.0 0.0
in 0.0 0.0 0.0
крайне 0.001 0.721 0.001
защищенности 0.0 2.0 0.0
тень 0.0 2.0 0.0
таких 0.001 0.347 0.0
отток 0.0 2.0 0.0
разными 0.0 0.824 0.0
задержки 0.0 1.699 0.0
зарегистрированная 0.0 1.523 0.0
каких 0.0 0.854 0.0
отличие 0.0 0.886 0.0
измерению 0.0 2.0 0.0
мерлен 0.0 2.0 0.0
просто 0.002 0.194 0.0
хозяйственных 0.0 2.0 0.0
стараются 0.0 1.155 0.0
наличии 0.001 1.155 0.001
даст 0.0 2.0 0.0
промежуточную 0.0 2.0 0.0
общая 0.0 1.155 0.0
две 0.001 0.553 0.001
дальше 0.0 0.523 0.0
повышение 0.0 1.301 0.0
доходов 0.001 2.0 0.002
часов 0.001 0.678 0.001
происходить 0.0 1.155 0.0
числитель 0.0 2.0 0.0
распространено 0.0 0.102 0.0
другом 0.0 0.721 0.0
причинам 0.001 0.959 0.001
ios 0.0 0.066 0.0
низкий 0.001 1.222 0.001
приостановки 0.001 2.0 0.002
вне 0.001 0.886 0.001
попробовать 0.001 1.398 0.001
прямо 0.001 0.357 0.0
разным 0.0 1.097 0.0
нормализация 0.0 2.0 0.0
леруа 0.0 2.0 0.0
обновленный 0.001 2.0 0.002
соглашаться 0.0 1.523 0.0
международном 0.0 1.301 0.0
владимир 0.0 0.62 0.0
пока 0.0 0.208 0.0
утечки 0.0 1.523 0.0
пришло 0.0 1.398 0.0
высокооплачиваемые 0.0 2.0 0.0
нового 0.0 0.638 0.0
таксист 0.0 2.0 0.0
давайте 0.0 1.097 0.0
значительной 0.001 1.155 0.001
неполный 0.0 1.699 0.0
сжиматься 0.0 2.0 0.0
буша 0.0 2.0 0.0
гибкостью 0.0 2.0 0.0
разрыв 0.0 2.0 0.0
отметку 0.0 2.0 0.0
отрасль 0.0 1.699 0.0
последние 0.001 0.456 0.0
усложнить 0.0 2.0 0.0
логистики 0.0 2.0 0.0
разные 0.0 0.721 0.0
особенностей 0.0 1.222 0.0
такую 0.0 0.824 0.0
безработица 0.004 1.699 0.007
зависимости 0.001 0.796 0.001
юридическим 0.0 0.102 0.0
рвет 0.0 1.699 0.0
вверх 0.001 1.398 0.001
группе 0.0 0.745 0.0
поставщиков 0.0 1.699 0.0
72-х 0.0 2.0 0.0
несмотря 0.0 0.456 0.0
понятие 0.0 1.523 0.0
китайские 0.0 1.301 0.0
стали 0.0 0.42 0.0
связей 0.0 1.301 0.0
нужно 0.003 0.237 0.001
пытаться 0.0 1.398 0.0
кстати 0.0 0.886 0.0
региональные 0.0 1.523 0.0
становится 0.001 0.721 0.001
приостановке 0.0 1.523 0.0
как-то 0.001 0.699 0.001
уголовную 0.0 1.699 0.0
безопасно 0.0 0.066 0.0
проще 0.0 1.0 0.0
импорт 0.001 1.523 0.002
сквозь 0.0 1.699 0.0
детали 0.0 1.301 0.0
youtube 0.0 0.06 0.0
магазинов 0.0 1.222 0.0
называется 0.0 1.0 0.0
создано 0.0 0.097 0.0
разрушены 0.0 1.301 0.0
врачи 0.0 0.886 0.0
6–7 0.0 2.0 0.0
достаточно 0.0 0.444 0.0
многие 0.004 0.284 0.001
средством 0.0 0.102 0.0
внешние 0.0 1.398 0.0
соответствии 0.0 1.0 0.0
внутри 0.0 0.745 0.0
готов 0.001 0.921 0.001
возвращаемся 0.0 1.523 0.0
упрощение 0.0 2.0 0.0
резкий 0.0 1.523 0.0
искать 0.0 0.854 0.0
говорят 0.0 0.432 0.0
где-то 0.001 0.721 0.001
семнадцатый 0.001 1.398 0.001
создает 0.0 1.222 0.0
нижним 0.0 2.0 0.0
своей 0.001 0.42 0.0
гипертрофировать 0.0 2.0 0.0
помочьхочу 0.0 0.886 0.0
легко… 0.0 2.0 0.0
девяностых 0.001 1.398 0.001
ставить 0.001 1.523 0.002
сформулировали 0.0 1.699 0.0
растет 0.0 1.155 0.0
доход 0.0 1.398 0.0
правил 0.0 1.222 0.0
самозанятые 0.0 2.0 0.0
важные 0.0 0.854 0.0
сложных 0.0 1.699 0.0
российских 0.001 0.337 0.0
поставки 0.0 1.155 0.0
огромный 0.0 1.398 0.0
европейских 0.0 1.046 0.0
время 0.002 0.102 0.0
видим 0.0 0.921 0.0
добавить 0.0 1.523 0.0
продукцию 0.0 1.523 0.0
лицах 0.0 2.0 0.0
работают 0.001 0.553 0.001
менеджеров 0.0 1.699 0.0
государство 0.004 0.854 0.003
конце 0.0 0.745 0.0
рекламаmeduza 0.0 0.066 0.0
войне 0.001 0.62 0.001
приятно 0.0 1.699 0.0
невыгодно 0.0 1.523 0.0
маленького 0.0 1.301 0.0
стандартная 0.0 2.0 0.0
выпускать 0.001 1.097 0.001
трехкратный 0.0 2.0 0.0
бренды 0.0 2.0 0.0
создают 0.0 1.301 0.0
ответить 0.0 0.886 0.0
дворниками 0.0 2.0 0.0
необязательно 0.0 1.523 0.0
среди 0.001 0.42 0.0
труд 0.001 2.0 0.002
дорогим 0.0 2.0 0.0
трудового 0.001 2.0 0.002
региональных 0.0 1.301 0.0
безработице 0.002 2.0 0.004
издание 0.0 0.721 0.0
назад 0.005 0.18 0.001
зафиксирован 0.0 2.0 0.0
короткий 0.0 1.699 0.0
кризисе 0.0 1.523 0.0
степень 0.0 1.046 0.0
общеизвестные 0.0 2.0 0.0
союза 0.001 1.301 0.001
компаний 0.001 0.959 0.001
ищет 0.0 1.699 0.0
экономические 0.0 1.523 0.0
ответа 0.001 0.886 0.001
война 0.002 0.469 0.001
кодекс 0.0 0.066 0.0
также 0.001 0.237 0.0
подбирали 0.0 2.0 0.0
серьезно 0.0 1.301 0.0
экономики 0.001 1.155 0.001
трансферты 0.0 2.0 0.0
дауншифтинга 0.0 2.0 0.0
оценок 0.0 1.222 0.0
шоком 0.0 2.0 0.0
создаются 0.0 1.523 0.0
90-х 0.0 2.0 0.0
платят 0.0 2.0 0.0
сокращению 0.0 1.699 0.0
утечку 0.001 1.699 0.002
поговорила 0.0 0.886 0.0
возможностей 0.0 1.699 0.0
вконтакте 0.0 0.066 0.0
сегменте 0.0 2.0 0.0
санкции 0.001 0.77 0.001
выделите 0.0 0.066 0.0
получить 0.002 0.553 0.001
власти 0.0 0.387 0.0
регионалист 0.001 1.699 0.002
недели 0.001 0.42 0.0
гимпельсон 0.0 1.523 0.0
предприятия 0.003 1.046 0.003
пойдет 0.0 1.301 0.0
высокое 0.001 1.523 0.002
текущий 0.0 1.523 0.0
занятие 0.0 2.0 0.0
той 0.0 0.62 0.0
неоднородная 0.0 2.0 0.0
бизнесе 0.0 1.699 0.0
еды 0.0 1.097 0.0
заработки 0.001 2.0 0.002
нужны 0.001 0.745 0.001
вечерняя 0.0 0.066 0.0
1990-е 0.0 1.398 0.0
готовы 0.0 0.678 0.0
поддержки 0.001 0.066 0.0
маленькое 0.0 1.699 0.0
начинали 0.0 1.398 0.0
называют 0.0 0.699 0.0
предприятие 0.001 1.699 0.002
точку 0.0 1.097 0.0
правы 0.001 1.699 0.002
дня 0.001 0.523 0.001
уходят 0.0 1.523 0.0
труда 0.006 1.046 0.006
принципиальность 0.0 2.0 0.0
артефакт 0.0 2.0 0.0
наоборот 0.0 0.824 0.0
понимаем 0.0 1.222 0.0
туда 0.0 0.921 0.0
android 0.0 0.066 0.0
кодекса 0.001 1.699 0.002
инфляция 0.0 1.699 0.0
корпоративного 0.0 2.0 0.0
сравниваем 0.0 2.0 0.0
скажут 0.0 2.0 0.0
нужна 0.001 0.092 0.0
марта 0.0 0.319 0.0
избыточной 0.0 1.155 0.0
ограничили 0.001 1.523 0.002
дома 0.0 0.638 0.0
посмотреть 0.0 0.721 0.0
слагаемое 0.0 2.0 0.0
samsung 0.001 2.0 0.002
покупатели 0.0 2.0 0.0
жестче 0.001 1.301 0.001
кризисов 0.001 2.0 0.002
цифрах 0.001 1.699 0.002
предприятиях 0.001 2.0 0.002
смысл 0.001 0.959 0.001
регулярно 0.0 1.0 0.0
росстата 0.001 1.523 0.002
сохранение 0.0 1.699 0.0
электросетям 0.0 2.0 0.0
округлять 0.0 2.0 0.0
медузе 0.001 0.066 0.0
сказали 0.0 0.959 0.0
везде 0.001 1.046 0.001
усугубляет 0.0 2.0 0.0
учатся 0.0 2.0 0.0
медузу 0.001 0.066 0.0
обработки 0.0 0.066 0.0
вселяют 0.001 1.699 0.002
стороны 0.0 0.432 0.0
массовой 0.0 0.097 0.0
точки 0.002 0.638 0.001
сложно 0.001 0.538 0.001
топ-менеджеры 0.0 2.0 0.0
каждый 0.001 0.509 0.001
находятся 0.0 0.854 0.0
торговле 0.0 2.0 0.0
отрицательной 0.0 2.0 0.0
оказывается 0.0 0.886 0.0
сложнее 0.0 0.921 0.0
жесткостью 0.0 2.0 0.0
пособия 0.001 2.0 0.002
странах-членах 0.0 2.0 0.0
доставщик 0.0 2.0 0.0
константин 0.001 1.523 0.002
сегмента 0.0 1.523 0.0
деятельности 0.0 1.097 0.0
импортозамещать 0.0 2.0 0.0
положении 0.0 1.699 0.0
оперируя 0.0 2.0 0.0
рабочую 0.0 2.0 0.0
какие-нибудь 0.0 1.699 0.0
многих 0.0 0.658 0.0
удар 0.0 0.886 0.0
иначе 0.0 0.745 0.0
другая 0.001 0.886 0.001
странах 0.001 0.495 0.0
получаем 0.0 2.0 0.0
случиться 0.001 1.523 0.002
опыт 0.0 0.886 0.0
импортозамещение 0.001 1.699 0.002
порядок 0.0 1.155 0.0
реклама 0.001 0.066 0.0
оказаться 0.001 0.796 0.001
делать 0.0 0.276 0.0
возникает 0.001 0.959 0.001
плохо 0.0 0.569 0.0
массу 0.0 1.699 0.0
рынок 0.002 0.921 0.002
список 0.001 0.658 0.001
помните 0.0 1.301 0.0
цепочки 0.001 1.222 0.001
виду 0.0 0.745 0.0
заблокирована 0.0 0.824 0.0
россии 0.005 0.119 0.001
выплат 0.001 2.0 0.002
открывались 0.0 1.699 0.0
девяностыми 0.001 1.699 0.002
зависит 0.001 0.638 0.001
агента 0.001 0.097 0.0
классифицируются 0.0 2.0 0.0
какую-нибудь 0.0 2.0 0.0
скрытой 0.0 2.0 0.0
процедур 0.0 1.398 0.0
нанимают 0.0 2.0 0.0
системы 0.0 0.585 0.0
занята 0.0 2.0 0.0
средние 0.0 1.523 0.0
маргарита 0.0 1.301 0.0
трудно 0.0 0.824 0.0
аналогии 0.0 1.523 0.0
свободных 0.0 1.523 0.0
представителя 0.0 1.222 0.0
уровень 0.004 0.824 0.003
выживайте 0.0 2.0 0.0
автомобилей 0.0 1.523 0.0
очереди 0.0 1.046 0.0
вторжения 0.0 0.77 0.0
цифрами 0.0 1.699 0.0
высокой 0.0 0.959 0.0
денег 0.001 0.886 0.001
труднее 0.0 0.721 0.0
читателейнам 0.0 0.174 0.0
адаптируется 0.0 2.0 0.0
.. 0.0 1.523 0.0
страны 0.002 0.444 0.001
смехотворным 0.0 2.0 0.0
немецкие 0.0 1.523 0.0
порядку 0.0 0.066 0.0
работает 0.001 0.367 0.0
вами 0.0 1.0 0.0
организовать 0.0 1.155 0.0
цифрам 0.0 2.0 0.0
сидеть 0.0 1.097 0.0
трудовых 0.0 2.0 0.0
самый 0.0 0.721 0.0
измеренную 0.0 2.0 0.0
боязливые 0.0 2.0 0.0
сколько 0.0 0.585 0.0
компаниям 0.001 1.398 0.001
легковых 0.0 1.699 0.0
занимаются 0.0 1.301 0.0
заканчивать 0.0 1.699 0.0
умеете 0.0 2.0 0.0
российской 0.0 0.432 0.0
регулирование 0.001 2.0 0.002
деньги 0.0 0.77 0.0
могут 0.003 0.187 0.001
день 0.003 0.328 0.001
лица 0.0 0.824 0.0
поддерживать 0.0 0.886 0.0
логистическим 0.0 2.0 0.0
одном 0.0 0.699 0.0
долго 0.001 0.745 0.001
совершить 0.0 1.699 0.0
примитивизация 0.0 2.0 0.0
молодежной 0.0 1.699 0.0
найти 0.001 0.602 0.001
работать 0.0 0.409 0.0
удивительно 0.001 1.398 0.001
пошел 0.0 1.097 0.0
ухода 0.0 1.523 0.0
владимиром 0.0 1.523 0.0
обслуживать 0.0 1.699 0.0
начале 0.0 0.602 0.0
существенны 0.0 2.0 0.0
реальности 0.0 0.921 0.0
жесткие 0.001 1.222 0.001
отчитываются 0.0 2.0 0.0
столько 0.0 0.921 0.0
называем 0.0 1.523 0.0
количество 0.001 0.62 0.001
свободно 0.0 1.301 0.0
период 0.0 0.796 0.0
нем 0.0 0.602 0.0
различные 0.0 1.301 0.0
рынка 0.002 1.097 0.002
помимо 0.0 0.796 0.0
имеем 0.0 1.398 0.0
эмиграция 0.0 2.0 0.0
мало 0.0 0.538 0.0
зарегистрируйте 0.0 2.0 0.0
стало 0.001 0.481 0.0
некоторой 0.0 1.398 0.0
среднего 0.0 1.301 0.0
половину 0.0 1.523 0.0
число 0.001 0.658 0.001
случае 0.001 0.357 0.0
порассуждать 0.0 2.0 0.0
проходил 0.0 2.0 0.0
вести 0.0 0.824 0.0
иностранным 0.001 0.097 0.0
относительно 0.001 0.721 0.001
выборке 0.0 1.222 0.0
торговля 0.0 2.0 0.0
например 0.003 0.229 0.001
началась 0.0 0.678 0.0
конверты 0.0 2.0 0.0
более-менее 0.001 1.155 0.001
волне 0.001 1.301 0.001
что-то 0.003 0.569 0.002
домашнем 0.0 2.0 0.0
всей 0.0 0.699 0.0
потерять 0.0 1.222 0.0
жизнь 0.001 0.538 0.001
останавливать 0.0 1.398 0.0
докладов 0.0 2.0 0.0
поддержите 0.0 0.102 0.0
потери 0.0 1.097 0.0
населения 0.0 0.658 0.0
испании 0.0 1.699 0.0
думаю 0.001 0.721 0.001
зрения 0.001 0.602 0.001
любые 0.0 0.854 0.0
принадлежавших 0.0 2.0 0.0
предприниматели 0.0 1.699 0.0
количествах 0.0 1.699 0.0
поэтому 0.001 0.328 0.0
поставщики 0.001 2.0 0.002
никого 0.0 1.097 0.0
повышенное 0.0 2.0 0.0
году 0.001 0.367 0.0
количественных 0.0 2.0 0.0
наталья 0.001 1.097 0.001
грозит 0.0 1.155 0.0
лет 0.001 0.252 0.0
предприятий 0.001 1.699 0.002
специальные 0.0 1.523 0.0
российскому 0.0 1.097 0.0
вынужден 0.0 1.699 0.0
задачи 0.0 1.301 0.0
мизерное 0.0 2.0 0.0
вопрос 0.001 0.42 0.0
данные 0.0 0.066 0.0
сталкиваются 0.001 2.0 0.002
покупателей 0.0 1.699 0.0
хотите 0.0 0.921 0.0
закрываем 0.0 1.699 0.0
неинтересно 0.0 2.0 0.0
рестораны 0.0 1.699 0.0
внутренних 0.0 1.523 0.0
обследования 0.0 1.699 0.0
концов 0.0 1.301 0.0
нулевой 0.0 1.523 0.0
отвечает 0.002 0.854 0.002
понятно 0.0 0.699 0.0
ниш 0.0 2.0 0.0
ходим 0.0 2.0 0.0
надежду 0.001 1.301 0.001
сторона 0.001 1.222 0.001
сокращаются 0.0 2.0 0.0
советские 0.0 1.699 0.0
экономике 0.001 1.301 0.001
массово 0.0 1.097 0.0
сравнивать 0.0 0.959 0.0
небюджетники 0.0 2.0 0.0
новые 0.001 0.602 0.001
абсорбируют 0.001 2.0 0.002
молодых 0.001 1.222 0.001
говорить 0.001 0.602 0.001
вводят 0.0 1.398 0.0
половина 0.001 1.301 0.001
останавливаться 0.0 1.699 0.0
бюджетники 0.0 2.0 0.0
инспекцией 0.0 2.0 0.0
высокий 0.0 1.046 0.0
профессиями 0.0 2.0 0.0
высокая 0.001 1.046 0.001
репетитором 0.0 2.0 0.0
задерживать 0.0 1.699 0.0
зарплату 0.001 1.523 0.002
10–12 0.0 2.0 0.0
источник 0.0 0.174 0.0
шло 0.0 1.523 0.0
сокращение 0.001 1.523 0.002
одни 0.0 1.046 0.0
все-таки 0.0 0.553 0.0
инфраструктура 0.0 1.699 0.0
хочу 0.001 0.137 0.0
исследователь 0.0 1.155 0.0
работу 0.005 0.658 0.003
идем 0.0 2.0 0.0
слова 0.001 0.678 0.001
будем 0.001 0.886 0.001
взносов 0.0 2.0 0.0
правила 0.001 0.066 0.0
безработицу 0.002 2.0 0.004
западом 0.0 1.155 0.0
занятую 0.0 2.0 0.0
трудовой 0.0 2.0 0.0
находиться 0.0 1.301 0.0
увольнений 0.001 2.0 0.002
сказать 0.001 0.495 0.0
профессия 0.0 2.0 0.0
© 0.0 0.0 0.0
равно 0.0 0.638 0.0
показатели 0.0 1.0 0.0
сжатия 0.0 2.0 0.0
лучшее 0.0 1.523 0.0
национализируется 0.0 2.0 0.0
продавать 0.0 1.155 0.0
система 0.001 0.77 0.001
начинаются 0.0 1.222 0.0
увидим 0.001 1.222 0.001
надбавок 0.0 2.0 0.0
одежды 0.0 1.301 0.0
школьников 0.0 1.523 0.0
ориентировалась 0.0 2.0 0.0
бесконечные 0.0 2.0 0.0
создаваться 0.0 1.699 0.0
сильно 0.0 0.509 0.0
перевесит 0.0 2.0 0.0
пособий 0.001 2.0 0.002
помощь 0.001 0.097 0.0
читателей 0.001 0.658 0.001
потерявших 0.001 2.0 0.002
приходить 0.0 1.699 0.0
увольнять 0.001 2.0 0.002
кому-то 0.0 1.046 0.0
страну 0.0 0.796 0.0
войны 0.001 0.42 0.0
места 0.001 0.886 0.001
малые 0.0 2.0 0.0
юридических 0.0 2.0 0.0
пресловутые 0.0 1.699 0.0
рекорд 0.0 2.0 0.0
занятости 0.002 2.0 0.004
испытывают 0.0 1.523 0.0
самое 0.0 0.638 0.0
буду 0.002 1.046 0.002
подключиться 0.0 1.523 0.0
приезжаете 0.0 2.0 0.0
работники 0.0 1.222 0.0
кассир 0.0 2.0 0.0
зарплаты 0.001 1.523 0.002
имеют 0.0 0.678 0.0
всем 0.0 0.252 0.0
берлинской 0.0 1.699 0.0
те 0.001 0.357 0.0
оно 0.003 0.444 0.001
звонки 0.0 1.398 0.0
происходит 0.001 0.387 0.0
составляющие 0.0 2.0 0.0
комплекс 0.0 1.398 0.0
национализацию 0.0 2.0 0.0
россиян 0.002 0.62 0.001
яйцами 0.0 2.0 0.0
транспорт 0.0 1.222 0.0
бежать 0.0 0.959 0.0
ними 0.001 0.585 0.001
ведут 0.0 1.046 0.0
параллельно 0.001 1.097 0.001
кризисы 0.0 1.699 0.0
работников 0.001 1.222 0.001
кто-то 0.0 0.602 0.0
встают 0.0 1.699 0.0
понимаю 0.0 0.796 0.0
экономистом 0.0 2.0 0.0
мот 0.001 2.0 0.002
показывать 0.0 0.066 0.0
тянется 0.0 2.0 0.0
twitter 0.0 0.0 0.0
слабое 0.0 1.699 0.0
мозгов 0.001 2.0 0.002
заводы 0.001 1.523 0.002
найму 0.0 2.0 0.0
означает 0.001 0.62 0.001
интенсивность 0.001 1.699 0.002
платформы 0.001 0.066 0.0
наверное 0.001 0.921 0.001
работали 0.0 1.046 0.0
городская 0.0 1.699 0.0
зарплата 0.0 2.0 0.0
которые 0.006 0.119 0.001
мерой 0.0 1.699 0.0
meduza 0.001 0.0 0.0
размер 0.0 1.523 0.0
прозрачны 0.0 2.0 0.0
международной 0.0 1.046 0.0
магазины 0.0 1.398 0.0
вспомнить 0.0 1.398 0.0
попытается 0.0 1.699 0.0
останавливаются 0.0 1.699 0.0
оборонный 0.0 2.0 0.0
залезть 0.0 2.0 0.0
опыта 0.0 1.398 0.0
хозяйстве 0.0 2.0 0.0
учителя 0.0 1.398 0.0
бизнеса 0.001 1.222 0.001
учитывать 0.0 1.046 0.0
зарплат 0.002 2.0 0.004
невыполнение 0.0 2.0 0.0
декабря 0.0 0.824 0.0
вещи 0.001 0.796 0.001
раздувается 0.0 2.0 0.0
сегментом 0.0 1.699 0.0
из-за 0.003 0.229 0.001
напринимали 0.0 2.0 0.0
регистрируемую 0.0 2.0 0.0
подход 0.0 0.959 0.0
влияет 0.0 1.155 0.0
говорим 0.001 0.959 0.001
развлечения 0.0 1.699 0.0
какую-то 0.001 1.097 0.001
какая-то 0.001 0.959 0.001
нормализацией 0.0 2.0 0.0
отменено 0.0 1.523 0.0
прийти 0.0 1.398 0.0
свободного 0.0 1.398 0.0
оберегать 0.0 2.0 0.0
гифки 0.0 0.066 0.0
санкций 0.003 0.745 0.002
людей 0.005 0.161 0.001
бюджет 0.0 1.523 0.0
говорит 0.001 0.409 0.0
кроме 0.0 0.387 0.0
меру 0.0 1.699 0.0
собственникам 0.0 2.0 0.0
называемой 0.0 1.398 0.0
издержек 0.0 2.0 0.0
соединяют 0.0 2.0 0.0
самокате 0.0 2.0 0.0
производства 0.0 0.77 0.0
ведет 0.001 1.097 0.001
малейшее 0.0 2.0 0.0
нынешняя 0.0 1.398 0.0
производить 0.0 1.523 0.0
исследователем 0.0 2.0 0.0
который 0.001 0.194 0.0
анонимно 0.0 0.066 0.0
второй 0.0 0.42 0.0
ваша 0.001 0.102 0.0
попытаться 0.001 1.398 0.001
застряли 0.0 2.0 0.0
дешево 0.0 2.0 0.0
максимальный 0.0 2.0 0.0
готова 0.001 1.155 0.001
финансовым 0.0 1.699 0.0
целей 0.0 1.301 0.0
сотрудничестве 0.0 1.222 0.0
сразу 0.0 0.553 0.0
куки 0.0 0.066 0.0
случится 0.0 1.398 0.0
использование 0.0 0.066 0.0
называемых 0.0 1.222 0.0
ножки 0.0 2.0 0.0
бюджетов 0.0 2.0 0.0
потребительский 0.0 2.0 0.0
года 0.001 0.167 0.0
остановить 0.001 0.638 0.001
en 0.0 0.066 0.0
природу 0.0 2.0 0.0
уничтожило 0.001 2.0 0.002
огромными 0.001 2.0 0.002
бюджете 0.0 2.0 0.0
науки 0.0 1.699 0.0
будут 0.004 0.301 0.001
человека 0.001 0.328 0.0
статистики 0.001 1.222 0.001
безработными 0.001 1.523 0.002
крупной 0.0 1.398 0.0
большое 0.001 0.854 0.001
сохранено 0.0 2.0 0.0
крайней 0.0 0.721 0.0
строите 0.0 2.0 0.0
по-другому 0.0 1.155 0.0
развале 0.0 2.0 0.0
социальных 0.0 1.155 0.0
ставя 0.0 1.699 0.0
обуви… 0.0 2.0 0.0
малых 0.0 2.0 0.0
никакой 0.001 0.854 0.001
странам 0.0 1.301 0.0
данном 0.0 1.097 0.0
строится 0.0 1.699 0.0
вообще 0.002 0.066 0.0
лишь 0.001 0.481 0.0
спрос 0.001 1.398 0.001
пошло 0.0 1.155 0.0
неформально 0.0 2.0 0.0
степени 0.001 0.721 0.001
способность 0.0 0.959 0.0
резкой 0.0 2.0 0.0
путаницы 0.0 2.0 0.0
новая 0.0 0.678 0.0
услуг 0.001 1.699 0.002
помочь 0.001 0.131 0.0
скорее 0.0 0.509 0.0
продолжаем 0.0 0.699 0.0
пальцы 0.0 1.523 0.0
мол 0.0 1.398 0.0
всплеск 0.001 1.398 0.001
расти 0.001 1.301 0.001
зачастую 0.0 1.523 0.0
облегчать 0.0 2.0 0.0
архаизация 0.0 2.0 0.0
караем 0.0 2.0 0.0
источники 0.0 0.959 0.0
выходит 0.0 0.959 0.0
нормы 0.001 1.398 0.001
ходит 0.0 1.398 0.0
февралю 0.0 1.523 0.0
общего 0.0 1.0 0.0
организации 0.0 0.658 0.0
числу 0.0 1.097 0.0
регистрируемой 0.0 2.0 0.0
деятели 0.0 1.398 0.0
формальные 0.0 1.699 0.0
свои 0.001 0.481 0.0
которое 0.0 0.337 0.0
жизни 0.003 0.432 0.001
новостиисторииразборшапитокоронавирусмагаз 0.0 0.066 0.0
разрешений 0.0 1.699 0.0
должны 0.0 0.432 0.0
либо 0.002 0.569 0.001
удовольствие 0.0 1.523 0.0
мира 0.0 0.824 0.0
остановке 0.0 2.0 0.0
которая 0.002 0.301 0.001
социальной 0.0 1.222 0.0
деления 0.0 2.0 0.0
выполняющим 0.001 0.097 0.0
возможно 0.001 0.398 0.0
бюджетам 0.0 2.0 0.0
ндфл 0.0 2.0 0.0
проблемами 0.0 1.523 0.0
ошибку 0.0 0.066 0.0
бюджетниками 0.0 2.0 0.0
платить 0.001 1.398 0.001
цифры 0.001 1.398 0.001
культуры 0.0 1.046 0.0
компании 0.004 0.523 0.002
мотовской 0.0 2.0 0.0
соединяли 0.0 2.0 0.0
времена 0.0 1.155 0.0
проявлять 0.0 1.699 0.0
порогом 0.0 2.0 0.0
требует 0.0 0.824 0.0
стран 0.001 0.469 0.0
национализировать 0.001 2.0 0.002
региональная 0.0 2.0 0.0
сможет 0.0 0.721 0.0
материал 0.0 0.086 0.0
большой 0.001 0.569 0.001
строили 0.001 1.398 0.001
какого-то 0.0 1.398 0.0
вуз 0.0 2.0 0.0
таким 0.0 0.658 0.0
платите 0.0 2.0 0.0
ждет 0.0 0.959 0.0
примерно 0.004 0.585 0.002
сказывается 0.0 1.523 0.0
иметь 0.0 0.824 0.0
значение 0.0 1.097 0.0
продавцы 0.001 1.699 0.002
принимать 0.0 0.721 0.0
работы 0.004 0.553 0.002
работодателей 0.0 1.699 0.0
рабочие 0.001 1.301 0.001
выше 0.001 0.509 0.001
корпоративным 0.0 2.0 0.0
неделю 0.0 0.721 0.0
молодые 0.0 1.398 0.0
продолжительность 0.0 1.523 0.0
массе 0.0 1.699 0.0
выбор 0.001 1.097 0.001
разномастная 0.0 2.0 0.0
зарегистрированной 0.0 1.699 0.0
течение 0.0 0.699 0.0
экономист 0.001 1.046 0.001
больших 0.001 1.097 0.001
хозяйственные 0.0 2.0 0.0
стране 0.0 0.523 0.0
отношений 0.001 1.222 0.001
безработицы 0.007 1.699 0.012
рост 0.001 1.046 0.001
шоков 0.0 1.699 0.0
защищены 0.0 1.523 0.0
помогите 0.0 1.398 0.0
ударит 0.0 1.699 0.0
люди 0.006 0.276 0.002
обращаемся 0.0 2.0 0.0
топ-менеджерам 0.0 2.0 0.0
посмотрим 0.0 1.398 0.0
плохое 0.0 1.699 0.0
маленькая 0.0 1.222 0.0
ожидать 0.0 1.097 0.0
использовать 0.001 0.585 0.001
остановятся 0.001 1.699 0.002
бизнесом 0.0 2.0 0.0
часть 0.004 0.456 0.002
умеют 0.0 1.398 0.0
adobe 0.001 1.699 0.002
возможности 0.001 0.77 0.001
часто 0.002 0.456 0.001
образом 0.0 0.602 0.0
роструд 0.0 2.0 0.0
инстаграм 0.0 0.066 0.0
вопросы 0.001 0.481 0.0
шкале 0.0 1.222 0.0
ударом 0.0 1.398 0.0
ситуация 0.001 0.569 0.001
косвенно 0.0 1.155 0.0
исторические 0.0 1.398 0.0
выпускаете 0.0 2.0 0.0
легко 0.002 0.824 0.002
оценить 0.0 0.796 0.0
экономисты 0.0 1.699 0.0
издержки 0.0 1.699 0.0
индийские 0.0 1.699 0.0
найма 0.001 2.0 0.002
это 0.024 0.066 0.002
мотивацией 0.0 1.699 0.0
другое 0.001 0.886 0.001
текущем 0.0 1.699 0.0
дело 0.001 0.509 0.001
непонятно 0.0 0.921 0.0
перестали 0.0 1.301 0.0
регионах 0.0 0.886 0.0
работаем 0.001 0.161 0.0
продавец 0.0 2.0 0.0
велосипеде 0.0 2.0 0.0
издержками 0.001 2.0 0.002
такая 0.001 0.553 0.001
гибче 0.0 2.0 0.0
упал 0.0 1.398 0.0
сторожами 0.0 2.0 0.0
новой 0.0 0.585 0.0
права 0.0 0.854 0.0
делайте 0.0 1.699 0.0
эмиграции 0.0 1.699 0.0
поставщиками 0.0 1.699 0.0
водитель 0.0 1.699 0.0
english 0.0 0.06 0.0
поддержка 0.001 0.167 0.0
средних 0.001 1.523 0.002
можете 0.001 0.699 0.001
квартиру 0.001 1.222 0.001
мере 0.001 0.569 0.001
инфраструктуры 0.0 1.699 0.0
невыплату 0.0 2.0 0.0
рынку 0.001 1.523 0.002
производителей 0.0 1.0 0.0
годы 0.001 0.745 0.001
работодатель 0.0 1.398 0.0
легче 0.001 1.0 0.001
работающие 0.0 1.523 0.0
глаза 0.001 0.886 0.001
кризисной 0.0 2.0 0.0
закрыть 0.001 1.523 0.002
имеет 0.001 0.602 0.001
гдр 0.0 1.523 0.0
входа 0.001 1.398 0.001
оби 0.0 2.0 0.0
гораздо 0.001 0.699 0.001
соответственно 0.004 0.921 0.004
огрублять 0.0 2.0 0.0
рвутся 0.0 1.699 0.0
росстатом 0.0 2.0 0.0
видите 0.0 1.222 0.0
пошла 0.0 1.222 0.0
региональным 0.0 1.699 0.0
перечислять 0.0 1.699 0.0
иной 0.0 1.222 0.0
значительная 0.002 1.699 0.003
выстроена 0.001 2.0 0.002
организация 0.0 0.886 0.0
обеспечивают 0.0 1.699 0.0
собой 0.0 0.62 0.0
facebook 0.0 0.0 0.0
собирается 0.0 0.921 0.0
менее 0.0 0.432 0.0
ниже 0.002 0.77 0.002
хочет 0.0 0.854 0.0
онлайн 0.001 0.959 0.001
минимальная 0.0 1.523 0.0
исходить 0.0 2.0 0.0
неформальные 0.0 2.0 0.0
миллиона 0.002 0.77 0.002
последствия 0.001 0.796 0.001
высококвалифицированные 0.0 2.0 0.0
забывайте 0.0 1.699 0.0
переходим 0.0 2.0 0.0
выживать 0.0 1.523 0.0
представить 0.001 0.959 0.001
средства 0.0 1.0 0.0
вниз 0.0 1.699 0.0
общей 0.001 0.959 0.001
службу 0.001 1.398 0.001
допускать 0.0 1.699 0.0
персональные 0.0 0.066 0.0
такое 0.001 0.347 0.0
станут 0.0 1.046 0.0
неопределенность 0.0 1.699 0.0
думаете 0.001 1.301 0.001
кого 0.0 0.509 0.0
предстоит 0.0 1.699 0.0
немного 0.0 0.77 0.0
компоненты 0.0 1.097 0.0
бомбежки 0.001 1.301 0.001
идти 0.0 1.046 0.0
первом 0.0 0.824 0.0
заставляет 0.0 1.398 0.0
счет 0.001 0.824 0.001
законопроект 0.0 2.0 0.0
торговая 0.0 2.0 0.0
законы 0.0 1.301 0.0
эта 0.001 0.367 0.0
которых 0.0 0.237 0.0
повышать 0.001 1.699 0.002
невозможно 0.0 0.602 0.0
представим 0.0 1.523 0.0
развивающуюся 0.0 2.0 0.0
ожидая 0.0 1.523 0.0
занятых 0.003 1.699 0.005
начала 0.0 0.398 0.0
цифр 0.001 1.699 0.002
подхода 0.0 1.155 0.0
инспекции 0.0 1.699 0.0
сообщение 0.0 0.102 0.0
сделать 0.001 0.357 0.0
