редакции 0.001 0.066 0.0
техника 0.0 1.155 0.0
летать 0.0 2.0 0.0
баннерам 0.0 0.066 0.0
требуются 0.0 1.398 0.0
научные 0.001 1.523 0.002
основных 0.0 0.959 0.0
совершенно 0.0 0.678 0.0
ашбахер 0.0 2.0 0.0
союз 0.003 1.097 0.003
обеспечивает 0.0 1.097 0.0
орла 0.001 2.0 0.002
рабочих 0.0 1.523 0.0
длиться 0.0 2.0 0.0
причем 0.0 0.62 0.0
необходимые 0.0 0.959 0.0
допустили 0.0 2.0 0.0
работе 0.001 0.824 0.001
отечественные 0.0 1.699 0.0
обзора 0.0 1.398 0.0
неба 0.001 1.523 0.002
использовании 0.0 1.222 0.0
казачок 0.001 2.0 0.002
десятилетний 0.0 2.0 0.0
космическая 0.002 2.0 0.004
европейская 0.0 1.398 0.0
контракта 0.0 1.699 0.0
прикладных 0.0 1.523 0.0
производстве 0.0 1.222 0.0
рейтинг 0.001 1.0 0.001
суверенному 0.0 2.0 0.0
модернизации 0.0 2.0 0.0
новостей 0.0 0.886 0.0
президентом 0.0 1.301 0.0
ближнего 0.0 1.301 0.0
протон-м 0.001 2.0 0.002
служебного 0.0 2.0 0.0
дырами 0.0 2.0 0.0
разрослись 0.0 2.0 0.0
названия 0.0 1.222 0.0
нескольким 0.0 1.523 0.0
вклад 0.0 1.398 0.0
великой 0.0 1.398 0.0
площадок 0.0 1.222 0.0
опечатанном 0.0 2.0 0.0
союз-2.1а 0.0 2.0 0.0
астронавтов 0.001 2.0 0.002
ученые 0.0 0.678 0.0
странами 0.001 1.046 0.001
сотрудничеством 0.0 2.0 0.0
спутников 0.003 2.0 0.006
кнр 0.0 1.398 0.0
международная 0.0 1.301 0.0
макса 0.0 1.699 0.0
бион-м 0.001 2.0 0.002
запланирован 0.0 2.0 0.0
понести 0.0 1.699 0.0
исключительно 0.0 1.155 0.0
делает 0.0 0.886 0.0
ракетных 0.0 1.523 0.0
территорию 0.0 1.155 0.0
военной 0.0 0.921 0.0
мировом 0.0 1.699 0.0
эксплуатирует 0.0 2.0 0.0
частный 0.0 1.523 0.0
камера 0.0 2.0 0.0
метеорологии 0.0 2.0 0.0
хирано 0.0 2.0 0.0
анна 0.0 1.097 0.0
снята 0.0 2.0 0.0
вега-2 0.0 2.0 0.0
c 0.0 1.046 0.0
вместо 0.001 0.77 0.001
ангольский 0.0 2.0 0.0
анализирует 0.0 1.699 0.0
2030-х 0.0 2.0 0.0
частности 0.0 0.678 0.0
заказу 0.0 2.0 0.0
завод 0.0 1.398 0.0
воздействию 0.0 2.0 0.0
этих 0.001 0.337 0.0
микрочипов 0.0 2.0 0.0
трех 0.001 0.638 0.001
аспекту 0.0 2.0 0.0
вопросом 0.0 1.046 0.0
срок 0.001 1.046 0.001
презентационное 0.0 2.0 0.0
научную 0.0 1.523 0.0
arianespace 0.001 2.0 0.002
основную 0.0 1.523 0.0
ситуации 0.0 0.721 0.0
по-видимому 0.0 0.959 0.0
созданию 0.001 1.398 0.001
истории 0.0 0.337 0.0
падения 0.001 1.301 0.001
момент 0.001 0.481 0.0
недостающие 0.0 1.699 0.0
научных 0.001 1.155 0.001
курсу 0.0 1.699 0.0
развязанная 0.0 2.0 0.0
тридцать 0.0 2.0 0.0
своем 0.0 0.745 0.0
крупных 0.001 0.959 0.001
версии 0.0 1.0 0.0
значимый 0.0 1.699 0.0
безопасной 0.0 1.523 0.0
нашли 0.001 0.066 0.0
связи 0.002 0.0 0.0
предварительный 0.0 1.523 0.0
рублей 0.0 1.097 0.0
медуза 0.001 0.066 0.0
требуется 0.0 0.959 0.0
марсу 0.001 2.0 0.002
нам 0.0 0.086 0.0
площадке 0.001 1.398 0.001
станцией-ретранслятором 0.0 2.0 0.0
фразу 0.0 1.699 0.0
называемые 0.0 2.0 0.0
центр 0.002 0.77 0.002
союзы 0.0 1.699 0.0
заявлена 0.0 2.0 0.0
кризис 0.0 1.097 0.0
сегодняшнего 0.0 1.699 0.0
подмосковных 0.0 2.0 0.0
японского 0.0 1.523 0.0
космических 0.004 2.0 0.008
желательно 0.0 1.523 0.0
конкуренция 0.0 1.699 0.0
арене 0.0 1.699 0.0
модернизация 0.0 2.0 0.0
st-b 0.001 2.0 0.002
материалам 0.0 0.066 0.0
срочно 0.0 0.167 0.0
наложилась 0.0 2.0 0.0
межпланетной 0.0 2.0 0.0
заблокируете 0.0 2.0 0.0
нынешней 0.0 1.155 0.0
обстоятельств 0.0 1.301 0.0
пройти 0.0 0.854 0.0
ограничивается 0.0 2.0 0.0
разрыва 0.0 2.0 0.0
заявил 0.001 0.658 0.001
электронных 0.0 2.0 0.0
сергей 0.0 0.886 0.0
изначальный 0.0 2.0 0.0
западных 0.0 0.854 0.0
теряя 0.0 1.699 0.0
должна 0.0 0.538 0.0
создавалась 0.0 1.699 0.0
маска 0.001 1.398 0.001
ctrl+enter 0.0 0.066 0.0
роботизированного 0.0 2.0 0.0
мая 0.0 1.155 0.0
прекращения 0.0 1.523 0.0
особенность 0.0 1.301 0.0
оперативно 0.0 1.301 0.0
беспрецедентным 0.0 2.0 0.0
луны 0.001 1.699 0.002
space 0.001 1.523 0.002
перелетного 0.0 2.0 0.0
наступления 0.0 1.222 0.0
орбиту 0.001 1.699 0.002
венеры 0.0 2.0 0.0
союз-фг 0.0 2.0 0.0
коммерческим 0.0 2.0 0.0
институтом 0.0 1.523 0.0
четыре 0.0 0.569 0.0
конкурсном 0.0 2.0 0.0
галлея 0.0 2.0 0.0
исключения 0.0 1.097 0.0
отреагировал 0.0 1.523 0.0
июня 0.0 0.854 0.0
основным 0.001 1.222 0.001
экоплазма 0.0 2.0 0.0
корабль 0.002 2.0 0.004
vulcan 0.0 2.0 0.0
лунной 0.001 1.699 0.002
сэкономить 0.0 2.0 0.0
оборудованием 0.0 1.699 0.0
самарский 0.0 2.0 0.0
atlas 0.001 2.0 0.002
тайваньская 0.0 2.0 0.0
фактически 0.001 0.721 0.001
буквально 0.0 0.886 0.0
фактов 0.0 1.301 0.0
позволяет 0.0 0.854 0.0
радиационно 0.0 2.0 0.0
космонавта 0.0 2.0 0.0
полезен 0.0 2.0 0.0
шесть 0.001 1.0 0.001
французской 0.001 1.699 0.002
схода 0.0 2.0 0.0
маск 0.0 2.0 0.0
самарским 0.0 2.0 0.0
нажмите 0.0 0.066 0.0
российский 0.002 0.638 0.001
числе 0.001 0.31 0.0
ракетный 0.001 1.699 0.002
других 0.001 0.26 0.0
иностранного 0.001 0.102 0.0
нынешний 0.0 1.398 0.0
вселенной 0.0 2.0 0.0
орбитальный 0.001 2.0 0.002
полетах 0.0 2.0 0.0
исследований 0.001 0.585 0.001
физики 0.0 2.0 0.0
изготовлению 0.0 1.699 0.0
росиии 0.0 2.0 0.0
– 0.0 0.06 0.0
ковида 0.0 0.444 0.0
leta 0.0 0.301 0.0
орленок 0.001 2.0 0.002
нами 0.001 0.066 0.0
вампир 0.0 2.0 0.0
экзомарс 0.001 2.0 0.002
участвует 0.0 1.222 0.0
реализации 0.001 1.301 0.001
комарова 0.0 2.0 0.0
стратегического 0.0 1.699 0.0
старту 0.001 2.0 0.002
прошел 0.0 1.155 0.0
останутся 0.0 1.398 0.0
непрерывной 0.0 2.0 0.0
лицом 0.0 0.102 0.0
рабочий 0.0 1.523 0.0
функции 0.001 0.097 0.0
завершения 0.0 1.222 0.0
венеру 0.0 2.0 0.0
решения 0.001 0.638 0.001
касается 0.0 0.602 0.0
апреле 0.0 1.222 0.0
программам 0.0 2.0 0.0
амбиции 0.0 1.523 0.0
систем 0.001 1.301 0.001
победа 0.0 1.699 0.0
другими 0.0 0.495 0.0
целый 0.0 1.0 0.0
прошедшие 0.0 1.301 0.0
перейти 0.0 0.066 0.0
поддержать 0.0 0.066 0.0
гагаринского 0.0 2.0 0.0
межпланетный 0.0 2.0 0.0
старт 0.001 2.0 0.002
обороны 0.0 1.046 0.0
очевидным 0.0 1.699 0.0
pilot-d. 0.0 2.0 0.0
starsem 0.0 2.0 0.0
пусков 0.0 2.0 0.0
поставщиком 0.0 1.699 0.0
ula 0.001 2.0 0.002
отказаться 0.0 1.046 0.0
основной 0.001 1.046 0.001
тасс 0.001 0.699 0.001
спектральным 0.0 2.0 0.0
бартеру 0.0 2.0 0.0
данное 0.0 0.097 0.0
развиваются 0.0 1.699 0.0
космосе 0.001 2.0 0.002
пятый 0.0 1.222 0.0
semiconductor 0.0 2.0 0.0
законсервированными 0.0 2.0 0.0
бизнес 0.0 1.0 0.0
астрофизический 0.0 2.0 0.0
будущем 0.001 0.745 0.001
микросхем 0.0 2.0 0.0
космонавтику 0.0 1.398 0.0
совместного 0.0 1.699 0.0
центром 0.001 1.301 0.001
калининградское 0.0 2.0 0.0
роскосмосу 0.001 2.0 0.002
live 0.0 0.022 0.0
американский 0.001 1.155 0.001
договоренностей 0.0 1.699 0.0
покинули 0.0 1.222 0.0
луна 0.0 2.0 0.0
блог 0.0 0.066 0.0
списка 0.0 1.523 0.0
оставались 0.0 1.699 0.0
встает 0.001 1.398 0.001
условиях 0.001 0.569 0.001
высвобождаемые 0.0 2.0 0.0
евросоюзом 0.0 1.699 0.0
читайте 0.001 0.745 0.001
космический 0.003 2.0 0.006
gas 0.0 1.699 0.0
специалисты 0.001 1.097 0.001
масштабных 0.0 2.0 0.0
meduzacare 0.0 0.066 0.0
планка 0.0 2.0 0.0
предполагающая 0.0 2.0 0.0
инструментов 0.0 1.222 0.0
решению 0.0 1.523 0.0
сомнение 0.0 1.523 0.0
федеральной 0.0 1.398 0.0
tgo 0.001 2.0 0.002
государственная 0.0 1.523 0.0
кнопка 0.0 0.066 0.0
космической 0.002 2.0 0.004
правительство 0.001 0.824 0.001
двигателей 0.002 2.0 0.004
землю 0.0 1.398 0.0
тысячу 0.0 1.699 0.0
запускать 0.001 1.699 0.002
другие 0.001 0.268 0.0
сфере 0.0 1.398 0.0
резерва 0.0 1.699 0.0
лидирующее 0.0 2.0 0.0
смогут 0.0 0.745 0.0
луна-25 0.001 2.0 0.002
angosat-2 0.0 2.0 0.0
сегмент 0.0 1.523 0.0
гвиане 0.001 2.0 0.002
состоятельные 0.0 1.699 0.0
последний 0.001 0.824 0.001
космонавтикой 0.0 2.0 0.0
финансирование 0.001 1.398 0.001
v 0.001 0.699 0.001
использует 0.0 1.097 0.0
планируем 0.0 1.222 0.0
убивает 0.0 1.398 0.0
работа 0.002 0.886 0.002
стран-партнеров 0.0 2.0 0.0
меняются 0.0 1.301 0.0
стороне 0.0 1.046 0.0
галактик 0.0 2.0 0.0
сверхскопления 0.0 2.0 0.0
сложилась 0.0 1.699 0.0
европой 0.0 1.699 0.0
исследование 0.0 0.658 0.0
тв 0.002 1.699 0.003
24/7 0.0 0.102 0.0
установки 0.0 1.398 0.0
создание 0.001 1.523 0.002
внеземной 0.0 2.0 0.0
планеты 0.001 1.523 0.002
будущего 0.0 1.097 0.0
ресурсы 0.0 1.097 0.0
выпустить 0.0 1.523 0.0
теряет 0.0 1.699 0.0
венер 0.0 2.0 0.0
прошла 0.001 1.097 0.001
возможный 0.0 1.301 0.0
летал 0.0 2.0 0.0
изготовленный 0.0 2.0 0.0
общий 0.0 1.301 0.0
orbiter 0.0 2.0 0.0
гагаринский 0.0 2.0 0.0
совместных 0.001 1.523 0.002
подробнее 0.0 0.699 0.0
специальной 0.0 1.222 0.0
требования 0.0 0.066 0.0
орел 0.001 2.0 0.002
связаться 0.0 0.066 0.0
шлюзовой 0.0 2.0 0.0
информации 0.0 0.102 0.0
варианта 0.0 0.745 0.0
тех 0.001 0.26 0.0
программ 0.0 1.523 0.0
подмосковном 0.0 2.0 0.0
медицинских 0.0 0.959 0.0
перерыв 0.0 2.0 0.0
почему 0.0 0.337 0.0
юридически 0.0 1.699 0.0
хороший 0.001 1.398 0.001
полетят 0.001 2.0 0.002
америки 0.0 1.301 0.0
площадку 0.001 1.398 0.001
началу 0.0 1.301 0.0
этим 0.0 0.337 0.0
вторая 0.0 1.046 0.0
станет 0.0 0.678 0.0
последнего 0.001 1.046 0.001
россия 0.002 0.398 0.001
неясно 0.0 1.097 0.0
помощью 0.001 0.538 0.001
пуски 0.0 2.0 0.0
комплекса 0.0 1.699 0.0
пандемией 0.0 1.301 0.0
используемых 0.0 1.398 0.0
элементом 0.0 2.0 0.0
спасибоgiphyза 0.0 0.066 0.0
компания 0.002 1.0 0.002
раньше 0.001 0.432 0.0
пожалуйста 0.0 0.102 0.0
должен 0.001 0.585 0.001
выгодный 0.0 2.0 0.0
основные 0.001 1.222 0.001
миру 0.0 0.796 0.0
космодром 0.001 2.0 0.002
пилотируемый 0.001 2.0 0.002
фкп 0.001 2.0 0.002
именно 0.001 0.244 0.0
наука 0.001 1.523 0.002
заключила 0.0 1.398 0.0
совместный 0.0 1.398 0.0
первая 0.0 0.77 0.0
космическую 0.001 2.0 0.002
луне 0.0 1.699 0.0
снабжения 0.0 1.523 0.0
очень 0.001 0.149 0.0
место 0.0 0.678 0.0
выделить 0.0 1.699 0.0
bill 0.0 1.699 0.0
одна 0.0 0.42 0.0
остается 0.0 0.638 0.0
гагарин 0.0 2.0 0.0
астронавты 0.001 2.0 0.002
esa 0.0 2.0 0.0
крупный 0.001 1.301 0.001
запланированных 0.0 2.0 0.0
применения 0.0 1.097 0.0
год 0.001 0.409 0.0
иностранных 0.0 1.046 0.0
аппаратами 0.0 2.0 0.0
перебоями 0.0 2.0 0.0
свежих 0.0 1.301 0.0
союзах 0.0 2.0 0.0
роскосмоса 0.004 2.0 0.008
партнерство 0.0 2.0 0.0
экстремальные 0.0 2.0 0.0
сдвинулся 0.0 2.0 0.0
российским 0.001 0.092 0.0
одной 0.0 0.398 0.0
написал 0.001 1.0 0.001
научно-производственный 0.0 2.0 0.0
какой-либо 0.001 1.155 0.001
которым 0.0 0.658 0.0
вместе 0.0 0.602 0.0
интересах 0.001 0.167 0.0
полетев 0.0 2.0 0.0
сопровождать 0.0 2.0 0.0
продолжалась 0.0 1.699 0.0
появился 0.0 0.921 0.0
российские 0.003 0.328 0.001
компонентов 0.0 1.301 0.0
запуском 0.001 1.699 0.002
рынке 0.0 1.0 0.0
неясна 0.0 2.0 0.0
игоря 0.0 1.523 0.0
частных 0.0 1.301 0.0
подлежат 0.0 2.0 0.0
ракет-носителей 0.0 2.0 0.0
август-сентябрь 0.0 2.0 0.0
американская 0.0 1.046 0.0
экипажи 0.001 2.0 0.002
станцию 0.001 1.523 0.002
половиной 0.0 1.523 0.0
госкорпорации 0.001 1.523 0.002
естественного 0.0 1.398 0.0
spacex 0.003 2.0 0.006
кораблей 0.0 1.699 0.0
байконуре 0.001 2.0 0.002
инвестициях 0.0 1.699 0.0
in 0.0 0.0 0.0
крайне 0.0 0.721 0.0
шаттл 0.0 2.0 0.0
модуля 0.001 2.0 0.002
опасности 0.0 1.301 0.0
афина 0.0 2.0 0.0
металлическая 0.0 2.0 0.0
отряде 0.0 2.0 0.0
союз-2.1б 0.0 2.0 0.0
директор 0.001 1.097 0.001
забыть 0.0 1.301 0.0
специалистов 0.0 1.523 0.0
создан 0.0 1.398 0.0
доставит 0.0 2.0 0.0
просто 0.001 0.194 0.0
исследовал 0.0 1.699 0.0
британский 0.0 1.301 0.0
гвианского 0.0 2.0 0.0
аналитическое 0.0 2.0 0.0
российское 0.0 0.921 0.0
шаттлах 0.0 2.0 0.0
прочитать 0.0 0.959 0.0
советский 0.001 1.523 0.002
рентгеновском 0.0 2.0 0.0
хьюстоне 0.0 2.0 0.0
сервисам 0.0 2.0 0.0
прекратить 0.0 1.097 0.0
taiwan 0.0 2.0 0.0
прибытия 0.0 2.0 0.0
разработки 0.0 1.301 0.0
ядерным 0.0 2.0 0.0
поручил 0.0 1.523 0.0
федеральным 0.001 1.523 0.002
закупала 0.0 2.0 0.0
пройденный 0.0 2.0 0.0
электроэнергию 0.0 2.0 0.0
две 0.0 0.553 0.0
меняться 0.001 1.398 0.001
дальше 0.0 0.523 0.0
которую 0.0 0.469 0.0
роскосмосом 0.001 2.0 0.002
ingalls 0.0 2.0 0.0
венера 0.0 2.0 0.0
рассматривает 0.0 1.699 0.0
неочевидных 0.0 1.155 0.0
производители 0.0 1.222 0.0
лун 0.0 2.0 0.0
или… 0.0 2.0 0.0
союз-5 0.0 2.0 0.0
титан-баррикады 0.0 2.0 0.0
нужен 0.0 1.222 0.0
предложил 0.0 1.155 0.0
сторону 0.0 0.796 0.0
отменены 0.0 2.0 0.0
целью 0.0 1.222 0.0
art-xc 0.001 2.0 0.002
потребности 0.0 1.699 0.0
распространено 0.0 0.102 0.0
аппараты 0.001 2.0 0.002
устроено 0.0 1.0 0.0
ios 0.0 0.066 0.0
китайского 0.0 1.398 0.0
заявления 0.0 1.097 0.0
осенью 0.0 1.046 0.0
перекрестных 0.0 2.0 0.0
корабле 0.0 2.0 0.0
американского 0.0 1.301 0.0
санкциями 0.0 1.699 0.0
несколько 0.001 0.201 0.0
аппарат 0.002 1.222 0.002
прямо 0.0 0.357 0.0
аппаратах 0.0 2.0 0.0
ru 0.0 0.824 0.0
заказ 0.0 2.0 0.0
всеми 0.0 0.824 0.0
бюро 0.0 2.0 0.0
основном 0.0 0.553 0.0
расширяет 0.0 2.0 0.0
федерация 0.0 1.523 0.0
межпланетные 0.0 2.0 0.0
владимир 0.0 0.62 0.0
международными 0.0 1.301 0.0
launch 0.0 1.523 0.0
беспилотный 0.0 2.0 0.0
технологические 0.0 1.523 0.0
диапазон 0.001 1.699 0.002
космонавт 0.0 2.0 0.0
пока 0.001 0.208 0.0
история 0.0 0.745 0.0
united 0.0 1.301 0.0
казахстана 0.0 2.0 0.0
космонавтике 0.001 2.0 0.002
макеева 0.0 2.0 0.0
замгендиректора 0.0 2.0 0.0
гонку 0.0 2.0 0.0
выполнил 0.001 2.0 0.002
полетел 0.0 2.0 0.0
складывающуюся 0.0 2.0 0.0
автономный 0.0 2.0 0.0
заморозить 0.0 2.0 0.0
спящий 0.0 1.699 0.0
заря 0.0 1.699 0.0
иностранцы 0.0 1.699 0.0
первого 0.001 0.658 0.001
нынешнем 0.0 1.398 0.0
стабильный 0.0 2.0 0.0
присвоило 0.0 2.0 0.0
площадка 0.001 1.523 0.002
илон 0.0 2.0 0.0
нашу 0.0 1.046 0.0
микросхемах 0.0 2.0 0.0
назначения 0.0 1.097 0.0
фотон 0.0 2.0 0.0
одного 0.0 0.432 0.0
хохлов 0.001 2.0 0.002
проведет 0.0 2.0 0.0
отрасль 0.0 1.699 0.0
последние 0.001 0.456 0.0
южнокорейский 0.0 2.0 0.0
международного 0.0 1.155 0.0
стартовых 0.0 2.0 0.0
особенностей 0.0 1.222 0.0
роль 0.0 0.796 0.0
зависимости 0.0 0.796 0.0
юридическим 0.0 0.102 0.0
нулевых 0.0 2.0 0.0
космодромы 0.0 2.0 0.0
видео 0.001 0.678 0.001
контракты 0.0 1.398 0.0
затянется 0.0 2.0 0.0
несмотря 0.001 0.456 0.0
прообраза 0.0 2.0 0.0
стартовую 0.001 2.0 0.002
стали 0.0 0.42 0.0
данный 0.0 0.824 0.0
новую 0.0 0.921 0.0
путь 0.0 0.886 0.0
двадцатилетию 0.0 2.0 0.0
бакахон 0.0 2.0 0.0
российском 0.0 0.921 0.0
заказывали 0.0 2.0 0.0
весь 0.0 0.638 0.0
момента 0.0 0.886 0.0
первым 0.0 0.854 0.0
российскую 0.0 0.745 0.0
стартовое 0.0 2.0 0.0
безопасно 0.0 0.066 0.0
попробовал 0.0 1.699 0.0
выведена 0.0 2.0 0.0
экипаже 0.0 2.0 0.0
инициатива 0.0 1.398 0.0
юго-восточной 0.0 2.0 0.0
позволило 0.0 1.222 0.0
youtube 0.0 0.06 0.0
создании 0.0 1.301 0.0
создано 0.0 0.097 0.0
высотой 0.0 2.0 0.0
дающие 0.0 2.0 0.0
инвестиционных 0.0 2.0 0.0
существующей 0.0 2.0 0.0
планирует 0.001 1.398 0.001
промышленности 0.0 2.0 0.0
ремонт 0.0 1.523 0.0
starlink 0.0 2.0 0.0
многие 0.0 0.284 0.0
средством 0.0 0.102 0.0
заменить 0.0 1.155 0.0
агентством 0.0 1.523 0.0
готов 0.0 0.921 0.0
ровно 0.0 1.222 0.0
полезной 0.0 2.0 0.0
отсутствием 0.0 1.523 0.0
пилотируемым 0.0 2.0 0.0
королеве 0.0 2.0 0.0
ураган 0.0 2.0 0.0
впервые 0.0 0.824 0.0
эмиратов 0.0 1.699 0.0
посадочной 0.001 2.0 0.002
разработанного 0.0 2.0 0.0
неблагоприятных 0.0 2.0 0.0
bangabandhu 0.0 2.0 0.0
своей 0.0 0.42 0.0
отражением 0.0 2.0 0.0
гордости 0.0 2.0 0.0
поставлять 0.0 1.398 0.0
российско-европейскому 0.0 2.0 0.0
поговорить 0.0 1.222 0.0
позволили 0.0 1.155 0.0
ракеты-носители 0.0 2.0 0.0
cygnus 0.0 2.0 0.0
научный 0.0 0.959 0.0
стать 0.001 0.699 0.001
запускам 0.0 2.0 0.0
мире 0.0 0.553 0.0
нпо 0.002 2.0 0.004
рубля 0.0 1.523 0.0
запасную 0.0 2.0 0.0
доход 0.0 1.398 0.0
морского 0.0 1.699 0.0
принадлежит 0.0 1.301 0.0
солнечной 0.0 1.699 0.0
российских 0.001 0.337 0.0
поставки 0.001 1.155 0.001
блока 0.0 1.523 0.0
электромагнитного 0.0 2.0 0.0
перенести 0.0 1.699 0.0
оператор 0.0 2.0 0.0
александр 0.001 0.538 0.001
области 0.001 0.602 0.001
низка 0.0 1.699 0.0
полет 0.001 2.0 0.002
европейских 0.001 1.046 0.001
режим 0.0 0.921 0.0
сегментов 0.0 2.0 0.0
приоритеты 0.0 1.523 0.0
называемый 0.0 2.0 0.0
судьба 0.001 1.222 0.001
десятилетиями 0.0 2.0 0.0
любой 0.0 0.745 0.0
время 0.001 0.102 0.0
анализ 0.0 0.921 0.0
досрочного 0.0 1.699 0.0
демонстрационный 0.0 2.0 0.0
выглядит 0.0 0.62 0.0
работают 0.0 0.553 0.0
стоит 0.0 0.509 0.0
глубоким 0.0 1.699 0.0
состоятельных 0.0 2.0 0.0
конце 0.0 0.745 0.0
мкс 0.007 1.699 0.012
рекламаmeduza 0.0 0.066 0.0
войне 0.0 0.62 0.0
топливных 0.0 2.0 0.0
юрий 0.0 1.699 0.0
getty 0.0 0.886 0.0
посадочного 0.001 2.0 0.002
германию 0.0 1.097 0.0
плазменных 0.0 2.0 0.0
используются 0.0 0.921 0.0
среди 0.0 0.42 0.0
модуль 0.001 2.0 0.002
прежде 0.001 0.62 0.001
позволил 0.0 1.699 0.0
дало 0.0 1.523 0.0
планировали 0.0 1.523 0.0
грузовых 0.0 2.0 0.0
соглашение 0.001 1.222 0.001
разработку 0.001 1.523 0.002
заявили 0.0 1.0 0.0
лабораторном 0.0 2.0 0.0
назад 0.001 0.18 0.0
дочерняя 0.0 2.0 0.0
американских 0.001 1.046 0.001
взять 0.0 0.959 0.0
американские 0.001 1.097 0.001
ркк 0.001 2.0 0.002
союза 0.001 1.301 0.001
компаний 0.0 0.959 0.0
ищет 0.0 1.699 0.0
война 0.0 0.469 0.0
кодекс 0.0 0.066 0.0
также 0.003 0.237 0.001
совместное 0.0 1.398 0.0
луны-25 0.0 2.0 0.0
необходим 0.001 1.523 0.002
десятилетия 0.0 1.301 0.0
освоении 0.001 1.398 0.001
рентгеновский 0.0 2.0 0.0
россиянам 0.0 1.0 0.0
орлу 0.0 2.0 0.0
cas500-2 0.0 2.0 0.0
срока 0.0 1.699 0.0
государства 0.0 0.824 0.0
выгодного 0.0 1.699 0.0
решил 0.0 0.959 0.0
черными 0.0 2.0 0.0
сотрудничество 0.002 1.523 0.003
очередь 0.0 0.62 0.0
венера-д 0.001 2.0 0.002
поповкин 0.0 2.0 0.0
федерацией 0.0 1.699 0.0
общества 0.0 0.824 0.0
успеха 0.001 1.398 0.001
конструкторское 0.0 2.0 0.0
введения 0.0 0.796 0.0
восстановление 0.0 1.398 0.0
2016–2025 0.0 2.0 0.0
институте 0.0 1.222 0.0
erositaбыл 0.0 2.0 0.0
твиттере 0.001 1.398 0.001
вконтакте 0.0 0.066 0.0
нашей 0.0 0.699 0.0
рентгеновская 0.0 2.0 0.0
бесплатно 0.0 1.398 0.0
государственный 0.0 1.097 0.0
генеральный 0.001 1.301 0.001
кикина 0.0 2.0 0.0
exomars 0.0 2.0 0.0
санкции 0.002 0.77 0.002
станциях 0.0 1.699 0.0
входит 0.001 1.301 0.001
нашими 0.0 1.155 0.0
выделите 0.0 0.066 0.0
получить 0.001 0.553 0.001
нескольких 0.0 0.699 0.0
могли 0.0 0.699 0.0
недели 0.0 0.42 0.0
реагировать 0.0 1.301 0.0
миссия 0.0 1.699 0.0
предприятия 0.0 1.046 0.0
рублях 0.0 1.699 0.0
против 0.002 0.229 0.0
космонавтика 0.0 2.0 0.0
успех 0.0 1.222 0.0
дмитрий 0.004 0.658 0.003
космонавтов 0.001 2.0 0.002
лунная 0.0 2.0 0.0
вечерняя 0.0 0.066 0.0
францию 0.0 1.523 0.0
энергомаш 0.001 2.0 0.002
увезена 0.0 2.0 0.0
знаменитых 0.0 2.0 0.0
поддержки 0.001 0.066 0.0
похвастаться 0.0 2.0 0.0
спутник 0.0 0.721 0.0
falcon 0.0 1.699 0.0
начал 0.0 0.796 0.0
круговой 0.0 2.0 0.0
исполнили 0.0 2.0 0.0
стал 0.001 0.658 0.001
российского 0.002 0.62 0.001
биологический 0.0 1.699 0.0
2023–2024 0.0 2.0 0.0
российско-французским 0.0 2.0 0.0
дня 0.0 0.523 0.0
итоге 0.001 0.62 0.001
проекте 0.0 1.699 0.0
тяжелый 0.0 1.301 0.0
станции 0.005 1.155 0.006
осталось 0.0 1.0 0.0
двойного 0.0 1.523 0.0
одну 0.0 0.77 0.0
android 0.0 0.066 0.0
частные 0.0 1.222 0.0
июле 0.0 1.523 0.0
цупами 0.0 2.0 0.0
американской 0.001 1.222 0.001
объявил 0.0 1.0 0.0
нужна 0.001 0.092 0.0
марта 0.003 0.319 0.001
принято 0.001 1.097 0.001
созданный 0.0 1.523 0.0
продолжается 0.001 1.0 0.001
запусков 0.001 2.0 0.002
плане 0.001 1.155 0.001
агентство 0.0 1.155 0.0
ран 0.001 1.523 0.002
конструкции 0.001 1.523 0.002
разработана 0.0 2.0 0.0
институт 0.001 1.301 0.001
когда-нибудь 0.001 1.523 0.002
санкционного 0.0 2.0 0.0
сентября 0.001 1.046 0.001
работ 0.0 1.222 0.0
смысл 0.001 0.959 0.001
автоматическим 0.0 2.0 0.0
сводит 0.0 2.0 0.0
глава 0.0 0.824 0.0
grumman 0.0 2.0 0.0
могла 0.0 0.886 0.0
кавашкин 0.0 2.0 0.0
бывали 0.0 2.0 0.0
высоких 0.0 1.301 0.0
байтерек 0.0 2.0 0.0
корабля 0.001 2.0 0.002
медузе 0.001 0.066 0.0
2009–2015 0.0 2.0 0.0
точно 0.0 0.481 0.0
первый 0.001 0.481 0.0
комсомольская 0.0 2.0 0.0
агентства 0.0 1.097 0.0
проводил 0.0 1.699 0.0
открытий 0.0 2.0 0.0
миллиардов 0.0 1.301 0.0
илона 0.001 1.699 0.002
медузу 0.001 0.066 0.0
обработки 0.0 0.066 0.0
розалинд 0.0 2.0 0.0
совместная 0.001 1.523 0.002
стороны 0.001 0.432 0.0
успел 0.0 0.921 0.0
источников 0.0 1.0 0.0
биологических 0.001 1.699 0.002
массовой 0.0 0.097 0.0
формировалась 0.0 2.0 0.0
гагаринскому 0.0 2.0 0.0
космическим 0.001 2.0 0.002
заключить 0.0 2.0 0.0
каждый 0.0 0.509 0.0
действовали 0.0 1.699 0.0
эксперименты 0.0 1.301 0.0
земли 0.001 0.959 0.001
находятся 0.0 0.854 0.0
человечеством 0.0 2.0 0.0
продолжать 0.0 0.921 0.0
обмен 0.0 1.301 0.0
потребует 0.0 1.699 0.0
каких-то 0.0 0.921 0.0
развал 0.0 2.0 0.0
вперед 0.0 1.398 0.0
каждом 0.0 1.097 0.0
случай 0.0 0.921 0.0
всему 0.0 0.699 0.0
великобританию 0.0 1.699 0.0
сегмента 0.001 1.523 0.002
трудом 0.0 1.222 0.0
входящих 0.0 1.398 0.0
серию 0.0 1.699 0.0
уровню 0.0 1.523 0.0
росс 0.0 2.0 0.0
транспортной 0.0 2.0 0.0
пострадала 0.0 1.301 0.0
надеялся 0.0 1.699 0.0
ракет 0.001 1.398 0.001
участием 0.001 1.222 0.001
собственной 0.0 1.222 0.0
лабораторных 0.0 1.301 0.0
серьезной 0.001 2.0 0.002
состоящий 0.0 2.0 0.0
этапа 0.0 1.222 0.0
историческое 0.0 2.0 0.0
декабре 0.0 1.222 0.0
электронные 0.0 1.523 0.0
сдержанные 0.0 1.699 0.0
аварийных 0.0 2.0 0.0
иначе 0.0 0.745 0.0
бортового 0.0 2.0 0.0
корабли 0.001 1.699 0.002
опыт 0.001 0.886 0.001
зеркальных 0.001 2.0 0.002
пространстве 0.0 1.523 0.0
обеспечивала 0.0 1.523 0.0
гражданском 0.0 2.0 0.0
кэв 0.001 2.0 0.002
людерс 0.0 2.0 0.0
теми 0.0 0.886 0.0
запустить 0.001 1.398 0.001
конкурент 0.0 2.0 0.0
реклама 0.001 0.066 0.0
началом 0.0 1.222 0.0
делать 0.0 0.276 0.0
дальнего 0.0 2.0 0.0
сша 0.005 0.469 0.002
звеном 0.0 2.0 0.0
обязательное 0.0 1.523 0.0
наблюдения 0.0 1.155 0.0
следующий 0.001 0.796 0.001
россии 0.005 0.119 0.001
казахстаном 0.0 2.0 0.0
энергия 0.001 2.0 0.002
агента 0.001 0.097 0.0
пять 0.0 0.509 0.0
вышел 0.0 1.0 0.0
обстановки 0.0 1.699 0.0
экзомарс-2020 0.0 2.0 0.0
манипулятора 0.0 2.0 0.0
30-суточный 0.0 2.0 0.0
экспериментов 0.001 1.523 0.002
важном 0.0 1.699 0.0
системы 0.001 0.585 0.001
ракетами 0.0 1.398 0.0
объяснял 0.0 1.523 0.0
инструмент 0.001 1.398 0.001
медико-биологических 0.0 2.0 0.0
постепенно 0.0 1.222 0.0
фактический 0.0 2.0 0.0
представителя 0.0 1.222 0.0
ненавидит 0.0 2.0 0.0
ответил 0.0 1.046 0.0
переориентировались 0.0 2.0 0.0
серии 0.001 1.301 0.001
репутацией 0.0 1.699 0.0
грузовой 0.0 2.0 0.0
россией 0.0 0.824 0.0
игра 0.0 1.699 0.0
мир 0.0 0.553 0.0
труднее 0.0 0.721 0.0
куру 0.001 1.699 0.002
читателейнам 0.0 0.174 0.0
роскосмос 0.01 1.699 0.017
диапазоне 0.001 1.523 0.002
переведен 0.0 2.0 0.0
страны 0.001 0.444 0.0
отказался 0.0 1.155 0.0
германским 0.0 2.0 0.0
авиации 0.0 1.699 0.0
остался 0.0 0.854 0.0
порядку 0.0 0.066 0.0
полете 0.0 2.0 0.0
облегченной 0.0 2.0 0.0
jody 0.0 2.0 0.0
туризм 0.001 2.0 0.002
сочетание 0.0 1.301 0.0
создаваемой 0.0 2.0 0.0
необходимо 0.001 0.585 0.001
близки 0.0 1.699 0.0
прекращает 0.0 1.699 0.0
рогозина 0.001 2.0 0.002
самый 0.0 0.721 0.0
нужным 0.0 1.699 0.0
опытное 0.0 2.0 0.0
провести 0.0 0.745 0.0
испытательных 0.0 2.0 0.0
обстановку 0.0 1.699 0.0
изготавливал 0.0 2.0 0.0
космос 0.002 1.301 0.003
юбилейный 0.0 2.0 0.0
гвианском 0.0 2.0 0.0
российской 0.002 0.432 0.001
двигатель 0.0 2.0 0.0
скопления 0.0 2.0 0.0
возложил 0.0 2.0 0.0
парадоксальная 0.0 1.699 0.0
взаимопонимании 0.0 2.0 0.0
деньги 0.002 0.77 0.002
составе 0.001 1.301 0.001
одному 0.0 0.921 0.0
производило 0.0 2.0 0.0
northrop 0.0 2.0 0.0
могут 0.0 0.187 0.0
структуру 0.0 1.222 0.0
существенным 0.0 1.699 0.0
довольно 0.0 0.523 0.0
следующей 0.0 1.301 0.0
латинской 0.0 1.699 0.0
совершить 0.0 1.699 0.0
комплектующих 0.001 1.699 0.002
найти 0.0 0.602 0.0
работать 0.001 0.409 0.0
попали 0.0 0.886 0.0
коммерческих 0.001 1.699 0.002
стартов 0.0 2.0 0.0
era 0.001 1.523 0.002
околоземном 0.0 2.0 0.0
первую 0.0 0.638 0.0
ракетах 0.001 1.699 0.002
фгб 0.0 2.0 0.0
космодроме 0.0 2.0 0.0
обслуживать 0.0 1.699 0.0
начале 0.0 0.602 0.0
ситуаций 0.0 2.0 0.0
космические 0.0 2.0 0.0
полгода 0.0 0.886 0.0
матрешка-р 0.0 2.0 0.0
исследовательских 0.0 1.699 0.0
неизвестно 0.0 0.77 0.0
марсохода 0.0 2.0 0.0
период 0.0 0.796 0.0
подпишут 0.0 2.0 0.0
главкосмос 0.001 2.0 0.002
нем 0.0 0.602 0.0
тайвань 0.0 1.699 0.0
рынка 0.0 1.097 0.0
создания 0.0 1.398 0.0
национализированных 0.0 2.0 0.0
химках 0.0 2.0 0.0
подготовлена 0.0 2.0 0.0
самостоятельно 0.001 1.097 0.001
байконур 0.002 2.0 0.004
контрактов 0.0 1.523 0.0
модернизацию 0.0 2.0 0.0
направлены 0.0 1.222 0.0
стало 0.0 0.481 0.0
рд-181 0.001 2.0 0.002
коррекцию 0.0 2.0 0.0
максимально 0.0 0.721 0.0
images 0.0 0.796 0.0
рд-180 0.002 2.0 0.004
облигации 0.0 1.699 0.0
космонавте 0.0 2.0 0.0
кэти 0.0 1.699 0.0
смог 0.0 1.155 0.0
космонавтики 0.002 2.0 0.004
программы 0.003 1.046 0.003
контракт 0.001 1.523 0.002
повлияют 0.0 1.699 0.0
межпланетных 0.0 2.0 0.0
усилия 0.0 1.155 0.0
единственный 0.0 0.824 0.0
продлить 0.0 1.699 0.0
речи 0.0 1.222 0.0
следующее 0.0 1.523 0.0
космодромов 0.0 2.0 0.0
создается 0.0 1.699 0.0
иностранным 0.0 0.097 0.0
кораблях 0.001 2.0 0.002
2026–2035 0.0 2.0 0.0
например 0.001 0.229 0.0
американцами 0.0 2.0 0.0
станция 0.001 1.523 0.002
началась 0.001 0.678 0.001
сообщил 0.001 0.959 0.001
овчинников 0.0 2.0 0.0
арт-xc 0.0 2.0 0.0
решение 0.001 0.509 0.001
излучения 0.0 2.0 0.0
мнению 0.0 0.638 0.0
февраля 0.003 0.387 0.001
c. 0.0 1.523 0.0
позже 0.0 0.886 0.0
проект 0.001 1.046 0.001
запуск 0.001 2.0 0.002
части 0.0 0.854 0.0
космическом 0.0 2.0 0.0
марте 0.0 1.046 0.0
китая 0.0 1.155 0.0
российско-французская 0.0 2.0 0.0
европейскими 0.0 1.523 0.0
поддержите 0.0 0.102 0.0
соответствует 0.0 1.097 0.0
электроники 0.001 2.0 0.002
оплачены 0.0 2.0 0.0
поэтому 0.0 0.328 0.0
популяризатор 0.001 2.0 0.002
марса 0.001 1.699 0.002
развитии 0.0 1.398 0.0
воды 0.0 0.745 0.0
присоединился 0.0 1.699 0.0
приборы 0.001 1.699 0.002
году 0.004 0.367 0.001
доставлял 0.0 2.0 0.0
евросоюза 0.0 1.222 0.0
участия 0.0 1.222 0.0
лет 0.003 0.252 0.001
плавучего 0.0 2.0 0.0
минимуму 0.0 2.0 0.0
переименованного 0.0 2.0 0.0
дохода 0.0 1.398 0.0
шаттлов 0.0 2.0 0.0
необходимая 0.0 1.699 0.0
проводятся 0.0 1.097 0.0
законсервировала 0.0 2.0 0.0
вопрос 0.001 0.42 0.0
проблем 0.001 0.796 0.001
эфире 0.0 1.155 0.0
многократно 0.0 1.523 0.0
кровью 0.0 1.523 0.0
космонавты 0.001 2.0 0.002
данные 0.0 0.066 0.0
плотное 0.0 2.0 0.0
экзомарс-2022 0.001 2.0 0.002
окно 0.0 1.398 0.0
отдельные 0.0 1.0 0.0
управляет 0.0 1.699 0.0
закладывалось 0.0 2.0 0.0
бионы 0.0 2.0 0.0
пуск 0.0 2.0 0.0
последующей 0.0 1.523 0.0
продолжает 0.0 0.658 0.0
втором 0.0 1.398 0.0
имени 0.001 0.796 0.001
астронавта 0.0 2.0 0.0
новых 0.0 0.678 0.0
alliance 0.0 1.523 0.0
пояснил 0.0 2.0 0.0
завершен 0.0 2.0 0.0
целом 0.0 0.585 0.0
третьем 0.0 1.699 0.0
востоку 0.0 1.523 0.0
токсичным 0.0 2.0 0.0
сторона 0.0 1.222 0.0
автономно 0.0 2.0 0.0
рентгеновских 0.001 1.523 0.002
следующих 0.0 1.301 0.0
совместному 0.001 1.699 0.002
ракета 0.0 1.398 0.0
экономике 0.0 1.301 0.0
врагами 0.0 2.0 0.0
ariane 0.001 2.0 0.002
новые 0.001 0.602 0.001
обанкротится 0.001 1.699 0.002
луна-26 0.001 2.0 0.002
agency 0.0 1.0 0.0
остатки 0.0 1.398 0.0
вероятность 0.0 0.721 0.0
идеях 0.0 2.0 0.0
управляются 0.0 2.0 0.0
землей 0.0 1.523 0.0
подписано 0.001 1.699 0.002
северной 0.0 1.301 0.0
crew 0.002 1.699 0.003
никакого 0.0 0.824 0.0
сегменты 0.0 2.0 0.0
блинов 0.0 2.0 0.0
подготовительные 0.0 2.0 0.0
финансам 0.0 2.0 0.0
благоприятной 0.0 2.0 0.0
научного 0.0 1.699 0.0
партнером 0.0 1.398 0.0
источник 0.001 0.174 0.0
сокращение 0.0 1.523 0.0
все-таки 0.0 0.553 0.0
телескопов 0.0 2.0 0.0
спутниками 0.001 2.0 0.002
состав 0.001 0.959 0.001
спектр-рг 0.001 2.0 0.002
лавочкина 0.001 2.0 0.002
хочу 0.0 0.137 0.0
be-4 0.0 2.0 0.0
восьми 0.0 1.301 0.0
импортозамещения 0.001 2.0 0.002
презентация 0.001 2.0 0.002
результатом 0.0 1.398 0.0
фильм 0.001 1.699 0.002
откроется 0.0 1.699 0.0
участии 0.001 0.959 0.001
звездой 0.0 1.523 0.0
старта 0.001 1.301 0.001
ряд 0.001 1.046 0.001
керосинового 0.0 2.0 0.0
модулей 0.0 1.699 0.0
европейцев 0.0 1.523 0.0
trace 0.0 2.0 0.0
меморандум 0.0 2.0 0.0
химки 0.0 2.0 0.0
остались 0.0 0.921 0.0
модернизировать 0.0 1.699 0.0
действует 0.0 1.097 0.0
большие 0.0 0.796 0.0
правила 0.0 0.066 0.0
функциональный 0.0 2.0 0.0
конец 0.0 1.155 0.0
академика 0.0 2.0 0.0
поставках 0.0 1.699 0.0
прогнозом 0.0 2.0 0.0
отечественной 0.0 2.0 0.0
сказать 0.0 0.495 0.0
прогресс 0.001 1.523 0.002
© 0.0 0.0 0.0
равно 0.0 0.638 0.0
связана 0.0 1.0 0.0
старсем 0.0 2.0 0.0
внешней 0.0 1.523 0.0
граждан 0.0 0.638 0.0
планирование 0.0 2.0 0.0
ракете-носителе 0.001 2.0 0.002
интегрированную 0.0 2.0 0.0
грузовые 0.0 2.0 0.0
партнеров 0.001 1.398 0.001
количества 0.0 1.0 0.0
салаватский 0.0 2.0 0.0
существующих 0.0 1.222 0.0
использовался 0.0 1.523 0.0
форс-мажорных 0.0 2.0 0.0
создаваться 0.0 1.699 0.0
сильно 0.001 0.509 0.001
федеральная 0.001 2.0 0.002
помощь 0.001 0.097 0.0
женщина 0.0 1.222 0.0
йозеф 0.0 2.0 0.0
клиентов 0.0 1.301 0.0
крупного 0.0 1.699 0.0
сложившаяся 0.0 2.0 0.0
базе 0.0 1.155 0.0
сообщило 0.0 1.301 0.0
руководил 0.0 2.0 0.0
исключением 0.0 1.301 0.0
полетов 0.001 2.0 0.002
савостьянов 0.0 2.0 0.0
новости 0.0 0.481 0.0
большая 0.0 0.77 0.0
куратор 0.0 2.0 0.0
программа 0.002 1.523 0.003
межправительственное 0.0 2.0 0.0
кризисом 0.0 2.0 0.0
окошке 0.0 2.0 0.0
гарантии 0.0 1.301 0.0
исследованию 0.001 1.097 0.001
всем 0.0 0.252 0.0
науку 0.0 2.0 0.0
километров 0.0 1.155 0.0
строятся 0.0 2.0 0.0
оно 0.0 0.444 0.0
двигателя 0.0 1.699 0.0
заморожены 0.0 2.0 0.0
приносило 0.0 2.0 0.0
лаборатория 0.0 1.699 0.0
планет 0.0 2.0 0.0
потребоваться 0.0 1.523 0.0
получал 0.0 2.0 0.0
завершить 0.0 1.699 0.0
nasa 0.004 2.0 0.008
получены 0.0 1.301 0.0
спектра-рг 0.0 2.0 0.0
корпус 0.0 2.0 0.0
коммерческие 0.0 1.699 0.0
кадрах 0.0 2.0 0.0
подготовлены 0.0 2.0 0.0
квалифицированных 0.0 2.0 0.0
химический 0.0 2.0 0.0
млм 0.001 2.0 0.002
кораблями-спасателями 0.0 2.0 0.0
собственные 0.001 1.046 0.001
самого 0.0 0.77 0.0
осуществить 0.0 1.699 0.0
стартового 0.0 2.0 0.0
перевод 0.0 1.523 0.0
состояться 0.0 2.0 0.0
продолжить 0.0 1.222 0.0
выполнен 0.0 2.0 0.0
заставил 0.0 1.523 0.0
объединить 0.0 2.0 0.0
обществом 0.0 1.523 0.0
вызовы 0.0 2.0 0.0
финансировании 0.0 2.0 0.0
служебную 0.0 1.699 0.0
слов 0.0 1.301 0.0
показывать 0.0 0.066 0.0
поверхности 0.001 1.301 0.001
орбит 0.0 2.0 0.0
twitter 0.0 0.0 0.0
заключения 0.0 1.398 0.0
планируется 0.001 1.398 0.001
санкциям 0.0 1.301 0.0
скорректирована 0.0 2.0 0.0
ракетно-космический 0.0 2.0 0.0
фрегат 0.0 2.0 0.0
строящихся 0.0 2.0 0.0
означает 0.001 0.62 0.001
платформы 0.001 0.066 0.0
звезда 0.0 2.0 0.0
двигателем 0.0 2.0 0.0
введенные 0.001 1.699 0.002
представителей 0.0 1.0 0.0
понять 0.001 0.721 0.001
членами 0.0 1.523 0.0
потеряло 0.0 2.0 0.0
международных 0.0 1.097 0.0
которые 0.003 0.119 0.0
вкладом 0.0 2.0 0.0
форс-мажор 0.0 2.0 0.0
участие 0.0 0.959 0.0
ранее 0.0 0.62 0.0
meduza 0.001 0.0 0.0
проектов 0.001 1.398 0.001
международной 0.002 1.046 0.002
луна-28 0.0 2.0 0.0
ожидалось 0.0 2.0 0.0
программу 0.001 1.155 0.001
сверхтяжелая 0.0 2.0 0.0
запуска 0.001 1.398 0.001
закончиться 0.0 1.097 0.0
приоритетом 0.0 2.0 0.0
партнерами 0.001 1.523 0.002
д 0.0 1.398 0.0
декабря 0.0 0.824 0.0
manufacturing 0.0 1.699 0.0
дмитрия 0.001 1.222 0.001
аппаратов 0.002 2.0 0.004
востока 0.0 1.301 0.0
расширение 0.0 1.523 0.0
создавалось 0.001 2.0 0.002
уменьшили 0.0 2.0 0.0
из-за 0.002 0.229 0.0
орбитальную 0.0 2.0 0.0
оборонного 0.0 2.0 0.0
контракту 0.0 1.699 0.0
японский 0.0 2.0 0.0
проблемой 0.0 1.097 0.0
нуждается 0.0 1.699 0.0
продолжались 0.0 1.699 0.0
помещении 0.0 0.959 0.0
доставку 0.0 2.0 0.0
действий 0.0 0.699 0.0
находился 0.0 1.222 0.0
посадочный 0.0 2.0 0.0
значит 0.0 0.444 0.0
отличаться 0.0 1.301 0.0
гифки 0.0 0.066 0.0
санкций 0.001 0.745 0.001
людей 0.001 0.161 0.0
годов 0.0 1.0 0.0
бюджет 0.0 1.523 0.0
кроме 0.0 0.387 0.0
турист 0.0 2.0 0.0
учетом 0.0 0.921 0.0
неуправляемого 0.0 2.0 0.0
главных 0.0 0.678 0.0
бион 0.0 2.0 0.0
европе 0.0 0.658 0.0
операции 0.001 0.886 0.001
включая 0.0 0.959 0.0
реализует 0.0 1.699 0.0
хьюстон 0.0 2.0 0.0
возвращались 0.0 2.0 0.0
коммерческого 0.0 1.523 0.0
научная 0.001 1.301 0.001
увеличить 0.0 1.301 0.0
ближайших 0.0 1.699 0.0
правда 0.001 0.509 0.001
который 0.001 0.194 0.0
государствами 0.0 1.699 0.0
временно 0.0 1.301 0.0
анонимно 0.0 0.066 0.0
описанием 0.001 2.0 0.002
неопределенное 0.001 2.0 0.002
ваша 0.001 0.102 0.0
проекта 0.002 1.222 0.002
аппаратам 0.0 2.0 0.0
никакие 0.0 1.301 0.0
утверждается 0.0 1.155 0.0
готова 0.0 1.155 0.0
интервью 0.0 0.745 0.0
космического 0.001 1.523 0.002
спасет 0.0 1.523 0.0
оснащения 0.0 2.0 0.0
сотрудничестве 0.001 1.222 0.001
целей 0.0 1.301 0.0
качественных 0.0 2.0 0.0
занимала 0.0 2.0 0.0
куки 0.0 0.066 0.0
геополитической 0.0 1.699 0.0
мисуркин 0.0 2.0 0.0
звезд 0.0 1.699 0.0
минут 0.0 0.854 0.0
спутники 0.001 2.0 0.002
вплоть 0.0 1.222 0.0
проектом 0.0 1.699 0.0
использование 0.0 0.066 0.0
наблюдая 0.0 2.0 0.0
упомянул 0.0 2.0 0.0
туристов 0.0 1.699 0.0
спд-50м 0.0 2.0 0.0
стружка 0.0 2.0 0.0
года 0.012 0.167 0.002
кораблем-спасателем 0.0 2.0 0.0
полных 0.0 1.699 0.0
заявлениям 0.0 1.398 0.0
космическими 0.0 2.0 0.0
en 0.0 0.066 0.0
назывался 0.0 2.0 0.0
переносов 0.001 2.0 0.002
явления 0.0 1.222 0.0
кредитный 0.0 1.699 0.0
очередной 0.0 1.097 0.0
другого 0.001 0.824 0.001
основными 0.0 1.699 0.0
0,5–10 0.0 2.0 0.0
дополняет 0.0 2.0 0.0
метановым 0.0 2.0 0.0
разобраться 0.0 1.523 0.0
обсерватории 0.0 2.0 0.0
существенно 0.0 0.721 0.0
придется 0.0 0.854 0.0
акционерным 0.0 2.0 0.0
теснить 0.0 2.0 0.0
октября 0.001 1.0 0.001
проекты 0.001 1.398 0.001
будут 0.0 0.301 0.0
успехи 0.0 1.699 0.0
стыдные 0.001 1.523 0.002
разрешением 0.0 2.0 0.0
заново 0.001 1.523 0.002
amiet 0.0 2.0 0.0
совместные 0.001 1.699 0.002
свой 0.0 0.585 0.0
спроектированных 0.0 2.0 0.0
годах 0.002 1.155 0.002
следующие 0.0 1.523 0.0
пилотируемой 0.003 2.0 0.006
полностью 0.0 0.538 0.0
доставляли 0.0 2.0 0.0
ссср 0.0 1.155 0.0
брать 0.0 1.523 0.0
союз-мс 0.0 2.0 0.0
продолжении 0.0 2.0 0.0
dlr 0.0 2.0 0.0
одно 0.0 0.699 0.0
изготовить 0.0 1.699 0.0
которой 0.001 0.377 0.0
строится 0.0 1.699 0.0
вообще 0.0 0.066 0.0
личными 0.0 2.0 0.0
третий 0.0 0.921 0.0
лишь 0.002 0.481 0.001
оборудования 0.0 1.301 0.0
крупнейший 0.0 1.398 0.0
картинкой 0.0 2.0 0.0
стоимость 0.0 1.398 0.0
направлений 0.001 1.523 0.002
заложницей 0.0 2.0 0.0
менялся 0.0 2.0 0.0
испытания 0.001 1.046 0.001
монтажно-испытательный 0.0 2.0 0.0
осваивали 0.0 2.0 0.0
степени 0.0 0.721 0.0
европейские 0.001 1.222 0.001
отправки 0.0 1.699 0.0
маэдзава 0.0 2.0 0.0
помочь 0.0 0.131 0.0
орбиты 0.001 2.0 0.002
разделилась 0.0 2.0 0.0
продолжаем 0.0 0.699 0.0
целого 0.0 2.0 0.0
оказалась 0.0 0.796 0.0
отложили 0.0 2.0 0.0
ясно 0.001 0.886 0.001
фотоны 0.0 2.0 0.0
разработка 0.0 1.523 0.0
oneweb 0.005 2.0 0.01
картину 0.0 1.0 0.0
суток 0.0 1.222 0.0
логотипом 0.0 2.0 0.0
аппарата 0.002 1.523 0.003
целях 0.0 2.0 0.0
aaa 0.0 2.0 0.0
организации 0.0 0.658 0.0
центре 0.001 0.886 0.001
борис 0.0 1.523 0.0
ставит 0.0 1.301 0.0
производитель 0.0 1.222 0.0
факел 0.0 2.0 0.0
свои 0.0 0.481 0.0
которое 0.0 0.337 0.0
назвал 0.0 1.155 0.0
байконура 0.0 2.0 0.0
построенного 0.0 1.699 0.0
посадочных 0.0 2.0 0.0
проекту 0.0 2.0 0.0
кометы 0.0 2.0 0.0
новостиисторииразборшапитокоронавирусмагаз 0.0 0.066 0.0
совместно 0.0 1.301 0.0
запускает 0.0 2.0 0.0
существование 0.0 1.155 0.0
успешно 0.001 1.097 0.001
должны 0.001 0.432 0.0
отправлять 0.0 1.155 0.0
космоса 0.001 1.699 0.002
демонстрационная 0.0 2.0 0.0
vega 0.001 2.0 0.002
контексте 0.0 1.222 0.0
ракеты 0.002 1.097 0.002
которая 0.001 0.301 0.0
запущен 0.001 2.0 0.002
european 0.0 1.155 0.0
столкнулись 0.0 1.398 0.0
угловым 0.0 2.0 0.0
лоскутов 0.0 2.0 0.0
клиентах 0.0 2.0 0.0
важных 0.0 1.097 0.0
выполняющим 0.001 0.097 0.0
возможно 0.001 0.398 0.0
принять 0.0 0.921 0.0
ошибку 0.0 0.066 0.0
пионерским 0.0 2.0 0.0
цупы 0.0 2.0 0.0
обеспечивал 0.0 2.0 0.0
компании 0.003 0.523 0.002
связующим 0.0 2.0 0.0
оставшиеся 0.001 1.301 0.001
гвианский 0.001 2.0 0.002
спутника 0.0 0.796 0.0
акра 0.0 2.0 0.0
вспомогательный 0.0 2.0 0.0
фирмы 0.0 1.523 0.0
техас 0.0 2.0 0.0
сотрудничества 0.001 1.301 0.001
объявили 0.0 0.921 0.0
строительства 0.0 2.0 0.0
эвакуироваться 0.0 1.523 0.0
военных 0.0 0.699 0.0
стран 0.001 0.469 0.0
помешать 0.0 1.699 0.0
ека 0.003 2.0 0.006
идет 0.0 0.367 0.0
инвестиции 0.0 1.398 0.0
сможет 0.001 0.721 0.001
материал 0.0 0.086 0.0
большой 0.001 0.569 0.001
курса 0.0 1.398 0.0
юсаку 0.0 2.0 0.0
знаете 0.0 0.796 0.0
выполнение 0.0 1.699 0.0
советских 0.0 1.699 0.0
таким 0.001 0.658 0.001
телескопа 0.001 2.0 0.002
новый 0.0 0.658 0.0
прекращается 0.0 1.699 0.0
конструкторские 0.0 2.0 0.0
радиостанции 0.0 2.0 0.0
базового 0.0 1.699 0.0
российская 0.001 0.658 0.001
antares 0.0 2.0 0.0
ждет 0.0 0.959 0.0
частной 0.001 1.699 0.002
примерно 0.0 0.585 0.0
второго 0.0 1.0 0.0
исполнит 0.0 2.0 0.0
erosita 0.001 2.0 0.002
иметь 0.0 0.824 0.0
делится 0.0 1.523 0.0
продолжат 0.0 2.0 0.0
работы 0.003 0.553 0.002
заявляло 0.0 2.0 0.0
интерес 0.0 1.301 0.0
принимается 0.0 1.155 0.0
квалифицированной 0.0 2.0 0.0
франклин 0.0 2.0 0.0
передал 0.0 1.523 0.0
планирования 0.0 1.523 0.0
максим 0.001 0.824 0.001
компанией 0.001 1.222 0.001
неделя 0.0 2.0 0.0
контракте 0.0 2.0 0.0
боевых 0.0 1.0 0.0
взаимодействие 0.001 1.523 0.002
тел 0.0 1.699 0.0
гордостью 0.001 1.301 0.001
мс-15 0.001 2.0 0.002
стенда 0.0 2.0 0.0
заявить 0.0 1.699 0.0
разной 0.0 1.097 0.0
запуски 0.001 2.0 0.002
союз-2 0.001 2.0 0.002
гендиректора 0.0 1.398 0.0
руководителя 0.0 1.222 0.0
нерадужную 0.0 2.0 0.0
заявило 0.0 1.398 0.0
возврату 0.0 2.0 0.0
потенциальный 0.0 1.523 0.0
единственная 0.0 1.046 0.0
базы 0.0 1.222 0.0
использовать 0.001 0.585 0.001
альтернативы 0.0 1.301 0.0
обзор 0.0 1.222 0.0
часть 0.001 0.456 0.0
протон-к 0.0 2.0 0.0
стремительно 0.001 1.523 0.002
стойких 0.001 2.0 0.002
полеты 0.0 1.699 0.0
планировались 0.001 2.0 0.002
образом 0.0 0.602 0.0
инстаграм 0.0 0.066 0.0
ими 0.0 1.222 0.0
полугодовой 0.0 2.0 0.0
вопросы 0.001 0.481 0.0
европейского 0.001 1.155 0.001
ситуация 0.002 0.569 0.001
камеры 0.0 2.0 0.0
практически 0.001 0.602 0.001
отказ 0.0 0.959 0.0
спускаемых 0.0 2.0 0.0
результаты 0.0 0.62 0.0
кредитное 0.0 2.0 0.0
нагрузки 0.0 1.699 0.0
международным 0.001 1.301 0.001
след 0.0 2.0 0.0
репутационных 0.0 2.0 0.0
это 0.013 0.066 0.001
связь 0.0 0.721 0.0
объединенных 0.0 2.0 0.0
разрабатываемого 0.0 2.0 0.0
afp 0.0 0.854 0.0
арабских 0.0 1.699 0.0
эксплуатации 0.001 1.699 0.002
работаем 0.0 0.161 0.0
своим 0.0 0.658 0.0
двух 0.001 0.377 0.0
оборонных 0.0 2.0 0.0
потерь 0.0 1.523 0.0
приостановил 0.0 2.0 0.0
конгрессом 0.0 1.523 0.0
выигрывает 0.0 2.0 0.0
большого 0.0 1.155 0.0
новой 0.001 0.585 0.001
котором 0.0 0.495 0.0
аппаратуры 0.0 2.0 0.0
маловероятным 0.0 1.699 0.0
энергий 0.001 2.0 0.002
миссии 0.001 1.699 0.002
бангладешский 0.0 2.0 0.0
ставший 0.0 1.699 0.0
english 0.0 0.06 0.0
повода 0.0 2.0 0.0
научным 0.001 1.398 0.001
ввел 0.0 1.398 0.0
научной 0.001 1.046 0.001
африки 0.0 1.398 0.0
многоцелевом 0.0 2.0 0.0
партнерством 0.0 2.0 0.0
орбитального 0.0 2.0 0.0
поддержка 0.0 0.167 0.0
разрабатываемый 0.0 2.0 0.0
рогозин 0.004 2.0 0.008
сверхновых 0.0 2.0 0.0
события 0.001 0.745 0.001
неиспользовании 0.0 2.0 0.0
изготовленной 0.0 2.0 0.0
годы 0.001 0.745 0.001
августе 0.0 1.0 0.0
сделал 0.0 0.854 0.0
телескоп 0.0 2.0 0.0
посла 0.0 2.0 0.0
канале 0.0 1.301 0.0
восточный 0.0 1.523 0.0
dragon 0.002 2.0 0.004
подписали 0.0 1.398 0.0
имеет 0.0 0.602 0.0
космодрома 0.002 2.0 0.004
оценивалась 0.0 1.523 0.0
доступности 0.0 2.0 0.0
помогла 0.0 1.699 0.0
ракета-носитель 0.001 2.0 0.002
едзо 0.0 2.0 0.0
партнерстве 0.0 1.699 0.0
рейтинговое 0.0 2.0 0.0
самих 0.0 0.921 0.0
определяется 0.0 1.398 0.0
уничтожили 0.0 1.523 0.0
условий 0.0 1.523 0.0
долгоживущая 0.0 2.0 0.0
facebook 0.0 0.0 0.0
таком 0.001 0.921 0.001
предложение 0.0 1.155 0.0
менее 0.001 0.432 0.0
ракеты-носителя 0.001 2.0 0.002
вкладывать 0.0 1.699 0.0
обменом 0.0 2.0 0.0
satellite-2 0.0 2.0 0.0
вину 0.0 1.699 0.0
луна-27 0.001 2.0 0.002
планировалось 0.001 1.398 0.001
назначен 0.0 2.0 0.0
двигатели 0.001 2.0 0.002
выходили 0.0 1.398 0.0
scanpix 0.0 0.301 0.0
состоит 0.0 1.398 0.0
последствия 0.0 0.796 0.0
неопределенный 0.0 1.523 0.0
середине 0.0 0.886 0.0
понимая 0.0 1.699 0.0
доступна 0.0 1.523 0.0
модуле 0.0 2.0 0.0
кораблем 0.0 1.699 0.0
заключалась 0.0 1.699 0.0
средства 0.0 1.0 0.0
производство 0.001 1.222 0.001
орбите 0.001 1.699 0.002
службу 0.0 1.398 0.0
яркий 0.0 1.699 0.0
освоения 0.0 2.0 0.0
исследования 0.0 0.481 0.0
европейцам 0.001 2.0 0.002
tsmc 0.0 2.0 0.0
причину 0.0 1.222 0.0
персональные 0.0 0.066 0.0
продление 0.0 2.0 0.0
конфликт 0.0 1.097 0.0
немного 0.0 0.77 0.0
германия 0.0 1.046 0.0
четырехместный 0.0 2.0 0.0
компоненты 0.001 1.097 0.001
основная 0.0 1.046 0.0
фоне 0.001 0.796 0.001
adventures 0.0 2.0 0.0
финансовые 0.0 2.0 0.0
вряд 0.0 0.854 0.0
гражданских 0.0 1.398 0.0
событиепришло 0.0 2.0 0.0
первом 0.001 0.824 0.001
которых 0.001 0.237 0.0
утверждает 0.0 1.0 0.0
украине 0.001 0.444 0.0
бортовые 0.0 2.0 0.0
однако 0.001 0.337 0.0
co. 0.0 1.523 0.0
начала 0.002 0.398 0.001
разгонных 0.0 2.0 0.0
реализовывать 0.0 2.0 0.0
азии 0.0 1.523 0.0
сообщение 0.0 0.102 0.0
ток-шоу 0.0 1.523 0.0
