month 0.002 1.398 0.003
notes 0.001 0.824 0.001
here 0.004 1.0 0.004
reserved 0.001 0.854 0.001
just 0.005 0.886 0.004
colony… 0.001 2.0 0.002
funny 0.001 1.523 0.002
everything 0.001 1.097 0.001
ll 0.002 1.046 0.002
times 0.001 0.699 0.001
lock 0.001 1.699 0.002
peacemakers 0.001 2.0 0.002
massive 0.001 1.699 0.002
authorities… 0.001 2.0 0.002
plug 0.001 2.0 0.002
start 0.001 1.222 0.001
for 0.005 0.77 0.004
back 0.002 0.959 0.002
from 0.004 0.824 0.003
in 0.015 0.0 0.0
international 0.001 1.155 0.001
else 0.001 1.222 0.001
demons 0.001 2.0 0.002
t 0.008 0.886 0.007
sentence 0.001 1.523 0.002
thing 0.002 1.222 0.002
anything 0.001 1.046 0.001
eyes 0.001 1.398 0.001
phone 0.001 1.523 0.002
didn 0.002 1.097 0.002
ago 0.002 1.046 0.002
flow 0.001 2.0 0.002
began 0.001 1.155 0.001
some 0.001 0.921 0.001
today 0.001 0.854 0.001
is 0.012 0.854 0.01
trials 0.001 1.699 0.002
difference 0.001 2.0 0.002
hell 0.002 1.523 0.003
ask 0.002 1.523 0.003
aboutмедуза 0.001 0.854 0.001
two 0.001 0.921 0.001
less 0.001 1.097 0.001
distinct 0.001 2.0 0.002
continue 0.001 1.155 0.001
contempt 0.001 2.0 0.002
conduct 0.001 0.824 0.001
purpose 0.001 1.699 0.002
ears 0.001 2.0 0.002
that 0.008 0.854 0.007
collapsing 0.001 2.0 0.002
speak 0.001 1.222 0.001
part 0.001 1.097 0.001
wrote 0.001 1.046 0.001
be 0.005 0.854 0.004
language 0.001 1.523 0.002
called 0.001 1.097 0.001
courtroom 0.003 2.0 0.006
where 0.001 0.959 0.001
been 0.001 0.921 0.001
procedural 0.001 2.0 0.002
it 0.019 0.854 0.016
no 0.004 0.796 0.003
told 0.003 0.959 0.003
do 0.005 0.921 0.005
needed 0.001 1.155 0.001
s 0.025 0.796 0.02
as 0.005 0.854 0.004
collapse 0.002 1.523 0.003
office 0.001 1.155 0.001
broadcast 0.005 1.301 0.007
decade 0.003 2.0 0.006
don 0.001 0.886 0.001
up 0.004 0.854 0.003
scare 0.002 1.699 0.003
to 0.032 0.77 0.025
states 0.001 1.398 0.001
whatever 0.001 1.398 0.001
into 0.001 1.046 0.001
judges 0.001 2.0 0.002
thinks 0.002 1.699 0.003
saying 0.001 1.155 0.001
associates 0.001 1.523 0.002
first 0.001 0.886 0.001
than 0.001 0.921 0.001
asked 0.001 0.959 0.001
officer 0.001 1.699 0.002
swiss 0.001 1.699 0.002
colony 0.002 2.0 0.004
's 0.002 1.155 0.002
markedly 0.001 2.0 0.002
any 0.001 0.921 0.001
ru 0.001 0.824 0.001
person 0.003 1.398 0.004
accused 0.001 1.699 0.002
income 0.001 1.523 0.002
before 0.001 0.854 0.001
everyone 0.003 1.097 0.003
other 0.001 0.886 0.001
lackeys 0.001 2.0 0.002
big 0.001 1.301 0.001
announced 0.001 1.301 0.001
yet 0.001 1.097 0.001
insider 0.001 2.0 0.002
marina 0.001 1.301 0.001
street 0.001 1.301 0.001
years 0.004 1.155 0.005
naked 0.001 2.0 0.002
wild 0.002 1.699 0.003
stand 0.001 1.523 0.002
prosecutors 0.002 2.0 0.004
has 0.002 0.854 0.002
him 0.002 1.046 0.002
skip 0.001 0.854 0.001
public 0.002 1.0 0.002
right 0.002 0.959 0.002
can 0.002 0.854 0.002
omissions 0.001 2.0 0.002
men 0.001 1.398 0.001
case 0.001 1.155 0.001
news 0.001 0.959 0.001
ve 0.001 0.886 0.001
increased 0.001 2.0 0.002
witness 0.001 2.0 0.002
really 0.002 1.097 0.002
lot 0.002 1.097 0.002
myth 0.001 2.0 0.002
they 0.005 0.854 0.004
связи 0.001 0.0 0.0
basically 0.001 1.301 0.001
read 0.001 1.097 0.001
many 0.001 0.921 0.001
or 0.003 0.886 0.003
roll 0.001 1.699 0.002
economists 0.001 2.0 0.002
anybody 0.001 2.0 0.002
four 0.001 1.222 0.001
vladimir 0.001 1.097 0.001
anyone 0.005 1.046 0.005
’ 0.041 0.824 0.034
so 0.002 1.0 0.002
enormous 0.001 1.699 0.002
by 0.003 0.658 0.002
care 0.001 1.301 0.001
stands 0.001 1.699 0.002
pocketed 0.001 2.0 0.002
‘ 0.001 0.921 0.001
money 0.001 1.398 0.001
kanal 0.001 1.523 0.002
duty 0.001 2.0 0.002
us 0.002 0.886 0.002
well 0.001 1.046 0.001
address 0.003 1.398 0.004
course 0.001 1.222 0.001
checks 0.001 2.0 0.002
sympathy 0.001 1.699 0.002
threat 0.001 1.523 0.002
pretend 0.001 1.699 0.002
quite 0.001 1.398 0.001
put 0.001 1.155 0.001
quote 0.001 1.699 0.002
if 0.002 0.921 0.002
moscow 0.001 0.921 0.001
none 0.001 1.523 0.002
putin 0.002 1.0 0.002
against 0.004 0.824 0.003
are 0.008 0.854 0.007
were 0.002 0.921 0.002
code 0.001 0.824 0.001
far 0.001 1.523 0.002
little 0.001 1.155 0.001
pleas 0.001 1.699 0.002
an 0.004 0.854 0.003
european 0.001 1.155 0.001
sick 0.001 2.0 0.002
tiny 0.001 1.523 0.002
again 0.001 1.301 0.001
used 0.001 1.155 0.001
came 0.001 1.097 0.001
bars 0.002 1.699 0.003
while 0.002 1.0 0.002
impunity 0.001 2.0 0.002
away 0.001 1.046 0.001
stolen 0.001 2.0 0.002
privacy 0.001 0.854 0.001
real 0.001 0.854 0.001
breakdown 0.001 2.0 0.002
talk 0.001 1.222 0.001
why 0.004 1.0 0.004
end 0.001 1.222 0.001
time 0.002 0.921 0.002
great 0.001 1.398 0.001
wasting 0.001 2.0 0.002
with 0.004 0.824 0.003
this 0.007 0.854 0.006
baltic 0.001 2.0 0.002
repeatedly 0.001 1.699 0.002
honor 0.001 1.523 0.002
russo-ukrainian 0.001 2.0 0.002
cookies 0.001 0.854 0.001
group 0.001 1.155 0.001
betray 0.001 1.523 0.002
officially 0.001 1.699 0.002
said 0.003 0.959 0.003
which… 0.001 2.0 0.002
of 0.018 0.721 0.013
down 0.001 1.097 0.001
own 0.001 1.0 0.001
isn 0.002 1.222 0.002
closing 0.002 2.0 0.004
every 0.002 1.046 0.002
am 0.002 1.097 0.002
your 0.005 0.854 0.004
lefortovo 0.001 2.0 0.002
final 0.002 2.0 0.004
advertise 0.001 0.854 0.001
town 0.001 1.222 0.001
readerswe 0.001 0.921 0.001
will 0.007 0.854 0.006
hurts… 0.001 2.0 0.002
eight 0.001 1.523 0.002
reality 0.001 1.155 0.001
truth 0.001 1.301 0.001
prison 0.004 1.523 0.006
future 0.001 1.155 0.001
state 0.001 0.959 0.001
hear 0.001 1.699 0.002
act 0.001 1.398 0.001
which 0.001 0.921 0.001
about 0.007 0.854 0.006
divine 0.001 2.0 0.002
who 0.008 0.824 0.007
responded 0.001 1.699 0.002
facing 0.002 1.699 0.003
clear 0.001 1.301 0.001
a 0.025 0.699 0.017
had 0.003 0.921 0.003
keep 0.001 1.301 0.001
not 0.004 0.854 0.003
wonderful 0.001 1.699 0.002
sole 0.001 1.699 0.002
motherland 0.001 1.699 0.002
sounds 0.002 1.699 0.003
... 0.001 1.523 0.002
use 0.001 1.0 0.001
but 0.005 0.854 0.004
interrupted 0.004 1.523 0.006
ahead 0.001 1.699 0.002
his 0.002 0.959 0.002
video 0.001 1.155 0.001
over 0.002 0.959 0.002
like 0.005 0.854 0.004
see 0.001 1.0 0.001
working 0.001 0.854 0.001
fallen 0.002 1.699 0.003
likely 0.001 1.301 0.001
comparable 0.001 2.0 0.002
foundation 0.002 2.0 0.004
fruition 0.001 2.0 0.002
turned 0.001 1.222 0.001
sam 0.001 1.222 0.001
crazy 0.002 1.699 0.003
employee 0.001 1.398 0.001
problems 0.001 1.398 0.001
breazeale 0.001 1.222 0.001
country 0.005 0.959 0.005
underwear 0.001 2.0 0.002
me 0.005 0.959 0.005
recorded 0.001 1.222 0.001
correctional 0.001 2.0 0.002
russian 0.002 0.824 0.002
backdrop 0.001 1.699 0.002
most 0.001 1.0 0.001
different 0.001 1.046 0.001
pretty 0.001 2.0 0.002
penal 0.001 2.0 0.002
through 0.002 1.046 0.002
federal 0.001 1.046 0.001
alexey 0.004 1.222 0.005
helping 0.001 1.699 0.002
grandmother 0.001 1.699 0.002
tolstoy 0.001 2.0 0.002
never 0.001 0.886 0.001
their 0.005 0.854 0.004
ovsyannikova 0.001 1.301 0.001
our 0.005 0.854 0.004
number 0.001 1.301 0.001
“ 0.002 0.432 0.001
accounts 0.001 1.398 0.001
feldman 0.001 2.0 0.002
okay 0.001 0.921 0.001
despise 0.001 2.0 0.002
have 0.004 0.824 0.003
get 0.002 0.959 0.002
another 0.001 0.921 0.001
fraud 0.001 2.0 0.002
at 0.002 0.824 0.002
thousand 0.001 1.523 0.002
new 0.001 0.699 0.001
during 0.003 1.155 0.003
what 0.004 0.854 0.003
maximum 0.001 1.699 0.002
dialogue 0.001 1.699 0.002
gorozhanko 0.001 2.0 0.002
only 0.003 0.959 0.003
almost 0.001 1.046 0.001
main 0.001 0.854 0.001
verdict 0.001 2.0 0.002
able 0.001 1.097 0.001
russia 0.004 0.854 0.003
very 0.002 1.0 0.002
actually 0.001 1.398 0.001
security 0.001 1.046 0.001
cogs 0.001 2.0 0.002
second 0.001 1.699 0.002
live 0.001 0.022 0.0
everybody 0.002 1.222 0.002
yevgeny 0.001 1.699 0.002
comes 0.002 1.301 0.003
prosecution 0.001 1.699 0.002
these 0.002 1.046 0.002
more 0.005 0.886 0.004
something 0.002 1.097 0.002
think 0.002 1.046 0.002
since 0.002 1.0 0.002
© 0.001 0.0 0.0
futures 0.001 2.0 0.002
he 0.002 0.959 0.002
help 0.001 0.886 0.001
bank 0.001 1.301 0.001
last 0.003 1.046 0.003
silence 0.001 1.699 0.002
reasons 0.001 1.222 0.001
whose 0.001 1.398 0.001
global 0.001 1.222 0.001
learn 0.002 1.523 0.003
translation 0.001 1.0 0.001
walking 0.001 1.699 0.002
was 0.005 0.854 0.004
all 0.005 0.854 0.004
few 0.001 1.0 0.001
oral 0.002 2.0 0.004
free 0.001 1.301 0.001
between 0.001 1.301 0.001
rss 0.001 0.854 0.001
the 0.035 0.481 0.017
mediazona 0.002 2.0 0.004
words 0.002 1.523 0.003
rights 0.001 0.854 0.001
on 0.005 0.854 0.004
both 0.001 1.155 0.001
talking 0.001 1.699 0.002
content 0.001 0.854 0.001
fyodor 0.001 2.0 0.002
war 0.006 0.77 0.005
patriotism 0.001 2.0 0.002
say 0.001 1.0 0.001
charges 0.003 1.222 0.004
process 0.001 1.222 0.001
off 0.001 1.155 0.001
petrodollars 0.001 2.0 0.002
addressing 0.001 1.699 0.002
trial 0.004 1.699 0.007
go 0.003 1.0 0.003
decided 0.001 1.097 0.001
statements 0.002 1.222 0.002
phrase 0.001 2.0 0.002
system 0.001 1.301 0.001
interest 0.001 1.523 0.002
people 0.004 0.886 0.004
24/7 0.001 0.102 0.0
region 0.001 1.046 0.001
become 0.001 1.222 0.001
you 0.011 0.824 0.009
oppose 0.001 1.523 0.002
inspection 0.001 2.0 0.002
pokrov 0.001 2.0 0.002
getting 0.001 1.046 0.001
according 0.001 1.097 0.001
one 0.004 0.824 0.003
myself 0.001 1.398 0.001
thoughts 0.001 1.398 0.001
по-русски 0.001 0.854 0.001
m 0.001 0.886 0.001
navalny 0.01 1.301 0.013
sons 0.001 2.0 0.002
won 0.001 1.046 0.001
denying 0.001 2.0 0.002
isolation 0.001 2.0 0.002
wall 0.001 1.398 0.001
opportunity 0.001 1.523 0.002
she 0.001 1.0 0.001
arguments 0.002 1.523 0.003
journalists 0.001 1.097 0.001
and 0.022 0.721 0.016
there 0.006 0.854 0.005
cowardly 0.001 2.0 0.002
day 0.001 0.921 0.001
ones 0.001 1.398 0.001
court 0.004 1.301 0.005
weren 0.001 1.301 0.001
pervyi 0.001 1.699 0.002
coming 0.001 1.155 0.001
behind 0.002 1.155 0.002
families 0.001 1.398 0.001
mighty 0.001 2.0 0.002
want 0.002 1.155 0.002
those 0.001 1.0 0.001
repeat 0.001 1.699 0.002
source 0.001 0.921 0.001
chance 0.001 1.398 0.001
facebook 0.001 0.0 0.0
hate 0.002 1.699 0.003
” 0.002 0.886 0.002
starting 0.002 1.398 0.003
meant 0.001 1.523 0.002
seeks 0.001 1.523 0.002
better 0.001 1.398 0.001
always 0.001 0.921 0.001
hearing 0.002 1.699 0.003
my 0.005 1.046 0.005
impossible 0.001 1.222 0.001
humiliating 0.001 2.0 0.002
long 0.001 1.097 0.001
authority 0.001 1.398 0.001
journal… 0.001 2.0 0.002
twitter 0.001 0.0 0.0
re 0.003 0.886 0.003
god 0.001 2.0 0.002
i 0.014 0.745 0.01
important 0.001 1.046 0.001
march 0.003 0.886 0.003
emotional 0.001 1.523 0.002
judicial 0.001 2.0 0.002
now 0.002 0.886 0.002
forever 0.001 1.699 0.002
scared 0.001 1.523 0.002
leo 0.001 2.0 0.002
meduza 0.005 0.0 0.0
statement 0.004 1.523 0.006
instagram 0.001 0.745 0.001
anti-corruption 0.002 2.0 0.004
billionaires 0.001 2.0 0.002
below 0.001 1.398 0.001
we 0.008 0.886 0.007
give 0.002 1.0 0.002
because 0.003 0.959 0.003
sound 0.001 1.699 0.002
lead 0.001 1.097 0.001
lost 0.003 1.155 0.003
devoured 0.001 2.0 0.002
unavoidable 0.001 2.0 0.002
interesting 0.001 2.0 0.002
need 0.003 0.854 0.003
wouldn 0.001 1.398 0.001
talks 0.001 1.523 0.002
old 0.001 1.222 0.001
consequence 0.001 2.0 0.002
enough 0.001 1.046 0.001
least 0.001 1.097 0.001
children 0.001 1.222 0.001
giving 0.001 1.523 0.002
poorer 0.001 1.699 0.002
also 0.001 0.959 0.001
when 0.002 0.959 0.002
nikolayevich 0.001 2.0 0.002
