воспроизведение 0.013 2.0 0.026
десктоп 0.007 2.0 0.014
клику 0.013 2.0 0.026
сайт 0.001 1.097 0.001
– 0.001 0.06 0.0
интерактивным 0.001 2.0 0.002
редакции 0.002 0.066 0.0
наличие 0.007 1.0 0.007
600px 0.002 2.0 0.004
вносить 0.001 1.398 0.001
любой 0.007 0.745 0.005
теги 0.007 2.0 0.014
время 0.007 0.102 0.001
формат 0.008 2.0 0.016
следующих 0.002 1.301 0.003
баннеров 0.002 2.0 0.004
показом 0.001 2.0 0.002
× 0.009 1.398 0.013
android 0.001 0.066 0.0
возможным 0.001 1.523 0.002
нами 0.001 0.066 0.0
html-верстку 0.007 2.0 0.014
баннерам 0.002 0.066 0.0
связи 0.001 0.0 0.0
970px 0.002 2.0 0.004
english 0.001 0.06 0.0
файлов 0.007 2.0 0.014
400px 0.001 2.0 0.002
технические 0.002 1.398 0.003
пикселей 0.014 2.0 0.028
клиент 0.007 2.0 0.014
медуза 0.003 0.066 0.0
web 0.007 2.0 0.014
html5 0.01 2.0 0.02
менять 0.001 1.301 0.001
гифки 0.001 0.066 0.0
нам 0.001 0.086 0.0
высота 0.004 2.0 0.008
рубрикатором 0.002 2.0 0.004
согласно 0.007 0.745 0.005
агента 0.002 0.097 0.0
иметь 0.007 0.824 0.006
управления 0.007 1.097 0.008
нужна 0.001 0.092 0.0
html 0.014 2.0 0.028
рекламаmeduza 0.001 0.066 0.0
designer 0.007 1.699 0.012
интегрировано 0.007 2.0 0.014
самостоятельно 0.007 1.097 0.008
dfp 0.007 2.0 0.014
оптимизирован 0.007 2.0 0.014
формату 0.001 2.0 0.002
edge 0.013 1.523 0.02
лицом 0.001 0.102 0.0
stop/play 0.007 2.0 0.014
обязательно 0.007 0.959 0.007
in 0.001 0.0 0.0
зависимости 0.003 0.796 0.002
редакционной 0.001 1.699 0.002
предоставить 0.007 1.699 0.012
стартует 0.007 2.0 0.014
управляющих 0.007 1.699 0.012
юридическим 0.001 0.102 0.0
зафиксированный 0.002 2.0 0.004
функции 0.002 0.097 0.0
размеры 0.007 2.0 0.014
адаптивным 0.001 2.0 0.002
ширину 0.002 2.0 0.004
право 0.001 0.824 0.001
настоящее 0.007 1.155 0.008
всем 0.001 0.252 0.0
материалам 0.001 0.066 0.0
видео 0.02 0.678 0.014
устройствах 0.001 2.0 0.002
политике 0.001 1.222 0.001
изображения 0.007 1.523 0.011
реализует 0.007 1.699 0.012
системы 0.007 0.585 0.004
требования 0.015 0.066 0.001
подгружаемых 0.007 2.0 0.014
svg 0.013 2.0 0.026
связаться 0.001 0.066 0.0
самом 0.007 0.481 0.003
интернет-рекламой 0.007 2.0 0.014
звук 0.007 1.301 0.009
случае 0.001 0.357 0.0
занимать 0.002 1.523 0.003
векторные 0.007 1.523 0.011
информации 0.001 0.102 0.0
мобильный 0.002 1.699 0.003
перетяжка 0.001 2.0 0.002
который 0.001 0.194 0.0
единственный 0.001 0.824 0.001
код 0.007 2.0 0.014
анонимно 0.001 0.066 0.0
мегабайта 0.007 2.0 0.014
инициировано 0.007 2.0 0.014
кнопок 0.007 2.0 0.014
вес 0.014 1.699 0.024
иностранным 0.001 0.097 0.0
ваша 0.001 0.102 0.0
html-код 0.007 2.0 0.014
представлять 0.007 1.523 0.011
устройств 0.001 2.0 0.002
перейти 0.001 0.066 0.0
сайта 0.001 1.046 0.001
контента 0.002 1.523 0.003
поддержать 0.001 0.066 0.0
источник 0.001 0.174 0.0
предпочтительно 0.007 2.0 0.014
весь 0.001 0.638 0.001
вызов 0.007 1.699 0.012
января 0.001 1.0 0.001
кодекс 0.001 0.066 0.0
ширина 0.007 2.0 0.014
наличии 0.007 1.155 0.008
игнорировать 0.003 2.0 0.006
пользователем 0.007 1.523 0.011
креативы 0.01 2.0 0.02
куки 0.001 0.066 0.0
сторонней 0.007 2.0 0.014
медузе 0.003 0.066 0.0
креатив 0.011 2.0 0.022
разрабатывать 0.007 2.0 0.014
ctrl+enter 0.001 0.066 0.0
mp4 0.007 2.0 0.014
безопасно 0.001 0.066 0.0
новостиисторииразборшапитокоронавирусмагаз 0.001 0.066 0.0
разрешения 0.003 1.222 0.004
использование 0.001 0.066 0.0
собой 0.007 0.62 0.004
общие 0.007 1.523 0.011
google 0.013 1.301 0.017
facebook 0.001 0.0 0.0
billboard 0.001 1.699 0.002
части 0.002 0.854 0.002
медузу 0.002 0.066 0.0
youtube 0.001 0.06 0.0
обработки 0.001 0.066 0.0
занимает 0.001 1.301 0.001
вторая 0.001 1.046 0.001
либо 0.013 0.569 0.007
данное 0.001 0.097 0.0
css-стилями 0.007 2.0 0.014
помощи 0.007 0.77 0.005
создано 0.001 0.097 0.0
порядку 0.001 0.066 0.0
минимальная 0.005 1.523 0.008
фиксированные 0.007 2.0 0.014
массовой 0.001 0.097 0.0
поддержите 0.001 0.102 0.0
ко 0.001 0.745 0.001
стилю 0.001 2.0 0.002
баннера 0.007 2.0 0.014
пользователя 0.003 1.523 0.005
animate 0.013 2.0 0.026
десктопе 0.002 2.0 0.004
en 0.001 0.066 0.0
правила 0.001 0.066 0.0
необходимо 0.007 0.585 0.004
третья 0.001 1.301 0.001
экрана 0.007 1.398 0.01
оставляет 0.001 1.699 0.002
средством 0.001 0.102 0.0
показывать 0.001 0.066 0.0
вконтакте 0.001 0.066 0.0
часть 0.002 0.456 0.001
выполняющим 0.002 0.097 0.0
спасибоgiphyза 0.001 0.066 0.0
вставки 0.007 2.0 0.014
используйте 0.007 1.301 0.009
пункт 0.003 1.301 0.004
twitter 0.001 0.0 0.0
поддерживаем 0.007 1.523 0.011
live 0.001 0.022 0.0
мобайл 0.002 2.0 0.004
согласовывать 0.001 1.699 0.002
баннер 0.017 1.699 0.029
распространено 0.001 0.102 0.0
adobe 0.013 1.699 0.022
ошибку 0.001 0.066 0.0
материалы 0.002 0.824 0.002
пожалуйста 0.001 0.102 0.0
должен 0.012 0.585 0.007
ios 0.001 0.066 0.0
окна 0.002 0.959 0.002
блог 0.001 0.066 0.0
инстаграм 0.001 0.066 0.0
максимальная 0.002 2.0 0.004
© 0.001 0.0 0.0
jpg 0.005 2.0 0.01
резиновым 0.001 2.0 0.002
платформы 0.002 0.066 0.0
баннере 0.007 2.0 0.014
пределах 0.002 2.0 0.004
выделите 0.001 0.066 0.0
странице 0.001 1.301 0.001
коррективы 0.001 2.0 0.002
вне 0.002 0.886 0.002
первая 0.001 0.77 0.001
персональные 0.001 0.066 0.0
рекламодателем 0.001 2.0 0.002
meduzacare 0.001 0.066 0.0
html-баннер 0.002 2.0 0.004
предоставленные 0.001 1.523 0.002
перетяжке 0.001 2.0 0.002
плеера 0.007 2.0 0.014
ширине 0.002 2.0 0.004
собраны 0.001 1.398 0.001
файлы 0.007 2.0 0.014
meduza 0.002 0.0 0.0
данные 0.001 0.066 0.0
картинки 0.005 1.699 0.008
cc 0.007 1.046 0.007
desktop 0.001 2.0 0.002
240px 0.002 2.0 0.004
соответствуют 0.001 1.699 0.002
кнопка 0.001 0.066 0.0
могут 0.003 0.187 0.001
gif 0.005 2.0 0.01
нашли 0.001 0.066 0.0
должно 0.007 0.658 0.005
браузера 0.002 1.523 0.003
форматам 0.001 2.0 0.002
справа 0.002 1.301 0.003
выглядел 0.001 2.0 0.002
отдельные 0.007 1.0 0.007
300px 0.003 2.0 0.006
нужны 0.007 0.745 0.005
сквозным 0.001 2.0 0.002
килобайт 0.007 2.0 0.014
вечерняя 0.001 0.066 0.0
это 0.001 0.066 0.0
html-креативы 0.007 2.0 0.014
дополнительные 0.007 1.301 0.009
внимание 0.001 0.658 0.001
javascript-кодом 0.007 2.0 0.014
mobile 0.001 2.0 0.002
формате 0.007 2.0 0.014
десктопа 0.001 2.0 0.002
нажмите 0.001 0.066 0.0
поддержки 0.001 0.066 0.0
строго 0.007 1.398 0.01
png 0.005 2.0 0.01
помощь 0.001 0.097 0.0
российским 0.001 0.092 0.0
которых 0.007 0.237 0.002
flv 0.007 2.0 0.014
классический 0.001 1.523 0.002
нижняя 0.001 1.699 0.002
вообще 0.001 0.066 0.0
вертикальный 0.001 2.0 0.002
веб 0.002 2.0 0.004
числе 0.007 0.31 0.002
альтернатива 0.002 1.398 0.003
явно 0.007 0.959 0.007
иностранного 0.002 0.102 0.0
реклама 0.002 0.066 0.0
примечания 0.007 2.0 0.014
согласованию 0.001 2.0 0.002
архива 0.007 2.0 0.014
визуальному 0.001 2.0 0.002
верхней 0.002 1.523 0.003
материал 0.001 0.086 0.0
элементов 0.007 1.699 0.012
мобильных 0.001 2.0 0.002
обратите 0.001 1.699 0.002
сообщение 0.001 0.102 0.0
250px 0.007 2.0 0.014
инструкции 0.007 1.155 0.008
