существуют 0.001 1.222 0.001
использованием 0.001 1.301 0.001
вакцинами 0.002 0.921 0.002
поводу 0.001 0.824 0.001
российские 0.002 0.328 0.001
редакции 0.002 0.066 0.0
выяснится 0.001 2.0 0.002
шотландии 0.001 1.699 0.002
противников 0.003 1.301 0.004
прививок 0.011 0.824 0.009
цепочки 0.002 1.222 0.002
баннерам 0.001 0.066 0.0
друзья 0.002 1.222 0.002
сама 0.001 0.658 0.001
россии 0.002 0.119 0.0
заплатить 0.001 2.0 0.002
считают 0.001 0.721 0.001
помогает 0.001 0.77 0.001
эпидемиолога 0.001 1.699 0.002
смертями 0.001 1.699 0.002
гифки 0.001 0.066 0.0
подтвержденными 0.001 2.0 0.002
инфекции 0.003 0.77 0.002
вышла 0.001 0.959 0.001
агента 0.002 0.097 0.0
реферируемом 0.001 2.0 0.002
людей 0.006 0.161 0.001
прививался 0.001 2.0 0.002
грубая 0.003 1.699 0.005
отдельно 0.003 1.097 0.003
заражений 0.001 1.097 0.001
предположить 0.001 0.959 0.001
кроме 0.001 0.387 0.0
материала 0.001 1.301 0.001
приводила 0.001 2.0 0.002
каждую 0.001 1.398 0.001
смысла 0.001 0.699 0.001
тысячи 0.001 0.721 0.001
избежание 0.001 2.0 0.002
собирает 0.001 1.523 0.002
in 0.001 0.0 0.0
производства 0.002 0.77 0.002
настоящее 0.001 1.155 0.001
тщательностью 0.001 1.699 0.002
подробному 0.001 1.699 0.002
эффективности 0.003 0.678 0.002
подборку 0.001 2.0 0.002
системы 0.001 0.585 0.001
известный 0.001 1.097 0.001
таких 0.001 0.347 0.0
разными 0.001 0.824 0.001
месяцы 0.001 1.155 0.001
crude 0.002 2.0 0.004
который 0.001 0.194 0.0
риск 0.001 0.538 0.001
забыть 0.001 1.301 0.001
описания 0.001 2.0 0.002
любых 0.001 1.046 0.001
посте 0.001 1.699 0.002
написала 0.001 1.097 0.001
анонимно 0.001 0.066 0.0
рисков 0.002 0.959 0.002
заболевших 0.001 0.824 0.001
построить 0.001 1.699 0.002
просто 0.001 0.194 0.0
разобрала 0.001 2.0 0.002
информацию 0.001 0.62 0.001
ваша 0.002 0.102 0.0
каждых 0.002 2.0 0.004
продолжалось 0.001 1.699 0.002
чаще 0.001 0.602 0.001
заразились 0.004 1.523 0.006
вакцинированных 0.005 0.678 0.003
младше 0.001 1.699 0.002
привить 0.001 1.523 0.002
заболевания 0.002 0.62 0.001
спасет 0.002 1.523 0.003
наличии 0.001 1.155 0.001
читателейнам 0.001 0.174 0.0
причинно-следственных 0.001 2.0 0.002
ужасной 0.001 1.699 0.002
куки 0.001 0.066 0.0
недавно 0.001 0.62 0.001
заключает 0.001 1.301 0.001
фиксации 0.001 1.699 0.002
использование 0.001 0.066 0.0
харальдом 0.001 2.0 0.002
две 0.001 0.553 0.001
популяции 0.002 1.097 0.002
смертность 0.002 1.301 0.003
needed 0.002 1.155 0.002
вакцина 0.001 0.721 0.001
появились 0.001 0.854 0.001
порядку 0.001 0.066 0.0
редко 0.001 1.301 0.001
ученые 0.001 0.678 0.001
года 0.003 0.167 0.001
полных 0.001 1.699 0.002
en 0.001 0.066 0.0
эффективностью 0.001 0.921 0.001
to 0.002 0.77 0.002
работает 0.002 0.367 0.001
полуобязательная 0.001 2.0 0.002
мейровиц-кац 0.002 2.0 0.004
сравнивают 0.001 1.155 0.001
этими 0.001 1.301 0.001
разница 0.003 0.886 0.003
50+ 0.001 2.0 0.002
самые 0.001 0.602 0.001
пациентов 0.001 0.796 0.001
заражении 0.001 1.398 0.001
тяжелыми 0.001 1.398 0.001
умирают 0.002 1.398 0.003
убедительны 0.001 1.699 0.002
распространено 0.001 0.102 0.0
реальные 0.001 1.222 0.001
существенно 0.001 0.721 0.001
ios 0.001 0.066 0.0
полевого 0.001 2.0 0.002
картина 0.001 1.301 0.001
человека 0.002 0.328 0.001
заболевшихэто 0.001 2.0 0.002
английского 0.003 2.0 0.006
обманули 0.001 2.0 0.002
введенная 0.001 2.0 0.002
несколько 0.001 0.201 0.0
устанавливаются 0.001 2.0 0.002
прямо 0.001 0.357 0.0
среднем 0.002 0.886 0.002
непривитых 0.006 1.155 0.007
вируса 0.002 0.721 0.001
расследования 0.001 1.155 0.001
0,7 0.001 2.0 0.002
крайней 0.001 0.721 0.001
сложности 0.001 1.398 0.001
предотвращенные 0.001 2.0 0.002
получил 0.001 0.959 0.001
международном 0.001 1.301 0.001
вывод 0.001 0.959 0.001
должно 0.001 0.658 0.001
структуру 0.001 1.222 0.001
раза 0.001 0.602 0.001
этих 0.001 0.337 0.0
коронавируса 0.005 0.509 0.003
сезоне 0.001 1.699 0.002
пока 0.001 0.208 0.0
отнятые 0.001 2.0 0.002
сих 0.001 0.481 0.0
оценку 0.001 1.398 0.001
вообще 0.002 0.066 0.0
изучали 0.001 1.398 0.001
эпидемиологической 0.001 1.398 0.001
заставить 0.001 1.523 0.002
вычислена 0.001 2.0 0.002
грубо 0.001 1.046 0.001
университета 0.001 0.959 0.001
болезнь 0.001 1.155 0.001
case 0.002 1.155 0.002
cfr 0.004 2.0 0.008
реальности 0.001 0.921 0.001
аргумент 0.001 1.301 0.001
каких-либо 0.001 1.398 0.001
0,006 0.001 2.0 0.002
правительства 0.001 0.921 0.001
получен 0.001 1.699 0.002
своем 0.001 0.745 0.001
миллионов 0.001 0.638 0.001
выборки 0.001 1.398 0.001
нашли 0.001 0.066 0.0
связи 0.002 0.0 0.0
нашу 0.001 1.046 0.001
медуза 0.004 0.066 0.0
одного 0.003 0.432 0.001
применением 0.001 1.699 0.002
месяцев 0.001 0.602 0.001
нам 0.001 0.086 0.0
помочь 0.001 0.131 0.0
возрастных 0.001 1.398 0.001
последние 0.002 0.456 0.001
подавляющее 0.001 1.398 0.001
ошибочных 0.001 2.0 0.002
этому 0.001 0.432 0.0
д. 0.001 1.0 0.001
каждые 0.001 1.301 0.001
отмечает 0.001 1.155 0.001
властей 0.001 0.824 0.001
летальность 0.004 1.523 0.006
причины 0.001 1.046 0.001
предупреждает 0.001 2.0 0.002
юридическим 0.001 0.102 0.0
следует 0.001 0.77 0.001
группе 0.003 0.745 0.002
отнимают 0.001 2.0 0.002
циркуляции 0.001 1.699 0.002
вызвала 0.001 2.0 0.002
материалам 0.001 0.066 0.0
прививка 0.001 1.046 0.001
побочными 0.001 1.398 0.001
срочно 0.001 0.167 0.0
радикально 0.001 1.301 0.001
надеюсь 0.001 1.398 0.001
число 0.006 0.658 0.004
принципиально 0.002 0.959 0.002
кэти 0.001 1.699 0.002
меньше 0.001 0.444 0.0
возрастной 0.001 1.523 0.002
covid-19 0.002 0.77 0.002
статье 0.002 0.854 0.002
иностранным 0.001 0.097 0.0
антителозависимого 0.001 2.0 0.002
связей 0.001 1.301 0.001
выздоровеют 0.001 2.0 0.002
astrazeneca 0.002 0.959 0.002
нужно 0.002 0.237 0.0
человеческой 0.001 1.523 0.002
осложнений 0.002 1.155 0.002
случаи 0.001 0.721 0.001
делают 0.001 0.745 0.001
австралия 0.001 1.301 0.001
покинула 0.001 1.523 0.002
ущерба 0.001 1.699 0.002
например 0.001 0.229 0.0
вариантом 0.005 0.921 0.005
поделенная 0.001 2.0 0.002
течения 0.003 0.921 0.003
началась 0.001 0.678 0.001
подобной 0.001 2.0 0.002
указано 0.001 1.0 0.001
должна 0.001 0.538 0.001
оксфорда 0.001 2.0 0.002
ratio 0.002 2.0 0.004
сообщил 0.001 0.959 0.001
коронавирусом 0.001 0.699 0.001
своих 0.002 0.398 0.001
жизни 0.001 0.432 0.0
которое 0.001 0.337 0.0
назвал 0.001 1.155 0.001
поверить 0.001 1.523 0.002
ctrl+enter 0.001 0.066 0.0
мнению 0.001 0.638 0.001
февраля 0.001 0.387 0.0
вакцинацией 0.002 0.959 0.002
безопасно 0.001 0.066 0.0
новостиисторииразборшапитокоронавирусмагаз 0.001 0.066 0.0
вакцинировали 0.001 1.699 0.002
продолжится 0.001 1.398 0.001
youtube 0.001 0.06 0.0
всей 0.002 0.699 0.001
÷ 0.001 2.0 0.002
должны 0.002 0.432 0.001
либо 0.002 0.569 0.001
создано 0.001 0.097 0.0
жизнь 0.002 0.538 0.001
группы 0.001 0.62 0.001
гидеон 0.001 2.0 0.002
поддержите 0.001 0.102 0.0
рецензентами 0.001 2.0 0.002
громким 0.001 1.699 0.002
базу 0.001 1.523 0.002
очевидных 0.001 2.0 0.002
база 0.002 1.523 0.003
мои 0.002 0.854 0.002
поэтому 0.002 0.328 0.001
генетического 0.001 1.699 0.002
завершились 0.001 1.523 0.002
средством 0.001 0.102 0.0
выполняющим 0.002 0.097 0.0
медицинские 0.001 0.796 0.001
четыре 0.001 0.569 0.001
ade 0.002 2.0 0.004
фейсбуке 0.001 1.301 0.001
эффекты 0.001 1.523 0.002
другому 0.001 1.155 0.001
искажение 0.001 1.699 0.002
ошибку 0.001 0.066 0.0
июня 0.002 0.854 0.002
публикуют 0.001 1.398 0.001
негодных 0.001 2.0 0.002
сами 0.001 0.538 0.001
правильно 0.002 0.824 0.002
лет 0.003 0.252 0.001
распространения 0.002 0.678 0.001
говорят 0.001 0.432 0.0
безопасность 0.001 0.921 0.001
прививки 0.003 0.638 0.002
обновленную 0.001 2.0 0.002
проверок 0.001 1.699 0.002
умерших 0.001 1.398 0.001
ссылаются 0.001 1.699 0.002
данные 0.008 0.066 0.001
спасенные 0.001 2.0 0.002
уоллонгонга 0.001 2.0 0.002
обо 0.001 1.523 0.002
лидеров 0.001 1.301 0.001
группу 0.001 1.046 0.001
поговорить 0.002 1.222 0.002
письме 0.001 1.301 0.001
разбор 0.002 0.387 0.001
шесть 0.005 1.0 0.005
мире 0.001 0.553 0.001
написали 0.001 1.301 0.001
данным 0.003 0.444 0.001
нажмите 0.001 0.066 0.0
известен 0.001 1.523 0.002
доминирует 0.001 2.0 0.002
случаев 0.001 0.658 0.001
ситуацию 0.001 0.796 0.001
некоторых 0.001 0.523 0.001
вычислено 0.001 2.0 0.002
других 0.001 0.26 0.0
числе 0.002 0.31 0.001
подтвержденные 0.001 2.0 0.002
новых 0.001 0.678 0.001
сообщения 0.001 1.097 0.001
тщательной 0.001 2.0 0.002
непроверенные 0.001 2.0 0.002
иностранного 0.002 0.102 0.0
александр 0.003 0.538 0.002
вызванных 0.001 1.699 0.002
человек 0.011 0.215 0.002
необходимых 0.001 1.398 0.001
психологом 0.001 2.0 0.002
материал 0.001 0.086 0.0
превышает 0.001 1.398 0.001
таким 0.002 0.658 0.001
свидетельствуют 0.001 1.523 0.002
– 0.001 0.06 0.0
время 0.003 0.102 0.0
публикации 0.002 0.886 0.002
ковида 0.002 0.444 0.001
вспышки 0.002 1.155 0.002
результате 0.005 0.62 0.003
нами 0.001 0.066 0.0
стала 0.002 0.569 0.001
добавить 0.001 1.523 0.002
старше 0.002 1.0 0.002
дает 0.001 0.796 0.001
закончилась 0.001 1.699 0.002
устанавливают 0.001 1.523 0.002
модели 0.002 1.0 0.002
событиях 0.002 1.222 0.002
немецких 0.001 1.222 0.001
вирус 0.001 0.678 0.001
вреда 0.001 1.523 0.002
вариантами 0.001 1.046 0.001
молодых 0.003 1.222 0.004
рекламаmeduza 0.001 0.066 0.0
никто 0.001 0.523 0.001
равна 0.002 1.398 0.003
панчин 0.002 2.0 0.004
эндемическим 0.001 2.0 0.002
100–200 0.001 2.0 0.002
вызывали 0.001 2.0 0.002
документов 0.001 1.222 0.001
лицом 0.001 0.102 0.0
антителозависимое 0.001 2.0 0.002
эффектов 0.001 1.046 0.001
заразившихся 0.003 1.398 0.004
смертях 0.003 1.699 0.005
функции 0.002 0.097 0.0
массовая 0.001 1.155 0.001
тысяч 0.005 0.337 0.002
снижают 0.001 1.523 0.002
четырех 0.001 1.046 0.001
статья 0.004 1.0 0.004
совета 0.001 0.959 0.001
озабоченности 0.001 2.0 0.002
завершения 0.001 1.222 0.001
смерти 0.011 0.921 0.01
среди 0.01 0.42 0.004
нидерландская 0.001 2.0 0.002
известно 0.001 0.481 0.0
прежде 0.001 0.62 0.001
англия 0.002 2.0 0.004
пишут 0.001 0.77 0.001
доклада 0.002 1.301 0.003
халатность 0.001 2.0 0.002
определяют 0.001 1.398 0.001
кузнец 0.001 1.398 0.001
разговаривать 0.002 1.097 0.002
привитых 0.008 0.824 0.007
журналом 0.001 2.0 0.002
назад 0.002 0.18 0.0
подсчитать 0.001 1.523 0.002
„ 0.001 0.62 0.001
заболевают 0.001 1.222 0.001
принципе 0.002 0.796 0.002
нидерландской 0.001 2.0 0.002
следовательно 0.001 1.155 0.001
изучают 0.001 1.699 0.002
перейти 0.001 0.066 0.0
подсчитано 0.001 1.523 0.002
number 0.002 1.301 0.003
резюме 0.001 1.699 0.002
поддержать 0.001 0.066 0.0
источник 0.001 0.174 0.0
стране 0.001 0.523 0.001
зараженных 0.001 1.046 0.001
кодекс 0.001 0.066 0.0
“ 0.001 0.432 0.0
разбираем 0.001 1.097 0.001
случая 0.001 1.301 0.001
хочу 0.001 0.137 0.0
также 0.004 0.237 0.001
побочных 0.002 0.959 0.002
дельтой 0.002 1.301 0.003
поставщиком 0.001 1.699 0.002
попавших 0.001 1.699 0.002
искаженная 0.001 1.699 0.002
разной 0.001 1.097 0.001
профессор 0.001 1.222 0.001
определена 0.001 2.0 0.002
давление 0.001 1.0 0.001
политику 0.002 1.046 0.002
приходится 0.002 0.886 0.002
делят 0.001 1.523 0.002
твите 0.001 2.0 0.002
тасс 0.001 0.699 0.001
статьи 0.012 0.854 0.01
спасают 0.001 2.0 0.002
неэффективности 0.001 1.523 0.002
спасенных 0.001 2.0 0.002
необычных 0.001 2.0 0.002
попадают 0.001 1.222 0.001
люди 0.001 0.276 0.0
валахом 0.001 2.0 0.002
данное 0.001 0.097 0.0
вирусов 0.001 1.155 0.001
нетрудно 0.001 2.0 0.002
научно 0.001 2.0 0.002
авторов 0.001 1.046 0.001
заражения 0.004 0.796 0.003
nntv 0.002 2.0 0.004
подробно 0.002 0.921 0.002
пор 0.001 0.387 0.0
разбору 0.001 2.0 0.002
правила 0.001 0.066 0.0
умерли 0.005 1.155 0.006
твиттере 0.001 1.398 0.001
вакцинации 0.014 0.553 0.008
аргумента 0.001 1.523 0.002
вконтакте 0.001 0.066 0.0
математикой 0.001 2.0 0.002
щербак 0.001 2.0 0.002
могу 0.001 0.658 0.001
вторым 0.001 1.155 0.001
главе 0.001 1.398 0.001
live 0.001 0.022 0.0
pfizer 0.001 0.886 0.001
образом 0.002 0.602 0.001
редакцию 0.001 1.301 0.001
блог 0.001 0.066 0.0
детей 0.002 0.523 0.001
инстаграм 0.001 0.066 0.0
© 0.001 0.0 0.0
основное 0.001 1.699 0.002
групп 0.001 0.77 0.001
выделите 0.001 0.066 0.0
разницу 0.001 1.398 0.001
разных 0.005 0.398 0.002
нескольких 0.002 0.699 0.001
данных 0.002 0.481 0.001
собирались 0.001 1.699 0.002
курсов 0.001 1.398 0.001
смертей 0.007 0.959 0.007
читайте 0.001 0.745 0.001
заголовком 0.001 1.699 0.002
занижена 0.001 2.0 0.002
недели 0.001 0.42 0.0
важнейшим 0.001 2.0 0.002
предотвратят 0.001 2.0 0.002
риске 0.001 1.699 0.002
meduzacare 0.001 0.066 0.0
реальную 0.001 1.699 0.002
говоря 0.001 0.77 0.001
пересмотреть 0.002 2.0 0.004
граждан 0.002 0.638 0.001
против 0.004 0.229 0.001
исход 0.001 1.097 0.001
эпидемиолог 0.001 1.699 0.002
умрут 0.001 2.0 0.002
результаты 0.001 0.62 0.001
оценить 0.001 0.796 0.001
четверо 0.001 1.523 0.002
кнопка 0.001 0.066 0.0
публикация 0.001 1.222 0.001
структуре 0.001 1.398 0.001
шести 0.001 1.0 0.001
рассматривать 0.001 1.398 0.001
показателя 0.002 1.699 0.003
дмитрий 0.001 0.658 0.001
эффективность 0.003 0.569 0.002
случившейся 0.001 2.0 0.002
вечерняя 0.001 0.066 0.0
риска 0.001 0.699 0.001
умер 0.001 1.046 0.001
основе 0.001 0.745 0.001
варианты 0.001 1.097 0.001
это 0.005 0.066 0.0
вакцин 0.006 0.62 0.004
англии 0.005 1.398 0.007
доклады 0.001 1.523 0.002
пандемии 0.001 0.658 0.001
поддержки 0.001 0.066 0.0
тяжелого 0.002 0.921 0.002
заболеваемости 0.001 0.959 0.001
нашего 0.001 1.0 0.001
спутник 0.001 0.721 0.001
помощь 0.001 0.097 0.0
двумя 0.001 0.678 0.001
начал 0.001 0.796 0.001
читателей 0.001 0.658 0.001
тему 0.001 0.959 0.001
переносят 0.001 1.523 0.002
регионах 0.001 0.886 0.001
сведения 0.001 1.155 0.001
работаем 0.001 0.161 0.0
правы 0.001 1.699 0.002
предоставим 0.001 2.0 0.002
снижает 0.001 1.046 0.001
большинство 0.001 0.796 0.001
эффектами 0.001 1.523 0.002
выявления 0.001 1.523 0.002
заговора 0.001 1.523 0.002
дельта 0.005 0.854 0.004
популярным 0.001 2.0 0.002
жизней 0.002 1.523 0.003
наоборот 0.001 0.824 0.001
эпидемия 0.003 1.301 0.004
выявленные 0.001 1.699 0.002
доказательством 0.001 1.699 0.002
израильского 0.002 2.0 0.004
приема 0.001 1.301 0.001
одну 0.001 0.77 0.001
некоторые 0.001 0.469 0.0
24/7 0.001 0.102 0.0
вычислили 0.002 2.0 0.004
немедленно 0.001 1.155 0.001
android 0.001 0.066 0.0
vaccinate 0.002 2.0 0.004
летальные 0.001 1.699 0.002
english 0.001 0.06 0.0
уэльса 0.001 2.0 0.002
усиления 0.001 1.699 0.002
отсутствие 0.001 0.921 0.001
статью 0.002 1.155 0.002
fatality 0.002 2.0 0.004
пропорцию 0.001 2.0 0.002
единица 0.001 1.699 0.002
посчитали 0.001 2.0 0.002
правительственного 0.001 2.0 0.002
необходимое 0.002 1.699 0.003
математику 0.001 1.398 0.001
вариантов 0.002 0.854 0.002
простую 0.001 2.0 0.002
поддержка 0.001 0.167 0.0
нужна 0.002 0.092 0.0
вакцинация 0.004 0.699 0.003
противники 0.005 1.398 0.007
прошла 0.001 1.097 0.001
мере 0.001 0.569 0.001
доказательствами 0.001 2.0 0.002
модные 0.001 2.0 0.002
аргументы 0.002 0.77 0.002
выражением 0.001 2.0 0.002
крупнейшего 0.001 1.699 0.002
врачей 0.001 0.745 0.001
изучили 0.001 1.523 0.002
особенности 0.001 1.398 0.001
всем 0.001 0.252 0.0
факт 0.001 0.77 0.001
легче 0.001 1.0 0.001
сделал 0.001 0.854 0.001
отчеты 0.001 1.523 0.002
невакцинированных 0.004 1.301 0.005
требования 0.001 0.066 0.0
посмотреть 0.001 0.721 0.001
связаться 0.001 0.066 0.0
пожилых 0.003 1.222 0.004
0,08 0.001 1.699 0.002
преимуществ 0.001 1.523 0.002
времени 0.001 0.523 0.001
москве 0.001 0.745 0.001
информации 0.003 0.102 0.0
варианта 0.001 0.745 0.001
имеет 0.001 0.602 0.001
объясняют 0.001 1.301 0.001
явлений 0.001 1.046 0.001
тех 0.002 0.26 0.001
соответственно 0.001 0.921 0.001
рисками 0.001 1.523 0.002
ковидом 0.002 0.658 0.001
сырые 0.002 2.0 0.004
отозвана 0.002 1.523 0.003
поделенные 0.001 2.0 0.002
возрастную 0.002 1.699 0.003
посчитать 0.001 2.0 0.002
оценили 0.001 1.301 0.001
регулярно 0.001 1.0 0.001
новыми 0.002 1.699 0.003
журнала 0.002 1.699 0.003
журнале 0.004 0.921 0.004
ними 0.002 0.585 0.001
риски 0.001 0.77 0.001
снижается 0.001 1.301 0.001
предназначена 0.001 2.0 0.002
медузе 0.002 0.066 0.0
изучать 0.001 1.699 0.002
подтверждены 0.001 1.699 0.002
побочные 0.001 1.398 0.001
первый 0.001 0.481 0.0
выявленных 0.001 2.0 0.002
поскольку 0.001 0.678 0.001
проверки 0.001 1.222 0.001
школьную 0.001 1.699 0.002
миллиардов 0.001 1.301 0.001
facebook 0.001 0.0 0.0
длинной 0.001 1.699 0.002
медузу 0.002 0.066 0.0
обработки 0.001 0.066 0.0
менее 0.001 0.432 0.0
описании 0.001 1.523 0.002
станет 0.001 0.678 0.001
описывают 0.001 1.523 0.002
последнего 0.001 1.046 0.001
вариантах 0.001 1.523 0.002
дальнейшего 0.001 1.523 0.002
аргументами 0.001 1.699 0.002
массовой 0.001 0.097 0.0
проверку 0.001 1.398 0.001
останется 0.001 1.155 0.001
помощью 0.001 0.538 0.001
предотвращения 0.007 1.523 0.011
возмущение 0.001 2.0 0.002
теории 0.001 1.097 0.001
учитывают 0.001 2.0 0.002
каждый 0.001 0.509 0.001
зарегистрировано 0.001 1.222 0.001
большинстве 0.001 1.0 0.001
госпитализаций 0.001 1.398 0.001
вызывает 0.001 0.886 0.001
используемых 0.001 1.398 0.001
лекарств 0.001 0.824 0.001
недостаточной 0.001 1.699 0.002
авторы 0.007 0.921 0.006
спасибоgiphyза 0.001 0.066 0.0
показывать 0.001 0.066 0.0
дозы 0.001 0.886 0.001
сравнили 0.001 2.0 0.002
прививают 0.002 1.222 0.002
twitter 0.001 0.0 0.0
опасениях 0.001 2.0 0.002
подсчитали 0.001 2.0 0.002
ожидаемых 0.002 2.0 0.004
болезни 0.002 0.62 0.001
пожалуйста 0.001 0.102 0.0
редакционного 0.001 2.0 0.002
означает 0.001 0.62 0.001
платформы 0.002 0.066 0.0
ответили 0.001 1.155 0.001
исследования 0.003 0.481 0.001
закончится 0.001 1.097 0.001
смертности 0.001 1.155 0.001
прошлом 0.001 0.921 0.001
вакцины 0.008 0.585 0.005
беспокойство 0.001 1.699 0.002
персональные 0.001 0.066 0.0
очень 0.002 0.149 0.0
оценки 0.001 1.155 0.001
которые 0.005 0.119 0.001
убедили 0.001 2.0 0.002
многих 0.001 0.658 0.001
вовсе 0.001 0.921 0.001
meduza 0.003 0.0 0.0
т. 0.001 0.921 0.001
прошествии 0.001 2.0 0.002
юэр 0.001 2.0 0.002
разобрал 0.001 2.0 0.002
появилось 0.001 0.854 0.001
усиление 0.001 1.523 0.002
помнить 0.001 1.046 0.001
серьезных 0.001 1.155 0.001
специальном 0.001 1.699 0.002
год 0.001 0.409 0.0
журнал 0.002 1.523 0.003
ухудшению 0.001 2.0 0.002
составила 0.001 0.959 0.001
первом 0.001 0.824 0.001
выявлено 0.001 1.523 0.002
собирали 0.001 1.398 0.001
российским 0.001 0.092 0.0
одной 0.004 0.398 0.002
которых 0.001 0.237 0.0
спойлер 0.001 0.796 0.001
израильским 0.001 2.0 0.002
теми 0.002 0.886 0.002
порядок 0.001 1.155 0.001
реклама 0.002 0.066 0.0
из-за 0.001 0.229 0.0
интересах 0.001 0.167 0.0
возникают 0.001 1.222 0.001
возникает 0.001 0.959 0.001
биолог 0.001 1.699 0.002
недель 0.004 0.77 0.003
изучению 0.001 1.523 0.002
сообщение 0.001 0.102 0.0
точнее 0.001 0.921 0.001
методов 0.002 1.222 0.002
подсчитана 0.002 2.0 0.004
