числа 0.001 0.745 0.001
вакцинами 0.001 0.921 0.001
какова 0.0 1.222 0.0
низкого 0.0 1.699 0.0
ходе 0.001 0.921 0.001
первой 0.0 0.678 0.0
редакции 0.0 0.066 0.0
наличие 0.001 1.0 0.001
биологические 0.0 2.0 0.0
сделан 0.0 1.155 0.0
вносить 0.0 1.398 0.0
шотландии 0.0 1.699 0.0
вектор 0.0 1.301 0.0
получивших 0.0 1.097 0.0
баннерам 0.0 0.066 0.0
действительно 0.0 0.377 0.0
инфекции 0.0 0.77 0.0
основных 0.0 0.959 0.0
мировая 0.0 1.523 0.0
отправлялись 0.0 1.699 0.0
способности 0.001 1.046 0.001
совершенно 0.001 0.678 0.001
разбивкой 0.0 2.0 0.0
материала 0.0 1.301 0.0
обеспечивает 0.0 1.097 0.0
венгерском 0.0 2.0 0.0
простое 0.0 1.523 0.0
препринта 0.0 1.398 0.0
ожидается 0.0 1.301 0.0
причем 0.0 0.62 0.0
эффективен 0.0 1.301 0.0
необходимые 0.0 0.959 0.0
судя 0.0 0.721 0.0
применяться 0.0 2.0 0.0
работе 0.001 0.824 0.001
доле 0.0 1.222 0.0
учитываем 0.0 2.0 0.0
переболевших 0.002 0.886 0.002
заявлений 0.001 1.523 0.002
потенциально 0.0 1.046 0.0
конца 0.0 0.77 0.0
заразившиеся 0.0 2.0 0.0
возраст 0.0 1.097 0.0
информацию 0.001 0.62 0.001
напомним 0.0 1.155 0.0
чаще 0.0 0.602 0.0
распространение 0.0 0.854 0.0
снижении 0.0 1.301 0.0
получается 0.0 0.824 0.0
вакцинированных 0.011 0.678 0.007
данной 0.0 1.699 0.0
иммунных 0.0 1.301 0.0
людях 0.0 1.155 0.0
реальных 0.0 1.222 0.0
точностью 0.0 1.523 0.0
методов 0.0 1.222 0.0
нескольким 0.001 1.523 0.002
никаких 0.0 0.602 0.0
вклад 0.0 1.398 0.0
внутренние 0.0 1.097 0.0
введенной 0.0 2.0 0.0
долю 0.001 1.222 0.001
конечной 0.0 1.699 0.0
регионе 0.0 1.398 0.0
важный 0.0 1.222 0.0
соответствующая 0.0 1.523 0.0
текущие 0.0 2.0 0.0
наш 0.001 0.699 0.001
тяжелое 0.0 1.097 0.0
учесть 0.0 1.523 0.0
низкую 0.0 1.523 0.0
попавшему 0.0 2.0 0.0
ученые 0.001 0.678 0.001
рассчитывая 0.0 2.0 0.0
признаков 0.0 1.523 0.0
вектора 0.0 1.398 0.0
ученых 0.001 1.046 0.001
заболеваниями 0.0 1.155 0.0
юар 0.0 1.222 0.0
эпиваккорона 0.003 1.046 0.003
эпиваккороне 0.001 1.301 0.001
среднетяжелое 0.0 2.0 0.0
макса 0.0 1.699 0.0
этими 0.0 1.301 0.0
одним 0.0 0.569 0.0
препринт 0.0 1.699 0.0
исключительно 0.0 1.155 0.0
допустим 0.0 1.523 0.0
делает 0.0 0.886 0.0
отличающееся 0.0 2.0 0.0
ретроспективные 0.0 1.523 0.0
способный 0.0 1.699 0.0
реальные 0.0 1.222 0.0
затем 0.001 0.678 0.001
источника 0.0 1.097 0.0
такими 0.0 1.155 0.0
писала 0.001 1.523 0.002
важны 0.0 1.222 0.0
омикрону 0.0 1.699 0.0
медучреждениям 0.0 2.0 0.0
статус 0.0 1.222 0.0
тяжести 0.0 1.155 0.0
швейцария 0.0 1.398 0.0
c 0.001 1.046 0.001
занижаем 0.0 2.0 0.0
вместо 0.0 0.77 0.0
качества 0.0 1.398 0.0
исходно 0.0 1.398 0.0
каковы 0.0 1.699 0.0
подтвердить 0.0 1.097 0.0
изменилась 0.0 1.097 0.0
методики 0.0 2.0 0.0
медузы 0.002 0.268 0.001
простым 0.0 1.523 0.0
вакцинированного 0.0 1.301 0.0
этих 0.002 0.337 0.001
трех 0.0 0.638 0.0
далее 0.0 0.959 0.0
анализе 0.001 1.301 0.001
опубликованные 0.0 1.523 0.0
результатах 0.0 1.155 0.0
рандомизацией 0.0 2.0 0.0
непубличных 0.0 2.0 0.0
оказались 0.0 0.886 0.0
меркнут 0.0 2.0 0.0
ситуации 0.0 0.721 0.0
статьей 0.0 2.0 0.0
падения 0.0 1.301 0.0
отличается 0.001 0.886 0.001
момент 0.001 0.481 0.0
сертификатов 0.0 1.523 0.0
похожести 0.0 2.0 0.0
количестве 0.001 1.523 0.002
субъективность 0.0 2.0 0.0
противоречило 0.0 2.0 0.0
описанную 0.0 2.0 0.0
пустышка 0.0 1.301 0.0
миллионов 0.0 0.638 0.0
временем 0.001 0.921 0.001
иммунитета 0.002 0.886 0.002
выборки 0.002 1.398 0.003
нашли 0.0 0.066 0.0
оптимистично 0.0 1.699 0.0
связи 0.0 0.0 0.0
университете 0.0 1.155 0.0
понятнее 0.0 1.155 0.0
медуза 0.003 0.066 0.0
привитыми 0.0 2.0 0.0
повторимся 0.0 1.699 0.0
израиля 0.0 1.222 0.0
дельты 0.001 1.097 0.001
месяцев 0.0 0.602 0.0
нам 0.001 0.086 0.0
надежной 0.0 2.0 0.0
uptodate 0.0 1.523 0.0
центр 0.0 0.77 0.0
стимулирует 0.0 1.699 0.0
шведском 0.0 2.0 0.0
единственно 0.0 1.523 0.0
наших 0.001 0.658 0.001
октябрь 0.0 1.398 0.0
властей 0.0 0.824 0.0
расчитывать 0.0 2.0 0.0
инфекция 0.001 1.0 0.001
обладание 0.0 2.0 0.0
выработку 0.0 1.398 0.0
рандомизация 0.0 2.0 0.0
материалам 0.0 0.066 0.0
городов 0.0 0.796 0.0
методах 0.0 2.0 0.0
ограниченную 0.0 1.699 0.0
другим 0.0 0.62 0.0
меньше 0.0 0.444 0.0
смогли 0.0 0.921 0.0
ограничения 0.001 0.745 0.001
возрастной 0.002 1.523 0.003
случайным 0.0 1.699 0.0
опрашивала 0.0 2.0 0.0
сбалансированных 0.0 2.0 0.0
самых 0.0 0.62 0.0
статье 0.0 0.854 0.0
опущен 0.0 1.699 0.0
западных 0.0 0.854 0.0
итогов 0.0 1.699 0.0
главный 0.0 0.638 0.0
вариантом 0.0 0.921 0.0
защитной 0.0 1.699 0.0
должна 0.001 0.538 0.001
своих 0.0 0.398 0.0
необходимости 0.0 0.854 0.0
странная 0.0 2.0 0.0
вакцинам 0.0 0.959 0.0
ctrl+enter 0.0 0.066 0.0
вакцинацией 0.0 0.959 0.0
добиваются 0.0 2.0 0.0
зарегистрированы 0.0 1.097 0.0
вероятно 0.0 0.699 0.0
оперативно 0.0 1.301 0.0
проблему 0.0 1.155 0.0
вычислениях 0.0 2.0 0.0
значительно 0.0 0.959 0.0
рекордной 0.0 2.0 0.0
во-вторых 0.001 0.854 0.001
препарате 0.0 1.523 0.0
прочем 0.0 2.0 0.0
касающиеся 0.0 1.699 0.0
чиновников 0.0 1.523 0.0
антител 0.001 0.854 0.001
воспроизводит 0.0 2.0 0.0
внутренней 0.0 1.523 0.0
настроены 0.0 1.523 0.0
четыре 0.0 0.569 0.0
имея 0.0 1.398 0.0
исключения 0.0 1.097 0.0
остальным 0.0 1.398 0.0
июня 0.001 0.854 0.001
публичных 0.0 1.398 0.0
сами 0.0 0.538 0.0
правильно 0.0 0.824 0.0
воспроизвести 0.0 2.0 0.0
охватывает 0.0 2.0 0.0
зарегистрированных 0.0 1.155 0.0
источником 0.001 1.155 0.001
пользу 0.0 0.886 0.0
статистика 0.0 1.398 0.0
аналогичному 0.0 1.699 0.0
применяемых 0.0 1.523 0.0
благодарит 0.0 1.301 0.0
обнаруживается 0.0 2.0 0.0
ощущение 0.0 1.523 0.0
буквально 0.0 0.886 0.0
позволяет 0.0 0.854 0.0
сертификаты 0.0 1.523 0.0
типе 0.0 2.0 0.0
ответы 0.001 1.0 0.001
напоминает 0.0 1.155 0.0
похожими 0.0 1.523 0.0
группу 0.001 1.046 0.001
популяционного 0.0 2.0 0.0
позволяющей 0.0 2.0 0.0
мера 0.0 1.398 0.0
поделенное 0.0 2.0 0.0
публикуем 0.0 1.222 0.0
контроль 0.001 1.0 0.001
нажмите 0.0 0.066 0.0
случаев 0.0 0.658 0.0
рассказываем 0.0 0.886 0.0
население 0.0 0.959 0.0
оболенске 0.0 2.0 0.0
знание 0.0 1.523 0.0
делается 0.0 1.301 0.0
приняты 0.0 1.699 0.0
других 0.003 0.26 0.001
числе 0.002 0.31 0.001
смещения 0.0 2.0 0.0
серомониторинга 0.001 2.0 0.002
подтверждает 0.0 1.398 0.0
свернула 0.0 2.0 0.0
иностранного 0.0 0.102 0.0
человек 0.003 0.215 0.001
формой 0.0 2.0 0.0
госпитализации 0.0 0.886 0.0
малым 0.0 2.0 0.0
главные 0.0 0.921 0.0
исследований 0.004 0.585 0.002
подробности 0.0 1.155 0.0
недостаточность 0.0 1.699 0.0
зарубежные 0.0 1.155 0.0
– 0.0 0.06 0.0
работниками 0.0 2.0 0.0
оба 0.0 0.959 0.0
ковида 0.0 0.444 0.0
пцр-тестом 0.0 2.0 0.0
нами 0.001 0.066 0.0
описанному 0.0 2.0 0.0
которыми 0.0 0.854 0.0
видно 0.0 0.921 0.0
сведениях 0.0 2.0 0.0
старше 0.0 1.0 0.0
дает 0.001 0.796 0.001
прозрачности 0.0 2.0 0.0
важными 0.0 1.523 0.0
волнами 0.0 1.699 0.0
клеточном 0.0 1.301 0.0
теста 0.0 1.301 0.0
любого 0.0 1.398 0.0
миллиарда 0.0 1.155 0.0
методике 0.0 2.0 0.0
лицом 0.0 0.102 0.0
выводах 0.0 2.0 0.0
настоящему 0.0 1.398 0.0
заказа 0.0 1.699 0.0
функции 0.0 0.097 0.0
массовая 0.0 1.155 0.0
диагнозе 0.0 1.699 0.0
догадываться 0.0 1.699 0.0
отозвать 0.0 2.0 0.0
разного 0.0 1.222 0.0
таблицы 0.0 1.699 0.0
завершения 0.0 1.222 0.0
иным 0.0 2.0 0.0
доказать 0.0 1.699 0.0
фазы 0.0 0.959 0.0
смерти 0.0 0.921 0.0
борьбе 0.0 0.796 0.0
определялась 0.0 2.0 0.0
заболело 0.0 1.699 0.0
эпидемиологии 0.0 1.222 0.0
касается 0.0 0.602 0.0
ослеплением 0.0 2.0 0.0
ключевых 0.0 1.155 0.0
пермском 0.0 2.0 0.0
общественностью 0.0 2.0 0.0
понятна 0.0 2.0 0.0
примеров 0.0 1.398 0.0
другими 0.001 0.495 0.0
подробностей 0.0 1.222 0.0
отличий 0.0 1.301 0.0
сделанную 0.0 2.0 0.0
укола 0.0 1.155 0.0
применяется 0.0 1.523 0.0
опускалась 0.0 2.0 0.0
прошедшие 0.0 1.301 0.0
текущей 0.0 1.398 0.0
перейти 0.0 0.066 0.0
израиле 0.0 1.301 0.0
поддержать 0.0 0.066 0.0
напомнить 0.0 1.097 0.0
пренебрежимо 0.0 2.0 0.0
открытой 0.0 1.301 0.0
стандартным 0.0 1.699 0.0
переболели 0.0 1.222 0.0
расчета 0.003 1.523 0.005
самым 0.001 0.921 0.001
руководством 0.0 1.046 0.0
рассчитать 0.001 1.699 0.002
тасс 0.0 0.699 0.0
качестве 0.001 0.678 0.001
статистические 0.0 1.699 0.0
представлен 0.0 2.0 0.0
доброволец 0.0 2.0 0.0
полученный 0.0 1.222 0.0
занижены 0.0 2.0 0.0
васнам 0.0 2.0 0.0
данное 0.0 0.097 0.0
пятый 0.0 1.222 0.0
доступ 0.0 0.921 0.0
печати 0.0 1.398 0.0
окажется 0.0 1.097 0.0
сравнению 0.001 0.796 0.001
аспект 0.0 1.699 0.0
гражданами 0.0 1.699 0.0
вакцинации 0.006 0.553 0.003
разное 0.0 1.222 0.0
полугодового 0.0 2.0 0.0
суть 0.0 1.523 0.0
центром 0.0 1.301 0.0
сероопросов 0.0 2.0 0.0
live 0.0 0.022 0.0
использованной 0.0 1.699 0.0
американский 0.0 1.155 0.0
уходить 0.0 1.301 0.0
блог 0.0 0.066 0.0
швеции 0.0 1.699 0.0
информационной 0.0 1.222 0.0
разных 0.004 0.398 0.002
условиях 0.001 0.569 0.001
статистике 0.0 1.301 0.0
ожидаемым 0.0 2.0 0.0
методом 0.0 1.523 0.0
meduzacare 0.0 0.066 0.0
нижнюю 0.0 2.0 0.0
посвященном 0.0 2.0 0.0
говоря 0.0 0.77 0.0
когорт 0.0 2.0 0.0
постановке 0.0 2.0 0.0
исследователей 0.0 1.301 0.0
исход 0.0 1.097 0.0
начинают 0.0 0.886 0.0
израильский 0.0 2.0 0.0
кнопка 0.0 0.066 0.0
проводилась 0.0 2.0 0.0
возрасту 0.0 1.523 0.0
содержащие 0.0 1.523 0.0
речь 0.001 0.432 0.0
основе 0.002 0.745 0.001
англии 0.0 1.398 0.0
другие 0.001 0.268 0.0
изучаемый 0.0 2.0 0.0
напрямую 0.0 1.0 0.0
скон 0.0 2.0 0.0
пандемии 0.0 0.658 0.0
представляют 0.0 1.398 0.0
защищает 0.0 0.921 0.0
нему 0.0 1.155 0.0
подойти 0.0 1.699 0.0
задач 0.0 2.0 0.0
самим 0.0 1.0 0.0
последний 0.0 0.824 0.0
эффекта 0.0 1.699 0.0
данными 0.0 0.959 0.0
v 0.004 0.699 0.003
смещенность 0.0 2.0 0.0
ответ 0.0 0.602 0.0
июль 0.001 1.699 0.002
работа 0.0 0.886 0.0
выборку 0.0 1.523 0.0
меняются 0.0 1.301 0.0
независимое 0.0 0.721 0.0
сложилась 0.0 1.699 0.0
иммунитет 0.002 0.854 0.002
исследование 0.004 0.658 0.003
сопоставимости 0.0 2.0 0.0
снижение 0.001 1.0 0.001
москва 0.0 1.155 0.0
важному 0.0 2.0 0.0
повторить 0.0 1.155 0.0
приведен 0.0 2.0 0.0
летальные 0.0 1.699 0.0
предполагаем 0.0 2.0 0.0
наблюдающихся 0.0 2.0 0.0
способа 0.0 1.523 0.0
оказалось 0.0 0.824 0.0
реальном 0.0 1.699 0.0
случаях 0.0 0.658 0.0
постановки 0.0 1.699 0.0
подробнее 0.0 0.699 0.0
москвы 0.004 0.824 0.003
требования 0.0 0.066 0.0
связаться 0.0 0.066 0.0
самом 0.0 0.481 0.0
району 0.0 1.523 0.0
крови 0.001 0.959 0.001
рассказ 0.0 1.222 0.0
москве 0.006 0.745 0.004
информации 0.001 0.102 0.0
варианта 0.001 0.745 0.001
начало 0.0 1.097 0.0
вполне 0.0 0.699 0.0
содержатся 0.0 1.523 0.0
тех 0.002 0.26 0.001
составить 0.0 1.523 0.0
ковидом 0.001 0.658 0.001
полученные 0.001 1.398 0.001
защитного 0.0 2.0 0.0
медицинских 0.0 0.959 0.0
спутником 0.001 0.921 0.001
января 0.001 1.0 0.001
полу 0.0 1.398 0.0
суммарном 0.0 2.0 0.0
медучреждениях 0.0 2.0 0.0
больных 0.0 1.398 0.0
релевантной 0.0 2.0 0.0
временной 0.0 2.0 0.0
системе 0.001 1.097 0.001
защищают 0.0 1.0 0.0
началу 0.001 1.301 0.001
этим 0.0 0.337 0.0
станет 0.0 0.678 0.0
экспорта 0.0 1.398 0.0
относительный 0.0 2.0 0.0
задают 0.0 1.523 0.0
знаем 0.002 0.585 0.001
помощью 0.0 0.538 0.0
причине 0.0 1.155 0.0
открыты 0.0 1.0 0.0
такие 0.0 0.444 0.0
отдельного 0.0 1.699 0.0
виде 0.0 0.745 0.0
региона 0.0 1.301 0.0
спасибоgiphyза 0.0 0.066 0.0
дозы 0.0 0.886 0.0
спокойно 0.0 0.824 0.0
эквивалентно 0.0 1.699 0.0
выводам 0.0 2.0 0.0
компания 0.0 1.0 0.0
болезни 0.001 0.62 0.001
пожалуйста 0.0 0.102 0.0
должен 0.0 0.585 0.0
аргентине 0.0 1.097 0.0
расчетную 0.0 2.0 0.0
вакцинная 0.0 1.699 0.0
можем 0.001 0.62 0.001
та 0.0 0.824 0.0
внес 0.0 1.699 0.0
оговорками 0.0 2.0 0.0
сначала 0.0 0.602 0.0
именно 0.002 0.244 0.0
прошлом 0.0 0.921 0.0
полученных 0.0 1.398 0.0
новом 0.0 1.155 0.0
очень 0.001 0.149 0.0
разработчиками 0.0 1.523 0.0
доз 0.0 1.155 0.0
понадобились 0.0 2.0 0.0
одна 0.0 0.42 0.0
уровне 0.0 0.638 0.0
каким 0.0 1.155 0.0
исследуются 0.0 1.699 0.0
депздрав 0.0 1.699 0.0
рода 0.001 0.854 0.001
применения 0.001 1.097 0.001
проводится 0.0 1.398 0.0
формулах 0.0 2.0 0.0
год 0.0 0.409 0.0
упоминавшееся 0.0 2.0 0.0
разработчик 0.0 1.523 0.0
имели 0.0 1.398 0.0
свежих 0.0 1.301 0.0
шла 0.0 1.222 0.0
общегородского 0.0 2.0 0.0
попал 0.001 1.155 0.001
российским 0.0 0.092 0.0
неизвестна 0.0 1.523 0.0
бустерной 0.001 1.523 0.002
методически 0.001 2.0 0.002
какой-либо 0.0 1.155 0.0
обезличенные 0.0 2.0 0.0
тому 0.0 0.509 0.0
собираются 0.0 0.921 0.0
которым 0.0 0.658 0.0
меньшей 0.0 1.046 0.0
собранных 0.0 2.0 0.0
производиться 0.0 1.398 0.0
пцр-тестах 0.0 2.0 0.0
точнее 0.0 0.921 0.0
внутренняя 0.0 1.398 0.0
российские 0.0 0.328 0.0
учета 0.0 1.523 0.0
прививок 0.0 0.824 0.0
анализируется 0.0 2.0 0.0
технические 0.0 1.398 0.0
полные 0.0 1.398 0.0
прошлые 0.0 1.699 0.0
установили 0.0 0.959 0.0
векторе 0.0 2.0 0.0
обнаружено 0.0 1.155 0.0
поделилось 0.0 2.0 0.0
дата 0.0 1.699 0.0
заметного 0.0 2.0 0.0
знают 0.0 1.097 0.0
ковиде 0.0 1.155 0.0
подобным 0.0 1.398 0.0
in 0.0 0.0 0.0
количественные 0.0 1.699 0.0
крайне 0.0 0.721 0.0
регионов 0.0 0.921 0.0
ждут 0.0 1.155 0.0
исходам 0.0 2.0 0.0
несравнимо 0.0 2.0 0.0
медицинское 0.0 1.222 0.0
эффективности 0.01 0.678 0.007
странный 0.0 1.523 0.0
эпиваккороны 0.003 1.301 0.004
таких 0.001 0.347 0.0
разными 0.002 0.824 0.002
наблюдается 0.0 1.301 0.0
зарегистрированная 0.0 1.523 0.0
обобщенные 0.0 2.0 0.0
приезжих 0.0 1.699 0.0
отличие 0.001 0.886 0.001
томография 0.0 1.699 0.0
уменьшить 0.0 1.699 0.0
старые 0.0 1.398 0.0
v1v2.ru 0.0 2.0 0.0
просто 0.0 0.194 0.0
направленным 0.0 2.0 0.0
анонимизированную 0.0 2.0 0.0
периода 0.0 1.523 0.0
информацией 0.0 1.523 0.0
практическое 0.0 2.0 0.0
бесспорна 0.0 2.0 0.0
прочитать 0.001 0.959 0.001
репрезентативной 0.0 2.0 0.0
появления 0.0 0.854 0.0
тарусской 0.0 2.0 0.0
смещениях 0.0 2.0 0.0
эффективной 0.0 1.222 0.0
общая 0.0 1.155 0.0
вакцину 0.0 0.824 0.0
возможные 0.0 1.222 0.0
вносились 0.0 2.0 0.0
произошло 0.0 0.796 0.0
отсутствия 0.0 1.523 0.0
протокол 0.0 1.523 0.0
две 0.0 0.553 0.0
небольшом 0.0 1.155 0.0
аналитическим 0.0 2.0 0.0
центры 0.0 1.222 0.0
сероопроса 0.001 2.0 0.002
геодакян 0.0 1.699 0.0
регионы 0.0 1.222 0.0
производители 0.0 1.222 0.0
генеральной 0.0 2.0 0.0
хуже 0.0 0.699 0.0
сообщали 0.0 1.523 0.0
убедительные 0.0 1.699 0.0
возьмем 0.0 1.699 0.0
медицинской 0.0 0.921 0.0
представляет 0.001 1.046 0.001
национальные 0.0 1.699 0.0
сожалению 0.001 0.569 0.001
распространено 0.0 0.102 0.0
интервале 0.0 2.0 0.0
другом 0.0 0.721 0.0
консенсусом 0.0 2.0 0.0
конечная 0.0 1.699 0.0
диагноза 0.001 1.699 0.002
ios 0.0 0.066 0.0
учеными 0.0 1.222 0.0
рубежом 0.0 1.222 0.0
осенью 0.0 1.046 0.0
когортного 0.0 2.0 0.0
большинства 0.0 1.097 0.0
вне 0.0 0.886 0.0
несколько 0.0 0.201 0.0
прямо 0.0 0.357 0.0
достаточной 0.0 1.523 0.0
непривитых 0.001 1.155 0.001
факторы 0.0 1.222 0.0
разным 0.0 1.097 0.0
прививочной 0.0 1.222 0.0
защиты 0.0 0.824 0.0
всеми 0.0 0.824 0.0
подтвердила 0.0 1.523 0.0
немаленькой 0.0 2.0 0.0
применялась 0.0 2.0 0.0
вывод 0.0 0.959 0.0
определения 0.0 1.699 0.0
корректной 0.0 2.0 0.0
большому 0.0 1.398 0.0
бессимптомной 0.0 2.0 0.0
группам 0.0 1.523 0.0
начаты 0.0 2.0 0.0
сделаны 0.0 1.523 0.0
старшей 0.0 1.523 0.0
попадающих 0.0 2.0 0.0
пришло 0.0 1.398 0.0
столь 0.0 1.046 0.0
сих 0.002 0.481 0.001
недостающую 0.0 2.0 0.0
предложить 0.0 1.222 0.0
образуется 0.0 1.699 0.0
pfizer/biontech 0.0 1.046 0.0
медузой 0.0 0.921 0.0
нового 0.0 0.638 0.0
петербургского 0.0 2.0 0.0
проанализировали 0.0 1.699 0.0
значительной 0.0 1.155 0.0
приходят 0.0 1.398 0.0
санкт-петербурге 0.0 2.0 0.0
вытесняет 0.0 2.0 0.0
первого 0.0 0.658 0.0
ve 0.0 0.886 0.0
неагрегированные 0.0 2.0 0.0
корректируются 0.0 2.0 0.0
важную 0.0 1.523 0.0
катар 0.0 1.699 0.0
долей 0.0 1.097 0.0
нужного 0.0 1.523 0.0
аденовирусной 0.0 2.0 0.0
последние 0.0 0.456 0.0
подавляющее 0.0 1.398 0.0
легкое 0.0 1.222 0.0
оправданно 0.0 2.0 0.0
благодаря 0.0 0.77 0.0
тестируют 0.0 1.699 0.0
таблица 0.0 1.222 0.0
подтверждение 0.0 2.0 0.0
зависимости 0.0 0.796 0.0
доверительном 0.0 2.0 0.0
конкретной 0.0 1.398 0.0
юридическим 0.0 0.102 0.0
группе 0.003 0.745 0.002
исчерпывается 0.0 1.523 0.0
95-процентном 0.0 2.0 0.0
целой 0.0 1.699 0.0
трем 0.0 1.699 0.0
уровнем 0.0 1.046 0.0
снижения 0.0 1.155 0.0
прививочная 0.0 2.0 0.0
несмотря 0.001 0.456 0.0
необходима 0.0 1.398 0.0
развития 0.0 0.886 0.0
covid-19 0.0 0.77 0.0
персональных 0.0 1.699 0.0
клинического 0.0 1.046 0.0
таблицу 0.0 1.699 0.0
срезы 0.0 2.0 0.0
причинами 0.0 2.0 0.0
касающейся 0.0 2.0 0.0
распоряжении 0.001 1.301 0.001
нужно 0.001 0.237 0.0
непропорционально 0.0 2.0 0.0
ковиваку 0.0 1.699 0.0
конечном 0.0 1.398 0.0
антона 0.001 1.699 0.002
момента 0.001 0.886 0.001
кстати 0.0 0.886 0.0
2021-го 0.0 1.155 0.0
ретроспективного 0.0 2.0 0.0
становится 0.0 0.721 0.0
приостановке 0.0 1.523 0.0
сравнить 0.0 1.155 0.0
знаний 0.0 1.523 0.0
исследованиях 0.001 0.854 0.001
роспотребнадзора 0.0 1.523 0.0
выводу 0.0 2.0 0.0
безопасно 0.0 0.066 0.0
позволило 0.0 1.222 0.0
разработанный 0.0 2.0 0.0
youtube 0.0 0.06 0.0
неэффективна 0.0 2.0 0.0
вариант 0.0 0.796 0.0
создано 0.0 0.097 0.0
группы 0.004 0.62 0.002
оказался 0.0 0.886 0.0
которого 0.001 0.585 0.001
достаточно 0.0 0.444 0.0
защиту 0.0 1.097 0.0
отдельная 0.0 1.523 0.0
спутнику 0.001 1.097 0.001
вычетом 0.0 2.0 0.0
приостановить 0.0 2.0 0.0
многие 0.0 0.284 0.0
средством 0.0 0.102 0.0
соответствующие 0.0 1.398 0.0
внутри 0.001 0.745 0.001
эффективный 0.0 1.097 0.0
иного 0.0 1.699 0.0
доверительные 0.0 1.523 0.0
ровно 0.0 1.222 0.0
второе 0.0 1.398 0.0
ведется 0.0 1.699 0.0
публикуют 0.0 1.398 0.0
методических 0.0 1.301 0.0
отсутствием 0.0 1.523 0.0
значениями 0.0 2.0 0.0
впервые 0.0 0.824 0.0
искать 0.0 0.854 0.0
июля 0.0 1.0 0.0
говорят 0.0 0.432 0.0
заболевшие 0.0 1.699 0.0
противоречат 0.0 1.222 0.0
где-то 0.0 0.721 0.0
способно 0.0 2.0 0.0
подробные 0.0 1.398 0.0
счастью 0.0 1.699 0.0
создает 0.0 1.222 0.0
абсолютно 0.0 0.721 0.0
район 0.0 1.301 0.0
дали 0.0 1.155 0.0
пытались 0.0 1.046 0.0
вакцинированы 0.001 1.222 0.001
своей 0.0 0.42 0.0
проведенному 0.0 2.0 0.0
наиболее 0.0 0.745 0.0
сведениями 0.0 2.0 0.0
логунова 0.0 1.523 0.0
темпов 0.0 2.0 0.0
позволили 0.0 1.155 0.0
организованными 0.0 2.0 0.0
разбор 0.0 0.387 0.0
мире 0.0 0.553 0.0
аналогичные 0.001 1.301 0.001
больницу 0.001 1.097 0.001
сомнений 0.0 1.523 0.0
годе 0.0 2.0 0.0
данным 0.001 0.444 0.0
потребовалось 0.0 1.523 0.0
ситуацию 0.0 0.796 0.0
целому 0.0 1.699 0.0
важные 0.0 0.854 0.0
российских 0.001 0.337 0.0
минус 0.0 1.398 0.0
области 0.0 0.602 0.0
александр 0.0 0.538 0.0
противоковидных 0.0 1.301 0.0
защищать 0.0 0.854 0.0
привитые 0.0 1.222 0.0
жителей 0.001 0.569 0.001
время 0.002 0.102 0.0
легкого 0.0 1.699 0.0
аккуратно 0.0 1.523 0.0
анализ 0.003 0.921 0.003
сопоставить 0.0 2.0 0.0
старшего 0.0 1.523 0.0
достоверности 0.0 1.699 0.0
приведенные 0.0 1.699 0.0
51–70 0.0 2.0 0.0
центра 0.0 0.77 0.0
работают 0.0 0.553 0.0
конце 0.001 0.745 0.001
косвенный 0.0 2.0 0.0
рекламаmeduza 0.0 0.066 0.0
каждому 0.0 1.699 0.0
промежутке 0.0 1.699 0.0
общегородские 0.0 2.0 0.0
введенных 0.0 1.699 0.0
мониторинга 0.001 1.523 0.002
направления 0.0 1.398 0.0
ответить 0.001 0.886 0.001
статья 0.0 1.0 0.0
100/500000 0.0 2.0 0.0
положительный 0.0 1.523 0.0
используются 0.0 0.921 0.0
среди 0.004 0.42 0.002
пола 0.0 1.398 0.0
прежде 0.002 0.62 0.001
конструктивно 0.0 2.0 0.0
быстро 0.0 0.495 0.0
переболела 0.0 2.0 0.0
68–88 0.0 2.0 0.0
назад 0.001 0.18 0.0
дающий 0.0 1.699 0.0
анализируются 0.0 2.0 0.0
препаратами 0.001 1.097 0.001
большом 0.0 1.523 0.0
мог 0.0 0.824 0.0
выложены 0.0 2.0 0.0
применяются 0.0 1.301 0.0
обнаружить 0.0 1.097 0.0
длительность 0.0 2.0 0.0
кодекс 0.0 0.066 0.0
расфасовка 0.0 2.0 0.0
старших 0.001 2.0 0.002
кому 0.0 0.824 0.0
также 0.002 0.237 0.0
московским 0.0 1.699 0.0
клинических 0.002 0.796 0.002
переданные 0.0 2.0 0.0
хорошие 0.0 1.0 0.0
ориентироваться 0.0 1.398 0.0
описанные 0.0 1.523 0.0
неэффективности 0.0 1.523 0.0
оценок 0.0 1.222 0.0
имеются 0.0 1.301 0.0
очередь 0.0 0.62 0.0
влиять 0.0 1.155 0.0
принцип 0.0 1.301 0.0
точные 0.0 1.699 0.0
подтверждения 0.0 1.523 0.0
рандомизации 0.0 1.699 0.0
введения 0.0 0.796 0.0
подробно 0.0 0.921 0.0
пор 0.002 0.387 0.001
регистра 0.0 2.0 0.0
эмин 0.0 2.0 0.0
антитела 0.0 0.959 0.0
отличаются 0.0 1.046 0.0
собирать 0.0 1.097 0.0
вконтакте 0.0 0.066 0.0
нашей 0.0 0.699 0.0
препарата 0.001 0.886 0.001
одновременно 0.001 0.796 0.001
реестрах 0.0 1.699 0.0
поведенческие 0.0 2.0 0.0
вопросах 0.0 1.523 0.0
pfizer 0.0 0.886 0.0
ольга 0.0 1.398 0.0
лене 0.0 2.0 0.0
далеко 0.0 0.745 0.0
название 0.0 0.921 0.0
сбалансированные 0.0 2.0 0.0
эпиваком 0.0 2.0 0.0
знания 0.0 1.699 0.0
агрегированные 0.001 2.0 0.002
групп 0.003 0.77 0.002
департаментом 0.0 2.0 0.0
дании 0.0 1.523 0.0
статистикой 0.0 1.699 0.0
группа 0.001 0.886 0.001
выделите 0.0 0.066 0.0
получить 0.001 0.553 0.001
власти 0.0 0.387 0.0
нескольких 0.0 0.699 0.0
планируют 0.0 1.301 0.0
могли 0.001 0.699 0.001
дельту 0.0 1.523 0.0
реагировать 0.0 1.301 0.0
комплектов 0.0 1.699 0.0
поведения 0.0 1.523 0.0
против 0.002 0.229 0.0
возрастным 0.0 2.0 0.0
той 0.001 0.62 0.001
обзоре 0.0 1.699 0.0
великобритании 0.001 0.745 0.001
успех 0.0 1.222 0.0
разработчиком 0.0 1.699 0.0
эффективность 0.007 0.569 0.004
вечерняя 0.0 0.066 0.0
во-первых 0.001 0.796 0.001
делали 0.0 1.222 0.0
поддержки 0.0 0.066 0.0
тяжелого 0.001 0.921 0.001
нашего 0.001 1.0 0.001
самой 0.001 0.699 0.001
спутник 0.002 0.721 0.001
исследованиями 0.0 1.301 0.0
вспоминаем 0.0 1.523 0.0
рассказано 0.0 2.0 0.0
начал 0.0 0.796 0.0
двумя 0.0 0.678 0.0
называют 0.0 0.699 0.0
стал 0.0 0.658 0.0
примере 0.0 1.222 0.0
очередного 0.0 1.523 0.0
уходят 0.0 1.523 0.0
дня 0.0 0.523 0.0
сказано 0.0 0.921 0.0
большинство 0.0 0.796 0.0
альфа 0.0 1.699 0.0
—40 0.0 2.0 0.0
общем 0.001 1.097 0.001
понимаем 0.0 1.222 0.0
измеренные 0.0 1.699 0.0
имен 0.0 1.699 0.0
вакциной 0.001 0.886 0.001
одну 0.0 0.77 0.0
дополнительный 0.0 1.523 0.0
совпадающие 0.0 2.0 0.0
android 0.0 0.066 0.0
происхождение 0.0 1.301 0.0
американской 0.0 1.222 0.0
вариантов 0.001 0.854 0.001
созданная 0.0 2.0 0.0
особенно 0.0 0.553 0.0
явным 0.0 2.0 0.0
совокупности 0.0 2.0 0.0
нужна 0.001 0.092 0.0
проводились 0.0 1.222 0.0
вакцинация 0.001 0.699 0.001
города 0.001 0.638 0.001
некоторого 0.0 2.0 0.0
избыточной 0.0 1.155 0.0
влияющим 0.0 2.0 0.0
сдал 0.0 1.699 0.0
продолжается 0.0 1.0 0.0
ложное 0.0 2.0 0.0
статусу 0.0 2.0 0.0
миграция 0.0 2.0 0.0
невакцинированных 0.003 1.301 0.004
опубликованном 0.0 1.398 0.0
посмотреть 0.0 0.721 0.0
сопоставляем 0.0 2.0 0.0
опубликованное 0.0 2.0 0.0
сентября 0.0 1.046 0.0
ограничено 0.0 1.398 0.0
общим 0.0 1.301 0.0
смысл 0.0 0.959 0.0
занижать 0.0 2.0 0.0
европейским 0.0 1.523 0.0
передавать 0.0 1.699 0.0
отменял 0.0 1.523 0.0
важнейшие 0.0 2.0 0.0
опубликовать 0.0 1.301 0.0
отозвана 0.0 1.523 0.0
медицинского 0.0 1.222 0.0
измерить 0.0 1.301 0.0
примеры 0.0 1.699 0.0
способом 0.0 1.155 0.0
могла 0.0 0.886 0.0
больницы 0.0 0.77 0.0
препринте 0.001 2.0 0.002
пожилые 0.0 1.699 0.0
последняя 0.0 1.301 0.0
твердо 0.0 2.0 0.0
росстата 0.0 1.523 0.0
привиться 0.0 0.796 0.0
процессе 0.0 1.046 0.0
медузе 0.001 0.066 0.0
экспортных 0.0 1.523 0.0
учитывая 0.001 1.222 0.001
человеку 0.0 1.0 0.0
точно 0.0 0.481 0.0
медузу 0.0 0.066 0.0
гамалеи 0.001 1.155 0.001
обработки 0.0 0.066 0.0
анализу 0.001 2.0 0.002
приняли 0.0 1.046 0.0
успел 0.0 0.921 0.0
собственного 0.0 1.523 0.0
массовой 0.001 0.097 0.0
точки 0.0 0.638 0.0
экспорт 0.0 1.523 0.0
сложно 0.0 0.538 0.0
методологически 0.0 2.0 0.0
контроля 0.0 1.222 0.0
опубликованной 0.0 1.699 0.0
участвовала 0.0 1.699 0.0
подтверждают 0.0 1.523 0.0
каждый 0.0 0.509 0.0
аналогичное 0.0 1.699 0.0
компьютерная 0.0 1.699 0.0
словам 0.0 0.658 0.0
пара 0.0 1.301 0.0
центрах 0.0 1.301 0.0
предотвращать 0.0 1.523 0.0
значительное 0.0 1.398 0.0
случай 0.001 0.921 0.001
вредная 0.0 1.398 0.0
вакцинированной 0.0 1.699 0.0
наше 0.0 0.921 0.0
заболеваний 0.0 0.745 0.0
вакцины 0.009 0.585 0.005
собственной 0.0 1.222 0.0
непрозрачность 0.0 2.0 0.0
реальная 0.0 1.699 0.0
прорывных 0.0 1.699 0.0
силе 0.0 2.0 0.0
лайт 0.002 1.301 0.003
важное 0.0 1.046 0.0
объем 0.0 1.398 0.0
вынужденное 0.0 2.0 0.0
измерена 0.0 2.0 0.0
используемая 0.0 2.0 0.0
названий 0.0 2.0 0.0
мониторить 0.0 2.0 0.0
странах 0.001 0.495 0.0
разделенной 0.0 1.699 0.0
исхода 0.001 1.301 0.001
проиллюстрировать 0.0 1.699 0.0
опыт 0.0 0.886 0.0
естественным 0.0 1.523 0.0
зарегистрирован 0.0 1.398 0.0
теми 0.0 0.886 0.0
заболевшему 0.0 1.699 0.0
младшим 0.0 1.699 0.0
реклама 0.0 0.066 0.0
делать 0.001 0.276 0.0
воспользоваться 0.0 1.699 0.0
корректно 0.0 1.398 0.0
18–30 0.0 2.0 0.0
сша 0.001 0.469 0.0
инвитро 0.0 2.0 0.0
течении 0.0 1.301 0.0
важная 0.0 1.155 0.0
2021-м 0.0 1.523 0.0
существуют 0.0 1.222 0.0
некоторую 0.0 1.699 0.0
полуобязательной 0.0 2.0 0.0
учебника 0.0 2.0 0.0
заболели 0.0 1.0 0.0
ведомствами 0.0 2.0 0.0
список 0.0 0.658 0.0
виду 0.0 0.745 0.0
приведены 0.0 2.0 0.0
россии 0.005 0.119 0.001
поменялась 0.0 1.523 0.0
исследованиям 0.0 1.398 0.0
петицию 0.0 1.699 0.0
зависит 0.0 0.638 0.0
агента 0.0 0.097 0.0
омикрона 0.0 0.921 0.0
пять 0.0 0.509 0.0
малую 0.0 1.699 0.0
спад 0.0 1.523 0.0
сопоставление 0.0 1.699 0.0
июне 0.0 1.097 0.0
прошедшее 0.0 2.0 0.0
постарались 0.0 1.398 0.0
участники 0.0 0.921 0.0
системы 0.001 0.585 0.001
средние 0.0 1.523 0.0
месяцы 0.0 1.155 0.0
минздрав 0.001 0.824 0.001
выданный 0.0 2.0 0.0
вакцинированный 0.0 2.0 0.0
90-процентной 0.0 1.699 0.0
сывороток 0.0 2.0 0.0
аналогии 0.0 1.523 0.0
любых 0.0 1.046 0.0
представителя 0.0 1.222 0.0
израильских 0.0 1.523 0.0
уровень 0.0 0.824 0.0
катара 0.0 2.0 0.0
серии 0.0 1.301 0.0
удачной 0.0 1.699 0.0
71–100 0.0 2.0 0.0
опирались 0.0 1.523 0.0
параметрам 0.001 1.398 0.001
недоказанной 0.0 2.0 0.0
опубликована 0.0 1.523 0.0
заболевания 0.002 0.62 0.001
повышением 0.0 1.699 0.0
британского 0.0 1.398 0.0
аналитики 0.0 1.523 0.0
влияющие 0.0 2.0 0.0
страны 0.0 0.444 0.0
опубликованы 0.0 1.0 0.0
недавно 0.0 0.62 0.0
отказался 0.0 1.155 0.0
удалось 0.002 0.523 0.001
десятки 0.0 0.745 0.0
популяции 0.0 1.097 0.0
в-третьих 0.0 1.301 0.0
порядку 0.0 0.066 0.0
венгрии 0.0 1.523 0.0
московскую 0.0 2.0 0.0
дополнительно 0.001 1.398 0.001
депздрава 0.002 1.699 0.003
крохотный 0.0 2.0 0.0
приехать 0.0 1.222 0.0
понятным 0.0 2.0 0.0
ершов 0.0 0.796 0.0
значения 0.001 1.155 0.001
рассматривались 0.0 2.0 0.0
вакцинациях 0.0 2.0 0.0
работает 0.001 0.367 0.0
необходимо 0.0 0.585 0.0
контролей 0.0 1.699 0.0
ретроспективное 0.0 2.0 0.0
обнаружили 0.0 1.222 0.0
самые 0.0 0.602 0.0
длится 0.0 1.699 0.0
самый 0.0 0.721 0.0
объяснялась 0.0 2.0 0.0
провести 0.001 0.745 0.001
сколько 0.0 0.585 0.0
соответствующий 0.0 1.523 0.0
github 0.0 2.0 0.0
своевременно 0.0 2.0 0.0
заметить 0.0 1.301 0.0
российской 0.001 0.432 0.0
позволила 0.0 2.0 0.0
европейском 0.0 1.523 0.0
пропорционально 0.0 2.0 0.0
нежелание 0.0 1.301 0.0
u07.1 0.0 2.0 0.0
ответов 0.0 1.301 0.0
уточнения 0.0 1.523 0.0
группой 0.0 1.155 0.0
смещены 0.0 2.0 0.0
общее 0.0 1.046 0.0
вируса 0.0 0.721 0.0
четкими 0.0 2.0 0.0
реже 0.0 1.523 0.0
группах 0.003 1.0 0.003
парадоксальная 0.0 1.699 0.0
одному 0.0 0.921 0.0
ростом 0.0 1.523 0.0
могут 0.001 0.187 0.0
день 0.0 0.328 0.0
доказательства 0.0 1.155 0.0
младших 0.0 1.523 0.0
рандомизированных 0.0 1.523 0.0
qr-кодов 0.0 1.301 0.0
довольно 0.001 0.523 0.001
коронавирус 0.0 0.854 0.0
писали 0.0 0.824 0.0
долго 0.0 0.745 0.0
пептидная 0.0 1.523 0.0
использованы 0.0 1.699 0.0
июнем 0.0 2.0 0.0
найти 0.0 0.602 0.0
фармкомпании 0.0 1.523 0.0
нашем 0.001 0.959 0.001
значительными 0.0 2.0 0.0
оценку 0.0 1.398 0.0
возрастом 0.0 1.523 0.0
регистрировались 0.0 1.699 0.0
записи 0.0 1.398 0.0
вакцинировался 0.0 1.699 0.0
университета 0.001 0.959 0.001
проведены 0.0 1.301 0.0
крохи 0.0 2.0 0.0
слишком 0.0 0.553 0.0
каких-либо 0.0 1.398 0.0
количество 0.001 0.62 0.001
ретроспективными 0.0 2.0 0.0
неизвестно 0.0 0.77 0.0
групповые 0.0 2.0 0.0
несопоставим 0.0 2.0 0.0
препарату 0.0 1.523 0.0
период 0.001 0.796 0.001
вынуждает 0.0 1.699 0.0
подмосковья 0.0 1.398 0.0
хода 0.0 2.0 0.0
нем 0.001 0.602 0.001
or 0.001 0.886 0.001
параметр 0.0 1.523 0.0
помимо 0.0 0.796 0.0
имеем 0.0 1.398 0.0
учитываться 0.0 2.0 0.0
значений 0.0 1.155 0.0
самостоятельно 0.0 1.097 0.0
издается 0.0 2.0 0.0
прошедшем 0.0 2.0 0.0
д. 0.0 1.0 0.0
проведено 0.0 1.523 0.0
0,05 0.0 2.0 0.0
направлены 0.0 1.222 0.0
стало 0.001 0.481 0.0
редакция 0.0 1.046 0.0
максимально 0.001 0.721 0.001
изменением 0.0 2.0 0.0
привести 0.0 1.0 0.0
прививка 0.0 1.046 0.0
структурами 0.0 1.398 0.0
число 0.002 0.658 0.001
болели 0.0 1.301 0.0
острой 0.0 1.699 0.0
истинная 0.0 2.0 0.0
видимое 0.0 2.0 0.0
подходом 0.0 2.0 0.0
случае 0.001 0.357 0.0
чувство 0.0 1.301 0.0
вести 0.0 0.824 0.0
надежные 0.001 1.046 0.001
иммуногенности 0.0 1.301 0.0
единственный 0.0 0.824 0.0
мировых 0.0 1.301 0.0
москвичей 0.001 1.699 0.002
неиммунного 0.0 2.0 0.0
ученым 0.0 1.301 0.0
любому 0.0 1.699 0.0
иностранным 0.0 0.097 0.0
реестра 0.001 1.398 0.001
относительно 0.001 0.721 0.001
делают 0.0 0.745 0.0
выборке 0.001 1.222 0.001
уверена 0.0 1.523 0.0
отвечая 0.0 2.0 0.0
например 0.002 0.229 0.0
течения 0.001 0.921 0.001
началась 0.0 0.678 0.0
сайтом 0.0 1.699 0.0
решение 0.001 0.509 0.001
установить 0.0 1.155 0.0
сертификат 0.0 1.155 0.0
мнению 0.0 0.638 0.0
c. 0.0 1.523 0.0
департамента 0.0 1.398 0.0
обсуждении 0.0 1.699 0.0
части 0.0 0.854 0.0
вакцинах 0.0 1.046 0.0
получили 0.001 0.745 0.001
распределения 0.0 1.523 0.0
расчет 0.001 2.0 0.002
ссылаться 0.0 2.0 0.0
поддержите 0.0 0.102 0.0
соответствует 0.0 1.097 0.0
использовали 0.0 1.046 0.0
населения 0.002 0.658 0.001
перенесли 0.0 1.699 0.0
зрения 0.0 0.602 0.0
какими 0.0 1.398 0.0
опубликовало 0.0 1.523 0.0
поэтому 0.001 0.328 0.0
августа 0.0 1.222 0.0
ретроспективным 0.0 2.0 0.0
году 0.0 0.367 0.0
препарат 0.001 0.959 0.001
первых 0.0 0.959 0.0
репрезентативного 0.0 2.0 0.0
лет 0.0 0.252 0.0
распространения 0.0 0.678 0.0
используется 0.0 0.796 0.0
понимание 0.0 1.699 0.0
ослепления 0.0 2.0 0.0
заключаются 0.0 1.523 0.0
проводятся 0.001 1.097 0.001
нашему 0.0 1.222 0.0
вопрос 0.001 0.42 0.0
кт-скрининг 0.0 2.0 0.0
контрольной 0.002 1.523 0.003
многократно 0.001 1.523 0.002
собственных 0.0 1.155 0.0
основаны 0.0 1.699 0.0
феврале 0.0 1.097 0.0
причинах 0.0 1.699 0.0
данные 0.011 0.066 0.001
заболевший 0.0 1.398 0.0
u07.2 0.0 2.0 0.0
расчетном 0.0 2.0 0.0
дают 0.0 0.721 0.0
отдельные 0.0 1.0 0.0
фиксировалась 0.0 1.699 0.0
сообщениях 0.0 1.523 0.0
доказавшими 0.0 2.0 0.0
соответствующем 0.0 2.0 0.0
ограничен 0.0 1.699 0.0
санкт-петербурга 0.0 1.523 0.0
наши 0.001 0.721 0.001
литературе 0.0 1.222 0.0
словами 0.0 0.824 0.0
составлял 0.0 1.699 0.0
продолжает 0.0 0.658 0.0
новых 0.0 0.678 0.0
предоставил 0.0 1.699 0.0
подобных 0.001 1.0 0.001
понятно 0.0 0.699 0.0
активный 0.0 1.523 0.0
приятный 0.0 1.699 0.0
кампании 0.001 0.854 0.001
—144 0.0 2.0 0.0
переданы 0.0 2.0 0.0
определялись 0.0 2.0 0.0
коммерсантъ 0.0 1.523 0.0
вакцинных 0.0 1.523 0.0
воспроизводящий 0.0 2.0 0.0
вакцинирован 0.001 1.523 0.002
полную 0.0 1.046 0.0
массово 0.0 1.097 0.0
имеющий 0.0 1.699 0.0
сравнивать 0.0 0.959 0.0
похожа 0.0 1.222 0.0
новые 0.0 0.602 0.0
московских 0.0 1.523 0.0
смещенного 0.0 2.0 0.0
никто 0.0 0.523 0.0
говорить 0.0 0.602 0.0
решить 0.0 1.097 0.0
составит 0.0 1.523 0.0
сильнее 0.0 0.959 0.0
суммарно 0.0 1.523 0.0
половина 0.0 1.301 0.0
хотелось 0.0 1.155 0.0
замкнутая 0.0 2.0 0.0
останавливаться 0.0 1.699 0.0
уехать 0.0 1.0 0.0
тысяч 0.0 0.337 0.0
собственному 0.0 2.0 0.0
никакого 0.0 0.824 0.0
ковивак 0.0 1.155 0.0
плацебо-контроля 0.0 2.0 0.0
высокая 0.0 1.046 0.0
заболевают 0.0 1.222 0.0
принципе 0.0 0.796 0.0
госпитализированных 0.0 1.398 0.0
где-либо 0.0 2.0 0.0
характерно 0.0 1.699 0.0
фальсификации 0.0 1.699 0.0
тяжелобольным 0.0 2.0 0.0
источник 0.001 0.174 0.0
все-таки 0.0 0.553 0.0
начавшейся 0.0 2.0 0.0
петербуржцев 0.0 2.0 0.0
уровня 0.0 0.959 0.0
официальные 0.0 1.097 0.0
длительности 0.0 2.0 0.0
эпизодически 0.0 2.0 0.0
результатом 0.0 1.398 0.0
инструмента 0.0 1.699 0.0
работу 0.0 0.658 0.0
попадают 0.0 1.222 0.0
участии 0.0 0.959 0.0
кт 0.0 1.523 0.0
оборот 0.0 1.301 0.0
сотни 0.0 1.0 0.0
авторов 0.0 1.046 0.0
привитым 0.0 1.699 0.0
частоте 0.0 1.523 0.0
классификация 0.0 2.0 0.0
ко 0.0 0.745 0.0
будем 0.0 0.886 0.0
апреля 0.0 1.097 0.0
публичной 0.0 1.301 0.0
действует 0.0 1.097 0.0
правила 0.0 0.066 0.0
минздравом 0.001 1.398 0.001
конец 0.0 1.155 0.0
доминирования 0.001 1.699 0.002
поставках 0.0 1.699 0.0
использованных 0.0 2.0 0.0
независимых 0.0 1.046 0.0
альтернативных 0.0 1.301 0.0
какую 0.0 1.301 0.0
велики 0.0 1.301 0.0
объясняться 0.0 1.699 0.0
добровольцах 0.001 1.301 0.001
расчеты 0.001 1.699 0.002
неизбежное 0.0 2.0 0.0
© 0.0 0.0 0.0
разработчиков 0.001 1.097 0.001
равно 0.001 0.638 0.001
сменяется 0.0 1.699 0.0
провал 0.0 2.0 0.0
данных 0.007 0.481 0.003
крупному 0.0 2.0 0.0
корреляция 0.0 1.523 0.0
прямолинейной 0.0 2.0 0.0
сероопросы 0.0 2.0 0.0
принята 0.0 1.523 0.0
эффективным 0.0 1.398 0.0
граждан 0.0 0.638 0.0
повышается 0.0 1.301 0.0
описано 0.0 1.398 0.0
система 0.0 0.77 0.0
необходимы 0.0 1.398 0.0
защитную 0.0 2.0 0.0
количества 0.0 1.0 0.0
границу 0.0 1.097 0.0
многом 0.0 1.222 0.0
небольшое 0.0 1.097 0.0
планировании 0.0 2.0 0.0
риска 0.001 0.699 0.001
точное 0.0 1.699 0.0
тип 0.0 1.699 0.0
доклады 0.0 1.523 0.0
сильно 0.0 0.509 0.0
заболеваемости 0.005 0.959 0.005
диагнозы 0.0 2.0 0.0
помощь 0.0 0.097 0.0
израиль 0.0 1.097 0.0
учреждение 0.0 1.523 0.0
обнародовать 0.0 2.0 0.0
правильного 0.0 1.523 0.0
добровольцами 0.0 1.398 0.0
косвенные 0.0 1.301 0.0
вакцинного 0.0 1.398 0.0
около 0.001 0.432 0.0
варианту 0.0 1.398 0.0
расчете 0.0 2.0 0.0
d 0.001 1.097 0.001
учитывает 0.0 2.0 0.0
клиническом 0.0 1.222 0.0
отрицательную 0.0 1.398 0.0
инфекций 0.0 1.097 0.0
прошедшего 0.0 2.0 0.0
сопоставляются 0.0 2.0 0.0
исключением 0.0 1.301 0.0
известного 0.0 1.523 0.0
подбирается 0.0 2.0 0.0
новости 0.0 0.481 0.0
месяцами 0.0 1.398 0.0
поставляется 0.0 1.699 0.0
больны 0.0 2.0 0.0
10/500000 0.0 2.0 0.0
тяжелом 0.0 1.398 0.0
вынуждена 0.0 1.398 0.0
обойти 0.0 1.699 0.0
простой 0.0 1.097 0.0
бессимптомная 0.0 2.0 0.0
конкретный 0.0 2.0 0.0
медучреждения 0.0 2.0 0.0
имеющим 0.0 2.0 0.0
заражение 0.0 1.398 0.0
приходом 0.0 1.398 0.0
sars-cov-2 0.0 0.824 0.0
т 0.0 1.222 0.0
имеют 0.0 0.678 0.0
исследованию 0.0 1.097 0.0
всем 0.0 0.252 0.0
прошлых 0.0 2.0 0.0
почему-то 0.0 1.222 0.0
те 0.001 0.357 0.0
оно 0.001 0.444 0.0
якутии 0.0 2.0 0.0
расчетов 0.0 1.699 0.0
дениса 0.0 1.523 0.0
половины 0.0 1.0 0.0
госпитализацию 0.0 2.0 0.0
ситуацией 0.0 1.301 0.0
проводимого 0.0 2.0 0.0
соответсвует 0.0 1.699 0.0
россиян 0.0 0.62 0.0
получены 0.001 1.301 0.001
статистически 0.0 1.301 0.0
возрастную 0.0 1.699 0.0
исходные 0.0 2.0 0.0
вакцинированному 0.0 2.0 0.0
исключили 0.0 1.699 0.0
фельдман 0.0 1.523 0.0
журнале 0.0 0.921 0.0
самого 0.0 0.77 0.0
когорте 0.0 2.0 0.0
районе 0.0 0.886 0.0
образ 0.0 1.222 0.0
совпадает 0.0 1.523 0.0
публикуются 0.0 1.523 0.0
шансов 0.001 1.398 0.001
повышенная 0.0 1.155 0.0
вредна 0.0 2.0 0.0
прямое 0.0 1.699 0.0
гражданский 0.0 1.523 0.0
вызывает 0.0 0.886 0.0
информация 0.001 0.824 0.001
эффект 0.0 1.097 0.0
показывать 0.0 0.066 0.0
матвеева 0.0 2.0 0.0
ощутимый 0.0 1.699 0.0
многим 0.0 1.097 0.0
twitter 0.0 0.0 0.0
университетом 0.0 1.699 0.0
основному 0.0 1.699 0.0
исполнился 0.0 2.0 0.0
означает 0.0 0.62 0.0
платформы 0.0 0.066 0.0
сопоставлять 0.0 2.0 0.0
тестирования 0.0 1.523 0.0
−16 0.0 2.0 0.0
смертности 0.001 1.155 0.001
осознавать 0.0 1.699 0.0
ошибки 0.0 1.097 0.0
когортным 0.0 2.0 0.0
оценки 0.001 1.155 0.001
которые 0.004 0.119 0.0
вовсе 0.001 0.921 0.001
ранее 0.0 0.62 0.0
meduza 0.001 0.0 0.0
т. 0.0 0.921 0.0
московского 0.001 1.523 0.002
инфекцию 0.0 1.301 0.0
простые 0.0 1.699 0.0
превышали 0.0 2.0 0.0
прямых 0.0 1.155 0.0
произвести 0.0 1.523 0.0
рассказывают 0.0 0.959 0.0
пресс-служба 0.0 1.523 0.0
прочего 0.0 1.398 0.0
плацебо 0.0 0.959 0.0
внимание 0.0 0.658 0.0
счете 0.0 2.0 0.0
позволяют 0.001 0.886 0.001
попросту 0.0 1.301 0.0
учитывать 0.001 1.046 0.001
дополнительных 0.0 1.398 0.0
результат 0.0 0.77 0.0
декабря 0.001 0.824 0.001
д 0.0 1.398 0.0
вещи 0.0 0.796 0.0
озвученные 0.0 2.0 0.0
среднетяжелом 0.0 2.0 0.0
вакцинацию 0.0 0.824 0.0
дмитрия 0.0 1.222 0.0
100/250000 0.0 2.0 0.0
из-за 0.0 0.229 0.0
собрать 0.0 1.398 0.0
материалов 0.0 1.097 0.0
подготовке 0.0 1.222 0.0
подход 0.0 0.959 0.0
понимания 0.0 1.398 0.0
населением 0.0 1.398 0.0
анонимизированной 0.0 2.0 0.0
влияет 0.0 1.155 0.0
говорим 0.0 0.959 0.0
независимого 0.001 1.046 0.001
нашим 0.0 1.155 0.0
сопоставлены 0.0 2.0 0.0
бустерная 0.0 1.699 0.0
динамики 0.0 2.0 0.0
изменились 0.0 1.398 0.0
собиралась 0.0 1.699 0.0
учтено 0.0 2.0 0.0
содержится 0.0 1.699 0.0
находился 0.0 1.222 0.0
прийти 0.0 1.398 0.0
проведения 0.001 1.301 0.001
медицинскими 0.0 1.523 0.0
независимому 0.0 2.0 0.0
гифки 0.0 0.066 0.0
сергеем 0.0 1.699 0.0
людей 0.003 0.161 0.0
отдельно 0.0 1.097 0.0
говорит 0.0 0.409 0.0
кроме 0.0 0.387 0.0
получим 0.0 2.0 0.0
провела 0.0 1.699 0.0
бывают 0.0 1.155 0.0
защитой 0.0 1.699 0.0
допустить 0.0 1.097 0.0
производства 0.0 0.77 0.0
найдены 0.0 1.523 0.0
сделано 0.001 1.222 0.001
хронических 0.0 1.301 0.0
городских 0.0 2.0 0.0
территории 0.0 0.796 0.0
имеющего 0.0 2.0 0.0
сравнительной 0.0 2.0 0.0
содержит 0.0 1.155 0.0
научная 0.0 1.301 0.0
изменения 0.0 1.097 0.0
который 0.002 0.194 0.0
риск 0.001 0.538 0.001
анонимно 0.0 0.066 0.0
рассчитывается 0.001 1.699 0.002
заболевших 0.005 0.824 0.004
игнорируя 0.0 2.0 0.0
июлем 0.0 2.0 0.0
зарубежных 0.0 1.155 0.0
ваша 0.0 0.102 0.0
проекта 0.0 1.222 0.0
прививку 0.0 0.77 0.0
эпиваккороной 0.001 1.222 0.001
изначально 0.0 0.959 0.0
выложить 0.0 2.0 0.0
никак 0.0 0.886 0.0
бо́льшую 0.0 1.699 0.0
медучреждений 0.0 1.523 0.0
московской 0.0 1.398 0.0
сразу 0.0 0.553 0.0
куки 0.0 0.066 0.0
серпухов 0.0 2.0 0.0
аналогичных 0.0 1.398 0.0
b 0.0 2.0 0.0
использование 0.0 0.066 0.0
раса 0.0 2.0 0.0
метод 0.001 1.398 0.001
демографической 0.0 2.0 0.0
вакцина 0.002 0.721 0.001
хроническими 0.0 2.0 0.0
называемых 0.0 1.222 0.0
евросоюзе 0.0 1.523 0.0
препаратом 0.001 1.097 0.001
nhs 0.0 1.699 0.0
года 0.003 0.167 0.001
0,1 0.0 1.523 0.0
собственное 0.0 1.523 0.0
разбивки 0.0 1.699 0.0
en 0.0 0.066 0.0
эффективностью 0.0 0.921 0.0
открытых 0.0 1.222 0.0
контрольная 0.0 2.0 0.0
сложного 0.0 1.699 0.0
пациентов 0.0 0.796 0.0
повлиять 0.0 1.398 0.0
вакцине 0.001 0.886 0.001
тенденция 0.0 1.699 0.0
насколько 0.001 0.42 0.0
существенно 0.001 0.721 0.001
октября 0.0 1.0 0.0
проста 0.0 2.0 0.0
человека 0.001 0.328 0.0
статистики 0.001 1.222 0.001
систему 0.0 1.222 0.0
возраста 0.002 0.886 0.002
однозначно 0.0 0.959 0.0
включается 0.0 1.699 0.0
− 0.0 1.699 0.0
крайней 0.0 0.721 0.0
доказанной 0.0 1.699 0.0
следующие 0.0 1.523 0.0
полностью 0.001 0.538 0.001
сообщала 0.0 1.398 0.0
заболеваемость 0.001 1.046 0.001
одно 0.0 0.699 0.0
которой 0.002 0.377 0.001
обнаружилось 0.0 1.699 0.0
вообще 0.001 0.066 0.0
основании 0.0 0.854 0.0
вакцинированные 0.0 1.398 0.0
когортах 0.0 2.0 0.0
лишь 0.002 0.481 0.001
эпидемиологической 0.0 1.398 0.0
дальнейшем 0.0 1.699 0.0
пошло 0.0 1.155 0.0
исчезающе 0.0 1.699 0.0
понимать 0.0 0.886 0.0
подробный 0.0 1.301 0.0
утверждать 0.0 1.155 0.0
привита 0.0 2.0 0.0
хомяков 0.0 2.0 0.0
месте 0.0 0.921 0.0
помочь 0.0 0.131 0.0
возрастных 0.003 1.398 0.004
влияние 0.0 1.046 0.0
скорее 0.0 0.509 0.0
людьми 0.0 0.745 0.0
доли 0.002 1.398 0.003
экспозиции 0.0 2.0 0.0
падает 0.0 1.222 0.0
повсеместно 0.0 1.699 0.0
следует 0.0 0.77 0.0
аргентины 0.0 1.046 0.0
лично 0.0 0.959 0.0
перепроверяется 0.0 2.0 0.0
тест 0.001 1.222 0.001
проживания 0.0 1.699 0.0
пределами 0.0 1.097 0.0
принципиально 0.0 0.959 0.0
собранные 0.0 1.523 0.0
ясно 0.0 0.886 0.0
сходные 0.0 2.0 0.0
убеждены 0.0 2.0 0.0
вакцинный 0.0 1.523 0.0
относилась 0.0 1.699 0.0
предоставленных 0.0 2.0 0.0
независимо 0.0 1.398 0.0
являются 0.0 1.155 0.0
новосибирской 0.0 1.699 0.0
сохраняется 0.0 1.398 0.0
непривитыми 0.0 2.0 0.0
общего 0.0 1.0 0.0
случаи 0.0 0.721 0.0
петербургском 0.0 1.699 0.0
взрослые 0.0 1.222 0.0
центре 0.0 0.886 0.0
кампания 0.0 1.398 0.0
вычитание 0.0 2.0 0.0
простейший 0.0 2.0 0.0
неболевших 0.0 2.0 0.0
примера 0.0 1.699 0.0
производитель 0.0 1.222 0.0
набору 0.0 1.699 0.0
свои 0.0 0.481 0.0
18–50 0.0 2.0 0.0
установлено 0.0 1.699 0.0
разработчика 0.0 1.523 0.0
положительного 0.0 1.301 0.0
которое 0.0 0.337 0.0
жизни 0.0 0.432 0.0
регистрацию 0.001 1.155 0.001
принималось 0.0 1.699 0.0
новостиисторииразборшапитокоронавирусмагаз 0.0 0.066 0.0
обычно 0.0 0.523 0.0
существование 0.0 1.155 0.0
крае 0.0 1.699 0.0
петербурга 0.0 2.0 0.0
должны 0.001 0.432 0.0
сан-марино 0.0 1.301 0.0
отправной 0.0 2.0 0.0
ограничений 0.0 0.824 0.0
здравоохранения 0.0 0.658 0.0
контексте 0.0 1.222 0.0
московский 0.0 1.523 0.0
которая 0.001 0.301 0.0
знаменатель 0.0 2.0 0.0
великобритания 0.0 1.301 0.0
делаются 0.0 1.699 0.0
сложность 0.0 1.523 0.0
сопровождается 0.0 2.0 0.0
описанными 0.0 1.699 0.0
важных 0.0 1.097 0.0
подневные 0.0 2.0 0.0
переболел 0.0 1.301 0.0
выводов 0.0 1.523 0.0
выполняющим 0.0 0.097 0.0
возможно 0.0 0.398 0.0
медицинские 0.0 0.796 0.0
недостатков 0.0 1.301 0.0
ошибку 0.0 0.066 0.0
выпустила 0.0 1.222 0.0
полагаемся 0.0 2.0 0.0
привиты 0.0 1.398 0.0
горожан 0.0 1.523 0.0
прививки 0.001 0.638 0.001
компании 0.0 0.523 0.0
проблемы 0.0 0.62 0.0
месяц 0.001 0.745 0.001
иммунитетом 0.0 1.398 0.0
спутника 0.005 0.796 0.004
особо 0.0 1.097 0.0
исходному 0.0 2.0 0.0
реестров 0.0 2.0 0.0
прямолинейным 0.0 2.0 0.0
волонтеров 0.0 1.222 0.0
счету 0.0 1.699 0.0
интерпретировать 0.0 2.0 0.0
деле 0.0 0.553 0.0
методика 0.0 2.0 0.0
накладывают 0.0 2.0 0.0
точной 0.0 1.699 0.0
каждой 0.0 0.959 0.0
репутация 0.0 1.699 0.0
точка 0.0 2.0 0.0
ценность 0.0 1.699 0.0
поведение 0.0 1.699 0.0
сравнения 0.0 0.921 0.0
стран 0.001 0.469 0.0
считать 0.0 0.854 0.0
официально 0.0 0.959 0.0
барчук 0.0 2.0 0.0
ограничение 0.0 1.523 0.0
некоторых 0.0 0.523 0.0
идет 0.0 0.367 0.0
публиковалось 0.0 2.0 0.0
регистрация 0.0 1.222 0.0
мэром 0.0 2.0 0.0
разбивка 0.0 2.0 0.0
материал 0.0 0.086 0.0
большой 0.0 0.569 0.0
a 0.001 0.699 0.001
центров 0.0 1.222 0.0
месяца 0.0 0.745 0.0
имеющихся 0.0 1.301 0.0
таким 0.001 0.658 0.001
упоминавшегося 0.0 2.0 0.0
доля 0.001 0.959 0.001
результате 0.0 0.62 0.0
отделить 0.0 1.398 0.0
отдельных 0.0 1.046 0.0
крайними 0.0 2.0 0.0
тяжело 0.0 0.796 0.0
примерно 0.001 0.585 0.001
второго 0.0 1.0 0.0
миллион 0.0 1.155 0.0
иметь 0.0 0.824 0.0
делится 0.0 1.523 0.0
значение 0.001 1.097 0.001
властям 0.0 1.301 0.0
принимать 0.0 0.721 0.0
положительным 0.0 1.699 0.0
работы 0.001 0.553 0.001
отношение 0.001 1.0 0.001
выше 0.002 0.509 0.001
заболеть 0.002 0.921 0.002
аналогично 0.0 1.699 0.0
молодые 0.0 1.398 0.0
компонента 0.0 1.301 0.0
привит 0.0 1.523 0.0
качеству 0.0 1.699 0.0
известно 0.001 0.481 0.0
методами 0.001 1.398 0.001
поступивших 0.0 2.0 0.0
платформе 0.0 1.398 0.0
уходит 0.0 1.0 0.0
привитых 0.002 0.824 0.002
омикрон 0.001 1.046 0.001
снова 0.0 0.678 0.0
безопасности 0.0 0.481 0.0
самими 0.0 1.523 0.0
течение 0.001 0.699 0.001
собяниным 0.0 2.0 0.0
следовательно 0.0 1.155 0.0
измеренная 0.0 1.699 0.0
совпадают 0.0 1.523 0.0
установила 0.0 1.699 0.0
результатов 0.001 0.886 0.001
провалов 0.0 1.699 0.0
стране 0.0 0.523 0.0
потенциальное 0.0 1.699 0.0
учитывается 0.0 2.0 0.0
джафаров 0.0 2.0 0.0
задача 0.0 0.959 0.0
закупок 0.0 1.699 0.0
судить 0.0 0.959 0.0
gogov.ru 0.0 1.699 0.0
статусе 0.0 1.398 0.0
мягче 0.0 1.301 0.0
препаратах 0.0 1.301 0.0
люди 0.0 0.276 0.0
выводы 0.002 1.155 0.002
естественный 0.0 1.398 0.0
столицу 0.0 1.398 0.0
важнее 0.0 1.301 0.0
единственная 0.0 1.046 0.0
косвенных 0.0 2.0 0.0
предварительные 0.0 1.155 0.0
регистрации 0.001 1.046 0.001
увы 0.0 1.097 0.0
соответствующиеисследования 0.0 2.0 0.0
посвящена 0.0 1.699 0.0
использовать 0.001 0.585 0.001
обзор 0.0 1.222 0.0
часть 0.0 0.456 0.0
получение 0.0 1.398 0.0
неэффективность 0.0 1.699 0.0
возможности 0.0 0.77 0.0
часто 0.0 0.456 0.0
образом 0.001 0.602 0.001
форме 0.0 0.886 0.0
инстаграм 0.0 0.066 0.0
ди 0.0 1.699 0.0
качество 0.0 1.155 0.0
частоту 0.0 1.523 0.0
считали 0.0 1.222 0.0
вопросы 0.001 0.481 0.0
европейского 0.001 1.155 0.001
собираемые 0.0 2.0 0.0
ситуация 0.001 0.569 0.001
косвенно 0.0 1.155 0.0
практически 0.0 0.602 0.0
публиковать 0.0 1.155 0.0
врач 0.0 1.046 0.0
омикроном 0.0 1.155 0.0
коронавирусу 0.0 1.097 0.0
легко 0.0 0.824 0.0
результаты 0.004 0.62 0.002
оценить 0.001 0.796 0.001
барчука 0.001 2.0 0.002
заводе 0.0 1.398 0.0
структуре 0.0 1.398 0.0
хотя 0.001 0.276 0.0
публикуется 0.0 1.699 0.0
анализа 0.001 1.097 0.001
показателя 0.0 1.699 0.0
показывают 0.0 1.097 0.0
типу 0.0 1.523 0.0
посчитаем 0.0 2.0 0.0
это 0.008 0.066 0.001
вакцин 0.007 0.62 0.004
петербурге 0.001 1.222 0.001
дело 0.0 0.509 0.0
регионах 0.0 0.886 0.0
сведения 0.001 1.155 0.001
двух 0.0 0.377 0.0
артем 0.0 1.046 0.0
падать 0.0 1.398 0.0
такая 0.001 0.553 0.001
снижает 0.0 1.046 0.0
среднее 0.0 1.523 0.0
дельта 0.001 0.854 0.001
новой 0.0 0.585 0.0
получившего 0.0 1.699 0.0
региону 0.0 2.0 0.0
участников 0.0 0.824 0.0
исследовании 0.002 0.824 0.002
котором 0.0 0.495 0.0
некоторые 0.0 0.469 0.0
очевидно 0.0 0.959 0.0
проанализировать 0.0 1.699 0.0
смену 0.0 1.523 0.0
english 0.0 0.06 0.0
научным 0.0 1.398 0.0
отсутствие 0.0 0.921 0.0
научной 0.0 1.046 0.0
рассчитано 0.0 1.699 0.0
составляют 0.0 1.523 0.0
отметить 0.0 1.097 0.0
применение 0.001 1.155 0.001
хорошая 0.0 0.886 0.0
поддержка 0.0 0.167 0.0
такого 0.001 0.509 0.001
проводиться 0.0 1.523 0.0
журналисты 0.0 0.886 0.0
сведений 0.0 1.523 0.0
людям 0.0 0.678 0.0
экспертизы 0.0 1.222 0.0
мере 0.0 0.569 0.0
индивидуальных 0.0 1.699 0.0
ретроспективных 0.0 2.0 0.0
поставлена 0.0 1.523 0.0
городским 0.0 2.0 0.0
августе 0.0 1.0 0.0
сделал 0.0 0.854 0.0
зимой 0.0 1.301 0.0
легче 0.0 1.0 0.0
результатам 0.0 1.0 0.0
стимулировать 0.0 1.398 0.0
евгений 0.0 1.222 0.0
времени 0.001 0.523 0.001
июнь 0.0 1.523 0.0
производителя 0.001 1.699 0.002
случайную 0.0 1.523 0.0
имеет 0.0 0.602 0.0
гораздо 0.0 0.699 0.0
множество 0.001 0.959 0.001
спутнике 0.0 1.301 0.0
соответственно 0.0 0.921 0.0
длина 0.0 2.0 0.0
имеется 0.0 1.398 0.0
важно 0.001 0.509 0.001
попасть 0.0 0.921 0.0
рождения 0.0 1.097 0.0
интервалы 0.0 1.523 0.0
распределением 0.0 2.0 0.0
iii 0.0 1.222 0.0
идентифицировать 0.0 2.0 0.0
точкой 0.0 1.523 0.0
двойным 0.0 1.699 0.0
наибольшую 0.0 2.0 0.0
2020-го 0.0 1.097 0.0
догадывались 0.0 2.0 0.0
опасным 0.0 1.301 0.0
объема 0.0 1.398 0.0
использованному 0.0 2.0 0.0
расчетах 0.0 2.0 0.0
мкб-10 0.0 1.699 0.0
иной 0.0 1.222 0.0
исключить 0.0 1.222 0.0
самих 0.001 0.921 0.001
оставалось 0.0 1.699 0.0
редкости 0.0 2.0 0.0
определяется 0.0 1.398 0.0
месяце 0.0 2.0 0.0
поскольку 0.0 0.678 0.0
статистику 0.0 1.301 0.0
знает 0.0 0.854 0.0
собой 0.001 0.62 0.001
facebook 0.0 0.0 0.0
таком 0.0 0.921 0.0
собирается 0.0 0.921 0.0
попова 0.0 1.699 0.0
менее 0.001 0.432 0.0
ниже 0.002 0.77 0.002
раскрывают 0.0 2.0 0.0
проведенной 0.0 1.699 0.0
60+ 0.0 1.699 0.0
кузнеца 0.0 1.699 0.0
проходят 0.0 1.0 0.0
рукопись 0.0 1.699 0.0
миллиона 0.0 0.77 0.0
снижению 0.0 1.301 0.0
реально 0.0 0.959 0.0
авторы 0.0 0.921 0.0
понимая 0.0 1.699 0.0
середине 0.0 0.886 0.0
сертификатах 0.0 1.699 0.0
представить 0.0 0.959 0.0
пример 0.0 0.824 0.0
связано 0.0 0.854 0.0
применении 0.0 1.046 0.0
производство 0.001 1.222 0.001
каждого 0.0 0.678 0.0
общей 0.0 0.959 0.0
обе 0.0 1.097 0.0
исследования 0.005 0.481 0.002
измеренного 0.0 2.0 0.0
отношении 0.001 0.824 0.001
персональные 0.0 0.066 0.0
реестром 0.0 2.0 0.0
такое 0.0 0.347 0.0
активно 0.0 0.77 0.0
кого 0.0 0.509 0.0
производится 0.001 1.523 0.002
падением 0.0 2.0 0.0
прошли 0.0 0.796 0.0
немного 0.0 0.77 0.0
используя 0.0 1.699 0.0
итогам 0.0 1.398 0.0
эпидемическая 0.0 2.0 0.0
знать 0.0 0.824 0.0
фоне 0.0 0.796 0.0
сопоставляется 0.0 2.0 0.0
введение 0.0 1.222 0.0
неэффективная 0.0 2.0 0.0
гражданских 0.0 1.398 0.0
составила 0.0 0.959 0.0
летом 0.001 1.097 0.001
введенном 0.0 2.0 0.0
первом 0.0 0.824 0.0
моменту 0.001 1.097 0.001
эта 0.001 0.367 0.0
которых 0.002 0.237 0.0
невозможно 0.002 0.602 0.001
однако 0.004 0.337 0.001
имеющих 0.0 1.301 0.0
методикам 0.0 1.699 0.0
доверие 0.0 1.301 0.0
начала 0.001 0.398 0.0
подхода 0.0 1.155 0.0
учитывающий 0.0 2.0 0.0
оптимальный 0.0 2.0 0.0
сообщение 0.001 0.102 0.0
сыворотки 0.0 1.222 0.0
легком 0.0 1.523 0.0
бустерных 0.0 1.699 0.0
использовались 0.0 1.301 0.0
сделать 0.001 0.357 0.0
