авторское 0.0 2.0 0.0
редакции 0.001 0.066 0.0
полунищий 0.001 2.0 0.002
собрания 0.0 1.699 0.0
логично 0.001 1.699 0.002
баннерам 0.0 0.066 0.0
множестве 0.001 1.523 0.002
сама 0.0 0.658 0.0
опустим 0.0 2.0 0.0
действительно 0.001 0.377 0.0
спотифая 0.0 2.0 0.0
работал 0.0 1.046 0.0
выставку 0.0 2.0 0.0
отмены 0.0 1.699 0.0
изменилось 0.0 1.398 0.0
окко 0.0 2.0 0.0
учреждения 0.0 1.699 0.0
отменится 0.0 2.0 0.0
отечественные 0.0 1.699 0.0
илья 0.001 1.301 0.001
выживет 0.0 1.699 0.0
исключаю 0.0 1.699 0.0
неэффективное 0.0 2.0 0.0
конца 0.0 0.77 0.0
короткого 0.0 2.0 0.0
поэт 0.0 2.0 0.0
федерации 0.001 1.155 0.001
каким-то 0.0 1.046 0.0
производстве 0.0 1.222 0.0
способствует 0.0 1.222 0.0
ваши 0.0 1.046 0.0
никаких 0.0 0.602 0.0
уедет 0.0 2.0 0.0
внутренние 0.0 1.097 0.0
сдохни 0.0 2.0 0.0
важный 0.001 1.222 0.001
запланирована 0.0 1.699 0.0
диктатуре 0.0 1.523 0.0
помощи 0.0 0.77 0.0
оставалась 0.0 1.523 0.0
стримингов 0.001 2.0 0.002
игры 0.0 1.222 0.0
фактор 0.0 1.398 0.0
центральная 0.0 1.699 0.0
большей 0.0 1.046 0.0
архитектурной 0.0 2.0 0.0
исключительно 0.001 1.155 0.001
реализовываться 0.0 2.0 0.0
дней 0.0 0.337 0.0
музеев 0.001 1.699 0.002
такими 0.0 1.155 0.0
опасно 0.0 0.921 0.0
каталогами 0.0 2.0 0.0
записал 0.0 1.699 0.0
сценарий 0.0 1.398 0.0
взята 0.0 2.0 0.0
департаменте 0.0 1.699 0.0
фестивали 0.0 2.0 0.0
дожить 0.0 2.0 0.0
искусство 0.001 2.0 0.002
посещаемость 0.0 2.0 0.0
примером 0.0 1.699 0.0
медузы 0.001 0.268 0.0
этих 0.0 0.337 0.0
проката 0.0 2.0 0.0
автор 0.001 1.0 0.001
ограждало 0.0 2.0 0.0
начнем 0.0 2.0 0.0
выросла 0.0 1.523 0.0
дни 0.0 0.721 0.0
свободным 0.0 1.699 0.0
франция 0.0 1.523 0.0
истории 0.0 0.337 0.0
отличается 0.0 0.886 0.0
развит 0.0 2.0 0.0
выжить 0.001 1.398 0.001
силу 0.0 1.0 0.0
изменится 0.001 1.523 0.002
русским 0.0 1.398 0.0
мелких 0.0 1.523 0.0
версии 0.001 1.0 0.001
крупных 0.001 0.959 0.001
временем 0.0 0.921 0.0
голливуде 0.0 2.0 0.0
нашли 0.0 0.066 0.0
литературу 0.001 1.523 0.002
связи 0.001 0.0 0.0
сервисов 0.0 1.699 0.0
концерт 0.0 1.222 0.0
медуза 0.003 0.066 0.0
возложена 0.0 2.0 0.0
рублей 0.001 1.097 0.001
нам 0.003 0.086 0.0
романом 0.0 2.0 0.0
этому 0.001 0.432 0.0
построены 0.0 1.699 0.0
властей 0.0 0.824 0.0
веном 0.0 2.0 0.0
кризис 0.0 1.097 0.0
наших 0.0 0.658 0.0
клянчить 0.0 2.0 0.0
изменила 0.0 1.301 0.0
японского 0.0 1.523 0.0
конкуренция 0.0 1.699 0.0
арене 0.0 1.699 0.0
материалам 0.0 0.066 0.0
срочно 0.0 0.167 0.0
издать 0.0 2.0 0.0
меньше 0.004 0.444 0.002
сыплются 0.0 2.0 0.0
администрация 0.0 1.398 0.0
ограниченным 0.0 2.0 0.0
ограничения 0.0 0.745 0.0
картами 0.0 2.0 0.0
финансово 0.0 2.0 0.0
напечатано 0.0 2.0 0.0
остро 0.0 1.523 0.0
негласный 0.0 2.0 0.0
экспонатах 0.0 2.0 0.0
сильный 0.0 1.699 0.0
дороге 0.0 1.222 0.0
восполняются 0.0 2.0 0.0
своих 0.001 0.398 0.0
видеоблога 0.0 2.0 0.0
ctrl+enter 0.0 0.066 0.0
вноситься 0.0 2.0 0.0
ввести 0.0 1.301 0.0
универсальная 0.0 1.699 0.0
иностранные 0.0 1.155 0.0
вероятно 0.001 0.699 0.001
играет 0.0 1.0 0.0
значительно 0.0 0.959 0.0
музыка 0.001 2.0 0.002
стивена 0.0 1.699 0.0
предсказывать 0.0 2.0 0.0
действительностью 0.0 2.0 0.0
другому 0.0 1.155 0.0
свободу 0.0 1.0 0.0
официального 0.0 1.301 0.0
2010-е 0.0 2.0 0.0
сами 0.0 0.538 0.0
технологических 0.0 1.699 0.0
предполагает 0.001 1.222 0.001
популярны 0.0 1.699 0.0
западные 0.001 1.222 0.001
случился 0.0 1.523 0.0
олма 0.0 2.0 0.0
обратилась 0.0 1.699 0.0
оплатить 0.0 1.523 0.0
воспринимаются 0.0 2.0 0.0
поддержке 0.0 1.523 0.0
ходить 0.0 1.222 0.0
кинотеатрам 0.001 1.699 0.002
контроль 0.001 1.0 0.001
художников 0.0 2.0 0.0
украину 0.0 0.523 0.0
нажмите 0.0 0.066 0.0
уйдут 0.0 2.0 0.0
пришлось 0.001 0.959 0.001
российский 0.001 0.638 0.001
основания 0.0 1.301 0.0
других 0.001 0.26 0.0
числе 0.0 0.31 0.0
рыночному 0.0 2.0 0.0
иностранного 0.001 0.102 0.0
человек 0.0 0.215 0.0
концерты 0.001 1.523 0.002
главные 0.0 0.921 0.0
зарубежные 0.0 1.155 0.0
– 0.0 0.06 0.0
ковида 0.0 0.444 0.0
искусства 0.001 1.699 0.002
нами 0.0 0.066 0.0
стала 0.0 0.569 0.0
управления 0.0 1.097 0.0
морали 0.0 1.699 0.0
останутся 0.0 1.398 0.0
придем 0.0 1.222 0.0
лицом 0.0 0.102 0.0
функции 0.001 0.097 0.0
массовая 0.0 1.155 0.0
налоги 0.0 1.523 0.0
грубости 0.0 2.0 0.0
борьбе 0.0 0.796 0.0
известной 0.0 1.699 0.0
отношения 0.0 0.921 0.0
решения 0.0 0.638 0.0
днем 0.001 0.886 0.001
касается 0.002 0.602 0.001
выступил 0.0 1.0 0.0
пишут 0.0 0.77 0.0
тоской 0.0 2.0 0.0
полезна 0.001 1.699 0.002
перейти 0.0 0.066 0.0
поддержать 0.0 0.066 0.0
появлению 0.0 1.523 0.0
театров 0.001 1.523 0.002
президента 0.001 0.745 0.001
какие-то 0.001 0.538 0.001
расходы 0.0 2.0 0.0
скоро 0.001 0.796 0.001
эстония 0.0 1.699 0.0
самым 0.0 0.921 0.0
цензура 0.001 1.222 0.001
увольнения 0.001 1.523 0.002
стримингами 0.0 2.0 0.0
джеймс 0.0 2.0 0.0
данное 0.0 0.097 0.0
ожидали 0.0 1.222 0.0
положит 0.0 2.0 0.0
доступ 0.0 0.921 0.0
зрители 0.0 1.398 0.0
бизнес 0.0 1.0 0.0
платформами 0.0 2.0 0.0
отменяются 0.0 2.0 0.0
вышли 0.0 1.0 0.0
ответственность 0.0 0.824 0.0
полноценной 0.0 1.398 0.0
будущем 0.0 0.745 0.0
steam 0.001 2.0 0.002
театр 0.003 1.523 0.005
пасти 0.0 2.0 0.0
могу 0.001 0.658 0.001
live 0.0 0.022 0.0
разумеется 0.0 1.398 0.0
блог 0.0 0.066 0.0
наверняка 0.001 1.398 0.001
встает 0.0 1.398 0.0
проблема 0.0 0.721 0.0
планы 0.0 1.097 0.0
разных 0.001 0.398 0.0
условиях 0.001 0.569 0.001
noize 0.0 2.0 0.0
массовый 0.0 1.699 0.0
meduzacare 0.0 0.066 0.0
экспозицию 0.0 2.0 0.0
строк 0.0 1.699 0.0
улицу 0.0 1.155 0.0
кнопка 0.0 0.066 0.0
получают 0.0 1.398 0.0
восток 0.0 1.398 0.0
жестко 0.0 1.301 0.0
путинизма 0.0 2.0 0.0
заниматься 0.001 0.886 0.001
апокалиптический 0.0 2.0 0.0
переходить 0.0 1.523 0.0
речь 0.0 0.432 0.0
другие 0.001 0.268 0.0
пандемии 0.0 0.658 0.0
прогнозов 0.0 1.398 0.0
сфере 0.0 1.398 0.0
смогут 0.001 0.745 0.001
давно 0.0 0.77 0.0
стендапа 0.0 2.0 0.0
сегмент 0.001 1.523 0.002
выгодно 0.0 1.398 0.0
выстраивают 0.0 2.0 0.0
претендующие 0.0 2.0 0.0
сосредоточатся 0.0 2.0 0.0
независимое 0.001 0.721 0.001
24/7 0.0 0.102 0.0
кампанейщины 0.0 2.0 0.0
культурные 0.0 2.0 0.0
учился 0.0 1.523 0.0
техническим 0.0 1.301 0.0
эрзаца 0.0 2.0 0.0
носит 0.0 1.398 0.0
возможный 0.0 1.301 0.0
хитров 0.0 2.0 0.0
москвы 0.0 0.824 0.0
требования 0.0 0.066 0.0
связаться 0.0 0.066 0.0
самом 0.0 0.481 0.0
институций 0.0 2.0 0.0
парень 0.0 1.523 0.0
информации 0.0 0.102 0.0
вполне 0.002 0.699 0.001
тех 0.003 0.26 0.001
качать 0.0 2.0 0.0
самоцензуру 0.0 2.0 0.0
общественно-публичном 0.0 2.0 0.0
намеками 0.0 2.0 0.0
выражают 0.001 2.0 0.002
пыль 0.001 1.699 0.002
самоповтором 0.0 2.0 0.0
русская 0.001 1.398 0.001
включат 0.0 2.0 0.0
фестиваля 0.0 2.0 0.0
станет 0.001 0.678 0.001
содержательной 0.0 2.0 0.0
классную 0.0 2.0 0.0
консолидации 0.0 1.699 0.0
россия 0.002 0.398 0.001
pavel 0.0 1.699 0.0
неясно 0.0 1.097 0.0
аттракционное 0.0 2.0 0.0
дольше 0.0 1.155 0.0
интеллектуальный 0.0 1.699 0.0
братом 0.0 2.0 0.0
такие 0.0 0.444 0.0
регулярной 0.0 2.0 0.0
деятельность 0.001 1.398 0.001
функционировать 0.001 1.699 0.002
региона 0.0 1.301 0.0
публичном 0.0 1.699 0.0
мазо 0.001 2.0 0.002
спасибоgiphyза 0.0 0.066 0.0
испания 0.0 1.398 0.0
жанровых 0.0 2.0 0.0
раньше 0.0 0.432 0.0
любви 0.0 1.0 0.0
пожалуйста 0.0 0.102 0.0
вероятны 0.0 2.0 0.0
миру 0.0 0.796 0.0
можем 0.0 0.62 0.0
театры 0.001 2.0 0.002
никуда 0.001 1.097 0.001
темпами 0.0 1.699 0.0
зависят 0.0 1.699 0.0
ильямазо 0.0 2.0 0.0
именно 0.0 0.244 0.0
прошлом 0.0 0.921 0.0
официальных 0.0 0.921 0.0
запустят 0.0 2.0 0.0
пост 0.0 0.796 0.0
очень 0.005 0.149 0.001
одна 0.0 0.42 0.0
остается 0.0 0.638 0.0
продать 0.0 1.523 0.0
подписку 0.001 2.0 0.002
идут 0.0 0.699 0.0
дюна 0.0 2.0 0.0
рода 0.0 0.854 0.0
слушателями 0.0 2.0 0.0
год 0.0 0.409 0.0
сериалы 0.001 2.0 0.002
существует 0.001 0.745 0.001
подвергались 0.0 2.0 0.0
российским 0.001 0.092 0.0
одной 0.0 0.398 0.0
функционируют 0.0 2.0 0.0
кинопродуктомантон 0.0 2.0 0.0
тому 0.001 0.509 0.001
романов 0.0 2.0 0.0
которым 0.001 0.658 0.001
меньшей 0.0 1.046 0.0
интересах 0.001 0.167 0.0
городах 0.0 1.0 0.0
производиться 0.0 1.398 0.0
государству 0.001 1.222 0.001
российские 0.002 0.328 0.001
импортозамещении 0.0 2.0 0.0
рынке 0.0 1.0 0.0
сделанные 0.0 1.398 0.0
монополистов 0.0 2.0 0.0
намного 0.001 0.959 0.001
предположить 0.001 0.959 0.001
подкаст 0.0 2.0 0.0
смотрят 0.0 1.155 0.0
in 0.0 0.0 0.0
дешевле 0.0 2.0 0.0
издает 0.0 2.0 0.0
ходят 0.0 1.398 0.0
окупить 0.0 2.0 0.0
закону 0.0 1.523 0.0
ресурса 0.0 1.523 0.0
таких 0.0 0.347 0.0
директор 0.0 1.097 0.0
союзниками 0.0 2.0 0.0
нынешнее 0.0 1.699 0.0
отличие 0.0 0.886 0.0
книг 0.0 1.222 0.0
просто 0.002 0.194 0.0
помпиду 0.0 2.0 0.0
плотный 0.0 2.0 0.0
попытки 0.0 1.222 0.0
российское 0.0 0.921 0.0
советский 0.0 1.523 0.0
артисты 0.001 2.0 0.002
публично 0.0 1.046 0.0
крахе 0.0 1.699 0.0
ушли 0.001 1.523 0.002
патреон 0.0 2.0 0.0
прочее 0.0 1.699 0.0
независимыми 0.0 1.301 0.0
книгу 0.0 1.398 0.0
кадриоргского 0.0 2.0 0.0
переезд 0.0 2.0 0.0
платформ 0.0 1.301 0.0
присоединиться 0.0 1.523 0.0
дальше 0.003 0.523 0.002
кажется 0.003 0.469 0.001
редко 0.0 1.301 0.0
территорий 0.0 2.0 0.0
дешевых 0.0 2.0 0.0
жили 0.0 1.222 0.0
обоснованно 0.0 2.0 0.0
происходить 0.001 1.155 0.001
кинопродюсер 0.0 2.0 0.0
нужен 0.0 1.222 0.0
французский 0.0 1.523 0.0
элемент 0.0 1.699 0.0
сверху 0.0 1.155 0.0
распространено 0.0 0.102 0.0
романы 0.0 2.0 0.0
причинам 0.0 0.959 0.0
ios 0.0 0.066 0.0
далекое 0.001 1.699 0.002
стриминги 0.001 2.0 0.002
определены 0.0 2.0 0.0
американского 0.0 1.301 0.0
попробовать 0.0 1.398 0.0
несколько 0.001 0.201 0.0
допускаю 0.0 2.0 0.0
прямо 0.001 0.357 0.0
разным 0.0 1.097 0.0
латвия 0.0 1.699 0.0
основном 0.0 0.553 0.0
технологические 0.001 1.523 0.002
фильмы 0.003 2.0 0.006
прежний 0.0 2.0 0.0
пока 0.003 0.208 0.001
стивен 0.001 1.398 0.001
сих 0.0 0.481 0.0
образуется 0.0 1.699 0.0
привело 0.0 1.398 0.0
образованием 0.0 2.0 0.0
механизмы 0.0 1.523 0.0
концертная 0.0 1.699 0.0
иностранцы 0.0 1.699 0.0
поотменяли 0.0 2.0 0.0
молиться 0.0 1.523 0.0
музея 0.001 1.699 0.002
цензурой 0.0 2.0 0.0
одного 0.0 0.432 0.0
единственное 0.0 1.301 0.0
vk 0.0 1.398 0.0
вещах 0.0 1.301 0.0
сегодняшний 0.0 1.523 0.0
показать 0.0 1.155 0.0
последние 0.002 0.456 0.001
благодаря 0.001 0.77 0.001
фашистской 0.0 2.0 0.0
популярности 0.0 1.398 0.0
линию 0.0 1.523 0.0
роль 0.0 0.796 0.0
такую 0.0 0.824 0.0
юридическим 0.0 0.102 0.0
превентивно 0.0 1.699 0.0
трупа 0.0 1.699 0.0
рисую 0.0 2.0 0.0
контракты 0.0 1.398 0.0
несмотря 0.0 0.456 0.0
расторгают 0.0 2.0 0.0
венецианской 0.0 2.0 0.0
элементарно 0.0 1.699 0.0
долгосрочной 0.0 1.699 0.0
объединении 0.0 2.0 0.0
стали 0.001 0.42 0.0
магазин 0.0 1.222 0.0
путь 0.0 0.886 0.0
художественного 0.0 2.0 0.0
контролируется 0.0 1.523 0.0
юлия 0.0 2.0 0.0
уроки 0.0 1.699 0.0
нужно 0.001 0.237 0.0
весь 0.001 0.638 0.001
момента 0.0 0.886 0.0
неутешительны 0.0 1.523 0.0
российскую 0.0 0.745 0.0
становится 0.0 0.721 0.0
как-то 0.0 0.699 0.0
сравнить 0.0 1.155 0.0
безопасно 0.0 0.066 0.0
дополнительного 0.0 1.699 0.0
попробовал 0.0 1.699 0.0
культуру 0.0 1.523 0.0
youtube 0.0 0.06 0.0
книга 0.0 1.523 0.0
называется 0.001 1.0 0.001
создано 0.0 0.097 0.0
купить 0.0 0.886 0.0
покатится 0.0 2.0 0.0
бойкот 0.0 2.0 0.0
достаточно 0.002 0.444 0.001
мои 0.0 0.854 0.0
сегодня 0.001 0.638 0.001
выпускаем 0.0 1.699 0.0
направлять 0.0 2.0 0.0
многие 0.002 0.284 0.001
средством 0.0 0.102 0.0
бойкоту 0.0 2.0 0.0
вжух 0.0 2.0 0.0
внутри 0.001 0.745 0.001
возможность 0.001 0.569 0.001
алексей 0.0 0.886 0.0
определенного 0.0 1.699 0.0
расцвет 0.0 2.0 0.0
лейбла 0.0 2.0 0.0
мейерхольда 0.0 2.0 0.0
искать 0.0 0.854 0.0
изоляции 0.001 1.523 0.002
любит 0.0 1.699 0.0
друзей 0.0 0.959 0.0
читают 0.0 1.523 0.0
своей 0.0 0.42 0.0
признаки 0.0 1.398 0.0
тратить 0.0 2.0 0.0
позволили 0.0 1.155 0.0
расходов 0.001 2.0 0.002
язык 0.0 1.155 0.0
помочьхочу 0.0 0.886 0.0
богатый 0.0 2.0 0.0
стать 0.0 0.699 0.0
мире 0.0 0.553 0.0
антон 0.001 1.301 0.001
своими 0.001 0.854 0.001
издательская 0.0 2.0 0.0
доход 0.001 1.398 0.001
прокат 0.001 2.0 0.002
современный 0.0 1.699 0.0
российских 0.002 0.337 0.001
индустрию 0.0 2.0 0.0
области 0.0 0.602 0.0
александр 0.0 0.538 0.0
трагедия 0.0 1.699 0.0
огромный 0.0 1.398 0.0
музыканту 0.0 2.0 0.0
коллекций 0.0 2.0 0.0
публики 0.0 2.0 0.0
время 0.001 0.102 0.0
удачных 0.0 2.0 0.0
gr 0.0 2.0 0.0
театральной 0.0 2.0 0.0
ура 0.0 1.097 0.0
событиями 0.0 1.699 0.0
центра 0.001 0.77 0.001
выглядит 0.0 0.62 0.0
стоит 0.0 0.509 0.0
рекламаmeduza 0.0 0.066 0.0
многосложные 0.0 2.0 0.0
ценные 0.0 1.699 0.0
остаются 0.0 1.0 0.0
выпускать 0.001 1.097 0.001
пишущих 0.0 2.0 0.0
журналист 0.0 1.0 0.0
прежде 0.001 0.62 0.001
быстро 0.0 0.495 0.0
текстов 0.0 1.699 0.0
издание 0.0 0.721 0.0
назад 0.001 0.18 0.0
большом 0.0 1.523 0.0
представлять 0.0 1.523 0.0
фейках 0.0 1.523 0.0
приоткрылся 0.0 2.0 0.0
кризисе 0.0 1.523 0.0
война 0.001 0.469 0.0
кодекс 0.0 0.066 0.0
концертов 0.001 1.523 0.002
также 0.0 0.237 0.0
бумаге 0.0 2.0 0.0
аудиторий 0.0 2.0 0.0
государства 0.002 0.824 0.002
усвоены 0.0 2.0 0.0
несогласие 0.0 1.699 0.0
администрации 0.0 1.046 0.0
успеха 0.0 1.398 0.0
сыпаться 0.0 2.0 0.0
пор 0.001 0.387 0.0
лейбл 0.001 2.0 0.002
экстремистской 0.0 1.301 0.0
никакую 0.0 2.0 0.0
релизов 0.0 2.0 0.0
сделанный 0.0 1.699 0.0
западными 0.0 1.301 0.0
стендап 0.0 2.0 0.0
возможностей 0.0 1.699 0.0
собирать 0.0 1.097 0.0
вконтакте 0.0 0.066 0.0
нашей 0.001 0.699 0.001
бесплатно 0.0 1.398 0.0
1980-х 0.0 1.699 0.0
голоду 0.0 2.0 0.0
далеко 0.0 0.745 0.0
социально-критических 0.0 2.0 0.0
решений 0.0 1.222 0.0
санкции 0.0 0.77 0.0
разрушена 0.001 1.398 0.001
группа 0.001 0.886 0.001
выделите 0.0 0.066 0.0
власти 0.0 0.387 0.0
получить 0.0 0.553 0.0
предоставлена 0.0 1.699 0.0
игроки 0.0 1.699 0.0
могли 0.0 0.699 0.0
недели 0.001 0.42 0.0
поведения 0.0 1.523 0.0
самоорганизованная 0.0 2.0 0.0
славин 0.0 2.0 0.0
пойдет 0.0 1.301 0.0
против 0.0 0.229 0.0
сирия 0.0 1.699 0.0
дмитрий 0.001 0.658 0.001
нужны 0.0 0.745 0.0
государственных 0.0 1.0 0.0
1980-е 0.0 2.0 0.0
вечерняя 0.0 0.066 0.0
1990-е 0.0 1.398 0.0
беспрецедентной 0.0 1.699 0.0
готовы 0.0 0.678 0.0
поддержки 0.0 0.066 0.0
называть 0.0 1.0 0.0
беларуси 0.0 1.699 0.0
историю 0.0 0.721 0.0
грязное 0.0 2.0 0.0
начал 0.0 0.796 0.0
запрещенной 0.0 2.0 0.0
стал 0.0 0.658 0.0
российского 0.001 0.62 0.001
первые 0.0 0.585 0.0
шхд 0.0 2.0 0.0
культурная 0.001 1.523 0.002
отменять 0.001 2.0 0.002
литературы 0.002 1.523 0.003
накопительному 0.0 2.0 0.0
летнюю 0.0 2.0 0.0
каком 0.0 1.0 0.0
—достаточно 0.0 2.0 0.0
android 0.0 0.066 0.0
коллеги 0.0 1.0 0.0
частные 0.0 1.222 0.0
сговорчивости 0.0 2.0 0.0
объявил 0.0 1.0 0.0
особенно 0.001 0.553 0.001
нужна 0.001 0.092 0.0
марта 0.0 0.319 0.0
вокруг 0.001 0.721 0.001
города 0.0 0.638 0.0
развиваться 0.001 1.699 0.002
фактическим 0.0 2.0 0.0
позволить 0.001 1.222 0.001
посягательств 0.0 1.699 0.0
эффекту 0.0 2.0 0.0
предлагают 0.0 1.046 0.0
усилиями 0.0 1.699 0.0
закрыт 0.0 2.0 0.0
unsplash 0.001 1.699 0.002
издательского 0.001 2.0 0.002
массовыми 0.0 1.699 0.0
когда-нибудь 0.0 1.523 0.0
тяжелой 0.0 0.959 0.0
моргенштерн 0.0 2.0 0.0
скандинавские 0.0 2.0 0.0
определению 0.001 1.699 0.002
следственный 0.0 1.523 0.0
силы 0.0 0.796 0.0
крыло 0.0 2.0 0.0
облегчает 0.0 1.699 0.0
музыкальный 0.001 2.0 0.002
уроков 0.0 2.0 0.0
сберзвук 0.0 2.0 0.0
стриминговые 0.0 2.0 0.0
существовать 0.001 1.699 0.002
установлен 0.0 2.0 0.0
участвуют 0.0 0.959 0.0
литературой 0.001 2.0 0.002
запрещенных 0.0 1.699 0.0
прибегать 0.0 1.699 0.0
актуален 0.0 2.0 0.0
медузе 0.001 0.066 0.0
следить 0.0 1.0 0.0
учитывая 0.0 1.222 0.0
сказали 0.0 0.959 0.0
парней 0.0 2.0 0.0
железный 0.0 2.0 0.0
медузу 0.001 0.066 0.0
обработки 0.0 0.066 0.0
богач 0.0 2.0 0.0
вписка 0.0 2.0 0.0
стороны 0.002 0.432 0.001
массовой 0.0 0.097 0.0
точки 0.002 0.638 0.001
литература 0.001 1.222 0.001
ресурс 0.0 1.398 0.0
сложнее 0.001 0.921 0.001
хедлайнерами 0.0 2.0 0.0
телеграм-каналам 0.0 1.699 0.0
вперед 0.0 1.398 0.0
критик 0.001 1.699 0.002
всему 0.0 0.699 0.0
держится 0.0 1.155 0.0
сегмента 0.001 1.523 0.002
тоталитарные 0.0 1.699 0.0
хаски 0.0 2.0 0.0
участием 0.0 1.222 0.0
имена 0.0 2.0 0.0
сценарии 0.0 1.301 0.0
новым 0.0 0.796 0.0
электоральная 0.0 2.0 0.0
удар 0.0 0.886 0.0
давать 0.0 1.222 0.0
музыкой 0.0 2.0 0.0
иначе 0.0 0.745 0.0
странах 0.001 0.495 0.0
случиться 0.0 1.523 0.0
органов 0.0 1.222 0.0
свое 0.001 0.721 0.001
музыки 0.0 2.0 0.0
пространстве 0.001 1.523 0.002
оды 0.0 2.0 0.0
картин 0.001 2.0 0.002
реклама 0.001 0.066 0.0
делать 0.002 0.276 0.001
придут 0.001 1.523 0.002
местных 0.0 1.097 0.0
масштабу 0.0 2.0 0.0
плохо 0.001 0.569 0.001
нынешнего 0.0 2.0 0.0
массу 0.0 1.699 0.0
рынок 0.001 0.921 0.001
список 0.001 0.658 0.001
помните 0.0 1.301 0.0
серьезному 0.0 2.0 0.0
заблокирована 0.0 0.824 0.0
следующий 0.0 0.796 0.0
россии 0.008 0.119 0.001
инакомыслию 0.0 2.0 0.0
помогает 0.0 0.77 0.0
книжный 0.001 1.699 0.002
агента 0.001 0.097 0.0
нидерланды 0.0 1.398 0.0
вынуждены 0.001 1.097 0.001
предлагаю 0.0 2.0 0.0
бесплатный 0.0 2.0 0.0
умрет 0.0 2.0 0.0
сберу 0.0 2.0 0.0
пришествия 0.0 2.0 0.0
создатель 0.0 1.523 0.0
зарабатывать 0.0 2.0 0.0
mc 0.0 2.0 0.0
важном 0.0 1.699 0.0
системы 0.001 0.585 0.001
венесуэла 0.0 1.699 0.0
аст-эксмо 0.0 2.0 0.0
чреваты 0.0 2.0 0.0
значимость 0.0 2.0 0.0
neznanov 0.0 2.0 0.0
трудно 0.002 0.824 0.002
любых 0.0 1.046 0.0
старое 0.0 2.0 0.0
уровень 0.001 0.824 0.001
видимо 0.0 0.824 0.0
россией 0.0 0.824 0.0
вторжения 0.0 0.77 0.0
мир 0.0 0.553 0.0
бонд 0.0 2.0 0.0
стратегия 0.0 1.398 0.0
денег 0.002 0.886 0.002
труднее 0.0 0.721 0.0
последними 0.0 1.523 0.0
укрупнение 0.0 2.0 0.0
читателейнам 0.0 0.174 0.0
киноиндустрии 0.0 2.0 0.0
страны 0.002 0.444 0.001
сосредоточится 0.0 1.699 0.0
отказался 0.0 1.155 0.0
порядку 0.0 0.066 0.0
снимающих 0.0 2.0 0.0
искусством 0.0 2.0 0.0
вами 0.001 1.0 0.001
организовать 0.0 1.155 0.0
артистов 0.001 1.523 0.002
вход 0.0 1.523 0.0
рок 0.0 1.699 0.0
сложились 0.0 2.0 0.0
чье 0.0 2.0 0.0
фильмам 0.0 2.0 0.0
идеологическую 0.0 2.0 0.0
мрачные 0.0 2.0 0.0
российской 0.001 0.432 0.0
глуховский 0.001 2.0 0.002
русский 0.0 1.398 0.0
продано 0.0 2.0 0.0
петрова 0.0 2.0 0.0
импрессионизма 0.001 2.0 0.002
выпущенной 0.0 1.699 0.0
продлится 0.0 1.699 0.0
деньги 0.001 0.77 0.001
могут 0.003 0.187 0.001
день 0.002 0.328 0.001
культура 0.001 2.0 0.002
поддерживать 0.0 0.886 0.0
qr-кодов 0.0 1.301 0.0
конвергенции 0.0 2.0 0.0
довольно 0.0 0.523 0.0
работать 0.002 0.409 0.001
токсичные 0.0 2.0 0.0
шаг 0.001 1.046 0.001
слушатель 0.0 2.0 0.0
издавать 0.001 2.0 0.002
лояльными 0.0 2.0 0.0
украинском 0.0 1.398 0.0
замораживать 0.0 2.0 0.0
индустриальные 0.0 2.0 0.0
реальности 0.0 0.921 0.0
масса 0.0 2.0 0.0
каких-либо 0.0 1.398 0.0
терпения 0.0 2.0 0.0
творит 0.0 2.0 0.0
полгода 0.0 0.886 0.0
называем 0.0 1.523 0.0
мешает 0.0 1.222 0.0
неизвестно 0.0 0.77 0.0
период 0.001 0.796 0.001
нем 0.0 0.602 0.0
продержаться 0.0 1.699 0.0
рынка 0.001 1.097 0.001
лопатки 0.0 2.0 0.0
помимо 0.0 0.796 0.0
аморальности 0.0 2.0 0.0
географическими 0.0 2.0 0.0
каналы 0.0 1.301 0.0
русских 0.0 1.222 0.0
программы 0.0 1.046 0.0
роднянский 0.0 2.0 0.0
единственный 0.001 0.824 0.001
иностранным 0.0 0.097 0.0
самиздата 0.0 2.0 0.0
1920-ми 0.0 2.0 0.0
например 0.001 0.229 0.0
ограничениям 0.0 1.398 0.0
началась 0.0 0.678 0.0
положение 0.0 1.301 0.0
поглощениям 0.0 2.0 0.0
что-то 0.001 0.569 0.001
z-версии 0.0 2.0 0.0
мнению 0.0 0.638 0.0
общественного 0.0 1.155 0.0
пару 0.0 0.77 0.0
проект 0.0 1.046 0.0
финансировать 0.0 1.398 0.0
части 0.0 0.854 0.0
единичными 0.0 2.0 0.0
попадали 0.0 1.523 0.0
жизнь 0.001 0.538 0.001
телевизор 0.0 1.301 0.0
поддержите 0.0 0.102 0.0
критиковавшие 0.0 2.0 0.0
населения 0.0 0.658 0.0
думаю 0.001 0.721 0.001
зрения 0.002 0.602 0.001
поэтому 0.001 0.328 0.0
ближнему 0.001 2.0 0.002
развитии 0.0 1.398 0.0
фактической 0.0 2.0 0.0
монетизируются 0.0 2.0 0.0
телеграм-канал 0.0 1.699 0.0
никого 0.0 1.097 0.0
фильмов 0.002 2.0 0.004
году 0.001 0.367 0.0
стриминг 0.0 2.0 0.0
слушатели 0.0 2.0 0.0
братки 0.0 2.0 0.0
старыми 0.0 2.0 0.0
лет 0.001 0.252 0.0
проявлений 0.0 1.699 0.0
правило 0.001 1.097 0.001
недавние 0.0 1.398 0.0
перекрыты 0.0 2.0 0.0
вопрос 0.0 0.42 0.0
выкупам 0.0 2.0 0.0
свидетели 0.0 2.0 0.0
занавес 0.0 2.0 0.0
кровью 0.0 1.523 0.0
данные 0.0 0.066 0.0
экспертам 0.0 2.0 0.0
боролись 0.0 2.0 0.0
дают 0.001 0.721 0.001
окно 0.0 1.398 0.0
трушный 0.0 2.0 0.0
специально 0.0 0.959 0.0
зима 0.0 2.0 0.0
выживает 0.0 2.0 0.0
наши 0.001 0.721 0.001
продукт 0.0 1.398 0.0
литературе 0.0 1.222 0.0
нулевой 0.0 1.523 0.0
покупали 0.0 1.301 0.0
имени 0.0 0.796 0.0
новых 0.001 0.678 0.001
развлекательного 0.0 2.0 0.0
понятно 0.001 0.699 0.001
спецэффектов 0.0 2.0 0.0
перепрокат 0.0 2.0 0.0
целом 0.0 0.585 0.0
пой 0.0 2.0 0.0
зарубежными 0.0 1.398 0.0
платит 0.0 1.523 0.0
новые 0.001 0.602 0.001
злободневный 0.0 2.0 0.0
говорить 0.004 0.602 0.002
никто 0.0 0.523 0.0
авторам 0.001 2.0 0.002
инструменты 0.0 1.222 0.0
хотелось 0.0 1.155 0.0
причин 0.0 0.921 0.0
тысяч 0.0 0.337 0.0
начинающим 0.0 2.0 0.0
жесть 0.0 2.0 0.0
медиа 0.0 1.301 0.0
монополизации 0.0 2.0 0.0
скором 0.001 1.523 0.002
верим 0.0 2.0 0.0
власть 0.0 0.959 0.0
фестивалей 0.0 2.0 0.0
российскими 0.001 0.854 0.001
источник 0.001 0.174 0.0
лидерских 0.0 2.0 0.0
тоталитаризму 0.0 1.699 0.0
русской 0.0 1.222 0.0
хочу 0.001 0.137 0.0
умирала 0.0 2.0 0.0
масок 0.0 1.097 0.0
приходится 0.001 0.886 0.001
выступили 0.0 1.301 0.0
работу 0.0 0.658 0.0
присутствовать 0.0 2.0 0.0
эгоизм 0.0 2.0 0.0
dmitrii 0.0 2.0 0.0
авторов 0.001 1.046 0.001
публичной 0.0 1.301 0.0
остались 0.0 0.921 0.0
уволен 0.0 2.0 0.0
индустрия 0.002 2.0 0.004
пиратские 0.0 2.0 0.0
большие 0.0 0.796 0.0
правила 0.0 0.066 0.0
недавнего 0.0 1.398 0.0
конец 0.0 1.155 0.0
подтверждено 0.0 1.523 0.0
игроков 0.001 1.699 0.002
сказать 0.001 0.495 0.0
иллюстрирующее 0.0 2.0 0.0
изменит 0.0 1.398 0.0
двадцать 0.001 0.959 0.001
стол 0.0 1.398 0.0
кинга 0.001 1.699 0.002
уступчивости 0.0 2.0 0.0
© 0.0 0.0 0.0
финансирования 0.0 1.699 0.0
взлетели 0.0 2.0 0.0
карты 0.0 1.699 0.0
банков 0.0 1.523 0.0
литва 0.0 1.699 0.0
флагом 0.0 1.523 0.0
система 0.0 0.77 0.0
театральный 0.0 2.0 0.0
говорила 0.001 1.222 0.001
клип 0.0 1.398 0.0
увидим 0.0 1.222 0.0
тоталитарной 0.0 2.0 0.0
ребята 0.0 1.301 0.0
адресован 0.0 2.0 0.0
границу 0.0 1.097 0.0
журналистики 0.0 1.699 0.0
волкострелов 0.0 2.0 0.0
помощь 0.001 0.097 0.0
стримеры 0.0 2.0 0.0
читателей 0.0 0.658 0.0
войны 0.002 0.42 0.001
дел 0.001 1.046 0.001
отношению 0.0 1.398 0.0
навсегда 0.001 0.854 0.001
выставки 0.0 1.523 0.0
немедленно 0.0 1.155 0.0
соцсетями 0.0 2.0 0.0
николай 0.0 1.097 0.0
издательств 0.001 1.699 0.002
электронно 0.0 2.0 0.0
культурной 0.0 1.301 0.0
культурой 0.0 1.398 0.0
большая 0.0 0.77 0.0
pdf-файл 0.0 2.0 0.0
буду 0.001 1.046 0.001
шанс 0.0 1.0 0.0
выходят 0.001 1.155 0.001
оглашенный 0.0 2.0 0.0
устроен 0.0 2.0 0.0
категорический 0.0 2.0 0.0
музыкальной 0.0 2.0 0.0
альтруизм 0.0 2.0 0.0
выпустил 0.0 1.398 0.0
всем 0.001 0.252 0.0
картины 0.001 1.699 0.002
те 0.001 0.357 0.0
оно 0.0 0.444 0.0
тревожных 0.0 1.699 0.0
годами 0.0 1.523 0.0
соберу 0.001 2.0 0.002
происходит 0.002 0.387 0.001
ситуацией 0.0 1.301 0.0
пути 0.0 1.0 0.0
безусловно 0.0 1.222 0.0
музыкальные 0.001 2.0 0.002
появится 0.0 1.398 0.0
заинтересованы 0.0 1.699 0.0
собственные 0.0 1.046 0.0
ними 0.0 0.585 0.0
экранов 0.0 2.0 0.0
выставка 0.0 2.0 0.0
моему 0.0 1.222 0.0
музеи 0.0 1.699 0.0
долин 0.001 1.523 0.002
вернулись 0.0 1.523 0.0
развивалось 0.0 2.0 0.0
кто-то 0.001 0.602 0.001
является 0.0 0.745 0.0
проведение 0.0 1.155 0.0
польша 0.0 1.523 0.0
выгонят 0.0 2.0 0.0
антивоенного 0.0 1.398 0.0
бизнес-модели 0.001 2.0 0.002
показывать 0.002 0.066 0.0
аудитория 0.0 1.523 0.0
многим 0.0 1.097 0.0
twitter 0.0 0.0 0.0
означает 0.0 0.62 0.0
платформы 0.001 0.066 0.0
наверное 0.001 0.921 0.001
запрета 0.0 1.398 0.0
искоренением 0.0 2.0 0.0
воля 0.0 2.0 0.0
международных 0.0 1.097 0.0
финансовой 0.0 2.0 0.0
которые 0.007 0.119 0.001
участие 0.0 0.959 0.0
кинотеатров 0.001 1.699 0.002
ранее 0.0 0.62 0.0
meduza 0.001 0.0 0.0
какого-либо 0.0 2.0 0.0
говорю 0.0 0.959 0.0
просить 0.0 2.0 0.0
международной 0.0 1.046 0.0
вспомнить 0.001 1.398 0.001
программу 0.0 1.155 0.0
захотят 0.0 1.699 0.0
закончиться 0.0 1.097 0.0
театром 0.0 2.0 0.0
мыслей 0.0 1.699 0.0
телевидением 0.0 2.0 0.0
внимание 0.0 0.658 0.0
театра 0.001 1.398 0.001
попросту 0.0 1.301 0.0
бизнеса 0.0 1.222 0.0
лиц 0.0 1.699 0.0
эксплуатацию 0.0 2.0 0.0
извлекать 0.0 1.699 0.0
вещи 0.0 0.796 0.0
альтернативного 0.001 2.0 0.002
из-за 0.0 0.229 0.0
собрать 0.0 1.398 0.0
русского 0.001 1.523 0.002
развивались 0.0 2.0 0.0
географических 0.0 2.0 0.0
издательства 0.001 1.699 0.002
использованием 0.0 1.301 0.0
цензуру 0.0 2.0 0.0
надежде 0.0 1.699 0.0
независимого 0.0 1.046 0.0
ядро 0.0 2.0 0.0
какая-то 0.001 0.959 0.001
значит 0.001 0.444 0.0
проведения 0.0 1.301 0.0
читать 0.001 0.854 0.001
считают 0.0 0.721 0.0
гифки 0.0 0.066 0.0
санкций 0.0 0.745 0.0
людей 0.001 0.161 0.0
годов 0.0 1.0 0.0
пережить 0.0 1.398 0.0
кроме 0.001 0.387 0.0
музыкантов 0.0 2.0 0.0
перспективе 0.0 1.699 0.0
главных 0.0 0.678 0.0
фонды 0.0 1.398 0.0
цензурный 0.0 2.0 0.0
списки 0.0 1.301 0.0
приведет 0.001 1.097 0.001
территории 0.002 0.796 0.002
нынешняя 0.001 1.398 0.001
развлекательную 0.0 1.699 0.0
коммерческого 0.0 1.523 0.0
годом 0.0 1.398 0.0
задолго 0.0 1.523 0.0
ездить 0.0 1.301 0.0
займется 0.0 2.0 0.0
телевизионные 0.0 2.0 0.0
который 0.003 0.194 0.001
предсказать 0.0 1.301 0.0
анонимно 0.0 0.066 0.0
второй 0.001 0.42 0.0
дистанции 0.0 2.0 0.0
зарубежных 0.001 1.155 0.001
привыкли 0.0 1.398 0.0
ваша 0.001 0.102 0.0
выложил 0.0 1.699 0.0
сотрудничестве 0.0 1.222 0.0
куки 0.0 0.066 0.0
звезд 0.0 1.699 0.0
украинским 0.0 1.155 0.0
использование 0.0 0.066 0.0
европа 0.0 0.886 0.0
лучшему 0.0 1.699 0.0
сроки 0.0 1.398 0.0
года 0.001 0.167 0.0
книгой 0.0 2.0 0.0
en 0.0 0.066 0.0
давлению 0.0 1.699 0.0
22-м 0.001 2.0 0.002
готовый 0.0 2.0 0.0
эпохи 0.001 1.699 0.002
введется 0.0 2.0 0.0
насколько 0.002 0.42 0.001
ближний 0.0 2.0 0.0
придется 0.0 0.854 0.0
сказочке 0.0 2.0 0.0
будут 0.009 0.301 0.003
проекты 0.001 1.398 0.001
надолго 0.0 1.222 0.0
некой 0.0 2.0 0.0
кого-то 0.0 1.097 0.0
свой 0.001 0.585 0.001
пришли 0.002 0.921 0.002
немало 0.0 1.398 0.0
по-другому 0.001 1.155 0.001
полностью 0.0 0.538 0.0
раза 0.0 0.602 0.0
продолжили 0.0 1.699 0.0
брала 0.0 2.0 0.0
прошлое 0.0 1.398 0.0
авторские 0.0 2.0 0.0
зародится 0.0 2.0 0.0
вообще 0.001 0.066 0.0
выставляли 0.0 2.0 0.0
состояние 0.0 0.921 0.0
оборудования 0.0 1.301 0.0
явные 0.0 1.398 0.0
концерта 0.0 1.523 0.0
конкретики 0.0 2.0 0.0
представляющий 0.0 2.0 0.0
степени 0.0 0.721 0.0
европейские 0.0 1.222 0.0
государственной 0.001 1.046 0.001
новая 0.0 0.678 0.0
дорогое 0.0 1.699 0.0
помочь 0.001 0.131 0.0
поставот 0.0 2.0 0.0
скорее 0.001 0.509 0.001
людьми 0.0 0.745 0.0
законсервируется 0.0 2.0 0.0
концертную 0.0 2.0 0.0
гумуса 0.0 2.0 0.0
продолжаем 0.0 0.699 0.0
стендап-комик 0.0 2.0 0.0
лично 0.0 0.959 0.0
зачастую 0.0 1.523 0.0
худшем 0.0 1.699 0.0
пределами 0.001 1.097 0.001
кино 0.007 1.523 0.011
выходит 0.001 0.959 0.001
believe 0.0 1.046 0.0
отчисления 0.0 2.0 0.0
примеру 0.001 1.222 0.001
тиражом 0.0 1.699 0.0
совиное 0.0 2.0 0.0
управление 0.0 1.097 0.0
контента 0.0 1.523 0.0
практике 0.0 1.0 0.0
случаи 0.0 0.721 0.0
следит 0.001 1.398 0.001
мнения 0.001 1.222 0.001
осела 0.0 2.0 0.0
свои 0.002 0.481 0.001
сми 0.0 0.602 0.0
выступления 0.0 1.046 0.0
которое 0.002 0.337 0.001
жизни 0.001 0.432 0.0
материнской 0.0 1.523 0.0
новостиисторииразборшапитокоронавирусмагаз 0.0 0.066 0.0
уходы 0.0 2.0 0.0
десять 0.0 0.824 0.0
репрессии 0.0 1.222 0.0
поглотила 0.0 2.0 0.0
существование 0.0 1.155 0.0
либо 0.003 0.569 0.002
ограничений 0.0 0.824 0.0
удовольствие 0.0 1.523 0.0
которая 0.002 0.301 0.001
описать 0.0 1.301 0.0
издательствами 0.001 2.0 0.002
музыкант 0.0 1.699 0.0
новое 0.0 1.523 0.0
писатель 0.0 1.699 0.0
лейблов 0.0 2.0 0.0
социальной 0.0 1.222 0.0
маленькие 0.0 1.301 0.0
фестивале 0.0 2.0 0.0
важных 0.001 1.097 0.001
сцены 0.0 1.699 0.0
выполняющим 0.001 0.097 0.0
возможно 0.001 0.398 0.0
остановится 0.0 1.523 0.0
опубликоваться 0.0 2.0 0.0
ошибку 0.0 0.066 0.0
poslavskii 0.0 2.0 0.0
происходило 0.0 1.155 0.0
платить 0.0 1.398 0.0
семимильными 0.0 2.0 0.0
культуры 0.001 1.046 0.001
дал 0.0 1.222 0.0
компании 0.001 0.523 0.001
проблемы 0.0 0.62 0.0
прекращение 0.0 1.699 0.0
общается 0.0 2.0 0.0
релизы 0.0 2.0 0.0
сотрудничества 0.0 1.301 0.0
времена 0.0 1.155 0.0
объявили 0.0 0.921 0.0
скажется 0.0 1.523 0.0
государством 0.0 1.398 0.0
требует 0.0 0.824 0.0
стран 0.001 0.469 0.0
считать 0.0 0.854 0.0
компенсируются 0.0 2.0 0.0
идет 0.0 0.367 0.0
делал 0.0 1.222 0.0
зависеть 0.0 1.155 0.0
сможет 0.0 0.721 0.0
материал 0.0 0.086 0.0
большой 0.0 0.569 0.0
показы 0.0 2.0 0.0
строили 0.0 1.398 0.0
таким 0.0 0.658 0.0
пытался 0.0 1.301 0.0
цензуры 0.002 1.699 0.003
российская 0.0 0.658 0.0
театре 0.0 2.0 0.0
опустеют 0.0 2.0 0.0
спотифай 0.0 2.0 0.0
менять 0.0 1.301 0.0
издаваться 0.001 2.0 0.002
остального 0.0 1.301 0.0
транснациональная 0.0 2.0 0.0
залы 0.0 2.0 0.0
работы 0.001 0.553 0.001
шагами 0.0 1.699 0.0
интерес 0.0 1.301 0.0
гранты 0.0 2.0 0.0
ic3peak 0.0 2.0 0.0
яндекс 0.0 2.0 0.0
появляться 0.0 1.222 0.0
маркетинговые 0.0 2.0 0.0
широкой 0.0 1.398 0.0
комиссия 0.0 1.523 0.0
интересно 0.0 1.398 0.0
уходит 0.0 1.0 0.0
снова 0.0 0.678 0.0
взаимодействие 0.0 1.523 0.0
редькин 0.0 2.0 0.0
главную 0.0 1.523 0.0
больших 0.0 1.097 0.0
кинематограф 0.002 2.0 0.004
политические 0.0 1.155 0.0
стране 0.002 0.523 0.001
отменой 0.0 1.699 0.0
отношений 0.0 1.222 0.0
произвольно 0.0 2.0 0.0
собрали 0.0 1.222 0.0
патреона 0.0 2.0 0.0
тебе 0.0 1.155 0.0
люди 0.002 0.276 0.001
совместную 0.0 1.699 0.0
посмотрим 0.0 1.398 0.0
гуляет 0.0 2.0 0.0
ожидать 0.0 1.097 0.0
приедут 0.0 1.523 0.0
увы 0.0 1.097 0.0
государственными 0.0 1.699 0.0
часть 0.001 0.456 0.0
модными 0.0 2.0 0.0
западная 0.0 1.523 0.0
делаем 0.0 1.523 0.0
возможности 0.001 0.77 0.001
образом 0.0 0.602 0.0
изоляция 0.001 2.0 0.002
инстаграм 0.0 0.066 0.0
нашествие 0.0 2.0 0.0
активности 0.0 1.301 0.0
важным 0.0 1.097 0.0
вопросы 0.0 0.481 0.0
подпольное 0.0 2.0 0.0
означать 0.0 1.523 0.0
ситуация 0.003 0.569 0.002
невыгодным 0.0 2.0 0.0
публиковать 0.0 1.155 0.0
легко 0.0 0.824 0.0
ипостасях 0.0 2.0 0.0
кинотеатры 0.001 2.0 0.002
музыканты 0.001 1.398 0.001
отвлечься 0.0 2.0 0.0
это 0.02 0.066 0.001
варианты 0.0 1.097 0.0
которому 0.0 1.0 0.0
другое 0.0 0.886 0.0
достижения 0.0 1.398 0.0
дело 0.001 0.509 0.001
непонятно 0.001 0.921 0.001
артистам 0.0 2.0 0.0
эксплуатации 0.0 1.699 0.0
лучшие 0.0 1.398 0.0
работаем 0.001 0.161 0.0
двух 0.0 0.377 0.0
скукожится 0.0 2.0 0.0
индустрии 0.001 1.222 0.001
рухнула 0.0 1.699 0.0
уезжают 0.0 2.0 0.0
большого 0.0 1.155 0.0
новой 0.001 0.585 0.001
музыке 0.0 2.0 0.0
запреты 0.001 1.523 0.002
котором 0.0 0.495 0.0
некоторые 0.0 0.469 0.0
интернете 0.0 1.301 0.0
очевидно 0.0 0.959 0.0
english 0.0 0.06 0.0
бумажку 0.001 2.0 0.002
платную 0.0 2.0 0.0
перекрыли 0.0 1.699 0.0
приостановили 0.0 2.0 0.0
комитет 0.0 1.222 0.0
поддержка 0.0 0.167 0.0
заработаю 0.0 2.0 0.0
средних 0.0 1.523 0.0
такого 0.0 0.509 0.0
некое 0.0 2.0 0.0
спектакли 0.0 1.699 0.0
зрителям 0.0 1.699 0.0
события 0.001 0.745 0.001
отменил 0.0 1.699 0.0
годы 0.001 0.745 0.001
обнулятся 0.0 2.0 0.0
сделал 0.001 0.854 0.001
поддерживали 0.0 1.523 0.0
времени 0.001 0.523 0.001
отразились 0.0 1.699 0.0
разнесет 0.0 2.0 0.0
поэзия 0.0 2.0 0.0
гораздо 0.0 0.699 0.0
соответственно 0.001 0.921 0.001
романс 0.0 2.0 0.0
цензурным 0.0 2.0 0.0
попросила 0.0 1.301 0.0
небольшая 0.0 1.523 0.0
считает 0.0 0.678 0.0
посетители 0.0 1.699 0.0
знаю 0.002 0.721 0.001
продаж 0.0 1.699 0.0
поскольку 0.0 0.678 0.0
собой 0.0 0.62 0.0
ухищрениям 0.0 2.0 0.0
facebook 0.0 0.0 0.0
устоят 0.0 2.0 0.0
менее 0.0 0.432 0.0
книги 0.001 1.097 0.001
издаваемым 0.0 2.0 0.0
выйти 0.0 1.0 0.0
онлайн 0.002 0.959 0.002
худрук 0.0 2.0 0.0
останется 0.0 1.155 0.0
живой 0.0 1.0 0.0
авторы 0.002 0.921 0.002
контролировать 0.0 1.301 0.0
принятия 0.0 1.155 0.0
подписывать 0.0 1.155 0.0
прослушиваний 0.0 2.0 0.0
представить 0.001 0.959 0.001
связано 0.0 0.854 0.0
богатейшие 0.0 2.0 0.0
каждого 0.0 0.678 0.0
обе 0.0 1.097 0.0
исполнителей 0.0 1.523 0.0
общественной 0.0 1.398 0.0
кинг 0.001 2.0 0.002
персональные 0.0 0.066 0.0
такое 0.001 0.347 0.0
станут 0.0 1.046 0.0
уезжать 0.0 1.222 0.0
последнее 0.0 1.097 0.0
активно 0.0 0.77 0.0
прошли 0.0 0.796 0.0
германия 0.0 1.046 0.0
основная 0.0 1.046 0.0
перестанут 0.0 1.301 0.0
фоне 0.0 0.796 0.0
каталог 0.0 2.0 0.0
частного 0.0 1.699 0.0
музею 0.0 2.0 0.0
счет 0.0 0.824 0.0
заставляет 0.0 1.398 0.0
масштабными 0.0 2.0 0.0
сервисы 0.001 1.699 0.002
присутствия 0.0 1.699 0.0
эта 0.0 0.367 0.0
которых 0.001 0.237 0.0
биеннале 0.0 2.0 0.0
восхищались 0.0 1.699 0.0
невозможно 0.0 0.602 0.0
приходила 0.0 1.523 0.0
украине 0.001 0.444 0.0
однако 0.001 0.337 0.0
цене 0.0 1.398 0.0
сообщение 0.0 0.102 0.0
сделать 0.0 0.357 0.0
