числа 0.001 0.745 0.001
компонентов 0.001 1.301 0.001
редакции 0.002 0.066 0.0
гемостазу 0.001 1.699 0.002
список 0.001 0.658 0.001
баннерам 0.001 0.066 0.0
действительно 0.001 0.377 0.0
какое-нибудь 0.001 1.699 0.002
нарушается 0.001 1.523 0.002
гифки 0.001 0.066 0.0
зависит 0.001 0.638 0.001
агента 0.002 0.097 0.0
людей 0.007 0.161 0.001
пять 0.002 0.509 0.001
кроме 0.001 0.387 0.0
конечностей 0.001 2.0 0.002
курить 0.001 2.0 0.002
ковиде 0.008 1.155 0.009
врачом 0.002 1.301 0.003
меньшего 0.001 2.0 0.002
материала 0.001 1.301 0.001
применять 0.001 1.097 0.001
тромбофилией 0.001 2.0 0.002
in 0.001 0.0 0.0
предрасполагающих 0.001 2.0 0.002
проводят 0.001 1.0 0.001
госпитализированные 0.001 2.0 0.002
бывают 0.001 1.155 0.001
влияющих 0.001 1.699 0.002
единственным 0.001 1.398 0.001
госпитализация 0.002 1.398 0.003
держать 0.001 1.155 0.001
тромбов 0.012 1.699 0.02
системы 0.001 0.585 0.001
мужчин 0.001 1.222 0.001
таких 0.001 0.347 0.0
увеличить 0.001 1.301 0.001
минздрав 0.002 0.824 0.002
проверяться 0.001 2.0 0.002
правда 0.003 0.509 0.002
риск 0.007 0.538 0.004
специалистов 0.001 1.523 0.002
собирающим 0.001 2.0 0.002
анонимно 0.001 0.066 0.0
конца 0.001 0.77 0.001
терапию 0.001 1.398 0.001
вызвать 0.001 1.155 0.001
уровень 0.005 0.824 0.004
просто 0.003 0.194 0.001
рисков 0.001 0.959 0.001
индексом 0.001 2.0 0.002
соли 0.001 2.0 0.002
информацию 0.001 0.62 0.001
ваша 0.002 0.102 0.0
профиль 0.001 1.699 0.002
чаще 0.001 0.602 0.001
тромбы 0.008 1.398 0.011
никакие 0.001 1.301 0.001
каким-то 0.001 1.046 0.001
самочувствием 0.001 2.0 0.002
способствует 0.001 1.222 0.001
заболевания 0.001 0.62 0.001
читателейнам 0.001 0.174 0.0
куки 0.001 0.066 0.0
кровоток 0.001 2.0 0.002
повод 0.001 1.301 0.001
заболевание 0.001 0.854 0.001
нежелательные 0.002 1.155 0.002
недавно 0.001 0.62 0.001
ноября 0.001 0.745 0.001
кровотечения 0.001 2.0 0.002
позиция 0.001 1.0 0.001
использование 0.001 0.066 0.0
осложнение 0.001 1.699 0.002
консультаций 0.001 2.0 0.002
порядку 0.001 0.066 0.0
карточек 0.001 0.62 0.001
поражению 0.001 1.523 0.002
учесть 0.001 1.523 0.002
периодически 0.002 1.046 0.002
года 0.001 0.167 0.0
фотографии 0.001 0.638 0.001
en 0.001 0.066 0.0
заболеваниями 0.001 1.155 0.001
вен 0.006 1.699 0.01
назначить 0.001 1.699 0.002
необходимо 0.001 0.585 0.001
массы 0.001 1.301 0.001
компьютерную 0.001 1.398 0.001
проверять 0.001 1.097 0.001
ухудшилось 0.001 2.0 0.002
пациентов 0.002 0.796 0.002
нужен 0.001 1.222 0.001
здоровье 0.001 1.155 0.001
сожалению 0.003 0.569 0.002
распространено 0.001 0.102 0.0
свертываемости 0.001 2.0 0.002
уверенности 0.001 1.301 0.001
онкологические 0.001 2.0 0.002
провести 0.001 0.745 0.001
сколько 0.001 0.585 0.001
причинам 0.001 0.959 0.001
повышенного 0.001 2.0 0.002
крайнем 0.001 1.699 0.002
определенных 0.001 1.398 0.001
исследованияпоказывают 0.001 2.0 0.002
насколько 0.001 0.42 0.0
ios 0.001 0.066 0.0
опасно 0.001 0.921 0.001
будут 0.001 0.301 0.0
человека 0.003 0.328 0.001
описаны 0.001 1.046 0.001
вне 0.002 0.886 0.002
возраста 0.001 0.886 0.001
активной 0.001 1.699 0.002
несколько 0.001 0.201 0.0
активным 0.001 1.398 0.001
cc 0.001 1.046 0.001
считается 0.001 0.959 0.001
могут 0.008 0.187 0.001
любом 0.002 0.854 0.002
яиц 0.001 2.0 0.002
нуждающемуся 0.001 2.0 0.002
частности 0.002 0.678 0.001
медузы 0.001 0.268 0.0
призвал 0.001 1.155 0.001
этих 0.003 0.337 0.001
коронавируса 0.001 0.509 0.001
пока 0.001 0.208 0.0
долго 0.001 0.745 0.001
проблемам 0.001 2.0 0.002
профилактике 0.001 1.046 0.001
найти 0.001 0.602 0.001
артериальное 0.001 2.0 0.002
полный 0.001 0.77 0.001
кровохарканье 0.001 2.0 0.002
тромбами 0.001 2.0 0.002
вообще 0.001 0.066 0.0
первую 0.001 0.638 0.001
поймать 0.001 1.699 0.002
ампутация 0.001 2.0 0.002
состояние 0.001 0.921 0.001
что-нибудь 0.002 1.398 0.003
изменяется 0.001 1.523 0.002
симптомами 0.001 1.523 0.002
реакции 0.002 0.854 0.002
инфаркту 0.001 2.0 0.002
успокоиться 0.002 1.699 0.003
аптеках 0.001 2.0 0.002
приводить 0.001 1.222 0.001
мочи 0.001 1.699 0.002
аргумент 0.001 1.301 0.001
эмболии 0.002 2.0 0.004
слишком 0.001 0.553 0.001
решила 0.001 1.0 0.001
дозу 0.001 1.222 0.001
своем 0.001 0.745 0.001
нормально 0.001 1.097 0.001
нашли 0.001 0.066 0.0
связи 0.001 0.0 0.0
видят 0.001 1.301 0.001
назначения 0.001 1.097 0.001
нем 0.001 0.602 0.001
медуза 0.004 0.066 0.0
лежат 0.001 1.222 0.001
выходом 0.001 1.699 0.002
нам 0.001 0.086 0.0
помочь 0.002 0.131 0.0
больницах 0.003 1.523 0.005
мало 0.001 0.538 0.001
направлены 0.001 1.222 0.001
by 0.001 0.658 0.001
упустить 0.001 2.0 0.002
зависимости 0.005 0.796 0.004
редакция 0.001 1.046 0.001
образованию 0.003 1.398 0.004
юридическим 0.001 0.102 0.0
развиться 0.001 1.699 0.002
агрессивную 0.001 2.0 0.002
материалам 0.001 0.066 0.0
привести 0.002 1.0 0.002
уровнем 0.001 1.046 0.001
срочно 0.001 0.167 0.0
баланс 0.001 1.699 0.002
неправильно 0.001 1.398 0.001
глубоких 0.005 1.699 0.008
хотим 0.002 0.921 0.002
меньше 0.002 0.444 0.001
случае 0.003 0.357 0.001
развития 0.003 0.886 0.003
гепарин 0.002 1.699 0.003
образования 0.002 1.301 0.003
принимает 0.002 1.046 0.002
само 0.001 0.921 0.001
факторов 0.001 1.097 0.001
двигается 0.001 2.0 0.002
сердечно-сосудистых 0.001 2.0 0.002
иностранным 0.001 0.097 0.0
предотвратить 0.002 1.0 0.002
вытащить 0.001 1.699 0.002
осложнений 0.001 1.155 0.001
нужно 0.012 0.237 0.003
индивидуального 0.001 2.0 0.002
делают 0.004 0.745 0.003
commons 0.001 1.0 0.001
например 0.004 0.229 0.001
пропустить 0.002 1.699 0.003
кстати 0.003 0.886 0.003
липидный 0.001 2.0 0.002
мнения 0.001 1.222 0.001
коронавирусом 0.001 0.699 0.001
решение 0.001 0.509 0.001
конечности 0.001 1.699 0.002
сдавать 0.002 1.699 0.003
жизни 0.003 0.432 0.001
инфарктом 0.001 2.0 0.002
пригодиться 0.001 2.0 0.002
ctrl+enter 0.001 0.066 0.0
мнению 0.001 0.638 0.001
безопасно 0.001 0.066 0.0
новостиисторииразборшапитокоронавирусмагаз 0.001 0.066 0.0
обычно 0.004 0.523 0.002
миокарда 0.002 2.0 0.004
агрегаторам 0.001 2.0 0.002
youtube 0.001 0.06 0.0
направленную 0.001 2.0 0.002
должны 0.001 0.432 0.0
единого 0.001 1.523 0.002
либо 0.002 0.569 0.001
гору 0.001 2.0 0.002
создано 0.001 0.097 0.0
нижних 0.001 1.699 0.002
врачи 0.004 0.886 0.004
группы 0.003 0.62 0.002
рекомендациях 0.003 1.0 0.003
поддержите 0.001 0.102 0.0
во-вторых 0.001 0.854 0.001
случилось 0.002 0.658 0.001
подкожно 0.001 2.0 0.002
врачу 0.003 1.222 0.004
достаточно 0.001 0.444 0.0
любые 0.001 0.854 0.001
груди 0.001 1.222 0.001
противопоказаний 0.001 1.301 0.001
пациенты 0.001 1.301 0.001
выписки 0.003 1.699 0.005
поэтому 0.003 0.328 0.001
неподвижных 0.001 2.0 0.002
средством 0.001 0.102 0.0
подозрительные 0.001 2.0 0.002
выполняющим 0.002 0.097 0.0
лекарствами 0.001 1.398 0.001
возможно 0.001 0.398 0.0
ошибку 0.001 0.066 0.0
узнает 0.001 1.301 0.001
сердечно-сосудистыми 0.001 2.0 0.002
пора 0.001 1.398 0.001
основным 0.001 1.222 0.001
материалы 0.001 0.824 0.001
правильно 0.001 0.824 0.001
лет 0.006 0.252 0.002
приводит 0.001 0.824 0.001
распространения 0.001 0.678 0.001
детской 0.001 1.222 0.001
предсказывали 0.001 2.0 0.002
искать 0.001 0.854 0.001
специальные 0.001 1.523 0.002
поразил 0.001 2.0 0.002
рекомендациям 0.001 1.398 0.001
говорят 0.002 0.432 0.001
сосуды 0.003 2.0 0.006
измерять 0.001 1.699 0.002
проверок 0.001 1.699 0.002
проблемы 0.002 0.62 0.001
apple 0.001 1.523 0.002
ожирением 0.001 1.699 0.002
creative 0.001 0.921 0.001
проблем 0.002 0.796 0.002
взаимодействия 0.001 1.523 0.002
благодарит 0.001 1.301 0.001
препаратов 0.001 1.0 0.001
легкая 0.002 1.699 0.003
редких 0.002 1.155 0.002
ответы 0.001 1.0 0.001
изнутри 0.001 2.0 0.002
данные 0.001 0.066 0.0
сердечно-сосудистой 0.001 1.699 0.002
россияне 0.001 0.678 0.001
специально 0.001 0.959 0.001
разбор 0.001 0.387 0.0
двигаться 0.001 1.222 0.001
ишемической 0.001 2.0 0.002
низкомолекулярный 0.001 1.699 0.002
нажмите 0.001 0.066 0.0
литературе 0.001 1.222 0.001
случаев 0.001 0.658 0.001
обследования 0.003 1.699 0.005
анализов 0.001 1.699 0.002
словами 0.001 0.824 0.001
важные 0.001 0.854 0.001
некоторых 0.001 0.523 0.001
тромбоз 0.003 2.0 0.006
российских 0.004 0.337 0.001
числе 0.003 0.31 0.001
пользы 0.001 1.523 0.002
иностранного 0.002 0.102 0.0
омегу-3 0.001 2.0 0.002
человек 0.003 0.215 0.001
антикоагулянтов 0.003 1.699 0.005
госпитализации 0.001 0.886 0.001
материал 0.001 0.086 0.0
здоровья 0.002 0.959 0.002
понятно 0.001 0.699 0.001
симптомов 0.001 0.886 0.001
обратиться 0.002 1.046 0.002
сахара 0.001 1.699 0.002
целом 0.001 0.585 0.001
исследований 0.001 0.585 0.001
травма 0.001 1.523 0.002
полезно 0.003 1.699 0.005
– 0.001 0.06 0.0
чекап 0.001 2.0 0.002
тромбозом 0.001 2.0 0.002
время 0.001 0.102 0.0
ковида 0.007 0.444 0.003
пациентам 0.003 1.301 0.004
нами 0.001 0.066 0.0
городской 0.001 1.523 0.002
анализ 0.003 0.921 0.003
старшего 0.001 1.523 0.002
единичныепациенты 0.001 2.0 0.002
возникли 0.001 2.0 0.002
выбирать 0.001 1.398 0.001
стоит 0.002 0.509 0.001
рекламаmeduza 0.001 0.066 0.0
решить 0.001 1.097 0.001
боль 0.001 0.959 0.001
рационом 0.001 2.0 0.002
принимать 0.001 0.721 0.001
сильнее 0.001 0.959 0.001
рекомендуется 0.001 1.046 0.001
лицом 0.001 0.102 0.0
лечении 0.001 1.301 0.001
функции 0.002 0.097 0.0
массивно 0.001 2.0 0.002
заботиться 0.001 1.699 0.002
четырех 0.001 1.046 0.001
инсульту 0.001 2.0 0.002
покраснела 0.001 2.0 0.002
ампутировать 0.001 1.523 0.002
операцию 0.001 1.699 0.002
известно 0.001 0.481 0.0
женщинам 0.001 2.0 0.002
надежно 0.001 1.222 0.001
пишут 0.002 0.77 0.002
другими 0.002 0.495 0.001
поликлинике 0.001 1.523 0.002
заболевании 0.001 1.222 0.001
холестерина 0.001 2.0 0.002
госпитализированных 0.002 1.398 0.003
перейти 0.001 0.066 0.0
поддержать 0.001 0.066 0.0
внутривенно 0.001 1.699 0.002
напомнить 0.002 1.097 0.002
d-димера 0.003 2.0 0.006
какие-то 0.005 0.538 0.003
алкоголя 0.001 1.699 0.002
кодекс 0.001 0.066 0.0
перепечатать 0.001 1.097 0.001
проходить 0.003 1.155 0.003
хочу 0.001 0.137 0.0
кому 0.001 0.824 0.001
также 0.003 0.237 0.001
уровня 0.002 0.959 0.002
техасской 0.001 2.0 0.002
ковид 0.002 0.796 0.002
отекла 0.001 2.0 0.002
ощупь 0.001 2.0 0.002
покупать 0.001 1.097 0.001
нарушает 0.001 1.523 0.002
диабета 0.001 2.0 0.002
давление 0.001 1.0 0.001
поможет 0.001 0.854 0.001
вовремя 0.001 1.398 0.001
тромб 0.004 2.0 0.008
люди 0.001 0.276 0.0
очередь 0.001 0.62 0.001
данное 0.001 0.097 0.0
операция 0.001 1.301 0.001
вадима 0.001 1.699 0.002
гангрене 0.001 2.0 0.002
важнее 0.001 1.301 0.001
ожирение 0.001 1.523 0.002
правила 0.001 0.066 0.0
кровотечение 0.001 2.0 0.002
повышен 0.001 1.523 0.002
разное 0.001 1.222 0.001
использовать 0.001 0.585 0.001
резко 0.001 0.854 0.001
сахарного 0.001 2.0 0.002
эмболией 0.001 2.0 0.002
вконтакте 0.001 0.066 0.0
сказать 0.002 0.495 0.001
сосуд 0.001 2.0 0.002
live 0.001 0.022 0.0
лицензии 0.001 1.0 0.001
госпитализированным 0.001 1.699 0.002
часто 0.002 0.456 0.001
далеко 0.001 0.745 0.001
форме 0.001 0.886 0.001
выстилающая 0.001 2.0 0.002
отделении 0.001 2.0 0.002
некоторым 0.001 1.222 0.001
лекарства 0.001 0.854 0.001
блог 0.001 0.066 0.0
инстаграм 0.001 0.066 0.0
© 0.001 0.0 0.0
вызывают 0.001 1.301 0.001
вопросы 0.001 0.481 0.0
проблема 0.001 0.721 0.001
диспансеризации 0.002 2.0 0.004
выделите 0.001 0.066 0.0
показатели 0.001 1.0 0.001
тела 0.001 1.0 0.001
специалисты 0.002 1.097 0.002
врач 0.001 1.046 0.001
использования 0.001 0.921 0.001
meduzacare 0.001 0.066 0.0
жидкости 0.001 1.699 0.002
против 0.002 0.229 0.0
повышается 0.001 1.301 0.001
оценить 0.001 0.796 0.001
саркисян 0.001 0.959 0.001
регулярных 0.001 2.0 0.002
повреждается 0.001 2.0 0.002
болезнью 0.001 1.523 0.002
кнопка 0.001 0.066 0.0
проходит 0.001 1.0 0.001
показывают 0.001 1.097 0.001
дарья 0.001 0.959 0.001
имевших 0.001 2.0 0.002
нужны 0.001 0.745 0.001
вечерняя 0.001 0.066 0.0
риска 0.005 0.699 0.003
во-первых 0.001 0.796 0.001
это 0.016 0.066 0.001
другие 0.002 0.268 0.001
закупоркой 0.001 2.0 0.002
поддержки 0.001 0.066 0.0
рекомендуются 0.001 2.0 0.002
помощь 0.002 0.097 0.0
нефракционированный 0.001 2.0 0.002
самолечением 0.001 2.0 0.002
сужаются 0.001 2.0 0.002
работаем 0.001 0.161 0.0
предположительно 0.001 1.301 0.001
распространенному 0.001 2.0 0.002
своим 0.001 0.658 0.001
двух 0.001 0.377 0.0
такая 0.001 0.553 0.001
больнице 0.001 0.886 0.001
развитие 0.001 1.155 0.001
снизить 0.002 1.301 0.003
событий 0.001 0.921 0.001
минимум 0.001 0.796 0.001
поражаются 0.001 2.0 0.002
некоторые 0.002 0.469 0.001
24/7 0.001 0.102 0.0
android 0.001 0.066 0.0
нога 0.001 2.0 0.002
english 0.001 0.06 0.0
научной 0.001 1.046 0.001
отметить 0.001 1.097 0.001
особенно 0.001 0.553 0.001
теплая 0.001 1.699 0.002
атеросклероза 0.001 2.0 0.002
поддержка 0.001 0.167 0.0
нужна 0.005 0.092 0.0
действовать 0.001 1.0 0.001
костоусова 0.001 2.0 0.002
вокруг 0.001 0.721 0.001
watch 0.001 1.523 0.002
ажиотажем 0.001 2.0 0.002
можете 0.001 0.699 0.001
ногу 0.001 1.301 0.001
тромбоцитопении 0.001 1.523 0.002
индивидуальных 0.001 1.699 0.002
случаях 0.004 0.658 0.003
тестов 0.001 1.155 0.001
возник 0.002 1.155 0.002
всем 0.005 0.252 0.001
дома 0.001 0.638 0.001
повышенным 0.001 1.699 0.002
те 0.001 0.357 0.0
наблюдать 0.001 1.301 0.001
требования 0.001 0.066 0.0
связаться 0.001 0.066 0.0
лежит 0.001 1.155 0.001
крови 0.005 0.959 0.005
томографию 0.001 1.398 0.001
госпитализированный 0.001 2.0 0.002
информации 0.001 0.102 0.0
одышка 0.001 1.398 0.001
советуют 0.001 1.398 0.001
лицензия 0.001 1.097 0.001
лечат 0.001 1.523 0.002
антикоагулянт 0.001 2.0 0.002
тяжелой 0.002 0.959 0.002
соответственно 0.001 0.921 0.001
болит 0.001 1.398 0.001
важно 0.002 0.509 0.001
проникнуть 0.001 1.398 0.001
определению 0.001 1.699 0.002
появиться 0.001 1.097 0.001
экг 0.001 2.0 0.002
продолжают 0.001 1.097 0.001
больницы 0.001 0.77 0.001
регулярно 0.001 1.0 0.001
борются 0.001 1.046 0.001
почему 0.006 0.337 0.002
двигаются 0.001 2.0 0.002
верить 0.001 0.959 0.001
ними 0.002 0.585 0.001
риски 0.003 0.77 0.002
пациенту 0.001 2.0 0.002
исключить 0.001 1.222 0.001
медузе 0.002 0.066 0.0
следить 0.005 1.0 0.005
подобную 0.001 1.699 0.002
объяснить 0.002 0.921 0.002
точно 0.002 0.481 0.001
специалиста 0.001 1.523 0.002
facebook 0.001 0.0 0.0
вопреки 0.001 1.699 0.002
медузу 0.002 0.066 0.0
обработки 0.001 0.066 0.0
менее 0.001 0.432 0.0
ниже 0.001 0.77 0.001
всемгоспитализированным 0.001 2.0 0.002
растворился 0.001 2.0 0.002
хочет 0.001 0.854 0.001
ткань 0.001 1.398 0.001
симптомы 0.001 0.959 0.001
когда-то 0.001 1.301 0.001
массовой 0.001 0.097 0.0
сосудов 0.001 1.699 0.002
форма 0.002 1.523 0.003
неясно 0.002 1.097 0.002
проверяют 0.002 1.222 0.002
помощью 0.001 0.538 0.001
сложно 0.002 0.538 0.001
главная 0.001 0.796 0.001
большинстве 0.001 1.0 0.001
возникнуть 0.001 1.155 0.001
открыты 0.001 1.0 0.001
такие 0.004 0.444 0.002
реально 0.001 0.959 0.001
лекарств 0.001 0.824 0.001
оказывается 0.001 0.886 0.001
спасибоgiphyза 0.001 0.066 0.0
показывать 0.001 0.066 0.0
показаны 0.001 1.699 0.002
twitter 0.001 0.0 0.0
раньше 0.001 0.432 0.0
реанимации 0.001 1.699 0.002
пожалуйста 0.001 0.102 0.0
ученого 0.001 2.0 0.002
заболеваний 0.001 0.745 0.001
образование 0.004 1.155 0.005
родные 0.001 1.398 0.001
антикоагулянты 0.003 1.523 0.005
связано 0.001 0.854 0.001
назначении 0.002 2.0 0.004
лечатся 0.001 2.0 0.002
коронавирусе 0.001 1.0 0.001
платформы 0.002 0.066 0.0
тромбозу 0.001 1.699 0.002
контролем 0.001 1.398 0.001
исследования 0.003 0.481 0.001
именно 0.002 0.244 0.0
легких 0.001 1.046 0.001
прошлом 0.002 0.921 0.002
персональные 0.001 0.066 0.0
связанных 0.001 1.155 0.001
такое 0.003 0.347 0.001
пить 0.001 1.398 0.001
очень 0.002 0.149 0.0
которые 0.007 0.119 0.001
преимущественно 0.001 1.222 0.001
врача 0.001 1.097 0.001
обсудить 0.001 1.523 0.002
meduza 0.002 0.0 0.0
распространяется 0.001 0.854 0.001
одна 0.001 0.42 0.0
лечить 0.001 1.301 0.001
мужчинам 0.001 1.523 0.002
давать 0.001 1.222 0.001
узи 0.002 2.0 0.004
связанное 0.001 1.523 0.002
дать 0.001 0.854 0.001
учитывать 0.001 1.046 0.001
эхокардиографию 0.001 2.0 0.002
самая 0.001 0.854 0.001
дополнительных 0.001 1.398 0.001
российским 0.001 0.092 0.0
сердца 0.001 1.398 0.001
ток 0.001 2.0 0.002
теми 0.001 0.886 0.001
легочной 0.003 2.0 0.006
которым 0.001 0.658 0.001
реклама 0.002 0.066 0.0
однако 0.006 0.337 0.002
делать 0.004 0.276 0.001
имеющих 0.001 1.301 0.001
из-за 0.004 0.229 0.001
интересах 0.001 0.167 0.0
возникают 0.002 1.222 0.002
быстрее 0.001 0.886 0.001
физически 0.001 1.301 0.001
подготовке 0.001 1.222 0.001
по-моему 0.001 1.699 0.002
недель 0.001 0.77 0.001
сообщение 0.001 0.102 0.0
назначать 0.003 1.523 0.005
едят 0.001 1.523 0.002
препараты 0.006 0.824 0.005
предрасположенность 0.002 2.0 0.004
сделать 0.001 0.357 0.0
