поводу 0.001 0.824 0.001
краснухи 0.001 2.0 0.002
российские 0.001 0.328 0.0
вакцинами 0.001 0.921 0.001
первой 0.002 0.678 0.001
редакции 0.001 0.066 0.0
полиомиелита 0.004 2.0 0.008
онкологических 0.001 1.699 0.002
язвы 0.001 1.699 0.002
сделан 0.001 1.155 0.001
обоснования 0.001 2.0 0.002
список 0.001 0.658 0.001
прививок 0.001 0.824 0.001
клинической 0.001 1.699 0.002
баннерам 0.001 0.066 0.0
множестве 0.001 1.523 0.002
значит 0.001 0.444 0.0
аллергены 0.001 2.0 0.002
россии 0.004 0.119 0.0
содержится 0.001 1.699 0.002
американская 0.001 1.046 0.001
относится 0.001 1.0 0.001
верно 0.001 2.0 0.002
гифки 0.001 0.066 0.0
инфекции 0.004 0.77 0.003
зависит 0.001 0.638 0.001
агента 0.001 0.097 0.0
прививках 0.001 1.155 0.001
людей 0.004 0.161 0.001
эмоционально 0.001 1.046 0.001
ветряной 0.001 2.0 0.002
соучредительница 0.001 1.699 0.002
рекомендует 0.001 0.886 0.001
специальный 0.001 1.097 0.001
желанием 0.001 1.699 0.002
детям 0.002 1.0 0.002
главных 0.001 0.678 0.001
применять 0.002 1.097 0.002
другую 0.001 0.959 0.001
in 0.001 0.0 0.0
аллергическая 0.001 2.0 0.002
тяжелых 0.001 0.921 0.001
проводят 0.001 1.0 0.001
аутоиммунными 0.001 2.0 0.002
ожидается 0.001 1.301 0.001
причем 0.001 0.62 0.001
производства 0.001 0.77 0.001
педиатрии 0.001 1.398 0.001
судя 0.001 0.721 0.001
медицинское 0.001 1.222 0.001
ротавирусного 0.001 2.0 0.002
ку-лихорадки 0.001 2.0 0.002
обычному 0.001 1.699 0.002
хронических 0.001 1.301 0.001
системы 0.001 0.585 0.001
известный 0.001 1.097 0.001
рецензирования 0.001 1.523 0.002
таких 0.002 0.347 0.001
эпиваккороны 0.001 1.301 0.001
министерства 0.001 1.155 0.001
наблюдается 0.001 1.301 0.001
клещ-э-вак 0.001 2.0 0.002
содержит 0.001 1.155 0.001
отличие 0.002 0.886 0.002
похожи 0.001 1.097 0.001
минздрав 0.001 0.824 0.001
трудно 0.001 0.824 0.001
правда 0.002 0.509 0.001
который 0.002 0.194 0.0
риск 0.002 0.538 0.001
раздела 0.001 2.0 0.002
появляется 0.001 1.398 0.001
псевдоаллергические 0.001 2.0 0.002
продемонстрированы 0.001 2.0 0.002
анонимно 0.001 0.066 0.0
ответил 0.001 1.046 0.001
второй 0.001 0.42 0.0
инвагинация 0.002 2.0 0.004
рисков 0.001 0.959 0.001
зарубежных 0.001 1.155 0.001
просто 0.002 0.194 0.0
вызвать 0.001 1.155 0.001
случалась 0.001 2.0 0.002
добавляют 0.001 2.0 0.002
беременных 0.003 1.398 0.004
возраст 0.001 1.097 0.001
ваша 0.001 0.102 0.0
по-хорошему 0.001 1.699 0.002
чаще 0.003 0.602 0.002
вызывать 0.001 0.921 0.001
прививку 0.004 0.77 0.003
опв 0.001 2.0 0.002
получается 0.002 0.824 0.002
анафилактической 0.001 2.0 0.002
избыточных 0.001 1.699 0.002
справиться 0.001 1.222 0.001
живыми 0.001 1.699 0.002
некая 0.001 2.0 0.002
иммунных 0.001 1.301 0.001
заболевания 0.005 0.62 0.003
читателейнам 0.001 0.174 0.0
сразу 0.001 0.553 0.001
комбинированный 0.001 2.0 0.002
куки 0.001 0.066 0.0
аллергию 0.001 2.0 0.002
названия 0.001 1.222 0.001
клещ-э-ваку 0.001 2.0 0.002
нежелательные 0.002 1.155 0.002
заболевание 0.001 0.854 0.001
используют 0.001 0.921 0.001
реакций 0.001 1.222 0.001
никаких 0.001 0.602 0.001
вплоть 0.001 1.222 0.001
вакцину 0.004 0.824 0.003
кишечника 0.004 1.699 0.007
прошло 0.001 1.046 0.001
оспы 0.001 2.0 0.002
живая 0.001 1.523 0.002
использование 0.001 0.066 0.0
лептоспироза 0.001 2.0 0.002
полисорбат-80 0.002 2.0 0.004
классификации 0.001 1.523 0.002
явной 0.001 2.0 0.002
противопоказан 0.001 2.0 0.002
вакцина 0.006 0.721 0.004
порядку 0.001 0.066 0.0
малыша 0.001 1.398 0.001
карточек 0.001 0.62 0.001
детях 0.002 1.398 0.003
перестраховываются 0.001 2.0 0.002
ученые 0.001 0.678 0.001
года 0.001 0.167 0.0
понимает 0.001 1.155 0.001
повышала 0.001 1.699 0.002
ершов 0.001 0.796 0.001
повышение 0.001 1.301 0.001
производители 0.001 1.222 0.001
en 0.001 0.066 0.0
заболеваниями 0.001 1.155 0.001
работает 0.001 0.367 0.0
проводить 0.001 0.824 0.001
сравнивают 0.001 1.155 0.001
явления 0.002 1.222 0.002
скажем 0.001 1.222 0.001
инструкциях 0.004 1.699 0.007
медицинской 0.001 0.921 0.001
пациентов 0.001 0.796 0.001
актуальной 0.001 2.0 0.002
саму 0.001 1.398 0.001
представляет 0.001 1.046 0.001
тяжелыми 0.001 1.398 0.001
сожалению 0.001 0.569 0.001
самый 0.001 0.721 0.001
формирования 0.001 1.523 0.002
ротавирусной 0.003 2.0 0.006
серьезные 0.001 1.097 0.001
вакцине 0.004 0.886 0.004
распространено 0.001 0.102 0.0
ios 0.001 0.066 0.0
затем 0.001 0.678 0.001
будут 0.001 0.301 0.0
человека 0.002 0.328 0.001
нежелательного 0.001 2.0 0.002
важны 0.001 1.222 0.001
противопоказание 0.006 2.0 0.012
экспертизу 0.001 1.523 0.002
явлениях 0.001 1.523 0.002
паралитический 0.001 2.0 0.002
большинства 0.001 1.097 0.001
туберкулеза 0.001 2.0 0.002
тяжести 0.001 1.155 0.001
разделе 0.001 1.699 0.002
ковивака 0.001 1.699 0.002
клещевого 0.001 1.699 0.002
попробовать 0.001 1.398 0.001
уточнения 0.001 1.523 0.002
куриных 0.001 1.699 0.002
причина 0.001 0.959 0.001
неживые 0.001 1.699 0.002
коронарный 0.001 2.0 0.002
псевдоаллергическими 0.001 2.0 0.002
реакциях 0.001 1.699 0.002
мамы 0.001 1.097 0.001
разделить 0.001 1.699 0.002
основном 0.001 0.553 0.001
могут 0.002 0.187 0.0
остальных 0.001 1.097 0.001
попробовали 0.001 1.699 0.002
должно 0.001 0.658 0.001
рекомендации 0.002 0.824 0.002
вывод 0.001 0.959 0.001
формулировках 0.001 1.699 0.002
опросу 0.001 2.0 0.002
частности 0.001 0.678 0.001
медузы 0.002 0.268 0.001
аллергологам-иммунологам 0.001 2.0 0.002
довольно 0.001 0.523 0.001
этих 0.002 0.337 0.001
коронавируса 0.001 0.509 0.001
пока 0.002 0.208 0.0
трех 0.001 0.638 0.001
соотношение 0.001 1.398 0.001
заболеваемость 0.001 1.046 0.001
странам 0.001 1.301 0.001
одно 0.001 0.699 0.001
переживает 0.001 1.097 0.001
телефон 0.001 1.301 0.001
аллергических 0.002 1.699 0.003
которой 0.001 0.377 0.0
вопросом 0.001 1.046 0.001
автор 0.001 1.0 0.001
возникнут 0.001 2.0 0.002
встретить 0.001 1.398 0.001
векторных 0.001 1.301 0.001
результатах 0.001 1.155 0.001
сих 0.001 0.481 0.0
разработавший 0.001 2.0 0.002
вообще 0.001 0.066 0.0
елена 0.001 1.0 0.001
основании 0.001 0.854 0.001
истинным 0.001 2.0 0.002
гриппол 0.001 1.699 0.002
первую 0.002 0.638 0.001
появляются 0.001 1.097 0.001
иммунодефицит 0.001 1.699 0.002
лишь 0.002 0.481 0.001
реакция 0.001 1.301 0.001
реакции 0.004 0.854 0.003
регистрировались 0.001 1.699 0.002
ситуации 0.001 0.721 0.001
сфер 0.001 1.699 0.002
истории 0.001 0.337 0.0
предполагают 0.001 1.398 0.001
проведены 0.001 1.301 0.001
извините 0.001 1.0 0.001
адрес 0.001 1.301 0.001
слишком 0.001 0.553 0.001
в. 0.001 1.523 0.002
первого 0.001 0.658 0.001
даются 0.001 2.0 0.002
степени 0.001 0.721 0.001
дозу 0.004 1.222 0.005
версии 0.001 1.0 0.001
смерть 0.001 1.097 0.001
препарату 0.001 1.523 0.002
период 0.001 0.796 0.001
нюансы 0.001 1.398 0.001
выражается 0.001 1.699 0.002
английском 0.001 1.301 0.001
связи 0.001 0.0 0.0
нашли 0.001 0.066 0.0
какие 0.001 0.569 0.001
аллергии 0.003 1.222 0.004
медуза 0.002 0.066 0.0
одного 0.001 0.432 0.0
новая 0.001 0.678 0.001
пациентом 0.001 2.0 0.002
месяцев 0.003 0.602 0.002
перечень 0.001 1.699 0.002
нам 0.001 0.086 0.0
государственном 0.001 1.222 0.001
acaai 0.001 2.0 0.002
согласно 0.002 0.745 0.001
реакциями 0.001 1.699 0.002
анамнезе 0.002 2.0 0.004
инструкция 0.002 0.796 0.002
помимо 0.001 0.796 0.001
скорее 0.001 0.509 0.001
другихисследованиях 0.001 2.0 0.002
поменяется 0.001 2.0 0.002
помочь 0.001 0.131 0.0
конкретных 0.001 1.523 0.002
заявляла 0.001 2.0 0.002
центр 0.002 0.77 0.002
благодаря 0.001 0.77 0.001
мало 0.001 0.538 0.001
нежелательных 0.002 1.046 0.002
такую 0.001 0.824 0.001
юридическим 0.001 0.102 0.0
следует 0.001 0.77 0.001
часа 0.001 0.77 0.001
nejm 0.001 2.0 0.002
списках 0.001 2.0 0.002
опасны 0.001 1.398 0.001
группе 0.001 0.745 0.001
заболеванием 0.001 1.155 0.001
вызванного 0.001 1.699 0.002
постмаркетинговом 0.001 2.0 0.002
материалам 0.001 0.066 0.0
привести 0.001 1.0 0.001
срочно 0.001 0.167 0.0
ротатек 0.001 2.0 0.002
говорится 0.001 0.824 0.001
отсутствует 0.001 1.523 0.002
педиатрической 0.001 2.0 0.002
оттуда 0.001 1.097 0.001
смог 0.001 1.155 0.001
другим 0.001 0.62 0.001
возникновения 0.001 1.046 0.001
несмотря 0.001 0.456 0.0
случае 0.003 0.357 0.001
пояснить 0.001 2.0 0.002
успешного 0.001 1.699 0.002
противопоказаниями 0.001 1.523 0.002
фразы 0.001 1.523 0.002
грлс 0.001 1.398 0.001
печени 0.001 1.523 0.002
фармакологические 0.001 2.0 0.002
инструкций 0.001 2.0 0.002
принимает 0.001 1.046 0.001
следующее 0.001 1.523 0.002
инсульт 0.001 1.699 0.002
обращать 0.001 1.699 0.002
иностранным 0.001 0.097 0.0
овальбумин 0.001 2.0 0.002
обратили 0.001 2.0 0.002
одобряем 0.001 2.0 0.002
нужно 0.004 0.237 0.001
иммунодефицитами 0.001 2.0 0.002
российском 0.001 0.921 0.001
числу 0.001 1.097 0.001
случаи 0.001 0.721 0.001
практике 0.001 1.0 0.001
распоряжении 0.001 1.301 0.001
формирует 0.001 1.699 0.002
vaers 0.001 2.0 0.002
например 0.002 0.229 0.0
указано 0.001 1.0 0.001
производитель 0.001 1.222 0.001
должна 0.001 0.538 0.001
необходимости 0.001 0.854 0.001
решение 0.001 0.509 0.001
разработчика 0.001 1.523 0.002
которое 0.001 0.337 0.0
жизни 0.001 0.432 0.0
формы 0.001 1.046 0.001
как-то 0.001 0.699 0.001
указаниях 0.001 1.699 0.002
вакцинам 0.002 0.959 0.002
сравнить 0.001 1.155 0.001
ctrl+enter 0.001 0.066 0.0
вакцинацией 0.001 0.959 0.001
исследованиях 0.001 0.854 0.001
наблюдались 0.001 1.398 0.001
новостиисторииразборшапитокоронавирусмагаз 0.001 0.066 0.0
чумакова 0.001 1.523 0.002
безопасно 0.001 0.066 0.0
eaaci 0.001 2.0 0.002
подросткам 0.001 1.699 0.002
орган 0.001 1.699 0.002
производятся 0.001 1.699 0.002
youtube 0.001 0.06 0.0
вакцинах 0.001 1.046 0.001
противопоказаниях 0.002 2.0 0.004
должны 0.002 0.432 0.001
вариант 0.002 0.796 0.002
создано 0.001 0.097 0.0
возможных 0.001 1.097 0.001
средств 0.001 0.854 0.001
здравоохранения 0.001 0.658 0.001
потребителей 0.001 1.699 0.002
вторую 0.001 1.222 0.001
которая 0.002 0.301 0.001
числятся 0.001 2.0 0.002
рекомендациях 0.001 1.0 0.001
поддержите 0.001 0.102 0.0
регистрацией 0.001 1.398 0.001
компонентам 0.001 1.699 0.002
паротита 0.001 2.0 0.002
предыдущей 0.001 2.0 0.002
которого 0.001 0.585 0.001
заметили 0.001 1.398 0.001
врачу 0.001 1.222 0.001
временное 0.001 1.699 0.002
противопоказаний 0.006 1.301 0.008
друга 0.001 0.854 0.001
нередко 0.001 1.222 0.001
спутнику 0.001 1.097 0.001
истинными 0.001 2.0 0.002
вмешательство 0.001 2.0 0.002
поэтому 0.003 0.328 0.001
network 0.001 1.222 0.001
средством 0.001 0.102 0.0
национальному 0.001 2.0 0.002
многие 0.002 0.284 0.001
состояниями 0.001 1.699 0.002
выполняющим 0.001 0.097 0.0
соответствии 0.001 1.0 0.001
четыре 0.001 0.569 0.001
возможность 0.001 0.569 0.001
списком 0.001 2.0 0.002
консервантом 0.001 2.0 0.002
принять 0.001 0.921 0.001
другому 0.001 1.155 0.001
вакциноассоциированный 0.001 2.0 0.002
ошибку 0.001 0.066 0.0
июня 0.001 0.854 0.001
методических 0.002 1.301 0.003
компонент 0.001 1.222 0.001
продукты 0.001 1.097 0.001
препарат 0.001 0.959 0.001
научном 0.001 1.222 0.001
правильно 0.001 0.824 0.001
лет 0.002 0.252 0.001
лекарство 0.001 1.155 0.001
квадривалент 0.001 1.699 0.002
используется 0.001 0.796 0.001
любую 0.001 1.398 0.001
приступать 0.001 2.0 0.002
июля 0.001 1.0 0.001
рекомендациям 0.002 1.398 0.003
российскому 0.001 1.097 0.001
владельца 0.001 1.398 0.001
пользу 0.001 0.886 0.001
правило 0.001 1.097 0.001
quadrivalent 0.001 2.0 0.002
аллергологии 0.001 2.0 0.002
прививки 0.001 0.638 0.001
engerix-b 0.001 2.0 0.002
спутника 0.002 0.796 0.002
фактически 0.001 0.721 0.001
указывают 0.001 1.097 0.001
вакцинированы 0.001 1.222 0.001
изучалась 0.001 1.699 0.002
своей 0.001 0.42 0.0
вызывала 0.001 1.699 0.002
подведомственная 0.001 2.0 0.002
редких 0.001 1.155 0.001
настороженный 0.001 2.0 0.002
удерживающих 0.001 2.0 0.002
продуктов 0.001 1.097 0.001
составляет 0.001 0.921 0.001
данные 0.001 0.066 0.0
стационаре 0.001 2.0 0.002
аспирин 0.001 1.699 0.002
гриппоподобного 0.001 2.0 0.002
противопоказания 0.006 1.155 0.007
кори 0.001 1.523 0.002
говорилось 0.001 1.398 0.001
протоколе 0.001 1.699 0.002
научный 0.002 0.959 0.002
инфарктов 0.001 2.0 0.002
сравнивает 0.001 2.0 0.002
разбор 0.001 0.387 0.0
появление 0.001 0.959 0.001
деле 0.003 0.553 0.002
вред 0.001 1.523 0.002
ограничен 0.001 1.699 0.002
инвагинации 0.002 1.699 0.003
каждой 0.001 0.959 0.001
нажмите 0.001 0.066 0.0
осторожностью 0.006 1.699 0.01
случаев 0.001 0.658 0.001
рассказываем 0.001 0.886 0.001
перестраховывается 0.001 2.0 0.002
первоначальных 0.001 1.699 0.002
стран 0.001 0.469 0.0
умереть 0.001 1.301 0.001
ограничение 0.001 1.523 0.002
пришлось 0.001 0.959 0.001
некоторых 0.001 0.523 0.001
предлагается 0.001 1.398 0.001
основания 0.001 1.301 0.001
российских 0.003 0.337 0.001
аутоиммунных 0.001 2.0 0.002
других 0.002 0.26 0.001
беременности 0.002 1.222 0.002
числе 0.002 0.31 0.001
претензий 0.001 1.301 0.001
категоричный 0.001 2.0 0.002
flumist 0.001 2.0 0.002
пользы 0.002 1.523 0.003
иностранного 0.001 0.102 0.0
указаниями 0.001 2.0 0.002
александр 0.001 0.538 0.001
фгбу 0.001 2.0 0.002
версиях 0.001 1.699 0.002
материал 0.001 0.086 0.0
календарю 0.001 2.0 0.002
понятно 0.001 0.699 0.001
можнодажев 0.001 2.0 0.002
обратиться 0.001 1.046 0.001
ротавируса 0.001 1.523 0.002
ослабленный 0.001 2.0 0.002
целом 0.001 0.585 0.001
исследований 0.001 0.585 0.001
защищать 0.001 0.854 0.001
европейских 0.001 1.046 0.001
инструкции 0.009 1.155 0.01
отказать 0.001 2.0 0.002
– 0.001 0.06 0.0
вакцинироваться 0.001 1.0 0.001
любой 0.001 0.745 0.001
время 0.001 0.102 0.0
ковида 0.007 0.444 0.003
результате 0.001 0.62 0.001
нами 0.001 0.066 0.0
аллергологом-иммунологом 0.001 2.0 0.002
ура 0.001 1.097 0.001
желтой 0.001 1.699 0.002
детский 0.001 1.301 0.001
хотят 0.001 0.745 0.001
испытаний 0.003 0.921 0.003
историей 0.001 1.523 0.002
центра 0.001 0.77 0.001
модели 0.001 1.0 0.001
показано 0.001 1.155 0.001
примерно 0.001 0.585 0.001
второго 0.001 1.0 0.001
миллион 0.001 1.155 0.001
стоит 0.001 0.509 0.001
академия 0.001 1.398 0.001
вирус 0.001 0.678 0.001
британских 0.001 1.523 0.002
рекламаmeduza 0.001 0.066 0.0
допускали 0.001 1.699 0.002
причин 0.001 0.921 0.001
лицом 0.001 0.102 0.0
вероятность 0.001 0.721 0.001
функции 0.001 0.097 0.0
ребенка 0.001 0.824 0.001
тысяч 0.002 0.337 0.001
неделю 0.001 0.721 0.001
чумы 0.001 2.0 0.002
фазы 0.001 0.959 0.001
высокий 0.001 1.046 0.001
используются 0.001 0.921 0.001
удостоверения 0.001 1.699 0.002
дозами 0.001 1.301 0.001
среди 0.001 0.42 0.0
решения 0.001 0.638 0.001
ковивак 0.001 1.155 0.001
инвагинацию 0.001 2.0 0.002
прежде 0.001 0.62 0.001
известно 0.001 0.481 0.0
касается 0.001 0.602 0.001
реестре 0.001 1.301 0.001
бруцеллеза 0.001 2.0 0.002
пишут 0.001 0.77 0.001
проходили 0.001 1.097 0.001
привитых 0.002 0.824 0.002
возрасте 0.001 1.222 0.001
назад 0.003 0.18 0.001
другими 0.001 0.495 0.0
заболевании 0.001 1.222 0.001
безопасности 0.001 0.481 0.0
применяется 0.001 1.523 0.002
составлению 0.001 1.699 0.002
американских 0.001 1.046 0.001
напоминают 0.001 1.523 0.002
перейти 0.001 0.066 0.0
поддержать 0.001 0.066 0.0
указываются 0.001 2.0 0.002
острое 0.001 2.0 0.002
календарь 0.001 2.0 0.002
источник 0.001 0.174 0.0
результатов 0.001 0.886 0.001
прививать 0.002 1.0 0.002
какие-то 0.001 0.538 0.001
грудное 0.001 2.0 0.002
рекомендаций 0.001 1.155 0.001
состав 0.001 0.959 0.001
кодекс 0.001 0.066 0.0
кроветворения 0.001 1.699 0.002
случая 0.002 1.301 0.003
повышает 0.001 1.301 0.001
хочу 0.001 0.137 0.0
сибирской 0.001 1.699 0.002
также 0.003 0.237 0.001
исключать 0.001 1.699 0.002
официальные 0.001 1.097 0.001
клинических 0.004 0.796 0.003
rotateq 0.002 2.0 0.004
разной 0.001 1.097 0.001
четко 0.001 1.0 0.001
раздел 0.003 2.0 0.006
хорошие 0.001 1.0 0.001
почек 0.001 1.523 0.002
письмо 0.001 1.097 0.001
ссылкой 0.001 1.398 0.001
статьи 0.001 0.854 0.001
занимается 0.001 1.155 0.001
ближайшее 0.001 0.959 0.001
предотвращает 0.001 2.0 0.002
указывать 0.001 1.699 0.002
перестраховка 0.001 2.0 0.002
имеются 0.001 1.301 0.001
жесткости 0.001 1.699 0.002
данное 0.001 0.097 0.0
эмбрионах 0.001 1.699 0.002
характеристики 0.001 1.699 0.002
авторов 0.001 1.046 0.001
подготовиться 0.001 1.155 0.001
типа 0.002 0.959 0.002
воз 0.001 0.796 0.001
аллергия 0.002 1.699 0.003
ко 0.001 0.745 0.001
белок 0.001 1.398 0.001
введения 0.001 0.796 0.001
коротко 0.001 0.824 0.001
хорьками 0.001 1.699 0.002
предварительные 0.001 1.155 0.001
пор 0.001 0.387 0.0
задействован 0.001 2.0 0.002
опрос 0.001 1.699 0.002
расскажет 0.001 1.301 0.001
регистрации 0.001 1.046 0.001
правила 0.001 0.066 0.0
случаются 0.001 1.523 0.002
зарегистрирована 0.001 1.398 0.001
блога 0.001 1.301 0.001
вакцинации 0.008 0.553 0.004
отличаются 0.001 1.046 0.001
когда-либо 0.001 1.523 0.002
использовать 0.001 0.585 0.001
ано 0.001 1.523 0.002
вконтакте 0.001 0.066 0.0
вносят 0.001 2.0 0.002
гиперчувствительности 0.001 2.0 0.002
пыльцу 0.001 2.0 0.002
препарата 0.001 0.886 0.001
live 0.001 0.022 0.0
369:1 0.001 2.0 0.002
американский 0.001 1.155 0.001
решили 0.001 0.658 0.001
лихорадки 0.001 1.699 0.002
состояниях 0.001 1.699 0.002
проводит 0.001 1.155 0.001
часто 0.001 0.456 0.0
департамент 0.001 2.0 0.002
направить 0.001 2.0 0.002
первоисточник 0.001 2.0 0.002
некоторым 0.001 1.222 0.001
детей 0.005 0.523 0.003
блог 0.001 0.066 0.0
инстаграм 0.001 0.066 0.0
анафилаксию 0.001 2.0 0.002
беременным 0.001 1.699 0.002
грипп 0.001 1.699 0.002
© 0.001 0.0 0.0
равно 0.001 0.638 0.001
вопросы 0.001 0.481 0.0
разделом 0.001 2.0 0.002
выделите 0.001 0.066 0.0
разных 0.001 0.398 0.0
коллективный 0.001 1.222 0.001
тяжелые 0.002 1.046 0.002
подростков 0.001 1.398 0.001
данных 0.003 0.481 0.001
фельдшеру 0.001 2.0 0.002
смертей 0.001 0.959 0.001
связана 0.001 1.0 0.001
исключил 0.001 2.0 0.002
использования 0.001 0.921 0.001
meduzacare 0.001 0.066 0.0
говоря 0.001 0.77 0.001
против 0.001 0.229 0.0
ипв 0.001 2.0 0.002
компания-разработчик 0.001 2.0 0.002
методическим 0.002 2.0 0.004
вскармливания 0.001 1.699 0.002
результаты 0.002 0.62 0.001
оценить 0.001 0.796 0.001
масштабные 0.001 1.398 0.001
метода 0.001 1.301 0.001
той 0.002 0.62 0.001
синдром 0.001 1.699 0.002
кнопка 0.001 0.066 0.0
возрасту 0.001 1.523 0.002
шести 0.001 1.0 0.001
хотя 0.002 0.276 0.001
изменить 0.001 1.046 0.001
астмы 0.001 1.699 0.002
аллергологический 0.001 2.0 0.002
janssen 0.001 2.0 0.002
угрожала 0.001 1.699 0.002
прививаемого 0.001 2.0 0.002
списке 0.001 1.699 0.002
гриппа 0.003 1.046 0.003
риска 0.002 0.699 0.001
речь 0.001 0.432 0.0
перестраховки 0.001 2.0 0.002
вечерняя 0.001 0.066 0.0
аллергией 0.002 2.0 0.004
это 0.009 0.066 0.001
основе 0.001 0.745 0.001
вакцин 0.005 0.62 0.003
изучена 0.001 1.699 0.002
другие 0.001 0.268 0.0
проявлениям 0.001 2.0 0.002
аллергической 0.001 1.699 0.002
противопоказании 0.001 2.0 0.002
названием 0.001 1.155 0.001
другое 0.001 0.886 0.001
клинические 0.001 1.097 0.001
риском 0.001 1.222 0.001
поддержки 0.001 0.066 0.0
смогут 0.001 0.745 0.001
аутоиммунные 0.001 1.523 0.002
прививкой 0.001 1.301 0.001
редактор 0.001 1.0 0.001
иммунодефицитом 0.001 2.0 0.002
самой 0.001 0.699 0.001
оценивает 0.001 1.046 0.001
помощь 0.001 0.097 0.0
спутник 0.002 0.721 0.001
включать 0.001 1.523 0.002
двумя 0.001 0.678 0.001
называют 0.001 0.699 0.001
инструкцию 0.001 1.398 0.001
читателей 0.001 0.658 0.001
лишнюю 0.001 2.0 0.002
преждевременны 0.001 1.699 0.002
первые 0.001 0.585 0.001
подтверждаться 0.001 2.0 0.002
перестали 0.001 1.301 0.001
работаем 0.001 0.161 0.0
текст 0.001 0.886 0.001
данными 0.001 0.959 0.001
автора 0.001 1.398 0.001
принимают 0.001 1.222 0.001
v 0.005 0.699 0.003
итоге 0.001 0.62 0.001
животных 0.001 0.854 0.001
подобно 0.001 2.0 0.002
тяжелый 0.001 1.301 0.001
ответ 0.001 0.602 0.001
сказано 0.001 0.921 0.001
правильного 0.001 1.523 0.002
рожденных 0.001 2.0 0.002
прививаться 0.002 0.921 0.002
новой 0.001 0.585 0.001
исследовании 0.001 0.824 0.001
осталось 0.001 1.0 0.001
гепатита 0.001 1.699 0.002
иммунитет 0.001 0.854 0.001
вакциной 0.002 0.886 0.002
одну 0.001 0.77 0.001
некоторые 0.002 0.469 0.001
24/7 0.001 0.102 0.0
android 0.001 0.066 0.0
разработке 0.001 1.222 0.001
english 0.001 0.06 0.0
указывается 0.002 1.699 0.003
любое 0.001 1.222 0.001
аллергические 0.002 1.523 0.003
известного 0.001 1.523 0.002
энцефалита 0.001 1.699 0.002
меняют 0.001 1.699 0.002
скрининг 0.001 2.0 0.002
полноценно 0.001 2.0 0.002
американской 0.002 1.222 0.002
беременность 0.001 1.222 0.001
поддержка 0.001 0.167 0.0
нужна 0.001 0.092 0.0
проводились 0.001 1.222 0.001
вакцинация 0.002 0.699 0.001
проводиться 0.001 1.523 0.002
людям 0.001 0.678 0.001
сведений 0.001 1.523 0.002
конкретное 0.001 2.0 0.002
экспертизы 0.001 1.222 0.001
инсультов 0.001 2.0 0.002
туляремии 0.001 2.0 0.002
колледж 0.001 2.0 0.002
оказалось 0.001 0.824 0.001
случается 0.001 1.398 0.001
медицине 0.001 1.398 0.001
попадает 0.001 1.398 0.001
типами 0.001 1.523 0.002
действительности 0.001 1.523 0.002
случаях 0.001 0.658 0.001
производителей 0.001 1.0 0.001
возник 0.001 1.155 0.001
всем 0.002 0.252 0.001
некоторыми 0.001 1.398 0.001
результатам 0.001 1.0 0.001
савинова 0.001 1.523 0.002
интересующего 0.001 2.0 0.002
разработчику 0.001 1.222 0.001
те 0.001 0.357 0.0
требования 0.001 0.066 0.0
опубликованном 0.001 1.398 0.001
связаться 0.001 0.066 0.0
евгений 0.001 1.222 0.001
самом 0.003 0.481 0.001
времени 0.001 0.523 0.001
крови 0.001 0.959 0.001
отказывают 0.001 1.523 0.002
живых 0.001 1.523 0.002
информации 0.001 0.102 0.0
академии 0.001 1.523 0.002
состояния 0.004 0.959 0.004
явлений 0.001 1.046 0.001
лечения 0.001 1.0 0.001
грудного 0.001 1.699 0.002
тех 0.002 0.26 0.001
конкретные 0.001 1.398 0.001
россиян 0.001 0.62 0.001
несет 0.001 1.222 0.001
попасть 0.001 0.921 0.001
рея 0.001 2.0 0.002
противопоказана 0.002 1.699 0.003
медицинского 0.001 1.222 0.001
широко 0.001 1.097 0.001
острый 0.001 2.0 0.002
тысяче 0.001 1.301 0.001
iii 0.001 1.222 0.001
подтвердил 0.001 1.523 0.002
продолжают 0.001 1.097 0.001
просьбой 0.001 1.301 0.001
почему 0.001 0.337 0.0
доказан 0.001 2.0 0.002
будете 0.001 1.398 0.001
ассоциации 0.001 1.523 0.002
фельдман 0.001 1.523 0.002
привиться 0.001 0.796 0.001
журнале 0.002 0.921 0.002
мкб-10 0.001 1.699 0.002
риски 0.002 0.77 0.002
иной 0.001 1.222 0.001
регистрационного 0.001 1.699 0.002
медузе 0.001 0.066 0.0
спрашивали 0.001 1.222 0.001
системе 0.001 1.097 0.001
принципы 0.001 1.699 0.002
происходила 0.001 2.0 0.002
объяснить 0.001 0.921 0.001
человеку 0.001 1.0 0.001
уберечь 0.001 1.523 0.002
организация 0.001 0.886 0.001
поскольку 0.001 0.678 0.001
третьего 0.001 1.523 0.002
знает 0.001 0.854 0.001
вскармливание 0.001 2.0 0.002
собой 0.001 0.62 0.001
facebook 0.001 0.0 0.0
аспиринсодержащие 0.001 2.0 0.002
защищают 0.001 1.0 0.001
медузу 0.001 0.066 0.0
составлять 0.001 2.0 0.002
гамалеи 0.001 1.155 0.001
куриного 0.001 2.0 0.002
этим 0.002 0.337 0.001
методическими 0.001 2.0 0.002
связанные 0.001 1.046 0.001
обработки 0.001 0.066 0.0
отчетов 0.001 1.699 0.002
друг 0.001 0.699 0.001
проявлениями 0.001 2.0 0.002
написано 0.001 1.155 0.001
доказанно 0.001 2.0 0.002
массовой 0.001 0.097 0.0
препринты 0.001 1.699 0.002
непосредственно 0.001 0.959 0.001
является 0.001 0.745 0.001
универсальное 0.001 2.0 0.002
полиомиелит 0.001 2.0 0.002
зарегистрировано 0.001 1.222 0.001
главная 0.001 0.796 0.001
вызывает 0.002 0.886 0.002
консультации 0.001 1.301 0.001
живой 0.001 1.0 0.001
такие 0.001 0.444 0.0
информация 0.001 0.824 0.001
лекарств 0.002 0.824 0.002
противопоказаниям 0.001 2.0 0.002
показывать 0.001 0.066 0.0
спасибоgiphyза 0.001 0.066 0.0
дозы 0.002 0.886 0.002
прививают 0.001 1.222 0.001
лекарственных 0.001 1.155 0.001
принятия 0.001 1.155 0.001
основываться 0.001 2.0 0.002
заболеваниях 0.002 1.398 0.003
какими-то 0.001 1.398 0.001
twitter 0.001 0.0 0.0
гиперчувствительность 0.003 1.699 0.005
случай 0.001 0.921 0.001
пожалуйста 0.001 0.102 0.0
должен 0.001 0.585 0.001
пример 0.001 0.824 0.001
заболеваний 0.002 0.745 0.001
связано 0.002 0.854 0.002
платформы 0.001 0.066 0.0
яйца 0.001 1.699 0.002
применении 0.001 1.046 0.001
реакцией 0.001 1.301 0.001
каждого 0.001 0.678 0.001
исследования 0.002 0.481 0.001
именно 0.002 0.244 0.0
сначала 0.001 0.602 0.001
соблюдаются 0.001 2.0 0.002
состояний 0.002 2.0 0.004
беспокойство 0.001 1.699 0.002
rotashield 0.002 1.699 0.003
понять 0.001 0.721 0.001
вакцины 0.016 0.585 0.009
истерик 0.001 1.398 0.001
персональные 0.001 0.066 0.0
связанных 0.001 1.155 0.001
такое 0.002 0.347 0.001
очень 0.002 0.149 0.0
состоянии 0.001 1.222 0.001
которые 0.003 0.119 0.0
неживой 0.001 2.0 0.002
вовсе 0.001 0.921 0.001
meduza 0.002 0.0 0.0
десяти 0.001 0.921 0.001
одна 0.001 0.42 0.0
международной 0.001 1.046 0.001
перечисленные 0.001 1.699 0.002
появилось 0.001 0.854 0.001
давать 0.001 1.222 0.001
иммунной 0.001 0.959 0.001
компоненты 0.001 1.097 0.001
регуляторный 0.001 1.699 0.002
иначе 0.001 0.745 0.001
применения 0.002 1.097 0.002
серьезных 0.001 1.155 0.001
странах 0.001 0.495 0.0
педиатрия 0.001 2.0 0.002
минздрава 0.001 0.886 0.001
болезней 0.001 1.222 0.001
опыт 0.001 0.886 0.001
внимание 0.001 0.658 0.001
пищевые 0.001 2.0 0.002
строго 0.001 1.398 0.001
предполагать 0.001 1.699 0.002
жизнеугрожающей 0.001 2.0 0.002
каком-то 0.001 1.398 0.001
иммунологии 0.001 1.699 0.002
эта 0.001 0.367 0.0
российским 0.001 0.092 0.0
которых 0.004 0.237 0.001
возможен 0.001 1.398 0.001
европейской 0.001 1.301 0.001
формулировку 0.001 2.0 0.002
тому 0.001 0.509 0.001
вакцинацию 0.001 0.824 0.001
заранее 0.001 0.959 0.001
описательные 0.001 2.0 0.002
реклама 0.001 0.066 0.0
однако 0.001 0.337 0.0
делать 0.006 0.276 0.002
из-за 0.001 0.229 0.0
интересах 0.001 0.167 0.0
вапп 0.002 2.0 0.004
встречается 0.001 1.301 0.001
живые 0.003 1.523 0.005
подход 0.001 0.959 0.001
достоверным 0.001 2.0 0.002
сша 0.002 0.469 0.001
jama 0.001 2.0 0.002
гастроэнтерита 0.001 2.0 0.002
сообщение 0.001 0.102 0.0
излишне 0.001 2.0 0.002
пациента 0.001 1.097 0.001
препараты 0.001 0.824 0.001
сделать 0.001 0.357 0.0
