вывести 0.001 1.523 0.002
российские 0.005 0.328 0.002
редакции 0.002 0.066 0.0
войска 0.001 0.721 0.001
баннерам 0.001 0.066 0.0
заблокирована 0.001 0.824 0.001
находился 0.002 1.222 0.002
осаде 0.005 0.854 0.004
россии 0.005 0.119 0.001
топить 0.001 2.0 0.002
действительно 0.002 0.377 0.001
круглые 0.001 1.699 0.002
гифки 0.001 0.066 0.0
украинские 0.001 0.886 0.001
судьбе 0.001 1.699 0.002
агента 0.002 0.097 0.0
людей 0.006 0.161 0.001
пожары 0.001 1.699 0.002
блокпостов 0.001 1.699 0.002
сути 0.001 0.959 0.001
пять 0.001 0.509 0.001
передали 0.001 1.523 0.002
пропагандистских 0.002 1.222 0.002
добивать 0.001 2.0 0.002
пыталась 0.001 1.097 0.001
главных 0.002 0.678 0.001
in 0.001 0.0 0.0
окружен 0.001 1.523 0.002
протяжении 0.001 1.398 0.001
сторон 0.002 1.523 0.003
трудно 0.001 0.824 0.001
который 0.002 0.194 0.0
анонимно 0.001 0.066 0.0
погибли 0.001 1.046 0.001
уровень 0.001 0.824 0.001
ваша 0.004 0.102 0.0
жилые 0.001 1.301 0.001
костры 0.001 1.699 0.002
машина 0.001 1.046 0.001
труднее 0.001 0.721 0.001
читателейнам 0.001 0.174 0.0
куки 0.001 0.066 0.0
артемом 0.001 2.0 0.002
пункты 0.001 1.155 0.001
украинским 0.001 1.155 0.001
удалось 0.001 0.523 0.001
огромная 0.001 1.523 0.002
использование 0.001 0.066 0.0
границе 0.001 1.046 0.001
12-й 0.001 1.699 0.002
помощи 0.001 0.77 0.001
дальше 0.001 0.523 0.001
порядку 0.001 0.066 0.0
терять 0.001 1.699 0.002
машин 0.001 1.301 0.001
мариуполя 0.004 1.155 0.005
удавалось 0.001 1.155 0.001
хорошим 0.001 2.0 0.002
приехать 0.001 1.222 0.001
роженицы 0.001 1.699 0.002
фотографии 0.005 0.638 0.003
приближается 0.001 1.699 0.002
en 0.001 0.066 0.0
мариуполь 0.008 0.824 0.007
организовать 0.001 1.155 0.001
деревьев 0.001 2.0 0.002
начали 0.001 0.481 0.0
сторону 0.002 0.796 0.002
украина 0.005 0.699 0.003
пункт 0.001 1.301 0.001
дней 0.005 0.337 0.002
распространено 0.001 0.102 0.0
шел 0.001 1.523 0.002
ios 0.001 0.066 0.0
окна 0.001 0.959 0.001
заходят 0.001 1.699 0.002
прятался 0.001 1.699 0.002
проезжали 0.001 1.523 0.002
сообщили 0.001 1.097 0.001
картина 0.001 1.301 0.001
будут 0.002 0.301 0.001
человека 0.001 0.328 0.0
остальному 0.001 2.0 0.002
техники 0.001 1.301 0.001
сидят 0.001 1.301 0.001
несколько 0.001 0.201 0.0
прямо 0.001 0.357 0.0
кого-то 0.001 1.097 0.001
блокпост 0.001 1.523 0.002
картинки 0.001 1.699 0.002
позднее 0.001 1.155 0.001
безуспешно 0.001 1.398 0.001
могут 0.001 0.187 0.0
получил 0.001 0.959 0.001
бомбоубежищам 0.001 2.0 0.002
многоэтажки 0.001 1.523 0.002
воспрепятствовать 0.001 2.0 0.002
день 0.004 0.328 0.001
автобусы 0.001 1.523 0.002
солдаты 0.002 1.222 0.002
боев 0.001 1.398 0.001
перестрелки 0.001 2.0 0.002
этих 0.001 0.337 0.0
украинцы 0.001 0.886 0.001
никакой 0.001 0.854 0.001
населенный 0.001 2.0 0.002
проукраинские 0.001 2.0 0.002
территориях 0.001 1.398 0.001
работать 0.001 0.409 0.0
которой 0.001 0.377 0.0
готовят 0.001 1.523 0.002
мариуполе 0.006 0.824 0.005
пригородах 0.001 2.0 0.002
неподалеку 0.002 1.301 0.003
обстреле 0.002 1.301 0.003
вообще 0.001 0.066 0.0
фиксировать 0.001 1.523 0.002
ползли 0.001 2.0 0.002
лишь 0.001 0.481 0.0
постановкой 0.001 1.699 0.002
дни 0.001 0.721 0.001
точек 0.001 1.398 0.001
ситуации 0.002 0.721 0.001
истории 0.004 0.337 0.001
момент 0.001 0.481 0.0
успевает 0.001 1.398 0.001
школы 0.001 0.886 0.001
неужели 0.002 1.155 0.002
столько 0.001 0.921 0.001
количество 0.002 0.62 0.001
степени 0.001 0.721 0.001
попов 0.001 2.0 0.002
городе 0.009 0.678 0.006
куча 0.002 1.222 0.002
обстреливают 0.001 1.523 0.002
журналистом 0.001 1.523 0.002
нашли 0.002 0.066 0.0
уличных 0.001 1.699 0.002
связи 0.005 0.0 0.0
определенные 0.001 1.155 0.001
ребенок 0.002 1.222 0.002
медуза 0.006 0.066 0.0
одного 0.002 0.432 0.001
городом 0.002 2.0 0.004
единственное 0.002 1.301 0.003
нам 0.005 0.086 0.0
содрогался 0.001 2.0 0.002
помочь 0.002 0.131 0.0
скорее 0.001 0.509 0.001
показать 0.001 1.155 0.001
последние 0.001 0.456 0.0
блокаде 0.001 2.0 0.002
хотели 0.001 1.097 0.001
этому 0.001 0.432 0.0
уточнил 0.001 1.523 0.002
говорили 0.004 0.796 0.003
наших 0.001 0.658 0.001
продолжаем 0.001 0.699 0.001
бомбят 0.001 1.0 0.001
юридическим 0.001 0.102 0.0
город 0.006 0.699 0.004
некоторой 0.001 1.398 0.001
национальностей 0.001 2.0 0.002
военные 0.004 0.796 0.003
материалам 0.001 0.066 0.0
срочно 0.001 0.167 0.0
выбраться 0.001 1.0 0.001
поповым 0.001 2.0 0.002
украинская 0.001 1.046 0.001
городов 0.001 0.796 0.001
несмотря 0.004 0.456 0.002
дым 0.001 1.398 0.001
выходит 0.001 0.959 0.001
нынешней 0.001 1.155 0.001
выносят 0.001 2.0 0.002
знакомые 0.001 1.398 0.001
самых 0.002 0.62 0.001
сбрасывают 0.001 1.699 0.002
западных 0.001 0.854 0.001
иностранным 0.001 0.097 0.0
утром 0.001 1.046 0.001
центре 0.001 0.886 0.001
захваченных 0.001 1.699 0.002
погибших 0.001 1.097 0.001
гуманитарном 0.001 1.699 0.002
своих 0.001 0.398 0.0
более-менее 0.001 1.155 0.001
населенных 0.001 1.523 0.002
как-то 0.001 0.699 0.001
что-то 0.001 0.569 0.001
страдают 0.001 1.523 0.002
сюжет 0.001 1.523 0.002
ctrl+enter 0.001 0.066 0.0
отделение 0.001 1.398 0.001
пострадали 0.001 1.523 0.002
безопасно 0.001 0.066 0.0
новостиисторииразборшапитокоронавирусмагаз 0.001 0.066 0.0
пару 0.001 0.77 0.001
тяжелая 0.001 1.398 0.001
вернешься 0.001 2.0 0.002
инфраструктуру 0.001 1.523 0.002
полмиллиона 0.001 1.699 0.002
части 0.002 0.854 0.002
youtube 0.001 0.06 0.0
должны 0.001 0.432 0.0
создано 0.001 0.097 0.0
попадали 0.001 1.523 0.002
катастрофа 0.001 1.398 0.001
останавливать 0.001 1.398 0.001
которая 0.001 0.301 0.0
переселенцев 0.001 2.0 0.002
поддержите 0.001 0.102 0.0
убежища 0.001 1.301 0.001
долетали 0.001 2.0 0.002
думаю 0.001 0.721 0.001
населения 0.004 0.658 0.003
достаточно 0.001 0.444 0.0
наносить 0.001 1.699 0.002
глаз 0.001 1.523 0.002
снаряды 0.001 1.523 0.002
граждане 0.001 1.222 0.001
мои 0.001 0.854 0.001
сегодня 0.002 0.638 0.001
гуманитарный 0.002 1.398 0.003
поэтому 0.004 0.328 0.001
уничтожают 0.001 1.699 0.002
ультиматума 0.001 2.0 0.002
средством 0.001 0.102 0.0
хочется 0.001 0.921 0.001
воды 0.007 0.745 0.005
выполняющим 0.002 0.097 0.0
расстрелы 0.001 2.0 0.002
рыдают 0.001 2.0 0.002
году 0.001 0.367 0.0
перекрестным 0.001 2.0 0.002
ошибку 0.001 0.066 0.0
девочка 0.002 1.301 0.003
сами 0.001 0.538 0.001
записывать 0.001 1.699 0.002
турков 0.001 1.699 0.002
ради 0.001 1.046 0.001
запорожья 0.004 2.0 0.008
тушить 0.001 1.523 0.002
разбитой 0.001 2.0 0.002
говорят 0.001 0.432 0.0
задачи 0.001 1.301 0.001
соседей 0.001 1.699 0.002
безопасность 0.001 0.921 0.001
абсолютно 0.001 0.721 0.001
дозвониться 0.001 1.699 0.002
черте 0.001 2.0 0.002
выходить 0.001 1.046 0.001
данные 0.002 0.066 0.0
дальнейшей 0.001 1.523 0.002
бесконечно 0.001 1.398 0.001
запорожской 0.001 1.398 0.001
дают 0.001 0.721 0.001
бомбили 0.001 1.398 0.001
помочьхочу 0.001 0.886 0.001
киев 0.001 0.77 0.001
роют 0.001 2.0 0.002
гарантировать 0.001 1.301 0.001
баз 0.001 1.699 0.002
разбор 0.002 0.387 0.001
больницу 0.001 1.097 0.001
газа 0.001 1.222 0.001
дойдешь 0.001 2.0 0.002
нажмите 0.001 0.066 0.0
военных 0.004 0.699 0.003
разжигают 0.001 2.0 0.002
блокады 0.001 1.523 0.002
чужие 0.001 2.0 0.002
стран 0.001 0.469 0.0
население 0.001 0.959 0.001
российский 0.001 0.638 0.001
армян 0.001 2.0 0.002
идет 0.001 0.367 0.0
продолжает 0.002 0.658 0.001
российских 0.005 0.337 0.002
числе 0.002 0.31 0.001
других 0.002 0.26 0.001
иностранного 0.002 0.102 0.0
человек 0.004 0.215 0.001
красивую 0.001 2.0 0.002
материал 0.001 0.086 0.0
большой 0.001 0.569 0.001
травма 0.002 1.523 0.003
какого-то 0.001 1.398 0.001
maloletka 0.002 1.301 0.003
дом 0.001 0.824 0.001
сторона 0.002 1.222 0.002
забрать 0.001 1.398 0.001
обстрел 0.006 1.046 0.006
– 0.001 0.06 0.0
жертва 0.001 2.0 0.002
жителей 0.001 0.569 0.001
время 0.001 0.102 0.0
боится 0.001 1.523 0.002
тепла 0.002 1.301 0.003
leta 0.002 0.301 0.001
результате 0.001 0.62 0.001
нами 0.001 0.066 0.0
хотят 0.004 0.745 0.003
остаюсь 0.001 2.0 0.002
российская 0.001 0.658 0.001
розовку 0.001 2.0 0.002
тяжело 0.001 0.796 0.001
окраинах 0.001 1.301 0.001
гражданской 0.001 1.523 0.002
полз 0.001 2.0 0.002
закрепляться 0.001 2.0 0.002
танков 0.001 1.398 0.001
рекламаmeduza 0.001 0.066 0.0
никто 0.002 0.523 0.001
въезда 0.001 1.523 0.002
огневых 0.001 2.0 0.002
жесткого 0.001 2.0 0.002
лицом 0.001 0.102 0.0
умерла 0.001 1.097 0.001
функции 0.002 0.097 0.0
журналист 0.001 1.0 0.001
выпал 0.001 2.0 0.002
уехать 0.001 1.0 0.001
ранены 0.001 2.0 0.002
неделю 0.002 0.721 0.001
пожарные 0.001 1.699 0.002
подконтрольные 0.001 2.0 0.002
среди 0.001 0.42 0.0
отношения 0.001 0.921 0.001
полнейший 0.001 2.0 0.002
хоронят 0.002 1.155 0.002
обстреливать 0.002 1.155 0.002
дети 0.001 0.721 0.001
инфраструктуре 0.001 2.0 0.002
издание 0.001 0.721 0.001
назад 0.007 0.18 0.001
расстреляли 0.001 1.699 0.002
жалеет 0.001 2.0 0.002
помогло 0.001 1.398 0.001
перейти 0.001 0.066 0.0
электричества 0.005 1.0 0.005
поддержать 0.001 0.066 0.0
украинских 0.002 0.824 0.002
ранение 0.001 1.523 0.002
источник 0.001 0.174 0.0
телеканала 0.001 1.046 0.001
света 0.001 1.523 0.002
детьми 0.001 1.301 0.001
какие-то 0.001 0.538 0.001
нереально 0.001 2.0 0.002
кодекс 0.001 0.066 0.0
разбираем 0.002 1.097 0.002
хочу 0.002 0.137 0.0
наносятся 0.001 2.0 0.002
скоро 0.001 0.796 0.001
могилах 0.002 1.155 0.002
6-летняя 0.001 2.0 0.002
мультинациональный 0.001 2.0 0.002
находились 0.002 1.222 0.002
бомбардировки 0.001 1.699 0.002
люди 0.013 0.276 0.004
данное 0.001 0.097 0.0
сфальсифицировала 0.002 1.301 0.003
какой-то 0.001 0.538 0.001
находится 0.006 0.678 0.004
попытка 0.001 1.398 0.001
маленькая 0.001 1.222 0.001
коридор 0.004 1.097 0.004
вышли 0.001 1.0 0.001
правила 0.001 0.066 0.0
отправить 0.001 1.301 0.001
поговорила 0.001 0.886 0.001
пунктов 0.001 0.959 0.001
вконтакте 0.001 0.066 0.0
сложная 0.001 1.398 0.001
могу 0.001 0.658 0.001
сказать 0.002 0.495 0.001
live 0.001 0.022 0.0
освобождают 0.002 1.301 0.003
жертв 0.001 1.097 0.001
ад 0.001 2.0 0.002
возможности 0.002 0.77 0.002
некоторым 0.001 1.222 0.001
блог 0.001 0.066 0.0
инстаграм 0.001 0.066 0.0
© 0.001 0.0 0.0
живым 0.001 1.523 0.002
выделите 0.001 0.066 0.0
разных 0.001 0.398 0.0
власти 0.001 0.387 0.0
ситуация 0.001 0.569 0.001
звука 0.001 2.0 0.002
практически 0.005 0.602 0.003
районах 0.001 1.301 0.001
недели 0.002 0.42 0.001
meduzacare 0.001 0.066 0.0
забрали 0.001 1.301 0.001
картинку 0.001 1.699 0.002
представляю 0.001 1.523 0.002
попало 0.001 1.097 0.001
начинают 0.001 0.886 0.001
рекомендуют 0.001 0.796 0.001
кнопка 0.001 0.066 0.0
помню 0.001 1.155 0.001
мирное 0.001 1.301 0.001
вечерняя 0.001 0.066 0.0
это 0.015 0.066 0.001
связь 0.001 0.721 0.001
еду 0.001 0.886 0.001
другие 0.001 0.268 0.0
готовы 0.002 0.678 0.001
назвать 0.001 0.959 0.001
психологическая 0.001 1.398 0.001
марши 0.001 1.699 0.002
поддержки 0.002 0.066 0.0
массовые 0.001 1.046 0.001
артиллерией 0.001 1.523 0.002
двумя 0.001 0.678 0.001
помощь 0.002 0.097 0.0
обезвоживания 0.001 1.699 0.002
начинали 0.001 1.398 0.001
читателей 0.001 0.658 0.001
пропустили 0.001 2.0 0.002
учреждение 0.001 1.523 0.002
последний 0.001 0.824 0.001
работаем 0.002 0.161 0.0
кому-то 0.001 1.046 0.001
мифов 0.002 1.301 0.003
двух 0.001 0.377 0.0
артем 0.001 1.046 0.001
дня 0.002 0.523 0.001
такая 0.001 0.553 0.001
войны 0.002 0.42 0.001
места 0.002 0.886 0.002
братских 0.002 1.155 0.002
покинул 0.001 1.523 0.002
подтягивают 0.001 2.0 0.002
независимое 0.001 0.721 0.001
укрепрайонов 0.001 2.0 0.002
фаза 0.001 1.301 0.001
туда 0.001 0.921 0.001
24/7 0.001 0.102 0.0
градами 0.001 2.0 0.002
android 0.001 0.066 0.0
english 0.001 0.06 0.0
фейком 0.001 1.523 0.002
новости 0.001 0.481 0.0
большая 0.001 0.77 0.001
грабят 0.001 2.0 0.002
evgeniy 0.002 1.301 0.003
начнется 0.001 1.222 0.001
начался 0.001 0.921 0.001
гражданскую 0.001 1.699 0.002
теплая 0.001 1.699 0.002
огнем 0.001 2.0 0.002
выходят 0.001 1.155 0.001
просит 0.001 1.523 0.002
нужна 0.004 0.092 0.0
бомбоубежищах 0.002 1.155 0.002
марта 0.005 0.319 0.002
поддержка 0.001 0.167 0.0
города 0.009 0.638 0.006
людям 0.002 0.678 0.001
городу 0.001 1.222 0.001
3-минутный 0.001 2.0 0.002
сильнейший 0.001 2.0 0.002
больница 0.001 1.301 0.001
организован 0.001 2.0 0.002
аргументы 0.002 0.77 0.002
областей 0.002 1.398 0.003
всем 0.001 0.252 0.0
дома 0.004 0.638 0.003
наименьшее 0.001 2.0 0.002
гражданским 0.001 1.523 0.002
подвалах 0.004 1.222 0.005
требования 0.001 0.066 0.0
выехать 0.002 1.301 0.003
связаться 0.001 0.066 0.0
семейная 0.002 1.523 0.003
утюжить 0.001 2.0 0.002
роддома 0.002 1.155 0.002
происходит 0.001 0.387 0.0
россию 0.001 0.678 0.001
информации 0.001 0.102 0.0
набрать 0.001 1.155 0.001
тех 0.001 0.26 0.0
тяжелой 0.001 0.959 0.001
кипятить 0.001 2.0 0.002
хватило 0.001 2.0 0.002
больницы 0.004 0.77 0.003
объяснили 0.001 1.222 0.001
знаю 0.004 0.721 0.003
риа 0.001 1.301 0.001
уничтожать 0.001 1.699 0.002
ними 0.001 0.585 0.001
казаться 0.001 1.398 0.001
медузе 0.002 0.066 0.0
районе 0.001 0.886 0.001
танки 0.001 1.046 0.001
шестая 0.001 2.0 0.002
репортаж 0.002 0.699 0.001
точно 0.001 0.481 0.0
подавлены 0.001 2.0 0.002
facebook 0.001 0.0 0.0
напуганы 0.001 2.0 0.002
медузу 0.002 0.066 0.0
бомбоубежищ 0.001 1.699 0.002
обработки 0.001 0.066 0.0
военным 0.001 1.301 0.001
закапывают 0.001 1.699 0.002
подразделения 0.001 1.523 0.002
хочет 0.002 0.854 0.002
стороны 0.002 0.432 0.001
россия 0.002 0.398 0.001
сутки 0.001 1.0 0.001
вылетали 0.001 2.0 0.002
массовой 0.001 0.097 0.0
хаотические 0.001 2.0 0.002
живут 0.002 0.886 0.002
кто-то 0.001 0.602 0.001
стояла 0.001 1.398 0.001
гуманитарной 0.001 1.398 0.001
воду 0.001 1.097 0.001
понимаю 0.004 0.796 0.003
находятся 0.005 0.854 0.004
бомбы 0.001 1.398 0.001
scanpix 0.002 0.301 0.001
лекарств 0.002 0.824 0.002
оказывается 0.001 0.886 0.001
мужчина 0.001 1.523 0.002
религиозные 0.001 2.0 0.002
спасибоgiphyза 0.001 0.066 0.0
показывать 0.001 0.066 0.0
пара 0.002 1.301 0.003
мертвых 0.001 2.0 0.002
twitter 0.001 0.0 0.0
войск 0.002 1.046 0.002
улице 0.001 0.886 0.001
рулем 0.001 1.523 0.002
каждом 0.001 1.097 0.001
пожалуйста 0.001 0.102 0.0
ванной 0.001 1.699 0.002
платформы 0.002 0.066 0.0
выезжали 0.005 1.398 0.007
полная 0.001 1.398 0.001
представителей 0.001 1.0 0.001
донецкой 0.002 1.301 0.003
первая 0.001 0.77 0.001
персональные 0.001 0.066 0.0
очень 0.002 0.149 0.0
осколок 0.001 1.699 0.002
которые 0.002 0.119 0.0
последнее 0.001 1.097 0.001
многих 0.001 0.658 0.001
путин 0.002 0.658 0.001
квартире 0.001 1.301 0.001
лужам 0.001 2.0 0.002
стреляли 0.001 1.523 0.002
meduza 0.004 0.0 0.0
соседи 0.001 1.523 0.002
кого 0.001 0.509 0.001
греков 0.001 2.0 0.002
смысле 0.001 1.301 0.001
знакомая 0.001 1.699 0.002
немного 0.001 0.77 0.001
прошли 0.001 0.796 0.001
родильное 0.001 1.699 0.002
магазины 0.001 1.398 0.001
попытается 0.001 1.699 0.002
снег 0.001 1.699 0.002
пострадавших 0.001 1.155 0.001
луганской 0.001 1.523 0.002
перестанут 0.001 1.301 0.001
плюс 0.001 1.046 0.001
уедут 0.001 2.0 0.002
идти 0.001 1.046 0.001
гражданских 0.001 1.398 0.001
попал 0.001 1.155 0.001
российским 0.002 0.092 0.0
захватят 0.001 1.699 0.002
спойлер 0.002 0.796 0.002
некого 0.001 1.523 0.002
беззащитные 0.001 2.0 0.002
реклама 0.002 0.066 0.0
однако 0.001 0.337 0.0
делать 0.001 0.276 0.0
интересах 0.002 0.167 0.0
ap 0.002 0.854 0.002
сообщение 0.001 0.102 0.0
авиаудары 0.002 1.523 0.003
сделать 0.001 0.357 0.0
