вакцинами 0.001 0.921 0.001
мероприятий 0.001 1.398 0.001
беременные 0.001 2.0 0.002
первой 0.002 0.678 0.001
ресторанах 0.001 2.0 0.002
сертификата 0.001 1.523 0.002
наличие 0.001 1.0 0.001
редакции 0.002 0.066 0.0
салоны 0.001 2.0 0.002
путешествует 0.001 2.0 0.002
отменено 0.001 1.523 0.002
баннерам 0.001 0.066 0.0
действий 0.001 0.699 0.001
следующий 0.001 0.796 0.001
россии 0.001 0.119 0.0
усмотрение 0.001 1.523 0.002
считают 0.002 0.721 0.001
фиксируют 0.001 1.699 0.002
гифки 0.001 0.066 0.0
переболевшие 0.001 1.301 0.001
агента 0.002 0.097 0.0
людей 0.003 0.161 0.0
омикрона 0.003 0.921 0.003
правительстве 0.002 1.699 0.003
нидерланды 0.001 1.398 0.001
кроме 0.001 0.387 0.0
спад 0.001 1.523 0.002
вынуждены 0.001 1.097 0.001
рекомендует 0.001 0.886 0.001
учетом 0.001 0.921 0.001
детям 0.001 1.0 0.001
режима 0.001 1.0 0.001
тысячи 0.006 0.721 0.004
применять 0.001 1.097 0.001
введена 0.001 1.523 0.002
разрешалось 0.001 2.0 0.002
in 0.001 0.0 0.0
отмены 0.001 1.699 0.002
другую 0.001 0.959 0.001
европе 0.005 0.658 0.003
узнали 0.001 1.0 0.001
австрия 0.001 1.398 0.001
алкоголь 0.003 1.222 0.004
локдаун 0.002 1.398 0.003
касаются 0.001 1.398 0.001
домохозяйство 0.001 2.0 0.002
джонсон 0.001 2.0 0.002
ожидают 0.001 1.699 0.002
праздников 0.001 2.0 0.002
предъявлении 0.001 2.0 0.002
риск 0.001 0.538 0.001
анонимно 0.001 0.066 0.0
резиденции 0.001 2.0 0.002
заболевших 0.001 0.824 0.001
ваша 0.002 0.102 0.0
ночные 0.001 1.699 0.002
цветовым 0.001 2.0 0.002
евросоюз 0.001 1.155 0.001
перегрузка 0.001 2.0 0.002
силами 0.001 1.398 0.001
парикмахерским 0.001 2.0 0.002
рейтинг 0.001 1.0 0.001
высоким 0.002 1.046 0.002
тилбург 0.001 2.0 0.002
прибывающих 0.001 1.699 0.002
читателейнам 0.001 0.174 0.0
предъявлять 0.002 1.699 0.003
куки 0.001 0.066 0.0
страны 0.006 0.444 0.003
общественных 0.002 1.222 0.002
восприняли 0.001 2.0 0.002
недавно 0.001 0.62 0.001
заменив 0.001 1.699 0.002
ноября 0.001 0.745 0.001
никаких 0.001 0.602 0.001
rob 0.001 2.0 0.002
внутренние 0.001 1.097 0.001
вызвало 0.001 1.398 0.001
отвлечь 0.001 2.0 0.002
родственников 0.001 1.301 0.001
десятки 0.001 0.745 0.001
использование 0.001 0.066 0.0
площадок 0.001 1.222 0.001
границе 0.001 1.046 0.001
владельцев 0.001 2.0 0.002
алкогольных 0.001 2.0 0.002
требованиях 0.001 2.0 0.002
дания 0.001 1.523 0.002
порядку 0.001 0.066 0.0
временные 0.001 2.0 0.002
уступки 0.001 1.699 0.002
рухнул 0.001 1.523 0.002
туристов 0.001 1.699 0.002
странами 0.002 1.046 0.002
года 0.001 0.167 0.0
достиг 0.001 1.699 0.002
190-200 0.001 2.0 0.002
en 0.001 0.066 0.0
продуктовый 0.001 2.0 0.002
смягчать 0.001 2.0 0.002
снимая 0.001 2.0 0.002
расследование 0.001 1.301 0.001
отделений 0.001 2.0 0.002
проверять 0.001 1.097 0.001
нидерландском 0.001 2.0 0.002
одним 0.001 0.569 0.001
закрыться 0.001 2.0 0.002
музеев 0.002 1.699 0.003
распространено 0.001 0.102 0.0
ios 0.001 0.066 0.0
будут 0.001 0.301 0.0
действие 0.001 1.398 0.001
обязательным 0.001 1.523 0.002
предъявить 0.001 1.523 0.002
открывают 0.001 1.301 0.001
локдауна 0.001 1.699 0.002
непривитых 0.005 1.155 0.006
клубов 0.001 1.699 0.002
вместо 0.001 0.77 0.001
каждое 0.001 1.699 0.002
обстоятельствам 0.001 2.0 0.002
основном 0.001 0.553 0.001
любом 0.001 0.854 0.001
день 0.003 0.328 0.001
рекомендации 0.002 0.824 0.002
пообещали 0.001 1.699 0.002
полностью 0.001 0.538 0.001
медузы 0.002 0.268 0.001
отмену 0.001 2.0 0.002
engelaar 0.001 2.0 0.002
прошлое 0.001 1.398 0.001
передвижение 0.001 2.0 0.002
перемещения 0.001 1.699 0.002
заболеваемость 0.003 1.046 0.003
навещать 0.001 2.0 0.002
концертных 0.001 1.699 0.002
работать 0.001 0.409 0.0
входе 0.001 1.699 0.002
которой 0.001 0.377 0.0
пошел 0.001 1.097 0.001
барах 0.001 2.0 0.002
сих 0.001 0.481 0.0
прогулку 0.001 1.699 0.002
большее 0.001 1.699 0.002
вообще 0.001 0.066 0.0
первую 0.001 0.638 0.001
аптек 0.001 1.523 0.002
вакцинировался 0.001 1.699 0.002
пошло 0.001 1.155 0.001
бориса 0.002 1.699 0.003
проведении 0.001 1.523 0.002
ес 0.007 1.0 0.007
числом 0.001 1.398 0.001
заведениям 0.001 2.0 0.002
количество 0.009 0.62 0.006
пцр-тестов 0.001 1.699 0.002
приезжающих 0.001 2.0 0.002
городе 0.001 0.678 0.001
своем 0.001 0.745 0.001
миллионов 0.002 0.638 0.001
рождество 0.001 2.0 0.002
период 0.001 0.796 0.001
нашли 0.001 0.066 0.0
связи 0.002 0.0 0.0
залов 0.001 1.699 0.002
медуза 0.003 0.066 0.0
заболеваемостью 0.001 1.699 0.002
требуется 0.001 0.959 0.001
антиковидные 0.001 1.398 0.001
смягчение 0.001 2.0 0.002
парикмахерские 0.001 2.0 0.002
нам 0.001 0.086 0.0
обвиняют 0.001 1.301 0.001
сообщество 0.001 1.398 0.001
помочь 0.001 0.131 0.0
инструкция 0.002 0.796 0.002
премьер-министра 0.001 1.523 0.002
значений 0.001 1.155 0.001
зависимости 0.001 0.796 0.001
юридическим 0.001 0.102 0.0
заболеванием 0.001 1.155 0.001
расти 0.006 1.301 0.008
тест 0.001 1.222 0.001
местах 0.002 1.222 0.002
материалам 0.001 0.066 0.0
уровнем 0.002 1.046 0.002
срочно 0.001 0.167 0.0
роде 0.001 2.0 0.002
несмотря 0.001 0.456 0.0
случае 0.001 0.357 0.0
ограничения 0.009 0.745 0.007
джонсона 0.003 2.0 0.006
привился 0.001 1.398 0.001
бар 0.001 2.0 0.002
вечеринки 0.001 2.0 0.002
стали 0.001 0.42 0.0
магазин 0.001 1.222 0.001
самых 0.001 0.62 0.001
обязательную 0.001 1.699 0.002
начнет 0.001 1.523 0.002
наибольшей 0.001 1.699 0.002
иностранным 0.001 0.097 0.0
возвращает 0.001 1.699 0.002
столиком 0.001 2.0 0.002
европейский 0.002 1.097 0.002
британцам 0.001 1.699 0.002
ковид-сертификатов 0.001 2.0 0.002
нужно 0.001 0.237 0.0
борис 0.001 1.523 0.002
низким 0.001 1.699 0.002
секс-шопам 0.001 2.0 0.002
необходимости 0.001 0.854 0.001
свои 0.001 0.481 0.0
коронавирусом 0.001 0.699 0.001
штраф 0.001 1.523 0.002
решение 0.001 0.509 0.001
сертификат 0.001 1.155 0.001
ctrl+enter 0.001 0.066 0.0
февраля 0.005 0.387 0.002
безопасно 0.001 0.066 0.0
общественного 0.003 1.155 0.003
новостиисторииразборшапитокоронавирусмагаз 0.001 0.066 0.0
youtube 0.001 0.06 0.0
должны 0.001 0.432 0.0
вакцинированными 0.001 1.301 0.001
магазинов 0.001 1.222 0.001
пцр-тест 0.001 1.699 0.002
поездок 0.001 1.398 0.001
создано 0.001 0.097 0.0
epa 0.001 0.959 0.001
недовольство 0.001 1.699 0.002
ограничений 0.006 0.824 0.005
здравоохранения 0.001 0.658 0.001
локдаунов 0.002 1.398 0.003
тестами 0.001 2.0 0.002
протеста 0.002 1.222 0.002
поддержите 0.001 0.102 0.0
великобритания 0.002 1.301 0.003
умирающих 0.001 2.0 0.002
достаточно 0.003 0.444 0.001
обладателей 0.001 2.0 0.002
рекордная 0.001 1.699 0.002
отрицательный 0.001 1.699 0.002
разрешение 0.001 1.301 0.001
многие 0.001 0.284 0.0
средством 0.001 0.102 0.0
хочется 0.002 0.921 0.002
жесткой 0.001 1.699 0.002
выполняющим 0.002 0.097 0.0
пускали 0.001 1.699 0.002
внутри 0.003 0.745 0.002
четыре 0.001 0.569 0.001
возможность 0.001 0.569 0.001
обязательный 0.001 2.0 0.002
ошибку 0.001 0.066 0.0
евросоюза 0.001 1.222 0.001
давления 0.001 1.0 0.001
резкий 0.001 1.523 0.002
грозит 0.001 1.155 0.001
лет 0.001 0.252 0.0
распространения 0.001 0.678 0.001
разрешили 0.001 1.097 0.001
прививки 0.001 0.638 0.001
культуры 0.001 1.046 0.001
маникюрные 0.001 2.0 0.002
фактически 0.001 0.721 0.001
вступит 0.001 2.0 0.002
сертификаты 0.001 1.523 0.002
наиболее 0.001 0.745 0.001
выходить 0.001 1.046 0.001
данные 0.001 0.066 0.0
противопоказания 0.001 1.155 0.001
объявили 0.001 0.921 0.001
кинотеатрам 0.001 1.699 0.002
мера 0.001 1.398 0.001
рестораны 0.003 1.699 0.005
районов 0.001 1.398 0.001
отменят 0.001 2.0 0.002
нажмите 0.001 0.066 0.0
случаев 0.008 0.658 0.005
стран 0.007 0.469 0.003
население 0.006 0.959 0.006
употребляют 0.001 2.0 0.002
некоторых 0.002 0.523 0.001
идет 0.001 0.367 0.0
продолжает 0.008 0.658 0.005
считаться 0.001 1.699 0.002
российских 0.001 0.337 0.0
числе 0.001 0.31 0.0
новых 0.008 0.678 0.005
подвергался 0.001 1.699 0.002
въезд 0.002 1.398 0.003
иностранного 0.002 0.102 0.0
предполагается 0.001 1.699 0.002
общественные 0.001 1.699 0.002
человек 0.001 0.215 0.0
материал 0.001 0.086 0.0
фитнес-центрам 0.001 2.0 0.002
парламенту 0.001 2.0 0.002
сообщества 0.001 1.097 0.001
европейских 0.001 1.046 0.001
месяца 0.002 0.745 0.001
запрещали 0.001 2.0 0.002
освобождены 0.001 2.0 0.002
австрийцев 0.001 1.699 0.002
– 0.001 0.06 0.0
привитые 0.001 1.222 0.001
жителей 0.001 0.569 0.001
время 0.006 0.102 0.001
leta 0.001 0.301 0.0
снять 0.001 1.301 0.001
нами 0.001 0.066 0.0
перестанет 0.001 1.398 0.001
путешественников 0.002 2.0 0.004
магазинам 0.001 1.523 0.002
новые 0.001 0.602 0.001
ирландия 0.001 1.699 0.002
рекламаmeduza 0.001 0.066 0.0
составит 0.001 1.523 0.002
суммарно 0.001 1.523 0.002
въезда 0.001 1.523 0.002
спецназа 0.001 1.699 0.002
работы 0.002 0.553 0.001
рекомендуется 0.001 1.046 0.001
лицом 0.001 0.102 0.0
функции 0.002 0.097 0.0
тысяч 0.001 0.337 0.0
неделю 0.001 0.721 0.001
совета 0.001 0.959 0.001
устроили 0.001 1.523 0.002
закрытыми 0.001 1.398 0.001
среди 0.001 0.42 0.0
снимают 0.001 1.301 0.001
решения 0.001 0.638 0.001
предпринимаются 0.001 2.0 0.002
снятия 0.001 1.699 0.002
касается 0.001 0.602 0.001
отменяет 0.002 2.0 0.004
быстро 0.001 0.495 0.0
столкнулась 0.001 2.0 0.002
дети 0.001 0.721 0.001
известят 0.001 2.0 0.002
привитых 0.002 0.824 0.002
совет 0.001 1.155 0.001
одними 0.001 2.0 0.002
назад 0.002 0.18 0.0
препаратами 0.001 1.097 0.001
обязательной 0.002 1.523 0.003
магнус 0.001 2.0 0.002
заведения 0.001 1.699 0.002
премьер 0.001 1.523 0.002
закрыто 0.001 2.0 0.002
оставлено 0.001 2.0 0.002
заведений 0.001 1.523 0.002
перейти 0.001 0.066 0.0
поддержать 0.001 0.066 0.0
источник 0.001 0.174 0.0
провели 0.001 1.222 0.001
стране 0.002 0.523 0.001
отменой 0.001 1.699 0.002
допущенных 0.001 2.0 0.002
запрет 0.003 1.155 0.003
кодекс 0.001 0.066 0.0
предложением 0.001 1.523 0.002
хочу 0.001 0.137 0.0
рост 0.001 1.046 0.001
также 0.012 0.237 0.003
одобренными 0.001 1.699 0.002
уровня 0.001 0.959 0.001
ковид 0.001 0.796 0.001
больниц 0.001 1.301 0.001
масок 0.001 1.097 0.001
продажу 0.001 1.523 0.002
ближайшее 0.001 0.959 0.001
работу 0.001 0.658 0.001
интенсивной 0.001 2.0 0.002
данное 0.001 0.097 0.0
отечественными 0.001 2.0 0.002
клубы 0.001 2.0 0.002
носить 0.001 1.097 0.001
воз 0.001 0.796 0.001
жизненно 0.001 2.0 0.002
общества 0.001 0.824 0.001
критики 0.001 1.301 0.001
пор 0.001 0.387 0.0
правила 0.001 0.066 0.0
рютте 0.001 2.0 0.002
вакцинации 0.008 0.553 0.004
требование 0.003 1.155 0.003
вконтакте 0.001 0.066 0.0
системам 0.001 2.0 0.002
сохранят 0.001 1.699 0.002
вслед 0.001 1.523 0.002
live 0.001 0.022 0.0
массовых 0.001 1.301 0.001
блог 0.001 0.066 0.0
инстаграм 0.001 0.066 0.0
© 0.001 0.0 0.0
важным 0.001 1.097 0.001
дании 0.003 1.523 0.005
пиковых 0.001 2.0 0.002
карту 0.001 1.523 0.002
выделите 0.001 0.066 0.0
кафе 0.003 1.097 0.003
власти 0.007 0.387 0.003
получить 0.002 0.553 0.001
публиковать 0.001 1.155 0.001
читайте 0.003 0.745 0.002
недели 0.001 0.42 0.0
омикроном 0.001 1.155 0.001
континенте 0.001 1.699 0.002
терапии 0.001 1.523 0.002
питания 0.002 1.301 0.003
meduzacare 0.001 0.066 0.0
жестких 0.002 1.523 0.003
продавать 0.001 1.155 0.001
скандала 0.001 1.699 0.002
граждан 0.001 0.638 0.001
против 0.001 0.229 0.0
отмена 0.001 1.699 0.002
обратилось 0.001 2.0 0.002
акция 0.001 1.301 0.001
начинают 0.001 0.886 0.001
скотланд-ярд 0.001 2.0 0.002
баров 0.001 1.699 0.002
европу 0.002 1.155 0.002
великобритании 0.002 0.745 0.001
кнопка 0.001 0.066 0.0
снимает 0.002 1.699 0.003
хотя 0.002 0.276 0.001
количества 0.001 1.0 0.001
правительство 0.005 0.824 0.004
открывшийся 0.001 1.699 0.002
акцию 0.001 1.222 0.001
нужны 0.001 0.745 0.001
вечерняя 0.001 0.066 0.0
делали 0.001 1.222 0.001
это 0.006 0.066 0.0
нидерландах 0.001 1.699 0.002
англии 0.001 1.398 0.001
письменно 0.001 1.699 0.002
сильно 0.001 0.509 0.001
массовые 0.001 1.046 0.001
смогут 0.002 0.745 0.001
поддержки 0.001 0.066 0.0
перегрузки 0.001 2.0 0.002
заболеваемости 0.005 0.959 0.005
ношение 0.001 1.301 0.001
въезжать 0.001 2.0 0.002
помощь 0.001 0.097 0.0
начал 0.001 0.796 0.001
датчанам 0.001 2.0 0.002
аптеку 0.001 1.523 0.002
работаем 0.001 0.161 0.0
итоге 0.001 0.62 0.001
страну 0.002 0.796 0.002
сообщило 0.001 1.301 0.001
мероприятия 0.001 1.398 0.001
индустрии 0.001 1.222 0.001
действия 0.001 0.721 0.001
места 0.001 0.886 0.001
40,0 0.001 2.0 0.002
большого 0.001 1.155 0.001
около 0.001 0.432 0.0
участников 0.001 0.824 0.001
минимум 0.001 0.796 0.001
запреты 0.001 1.523 0.002
ночных 0.001 1.699 0.002
24/7 0.001 0.102 0.0
выставки 0.001 1.523 0.002
android 0.001 0.066 0.0
евро 0.001 1.301 0.001
протесты 0.001 1.097 0.001
english 0.001 0.06 0.0
любое 0.001 1.222 0.001
путешественники 0.001 2.0 0.002
темно-красных 0.001 2.0 0.002
непривитым 0.001 2.0 0.002
отсутствие 0.001 0.921 0.001
смиобычным 0.001 2.0 0.002
новости 0.001 0.481 0.0
смягчении 0.001 2.0 0.002
начался 0.001 0.921 0.001
объявил 0.002 1.0 0.002
разделением 0.001 2.0 0.002
поддержка 0.001 0.167 0.0
нужна 0.002 0.092 0.0
действовать 0.001 1.0 0.001
марта 0.001 0.319 0.0
рекорды 0.001 1.523 0.002
подростки 0.001 1.699 0.002
вокруг 0.001 0.721 0.001
ограничили 0.001 1.523 0.002
норвегия 0.002 1.301 0.003
нарушений 0.001 1.699 0.002
норвегии 0.002 1.523 0.003
премьер-министр 0.001 1.699 0.002
спаде 0.001 2.0 0.002
тестов 0.001 1.155 0.001
меры 0.001 0.854 0.001
дома 0.001 0.638 0.001
невакцинированных 0.001 1.301 0.001
полутора 0.002 1.523 0.003
те 0.001 0.357 0.0
высокими 0.001 1.699 0.002
оно 0.001 0.444 0.0
требования 0.002 0.066 0.0
связаться 0.001 0.066 0.0
пика 0.001 2.0 0.002
происходит 0.002 0.387 0.001
информации 0.001 0.102 0.0
разгоняли 0.001 2.0 0.002
закон 0.001 1.0 0.001
объясняют 0.001 1.301 0.001
ограничено 0.001 1.398 0.001
рекомендованным 0.001 2.0 0.002
вечеринок 0.001 1.699 0.002
тех 0.001 0.26 0.0
попасть 0.001 0.921 0.001
считает 0.001 0.678 0.001
продолжит 0.001 1.398 0.001
похожие 0.001 2.0 0.002
глава 0.001 0.824 0.001
марк 0.001 2.0 0.002
женщины 0.001 1.046 0.001
опасным 0.001 1.301 0.001
объяснили 0.002 1.222 0.002
пошла 0.001 1.222 0.001
января 0.013 1.0 0.013
привиться 0.001 0.796 0.001
отменили 0.001 1.523 0.002
снижается 0.001 1.301 0.001
самого 0.001 0.77 0.001
медузе 0.002 0.066 0.0
первый 0.001 0.481 0.0
музеи 0.001 1.699 0.002
facebook 0.001 0.0 0.0
медузу 0.002 0.066 0.0
обработки 0.001 0.066 0.0
этим 0.001 0.337 0.0
станет 0.001 0.678 0.001
хочет 0.001 0.854 0.001
северная 0.001 1.301 0.001
бары 0.002 2.0 0.004
жителям 0.001 1.398 0.001
карантин 0.001 1.699 0.002
массовой 0.001 0.097 0.0
австрии 0.002 1.301 0.003
границы 0.001 1.301 0.001
бьет 0.001 1.523 0.002
большинстве 0.001 1.0 0.001
миллиона 0.006 0.77 0.005
открыты 0.001 1.0 0.001
госпитализаций 0.001 1.398 0.001
scanpix 0.001 0.301 0.0
выставок 0.001 2.0 0.002
отменить 0.001 1.398 0.001
спасибоgiphyза 0.001 0.066 0.0
показывать 0.001 0.066 0.0
товарами 0.001 1.699 0.002
середине 0.002 0.886 0.002
многиероссийскиесми 0.001 2.0 0.002
датчан 0.001 2.0 0.002
twitter 0.001 0.0 0.0
раньше 0.001 0.432 0.0
достигла 0.001 1.523 0.002
сертификатах 0.001 1.699 0.002
пожалуйста 0.001 0.102 0.0
европы 0.002 0.796 0.002
середины 0.002 1.398 0.003
оставили 0.002 1.301 0.003
платформы 0.002 0.066 0.0
ударила 0.001 1.699 0.002
невозможности 0.001 2.0 0.002
каждого 0.001 0.678 0.001
входящих 0.001 1.398 0.001
темпами 0.001 1.699 0.002
запрета 0.002 1.398 0.003
введенные 0.002 1.699 0.003
полиция 0.001 1.301 0.001
собственной 0.001 1.222 0.001
персональные 0.001 0.066 0.0
ежедневное 0.006 1.699 0.01
очень 0.003 0.149 0.0
которые 0.002 0.119 0.0
ранее 0.001 0.62 0.001
смягчили 0.001 2.0 0.002
meduza 0.005 0.0 0.0
кого 0.001 0.509 0.001
декабре 0.001 1.222 0.001
подчеркнул 0.002 2.0 0.004
прошли 0.002 0.796 0.002
маски 0.002 1.301 0.003
разрешило 0.001 1.699 0.002
открыться 0.003 2.0 0.006
странах 0.001 0.495 0.0
приграничных 0.001 2.0 0.002
фоне 0.005 0.796 0.004
минздрава 0.001 0.886 0.001
заведении 0.001 1.699 0.002
свое 0.001 0.721 0.001
внимание 0.001 0.658 0.001
самоизоляцию 0.001 2.0 0.002
эта 0.001 0.367 0.0
увеличиваться 0.001 1.699 0.002
российским 0.001 0.092 0.0
одной 0.001 0.398 0.0
хойнике 0.001 2.0 0.002
декабря 0.002 0.824 0.002
вакцинацию 0.001 0.824 0.001
учреждениям 0.001 2.0 0.002
реклама 0.002 0.066 0.0
однако 0.002 0.337 0.001
делать 0.001 0.276 0.0
из-за 0.006 0.229 0.001
интересах 0.001 0.167 0.0
привились 0.001 1.699 0.002
ковид-сертификат 0.002 1.523 0.003
городах 0.001 1.0 0.001
напитков 0.001 2.0 0.002
обсуждать 0.001 1.398 0.001
сообщение 0.001 0.102 0.0
критике 0.001 2.0 0.002
сделать 0.002 0.357 0.001
