числа 0.0 0.745 0.0
насчитала 0.0 2.0 0.0
редакции 0.001 0.066 0.0
антифашистской 0.0 2.0 0.0
прислала 0.0 1.699 0.0
противостояния 0.0 1.699 0.0
опрошенных 0.0 2.0 0.0
вектор 0.0 1.301 0.0
избыточную 0.0 1.699 0.0
телом 0.0 2.0 0.0
баннерам 0.0 0.066 0.0
сама 0.001 0.658 0.001
организовывал 0.0 1.699 0.0
действительно 0.0 0.377 0.0
медсестры 0.001 2.0 0.002
инфекции 0.001 0.77 0.001
основных 0.0 0.959 0.0
постов 0.0 1.523 0.0
прививках 0.001 1.155 0.001
взаимная 0.0 2.0 0.0
столице 0.0 1.097 0.0
калайджи 0.0 2.0 0.0
телеграм-каналы 0.0 1.699 0.0
режима 0.001 1.0 0.001
люблю 0.0 1.301 0.0
потребовала 0.0 1.523 0.0
посвящены 0.0 2.0 0.0
приветствуют 0.0 2.0 0.0
причем 0.0 0.62 0.0
судя 0.0 0.721 0.0
чиновника 0.0 1.699 0.0
фамилия 0.0 2.0 0.0
сайтах 0.0 1.523 0.0
изредка 0.0 1.699 0.0
лишилась 0.0 1.699 0.0
критически 0.0 1.301 0.0
конца 0.0 0.77 0.0
депутатами 0.0 1.699 0.0
информацию 0.0 0.62 0.0
напомним 0.0 1.155 0.0
федерации 0.0 1.155 0.0
сайта 0.001 1.046 0.001
шансы 0.0 0.959 0.0
немецкая 0.002 1.523 0.003
вакцинированных 0.0 0.678 0.0
партии 0.001 1.046 0.001
высоким 0.0 1.046 0.0
частная 0.0 2.0 0.0
наличия 0.0 1.398 0.0
лидеры 0.0 1.523 0.0
предъявлял 0.0 2.0 0.0
никаких 0.001 0.602 0.001
вклад 0.0 1.398 0.0
антипрививочниками 0.001 1.699 0.002
акту 0.0 2.0 0.0
помощи 0.0 0.77 0.0
nicolas 0.0 2.0 0.0
буркхардт 0.002 2.0 0.004
локдауне 0.0 1.523 0.0
учесть 0.0 1.523 0.0
ученые 0.0 0.678 0.0
честным 0.0 1.699 0.0
странами 0.0 1.046 0.0
навязывают 0.0 1.523 0.0
постоянная 0.0 1.699 0.0
голоса 0.0 2.0 0.0
легитимных 0.0 2.0 0.0
заболеваниями 0.0 1.155 0.0
сохранить 0.0 0.921 0.0
опубликуйте 0.0 2.0 0.0
ловили 0.0 2.0 0.0
разница 0.0 0.886 0.0
одним 0.001 0.569 0.001
deutsche 0.0 1.699 0.0
делает 0.001 0.886 0.001
дней 0.0 0.337 0.0
напрашивался 0.0 2.0 0.0
государственного 0.001 1.0 0.001
коммунарке 0.0 1.699 0.0
затем 0.0 0.678 0.0
поблагодарила 0.0 2.0 0.0
анна 0.001 1.097 0.001
редакцией 0.0 1.523 0.0
xxi 0.0 1.523 0.0
рекомендуем 0.0 1.523 0.0
ковид-диссиденты 0.001 2.0 0.002
завет 0.0 2.0 0.0
активистка 0.0 1.699 0.0
преступлениями 0.0 1.699 0.0
считается 0.0 0.959 0.0
своего 0.0 0.721 0.0
популярного 0.0 1.523 0.0
медузы 0.001 0.268 0.0
отказалась 0.0 0.959 0.0
призвал 0.001 1.155 0.001
вакцинированного 0.0 1.301 0.0
этих 0.001 0.337 0.0
холокостом 0.0 1.699 0.0
писал 0.0 1.046 0.0
трех 0.001 0.638 0.001
противникам 0.001 1.699 0.002
автор 0.001 1.0 0.001
опубликованные 0.0 1.523 0.0
результатах 0.0 1.155 0.0
православного 0.0 1.699 0.0
нерешительность 0.0 2.0 0.0
появляются 0.0 1.097 0.0
дни 0.0 0.721 0.0
омерзительными 0.0 2.0 0.0
ланга 0.0 2.0 0.0
свободным 0.0 1.699 0.0
ситуации 0.0 0.721 0.0
истории 0.001 0.337 0.0
отличается 0.0 0.886 0.0
имбецилами-убийцами 0.001 2.0 0.002
момент 0.001 0.481 0.0
рассуждения 0.0 1.523 0.0
cetera 0.0 2.0 0.0
малы 0.0 2.0 0.0
уколоться 0.0 2.0 0.0
сотрудники 0.0 0.824 0.0
mikrochips 0.0 2.0 0.0
городе 0.0 0.678 0.0
версии 0.003 1.0 0.003
крупных 0.0 0.959 0.0
свинцовым 0.0 2.0 0.0
своем 0.001 0.745 0.001
медийной 0.0 2.0 0.0
нашли 0.0 0.066 0.0
связи 0.001 0.0 0.0
повышенной 0.0 1.398 0.0
медуза 0.004 0.066 0.0
рублей 0.0 1.097 0.0
чисто 0.0 1.301 0.0
месяцев 0.001 0.602 0.001
демонстрируя 0.0 1.699 0.0
нам 0.001 0.086 0.0
буркхардта 0.001 2.0 0.002
англоязычное 0.0 2.0 0.0
допускает 0.0 1.699 0.0
обновление 0.0 1.097 0.0
этому 0.0 0.432 0.0
властей 0.001 0.824 0.001
наших 0.0 0.658 0.0
версий 0.001 2.0 0.002
материалам 0.0 0.066 0.0
побочными 0.0 1.398 0.0
актер 0.0 1.523 0.0
изображения 0.001 1.523 0.002
срочно 0.0 0.167 0.0
ковид-отрицателей 0.001 2.0 0.002
колонкой 0.0 2.0 0.0
говорится 0.0 0.824 0.0
меньше 0.0 0.444 0.0
нынешней 0.0 1.155 0.0
ограничения 0.001 0.745 0.001
правовом 0.0 2.0 0.0
печени 0.0 1.523 0.0
постоянный 0.0 1.699 0.0
самых 0.001 0.62 0.001
риторике 0.0 1.699 0.0
ведущий 0.0 1.301 0.0
фонд 0.0 1.398 0.0
спикеры 0.0 2.0 0.0
главный 0.001 0.638 0.001
пиджака 0.0 1.699 0.0
своих 0.001 0.398 0.0
игнорирует 0.001 2.0 0.002
патологов 0.001 2.0 0.002
должна 0.0 0.538 0.0
немногочисленным 0.0 2.0 0.0
подробного 0.0 2.0 0.0
опубликованного 0.0 1.699 0.0
формы 0.0 1.046 0.0
лимфоциты 0.0 1.699 0.0
внутригерманскому 0.0 2.0 0.0
вакцинам 0.0 0.959 0.0
ctrl+enter 0.0 0.066 0.0
мая 0.0 1.155 0.0
вакцинацией 0.001 0.959 0.001
вакцинировали 0.0 1.699 0.0
октябрю 0.0 2.0 0.0
вероятно 0.0 0.699 0.0
играет 0.001 1.0 0.001
клеймили 0.0 2.0 0.0
профсоюза 0.0 2.0 0.0
значительно 0.0 0.959 0.0
ума 0.0 1.699 0.0
доступа 0.0 1.097 0.0
свободолюбивые 0.0 2.0 0.0
материалом 0.0 1.523 0.0
давида 0.001 2.0 0.002
идею 0.0 1.0 0.0
терпеть 0.0 1.523 0.0
клеток 0.0 1.155 0.0
врачебной 0.0 2.0 0.0
четыре 0.0 0.569 0.0
свободу 0.001 1.0 0.001
июня 0.0 0.854 0.0
сами 0.0 0.538 0.0
немецкой 0.001 1.301 0.001
зарегистрированных 0.0 1.155 0.0
говорил 0.0 0.959 0.0
сообщать 0.0 2.0 0.0
волны 0.0 1.301 0.0
проанализированных 0.001 2.0 0.002
нюрнбергский 0.001 2.0 0.002
непроверенной 0.0 2.0 0.0
остракизму 0.001 2.0 0.002
преимуществам 0.0 2.0 0.0
филипп 0.0 2.0 0.0
11-летняя 0.0 2.0 0.0
главред 0.001 2.0 0.002
похожими 0.0 1.523 0.0
correctiv 0.0 2.0 0.0
считая 0.0 2.0 0.0
рудн 0.0 1.699 0.0
вальтер 0.0 2.0 0.0
гарантирует 0.0 1.155 0.0
французской 0.0 1.699 0.0
аргументам 0.0 2.0 0.0
режимов 0.001 1.523 0.002
обращаются 0.0 1.699 0.0
нажмите 0.0 0.066 0.0
ничтожно 0.0 2.0 0.0
призывов 0.0 2.0 0.0
ивермектина 0.0 2.0 0.0
напарник 0.0 2.0 0.0
rt 0.021 0.824 0.017
российский 0.0 0.638 0.0
пришлось 0.0 0.959 0.0
нормальной 0.0 1.097 0.0
слайде 0.0 2.0 0.0
достигло 0.0 1.523 0.0
министру 0.0 1.699 0.0
других 0.004 0.26 0.001
числе 0.0 0.31 0.0
претензий 0.0 1.301 0.0
иностранного 0.001 0.102 0.0
нынешний 0.0 1.398 0.0
человек 0.001 0.215 0.0
версиях 0.0 1.699 0.0
йоханна 0.0 1.699 0.0
заявила 0.001 1.155 0.001
главные 0.001 0.921 0.001
исследований 0.0 0.585 0.0
зарубежные 0.001 1.155 0.001
– 0.0 0.06 0.0
оба 0.0 0.959 0.0
процент 0.0 1.398 0.0
ковида 0.006 0.444 0.003
leta 0.0 0.301 0.0
нами 0.0 0.066 0.0
стала 0.0 0.569 0.0
теннисиста 0.0 2.0 0.0
участвует 0.0 1.222 0.0
риторику 0.0 1.699 0.0
проанализированным 0.0 2.0 0.0
блокировки 0.001 1.398 0.001
нарушение 0.0 1.523 0.0
восточногерманского 0.0 2.0 0.0
посетителей 0.0 2.0 0.0
освещает 0.001 2.0 0.002
популярнее 0.0 2.0 0.0
роли 0.0 1.155 0.0
лицом 0.0 0.102 0.0
дискуссии 0.0 1.523 0.0
стримами 0.0 2.0 0.0
пересказывают 0.0 2.0 0.0
функции 0.001 0.097 0.0
выбрал 0.0 1.699 0.0
приемам 0.0 2.0 0.0
устроили 0.0 1.523 0.0
смерти 0.001 0.921 0.001
жареной 0.0 2.0 0.0
непривит 0.0 2.0 0.0
отношения 0.0 0.921 0.0
руководство 0.0 1.097 0.0
профессии 0.0 1.699 0.0
апреле 0.0 1.222 0.0
пишут 0.0 0.77 0.0
стратегических 0.0 2.0 0.0
генпрокуратуру 0.001 2.0 0.002
другими 0.0 0.495 0.0
„ 0.005 0.62 0.003
ответила 0.0 1.398 0.0
очередная 0.0 1.398 0.0
обращается 0.0 1.301 0.0
перейти 0.0 0.066 0.0
поддержать 0.0 0.066 0.0
пишет 0.001 0.824 0.001
распространяющих 0.0 2.0 0.0
медиазона 0.0 1.699 0.0
адресованные 0.0 2.0 0.0
автомата 0.0 1.699 0.0
переболели 0.0 1.222 0.0
концу 0.0 1.097 0.0
ковид 0.0 0.796 0.0
самым 0.0 0.921 0.0
ютьюб-канал 0.0 2.0 0.0
гость 0.0 2.0 0.0
качестве 0.001 0.678 0.001
ссылкой 0.001 1.398 0.001
одежде 0.0 1.523 0.0
обществе 0.0 1.398 0.0
данное 0.0 0.097 0.0
посвященных 0.001 1.699 0.002
коек 0.0 2.0 0.0
антипрививочники 0.002 2.0 0.004
артур 0.0 2.0 0.0
заслуженная 0.0 2.0 0.0
корона-политике 0.0 2.0 0.0
сравнению 0.0 0.796 0.0
умерли 0.0 1.155 0.0
вакцинации 0.014 0.553 0.008
многочасовыми 0.0 2.0 0.0
тысячами 0.001 2.0 0.002
live 0.0 0.022 0.0
введении 0.001 1.398 0.001
блог 0.0 0.066 0.0
информационной 0.001 1.222 0.001
разных 0.001 0.398 0.0
условиях 0.0 0.569 0.0
spiegel 0.001 1.301 0.001
ссылок 0.002 1.523 0.003
отличный 0.0 2.0 0.0
le 0.0 2.0 0.0
свободе 0.0 2.0 0.0
meduzacare 0.0 0.066 0.0
говоря 0.0 0.77 0.0
сомнение 0.001 1.523 0.002
федеральной 0.0 1.398 0.0
аналогиям 0.0 2.0 0.0
кнопка 0.0 0.066 0.0
неповиновению 0.0 2.0 0.0
жестко 0.0 1.301 0.0
петиции 0.0 1.699 0.0
июню 0.0 1.699 0.0
гриппа 0.001 1.046 0.001
речь 0.0 0.432 0.0
другие 0.0 0.268 0.0
пандемии 0.003 0.658 0.002
прогнозов 0.0 1.398 0.0
патологи 0.001 2.0 0.002
магнитные 0.0 2.0 0.0
представляют 0.0 1.398 0.0
штрафа 0.0 2.0 0.0
редактор 0.001 1.0 0.001
вручения 0.0 2.0 0.0
умы 0.0 2.0 0.0
защищает 0.001 0.921 0.001
мероприятие 0.0 1.523 0.0
тему 0.001 0.959 0.001
идентичными 0.0 2.0 0.0
регулярножалуются 0.0 2.0 0.0
последний 0.0 0.824 0.0
v 0.0 0.699 0.0
ответ 0.001 0.602 0.001
манифест 0.001 1.699 0.002
rt.com 0.002 2.0 0.004
перечислению 0.0 2.0 0.0
сходят 0.0 2.0 0.0
иммунитет 0.001 0.854 0.001
исследование 0.0 0.658 0.0
народного 0.0 1.398 0.0
24/7 0.0 0.102 0.0
ресурсы 0.0 1.097 0.0
серьезным 0.0 1.301 0.0
слепому 0.0 2.0 0.0
рнк 0.0 1.301 0.0
чатах 0.002 1.523 0.003
заявление 0.001 0.886 0.001
карелии 0.0 2.0 0.0
подвергают 0.0 2.0 0.0
аргументы 0.001 0.77 0.001
терминов 0.0 2.0 0.0
шутку 0.0 2.0 0.0
случаях 0.001 0.658 0.001
словно 0.001 1.398 0.001
росздравнадзор 0.0 1.699 0.0
подробнее 0.001 0.699 0.001
москвы 0.0 0.824 0.0
мыслящих 0.0 2.0 0.0
требования 0.0 0.066 0.0
постигнет 0.0 2.0 0.0
связаться 0.0 0.066 0.0
узники 0.0 2.0 0.0
москве 0.001 0.745 0.001
информации 0.0 0.102 0.0
вполне 0.0 0.699 0.0
содержатся 0.0 1.523 0.0
жалоб 0.0 1.523 0.0
электромеханики 0.0 2.0 0.0
тех 0.002 0.26 0.001
назвала 0.0 1.398 0.0
терроризм 0.0 1.699 0.0
скрыть 0.0 1.398 0.0
выхода 0.0 1.523 0.0
медицинских 0.001 0.959 0.001
доковидные 0.0 1.699 0.0
истерики 0.0 2.0 0.0
почему 0.002 0.337 0.001
нерабочие 0.0 1.523 0.0
утверждала 0.0 1.699 0.0
продаются 0.0 1.699 0.0
причиной 0.0 1.301 0.0
больных 0.0 1.398 0.0
исследованным 0.0 1.699 0.0
берлине 0.0 1.222 0.0
заговор 0.0 2.0 0.0
берлин 0.001 1.699 0.002
россия 0.0 0.398 0.0
переводом 0.0 2.0 0.0
потребовали 0.0 1.699 0.0
юлиан 0.0 2.0 0.0
учитываются 0.0 2.0 0.0
интеллектуальный 0.0 1.699 0.0
причине 0.0 1.155 0.0
суммарное 0.0 2.0 0.0
такие 0.001 0.444 0.0
посадить 0.0 1.699 0.0
деятельность 0.0 1.398 0.0
спасибоgiphyза 0.0 0.066 0.0
отрицателях 0.001 2.0 0.002
неевреев 0.0 2.0 0.0
испания 0.0 1.398 0.0
пожалуйста 0.0 0.102 0.0
должен 0.0 0.585 0.0
отстаивают 0.0 2.0 0.0
основные 0.0 1.222 0.0
та 0.0 0.824 0.0
именно 0.001 0.244 0.0
очень 0.001 0.149 0.0
отчасти 0.0 1.398 0.0
слать 0.0 2.0 0.0
нюрнбергскому 0.001 2.0 0.002
низок 0.0 2.0 0.0
нацизма 0.0 1.222 0.0
немецком 0.001 1.523 0.002
общественность 0.0 2.0 0.0
движениями 0.0 2.0 0.0
серьезных 0.0 1.155 0.0
год 0.001 0.409 0.0
welle 0.0 1.699 0.0
политикой 0.0 1.699 0.0
общество 0.001 0.886 0.001
упоминания 0.0 2.0 0.0
российским 0.001 0.092 0.0
одной 0.0 0.398 0.0
идее 0.0 1.398 0.0
благонамеренности 0.0 2.0 0.0
написал 0.0 1.0 0.0
киселев 0.0 2.0 0.0
цензуре 0.0 1.523 0.0
какой-либо 0.0 1.155 0.0
думаешь 0.0 1.523 0.0
бергхольц 0.0 2.0 0.0
которым 0.0 0.658 0.0
интересах 0.0 0.167 0.0
городах 0.001 1.0 0.001
появился 0.0 0.921 0.0
сомнения 0.0 1.155 0.0
et 0.0 1.699 0.0
государству 0.0 1.222 0.0
превысило 0.0 2.0 0.0
антимасочникам 0.0 2.0 0.0
вероятной 0.001 1.699 0.002
российские 0.001 0.328 0.0
русскоязычного 0.0 2.0 0.0
презентации 0.0 1.523 0.0
личное 0.0 1.699 0.0
одноклассниках 0.0 1.699 0.0
прививок 0.001 0.824 0.001
демократии 0.0 1.398 0.0
сделанные 0.001 1.398 0.001
вачедина 0.0 2.0 0.0
аудиторию 0.0 1.398 0.0
сцену 0.0 1.699 0.0
переписку 0.0 2.0 0.0
сомневается 0.0 2.0 0.0
представленный 0.0 2.0 0.0
in 0.0 0.0 0.0
крайне 0.001 0.721 0.001
внутреннюю 0.0 1.699 0.0
опасности 0.0 1.301 0.0
регионов 0.0 0.921 0.0
носитель 0.0 1.699 0.0
медицинское 0.0 1.222 0.0
социопатическим 0.0 2.0 0.0
страха 0.0 1.398 0.0
колумнистка 0.0 2.0 0.0
разблокировать 0.0 1.699 0.0
ютюб 0.0 2.0 0.0
известный 0.0 1.097 0.0
таких 0.001 0.347 0.0
восхваляют 0.0 2.0 0.0
видом 0.0 1.523 0.0
просто 0.0 0.194 0.0
фашистское 0.0 2.0 0.0
предоставили 0.0 1.699 0.0
евреев 0.001 1.699 0.002
декларацией 0.0 1.699 0.0
подвергли 0.0 2.0 0.0
появления 0.001 0.854 0.001
специфику 0.0 2.0 0.0
электронного 0.0 1.699 0.0
общественных 0.0 1.222 0.0
поручил 0.0 1.523 0.0
приглашает 0.0 2.0 0.0
высокоэффективна 0.0 2.0 0.0
дискредитации 0.0 1.301 0.0
отсутствия 0.0 1.523 0.0
появившейся 0.0 2.0 0.0
две 0.0 0.553 0.0
платформ 0.0 1.301 0.0
присоединиться 0.0 1.523 0.0
кажется 0.0 0.469 0.0
которую 0.001 0.469 0.0
взаимное 0.0 2.0 0.0
надписью 0.0 1.398 0.0
каким-либо 0.0 1.699 0.0
подпольными 0.0 2.0 0.0
выставлять 0.0 1.699 0.0
скажем 0.0 1.222 0.0
qr-код 0.0 1.699 0.0
медицинской 0.0 0.921 0.0
здоровье 0.0 1.155 0.0
французский 0.0 1.523 0.0
райнер 0.0 2.0 0.0
сожалению 0.0 0.569 0.0
трещанин 0.0 2.0 0.0
поддомены 0.0 2.0 0.0
распространено 0.0 0.102 0.0
устроено 0.001 1.0 0.001
причинам 0.0 0.959 0.0
ios 0.0 0.066 0.0
сводится 0.0 2.0 0.0
происхождения 0.0 1.398 0.0
христианам 0.0 2.0 0.0
рубежом 0.001 1.222 0.001
заявления 0.001 1.097 0.001
осенью 0.001 1.046 0.001
de 0.003 1.523 0.005
принципу 0.0 1.301 0.0
несколько 0.001 0.201 0.0
испаноязычной 0.0 2.0 0.0
прямо 0.0 0.357 0.0
непривитых 0.001 1.155 0.001
нашивали 0.0 2.0 0.0
биоматериале 0.0 2.0 0.0
соблюдать 0.0 1.301 0.0
объявленной 0.0 2.0 0.0
ценят 0.0 2.0 0.0
основном 0.001 0.553 0.001
остальных 0.0 1.097 0.0
вывод 0.0 0.959 0.0
тоталитарных 0.001 1.699 0.002
выжидательный 0.0 2.0 0.0
выявлять 0.0 2.0 0.0
коронавируса 0.0 0.509 0.0
аргументировал 0.0 1.699 0.0
внутренний 0.001 2.0 0.002
пока 0.001 0.208 0.0
исполняющего 0.0 2.0 0.0
патологоанатомам 0.0 2.0 0.0
сих 0.001 0.481 0.0
уговоров 0.001 2.0 0.002
медузой 0.002 0.921 0.002
partei 0.0 2.0 0.0
коронавирусных 0.001 1.699 0.002
инородные 0.0 2.0 0.0
избегает 0.0 2.0 0.0
мерах 0.0 1.523 0.0
нового 0.001 0.638 0.001
явно 0.0 0.959 0.0
бабаян 0.0 2.0 0.0
франции 0.001 1.0 0.001
купил 0.0 1.699 0.0
просьбу 0.0 1.699 0.0
аргумент 0.0 1.301 0.0
владимиру 0.0 1.398 0.0
максимальноподробно 0.0 2.0 0.0
политики 0.001 0.854 0.001
важную 0.0 1.523 0.0
одобряют 0.0 2.0 0.0
назначения 0.0 1.097 0.0
одного 0.001 0.432 0.0
доказательство 0.0 1.398 0.0
нестандартно 0.001 2.0 0.002
освещение 0.001 1.699 0.002
уровней 0.0 1.699 0.0
нацистского 0.0 1.699 0.0
последние 0.0 0.456 0.0
словоформ 0.001 2.0 0.002
спланированной 0.0 2.0 0.0
текста 0.0 1.222 0.0
роль 0.0 0.796 0.0
юридическим 0.0 0.102 0.0
принуждению 0.0 2.0 0.0
лечению 0.0 1.398 0.0
видео 0.0 0.678 0.0
уровнем 0.0 1.046 0.0
несмотря 0.001 0.456 0.0
covid-19 0.001 0.77 0.001
стали 0.001 0.42 0.0
пропагандой 0.0 1.398 0.0
якобы 0.001 0.854 0.001
режимам 0.0 1.699 0.0
осознанной 0.0 2.0 0.0
чушь 0.0 2.0 0.0
расследовательский 0.0 2.0 0.0
нужно 0.001 0.237 0.0
последовало 0.0 2.0 0.0
весь 0.0 0.638 0.0
кстати 0.0 0.886 0.0
2021-го 0.001 1.155 0.001
исследовательское 0.0 2.0 0.0
ежемесячное 0.0 2.0 0.0
становится 0.001 0.721 0.001
живом 0.0 1.523 0.0
а-ля 0.0 1.699 0.0
подвергать 0.0 2.0 0.0
безопасно 0.0 0.066 0.0
переводе 0.0 1.699 0.0
ройтлингенского 0.0 2.0 0.0
успокоятся 0.0 2.0 0.0
youtube 0.001 0.06 0.0
хельсинкскую 0.0 2.0 0.0
санитарным 0.0 2.0 0.0
бундестаге 0.0 1.301 0.0
тесты 0.0 1.301 0.0
глупых 0.0 2.0 0.0
создано 0.0 0.097 0.0
врачи 0.001 0.886 0.001
путешествий 0.0 1.523 0.0
протеста 0.0 1.222 0.0
высказываниях 0.0 2.0 0.0
которого 0.0 0.585 0.0
антисемитскими 0.0 2.0 0.0
разобрали 0.001 1.523 0.002
нередко 0.0 1.222 0.0
набор 0.0 1.155 0.0
распространяют 0.0 1.699 0.0
немецкоязычного 0.0 2.0 0.0
средством 0.0 0.102 0.0
короны 0.0 1.699 0.0
обнаружила 0.001 1.699 0.002
эффективный 0.0 1.097 0.0
чувствует 0.0 1.398 0.0
готов 0.0 0.921 0.0
алексей 0.001 0.886 0.001
сервиса 0.001 1.398 0.001
приводит 0.0 0.824 0.0
говорят 0.0 0.432 0.0
карликовой 0.0 2.0 0.0
абсолютно 0.0 0.721 0.0
попросил 0.0 1.155 0.0
умерших 0.0 1.398 0.0
книге 0.0 1.398 0.0
представители 0.0 1.097 0.0
наиболее 0.0 0.745 0.0
своя 0.0 2.0 0.0
вредным 0.0 2.0 0.0
послушание 0.001 2.0 0.002
лидеров 0.0 1.301 0.0
ресторанов 0.0 1.699 0.0
угрозой 0.0 1.301 0.0
аналогичные 0.0 1.301 0.0
мире 0.0 0.553 0.0
бельгии 0.0 1.699 0.0
данным 0.0 0.444 0.0
правил 0.0 1.222 0.0
de.rt.com 0.0 2.0 0.0
нтв 0.0 2.0 0.0
ситуацию 0.0 0.796 0.0
черных 0.0 1.699 0.0
высказывать 0.0 1.699 0.0
спешно 0.0 1.699 0.0
российских 0.003 0.337 0.001
саботаже 0.0 2.0 0.0
соратники 0.0 2.0 0.0
патологами 0.0 2.0 0.0
ostwest 0.0 2.0 0.0
еврей/еврейский 0.0 2.0 0.0
судьба 0.0 1.222 0.0
шукшина 0.0 2.0 0.0
постоянных 0.0 1.699 0.0
оправданий 0.0 2.0 0.0
джордж 0.0 1.398 0.0
время 0.001 0.102 0.0
публикации 0.001 0.886 0.001
желтой 0.0 1.699 0.0
ту 0.0 0.921 0.0
продукцию 0.0 1.523 0.0
событиях 0.0 1.222 0.0
работают 0.0 0.553 0.0
стоит 0.001 0.509 0.001
главного 0.0 1.155 0.0
отсылки 0.0 2.0 0.0
каналов 0.0 1.523 0.0
нравственный 0.0 2.0 0.0
рекламаmeduza 0.0 0.066 0.0
содержание 0.001 1.523 0.002
обязательно 0.0 0.959 0.0
остаются 0.0 1.0 0.0
getty 0.0 0.886 0.0
неудобствам 0.0 2.0 0.0
левадой 0.0 2.0 0.0
скрывают 0.0 1.699 0.0
создают 0.0 1.301 0.0
журналист 0.001 1.0 0.001
постоянно 0.0 0.62 0.0
статья 0.0 1.0 0.0
запрещает 0.0 2.0 0.0
среди 0.0 0.42 0.0
канал 0.002 1.097 0.002
организаторов 0.0 1.398 0.0
теме 0.0 1.301 0.0
нюрнбергского 0.001 1.699 0.002
дорогих 0.0 1.523 0.0
заявили 0.0 1.0 0.0
органично 0.0 1.699 0.0
назад 0.002 0.18 0.0
позицию 0.0 1.222 0.0
агрессивно 0.0 1.398 0.0
буркхардту 0.0 2.0 0.0
предосторожности 0.0 1.398 0.0
скептически 0.0 1.523 0.0
изучают 0.0 1.699 0.0
угнетенным 0.0 2.0 0.0
телеканала 0.003 1.046 0.003
изгнания 0.0 2.0 0.0
краткой 0.0 2.0 0.0
позиции 0.0 1.097 0.0
кодекс 0.001 0.066 0.0
также 0.002 0.237 0.0
профессор 0.0 1.222 0.0
чей 0.0 2.0 0.0
сравнений 0.0 2.0 0.0
егор 0.0 1.523 0.0
статьи 0.001 0.854 0.001
блокировку 0.001 1.699 0.002
google 0.001 1.301 0.001
ковалев 0.0 1.523 0.0
решил 0.001 0.959 0.001
очередь 0.0 0.62 0.0
администрации 0.0 1.046 0.0
идеи 0.0 1.155 0.0
разработанными 0.0 2.0 0.0
критикой 0.0 2.0 0.0
пропагандирует 0.0 1.301 0.0
общества 0.001 0.824 0.001
введения 0.001 0.796 0.001
заслуживают 0.0 2.0 0.0
подробно 0.0 0.921 0.0
пор 0.001 0.387 0.0
телеведущий 0.0 2.0 0.0
сделанный 0.0 1.699 0.0
западными 0.0 1.301 0.0
насчитывающих 0.0 2.0 0.0
блога 0.0 1.301 0.0
вконтакте 0.001 0.066 0.0
требование 0.0 1.155 0.0
генеральный 0.0 1.301 0.0
pfizer 0.0 0.886 0.0
синдромом 0.0 1.699 0.0
конференцию 0.001 2.0 0.002
название 0.0 0.921 0.0
райхельт 0.0 2.0 0.0
выделите 0.0 0.066 0.0
разницу 0.0 1.398 0.0
власти 0.002 0.387 0.001
получить 0.0 0.553 0.0
нескольких 0.001 0.699 0.001
обсуждали 0.0 1.398 0.0
жертвами 0.001 1.523 0.002
заголовком 0.0 1.699 0.0
англоязычная 0.0 2.0 0.0
редакциями 0.0 2.0 0.0
оппортунистические 0.0 2.0 0.0
сайте 0.001 0.886 0.001
версией 0.0 1.523 0.0
против 0.004 0.229 0.001
высокое 0.0 1.523 0.0
прокуратуру 0.0 2.0 0.0
великобритании 0.0 0.745 0.0
публикация 0.0 1.222 0.0
сергея 0.0 1.301 0.0
дмитрий 0.001 0.658 0.001
никиты 0.0 2.0 0.0
вечерняя 0.0 0.066 0.0
pdf-презентации 0.0 2.0 0.0
будь 0.0 1.398 0.0
беспрецедентной 0.0 1.699 0.0
поддержки 0.0 0.066 0.0
тон 0.0 2.0 0.0
самой 0.0 0.699 0.0
двумя 0.0 0.678 0.0
спутник 0.0 0.721 0.0
историю 0.001 0.721 0.001
называют 0.002 0.699 0.001
баварским 0.0 2.0 0.0
публикаций 0.0 1.398 0.0
стал 0.001 0.658 0.001
проводили 0.0 1.0 0.0
российского 0.001 0.62 0.001
вопросу 0.0 1.301 0.0
первые 0.0 0.585 0.0
коллег 0.0 1.222 0.0
статей 0.001 1.398 0.001
итоге 0.0 0.62 0.0
труда 0.0 1.046 0.0
гваделупы 0.0 2.0 0.0
освещению 0.0 2.0 0.0
мнение 0.0 1.046 0.0
мероприятия 0.0 1.398 0.0
сообщает 0.0 1.523 0.0
англоязычного 0.0 2.0 0.0
событий 0.001 0.921 0.001
наоборот 0.0 0.824 0.0
антипрививочных 0.0 1.699 0.0
аккаунтах 0.0 2.0 0.0
протестом 0.0 2.0 0.0
туда 0.0 0.921 0.0
менеджмента 0.0 2.0 0.0
android 0.0 0.066 0.0
последнюю 0.0 1.155 0.0
происхождение 0.0 1.301 0.0
кодекса 0.0 1.699 0.0
руководстве 0.0 1.699 0.0
объявил 0.0 1.0 0.0
укол 0.0 1.398 0.0
вариантов 0.0 0.854 0.0
особенно 0.0 0.553 0.0
нужна 0.001 0.092 0.0
вакцинация 0.0 0.699 0.0
вокруг 0.0 0.721 0.0
запретить 0.0 1.398 0.0
участвовал 0.0 1.523 0.0
важна 0.0 1.155 0.0
колпаком 0.0 2.0 0.0
непредвзято 0.0 1.699 0.0
позволить 0.0 1.222 0.0
утверждая 0.0 2.0 0.0
надежна 0.0 2.0 0.0
журналистов 0.0 1.046 0.0
конференция 0.0 2.0 0.0
невакцинированных 0.0 1.301 0.0
гражданским 0.0 1.523 0.0
одежду 0.0 1.398 0.0
ск 0.0 2.0 0.0
посмотреть 0.0 0.721 0.0
зарегистрированными 0.0 2.0 0.0
опросах 0.0 2.0 0.0
конференции 0.001 1.398 0.001
жестче 0.0 1.301 0.0
сентября 0.001 1.046 0.001
кровяных 0.0 2.0 0.0
освещают 0.0 2.0 0.0
демонстрации 0.0 2.0 0.0
маргинальными 0.0 2.0 0.0
живем 0.001 1.301 0.001
следственный 0.001 1.523 0.002
выступила 0.0 1.398 0.0
глава 0.0 0.824 0.0
оргий 0.0 2.0 0.0
медики 0.0 1.523 0.0
больницы 0.0 0.77 0.0
намеки 0.0 2.0 0.0
дискуссия 0.0 2.0 0.0
издания 0.0 0.959 0.0
высоких 0.0 1.301 0.0
ассоциации 0.0 1.523 0.0
участвуют 0.001 0.959 0.001
тактическими 0.0 2.0 0.0
привиться 0.0 0.796 0.0
саботажу 0.0 2.0 0.0
артистка 0.0 2.0 0.0
медузе 0.002 0.066 0.0
объяснить 0.0 0.921 0.0
дауна 0.0 2.0 0.0
колумнисты 0.001 2.0 0.002
проверки 0.0 1.222 0.0
медиков 0.0 1.398 0.0
бельгийских 0.001 2.0 0.002
глобалисты 0.0 2.0 0.0
медузу 0.001 0.066 0.0
обработки 0.0 0.066 0.0
нашлось 0.0 1.699 0.0
стороны 0.001 0.432 0.0
приняли 0.0 1.046 0.0
премии 0.0 2.0 0.0
паспортов 0.001 2.0 0.002
массовой 0.0 0.097 0.0
русскоязычных 0.002 1.699 0.003
госдумы 0.0 1.155 0.0
опубликованной 0.0 1.699 0.0
службы 0.0 0.959 0.0
каждый 0.0 0.509 0.0
эксперименты 0.0 1.301 0.0
исполнении 0.0 2.0 0.0
земли 0.0 0.959 0.0
словам 0.0 0.658 0.0
гестапо 0.0 2.0 0.0
телеграм-каналам 0.0 1.699 0.0
всеобщего 0.0 2.0 0.0
известных 0.0 1.523 0.0
ройтлинген 0.0 2.0 0.0
декларацию 0.0 2.0 0.0
роскомнадзоре 0.0 2.0 0.0
положении 0.0 1.699 0.0
протестующие 0.0 1.699 0.0
вакцины 0.001 0.585 0.001
неназванных 0.0 1.699 0.0
частый 0.0 1.523 0.0
клеймят 0.0 2.0 0.0
новым 0.001 0.796 0.001
иначе 0.0 0.745 0.0
qr-коды 0.0 1.523 0.0
странах 0.001 0.495 0.0
russian.rt.com 0.0 2.0 0.0
свое 0.0 0.721 0.0
естественным 0.0 1.523 0.0
пускай 0.0 2.0 0.0
палаты 0.0 2.0 0.0
пользуются 0.0 1.699 0.0
спойлер 0.0 0.796 0.0
фюльмих 0.0 2.0 0.0
реклама 0.001 0.066 0.0
началом 0.0 1.222 0.0
делать 0.001 0.276 0.0
русском 0.001 1.097 0.001
сделанного 0.0 1.699 0.0
смертью 0.001 1.523 0.002
местных 0.0 1.097 0.0
становятся 0.0 1.155 0.0
десятков 0.0 1.046 0.0
заезженная 0.0 2.0 0.0
плохо 0.0 0.569 0.0
защитить 0.0 1.0 0.0
некую 0.0 2.0 0.0
ungeimpft 0.0 2.0 0.0
санитарных 0.001 1.699 0.002
противников 0.004 1.301 0.005
франк 0.0 2.0 0.0
экстремально 0.0 2.0 0.0
поведением 0.0 1.699 0.0
следующий 0.0 0.796 0.0
россии 0.004 0.119 0.0
зависит 0.0 0.638 0.0
агента 0.001 0.097 0.0
france 0.001 1.523 0.002
любимую 0.0 2.0 0.0
обсуждалось 0.0 2.0 0.0
вышел 0.0 1.0 0.0
соучредительница 0.0 1.699 0.0
рядах 0.0 2.0 0.0
июне 0.0 1.097 0.0
английская 0.0 2.0 0.0
право 0.0 0.824 0.0
экспериментов 0.0 1.523 0.0
участники 0.001 0.921 0.001
участвовали 0.0 1.155 0.0
бардаке 0.0 2.0 0.0
отговаривающих 0.0 2.0 0.0
привлечения 0.0 1.699 0.0
bild 0.0 2.0 0.0
мистификации 0.0 2.0 0.0
маргарита 0.002 1.301 0.003
минздрав 0.0 0.824 0.0
процесса 0.001 1.222 0.001
написала 0.0 1.097 0.0
видимо 0.0 0.824 0.0
уровень 0.001 0.824 0.001
человеческого 0.0 1.398 0.0
дагмар 0.0 2.0 0.0
выступавший 0.0 2.0 0.0
бывший 0.0 0.921 0.0
лимфоцитов 0.0 2.0 0.0
редактора 0.0 1.523 0.0
читателейнам 0.0 0.174 0.0
страны 0.0 0.444 0.0
недавно 0.0 0.62 0.0
заключает 0.0 1.301 0.0
посещения 0.001 1.523 0.002
десятки 0.001 0.745 0.001
гражданскому 0.0 2.0 0.0
антивакцинная 0.0 2.0 0.0
заставили 0.0 2.0 0.0
немецкие 0.002 1.523 0.003
порядку 0.0 0.066 0.0
публикацию 0.0 1.301 0.0
подписчиков 0.001 1.398 0.001
демонстративный 0.0 2.0 0.0
загадка 0.0 2.0 0.0
недоумками-антиваксерами 0.001 2.0 0.002
работает 0.001 0.367 0.0
фундаментальный 0.001 1.699 0.002
прекращает 0.0 1.699 0.0
самые 0.0 0.602 0.0
социологическим 0.0 1.699 0.0
фонда 0.0 1.301 0.0
нужным 0.0 1.699 0.0
самый 0.0 0.721 0.0
впоследствии 0.0 1.301 0.0
телеграм-каналах 0.002 1.699 0.003
выбралиименноэтотдокумент 0.0 2.0 0.0
фальшивых 0.0 2.0 0.0
когнитивных 0.001 2.0 0.002
затыкают 0.0 2.0 0.0
ланг 0.001 2.0 0.002
дерутся 0.001 2.0 0.002
российской 0.001 0.432 0.0
русский 0.0 1.398 0.0
настоящие 0.0 1.523 0.0
пометка 0.0 2.0 0.0
вируса 0.0 0.721 0.0
группах 0.0 1.0 0.0
аномальных 0.0 2.0 0.0
лабораторией 0.0 1.699 0.0
соцсетях 0.001 1.046 0.001
врачами-нацистами 0.0 2.0 0.0
одному 0.0 0.921 0.0
могут 0.0 0.187 0.0
освободить 0.0 1.523 0.0
день 0.001 0.328 0.0
доказательства 0.001 1.155 0.001
поддерживать 0.0 0.886 0.0
любят 0.001 1.523 0.002
qr-кодов 0.001 1.301 0.001
кодексу 0.0 2.0 0.0
довольно 0.0 0.523 0.0
вырванные 0.0 2.0 0.0
замаскированное 0.0 2.0 0.0
желтые 0.001 2.0 0.002
джереми 0.0 2.0 0.0
найти 0.0 0.602 0.0
имбецилами 0.0 1.398 0.0
объясняет 0.0 0.658 0.0
начале 0.001 0.602 0.001
докладчиков 0.0 2.0 0.0
лацкане 0.0 1.699 0.0
роман 0.0 1.523 0.0
мирового 0.0 2.0 0.0
реальности 0.0 0.921 0.0
тюрьму 0.0 1.699 0.0
ройтлингене 0.0 2.0 0.0
проигнорировали 0.0 1.699 0.0
полгода 0.0 0.886 0.0
юсупов 0.001 2.0 0.002
количество 0.001 0.62 0.001
данюка 0.0 2.0 0.0
загруженных 0.0 2.0 0.0
историка 0.0 2.0 0.0
представлена 0.0 1.222 0.0
доводов 0.0 1.699 0.0
церемонии 0.0 2.0 0.0
нем 0.001 0.602 0.001
смежным 0.0 2.0 0.0
схожим 0.0 2.0 0.0
помимо 0.0 0.796 0.0
обвиняют 0.0 1.301 0.0
видеохостинга 0.001 2.0 0.002
последним 0.0 1.523 0.0
разместила 0.0 1.699 0.0
уточнил 0.0 1.523 0.0
каналы 0.001 1.301 0.001
агрессией 0.0 2.0 0.0
стало 0.0 0.481 0.0
редакция 0.001 1.046 0.001
часа 0.0 0.77 0.0
максимально 0.001 0.721 0.001
подходах 0.0 2.0 0.0
images 0.0 0.796 0.0
член 0.001 1.699 0.002
привести 0.001 1.0 0.001
прививка 0.001 1.046 0.001
ютьюб-каналов 0.001 2.0 0.002
число 0.0 0.658 0.0
стримы 0.0 1.699 0.0
прибегают 0.001 1.699 0.002
семь 0.0 0.796 0.0
реальное 0.0 1.523 0.0
вещание 0.001 1.398 0.001
вести 0.0 0.824 0.0
единственный 0.0 0.824 0.0
тайком 0.0 2.0 0.0
иностранным 0.0 0.097 0.0
испаноговорящих 0.0 2.0 0.0
канальгерух 0.0 2.0 0.0
осложнений 0.0 1.155 0.0
например 0.002 0.229 0.0
ограничениям 0.0 1.398 0.0
симпатия 0.0 2.0 0.0
началась 0.0 0.678 0.0
zuma 0.0 1.398 0.0
коронавирусом 0.0 0.699 0.0
решение 0.0 0.509 0.0
провоцирует 0.0 2.0 0.0
сертификат 0.001 1.155 0.001
споров 0.0 1.398 0.0
зарубежное 0.0 2.0 0.0
позже 0.0 0.886 0.0
маргинальна 0.0 2.0 0.0
проект 0.0 1.046 0.0
принуждение 0.001 2.0 0.002
беспорядкам 0.0 2.0 0.0
пересказы 0.0 2.0 0.0
ресурсах 0.001 2.0 0.002
продаже 0.0 1.222 0.0
жизнь 0.0 0.538 0.0
локдаунов 0.0 1.398 0.0
поддержите 0.0 0.102 0.0
столицы 0.0 1.222 0.0
населения 0.001 0.658 0.001
любые 0.001 0.854 0.001
появлялись 0.0 1.301 0.0
уволенные 0.0 2.0 0.0
поэтому 0.002 0.328 0.001
никого 0.0 1.097 0.0
году 0.001 0.367 0.0
созданному 0.0 2.0 0.0
приемами 0.0 2.0 0.0
ради 0.0 1.046 0.0
лет 0.0 0.252 0.0
ролики 0.0 1.699 0.0
схожей 0.0 2.0 0.0
языковыми 0.0 2.0 0.0
используется 0.0 0.796 0.0
меньшинством 0.001 2.0 0.002
предупреждение 0.0 1.301 0.0
коронавирусной 0.001 1.301 0.001
мейнстриму 0.0 2.0 0.0
иноязычных 0.001 2.0 0.002
ссылаются 0.0 1.699 0.0
феврале 0.0 1.097 0.0
данные 0.0 0.066 0.0
письме 0.0 1.301 0.0
белых 0.001 1.523 0.002
популярная 0.0 2.0 0.0
относятся 0.0 1.155 0.0
сорос 0.0 1.523 0.0
противоположность 0.0 2.0 0.0
отметила 0.0 2.0 0.0
руководители 0.0 1.699 0.0
заражаются 0.0 1.699 0.0
умереть 0.0 1.301 0.0
мыслящие 0.0 1.699 0.0
пресс-службе 0.0 1.222 0.0
подобных 0.0 1.0 0.0
карлсруэ 0.0 2.0 0.0
активный 0.0 1.523 0.0
мер 0.001 1.046 0.001
недостаток 0.0 1.699 0.0
сообщества 0.0 1.097 0.0
целом 0.001 0.585 0.001
обманчиво 0.0 2.0 0.0
требованием 0.0 1.398 0.0
откровенно 0.0 1.699 0.0
кампании 0.0 0.854 0.0
симоньян 0.004 1.398 0.006
лидер 0.0 1.301 0.0
вакцинных 0.001 1.523 0.002
провластных 0.0 1.523 0.0
подвергся 0.0 1.699 0.0
настоящая 0.0 1.699 0.0
sean 0.0 2.0 0.0
хотят 0.0 0.745 0.0
массово 0.0 1.097 0.0
неизвестными 0.0 2.0 0.0
сравнивать 0.0 0.959 0.0
querdenker 0.0 1.699 0.0
немецких 0.002 1.222 0.002
веке 0.0 1.398 0.0
отрывом 0.0 1.699 0.0
социально 0.0 1.699 0.0
прокомментировала 0.0 2.0 0.0
вернуться 0.0 0.921 0.0
основа 0.0 2.0 0.0
причин 0.0 0.921 0.0
agency 0.0 1.0 0.0
коммунистической 0.0 1.699 0.0
эффектов 0.0 1.046 0.0
осудило 0.0 2.0 0.0
относительную 0.0 1.699 0.0
der 0.001 1.301 0.001
цели 0.001 1.222 0.001
активистов 0.0 1.398 0.0
тысяч 0.002 0.337 0.001
ужесточили 0.0 2.0 0.0
блага 0.0 2.0 0.0
бельгия 0.0 1.523 0.0
высокий 0.0 1.046 0.0
медиа 0.001 1.301 0.001
снимают 0.0 1.301 0.0
никакого 0.0 0.824 0.0
бывшими 0.0 2.0 0.0
микроскопа 0.0 2.0 0.0
президенту 0.0 1.222 0.0
запасной 0.0 2.0 0.0
медотводов 0.0 2.0 0.0
немецкое 0.0 2.0 0.0
заведений 0.0 1.523 0.0
декларируемая 0.0 2.0 0.0
источник 0.002 0.174 0.0
перешла 0.0 1.523 0.0
аргументов 0.0 1.301 0.0
русской 0.001 1.222 0.001
“ 0.005 0.432 0.002
хочу 0.0 0.137 0.0
побочных 0.0 0.959 0.0
обрушились 0.0 2.0 0.0
масок 0.001 1.097 0.001
рассказывает 0.0 0.569 0.0
отражается 0.0 1.699 0.0
фальшивый 0.0 2.0 0.0
работу 0.001 0.658 0.001
мероприятии 0.0 2.0 0.0
звездой 0.0 1.523 0.0
участии 0.0 0.959 0.0
огромным 0.0 1.523 0.0
обладают 0.0 1.523 0.0
сотни 0.001 1.0 0.001
зеленина 0.0 2.0 0.0
носить 0.0 1.097 0.0
типа 0.0 0.959 0.0
слова 0.0 0.678 0.0
заражения 0.001 0.796 0.001
апреля 0.0 1.097 0.0
действует 0.0 1.097 0.0
правила 0.0 0.066 0.0
конец 0.0 1.155 0.0
взрослого 0.0 1.699 0.0
ано 0.0 1.523 0.0
ежемесячно 0.0 2.0 0.0
филантроп 0.0 1.523 0.0
юрист 0.0 2.0 0.0
заседании 0.001 1.301 0.001
альтернативных 0.0 1.301 0.0
заставляют 0.0 1.523 0.0
сегрегации 0.001 2.0 0.002
© 0.0 0.0 0.0
тела 0.0 1.0 0.0
судебного 0.0 2.0 0.0
ведущая 0.0 1.699 0.0
граждан 0.001 0.638 0.001
демократию 0.0 1.699 0.0
свободное 0.0 1.222 0.0
телеграм-каналов 0.0 1.523 0.0
компенсировав 0.0 2.0 0.0
рассказывали 0.001 1.155 0.001
убийцами 0.0 2.0 0.0
риска 0.0 0.699 0.0
использовался 0.0 1.523 0.0
скромнее 0.0 2.0 0.0
настоящей 0.0 1.301 0.0
заслуживаем 0.0 2.0 0.0
сильно 0.0 0.509 0.0
увеличилось 0.0 1.699 0.0
ношение 0.0 1.301 0.0
помощь 0.0 0.097 0.0
учреждение 0.0 1.523 0.0
встречались 0.0 1.398 0.0
инфекцией 0.0 1.222 0.0
этнические 0.0 2.0 0.0
внести 0.0 1.398 0.0
косвенные 0.0 1.301 0.0
собянина 0.0 1.699 0.0
места 0.0 0.886 0.0
прививаться 0.002 0.921 0.002
около 0.001 0.432 0.0
минимум 0.0 0.796 0.0
упоминается 0.0 1.398 0.0
навсегда 0.0 0.854 0.0
немедленно 0.001 1.155 0.001
удушающего 0.0 2.0 0.0
протесты 0.001 1.097 0.001
разработке 0.0 1.222 0.0
исключением 0.0 1.301 0.0
теорий 0.0 1.699 0.0
шарди 0.0 2.0 0.0
новости 0.0 0.481 0.0
самое 0.0 0.638 0.0
войной 0.0 1.097 0.0
basis 0.0 1.523 0.0
мид 0.0 1.523 0.0
выступавших 0.0 1.699 0.0
активных 0.0 1.523 0.0
трибуналу 0.001 2.0 0.002
политика 0.0 1.0 0.0
заявлял 0.0 2.0 0.0
эксплуатируют 0.0 2.0 0.0
переход 0.0 1.699 0.0
выглядеть 0.0 1.398 0.0
патологии 0.002 2.0 0.004
франкоязычная 0.0 2.0 0.0
берлинский 0.0 1.699 0.0
один-два 0.0 2.0 0.0
взбудоражишь 0.0 2.0 0.0
изучили 0.001 1.523 0.002
выпустил 0.0 1.398 0.0
дискриминации 0.0 1.398 0.0
имеют 0.0 0.678 0.0
русскоязычному 0.0 2.0 0.0
почему-то 0.001 1.222 0.001
оно 0.0 0.444 0.0
половины 0.0 1.0 0.0
добавлено 0.0 2.0 0.0
вещают 0.0 2.0 0.0
молчания 0.0 1.523 0.0
лечения 0.0 1.0 0.0
комплекс 0.0 1.398 0.0
принципов 0.0 1.523 0.0
россиян 0.001 0.62 0.001
директора 0.0 1.097 0.0
заразен 0.0 1.699 0.0
способностях 0.001 2.0 0.002
борются 0.0 1.046 0.0
дилек 0.0 2.0 0.0
сравнение 0.001 1.398 0.001
журнале 0.0 0.921 0.0
самого 0.001 0.77 0.001
этики 0.001 1.699 0.002
методы 0.0 1.301 0.0
требуют 0.001 1.398 0.001
similarweb 0.0 2.0 0.0
связанные 0.0 1.046 0.0
концлагерей 0.0 1.699 0.0
внедрения 0.001 1.699 0.002
выздоровления 0.0 1.398 0.0
выбора 0.0 1.398 0.0
кто-то 0.001 0.602 0.001
главное 0.0 0.658 0.0
распорядок 0.0 2.0 0.0
сторонников 0.001 1.398 0.001
информация 0.0 0.824 0.0
правду 0.0 1.155 0.0
звезды 0.001 1.699 0.002
выражения 0.0 1.398 0.0
отрицателей 0.002 1.398 0.003
движение 0.001 1.222 0.001
показывать 0.0 0.066 0.0
перепечатках 0.0 2.0 0.0
аудитория 0.001 1.523 0.002
twitter 0.0 0.0 0.0
контекста 0.0 1.699 0.0
будущее 0.001 1.155 0.001
означает 0.0 0.62 0.0
платформы 0.001 0.066 0.0
зато 0.0 0.886 0.0
иммунную 0.0 1.398 0.0
истерик 0.0 1.398 0.0
сомнению 0.0 2.0 0.0
которые 0.003 0.119 0.0
немцев 0.0 1.523 0.0
территориальным 0.0 2.0 0.0
meduza 0.001 0.0 0.0
разговоре 0.001 1.097 0.001
прямых 0.0 1.155 0.0
фашизма 0.0 2.0 0.0
антисемитизм 0.0 2.0 0.0
версия 0.002 1.222 0.002
ведущие 0.0 1.097 0.0
обиду 0.0 2.0 0.0
пресс-служба 0.0 1.523 0.0
прочего 0.0 1.398 0.0
внимание 0.0 0.658 0.0
театра 0.0 1.398 0.0
экспериментах 0.0 1.699 0.0
репосты 0.0 2.0 0.0
звучит 0.0 1.398 0.0
риторика 0.0 1.301 0.0
самая 0.0 0.854 0.0
отказу 0.001 2.0 0.002
германскую 0.0 2.0 0.0
подумывает 0.0 2.0 0.0
победы 0.0 1.222 0.0
необходимость 0.0 1.155 0.0
вакцинацию 0.001 0.824 0.001
объединяет 0.0 2.0 0.0
дмитрия 0.0 1.222 0.0
открытом 0.0 2.0 0.0
заговоров 0.0 2.0 0.0
разнообразию 0.0 2.0 0.0
из-за 0.001 0.229 0.0
материалов 0.0 1.097 0.0
симпатизируют 0.0 2.0 0.0
подход 0.0 0.959 0.0
вещания 0.001 2.0 0.002
призывают 0.0 1.699 0.0
реакцию 0.0 1.155 0.0
ненаучные 0.001 2.0 0.002
помещении 0.0 0.959 0.0
выступая 0.0 1.398 0.0
страна 0.0 0.796 0.0
действий 0.0 0.699 0.0
gallup 0.0 2.0 0.0
считают 0.001 0.721 0.001
арне 0.001 2.0 0.002
гифки 0.0 0.066 0.0
людей 0.001 0.161 0.0
эмоционально 0.0 1.046 0.0
говорит 0.001 0.409 0.0
кроме 0.001 0.387 0.0
больничных 0.0 2.0 0.0
рекомендует 0.0 0.886 0.0
клиника 0.0 1.398 0.0
предваряющем 0.0 2.0 0.0
нужды 0.0 1.523 0.0
проводят 0.001 1.0 0.001
европе 0.0 0.658 0.0
жалобы 0.001 1.523 0.002
допустить 0.0 1.097 0.0
использованию 0.0 1.523 0.0
идеология 0.0 2.0 0.0
ведет 0.001 1.097 0.001
германской 0.0 2.0 0.0
умеренных 0.0 2.0 0.0
коллективную 0.0 1.699 0.0
цитируетнюрнбергский 0.0 2.0 0.0
различных 0.0 1.301 0.0
правда 0.001 0.509 0.001
который 0.002 0.194 0.0
ввели 0.0 1.0 0.0
анонимно 0.0 0.066 0.0
гитлеровского 0.001 2.0 0.002
ваша 0.001 0.102 0.0
вызывать 0.001 0.921 0.001
исследовали 0.0 1.699 0.0
прививку 0.0 0.77 0.0
ответственности 0.001 1.046 0.001
постоянного 0.0 1.699 0.0
святой 0.0 2.0 0.0
популярные 0.001 2.0 0.002
интервью 0.001 0.745 0.001
подвергаются 0.0 1.523 0.0
московской 0.0 1.398 0.0
настоянию 0.0 2.0 0.0
сразу 0.0 0.553 0.0
ужасной 0.0 1.699 0.0
путину 0.0 0.959 0.0
куки 0.0 0.066 0.0
языках 0.001 1.523 0.002
вскоре 0.001 1.0 0.001
антифашистские 0.0 2.0 0.0
ноября 0.001 0.745 0.001
традиционные 0.0 1.523 0.0
гитлера 0.0 1.523 0.0
прошло 0.0 1.046 0.0
совершенной 0.0 2.0 0.0
использование 0.0 0.066 0.0
глубоко 0.001 1.398 0.001
вакцина 0.0 0.721 0.0
русскоязычный 0.0 1.699 0.0
авторитаризмом 0.0 2.0 0.0
года 0.005 0.167 0.001
сегодняшней 0.0 2.0 0.0
остановить 0.0 0.638 0.0
саши 0.0 2.0 0.0
en 0.0 0.066 0.0
открытых 0.0 1.222 0.0
мнений 0.001 1.523 0.002
политкорректности 0.0 2.0 0.0
проводить 0.0 0.824 0.0
освещающий 0.0 2.0 0.0
отвечать 0.0 1.301 0.0
спикеров 0.0 2.0 0.0
пациентов 0.001 0.796 0.001
другого 0.0 0.824 0.0
начали 0.0 0.481 0.0
выдуманную 0.0 2.0 0.0
способной 0.0 2.0 0.0
вакцине 0.0 0.886 0.0
суверенитет 0.0 1.398 0.0
структуры 0.0 1.301 0.0
уникальных 0.0 2.0 0.0
ссылается 0.001 1.699 0.002
русскоязычная 0.0 2.0 0.0
октября 0.001 1.0 0.001
человека 0.001 0.328 0.0
волна 0.0 1.523 0.0
политолог 0.001 1.523 0.002
прекрасной 0.0 1.699 0.0
предъявить 0.001 1.523 0.002
критические 0.0 2.0 0.0
иноагентами 0.0 2.0 0.0
войну 0.0 0.638 0.0
большое 0.0 0.854 0.0
свой 0.001 0.585 0.001
тэфи 0.0 2.0 0.0
получил 0.0 0.959 0.0
рекомендации 0.0 0.824 0.0
заставят 0.0 2.0 0.0
полностью 0.001 0.538 0.001
раза 0.0 0.602 0.0
некие 0.001 2.0 0.002
просят 0.0 1.523 0.0
обильно 0.0 2.0 0.0
никакой 0.001 0.854 0.001
брюссель 0.0 1.699 0.0
митинги 0.001 1.398 0.001
которой 0.001 0.377 0.0
антимасочников 0.0 2.0 0.0
редакционная 0.0 2.0 0.0
вообще 0.001 0.066 0.0
карантинных 0.001 2.0 0.002
елена 0.0 1.0 0.0
основании 0.0 0.854 0.0
вреде 0.0 1.699 0.0
рациональный 0.0 2.0 0.0
лишь 0.001 0.481 0.0
надежда 0.0 1.155 0.0
эпидемиологической 0.0 1.398 0.0
пошло 0.0 1.155 0.0
матричная 0.0 2.0 0.0
сказал 0.0 0.77 0.0
подробный 0.0 1.301 0.0
чатов 0.0 2.0 0.0
принудительной 0.0 2.0 0.0
цитируемых 0.0 2.0 0.0
мария 0.0 1.097 0.0
нюансы 0.0 1.398 0.0
выражается 0.0 1.699 0.0
испанская 0.0 2.0 0.0
антиковидные 0.0 1.398 0.0
посчитала 0.0 2.0 0.0
месте 0.001 0.921 0.001
помочь 0.0 0.131 0.0
скорее 0.0 0.509 0.0
удаленную 0.0 1.699 0.0
секретарь 0.0 2.0 0.0
заведомо 0.0 1.523 0.0
следует 0.0 0.77 0.0
источники 0.0 0.959 0.0
истерической 0.0 2.0 0.0
привился 0.0 1.398 0.0
комментарий 0.0 1.523 0.0
сосиской 0.0 2.0 0.0
телеканал 0.0 1.699 0.0
личных 0.0 1.222 0.0
бероев 0.0 2.0 0.0
русскоязычной 0.0 2.0 0.0
радио 0.0 1.222 0.0
блокировке 0.0 1.398 0.0
февралю 0.0 1.523 0.0
общего 0.0 1.0 0.0
административное 0.0 2.0 0.0
герои 0.001 2.0 0.002
мнения 0.0 1.222 0.0
сми 0.002 0.602 0.001
свои 0.0 0.481 0.0
выступления 0.0 1.046 0.0
пропагандируютвакцинацию 0.0 2.0 0.0
жизни 0.0 0.432 0.0
материале 0.001 1.155 0.001
которое 0.001 0.337 0.0
ссылками 0.0 2.0 0.0
принадлежащая 0.0 2.0 0.0
трибунала 0.0 1.699 0.0
назвал 0.001 1.155 0.001
новостиисторииразборшапитокоронавирусмагаз 0.0 0.066 0.0
отговаривает 0.0 2.0 0.0
циркулировать 0.0 2.0 0.0
сотрудников 0.0 1.0 0.0
телеграм-канале 0.0 1.699 0.0
издалека 0.0 1.699 0.0
либо 0.001 0.569 0.001
очевидном 0.0 2.0 0.0
ограничений 0.002 0.824 0.002
здравоохранения 0.0 0.658 0.0
анонимность 0.0 1.301 0.0
ноябре 0.001 1.398 0.001
трафика 0.0 2.0 0.0
которая 0.0 0.301 0.0
pictorium 0.0 2.0 0.0
социальной 0.0 1.222 0.0
малочисленность 0.0 2.0 0.0
белер 0.0 2.0 0.0
выполняющим 0.001 0.097 0.0
медицинские 0.0 0.796 0.0
членство 0.0 2.0 0.0
проанализировала 0.0 2.0 0.0
ошибку 0.0 0.066 0.0
девочка 0.0 1.301 0.0
материалы 0.0 0.824 0.0
заблокированы 0.001 1.301 0.001
электромехаником 0.0 2.0 0.0
абсолютном 0.0 2.0 0.0
дадим 0.0 2.0 0.0
прививки 0.002 0.638 0.001
компании 0.0 0.523 0.0
шапуто 0.0 2.0 0.0
оставшиеся 0.001 1.301 0.001
месяц 0.001 0.745 0.001
могущественным 0.0 2.0 0.0
телевизионной 0.0 2.0 0.0
владелец 0.0 1.398 0.0
иммунитетом 0.0 1.398 0.0
иноязычные 0.0 2.0 0.0
страдай 0.0 2.0 0.0
убежище 0.0 1.301 0.0
состоялось 0.0 1.699 0.0
объявили 0.001 0.921 0.001
времена 0.0 1.155 0.0
государством 0.0 1.398 0.0
канала 0.001 0.959 0.001
конфедерации 0.0 2.0 0.0
популярных 0.001 1.398 0.001
высказала 0.0 2.0 0.0
landemard 0.0 2.0 0.0
виден 0.0 1.523 0.0
сравнения 0.0 0.921 0.0
считать 0.0 0.854 0.0
стран 0.0 0.469 0.0
полицией 0.001 2.0 0.002
удостоился 0.0 2.0 0.0
идет 0.0 0.367 0.0
посты 0.0 1.301 0.0
западе 0.0 0.959 0.0
сможет 0.0 0.721 0.0
материал 0.001 0.086 0.0
превращаются 0.0 1.699 0.0
выступают 0.0 1.222 0.0
конформизма 0.0 2.0 0.0
таким 0.001 0.658 0.001
члена 0.0 1.699 0.0
унижение 0.0 2.0 0.0
результате 0.001 0.62 0.001
отдельных 0.0 1.046 0.0
псевдонимом 0.0 2.0 0.0
отчет 0.0 1.301 0.0
почках 0.0 2.0 0.0
примерно 0.0 0.585 0.0
запрещают 0.0 1.699 0.0
оскорбительных 0.0 2.0 0.0
миллион 0.0 1.155 0.0
вирус 0.0 0.678 0.0
скандализировать 0.0 2.0 0.0
студию 0.0 1.523 0.0
отрицатели 0.0 2.0 0.0
остального 0.0 1.301 0.0
корона-скептиков 0.0 2.0 0.0
настоящим 0.0 1.699 0.0
контакты 0.0 1.0 0.0
информированное 0.0 1.699 0.0
спас 0.0 2.0 0.0
нюрнбергские 0.0 2.0 0.0
института 0.001 1.301 0.001
редакционной 0.001 1.699 0.002
германии 0.004 0.854 0.003
перегруженную 0.0 2.0 0.0
ложную 0.0 2.0 0.0
заболеть 0.0 0.921 0.0
антирекламой 0.0 2.0 0.0
выяснила 0.001 1.097 0.001
биоматериал 0.001 2.0 0.002
пересказов 0.0 2.0 0.0
привлечь 0.001 1.398 0.001
поддающимися 0.0 2.0 0.0
известно 0.0 0.481 0.0
сочетаются 0.0 2.0 0.0
выбор 0.001 1.097 0.001
привитых 0.002 0.824 0.002
перечисленное 0.0 2.0 0.0
презрительно 0.0 2.0 0.0
отделениям 0.0 2.0 0.0
безопасности 0.001 0.481 0.0
маргариты 0.001 1.699 0.002
утверждал 0.001 1.523 0.002
провели 0.0 1.222 0.0
стране 0.0 0.523 0.0
запрет 0.0 1.155 0.0
французского 0.001 1.398 0.001
менгеле 0.0 2.0 0.0
похожим 0.0 2.0 0.0
противостоят 0.0 2.0 0.0
нарушает 0.0 1.523 0.0
письмо 0.001 1.097 0.001
способ 0.001 0.921 0.001
темам 0.0 2.0 0.0
последствиях 0.0 0.921 0.0
естественный 0.0 1.398 0.0
полной 0.0 1.155 0.0
die 0.0 1.523 0.0
абзацах 0.0 2.0 0.0
единственная 0.0 1.046 0.0
фактчекинга 0.0 2.0 0.0
критики 0.0 1.301 0.0
поста 0.0 1.523 0.0
комфортным 0.0 2.0 0.0
металлического 0.0 2.0 0.0
упоминаний 0.001 1.699 0.002
резко 0.0 0.854 0.0
часть 0.0 0.456 0.0
прививками 0.0 1.301 0.0
потворстве 0.0 2.0 0.0
состоят 0.0 1.699 0.0
сформулированных 0.0 2.0 0.0
возможности 0.0 0.77 0.0
проводит 0.0 1.155 0.0
часто 0.001 0.456 0.0
образом 0.0 0.602 0.0
схожих 0.0 1.699 0.0
инстаграм 0.0 0.066 0.0
выборах 0.001 1.398 0.001
снимки 0.0 1.523 0.0
популярно 0.001 2.0 0.002
государственные 0.0 1.398 0.0
ударом 0.0 1.398 0.0
коллективный 0.0 1.222 0.0
пандемию 0.001 1.155 0.001
приостановлено 0.0 1.699 0.0
наказания 0.001 1.398 0.001
отказ 0.001 0.959 0.001
аудитории 0.001 1.398 0.001
дестабилизации 0.0 2.0 0.0
единой 0.0 1.301 0.0
хотя 0.002 0.276 0.001
бесплатной 0.0 2.0 0.0
высокого 0.0 1.699 0.0
шафран 0.0 2.0 0.0
дулом 0.0 2.0 0.0
это 0.006 0.066 0.0
отвод 0.0 2.0 0.0
вакцин 0.001 0.62 0.001
оздоровления 0.0 2.0 0.0
связь 0.0 0.721 0.0
названием 0.001 1.155 0.001
другое 0.0 0.886 0.0
парфенчиков 0.0 2.0 0.0
достижения 0.0 1.398 0.0
дело 0.0 0.509 0.0
вернуть 0.0 1.699 0.0
регионах 0.0 0.886 0.0
сведения 0.0 1.155 0.0
работаем 0.0 0.161 0.0
согласие 0.0 1.523 0.0
своим 0.0 0.658 0.0
двух 0.001 0.377 0.0
эффектами 0.0 1.523 0.0
упал 0.0 1.398 0.0
заговора 0.0 1.523 0.0
новой 0.001 0.585 0.001
права 0.0 0.854 0.0
сентябре 0.0 1.398 0.0
сайт 0.001 1.097 0.001
высоко 0.0 1.523 0.0
котором 0.0 0.495 0.0
некоторые 0.001 0.469 0.0
разоблачителей 0.0 2.0 0.0
летопись 0.0 2.0 0.0
рупором 0.0 1.301 0.0
english 0.0 0.06 0.0
цитируются 0.0 2.0 0.0
притесняемым 0.0 2.0 0.0
комитет 0.001 1.222 0.001
поддержка 0.0 0.167 0.0
действовать 0.0 1.0 0.0
журналисты 0.0 0.886 0.0
домен 0.0 2.0 0.0
умных 0.0 2.0 0.0
противники 0.002 1.398 0.003
зрителям 0.0 1.699 0.0
союзники 0.0 2.0 0.0
события 0.0 0.745 0.0
прививайся 0.0 1.699 0.0
пропагандисты 0.0 1.699 0.0
врачей 0.001 0.745 0.001
маргиналов 0.0 2.0 0.0
поддерживали 0.0 1.523 0.0
меры 0.001 0.854 0.001
савинова 0.0 1.523 0.0
членов 0.0 1.097 0.0
работающие 0.0 1.523 0.0
участница 0.0 1.699 0.0
необычной 0.0 2.0 0.0
островов 0.0 1.699 0.0
канале 0.001 1.301 0.001
мэра 0.001 1.097 0.001
митинге 0.0 1.523 0.0
большим 0.0 1.046 0.0
любым 0.0 1.699 0.0
рождения 0.0 1.097 0.0
считает 0.001 0.678 0.001
освещении 0.0 2.0 0.0
преимуществом 0.0 2.0 0.0
притяжение 0.0 2.0 0.0
2020-го 0.0 1.097 0.0
самих 0.0 0.921 0.0
репортаж 0.0 0.699 0.0
организация 0.0 0.886 0.0
facebook 0.0 0.0 0.0
дискредитируют 0.0 2.0 0.0
зарубежной 0.0 1.398 0.0
менее 0.001 0.432 0.0
китайцы 0.0 1.699 0.0
книги 0.0 1.097 0.0
вскрытия 0.001 2.0 0.002
среде 0.001 1.699 0.002
большинству 0.0 1.699 0.0
достоинства 0.0 2.0 0.0
отпраздновать 0.0 1.699 0.0
инъекции 0.0 1.523 0.0
обязанности 0.0 1.699 0.0
стратегии 0.0 1.523 0.0
мишенью 0.0 1.523 0.0
отреагировали 0.0 1.699 0.0
большинстве 0.0 1.0 0.0
цитирует 0.001 1.301 0.001
подзаголовке 0.0 2.0 0.0
scanpix 0.0 0.301 0.0
корона-политики 0.001 2.0 0.002
демонстрациях 0.0 1.699 0.0
авторы 0.0 0.921 0.0
устроиться 0.0 1.523 0.0
сионистских 0.0 2.0 0.0
хельсинкской 0.0 2.0 0.0
социал-демократической 0.0 2.0 0.0
пример 0.001 0.824 0.001
мантра 0.0 1.699 0.0
связано 0.0 0.854 0.0
смертоносен 0.0 2.0 0.0
уведомления 0.0 1.523 0.0
коронавирусе 0.001 1.0 0.001
антисемитами 0.0 2.0 0.0
нацистами 0.0 1.523 0.0
исследования 0.0 0.481 0.0
общественной 0.0 1.398 0.0
актуальных 0.0 2.0 0.0
полная 0.001 1.398 0.001
отношении 0.0 0.824 0.0
персональные 0.0 0.066 0.0
телеканалу 0.0 1.523 0.0
такое 0.0 0.347 0.0
враг 0.0 1.523 0.0
ношения 0.001 1.699 0.002
активно 0.001 0.77 0.001
десяти 0.0 0.921 0.0
абортивный 0.0 2.0 0.0
возбуждение 0.0 2.0 0.0
собственным 0.0 1.301 0.0
прошли 0.0 0.796 0.0
неприязнь 0.001 2.0 0.002
движения 0.001 1.155 0.001
германия 0.0 1.046 0.0
называет 0.0 1.046 0.0
назвали 0.0 1.222 0.0
январе 0.0 1.222 0.0
немецкого 0.001 1.301 0.001
маски 0.0 1.301 0.0
основная 0.0 1.046 0.0
итогам 0.001 1.398 0.001
хенн 0.0 2.0 0.0
журнал 0.0 1.523 0.0
частного 0.0 1.699 0.0
пяти 0.0 0.959 0.0
первом 0.0 0.824 0.0
счет 0.0 0.824 0.0
законы 0.0 1.301 0.0
эта 0.0 0.367 0.0
которых 0.001 0.237 0.0
показательно 0.0 2.0 0.0
каналах 0.001 1.699 0.002
утверждает 0.0 1.0 0.0
вражды 0.0 2.0 0.0
сохранять 0.0 1.301 0.0
однако 0.001 0.337 0.0
всеобщей 0.001 1.699 0.002
начала 0.0 0.398 0.0
запугивания 0.0 2.0 0.0
вернер 0.0 1.699 0.0
сообщение 0.0 0.102 0.0
методов 0.0 1.222 0.0
скоплений 0.0 2.0 0.0
капитан 0.001 1.699 0.002
ток-шоу 0.0 1.523 0.0
сделать 0.0 0.357 0.0
