редакции 0.005 0.066 0.0
анонимайзеры 0.001 2.0 0.002
почте 0.001 1.699 0.002
специальную 0.001 1.523 0.002
.onion.to 0.001 2.0 0.002
баннерам 0.001 0.066 0.0
подтвердите 0.001 2.0 0.002
паспорта 0.001 1.301 0.001
россии 0.004 0.119 0.0
times 0.001 0.699 0.001
тщательно 0.001 1.301 0.001
гифки 0.001 0.066 0.0
editorial 0.001 1.523 0.002
намного 0.001 0.959 0.001
агента 0.003 0.097 0.0
людей 0.003 0.161 0.0
улик 0.001 2.0 0.002
телефоны 0.001 1.222 0.001
загружается 0.001 2.0 0.002
специальный 0.003 1.097 0.003
ошиблись 0.001 1.398 0.001
for 0.001 0.77 0.001
in 0.001 0.0 0.0
независимый 0.001 1.699 0.002
жалобы 0.001 1.523 0.002
документы 0.003 0.796 0.002
право 0.001 0.824 0.001
необходимые 0.001 0.959 0.001
forbes 0.001 2.0 0.002
таких 0.001 0.347 0.0
неправильного 0.001 2.0 0.002
избавьтесь 0.001 2.0 0.002
запоминать 0.003 2.0 0.006
несправедливости 0.001 1.523 0.002
wi-fi 0.003 2.0 0.006
incognito 0.001 2.0 0.002
анонимного 0.001 2.0 0.002
анонимно 0.003 0.066 0.0
свидетелем 0.001 1.699 0.002
просто 0.004 0.194 0.001
проверяем 0.001 2.0 0.002
ваша 0.003 0.102 0.0
попытаться 0.001 1.398 0.001
каким-то 0.001 1.046 0.001
слово 0.001 0.959 0.001
перепишите 0.001 2.0 0.002
следов 0.001 2.0 0.002
открывать 0.003 1.699 0.005
читателейнам 0.001 0.174 0.0
куки 0.001 0.066 0.0
журналистские 0.001 2.0 0.002
аудиозаписью 0.001 2.0 0.002
используют 0.001 0.921 0.001
заменив 0.001 1.699 0.002
ноября 0.001 0.745 0.001
внимательно 0.001 1.301 0.001
никаких 0.001 0.602 0.001
использование 0.001 0.066 0.0
оцените 0.001 1.699 0.002
в-третьих 0.001 1.301 0.001
выключения 0.001 2.0 0.002
кажется 0.001 0.469 0.0
порядку 0.001 0.066 0.0
карточек 0.001 0.62 0.001
вашей 0.001 1.097 0.001
собственное 0.001 1.523 0.002
перезагрузки 0.001 2.0 0.002
tails 0.001 1.699 0.002
роутер 0.001 2.0 0.002
en 0.001 0.066 0.0
окончание 0.001 1.523 0.002
вами 0.003 1.0 0.003
внимания 0.001 1.0 0.001
зайдите 0.001 2.0 0.002
личность 0.003 1.398 0.004
jump 0.001 2.0 0.002
распространено 0.001 0.102 0.0
ios 0.001 0.066 0.0
руки 0.001 0.921 0.001
затем 0.001 0.678 0.001
источника 0.001 1.097 0.001
начнутся 0.001 2.0 0.002
reports 0.001 1.097 0.001
систему 0.003 1.222 0.004
напишите 0.001 2.0 0.002
jelly 0.001 2.0 0.002
ответов 0.001 1.301 0.001
редакцией 0.001 1.523 0.002
orbot 0.001 2.0 0.002
расследования 0.001 1.155 0.001
часовому 0.001 2.0 0.002
системой 0.003 1.398 0.004
свой 0.003 0.585 0.002
защиты 0.001 0.824 0.001
подтвердить 0.001 1.097 0.001
могут 0.005 0.187 0.001
наконец-то 0.001 1.222 0.001
должно 0.001 0.658 0.001
любом 0.001 0.854 0.001
медузы 0.003 0.268 0.001
избавляйтесь 0.001 2.0 0.002
нажать 0.001 1.699 0.002
свидетелями 0.001 1.699 0.002
шрифтам 0.001 2.0 0.002
этих 0.001 0.337 0.0
никакой 0.001 0.854 0.001
английских 0.001 2.0 0.002
предложить 0.001 1.222 0.001
вообще 0.001 0.066 0.0
первую 0.001 0.638 0.001
медузой 0.005 0.921 0.005
кодовое 0.007 2.0 0.014
скрытые 0.001 2.0 0.002
смс-сообщение 0.001 2.0 0.002
защищенный 0.001 2.0 0.002
сети 0.001 1.0 0.001
адрес 0.001 1.301 0.001
оставляйте 0.001 2.0 0.002
tам 0.001 2.0 0.002
узнал 0.001 0.921 0.001
противозаконного 0.001 2.0 0.002
телефону 0.001 1.155 0.001
прочтения 0.001 2.0 0.002
версии 0.001 1.0 0.001
послание 0.001 2.0 0.002
безопасной 0.001 1.523 0.002
нашли 0.003 0.066 0.0
связи 0.003 0.0 0.0
определенные 0.001 1.155 0.001
какие 0.001 0.569 0.001
нем 0.003 0.602 0.002
заблокировать 0.001 1.222 0.001
медуза 0.004 0.066 0.0
попадет 0.001 1.222 0.001
требуется 0.001 0.959 0.001
переписки 0.003 1.398 0.004
нам 0.011 0.086 0.001
секретном 0.001 2.0 0.002
помочь 0.001 0.131 0.0
сможем 0.001 1.222 0.001
пришлет 0.003 2.0 0.006
наших 0.001 0.658 0.001
каналы 0.004 1.301 0.005
такую 0.001 0.824 0.001
редакция 0.001 1.046 0.001
юридическим 0.001 0.102 0.0
технически 0.003 1.398 0.004
запомните 0.001 2.0 0.002
уточняющие 0.001 2.0 0.002
материалам 0.001 0.066 0.0
срочно 0.001 0.167 0.0
операционную 0.001 2.0 0.002
сохраняя 0.001 1.699 0.002
начальника 0.003 1.523 0.005
ссылки 0.001 1.699 0.002
tor2web 0.001 2.0 0.002
другим 0.005 0.62 0.003
источники 0.001 0.959 0.001
telegram 0.001 1.222 0.001
меньше 0.001 0.444 0.0
семь 0.001 0.796 0.001
блокировать 0.001 1.523 0.002
мобильный 0.001 1.699 0.002
неприятности 0.001 2.0 0.002
стали 0.001 0.42 0.0
сможете 0.001 1.523 0.002
спокойнее 0.003 1.699 0.005
особых 0.001 1.301 0.001
иностранным 0.001 0.097 0.0
нужно 0.004 0.237 0.001
весь 0.001 0.638 0.001
например 0.005 0.229 0.001
кстати 0.003 0.886 0.003
дорожите 0.001 2.0 0.002
писем 0.001 1.699 0.002
установить 0.001 1.155 0.001
подключался 0.001 2.0 0.002
задать 0.001 2.0 0.002
vpn-сервисы 0.001 2.0 0.002
ctrl+enter 0.003 0.066 0.0
дописать 0.001 2.0 0.002
безопасно 0.001 0.066 0.0
новостиисторииразборшапитокоронавирусмагаз 0.001 0.066 0.0
проще 0.001 1.0 0.001
обычно 0.003 0.523 0.002
ухищрений 0.001 2.0 0.002
публичному 0.003 2.0 0.006
youtube 0.001 0.06 0.0
пользоваться 0.004 1.046 0.004
желании 0.003 1.398 0.004
kwgwd67ovgilrssisfvv2knjg3msdi6wlgzotqixoxywfocqebsn2yqd.onion 0.003 2.0 0.006
отправлять 0.004 1.155 0.005
создано 0.001 0.097 0.0
купить 0.003 0.886 0.003
адреса 0.001 2.0 0.002
проследить 0.001 2.0 0.002
анонимность 0.001 1.301 0.001
которая 0.001 0.301 0.0
поддержите 0.001 0.102 0.0
пользователей 0.001 1.301 0.001
во-вторых 0.001 0.854 0.001
операционной 0.001 1.699 0.002
случилось 0.003 0.658 0.002
подождите 0.003 2.0 0.006
обхода 0.001 1.699 0.002
видео- 0.001 2.0 0.002
york 0.001 1.222 0.001
достаточно 0.001 0.444 0.0
анонимный 0.003 1.699 0.005
материалом 0.001 1.523 0.002
ложный 0.003 2.0 0.006
идею 0.001 1.0 0.001
экрана 0.001 1.398 0.001
корпоративный 0.001 2.0 0.002
associated 0.001 1.155 0.001
поэтому 0.003 0.328 0.001
связку 0.001 2.0 0.002
многие 0.003 0.284 0.001
средством 0.001 0.102 0.0
guardian 0.001 2.0 0.002
выполняющим 0.003 0.097 0.0
surfacing 0.001 2.0 0.002
телеграм 0.001 1.398 0.001
узнает 0.001 1.301 0.001
ошибку 0.001 0.066 0.0
июня 0.001 0.854 0.001
фотографиями 0.001 1.523 0.002
опасаетесь 0.001 1.699 0.002
электронной 0.001 1.523 0.002
безопаснее 0.001 1.523 0.002
сервиса 0.001 1.398 0.001
скачайте 0.001 2.0 0.002
childish 0.001 2.0 0.002
удалять 0.003 1.523 0.005
задачи 0.001 1.301 0.001
предупреждение 0.001 1.301 0.001
спецслужб 0.001 2.0 0.002
.onion.guide 0.001 2.0 0.002
tor 0.008 2.0 0.016
где-то 0.001 0.721 0.001
журналистами 0.001 1.699 0.002
восстановить 0.001 1.222 0.001
опечатки 0.001 1.699 0.002
нашему 0.001 1.222 0.001
вопрос 0.001 0.42 0.0
владелец 0.001 1.398 0.001
начнут 0.001 1.155 0.001
своей 0.001 0.42 0.0
предустановленным 0.001 2.0 0.002
данные 0.001 0.066 0.0
хотите 0.007 0.921 0.006
флешки 0.001 2.0 0.002
securedrop 0.016 2.0 0.032
чего-то 0.003 1.523 0.005
разбор 0.001 0.387 0.0
написали 0.001 1.301 0.001
опечатку 0.001 2.0 0.002
наши 0.003 0.721 0.002
нажмите 0.008 0.066 0.001
response 0.001 1.097 0.001
раскрывать 0.001 1.523 0.002
вашу 0.001 1.523 0.002
важные 0.001 0.854 0.001
сообщения 0.004 1.097 0.004
иностранного 0.003 0.102 0.0
ноутбук 0.003 1.699 0.005
сможет 0.001 0.721 0.001
отслеживания 0.001 1.699 0.002
отзывы 0.001 1.523 0.002
человек 0.001 0.215 0.0
материал 0.001 0.086 0.0
a 0.001 0.699 0.001
вашем 0.001 1.523 0.002
мер 0.001 1.046 0.001
поясу 0.001 2.0 0.002
распечаток 0.001 2.0 0.002
сохранения 0.001 2.0 0.002
косвенным 0.001 1.699 0.002
browser 0.001 2.0 0.002
установите 0.001 2.0 0.002
аудит 0.001 2.0 0.002
– 0.001 0.06 0.0
любой 0.001 0.745 0.001
в-четвертых 0.001 2.0 0.002
специальное 0.001 1.398 0.001
meduzalovesyou 0.001 2.0 0.002
нами 0.001 0.066 0.0
морочиться 0.003 2.0 0.006
полную 0.001 1.046 0.001
узнать 0.001 0.959 0.001
работают 0.001 0.553 0.001
сообщить 0.001 1.523 0.002
стоит 0.003 0.509 0.002
рекламаmeduza 0.001 0.066 0.0
размеру 0.001 2.0 0.002
решить 0.001 1.097 0.001
контакты 0.001 1.0 0.001
документов 0.001 1.222 0.001
лицом 0.001 0.102 0.0
злоумышленника 0.001 2.0 0.002
став 0.001 1.523 0.002
функции 0.003 0.097 0.0
браузере 0.001 1.523 0.002
готово 0.004 1.398 0.006
блокировок 0.001 1.523 0.002
прочтите 0.001 1.699 0.002
признакам 0.001 1.699 0.002
безопасности 0.003 0.481 0.001
мог 0.001 0.824 0.001
предосторожности 0.003 1.398 0.004
submit 0.004 2.0 0.008
yorker 0.001 1.523 0.002
подозрения 0.001 1.398 0.001
перейти 0.001 0.066 0.0
поддержать 0.001 0.066 0.0
завели 0.001 2.0 0.002
кодекс 0.001 0.066 0.0
подозрений 0.001 2.0 0.002
хочу 0.004 0.137 0.001
сервису 0.001 2.0 0.002
перехватить 0.001 1.699 0.002
firefox 0.001 1.699 0.002
анонимности 0.001 1.699 0.002
письмо 0.001 1.097 0.001
качестве 0.001 0.678 0.001
способ 0.001 0.921 0.001
статьи 0.001 0.854 0.001
наличными 0.001 2.0 0.002
помогите 0.001 1.398 0.001
журналиста-расследователя 0.001 2.0 0.002
найденные 0.001 2.0 0.002
очередь 0.001 0.62 0.001
данное 0.001 0.097 0.0
теоретически 0.001 1.046 0.001
авторизация 0.001 2.0 0.002
new 0.003 0.699 0.002
воспользуйтесь 0.001 1.523 0.002
meduza.io 0.003 1.398 0.004
правила 0.001 0.066 0.0
отправить 0.001 1.301 0.001
запустите 0.001 2.0 0.002
приложений 0.001 2.0 0.002
браузером 0.003 2.0 0.006
использовать 0.004 0.585 0.002
альтернативы 0.001 1.301 0.001
вконтакте 0.001 0.066 0.0
могу 0.005 0.658 0.003
live 0.003 0.022 0.0
решили 0.001 0.658 0.001
рассказать 0.003 0.959 0.003
популярный 0.001 2.0 0.002
сайты 0.001 1.398 0.001
образом 0.001 0.602 0.001
диске 0.001 2.0 0.002
компьютера 0.001 2.0 0.002
компьютере 0.003 1.699 0.005
подключаться 0.001 2.0 0.002
блог 0.001 0.066 0.0
инстаграм 0.001 0.066 0.0
© 0.001 0.0 0.0
метаданных 0.001 2.0 0.002
вопросы 0.001 0.481 0.0
выделите 0.003 0.066 0.0
yin 0.001 2.0 0.002
подкованный 0.001 2.0 0.002
могли 0.004 0.699 0.003
использования 0.001 0.921 0.001
meduzacare 0.001 0.066 0.0
documents 0.003 1.398 0.004
автоматически 0.001 1.222 0.001
система 0.003 0.77 0.002
рекомендуют 0.001 0.796 0.001
начинаются 0.001 1.222 0.001
убедило 0.001 2.0 0.002
кнопка 0.001 0.066 0.0
amnesiac 0.001 2.0 0.002
расплатившись 0.001 2.0 0.002
вечерняя 0.001 0.066 0.0
во-первых 0.001 0.796 0.001
это 0.017 0.066 0.001
the 0.005 0.481 0.002
другие 0.005 0.268 0.001
постарается 0.001 1.699 0.002
press 0.001 0.824 0.001
поддержки 0.001 0.066 0.0
кнопку 0.007 2.0 0.014
историю 0.003 0.721 0.002
помощь 0.001 0.097 0.0
проводили 0.001 1.0 0.001
работаем 0.001 0.161 0.0
check 0.001 2.0 0.002
такая 0.001 0.553 0.001
контекст 0.001 2.0 0.002
system 0.001 1.301 0.001
сайт 0.003 1.097 0.003
24/7 0.001 0.102 0.0
android 0.004 0.066 0.0
предустановленный 0.001 2.0 0.002
english 0.001 0.06 0.0
отправлено 0.001 2.0 0.002
общении 0.001 1.699 0.002
флешку 0.001 2.0 0.002
боюсь 0.001 1.523 0.002
авторитетные 0.001 2.0 0.002
отправили 0.001 1.155 0.001
rubble 0.001 2.0 0.002
поддержка 0.001 0.167 0.0
нужна 0.003 0.092 0.0
такого 0.001 0.509 0.001
чате 0.001 1.398 0.001
специального 0.001 1.699 0.002
вызовет 0.001 1.301 0.001
можете 0.011 0.699 0.008
записанное 0.001 2.0 0.002
случаях 0.001 0.658 0.001
работодатель 0.001 1.398 0.001
меры 0.004 0.854 0.003
удалить 0.001 2.0 0.002
мысленно 0.001 2.0 0.002
каждым 0.001 0.854 0.001
требования 0.001 0.066 0.0
связаться 0.005 0.066 0.0
рассказ 0.001 1.222 0.001
по-настоящему 0.001 1.398 0.001
информации 0.003 0.102 0.0
советуют 0.001 1.398 0.001
имеет 0.001 0.602 0.001
жалоб 0.001 1.523 0.002
языку 0.001 2.0 0.002
соответственно 0.001 0.921 0.001
день-другой 0.001 2.0 0.002
важно 0.001 0.509 0.001
передавать 0.001 1.699 0.002
покажет 0.001 1.699 0.002
скрыть 0.003 1.398 0.004
.onion 0.003 2.0 0.006
сим-карты 0.001 1.523 0.002
специальная 0.001 1.523 0.002
издания 0.001 0.959 0.001
будете 0.001 1.398 0.001
ответьте 0.001 2.0 0.002
используемой 0.001 2.0 0.002
введите 0.001 2.0 0.002
достанется 0.001 1.699 0.002
риски 0.001 0.77 0.001
медузе 0.007 0.066 0.0
системе 0.001 1.097 0.001
отдельный 0.001 1.222 0.001
копий 0.001 2.0 0.002
файл 0.001 2.0 0.002
везде 0.001 1.046 0.001
уберечь 0.001 1.523 0.002
бывает 0.001 1.0 0.001
незаконного 0.001 2.0 0.002
внешнем 0.001 2.0 0.002
небезопасно 0.001 1.398 0.001
разработчики 0.001 1.0 0.001
поставьте 0.001 2.0 0.002
facebook 0.001 0.0 0.0
медузу 0.003 0.066 0.0
обработки 0.001 0.066 0.0
общение 0.001 1.301 0.001
флешке 0.001 2.0 0.002
сгенерированное 0.001 2.0 0.002
стороны 0.001 0.432 0.0
донос 0.003 2.0 0.006
источников 0.003 1.0 0.003
массовой 0.001 0.097 0.0
останется 0.001 1.155 0.001
кто-то 0.004 0.602 0.002
написать 0.007 1.523 0.011
помощью 0.003 0.538 0.002
документами 0.001 1.699 0.002
понимаю 0.001 0.796 0.001
примите 0.001 1.699 0.002
защищенной 0.001 2.0 0.002
информация 0.001 0.824 0.001
слов 0.001 1.301 0.001
спасибоgiphyза 0.001 0.066 0.0
показывать 0.001 0.066 0.0
документах 0.001 1.222 0.001
трафик 0.001 1.523 0.002
используйте 0.001 1.301 0.001
twitter 0.001 0.0 0.0
чувствовали 0.001 1.398 0.001
пожалуйста 0.003 0.102 0.0
наше 0.001 0.921 0.001
платформы 0.003 0.066 0.0
vpn 0.004 1.301 0.005
средства 0.001 1.0 0.001
remark 0.001 1.699 0.002
персональный 0.001 1.699 0.002
именно 0.001 0.244 0.0
передаваемых 0.001 2.0 0.002
ваш 0.004 1.155 0.005
понять 0.003 0.721 0.002
персональные 0.001 0.066 0.0
анонимностью 0.001 2.0 0.002
такое 0.001 0.347 0.0
очень 0.001 0.149 0.0
место 0.001 0.678 0.001
которые 0.004 0.119 0.0
имя 0.007 1.046 0.007
недостаточно 0.001 0.921 0.001
передавали 0.001 1.699 0.002
meduza 0.003 0.0 0.0
кого 0.003 0.509 0.002
выдать 0.001 2.0 0.002
браузера 0.003 1.523 0.005
помогают 0.001 0.886 0.001
компьютер 0.001 2.0 0.002
версия 0.001 1.222 0.001
откройте 0.001 1.523 0.002
доработанная 0.001 2.0 0.002
дополнительные 0.001 1.301 0.001
свое 0.004 0.721 0.003
tor-браузер 0.004 2.0 0.008
сервисы 0.001 1.699 0.002
российским 0.001 0.092 0.0
псевдодоменом 0.001 2.0 0.002
невозможно 0.003 0.602 0.002
настроить 0.001 1.699 0.002
ваше 0.004 1.301 0.005
реклама 0.003 0.066 0.0
делать 0.003 0.276 0.001
оказаться 0.001 0.796 0.001
интересах 0.001 0.167 0.0
начала 0.001 0.398 0.0
воспользоваться 0.005 1.699 0.008
браузер 0.004 2.0 0.008
посредники 0.001 2.0 0.002
становятся 0.001 1.155 0.001
сообщение 0.005 0.102 0.001
важная 0.001 1.155 0.001
сделать 0.001 0.357 0.0
