экспертов 0.001 1.097 0.001
числа 0.001 0.745 0.001
бога 0.001 1.523 0.002
польшу 0.001 1.301 0.001
ремдесивира 0.002 2.0 0.004
редакции 0.002 0.066 0.0
индийском 0.001 1.523 0.002
вносить 0.001 1.398 0.001
жалобу 0.001 2.0 0.002
независимого 0.001 1.046 0.001
компаниина 0.001 1.699 0.002
доме 0.001 1.097 0.001
умеет 0.001 1.155 0.001
честь 0.001 1.301 0.001
баннерам 0.001 0.066 0.0
сама 0.001 0.658 0.001
россии 0.001 0.119 0.0
ближе 0.001 1.046 0.001
гифки 0.001 0.066 0.0
госпитализированы 0.002 1.699 0.003
инфекции 0.002 0.77 0.002
translational 0.001 2.0 0.002
агента 0.002 0.097 0.0
людей 0.005 0.161 0.001
пять 0.002 0.509 0.001
говорит 0.002 0.409 0.001
остаться 0.001 1.097 0.001
вышел 0.001 1.0 0.001
кроме 0.002 0.387 0.001
июне 0.001 1.097 0.001
нормальным 0.001 1.699 0.002
улучшения 0.001 2.0 0.002
molecular 0.001 2.0 0.002
in 0.001 0.0 0.0
регулирующим 0.001 2.0 0.002
доступны 0.001 1.398 0.001
проводят 0.001 1.0 0.001
обнаруживался 0.001 2.0 0.002
эффективен 0.002 1.301 0.003
необходимые 0.001 0.959 0.001
судя 0.001 0.721 0.001
включая 0.002 0.959 0.002
настолько 0.001 0.886 0.001
молнупиравиром 0.002 1.699 0.003
приведет 0.001 1.097 0.001
ventures 0.002 1.523 0.003
касаются 0.001 1.398 0.001
показали 0.002 1.0 0.002
таких 0.002 0.347 0.001
средние 0.001 1.523 0.002
нуклеотида 0.001 2.0 0.002
наблюдается 0.001 1.301 0.001
директор 0.002 1.097 0.002
египет 0.001 1.523 0.002
эндемиком 0.001 2.0 0.002
отличие 0.001 0.886 0.001
плацебо-контролируемым 0.001 2.0 0.002
встраивается 0.001 1.699 0.002
который 0.001 0.194 0.0
риск 0.004 0.538 0.002
ridgeback 0.002 2.0 0.004
невакцинированные 0.001 2.0 0.002
анонимно 0.001 0.066 0.0
второй 0.001 0.42 0.0
снижало 0.001 2.0 0.002
заболевших 0.002 0.824 0.002
видимо 0.001 0.824 0.001
точке 0.001 1.301 0.001
возраст 0.001 1.097 0.001
проявило 0.001 2.0 0.002
ваша 0.002 0.102 0.0
чаще 0.001 0.602 0.001
лечение 0.001 1.097 0.001
шансы 0.001 0.959 0.001
мир 0.001 0.553 0.001
вышло 0.001 1.155 0.001
обрыв 0.001 2.0 0.002
бывший 0.001 0.921 0.001
новостей 0.001 0.886 0.001
опубликована 0.001 1.523 0.002
появления 0.001 0.854 0.001
заболевания 0.002 0.62 0.001
связанный 0.001 1.699 0.002
людях 0.001 1.155 0.001
читателейнам 0.001 0.174 0.0
сразу 0.001 0.553 0.001
куки 0.001 0.066 0.0
разработки 0.002 1.301 0.003
аналогичных 0.001 1.398 0.001
страны 0.001 0.444 0.0
недавно 0.001 0.62 0.001
никаких 0.001 0.602 0.001
ноября 0.001 0.745 0.001
исследованных 0.001 1.398 0.001
использование 0.002 0.066 0.0
произошло 0.001 0.796 0.001
обладает 0.001 1.523 0.002
вышеупомянутая 0.001 2.0 0.002
две 0.001 0.553 0.001
исправления 0.001 2.0 0.002
испытуемые 0.001 2.0 0.002
порядку 0.001 0.066 0.0
лицензировать 0.001 2.0 0.002
года 0.006 0.167 0.001
госпитализирован 0.001 1.699 0.002
называются 0.001 1.155 0.001
en 0.001 0.066 0.0
капельницы 0.001 2.0 0.002
секвенирования 0.001 1.699 0.002
противном 0.001 1.523 0.002
ученых 0.001 1.046 0.001
работает 0.002 0.367 0.001
процесс 0.001 0.921 0.001
часов 0.002 0.678 0.001
токсичности 0.001 2.0 0.002
проводить 0.001 0.824 0.001
профилактического 0.001 2.0 0.002
хуже 0.002 0.699 0.001
предназначенных 0.001 2.0 0.002
значимую 0.001 1.699 0.002
внимания 0.001 1.0 0.001
самые 0.001 0.602 0.001
пациентов 0.006 0.796 0.005
снижая 0.001 2.0 0.002
изменен 0.001 2.0 0.002
начали 0.001 0.481 0.0
представляет 0.001 1.046 0.001
дней 0.009 0.337 0.003
впоследствии 0.001 1.301 0.001
постройки 0.001 2.0 0.002
распространено 0.001 0.102 0.0
дженериков 0.001 2.0 0.002
провести 0.001 0.745 0.001
существенно 0.002 0.721 0.001
насколько 0.001 0.42 0.0
ios 0.001 0.066 0.0
компаниям 0.001 1.398 0.001
октября 0.001 1.0 0.001
опасно 0.001 0.921 0.001
промежуточные 0.002 1.398 0.003
будут 0.001 0.301 0.0
приобретать 0.001 1.699 0.002
заметить 0.001 1.301 0.001
выданы 0.001 2.0 0.002
ряда 0.002 1.301 0.003
обычном 0.001 1.523 0.002
анна 0.001 1.097 0.001
снизило 0.001 1.699 0.002
несколько 0.002 0.201 0.0
c 0.001 1.046 0.001
рибонуклеотидов 0.002 2.0 0.004
испытуемый 0.001 2.0 0.002
существования 0.001 1.301 0.001
вируса 0.006 0.721 0.004
вместо 0.001 0.77 0.001
зараженными 0.001 2.0 0.002
исходно 0.001 1.398 0.001
сложности 0.001 1.398 0.001
позднее 0.001 1.155 0.001
одному 0.001 0.921 0.001
восемь 0.002 1.0 0.002
своего 0.001 0.721 0.001
drive 0.002 2.0 0.004
рекомендации 0.001 0.824 0.001
день 0.001 0.328 0.0
merck 0.003 1.523 0.005
частности 0.001 0.678 0.001
п. 0.001 1.523 0.002
полностью 0.001 0.538 0.001
раза 0.002 0.602 0.001
отрицательным 0.001 1.523 0.002
medicine 0.001 1.398 0.001
университетской 0.001 2.0 0.002
этих 0.001 0.337 0.0
зафиксировано 0.002 1.301 0.003
тяжестью 0.001 1.699 0.002
коронавируса 0.001 0.509 0.001
одном 0.001 0.699 0.001
пока 0.002 0.208 0.0
исчезал 0.001 2.0 0.002
штормом 0.001 2.0 0.002
молекул 0.001 1.699 0.002
подтвержденную 0.001 2.0 0.002
противовирусных 0.001 1.699 0.002
верхних 0.001 1.699 0.002
работать 0.001 0.409 0.0
форму 0.001 1.398 0.001
сих 0.001 0.481 0.0
вышеперечисленные 0.001 2.0 0.002
спустя 0.001 0.886 0.001
вообще 0.002 0.066 0.0
вся 0.001 1.0 0.001
договорилась 0.001 1.699 0.002
иными 0.001 1.523 0.002
развившуюся 0.001 2.0 0.002
объявлено 0.001 1.523 0.002
по-видимому 0.002 0.959 0.002
момент 0.001 0.481 0.0
проведены 0.001 1.301 0.001
добровольцы 0.001 1.398 0.001
пероральное 0.002 2.0 0.004
нынешние 0.001 1.523 0.002
значительной 0.001 1.155 0.001
испытания 0.002 1.046 0.002
потенциале 0.001 2.0 0.002
молекулу 0.002 2.0 0.004
соответствующей 0.001 1.699 0.002
улучшает 0.002 2.0 0.004
мешает 0.001 1.222 0.001
улучшение 0.001 2.0 0.002
количество 0.002 0.62 0.001
нынешнем 0.001 1.398 0.001
коронавирусов 0.001 1.523 0.002
бессилен 0.001 2.0 0.002
medrxiv 0.001 2.0 0.002
предыдущих 0.001 1.398 0.001
move-out 0.001 2.0 0.002
миллионов 0.001 0.638 0.001
выборки 0.001 1.398 0.001
нашли 0.001 0.066 0.0
перехода 0.001 1.699 0.002
связи 0.001 0.0 0.0
казнадзей 0.001 1.699 0.002
долей 0.001 1.097 0.001
университете 0.001 1.155 0.001
emory 0.002 2.0 0.004
приобретают 0.001 2.0 0.002
медуза 0.002 0.066 0.0
живущие 0.001 2.0 0.002
нам 0.001 0.086 0.0
согласно 0.005 0.745 0.004
помочь 0.001 0.131 0.0
равновесии 0.001 1.699 0.002
обновление 0.001 1.097 0.001
людьми 0.001 0.745 0.001
последние 0.001 0.456 0.0
поводов 0.001 1.523 0.002
вирусу 0.001 1.046 0.001
балла 0.001 2.0 0.002
выросли 0.001 2.0 0.002
д. 0.001 1.0 0.001
завершиться 0.001 2.0 0.002
этому 0.001 0.432 0.0
мутаций 0.002 1.222 0.002
каждые 0.002 1.301 0.003
говорили 0.001 0.796 0.001
роль 0.001 0.796 0.001
заговорил 0.001 2.0 0.002
размножающийся 0.001 2.0 0.002
конкретной 0.001 1.398 0.001
п 0.001 2.0 0.002
юридическим 0.001 0.102 0.0
часа 0.001 0.77 0.001
группе 0.003 0.745 0.002
слепым 0.001 1.699 0.002
расти 0.001 1.301 0.001
некоторой 0.001 1.398 0.001
составляя 0.001 2.0 0.002
материалам 0.001 0.066 0.0
срочно 0.001 0.167 0.0
тяжелую 0.001 1.699 0.002
исходных 0.001 2.0 0.002
случае 0.002 0.357 0.001
разработка 0.001 1.523 0.002
устойчивость 0.001 2.0 0.002
медиана 0.001 2.0 0.002
covid-19 0.002 0.77 0.002
картину 0.001 1.0 0.001
доказана 0.001 1.301 0.001
аргентину 0.001 1.398 0.001
оптимистичными 0.001 2.0 0.002
fda 0.001 1.222 0.001
клинического 0.001 1.046 0.001
новую 0.001 0.921 0.001
заявил 0.001 0.658 0.001
факторов 0.002 1.097 0.002
иностранным 0.001 0.097 0.0
phase 0.001 1.699 0.002
заявку 0.001 1.398 0.001
вечерняя 0.001 0.066 0.0
замедления 0.001 2.0 0.002
например 0.002 0.229 0.0
германо-скандинавского 0.001 2.0 0.002
кстати 0.001 0.886 0.001
2021-го 0.001 1.155 0.001
противоположный 0.001 1.699 0.002
течения 0.005 0.921 0.005
коронавирусом 0.002 0.699 0.001
борьбы 0.001 1.097 0.001
чрезвычайных 0.001 1.699 0.002
drug 0.002 2.0 0.004
медикаментов 0.001 1.398 0.001
остановит 0.001 1.699 0.002
регистрацию 0.001 1.155 0.001
стоимости 0.001 2.0 0.002
которое 0.002 0.337 0.001
капсулы 0.001 2.0 0.002
u. 0.001 2.0 0.002
инфицированных 0.001 1.222 0.001
вакцинам 0.001 0.959 0.001
вида 0.001 1.523 0.002
мутагеном 0.001 2.0 0.002
мнению 0.001 0.638 0.001
ctrl+enter 0.001 0.066 0.0
c. 0.001 1.523 0.002
безопасно 0.001 0.066 0.0
новостиисторииразборшапитокоронавирусмагаз 0.001 0.066 0.0
позже 0.001 0.886 0.001
препринтов 0.001 1.699 0.002
уставший 0.001 1.699 0.002
десять 0.001 0.824 0.001
перорально 0.002 2.0 0.004
молекула 0.001 1.699 0.002
играет 0.001 1.0 0.001
youtube 0.001 0.06 0.0
должны 0.002 0.432 0.001
южно-африканскую 0.001 2.0 0.002
либо 0.002 0.569 0.001
пцр-тест 0.001 1.699 0.002
продаже 0.001 1.222 0.001
создано 0.001 0.097 0.0
значительно 0.002 0.959 0.002
останавливать 0.001 1.398 0.001
группы 0.006 0.62 0.004
которая 0.001 0.301 0.0
плацебо-группы 0.002 2.0 0.004
антивирусную 0.001 2.0 0.002
поддержите 0.001 0.102 0.0
нуклеотидов 0.001 1.699 0.002
соответствует 0.001 1.097 0.001
разработано 0.001 1.699 0.002
касающиеся 0.002 1.699 0.003
моделях 0.001 1.523 0.002
которого 0.001 0.585 0.001
путях 0.001 1.398 0.001
планирует 0.001 1.398 0.001
канаду 0.001 1.699 0.002
симптоматики 0.001 2.0 0.002
набор 0.001 1.155 0.001
пациенты 0.002 1.301 0.003
разрешение 0.001 1.301 0.001
августа 0.001 1.222 0.001
цикл 0.001 2.0 0.002
многие 0.001 0.284 0.0
средством 0.001 0.102 0.0
поэтому 0.001 0.328 0.0
science 0.001 1.398 0.001
клеток 0.001 1.155 0.001
выполняющим 0.002 0.097 0.0
food 0.001 1.097 0.001
четыре 0.001 0.569 0.001
эффективный 0.001 1.097 0.001
неисключительные 0.001 2.0 0.002
году 0.001 0.367 0.0
принять 0.001 0.921 0.001
sars-cov 0.002 2.0 0.004
ошибку 0.001 0.066 0.0
жизненный 0.001 2.0 0.002
препарат 0.004 0.959 0.004
штаммов 0.001 1.097 0.001
надзору 0.001 2.0 0.002
первых 0.001 0.959 0.001
происходило 0.001 1.155 0.001
научном 0.001 1.222 0.001
лет 0.001 0.252 0.0
лекарство 0.006 1.155 0.007
приводит 0.001 0.824 0.001
0,0012 0.001 2.0 0.002
разрешили 0.001 1.097 0.001
коронавирусной 0.002 1.301 0.003
опубликованному 0.001 2.0 0.002
недавние 0.001 1.398 0.001
заболевшими 0.001 2.0 0.002
компании 0.003 0.523 0.002
ускорить 0.001 1.699 0.002
аналогичному 0.001 1.699 0.002
вопрос 0.001 0.42 0.0
structural 0.001 2.0 0.002
препаратов 0.002 1.0 0.002
позволяет 0.001 0.854 0.001
administration 0.001 1.155 0.001
данные 0.003 0.066 0.0
продуктов 0.001 1.097 0.001
цитокиновым 0.001 2.0 0.002
дальнейшей 0.001 1.523 0.002
разработок 0.001 1.699 0.002
позволили 0.001 1.155 0.001
планах 0.001 1.222 0.001
приостановлен 0.001 2.0 0.002
стать 0.001 0.699 0.001
разбор 0.001 0.387 0.0
появление 0.001 0.959 0.001
веса 0.001 1.523 0.002
мю 0.001 2.0 0.002
украину 0.001 0.523 0.001
данным 0.002 0.444 0.001
нажмите 0.001 0.066 0.0
параллельные 0.001 2.0 0.002
рекрутировать 0.001 2.0 0.002
приглашаются 0.001 2.0 0.002
созданное 0.001 2.0 0.002
чили 0.001 1.301 0.001
стран 0.001 0.469 0.0
приеме 0.001 1.398 0.001
комитета 0.001 1.699 0.002
ухудшение 0.001 1.523 0.002
режиме 0.001 1.222 0.001
nature 0.002 1.523 0.003
идет 0.001 0.367 0.0
продолжает 0.002 0.658 0.001
втором 0.001 1.398 0.001
других 0.002 0.26 0.001
числе 0.002 0.31 0.001
оставляют 0.001 1.523 0.002
новых 0.001 0.678 0.001
biotherapeutics 0.002 2.0 0.004
известны 0.001 1.222 0.001
иностранного 0.002 0.102 0.0
коронавирусную 0.001 1.699 0.002
области 0.002 0.602 0.001
реплицируется 0.001 2.0 0.002
легкие 0.001 1.523 0.002
человек 0.002 0.215 0.0
госпитализации 0.002 0.886 0.002
материал 0.001 0.086 0.0
препараты 0.002 0.824 0.002
понятно 0.001 0.699 0.001
a 0.001 0.699 0.001
симптомов 0.001 0.886 0.001
исследований 0.001 0.585 0.001
сообщалось 0.001 1.155 0.001
воздействие 0.001 1.699 0.002
определенном 0.001 1.699 0.002
оптимизма 0.001 2.0 0.002
починки 0.001 2.0 0.002
добровольные 0.001 2.0 0.002
клиническую 0.001 2.0 0.002
увеличению 0.001 1.699 0.002
– 0.001 0.06 0.0
оптимистические 0.001 2.0 0.002
отличались 0.002 1.398 0.003
любой 0.001 0.745 0.001
рик 0.001 2.0 0.002
джордж 0.002 1.398 0.003
время 0.002 0.102 0.0
составили 0.001 1.222 0.001
ковида 0.002 0.444 0.001
use 0.001 1.0 0.001
leta 0.001 0.301 0.0
результате 0.002 0.62 0.001
стадии 0.002 1.301 0.003
оказывает 0.001 1.699 0.002
нами 0.002 0.066 0.0
соответствовать 0.001 1.398 0.001
испытаний 0.001 0.921 0.001
старше 0.001 1.0 0.001
декабрю 0.001 2.0 0.002
симптоматикой 0.001 2.0 0.002
показано 0.001 1.155 0.001
биомедицинских 0.001 2.0 0.002
примерно 0.002 0.585 0.001
заметное 0.001 1.699 0.002
новые 0.001 0.602 0.001
вирус 0.003 0.678 0.002
коды 0.001 2.0 0.002
мутации 0.002 1.222 0.002
зависела 0.001 1.699 0.002
иметь 0.001 0.824 0.001
управления 0.001 1.097 0.001
рекламаmeduza 0.001 0.066 0.0
принимать 0.002 0.721 0.001
миллиарда 0.001 1.155 0.001
молота 0.001 2.0 0.002
работы 0.001 0.553 0.001
роли 0.001 1.155 0.001
лицом 0.001 0.102 0.0
эффектов 0.001 1.046 0.001
мониторинга 0.001 1.523 0.002
настоящему 0.001 1.398 0.001
выпускать 0.001 1.097 0.001
таутомерии 0.001 2.0 0.002
лечении 0.001 1.301 0.001
emergency 0.001 1.523 0.002
функции 0.002 0.097 0.0
германию 0.001 1.097 0.001
организм 0.001 1.222 0.001
статья 0.001 1.0 0.001
борьбе 0.001 0.796 0.001
ремдесивир 0.004 1.523 0.006
среди 0.002 0.42 0.001
геном 0.002 1.301 0.003
найдено 0.001 1.398 0.001
ситуациях 0.001 1.155 0.001
надеяться 0.002 1.097 0.002
темпы 0.001 1.523 0.002
эпидемиологии 0.001 1.222 0.001
апреле 0.002 1.222 0.002
эксперимента 0.001 1.398 0.001
получавших 0.001 2.0 0.002
компанией 0.002 1.222 0.002
соглашение 0.001 1.222 0.001
наборов 0.001 1.699 0.002
застревает 0.001 2.0 0.002
систем 0.001 1.301 0.001
назад 0.004 0.18 0.001
снова 0.001 0.678 0.001
изомеров 0.001 2.0 0.002
безопасности 0.002 0.481 0.001
вирусный 0.001 1.523 0.002
экстренно 0.001 1.699 0.002
управлением 0.001 1.523 0.002
течение 0.003 0.699 0.002
описывался 0.001 2.0 0.002
n4-гидроксицитидина 0.001 2.0 0.002
добровольцев 0.001 0.886 0.001
перестает 0.001 1.398 0.001
перейти 0.001 0.066 0.0
подробным 0.001 2.0 0.002
реплицироваться 0.001 2.0 0.002
этапе 0.002 1.222 0.002
главную 0.001 1.523 0.002
источник 0.001 0.174 0.0
появлению 0.001 1.523 0.002
поддержать 0.001 0.066 0.0
внутривенно 0.001 1.699 0.002
моментом 0.001 2.0 0.002
окончания 0.001 1.301 0.001
зараженных 0.001 1.046 0.001
опасаться 0.001 2.0 0.002
строить 0.001 1.398 0.001
кодекс 0.001 0.066 0.0
хочу 0.001 0.137 0.0
также 0.005 0.237 0.001
побочных 0.001 0.959 0.001
концу 0.001 1.097 0.001
ранней 0.001 1.699 0.002
клинических 0.001 0.796 0.001
самым 0.001 0.921 0.001
органы 0.001 1.398 0.001
пациент 0.001 1.699 0.002
основной 0.004 1.046 0.004
средней 0.002 1.222 0.002
статьи 0.001 0.854 0.001
находились 0.001 1.222 0.001
работу 0.002 0.658 0.001
начать 0.001 1.046 0.001
имеются 0.001 1.301 0.001
поможет 0.001 0.854 0.001
at 0.002 0.824 0.002
данное 0.001 0.097 0.0
очередь 0.001 0.62 0.001
eidd-2801 0.001 2.0 0.002
поставке 0.001 1.523 0.002
штаммы 0.001 1.398 0.001
пятый 0.001 1.222 0.001
воз 0.002 0.796 0.002
подать 0.001 1.523 0.002
заражения 0.001 0.796 0.001
застрявшую 0.001 2.0 0.002
тора 0.001 2.0 0.002
введения 0.001 0.796 0.001
хорьками 0.001 1.699 0.002
вирусных 0.001 1.301 0.001
пор 0.001 0.387 0.0
ожирение 0.001 1.523 0.002
большие 0.001 0.796 0.001
правила 0.001 0.066 0.0
умерли 0.001 1.155 0.001
цепи 0.001 1.523 0.002
механизм 0.002 1.222 0.002
mers-cov 0.002 2.0 0.004
продемонстрировал 0.001 2.0 0.002
обзор 0.001 1.222 0.001
органам 0.001 2.0 0.002
вакцинации 0.001 0.553 0.001
вконтакте 0.001 0.066 0.0
мг 0.002 2.0 0.004
препарата 0.003 0.886 0.003
потерю 0.001 1.523 0.002
live 0.001 0.022 0.0
блокировало 0.001 2.0 0.002
генеральный 0.002 1.301 0.003
добровольцах 0.001 1.301 0.001
ремдесивире 0.001 2.0 0.002
особенных 0.001 2.0 0.002
лицензии 0.001 1.0 0.001
позволит 0.001 1.398 0.001
проводит 0.001 1.155 0.001
часто 0.001 0.456 0.0
образом 0.002 0.602 0.001
форме 0.002 0.886 0.002
лекарства 0.003 0.854 0.003
эмори 0.001 2.0 0.002
списка 0.001 1.523 0.002
санитарному 0.001 2.0 0.002
блог 0.001 0.066 0.0
инстаграм 0.001 0.066 0.0
© 0.001 0.0 0.0
важным 0.001 1.097 0.001
размножается 0.001 1.398 0.001
группа 0.001 0.886 0.001
выделите 0.001 0.066 0.0
шкале 0.001 1.222 0.001
разных 0.001 0.398 0.0
получить 0.001 0.553 0.001
регулирующие 0.001 2.0 0.002
условиях 0.001 0.569 0.001
пандемию 0.002 1.155 0.002
данных 0.001 0.481 0.0
курсов 0.001 1.398 0.001
могли 0.001 0.699 0.001
индии 0.001 1.222 0.001
встраиваться 0.001 2.0 0.002
терапии 0.001 1.523 0.002
meduzacare 0.001 0.066 0.0
дефекты 0.001 2.0 0.002
производного 0.001 2.0 0.002
возлагали 0.001 1.699 0.002
легкой 0.002 1.523 0.003
против 0.002 0.229 0.0
результаты 0.003 0.62 0.002
оболочку 0.001 1.699 0.002
той 0.001 0.62 0.001
эгидой 0.002 1.523 0.003
великобритании 0.001 0.745 0.001
кнопка 0.001 0.066 0.0
ускоряя 0.001 2.0 0.002
хотя 0.001 0.276 0.0
фармацевтической 0.001 1.523 0.002
эффективность 0.003 0.569 0.002
гриппа 0.001 1.046 0.001
международным 0.001 1.301 0.001
mk-4482 0.001 2.0 0.002
качеством 0.001 2.0 0.002
францию 0.001 1.523 0.002
основе 0.001 0.745 0.001
это 0.007 0.066 0.0
которому 0.001 1.0 0.001
риска 0.002 0.699 0.001
умер 0.001 1.046 0.001
испытаниях 0.001 1.222 0.001
речь 0.001 0.432 0.0
другие 0.001 0.268 0.0
лучшего 0.001 2.0 0.002
co 0.002 2.0 0.004
клинические 0.002 1.097 0.002
смогут 0.001 0.745 0.001
поддержки 0.001 0.066 0.0
тяжелого 0.001 0.921 0.001
гамма 0.001 2.0 0.002
authorization 0.001 2.0 0.002
помощь 0.001 0.097 0.0
уточненным 0.001 2.0 0.002
u 0.001 2.0 0.002
выраженную 0.001 2.0 0.002
eua 0.001 1.523 0.002
merck/msd 0.001 2.0 0.002
тему 0.001 0.959 0.001
стал 0.001 0.658 0.001
испытаниям 0.001 2.0 0.002
проводили 0.001 1.0 0.001
работаем 0.001 0.161 0.0
способностью 0.001 1.523 0.002
создавшей 0.001 1.699 0.002
двух 0.001 0.377 0.0
репликации 0.001 1.523 0.002
животных 0.001 0.854 0.001
снижает 0.002 1.046 0.002
использует 0.001 1.097 0.001
базе 0.001 1.155 0.001
рандомизированным 0.001 2.0 0.002
мышами 0.001 2.0 0.002
действия 0.002 0.721 0.001
дельта 0.001 0.854 0.001
молнупиравира 0.009 1.699 0.015
приема 0.001 1.301 0.001
независимое 0.001 0.721 0.001
исследовании 0.002 0.824 0.002
навсегда 0.001 0.854 0.001
исследование 0.003 0.658 0.002
принимал 0.001 1.523 0.002
клиническом 0.002 1.222 0.002
24/7 0.001 0.102 0.0
снижение 0.001 1.0 0.001
дожидаясь 0.001 1.699 0.002
немедленно 0.001 1.155 0.001
американскому 0.001 1.699 0.002
android 0.001 0.066 0.0
наблюдался 0.001 2.0 0.002
одинаково 0.001 1.301 0.001
english 0.001 0.06 0.0
передачу 0.001 1.398 0.001
желать 0.001 2.0 0.002
продемонстрировав 0.001 2.0 0.002
фазой 0.001 1.699 0.002
выпустить 0.001 1.523 0.002
поставляется 0.001 1.699 0.002
американской 0.001 1.222 0.001
вариантов 0.002 0.854 0.002
серьезным 0.001 1.301 0.001
поддержка 0.001 0.167 0.0
набрана 0.001 1.699 0.002
нужна 0.002 0.092 0.0
наблюдений 0.001 2.0 0.002
рнк 0.002 1.301 0.003
400–800 0.001 2.0 0.002
inc 0.001 2.0 0.002
т 0.002 1.222 0.002
sars-cov-2 0.002 0.824 0.002
бороться 0.001 1.155 0.001
производителей 0.001 1.0 0.001
barda 0.001 2.0 0.002
тестов 0.001 1.155 0.001
врачей 0.001 0.745 0.001
исследованию 0.001 1.097 0.001
чрезмерной 0.001 2.0 0.002
дома 0.001 0.638 0.001
поведет 0.001 2.0 0.002
врожденные 0.001 2.0 0.002
and 0.001 0.721 0.001
hetero 0.002 1.699 0.003
оно 0.002 0.444 0.001
рыночной 0.001 2.0 0.002
требования 0.001 0.066 0.0
половины 0.001 1.0 0.001
связаться 0.001 0.066 0.0
брайт 0.001 2.0 0.002
перспективных 0.001 2.0 0.002
времени 0.002 0.523 0.001
происходит 0.002 0.387 0.001
вирусную 0.002 1.699 0.003
россию 0.002 0.678 0.001
labs 0.002 2.0 0.004
информации 0.001 0.102 0.0
долларов 0.002 1.155 0.002
касающуюся 0.001 2.0 0.002
состояния 0.001 0.959 0.001
дальнейшие 0.001 1.699 0.002
сентября 0.001 1.046 0.001
имеет 0.001 0.602 0.001
лечения 0.001 1.0 0.001
титра 0.001 1.523 0.002
пищевых 0.001 1.699 0.002
титр 0.001 1.523 0.002
ковидом 0.001 0.658 0.001
бразилию 0.001 1.523 0.002
важно 0.002 0.509 0.001
сыграть 0.001 1.699 0.002
статистически 0.001 1.301 0.001
скрыть 0.001 1.398 0.001
глава 0.001 0.824 0.001
двойным 0.001 1.699 0.002
2020-го 0.001 1.097 0.001
пандемией 0.001 1.301 0.001
приостановления 0.001 2.0 0.002
провалились 0.002 1.523 0.003
g 0.001 1.699 0.002
журнале 0.003 0.921 0.003
biology 0.001 2.0 0.002
синтетического 0.001 2.0 0.002
иной 0.001 1.222 0.001
медузе 0.002 0.066 0.0
параллельно 0.001 1.097 0.001
пейнтер 0.002 2.0 0.004
заявленной 0.001 2.0 0.002
принимавших 0.001 1.699 0.002
собой 0.001 0.62 0.001
миллиардов 0.001 1.301 0.001
сахарный 0.001 2.0 0.002
facebook 0.001 0.0 0.0
медузу 0.002 0.066 0.0
явление 0.001 1.699 0.002
принимали 0.001 1.301 0.001
продолжить 0.001 1.222 0.001
собирается 0.001 0.921 0.001
этим 0.002 0.337 0.001
обработки 0.001 0.066 0.0
клиническим 0.001 1.523 0.002
хорьков 0.001 1.699 0.002
симптомы 0.001 0.959 0.001
диабет 0.001 1.523 0.002
массовой 0.001 0.097 0.0
принимавшей 0.001 2.0 0.002
форма 0.001 1.523 0.002
планировалось 0.001 1.398 0.001
помощью 0.001 0.538 0.001
является 0.001 0.745 0.001
p-value 0.001 2.0 0.002
контроля 0.001 1.222 0.001
похоже 0.002 0.886 0.002
вызывает 0.002 0.886 0.002
миллиона 0.001 0.77 0.001
нагрузку 0.001 2.0 0.002
консультации 0.001 1.301 0.001
эффект 0.001 1.097 0.001
scanpix 0.001 0.301 0.0
выложенному 0.001 2.0 0.002
снижению 0.001 1.301 0.001
лекарств 0.001 0.824 0.001
пациентами 0.001 1.301 0.001
оказывается 0.001 0.886 0.001
виде 0.001 0.745 0.001
республику 0.001 2.0 0.002
словам 0.001 0.658 0.001
мутагенезом 0.001 2.0 0.002
показывать 0.001 0.066 0.0
спасибоgiphyза 0.001 0.066 0.0
вызывающих 0.001 1.699 0.002
компания 0.003 1.0 0.003
биржевые 0.001 2.0 0.002
twitter 0.001 0.0 0.0
молнупиравир 0.007 1.699 0.012
животного 0.001 1.699 0.002
хозяйских 0.001 2.0 0.002
пероральная 0.001 2.0 0.002
болезни 0.006 0.62 0.004
пожалуйста 0.001 0.102 0.0
полимеразы 0.002 2.0 0.004
аналог 0.001 1.699 0.002
связано 0.001 0.854 0.001
платформы 0.002 0.066 0.0
изучен 0.001 1.523 0.002
приобретено 0.001 2.0 0.002
реакцией 0.001 1.301 0.001
общей 0.001 0.959 0.001
исследования 0.003 0.481 0.001
наблюдали 0.001 1.301 0.001
некоторое 0.001 1.222 0.001
организме 0.002 1.301 0.003
именно 0.001 0.244 0.0
легких 0.001 1.046 0.001
заключила 0.001 1.398 0.001
отношении 0.002 0.824 0.002
сценарии 0.001 1.301 0.001
персональные 0.001 0.066 0.0
такое 0.001 0.347 0.0
ежедневное 0.001 1.699 0.002
очень 0.001 0.149 0.0
следующем 0.001 2.0 0.002
предоставленные 0.001 1.523 0.002
многих 0.002 0.658 0.001
подал 0.001 1.699 0.002
полимеразу 0.001 2.0 0.002
дыхательных 0.001 1.523 0.002
meduza 0.002 0.0 0.0
т. 0.001 0.921 0.001
третьей 0.002 1.097 0.002
инфекцию 0.001 1.301 0.001
innovation 0.002 2.0 0.004
декабре 0.001 1.222 0.001
кирпичиков 0.001 2.0 0.002
случайных 0.001 1.523 0.002
детальный 0.001 2.0 0.002
репликацию 0.001 2.0 0.002
назвали 0.001 1.222 0.001
эксперимент 0.001 1.523 0.002
иммунной 0.001 0.959 0.001
организма 0.002 0.921 0.002
согласия 0.001 1.301 0.001
котировки 0.001 2.0 0.002
применения 0.001 1.097 0.001
странах 0.002 0.495 0.001
плацебо 0.006 0.959 0.006
нуклеозидного 0.001 2.0 0.002
год 0.003 0.409 0.001
введение 0.001 1.222 0.001
размножаться 0.001 1.222 0.001
лаборатории 0.001 1.097 0.001
замедление 0.001 2.0 0.002
составила 0.002 0.959 0.002
неблагоприятного 0.002 2.0 0.004
встраивания 0.001 2.0 0.002
пяти 0.003 0.959 0.003
первом 0.001 0.824 0.001
существует 0.001 0.745 0.001
выявлялся 0.001 2.0 0.002
выявлено 0.001 1.523 0.002
моменту 0.002 1.097 0.002
производит 0.001 1.523 0.002
российским 0.001 0.092 0.0
которых 0.003 0.237 0.001
надежды 0.001 1.398 0.001
тому 0.001 0.509 0.001
вещество 0.004 1.398 0.006
возникновение 0.001 1.398 0.001
реклама 0.002 0.066 0.0
однако 0.001 0.337 0.0
домашних 0.001 1.301 0.001
оказаться 0.001 0.796 0.001
из-за 0.001 0.229 0.0
последствий 0.001 0.959 0.001
интересах 0.001 0.167 0.0
co. 0.001 1.523 0.002
быстрее 0.002 0.886 0.002
сша 0.005 0.469 0.002
существенного 0.001 1.699 0.002
фазе 0.001 1.097 0.001
течении 0.001 1.301 0.001
ap 0.001 0.854 0.001
сообщение 0.001 0.102 0.0
продвижение 0.001 1.301 0.001
полимераза 0.001 1.699 0.002
активность 0.001 1.523 0.002
легком 0.001 1.523 0.002
пациента 0.002 1.097 0.002
индийским 0.001 2.0 0.002
мьельнир 0.001 2.0 0.002
