числа 0.0 0.745 0.0
кухне 0.0 1.699 0.0
первой 0.0 0.678 0.0
редакции 0.001 0.066 0.0
небольшой 0.0 1.046 0.0
здоровский 0.0 2.0 0.0
убираешь 0.0 2.0 0.0
баннерам 0.0 0.066 0.0
высшем 0.0 2.0 0.0
действительно 0.001 0.377 0.0
народ 0.0 0.886 0.0
встанешь 0.0 2.0 0.0
сердце 0.0 1.523 0.0
столице 0.0 1.097 0.0
телефоны 0.0 1.222 0.0
звонили 0.0 1.523 0.0
соседней 0.0 1.699 0.0
телеграм-каналы 0.0 1.699 0.0
документы 0.0 0.796 0.0
оружия 0.0 1.301 0.0
причем 0.0 0.62 0.0
штанов 0.001 2.0 0.002
потолка 0.0 2.0 0.0
мужчин 0.0 1.222 0.0
повторный 0.0 2.0 0.0
геноцид 0.0 1.523 0.0
организовывали 0.001 2.0 0.002
заморозку 0.0 2.0 0.0
информацию 0.0 0.62 0.0
возраст 0.0 1.097 0.0
артиллерийские 0.001 1.523 0.002
эвакуацию 0.001 2.0 0.002
печка 0.001 2.0 0.002
помогать 0.001 0.959 0.001
ходьбы 0.0 1.699 0.0
непригодные 0.0 2.0 0.0
новостям 0.0 1.523 0.0
повод 0.0 1.301 0.0
подальше 0.0 2.0 0.0
подружки 0.0 2.0 0.0
гражданские 0.0 1.301 0.0
отделались 0.0 2.0 0.0
наш 0.001 0.699 0.001
помощи 0.0 0.77 0.0
сварили 0.0 2.0 0.0
дыры 0.0 2.0 0.0
горючкой 0.0 2.0 0.0
буче 0.0 1.523 0.0
выезжаем 0.0 2.0 0.0
полки 0.0 1.699 0.0
этими 0.0 1.301 0.0
сумку 0.0 1.699 0.0
проверять 0.0 1.097 0.0
большей 0.0 1.046 0.0
искала 0.0 2.0 0.0
одним 0.0 0.569 0.0
допустим 0.0 1.523 0.0
репа 0.0 2.0 0.0
территорию 0.0 1.155 0.0
привезти 0.0 1.699 0.0
дней 0.004 0.337 0.001
житомира 0.0 2.0 0.0
корма 0.0 2.0 0.0
частный 0.001 1.523 0.002
опасно 0.001 0.921 0.001
ужасно 0.0 1.398 0.0
кипишь 0.0 2.0 0.0
телевизору 0.0 1.222 0.0
вместо 0.0 0.77 0.0
автомобиль 0.0 1.699 0.0
остальное 0.0 1.523 0.0
витамины 0.0 2.0 0.0
восемь 0.001 1.0 0.001
бачка 0.0 2.0 0.0
щас 0.0 2.0 0.0
медузы 0.003 0.268 0.001
хэтчбека 0.0 2.0 0.0
звучало 0.0 1.699 0.0
этих 0.0 0.337 0.0
домов 0.001 1.301 0.001
писал 0.0 1.046 0.0
сектор 0.0 1.523 0.0
трех 0.0 0.638 0.0
пойду 0.0 1.398 0.0
вывезти 0.0 2.0 0.0
неподалеку 0.001 1.301 0.001
домом 0.001 1.523 0.002
обещали 0.0 1.523 0.0
дни 0.0 0.721 0.0
сидела 0.001 1.699 0.002
оружием 0.0 1.523 0.0
истории 0.0 0.337 0.0
момент 0.003 0.481 0.001
прочитала 0.0 1.699 0.0
продавал 0.0 2.0 0.0
решила 0.001 1.0 0.001
просидели 0.0 2.0 0.0
городе 0.001 0.678 0.001
парня 0.0 2.0 0.0
оружие 0.001 1.155 0.001
закрывает 0.0 1.699 0.0
зоны 0.0 1.523 0.0
нашли 0.001 0.066 0.0
связи 0.001 0.0 0.0
медуза 0.001 0.066 0.0
чисто 0.0 1.301 0.0
львове 0.0 1.523 0.0
обстрелам 0.0 1.301 0.0
семи 0.0 1.398 0.0
нам 0.005 0.086 0.0
буквы 0.0 1.398 0.0
товарищем 0.0 2.0 0.0
армии 0.0 0.886 0.0
закрывают 0.0 1.523 0.0
хотели 0.002 1.097 0.002
панику 0.0 1.699 0.0
построены 0.0 1.699 0.0
атаку 0.0 1.398 0.0
наших 0.001 0.658 0.001
накормить 0.0 2.0 0.0
раздается 0.001 2.0 0.002
материалам 0.0 0.066 0.0
радуемся 0.0 2.0 0.0
срочно 0.0 0.167 0.0
надеюсь 0.001 1.398 0.001
абсурдно 0.0 2.0 0.0
печку 0.0 2.0 0.0
смогли 0.003 0.921 0.003
летящего 0.0 2.0 0.0
убивать 0.0 1.097 0.0
эвакуировали 0.0 1.699 0.0
макдоналдс 0.0 1.699 0.0
стенку 0.0 2.0 0.0
приют 0.0 1.699 0.0
дороге 0.001 1.222 0.001
должна 0.001 0.538 0.001
своих 0.001 0.398 0.0
необходимости 0.0 0.854 0.0
ctrl+enter 0.0 0.066 0.0
ждали 0.0 1.398 0.0
жителями 0.0 1.699 0.0
скооперировались 0.0 2.0 0.0
рассказывала 0.001 1.523 0.002
оперевшись 0.0 2.0 0.0
получилось 0.0 0.886 0.0
смотрю 0.0 1.398 0.0
да-да 0.0 1.523 0.0
ума 0.0 1.699 0.0
военкомат 0.0 1.398 0.0
встречай 0.0 2.0 0.0
украины 0.001 0.569 0.001
случилось 0.001 0.658 0.001
погреб 0.0 1.699 0.0
пауэрбанки 0.001 1.699 0.002
снаряды 0.001 1.523 0.002
ружье 0.0 2.0 0.0
уезжающих 0.001 2.0 0.002
вторжение 0.0 1.097 0.0
продукты 0.0 1.097 0.0
сами 0.0 0.538 0.0
противотанковые 0.0 1.523 0.0
девятый 0.0 2.0 0.0
помидоры 0.0 2.0 0.0
представьте 0.001 1.523 0.002
портфеле 0.0 1.699 0.0
лопатой 0.0 2.0 0.0
дровах 0.0 2.0 0.0
толпы 0.0 1.699 0.0
тупые 0.0 2.0 0.0
смотрели 0.0 1.398 0.0
случился 0.0 1.523 0.0
видели 0.0 1.222 0.0
зубы 0.0 1.699 0.0
знакомым 0.0 1.523 0.0
буквально 0.001 0.886 0.001
железнодорожные 0.0 2.0 0.0
напряженная 0.0 2.0 0.0
страшный 0.0 1.523 0.0
боялась 0.001 2.0 0.002
украину 0.001 0.523 0.001
нажмите 0.0 0.066 0.0
электричество 0.0 1.523 0.0
пришлось 0.001 0.959 0.001
режиме 0.0 1.222 0.0
электричка 0.0 2.0 0.0
иностранного 0.001 0.102 0.0
задерживала 0.0 2.0 0.0
человек 0.001 0.215 0.0
верхней 0.0 1.523 0.0
пенопласт 0.0 2.0 0.0
спрятаться 0.0 1.699 0.0
главные 0.001 0.921 0.001
улицах 0.001 1.301 0.001
испорченные 0.0 2.0 0.0
– 0.0 0.06 0.0
канонады 0.0 2.0 0.0
голодными 0.0 2.0 0.0
нет-нет 0.0 2.0 0.0
нами 0.001 0.066 0.0
спала 0.0 1.699 0.0
очередном… 0.0 2.0 0.0
телевизоре 0.0 1.699 0.0
противника 0.0 1.523 0.0
лицом 0.0 0.102 0.0
послали 0.0 1.699 0.0
менялись 0.0 2.0 0.0
заняли 0.0 1.301 0.0
функции 0.001 0.097 0.0
дорога 0.0 1.523 0.0
львова 0.0 1.523 0.0
обойдут 0.0 2.0 0.0
университет 0.0 1.398 0.0
голода 0.0 2.0 0.0
новостях 0.0 1.398 0.0
испугалась 0.0 2.0 0.0
днем 0.0 0.886 0.0
портреты 0.001 2.0 0.002
плакал 0.0 1.699 0.0
дети 0.0 0.721 0.0
проходили 0.0 1.097 0.0
возрасте 0.0 1.222 0.0
ответила 0.0 1.398 0.0
супруга 0.0 2.0 0.0
убирать 0.0 1.301 0.0
перейти 0.0 0.066 0.0
поддержать 0.0 0.066 0.0
какие-то 0.002 0.538 0.001
обороны 0.001 1.046 0.001
автомата 0.001 1.699 0.002
мусор 0.0 1.699 0.0
понимали 0.001 1.155 0.001
скоро 0.0 0.796 0.0
покупать 0.0 1.097 0.0
разрушенный 0.001 1.301 0.001
одежде 0.0 1.523 0.0
ноги 0.0 1.222 0.0
данное 0.0 0.097 0.0
ожидали 0.0 1.222 0.0
киевляне 0.001 1.523 0.002
перегруз 0.0 2.0 0.0
какой-то 0.001 0.538 0.001
пятый 0.001 1.222 0.001
ирпене 0.002 1.398 0.003
низко 0.0 1.699 0.0
коридор 0.0 1.097 0.0
беседовала 0.0 1.523 0.0
вышли 0.001 1.0 0.001
старым 0.0 1.699 0.0
раскупили 0.0 1.699 0.0
разное 0.0 1.222 0.0
общественным 0.0 1.523 0.0
могу 0.002 0.658 0.001
мостом 0.001 1.699 0.002
напротив 0.001 1.222 0.001
live 0.0 0.022 0.0
решили 0.001 0.658 0.001
освобождают 0.001 1.301 0.001
научиться 0.0 1.523 0.0
свист 0.0 1.699 0.0
покинули 0.001 1.222 0.001
блог 0.0 0.066 0.0
услышал 0.001 2.0 0.002
психотерапевт 0.0 2.0 0.0
оставались 0.0 1.699 0.0
принимаем 0.0 1.523 0.0
железной 0.0 1.523 0.0
планы 0.0 1.097 0.0
кафе 0.0 1.097 0.0
условиях 0.0 0.569 0.0
разных 0.0 0.398 0.0
радушный 0.0 2.0 0.0
собирались 0.0 1.699 0.0
начинает 0.001 0.959 0.001
зеленые 0.0 2.0 0.0
хотел 0.001 1.0 0.001
meduzacare 0.0 0.066 0.0
соседями 0.0 1.699 0.0
по-минимуму 0.0 2.0 0.0
бежали 0.001 1.398 0.001
улицу 0.0 1.155 0.0
начинают 0.001 0.886 0.001
окончательно 0.0 1.301 0.0
кнопка 0.0 0.066 0.0
правительство 0.0 0.824 0.0
приходилось 0.0 1.301 0.0
разрешают 0.002 2.0 0.004
круп 0.0 1.699 0.0
нигде 0.0 1.699 0.0
жене 0.0 1.523 0.0
ходила 0.001 1.523 0.002
нему 0.001 1.155 0.001
беспокоился 0.0 2.0 0.0
найдется 0.0 2.0 0.0
новостройки 0.001 2.0 0.002
честно 0.001 1.0 0.001
последний 0.0 0.824 0.0
приехал 0.0 1.523 0.0
женой 0.0 1.398 0.0
неприятное 0.0 2.0 0.0
восьмой 0.0 2.0 0.0
обстрелы 0.0 1.222 0.0
действия 0.0 0.721 0.0
филологии 0.0 2.0 0.0
24/7 0.0 0.102 0.0
дожидаясь 0.0 1.699 0.0
зашли 0.0 1.699 0.0
заграждения 0.0 2.0 0.0
свеклы 0.0 2.0 0.0
собирала 0.0 1.699 0.0
такой… 0.0 2.0 0.0
флакон 0.0 1.699 0.0
семье 0.0 1.301 0.0
позвонили 0.0 1.398 0.0
выездом 0.0 2.0 0.0
близко 0.0 1.301 0.0
подвалах 0.0 1.222 0.0
гостомеля 0.001 2.0 0.002
каждым 0.0 0.854 0.0
связаться 0.001 0.066 0.0
требования 0.0 0.066 0.0
полгорода 0.0 2.0 0.0
пропала 0.0 2.0 0.0
информации 0.0 0.102 0.0
академии 0.0 1.523 0.0
начало 0.001 1.097 0.001
angeles 0.001 1.301 0.001
бомбит 0.001 1.155 0.001
тех 0.001 0.26 0.0
плакали 0.0 1.699 0.0
товарищей 0.0 2.0 0.0
почему 0.002 0.337 0.001
обратимся 0.0 1.699 0.0
стены 0.0 1.155 0.0
куда-нибудь 0.0 2.0 0.0
шампуня 0.0 2.0 0.0
танки 0.001 1.046 0.001
немецкий 0.0 1.301 0.0
этим 0.001 0.337 0.0
домой 0.002 0.824 0.002
эвакуировался 0.0 2.0 0.0
последнего 0.001 1.046 0.001
северная 0.0 1.301 0.0
веселья 0.0 2.0 0.0
скорой 0.0 1.398 0.0
россия 0.001 0.398 0.0
возле 0.001 1.097 0.001
знаем 0.001 0.585 0.001
покидают 0.001 1.523 0.002
успокоительные 0.0 1.699 0.0
пары 0.001 1.699 0.002
макарон 0.0 1.699 0.0
спасибоgiphyза 0.0 0.066 0.0
спокойно 0.001 0.824 0.001
маминых 0.0 2.0 0.0
животного 0.0 1.699 0.0
раньше 0.0 0.432 0.0
слышно 0.0 1.301 0.0
пожалуйста 0.0 0.102 0.0
сново 0.001 2.0 0.002
родные 0.001 1.398 0.001
можем 0.0 0.62 0.0
никуда 0.0 1.097 0.0
сначала 0.002 0.602 0.001
прошлом 0.0 0.921 0.0
первая 0.0 0.77 0.0
пост 0.0 0.796 0.0
убраться 0.0 2.0 0.0
пить 0.0 1.398 0.0
очень 0.007 0.149 0.001
бои 0.001 1.097 0.001
место 0.001 0.678 0.001
перекусить 0.0 2.0 0.0
приходим 0.0 2.0 0.0
одна 0.003 0.42 0.001
застелили 0.0 2.0 0.0
уровне 0.0 0.638 0.0
кусок 0.0 1.398 0.0
заправке 0.0 2.0 0.0
идут 0.001 0.699 0.001
плюс 0.0 1.046 0.0
живот 0.0 1.699 0.0
вокзал 0.001 1.699 0.002
давай 0.0 1.699 0.0
попал 0.001 1.155 0.001
российским 0.001 0.092 0.0
набирали 0.0 2.0 0.0
которым 0.0 0.658 0.0
вместе 0.001 0.602 0.001
снаряда 0.001 1.046 0.001
выпекали 0.0 2.0 0.0
интересах 0.0 0.167 0.0
контакт 0.0 1.523 0.0
пододеяльников 0.0 2.0 0.0
слышать 0.0 1.301 0.0
авиаудары 0.0 1.523 0.0
бы… 0.0 2.0 0.0
обзавестись 0.0 2.0 0.0
пожар 0.0 1.301 0.0
российские 0.0 0.328 0.0
час 0.0 1.0 0.0
прекращали 0.0 2.0 0.0
times 0.001 0.699 0.001
установили 0.0 0.959 0.0
выяснили 0.0 1.301 0.0
знали 0.001 1.301 0.001
велись 0.001 2.0 0.002
впадем 0.0 2.0 0.0
разрушен 0.0 1.155 0.0
гараж 0.0 2.0 0.0
мамой 0.0 1.523 0.0
смысла 0.0 0.699 0.0
in 0.0 0.0 0.0
стояли 0.0 1.699 0.0
присмотреть 0.0 2.0 0.0
сторон 0.0 1.523 0.0
присесть 0.001 2.0 0.002
алкоголь 0.0 1.222 0.0
оставлять 0.001 1.301 0.001
охотничье 0.0 2.0 0.0
комендантский 0.0 1.301 0.0
таких 0.001 0.347 0.0
английский 0.0 2.0 0.0
подруга 0.001 1.523 0.002
белой 0.0 1.523 0.0
просто 0.007 0.194 0.001
новость 0.0 1.155 0.0
залпы 0.0 2.0 0.0
бывшего 0.0 1.301 0.0
информацией 0.0 1.523 0.0
обороняться 0.0 2.0 0.0
фото 0.0 0.959 0.0
фрося 0.0 2.0 0.0
поникшая 0.0 2.0 0.0
машина 0.001 1.046 0.001
восьмого-девятого 0.0 2.0 0.0
ребят 0.002 1.523 0.003
перебраться 0.0 1.523 0.0
готовит 0.0 1.523 0.0
паника 0.001 1.523 0.002
спасения 0.0 1.398 0.0
родину 0.0 1.523 0.0
вызвало 0.0 1.398 0.0
упали 0.001 1.398 0.001
живая 0.0 1.523 0.0
произошло 0.0 0.796 0.0
пригород 0.001 1.222 0.001
кошек 0.0 1.699 0.0
две 0.005 0.553 0.003
встречает 0.001 1.523 0.002
дальше 0.002 0.523 0.001
кажется 0.0 0.469 0.0
скупал 0.0 2.0 0.0
стреляют 0.0 1.301 0.0
тобой 0.0 1.301 0.0
жили 0.0 1.222 0.0
рада 0.0 2.0 0.0
минутах 0.0 1.699 0.0
рек 0.0 2.0 0.0
часов 0.003 0.678 0.002
км 0.001 2.0 0.002
хуже 0.0 0.699 0.0
львов 0.001 1.398 0.001
сына 0.0 1.301 0.0
скорая 0.001 1.699 0.002
скажем 0.0 1.222 0.0
смеяться 0.0 2.0 0.0
рассказывал 0.0 1.222 0.0
возьмем 0.0 1.699 0.0
родным 0.0 1.523 0.0
предложил 0.0 1.155 0.0
умирают 0.0 1.398 0.0
распространено 0.0 0.102 0.0
другом 0.0 0.721 0.0
хлебобулочные 0.0 2.0 0.0
ios 0.0 0.066 0.0
проезжали 0.0 1.523 0.0
северную 0.0 2.0 0.0
повзрывали 0.0 1.699 0.0
предпочту 0.0 2.0 0.0
глупо 0.0 2.0 0.0
несколько 0.001 0.201 0.0
общения 0.0 1.523 0.0
никому 0.0 1.155 0.0
всеми 0.001 0.824 0.001
мамы 0.0 1.097 0.0
попробовали 0.0 1.699 0.0
происходящем 0.0 1.301 0.0
собакам 0.0 2.0 0.0
мост 0.001 1.301 0.001
пока 0.001 0.208 0.0
карточки 0.001 1.155 0.001
спустя 0.001 0.886 0.001
рискованно 0.0 1.699 0.0
моего 0.0 1.097 0.0
польский 0.0 1.523 0.0
сошли 0.0 2.0 0.0
слышали 0.0 1.301 0.0
случайности 0.0 1.398 0.0
извините 0.0 1.0 0.0
ямку 0.0 2.0 0.0
снеки 0.0 2.0 0.0
киеву 0.0 1.398 0.0
литров 0.001 1.699 0.002
первого 0.001 0.658 0.001
молиться 0.0 1.523 0.0
готовили 0.001 1.301 0.001
квартал 0.0 1.523 0.0
пешком 0.0 2.0 0.0
родилась 0.0 1.222 0.0
приюте 0.0 2.0 0.0
вещах 0.0 1.301 0.0
сегодняшний 0.0 1.523 0.0
жены 0.0 1.301 0.0
благодаря 0.0 0.77 0.0
единиц 0.0 1.523 0.0
уныние 0.0 2.0 0.0
спать 0.001 1.222 0.001
такую 0.0 0.824 0.0
юридическим 0.0 0.102 0.0
ночь 0.0 1.0 0.0
уехали 0.0 1.222 0.0
смогу 0.001 1.523 0.002
военные 0.001 0.796 0.001
просыпались 0.0 2.0 0.0
разгребают 0.0 2.0 0.0
лазаньи 0.0 2.0 0.0
элементарно 0.0 1.699 0.0
телефоне 0.0 1.398 0.0
спросите 0.0 2.0 0.0
магазин 0.001 1.222 0.001
чипсы 0.0 2.0 0.0
данный 0.0 0.824 0.0
утром 0.001 1.046 0.001
нужно 0.001 0.237 0.0
призрачная 0.0 2.0 0.0
весь 0.0 0.638 0.0
привезли 0.001 1.398 0.001
10-15 0.0 1.699 0.0
книжки 0.001 2.0 0.002
как-то 0.002 0.699 0.001
безопасно 0.001 0.066 0.0
секунды 0.0 2.0 0.0
пронесся 0.0 2.0 0.0
рф 0.0 0.745 0.0
youtube 0.0 0.06 0.0
заходить 0.0 2.0 0.0
видел 0.0 1.301 0.0
создано 0.0 0.097 0.0
купить 0.003 0.886 0.003
разрушены 0.0 1.301 0.0
группы 0.0 0.62 0.0
аптекам 0.0 2.0 0.0
оказался 0.0 0.886 0.0
штора 0.0 2.0 0.0
достаточно 0.0 0.444 0.0
защиту 0.0 1.097 0.0
мои 0.001 0.854 0.001
прием 0.0 1.398 0.0
средством 0.0 0.102 0.0
покинуть 0.0 1.0 0.0
разворачиваемся 0.0 2.0 0.0
возможность 0.001 0.569 0.001
руках 0.0 1.398 0.0
комнате 0.0 1.699 0.0
расскажи 0.0 2.0 0.0
безопаснее 0.0 1.523 0.0
оставить 0.001 1.523 0.002
предпенсионном 0.0 2.0 0.0
искать 0.0 0.854 0.0
говорят 0.001 0.432 0.0
где-то 0.001 0.721 0.001
семнадцатый 0.001 1.398 0.001
пытались 0.001 1.046 0.001
друзей 0.0 0.959 0.0
своей 0.0 0.42 0.0
регулярном 0.0 2.0 0.0
заряжены 0.0 2.0 0.0
подруги 0.0 2.0 0.0
аэропорт 0.001 1.699 0.002
киева 0.003 0.886 0.003
язык 0.0 1.155 0.0
сбрасывать 0.0 1.699 0.0
подружились 0.0 2.0 0.0
больницу 0.001 1.097 0.001
человеческая 0.0 1.699 0.0
растет 0.0 1.155 0.0
отец 0.0 1.222 0.0
хорошей 0.0 1.523 0.0
пол 0.001 1.699 0.002
области 0.0 0.602 0.0
александр 0.0 0.538 0.0
связываться 0.0 1.398 0.0
слышишь 0.0 1.398 0.0
злые 0.0 2.0 0.0
целая 0.0 1.699 0.0
защищать 0.001 0.854 0.001
дом 0.004 0.824 0.003
стоя 0.0 2.0 0.0
проехать 0.0 1.699 0.0
судьба 0.0 1.222 0.0
жителей 0.001 0.569 0.001
любой 0.0 0.745 0.0
время 0.002 0.102 0.0
видим 0.0 0.921 0.0
защита 0.0 1.097 0.0
ту 0.0 0.921 0.0
стрессе 0.0 2.0 0.0
прислали 0.0 2.0 0.0
стоит 0.001 0.509 0.001
конце 0.0 0.745 0.0
рекламаmeduza 0.0 0.066 0.0
войне 0.0 0.62 0.0
маленького 0.0 1.301 0.0
обстрелом 0.0 1.301 0.0
обязательно 0.0 0.959 0.0
getty 0.001 0.886 0.001
похоронить 0.0 1.699 0.0
постоянно 0.001 0.62 0.001
прооперировали 0.0 2.0 0.0
рады 0.001 1.523 0.002
кормом 0.0 2.0 0.0
треском 0.0 2.0 0.0
закрытыми 0.0 1.398 0.0
вырывает 0.001 2.0 0.002
энергетика 0.0 2.0 0.0
звук 0.0 1.301 0.0
сдаться 0.0 1.523 0.0
возможными 0.0 2.0 0.0
бабушку 0.0 1.523 0.0
быстро 0.001 0.495 0.0
общаться 0.0 1.398 0.0
жил 0.0 1.523 0.0
дорогих 0.0 1.523 0.0
разговаривать 0.0 1.097 0.0
назад 0.005 0.18 0.001
сокращались 0.0 2.0 0.0
первое 0.0 0.921 0.0
мог 0.0 0.824 0.0
помогли 0.0 1.523 0.0
вспышка 0.0 1.301 0.0
фотографий 0.0 1.523 0.0
листов 0.0 2.0 0.0
позиции 0.0 1.097 0.0
война 0.002 0.469 0.001
кодекс 0.0 0.066 0.0
также 0.0 0.237 0.0
покажут 0.0 2.0 0.0
двоих 0.0 2.0 0.0
находились 0.0 1.222 0.0
туалетного 0.0 2.0 0.0
сумке 0.0 2.0 0.0
давал 0.0 1.398 0.0
очередь 0.0 0.62 0.0
подметает 0.0 2.0 0.0
призывной 0.0 2.0 0.0
прим 0.001 1.301 0.001
ирпень 0.002 1.222 0.002
надеялись 0.0 2.0 0.0
ближе-ближе 0.0 2.0 0.0
закрывались 0.0 1.699 0.0
думали 0.001 1.155 0.001
пор 0.0 0.387 0.0
полезут 0.0 2.0 0.0
сработать 0.0 1.699 0.0
стрекотание 0.0 2.0 0.0
поговорила 0.0 0.886 0.0
предлагала 0.0 1.699 0.0
предлагал 0.0 1.523 0.0
тревоги 0.0 1.398 0.0
собирать 0.0 1.097 0.0
вконтакте 0.0 0.066 0.0
нашей 0.0 0.699 0.0
медленно 0.0 1.222 0.0
жительства 0.0 2.0 0.0
живет 0.001 0.854 0.001
вслед 0.0 1.523 0.0
летит 0.0 2.0 0.0
почувствовали 0.0 2.0 0.0
ольга 0.0 1.398 0.0
груба 0.0 2.0 0.0
жалко 0.0 1.523 0.0
далеко 0.001 0.745 0.001
танк 0.0 1.155 0.0
разрушена 0.0 1.398 0.0
выделите 0.0 0.066 0.0
власти 0.0 0.387 0.0
земле 0.0 1.222 0.0
могли 0.0 0.699 0.0
недели 0.003 0.42 0.001
против 0.001 0.229 0.0
блок 0.0 1.398 0.0
той 0.001 0.62 0.001
оттеснят 0.0 2.0 0.0
еды 0.001 1.097 0.001
дмитрий 0.0 0.658 0.0
едой 0.001 1.222 0.001
нужны 0.001 0.745 0.001
вечерняя 0.0 0.066 0.0
нервничала 0.0 2.0 0.0
посидеть 0.0 2.0 0.0
… 0.0 1.301 0.0
поддержки 0.0 0.066 0.0
некуда 0.001 1.301 0.001
нашего 0.001 1.0 0.001
выезжать 0.001 1.523 0.002
двумя 0.0 0.678 0.0
начал 0.001 0.796 0.001
относимся 0.0 1.699 0.0
первые 0.001 0.585 0.001
машине 0.0 1.523 0.0
дня 0.003 0.523 0.002
итоге 0.001 0.62 0.001
животных 0.0 0.854 0.0
гуманитарно 0.0 2.0 0.0
держал 0.0 2.0 0.0
попадания 0.0 1.699 0.0
наоборот 0.0 0.824 0.0
забрала 0.001 1.699 0.002
осталось 0.001 1.0 0.001
туда 0.001 0.921 0.001
android 0.0 0.066 0.0
мародеров 0.0 2.0 0.0
ехать 0.001 1.523 0.002
начнется 0.0 1.222 0.0
особенно 0.0 0.553 0.0
нужна 0.001 0.092 0.0
марта 0.002 0.319 0.001
плывет 0.0 2.0 0.0
города 0.004 0.638 0.003
больница 0.0 1.301 0.0
бьется 0.0 2.0 0.0
категорически 0.0 1.523 0.0
тряхнуло 0.0 2.0 0.0
нервы 0.0 1.699 0.0
дома 0.003 0.638 0.002
даша 0.001 2.0 0.002
посмотреть 0.0 0.721 0.0
проснуться 0.0 1.523 0.0
землетрясение 0.0 2.0 0.0
бензина 0.0 1.699 0.0
оператора 0.0 1.699 0.0
стоите 0.0 1.699 0.0
общительные 0.0 2.0 0.0
живем 0.001 1.301 0.001
трупы 0.0 1.398 0.0
побежала 0.0 2.0 0.0
заправка 0.0 2.0 0.0
киеве 0.001 1.0 0.001
могла 0.001 0.886 0.001
больницы 0.0 0.77 0.0
медузе 0.001 0.066 0.0
человеку 0.0 1.0 0.0
первый 0.002 0.481 0.001
сказали 0.002 0.959 0.002
точно 0.001 0.481 0.0
медузу 0.001 0.066 0.0
родители 0.0 1.097 0.0
обработки 0.0 0.066 0.0
выписал 0.0 2.0 0.0
стороны 0.001 0.432 0.0
приняли 0.0 1.046 0.0
успел 0.0 0.921 0.0
атакован 0.0 2.0 0.0
массовой 0.0 0.097 0.0
злейший 0.0 2.0 0.0
каждый 0.001 0.509 0.001
прятались 0.0 1.523 0.0
продолжать 0.0 0.921 0.0
обстановка 0.0 1.523 0.0
пара 0.002 1.301 0.003
книжек 0.0 2.0 0.0
церкви 0.001 1.398 0.001
каких-то 0.001 0.921 0.001
жить 0.001 0.824 0.001
случай 0.001 0.921 0.001
рассчитывали 0.0 1.523 0.0
наше 0.0 0.921 0.0
привлекать 0.0 1.523 0.0
позвать 0.0 2.0 0.0
уснуть 0.0 2.0 0.0
заправить 0.0 2.0 0.0
косые 0.0 2.0 0.0
отвезли 0.0 2.0 0.0
какие-нибудь 0.0 1.699 0.0
способами 0.0 1.222 0.0
местными 0.0 1.523 0.0
удар 0.001 0.886 0.001
молочных 0.0 2.0 0.0
устала 0.0 2.0 0.0
иначе 0.001 0.745 0.001
ужин 0.0 2.0 0.0
другая 0.0 0.886 0.0
заедет 0.0 2.0 0.0
мешать 0.0 1.398 0.0
опыт 0.0 0.886 0.0
укрывались 0.0 1.523 0.0
часе 0.0 1.699 0.0
военное 0.0 1.523 0.0
уведомляло 0.0 2.0 0.0
забита 0.0 2.0 0.0
спальней 0.0 2.0 0.0
погребе 0.0 2.0 0.0
порядок 0.0 1.155 0.0
взрыва 0.0 1.301 0.0
упаковками 0.0 2.0 0.0
реклама 0.001 0.066 0.0
мощный 0.0 1.523 0.0
делать 0.001 0.276 0.0
русском 0.001 1.097 0.001
нацию 0.0 1.523 0.0
плохо 0.0 0.569 0.0
прятаться 0.0 1.301 0.0
жила 0.0 1.398 0.0
защитить 0.0 1.0 0.0
польшу 0.001 1.301 0.001
войска 0.001 0.721 0.001
мать 0.001 1.398 0.001
виду 0.0 0.745 0.0
следующий 0.001 0.796 0.001
россии 0.0 0.119 0.0
позвонила 0.0 1.523 0.0
соседнем 0.001 1.699 0.002
открывались 0.0 1.699 0.0
привычка 0.0 2.0 0.0
пересекать 0.0 2.0 0.0
помогает 0.0 0.77 0.0
агента 0.001 0.097 0.0
пять 0.001 0.509 0.001
носков 0.0 2.0 0.0
вышел 0.0 1.0 0.0
выгребли 0.0 2.0 0.0
повторюсь 0.0 2.0 0.0
штанах 0.0 2.0 0.0
узнали 0.0 1.0 0.0
кричать 0.001 1.699 0.002
наша 0.001 0.77 0.001
изделия 0.0 2.0 0.0
русские 0.002 1.046 0.002
услышали 0.001 1.699 0.002
впрок… 0.0 2.0 0.0
паниковала 0.0 2.0 0.0
обсудили 0.0 2.0 0.0
заправиться 0.001 2.0 0.002
здании 0.0 1.523 0.0
убийство 0.0 1.523 0.0
подружка 0.001 1.699 0.002
успеваем 0.0 2.0 0.0
воздушной 0.0 1.699 0.0
эвакуировались 0.0 1.699 0.0
автомобилей 0.0 1.523 0.0
россией 0.001 0.824 0.001
очереди 0.002 1.046 0.002
пошли 0.0 1.523 0.0
мир 0.0 0.553 0.0
уехала 0.0 1.301 0.0
картошку 0.0 2.0 0.0
читателейнам 0.0 0.174 0.0
пустые 0.0 1.699 0.0
удалось 0.001 0.523 0.001
огромная 0.0 1.523 0.0
грех 0.0 2.0 0.0
креветки 0.0 2.0 0.0
считаю 0.0 1.222 0.0
трогать 0.0 1.699 0.0
панике 0.002 1.699 0.003
пешую 0.0 2.0 0.0
остался 0.0 0.854 0.0
порядку 0.0 0.066 0.0
сырья 0.0 2.0 0.0
машин 0.0 1.301 0.0
удавалось 0.0 1.155 0.0
воюем 0.0 2.0 0.0
приехать 0.0 1.222 0.0
футболок 0.0 1.699 0.0
полуразрушенного 0.0 2.0 0.0
посмотрите 0.001 1.0 0.001
работает 0.0 0.367 0.0
вами 0.0 1.0 0.0
пугливых 0.0 2.0 0.0
единичные 0.0 1.523 0.0
употреблению 0.0 2.0 0.0
сидеть 0.001 1.097 0.001
военный 0.0 1.097 0.0
проверяли 0.0 1.398 0.0
поддерживаем 0.0 1.523 0.0
окна 0.001 0.959 0.001
яму 0.0 2.0 0.0
поняли 0.001 1.046 0.001
резерв 0.0 2.0 0.0
оставаться 0.0 0.921 0.0
расскажут 0.0 1.523 0.0
пробку 0.0 2.0 0.0
лес 0.0 1.523 0.0
сирена 0.0 1.699 0.0
могут 0.0 0.187 0.0
день 0.009 0.328 0.003
одеялами 0.0 1.699 0.0
любят 0.0 1.523 0.0
лица 0.0 0.824 0.0
довольно 0.001 0.523 0.001
одном 0.0 0.699 0.0
yam 0.001 1.398 0.001
найти 0.0 0.602 0.0
работать 0.0 0.409 0.0
боевые 0.0 1.222 0.0
больничном 0.0 2.0 0.0
удивительно 0.0 1.398 0.0
проспать 0.0 2.0 0.0
попали 0.001 0.886 0.001
обогревает 0.0 2.0 0.0
поехали 0.001 1.699 0.002
включает 0.001 1.398 0.001
первую 0.0 0.638 0.0
подстрелили 0.001 2.0 0.002
проходе 0.0 1.699 0.0
мужчины 0.0 1.523 0.0
поехала 0.0 1.699 0.0
шли 0.0 1.222 0.0
обнимать 0.0 2.0 0.0
пехота 0.0 2.0 0.0
мама 0.004 1.0 0.004
учу 0.0 1.699 0.0
валюту 0.0 1.699 0.0
накрыла… 0.0 2.0 0.0
помимо 0.0 0.796 0.0
лопаты 0.0 2.0 0.0
выезда 0.0 2.0 0.0
имеем 0.0 1.398 0.0
лазанью 0.0 2.0 0.0
мало 0.0 0.538 0.0
стало 0.001 0.481 0.0
русских 0.001 1.222 0.001
часа 0.001 0.77 0.001
images 0.001 0.796 0.001
отъезда 0.001 1.699 0.002
выбраться 0.0 1.0 0.0
разрешат 0.0 1.699 0.0
оттуда 0.002 1.097 0.002
смог 0.0 1.155 0.0
чувство 0.0 1.301 0.0
родному 0.0 1.699 0.0
квартира 0.0 1.699 0.0
единственный 0.001 0.824 0.001
сон 0.001 1.699 0.002
медикаменты 0.0 1.699 0.0
туго 0.0 2.0 0.0
поезда 0.0 1.398 0.0
берет 0.0 1.523 0.0
иностранным 0.0 0.097 0.0
участок 0.0 1.301 0.0
скажите 0.0 2.0 0.0
повезло 0.001 0.921 0.001
относительно 0.0 0.721 0.0
топливо 0.0 1.523 0.0
суп 0.0 1.699 0.0
положение 0.0 1.301 0.0
военного 0.0 1.097 0.0
зимние 0.0 2.0 0.0
увидели 0.0 1.155 0.0
сумках 0.0 1.699 0.0
что-то 0.001 0.569 0.001
февраля 0.0 0.387 0.0
пару 0.0 0.77 0.0
позже 0.0 0.886 0.0
части 0.0 0.854 0.0
жизнь 0.001 0.538 0.001
одноклассник 0.0 2.0 0.0
машину 0.0 1.398 0.0
поддержите 0.0 0.102 0.0
думаю 0.0 0.721 0.0
залом 0.0 2.0 0.0
вижу 0.001 0.745 0.001
окнах 0.001 2.0 0.002
поэтому 0.0 0.328 0.0
контактировать 0.0 1.699 0.0
авиаударов 0.0 1.398 0.0
полицейским 0.0 1.699 0.0
самолет 0.0 1.523 0.0
воды 0.0 0.745 0.0
хочется 0.001 0.921 0.001
эффективнее 0.0 1.222 0.0
утро 0.0 1.301 0.0
просматривать 0.0 2.0 0.0
электричке 0.0 2.0 0.0
критично 0.0 2.0 0.0
деваться 0.0 2.0 0.0
лет 0.001 0.252 0.0
бабушки 0.001 1.398 0.001
тушить 0.0 1.523 0.0
ребятам 0.0 2.0 0.0
служил 0.0 2.0 0.0
начнут 0.0 1.155 0.0
уходил 0.0 2.0 0.0
округе 0.0 1.699 0.0
детки 0.0 1.699 0.0
двор 0.001 1.523 0.002
преодолевали 0.0 2.0 0.0
продуктов 0.0 1.097 0.0
данные 0.0 0.066 0.0
вечером 0.0 1.398 0.0
палить 0.0 2.0 0.0
радоваться 0.0 2.0 0.0
стоишь 0.0 2.0 0.0
киев 0.001 0.77 0.001
нашла 0.0 1.398 0.0
покидать 0.0 1.398 0.0
11-12 0.0 2.0 0.0
поступила 0.0 1.523 0.0
ажиотаж 0.0 2.0 0.0
наши 0.001 0.721 0.001
били 0.0 2.0 0.0
ответственно 0.0 1.523 0.0
кроссовки 0.0 2.0 0.0
кухню 0.0 2.0 0.0
покупали 0.0 1.301 0.0
садик 0.0 1.699 0.0
авиаударами 0.0 2.0 0.0
понятно 0.001 0.699 0.001
сообщества 0.0 1.097 0.0
родины 0.0 1.699 0.0
горячую 0.0 1.699 0.0
отвечают 0.0 1.097 0.0
перроне 0.001 2.0 0.002
заходил 0.0 2.0 0.0
хотят 0.0 0.745 0.0
попытались 0.001 1.155 0.001
сушеные 0.0 2.0 0.0
проезжая 0.0 2.0 0.0
тихо 0.0 1.699 0.0
сообщить 0.0 1.523 0.0
давали 0.0 1.523 0.0
никто 0.002 0.523 0.001
сильнее 0.0 0.959 0.0
вернуться 0.002 0.921 0.002
ассортимент 0.0 1.699 0.0
хотелось 0.0 1.155 0.0
причин 0.0 0.921 0.0
искали 0.001 2.0 0.002
тысяч 0.001 0.337 0.0
электричку 0.0 1.699 0.0
северной 0.0 1.301 0.0
языке 0.001 1.222 0.001
знаешь 0.0 2.0 0.0
прогнившие 0.0 2.0 0.0
никакого 0.0 0.824 0.0
овощей 0.0 2.0 0.0
едем 0.0 1.523 0.0
рядом 0.001 0.854 0.001
соблюдают 0.0 2.0 0.0
выстрела 0.0 1.699 0.0
жилой 0.001 1.398 0.001
насовать 0.0 2.0 0.0
электричества 0.001 1.0 0.001
ранение 0.0 1.523 0.0
заправки 0.0 2.0 0.0
источник 0.0 0.174 0.0
света 0.001 1.523 0.002
одни 0.0 1.046 0.0
все-таки 0.001 0.553 0.001
охотник 0.0 2.0 0.0
спросишь 0.0 2.0 0.0
взводе 0.0 2.0 0.0
хочу 0.001 0.137 0.0
добираться 0.0 1.699 0.0
изучала 0.0 2.0 0.0
стоял 0.0 1.699 0.0
привязывалась 0.0 2.0 0.0
работу 0.001 0.658 0.001
езды 0.0 1.699 0.0
отличать 0.0 2.0 0.0
находится 0.001 0.678 0.001
киевской 0.0 1.398 0.0
будем 0.002 0.886 0.002
остались 0.001 0.921 0.001
противопростудное 0.0 2.0 0.0
взрывы 0.001 1.155 0.001
правила 0.001 0.066 0.0
взрослого 0.0 1.699 0.0
хотела 0.001 1.222 0.001
легли 0.0 1.699 0.0
сказать 0.001 0.495 0.0
убиваются 0.0 2.0 0.0
испугался 0.0 2.0 0.0
чистой 0.0 1.699 0.0
боевой 0.0 1.523 0.0
© 0.0 0.0 0.0
равно 0.001 0.638 0.001
валяются 0.0 1.523 0.0
активные 0.0 1.699 0.0
тела 0.0 1.0 0.0
огромную 0.0 2.0 0.0
интернет 0.0 1.097 0.0
встречают 0.001 1.699 0.002
граждан 0.001 0.638 0.001
женщин 0.0 1.155 0.0
говорила 0.0 1.222 0.0
бабушкина 0.0 2.0 0.0
помню 0.001 1.155 0.001
конфеты 0.0 2.0 0.0
границу 0.0 1.097 0.0
стоят 0.0 1.301 0.0
колбаски 0.0 2.0 0.0
показывая 0.0 1.398 0.0
сильно 0.001 0.509 0.001
автодорожный 0.0 2.0 0.0
падаем 0.0 2.0 0.0
помощь 0.0 0.097 0.0
хорошее 0.0 2.0 0.0
рецептурные 0.0 1.699 0.0
страшных 0.0 1.398 0.0
мотя 0.0 2.0 0.0
товарищам 0.0 2.0 0.0
понятное 0.001 2.0 0.002
кому-то 0.0 1.046 0.0
выдали 0.0 1.523 0.0
втроем 0.0 2.0 0.0
войны 0.004 0.42 0.002
отсюда 0.0 1.097 0.0
места 0.001 0.886 0.001
около 0.001 0.432 0.0
паспорте 0.0 2.0 0.0
атака 0.0 1.398 0.0
бри 0.0 2.0 0.0
железные 0.001 2.0 0.002
коврами 0.0 2.0 0.0
новости 0.002 0.481 0.001
обнимку 0.0 2.0 0.0
буду 0.001 1.046 0.001
выбили 0.0 1.699 0.0
воюете 0.0 2.0 0.0
двенадцать 0.0 2.0 0.0
простой 0.0 1.097 0.0
началось 0.0 1.097 0.0
работники 0.0 1.222 0.0
позвонил 0.001 1.301 0.001
гостям 0.001 2.0 0.002
грузии 0.0 1.523 0.0
чемоданчиками 0.0 2.0 0.0
местные 0.001 0.959 0.001
заметьте 0.0 2.0 0.0
взорванный 0.0 1.699 0.0
харьков 0.001 0.886 0.001
объекты 0.001 1.155 0.001
всем 0.001 0.252 0.0
жизнью 0.0 1.398 0.0
километров 0.0 1.155 0.0
те 0.001 0.357 0.0
выехать 0.002 1.301 0.003
происходит 0.001 0.387 0.0
пробка 0.0 1.523 0.0
эвакуации 0.001 1.398 0.001
помолилась 0.0 2.0 0.0
территориальная 0.0 1.699 0.0
дотащить 0.0 2.0 0.0
пути 0.001 1.0 0.001
женщины 0.0 1.046 0.0
бежать 0.0 0.959 0.0
сим-карты 0.0 1.523 0.0
бабушке 0.001 1.301 0.001
подходе 0.0 2.0 0.0
выпускали 0.0 1.699 0.0
самого 0.0 0.77 0.0
моему 0.0 1.222 0.0
районе 0.0 0.886 0.0
отпускал 0.0 2.0 0.0
дороги 0.001 1.398 0.001
оборону 0.0 1.699 0.0
сесть 0.0 1.699 0.0
приедете 0.0 2.0 0.0
непонимание 0.0 2.0 0.0
пропало 0.0 1.523 0.0
завтра 0.0 1.523 0.0
подорвали 0.0 2.0 0.0
горючего 0.001 2.0 0.002
переживут 0.0 2.0 0.0
границы 0.0 1.301 0.0
кто-то 0.004 0.602 0.002
приготовили 0.0 1.699 0.0
недалеко 0.001 1.301 0.001
десятками 0.0 2.0 0.0
понимаю 0.001 0.796 0.001
информация 0.0 0.824 0.0
атаке 0.0 1.398 0.0
сослуживцам 0.0 2.0 0.0
школ 0.0 1.398 0.0
показывать 0.0 0.066 0.0
маман 0.001 2.0 0.002
плачут 0.0 2.0 0.0
twitter 0.0 0.0 0.0
дискуссиях 0.0 2.0 0.0
слушайте 0.0 1.699 0.0
действующий 0.0 1.699 0.0
футболки 0.0 1.699 0.0
кошку 0.0 1.699 0.0
взгляды 0.0 2.0 0.0
платформы 0.001 0.066 0.0
наверное 0.001 0.921 0.001
дробовиком 0.0 1.699 0.0
работали 0.0 1.046 0.0
бензин 0.0 1.699 0.0
представителей 0.0 1.0 0.0
понять 0.001 0.721 0.001
торты 0.0 2.0 0.0
одной-двух 0.0 2.0 0.0
отказывалась 0.0 2.0 0.0
которые 0.004 0.119 0.0
пойдем 0.0 1.699 0.0
meduza 0.001 0.0 0.0
говорю 0.001 0.959 0.001
дух 0.0 2.0 0.0
умудрялась 0.0 2.0 0.0
багажник 0.0 2.0 0.0
дорогу 0.001 1.398 0.001
рассказывают 0.001 0.959 0.001
связался 0.0 2.0 0.0
сомневаюсь 0.0 1.699 0.0
внимание 0.0 0.658 0.0
училась 0.0 1.301 0.0
перемещались 0.0 2.0 0.0
студентка 0.0 1.523 0.0
вещи 0.001 0.796 0.001
разбита 0.0 2.0 0.0
дмитрия 0.0 1.222 0.0
из-за 0.001 0.229 0.0
колонной 0.0 2.0 0.0
пролетело 0.0 2.0 0.0
по-моему 0.001 1.699 0.002
возвращался 0.0 2.0 0.0
взяла 0.0 1.398 0.0
продвижение 0.0 1.301 0.0
обезболивающее 0.0 2.0 0.0
заминированы 0.0 1.523 0.0
говорим 0.0 0.959 0.0
рисковала 0.0 2.0 0.0
нашим 0.001 1.155 0.001
какая-то 0.0 0.959 0.0
доме 0.002 1.097 0.002
друзья 0.001 1.222 0.001
находился 0.001 1.222 0.001
страна 0.001 0.796 0.001
мирных 0.001 0.959 0.001
кричали 0.0 1.699 0.0
спали 0.0 1.398 0.0
читать 0.001 0.854 0.001
ирпеня 0.004 1.523 0.006
гифки 0.0 0.066 0.0
сути 0.0 0.959 0.0
людей 0.004 0.161 0.001
бомбежка 0.0 1.699 0.0
бомбежкой 0.0 2.0 0.0
говорит 0.001 0.409 0.0
остаться 0.0 1.097 0.0
кроме 0.0 0.387 0.0
маркушин 0.0 2.0 0.0
наступающего 0.0 2.0 0.0
незнакомые 0.0 2.0 0.0
маленьких 0.0 1.523 0.0
европе 0.001 0.658 0.001
операции 0.001 0.886 0.001
настолько 0.002 0.886 0.002
ахинея 0.0 2.0 0.0
времявелась 0.0 2.0 0.0
свитеров 0.0 2.0 0.0
изменения 0.0 1.097 0.0
постелили 0.0 2.0 0.0
благо 0.0 1.699 0.0
ездить 0.0 1.301 0.0
правда 0.001 0.509 0.001
который 0.001 0.194 0.0
железнодорожный 0.001 1.699 0.002
анонимно 0.0 0.066 0.0
второй 0.002 0.42 0.001
ваша 0.001 0.102 0.0
никакие 0.0 1.301 0.0
изначально 0.0 0.959 0.0
никак 0.0 0.886 0.0
автоматов 0.0 1.699 0.0
силами 0.0 1.398 0.0
слово 0.0 0.959 0.0
цель 0.0 1.301 0.0
сразу 0.001 0.553 0.001
куки 0.0 0.066 0.0
коты 0.0 2.0 0.0
минут 0.0 0.854 0.0
гитлера 0.0 1.523 0.0
крепкий 0.0 2.0 0.0
европа 0.001 0.886 0.001
границе 0.0 1.046 0.0
использование 0.0 0.066 0.0
сижу 0.0 1.398 0.0
мосты 0.0 2.0 0.0
брат 0.0 1.301 0.0
года 0.002 0.167 0.0
ехал 0.0 2.0 0.0
попаду 0.0 2.0 0.0
остановить 0.0 0.638 0.0
en 0.0 0.066 0.0
брали 0.001 1.523 0.002
едете 0.0 2.0 0.0
выдерживали 0.0 2.0 0.0
внимания 0.0 1.0 0.0
очередной 0.0 1.097 0.0
другого 0.0 0.824 0.0
бабушка 0.006 1.155 0.007
начали 0.002 0.481 0.001
купили 0.001 2.0 0.002
колонну 0.0 1.301 0.0
собирайся 0.0 2.0 0.0
сидели 0.0 1.398 0.0
насколько 0.0 0.42 0.0
загорелось 0.0 2.0 0.0
госпиталя 0.0 2.0 0.0
сообщили 0.0 1.097 0.0
бежит 0.0 2.0 0.0
будут 0.001 0.301 0.0
человека 0.0 0.328 0.0
мишень 0.0 2.0 0.0
ногах 0.0 2.0 0.0
встречке 0.0 2.0 0.0
коридоры 0.0 1.301 0.0
прям 0.0 2.0 0.0
волна 0.0 1.523 0.0
возраста 0.0 0.886 0.0
территориальной 0.001 1.222 0.001
кого-то 0.001 1.097 0.001
направили 0.0 2.0 0.0
происшествия 0.0 2.0 0.0
котам 0.0 2.0 0.0
оборона 0.0 2.0 0.0
дефицита 0.0 1.398 0.0
спросили 0.0 1.699 0.0
гостей 0.0 1.523 0.0
годах 0.0 1.155 0.0
раза 0.001 0.602 0.001
брать 0.0 1.523 0.0
украинцы 0.001 0.886 0.001
мальчиков 0.0 1.699 0.0
одно 0.0 0.699 0.0
телефон 0.001 1.301 0.001
которой 0.0 0.377 0.0
ящик 0.0 1.523 0.0
вообще 0.002 0.066 0.0
гореть 0.0 2.0 0.0
третий 0.001 0.921 0.001
надежда 0.0 1.155 0.0
паники 0.0 1.523 0.0
калашникова 0.0 2.0 0.0
вышгорода 0.0 2.0 0.0
сказал 0.001 0.77 0.001
повредили 0.0 2.0 0.0
прорваться 0.0 1.699 0.0
берлина 0.001 1.301 0.001
узнал 0.0 0.921 0.0
километре 0.0 2.0 0.0
порадоваться 0.0 2.0 0.0
куча 0.0 1.222 0.0
железную 0.0 2.0 0.0
матерью 0.001 1.398 0.001
выехала 0.0 1.523 0.0
лежат 0.0 1.222 0.0
тяжелее 0.0 1.523 0.0
месте 0.0 0.921 0.0
los 0.001 1.301 0.001
помочь 0.001 0.131 0.0
скорее 0.0 0.509 0.0
настроение 0.001 1.523 0.002
логичнее 0.0 2.0 0.0
сможем 0.0 1.222 0.0
ехали 0.001 1.699 0.002
смотрела 0.0 2.0 0.0
классно 0.0 2.0 0.0
говорили 0.001 0.796 0.001
падает 0.001 1.222 0.001
трусов 0.0 2.0 0.0
допью 0.0 2.0 0.0
бывало 0.0 2.0 0.0
город 0.004 0.699 0.003
технически 0.0 1.398 0.0
чистить 0.001 1.699 0.002
переходят 0.0 1.523 0.0
отдают 0.0 2.0 0.0
психотерапевту 0.0 2.0 0.0
зарезервировать 0.0 2.0 0.0
хруст 0.0 2.0 0.0
хотим 0.001 0.921 0.001
час-полтора 0.0 2.0 0.0
стрелять 0.001 1.398 0.001
сказала 0.0 1.155 0.0
частном 0.0 1.523 0.0
вещей 0.001 1.301 0.001
обуви 0.001 2.0 0.002
родной 0.0 1.523 0.0
взрослые 0.0 1.222 0.0
свои 0.001 0.481 0.0
которое 0.001 0.337 0.0
жизни 0.0 0.432 0.0
обедали 0.0 2.0 0.0
смогла 0.0 1.155 0.0
новостиисторииразборшапитокоронавирусмагаз 0.0 0.066 0.0
обстрелами 0.0 1.155 0.0
соседях 0.0 2.0 0.0
обычно 0.0 0.523 0.0
куда-то 0.001 1.222 0.001
мамина 0.0 2.0 0.0
трех-четырех 0.001 2.0 0.002
должны 0.001 0.432 0.0
мою 0.0 1.301 0.0
отправлять 0.0 1.155 0.0
притеснения 0.0 1.699 0.0
отца 0.001 1.699 0.002
одеждой 0.0 1.699 0.0
хозяйством 0.0 2.0 0.0
семьи 0.0 1.046 0.0
стоим 0.001 2.0 0.002
которая 0.001 0.301 0.0
коллеге 0.0 2.0 0.0
ценнее 0.0 2.0 0.0
испуганные 0.0 2.0 0.0
успокаивали 0.001 2.0 0.002
порвут 0.0 2.0 0.0
выезд 0.0 1.523 0.0
выполняющим 0.001 0.097 0.0
возможно 0.0 0.398 0.0
медицинские 0.0 0.796 0.0
подняться 0.0 1.699 0.0
маленькими 0.0 1.398 0.0
ошибку 0.0 0.066 0.0
происходило 0.0 1.155 0.0
заблокированы 0.0 1.301 0.0
безумнейшие 0.0 2.0 0.0
уйти 0.0 1.222 0.0
дрожала 0.0 2.0 0.0
жена 0.0 1.398 0.0
особо 0.001 1.097 0.001
розыгрыш 0.0 1.699 0.0
приложение 0.0 1.301 0.0
спасаться 0.0 2.0 0.0
близлежайшей 0.0 2.0 0.0
бомбить 0.0 1.222 0.0
сбили 0.0 1.699 0.0
кофт 0.0 2.0 0.0
украинский 0.0 0.959 0.0
создавать 0.0 1.523 0.0
трескается 0.0 2.0 0.0
эвакуироваться 0.001 1.523 0.002
газа 0.001 1.222 0.001
делились 0.0 2.0 0.0
переночевали 0.0 2.0 0.0
созвониться 0.0 2.0 0.0
проснемся 0.001 2.0 0.002
страшные 0.0 1.523 0.0
предыдущего 0.0 1.523 0.0
всякий 0.0 1.523 0.0
животным 0.0 2.0 0.0
обращаться 0.0 1.398 0.0
идет 0.001 0.367 0.0
численности 0.001 1.398 0.001
западе 0.0 0.959 0.0
сможет 0.0 0.721 0.0
привязалась 0.0 2.0 0.0
материал 0.0 0.086 0.0
большой 0.0 0.569 0.0
отрезан 0.0 2.0 0.0
знаете 0.001 0.796 0.001
таким 0.001 0.658 0.001
начинался 0.0 1.699 0.0
обстрел 0.001 1.046 0.001
забрать 0.001 1.398 0.001
всемером 0.0 2.0 0.0
тяжело 0.001 0.796 0.001
примерно 0.0 0.585 0.0
транспортом 0.0 1.523 0.0
мэр 0.001 1.097 0.001
действуют 0.0 1.523 0.0
продавцы 0.0 1.699 0.0
принимать 0.001 0.721 0.001
контакты 0.0 1.0 0.0
обратно 0.0 1.699 0.0
работы 0.0 0.553 0.0
отношение 0.0 1.0 0.0
пытается 0.001 0.921 0.001
боялись 0.0 1.398 0.0
сахар 0.0 2.0 0.0
сыра 0.0 2.0 0.0
неделю 0.0 0.721 0.0
удары 0.0 1.398 0.0
известно 0.0 0.481 0.0
привлечь 0.0 1.398 0.0
казалось 0.001 0.886 0.001
месту 0.0 2.0 0.0
безопасности 0.0 0.481 0.0
течение 0.0 0.699 0.0
встали 0.0 1.699 0.0
ходил 0.0 1.301 0.0
поезд 0.001 1.301 0.001
техника… 0.0 2.0 0.0
ломать 0.0 1.699 0.0
мирным 0.0 1.398 0.0
задача 0.0 0.959 0.0
страшно 0.001 1.097 0.001
способ 0.0 0.921 0.0
люди 0.004 0.276 0.001
животными 0.0 1.699 0.0
маленькая 0.0 1.222 0.0
какое 0.0 1.222 0.0
уезжали 0.0 1.523 0.0
топит 0.0 2.0 0.0
беспокойная 0.0 2.0 0.0
грохотало 0.0 2.0 0.0
антидепрессанты 0.0 2.0 0.0
часть 0.001 0.456 0.0
завоза 0.0 1.523 0.0
выписку 0.0 2.0 0.0
треша 0.0 2.0 0.0
возможности 0.001 0.77 0.001
попутешествовать 0.0 2.0 0.0
пиву 0.0 2.0 0.0
детей 0.001 0.523 0.001
инстаграм 0.0 0.066 0.0
картофелины 0.0 2.0 0.0
считали 0.001 1.222 0.001
снаряд 0.001 1.301 0.001
подряд 0.0 1.398 0.0
ситуация 0.0 0.569 0.0
аптеки 0.0 1.301 0.0
практически 0.0 0.602 0.0
легко 0.0 0.824 0.0
готовить 0.001 1.398 0.001
заряжать 0.001 2.0 0.002
аэродром 0.0 2.0 0.0
оглушающе 0.0 2.0 0.0
попить 0.0 2.0 0.0
зарядка 0.0 2.0 0.0
хотя 0.001 0.276 0.0
это 0.014 0.066 0.001
связь 0.0 0.721 0.0
варианты 0.0 1.097 0.0
еду 0.002 0.886 0.002
могло 0.0 1.222 0.0
другое 0.0 0.886 0.0
эвакуируются 0.0 2.0 0.0
дело 0.001 0.509 0.001
двери 0.0 1.699 0.0
старенькой 0.0 2.0 0.0
аптеку 0.0 1.523 0.0
секунд 0.0 1.301 0.0
работаем 0.0 0.161 0.0
вылетают 0.0 2.0 0.0
слышим 0.0 1.301 0.0
своим 0.001 0.658 0.001
пулеметы 0.0 2.0 0.0
двух 0.001 0.377 0.0
такая 0.001 0.553 0.001
походу 0.0 2.0 0.0
молится 0.001 2.0 0.002
упал 0.001 1.398 0.001
прокомментировать 0.0 1.523 0.0
штаны 0.0 2.0 0.0
скупали 0.0 2.0 0.0
вдалеке 0.0 2.0 0.0
хлеб 0.001 1.398 0.001
чистят 0.0 2.0 0.0
котором 0.0 0.495 0.0
харькове 0.001 1.222 0.001
english 0.0 0.06 0.0
подругами 0.0 2.0 0.0
ходуном 0.0 1.699 0.0
начался 0.0 0.921 0.0
подходило 0.0 1.699 0.0
хорошая 0.0 0.886 0.0
бомбоубежищах 0.001 1.155 0.001
поддержка 0.0 0.167 0.0
журналисты 0.001 0.886 0.001
городу 0.0 1.222 0.0
людям 0.0 0.678 0.0
осколки 0.0 1.523 0.0
хватай 0.0 2.0 0.0
можете 0.0 0.699 0.0
разъездами 0.0 2.0 0.0
квартиру 0.0 1.222 0.0
киево-могилянской 0.0 2.0 0.0
супругу 0.0 2.0 0.0
истребляют 0.0 2.0 0.0
хлеба 0.001 2.0 0.002
легче 0.0 1.0 0.0
поддерживали 0.0 1.523 0.0
бывшим 0.0 1.523 0.0
времени 0.0 0.523 0.0
голос 0.0 1.699 0.0
набрать 0.0 1.155 0.0
соответственно 0.0 0.921 0.0
рождения 0.0 1.097 0.0
попасть 0.0 0.921 0.0
три-четыре 0.0 1.523 0.0
огромные 0.0 1.398 0.0
пошла 0.0 1.222 0.0
знаю 0.002 0.721 0.001
столица 0.0 2.0 0.0
будете 0.001 1.398 0.001
ложишься 0.0 2.0 0.0
запланировали 0.0 1.699 0.0
marcus 0.001 1.398 0.001
репортаж 0.001 0.699 0.001
третьего 0.0 1.523 0.0
знает 0.001 0.854 0.001
собой 0.001 0.62 0.001
facebook 0.0 0.0 0.0
предложение 0.0 1.155 0.0
прорываемся 0.0 2.0 0.0
хочет 0.001 0.854 0.001
онлайн 0.001 0.959 0.001
самолета 0.001 1.301 0.001
жителям 0.0 1.398 0.0
пакет 0.0 1.222 0.0
отдохнуть 0.001 1.699 0.002
слышал 0.0 1.398 0.0
воду 0.001 1.097 0.001
ботинки 0.0 1.699 0.0
похоже 0.0 0.886 0.0
миллиона 0.001 0.77 0.001
живой 0.0 1.0 0.0
кусочек 0.0 1.699 0.0
пищеблоки 0.0 2.0 0.0
заметила 0.0 2.0 0.0
понимал 0.0 1.699 0.0
сожжена 0.0 2.0 0.0
кораблем 0.0 1.699 0.0
головки 0.0 2.0 0.0
наличку 0.0 2.0 0.0
оставили 0.0 1.301 0.0
уведомления 0.0 1.523 0.0
каждого 0.0 0.678 0.0
оставила 0.0 2.0 0.0
закончится 0.001 1.097 0.001
персональные 0.0 0.066 0.0
такое 0.001 0.347 0.0
враг 0.0 1.523 0.0
гости 0.001 1.301 0.001
беженцев 0.002 1.301 0.003
квартире 0.001 1.301 0.001
кого 0.0 0.509 0.0
десяти 0.0 0.921 0.0
собственным 0.0 1.301 0.0
прошли 0.001 0.796 0.001
димчик 0.0 2.0 0.0
мужчинам 0.0 1.523 0.0
немного 0.0 0.77 0.0
составом 0.0 2.0 0.0
иголкой 0.0 2.0 0.0
конкретно 0.0 1.222 0.0
потолок 0.0 2.0 0.0
знать 0.0 0.824 0.0
идти 0.001 1.046 0.001
школу 0.001 1.097 0.001
доллар 0.0 1.699 0.0
эта 0.001 0.367 0.0
которых 0.001 0.237 0.0
поездов 0.001 1.523 0.002
приходила 0.0 1.523 0.0
приехали 0.001 1.398 0.001
обычные 0.0 1.523 0.0
боекомплекты 0.0 2.0 0.0
украине 0.001 0.444 0.0
гостомеле 0.0 1.699 0.0
начала 0.001 0.398 0.0
пережили 0.001 1.523 0.002
сообщение 0.0 0.102 0.0
препараты 0.001 0.824 0.001
сделать 0.0 0.357 0.0
