числа 0.0 0.745 0.0
поездах 0.0 2.0 0.0
первой 0.001 0.678 0.001
редакции 0.001 0.066 0.0
небольшой 0.001 1.046 0.001
лишиться 0.0 2.0 0.0
ждать 0.0 0.745 0.0
баннерам 0.0 0.066 0.0
сама 0.001 0.658 0.001
белорусы 0.0 1.699 0.0
действительно 0.001 0.377 0.0
бумаги 0.0 1.301 0.0
прощались… 0.0 2.0 0.0
боятся 0.0 1.0 0.0
столб 0.0 2.0 0.0
столице 0.0 1.097 0.0
телефоны 0.0 1.222 0.0
skalij 0.0 2.0 0.0
сердце 0.0 1.523 0.0
взрослым 0.0 2.0 0.0
садиков 0.001 2.0 0.002
решать… 0.0 2.0 0.0
люблю 0.001 1.301 0.001
простое 0.0 1.523 0.0
обеспечивает 0.0 1.097 0.0
выведено 0.0 2.0 0.0
приютить 0.0 2.0 0.0
документы 0.001 0.796 0.001
необходимые 0.0 0.959 0.0
взял 0.0 1.222 0.0
костра 0.0 1.699 0.0
пюре 0.001 2.0 0.002
деток 0.0 2.0 0.0
мужчин 0.001 1.222 0.001
сестре 0.0 1.699 0.0
конца 0.0 0.77 0.0
тимчасового 0.0 2.0 0.0
reuters 0.0 0.745 0.0
информацию 0.0 0.62 0.0
одетые 0.0 1.523 0.0
разрушилась 0.0 2.0 0.0
рассказывать 0.0 1.398 0.0
лечение 0.0 1.097 0.0
помогать 0.0 0.959 0.0
расположенной 0.0 2.0 0.0
отпускают 0.0 2.0 0.0
поляки 0.001 1.699 0.002
радостным 0.0 2.0 0.0
небольшую 0.0 1.523 0.0
воротах 0.0 2.0 0.0
руку 0.0 1.155 0.0
помощи 0.001 0.77 0.001
наш 0.0 0.699 0.0
украинскими 0.0 1.398 0.0
супермаркета 0.0 2.0 0.0
последней 0.0 1.523 0.0
торговала 0.0 2.0 0.0
роженицы 0.0 1.699 0.0
bloomberg 0.001 1.046 0.001
тронуться 0.0 2.0 0.0
колбасками 0.0 2.0 0.0
одним 0.0 0.569 0.0
созданной 0.0 1.699 0.0
польше 0.001 1.699 0.002
пункт 0.001 1.301 0.001
немногих 0.0 1.699 0.0
дней 0.004 0.337 0.001
ожидание 0.0 1.699 0.0
частный 0.0 1.523 0.0
такими 0.0 1.155 0.0
верится 0.001 2.0 0.002
ахтырки 0.0 1.699 0.0
попростывали 0.0 2.0 0.0
крупными 0.0 1.699 0.0
польские 0.001 1.523 0.002
парки 0.0 2.0 0.0
нечего 0.001 1.523 0.002
приглашать 0.0 1.699 0.0
расположены 0.0 1.523 0.0
восемь 0.001 1.0 0.001
своего 0.0 0.721 0.0
тьма-тьмущая 0.0 2.0 0.0
ступеньках 0.0 2.0 0.0
медузы 0.003 0.268 0.001
детском 0.0 1.699 0.0
этих 0.001 0.337 0.0
автобусах 0.0 1.699 0.0
домов 0.001 1.301 0.001
показывает 0.0 0.854 0.0
разорвался 0.0 2.0 0.0
вопросом 0.0 1.046 0.0
проспекта 0.0 2.0 0.0
женщине 0.0 2.0 0.0
отели 0.0 2.0 0.0
седой 0.0 2.0 0.0
неподалеку 0.0 1.301 0.0
лукаша 0.0 2.0 0.0
беженцы 0.003 1.699 0.005
домом 0.001 1.523 0.002
вита 0.002 2.0 0.004
вся 0.0 1.0 0.0
выпрямлять 0.0 2.0 0.0
дни 0.001 0.721 0.001
гривен 0.001 1.523 0.002
основную 0.0 1.523 0.0
обязан 0.0 2.0 0.0
розовую 0.0 2.0 0.0
истории 0.0 0.337 0.0
хозяевами 0.0 2.0 0.0
польским 0.0 2.0 0.0
русским 0.0 1.398 0.0
елене 0.0 1.699 0.0
сюда 0.001 1.097 0.001
телефону 0.0 1.155 0.0
парковка 0.0 2.0 0.0
сотрудники 0.0 0.824 0.0
городе 0.001 0.678 0.001
села 0.0 1.523 0.0
миллионов 0.0 0.638 0.0
обстреливают 0.0 1.523 0.0
нашли 0.0 0.066 0.0
проводница 0.0 2.0 0.0
связи 0.0 0.0 0.0
думал 0.0 1.523 0.0
ребенок 0.0 1.222 0.0
медуза 0.001 0.066 0.0
пустят 0.0 1.699 0.0
львове 0.0 1.523 0.0
обстрелам 0.0 1.301 0.0
месяцев 0.001 0.602 0.001
нам 0.003 0.086 0.0
заберут 0.0 2.0 0.0
ольги 0.001 2.0 0.002
перемышль 0.0 2.0 0.0
просто… 0.0 2.0 0.0
этому 0.0 0.432 0.0
одягу 0.0 2.0 0.0
доехали 0.0 2.0 0.0
наших 0.001 0.658 0.001
образованию 0.0 1.398 0.0
добавляет 0.001 1.398 0.001
взяли 0.001 1.222 0.001
задается 0.0 1.699 0.0
материалам 0.0 0.066 0.0
жилье 0.001 1.699 0.002
срочно 0.0 0.167 0.0
слышны 0.0 1.523 0.0
городов 0.001 0.796 0.001
смогли 0.0 0.921 0.0
созваниваемся 0.0 1.699 0.0
11-й 0.0 2.0 0.0
yara 0.0 2.0 0.0
пакетами 0.001 1.699 0.002
держали 0.0 1.523 0.0
мечтала 0.0 2.0 0.0
пройти 0.0 0.854 0.0
увидеть 0.0 1.097 0.0
ступоре 0.0 2.0 0.0
самых 0.0 0.62 0.0
ведущий 0.0 1.301 0.0
девушка 0.001 1.222 0.001
обогрева 0.0 2.0 0.0
лилии 0.001 1.046 0.001
палатки 0.0 2.0 0.0
разводит 0.0 2.0 0.0
главный 0.0 0.638 0.0
начинается 0.0 1.301 0.0
полтавы 0.001 2.0 0.002
мимикой 0.0 2.0 0.0
дороге 0.0 1.222 0.0
необходимости 0.0 0.854 0.0
своих 0.001 0.398 0.0
польской 0.001 2.0 0.002
внуков 0.001 2.0 0.002
25-го 0.0 2.0 0.0
ctrl+enter 0.0 0.066 0.0
ждали 0.001 1.398 0.001
баннеры 0.0 1.699 0.0
putin 0.0 1.0 0.0
уставший 0.0 1.699 0.0
рано 0.0 0.921 0.0
окне 0.0 2.0 0.0
транспорте 0.0 1.398 0.0
приклеенном 0.0 2.0 0.0
взрыв 0.001 1.301 0.001
держит 0.0 1.699 0.0
таблетками 0.0 2.0 0.0
украины 0.006 0.569 0.003
губы 0.0 1.398 0.0
погреб 0.001 1.699 0.002
прислонившись 0.0 2.0 0.0
краковского 0.0 2.0 0.0
терпеть 0.0 1.523 0.0
a. 0.0 1.699 0.0
опустились 0.0 2.0 0.0
четыре 0.001 0.569 0.001
щетку 0.0 2.0 0.0
нины 0.001 2.0 0.002
продукты 0.0 1.097 0.0
сами 0.001 0.538 0.001
сумел 0.0 1.523 0.0
моргает 0.0 2.0 0.0
обычной 0.0 1.097 0.0
правильно 0.0 0.824 0.0
разговариваем 0.0 2.0 0.0
пойдут 0.0 1.398 0.0
говорил 0.0 0.959 0.0
толпы 0.0 1.699 0.0
улыбкой 0.001 1.699 0.002
спасаясь 0.0 2.0 0.0
фактически 0.0 0.721 0.0
примостили 0.0 2.0 0.0
аплодировали 0.0 2.0 0.0
понимаете 0.0 1.046 0.0
49-летняя 0.0 2.0 0.0
бомбили 0.0 1.398 0.0
касс 0.0 2.0 0.0
россияне 0.0 0.678 0.0
светловолосый 0.0 2.0 0.0
постарше 0.0 1.699 0.0
покормлю 0.0 2.0 0.0
чего-то 0.0 1.523 0.0
шесть 0.001 1.0 0.001
завернута 0.0 2.0 0.0
детские 0.001 1.523 0.002
ходу 0.0 2.0 0.0
инвалидность 0.0 2.0 0.0
страшный 0.0 1.523 0.0
украину 0.001 0.523 0.001
нажмите 0.0 0.066 0.0
нервная 0.0 1.699 0.0
достигло 0.0 1.523 0.0
пострадавший 0.0 1.523 0.0
безымянном 0.0 2.0 0.0
копейках 0.0 2.0 0.0
ушел 0.0 1.155 0.0
вечера 0.0 1.523 0.0
величине 0.0 1.699 0.0
прокладки 0.0 2.0 0.0
временного 0.0 2.0 0.0
иностранного 0.001 0.102 0.0
человек 0.002 0.215 0.0
водителей 0.0 1.699 0.0
поиске 0.0 1.699 0.0
большую 0.0 1.046 0.0
улицах 0.0 1.301 0.0
изготовлению 0.0 1.699 0.0
– 0.0 0.06 0.0
переезжать 0.0 2.0 0.0
кулак 0.0 2.0 0.0
leta 0.001 0.301 0.0
соберусь 0.0 2.0 0.0
катастрофе 0.0 1.222 0.0
нами 0.0 0.066 0.0
стала 0.0 0.569 0.0
которыми 0.001 0.854 0.001
видно 0.0 0.921 0.0
спала 0.0 1.699 0.0
подошедшей 0.0 2.0 0.0
мягкими 0.0 2.0 0.0
добро 0.0 2.0 0.0
телевизоре 0.0 1.699 0.0
миллиарда 0.0 1.155 0.0
перемышле 0.0 2.0 0.0
лицом 0.0 0.102 0.0
родственники 0.001 0.921 0.001
внуку 0.0 2.0 0.0
россиянкой 0.0 2.0 0.0
функции 0.001 0.097 0.0
подали 0.0 1.523 0.0
львова 0.002 1.523 0.003
живу 0.001 1.699 0.002
отказа 0.0 1.097 0.0
горсти 0.0 2.0 0.0
днем 0.0 0.886 0.0
пакете 0.0 2.0 0.0
брюнетка 0.0 2.0 0.0
плакал 0.001 1.699 0.002
дети 0.002 0.721 0.001
возрасте 0.0 1.222 0.0
окружающие 0.0 2.0 0.0
другими 0.0 0.495 0.0
„ 0.005 0.62 0.003
складе 0.0 2.0 0.0
дочь 0.002 1.0 0.002
матрасах 0.0 1.699 0.0
перейти 0.0 0.066 0.0
израиле 0.001 1.301 0.001
обращается 0.001 1.301 0.001
поддержать 0.0 0.066 0.0
пледы 0.0 2.0 0.0
жилую 0.0 1.699 0.0
переехала 0.0 1.523 0.0
сыном 0.001 1.523 0.002
поверила 0.0 1.699 0.0
строить 0.0 1.398 0.0
познакомился 0.0 1.523 0.0
понимали 0.001 1.155 0.001
игрушками 0.0 2.0 0.0
скоро 0.0 0.796 0.0
краков 0.003 2.0 0.006
надеемся 0.0 1.301 0.0
поможет 0.0 0.854 0.0
данное 0.0 0.097 0.0
киевляне 0.0 1.523 0.0
бежала 0.001 2.0 0.002
доступ 0.0 0.921 0.0
флагами 0.0 1.523 0.0
чистый 0.0 2.0 0.0
кризиса 0.0 1.222 0.0
коридор 0.0 1.097 0.0
бешенства 0.0 2.0 0.0
сравнению 0.0 0.796 0.0
два-три 0.0 1.398 0.0
вакцинации 0.0 0.553 0.0
принесли 0.0 2.0 0.0
могу 0.0 0.658 0.0
напротив 0.0 1.222 0.0
бах-бах 0.001 2.0 0.002
live 0.0 0.022 0.0
жители 0.001 0.745 0.001
освобождают 0.001 1.301 0.001
стресс 0.0 2.0 0.0
miguel 0.0 2.0 0.0
покинули 0.001 1.222 0.001
блог 0.0 0.066 0.0
краковском 0.0 2.0 0.0
информационной 0.0 1.222 0.0
темноволосый 0.0 2.0 0.0
кафе 0.0 1.097 0.0
вечерам 0.0 1.699 0.0
начинает 0.0 0.959 0.0
удара 0.001 1.523 0.002
указатели 0.0 2.0 0.0
купе 0.001 2.0 0.002
хотел 0.0 1.0 0.0
meduzacare 0.0 0.066 0.0
обмороке 0.0 2.0 0.0
говоря 0.0 0.77 0.0
бежали 0.001 1.398 0.001
разгромлено 0.0 2.0 0.0
улицу 0.001 1.155 0.001
начинают 0.0 0.886 0.0
wally 0.0 2.0 0.0
кнопка 0.0 0.066 0.0
ложиться 0.0 2.0 0.0
получают 0.0 1.398 0.0
возрасту 0.0 1.523 0.0
правительство 0.0 0.824 0.0
воздухом 0.0 2.0 0.0
доехать 0.001 1.699 0.002
приходилось 0.0 1.301 0.0
речь 0.0 0.432 0.0
поцеловались 0.0 2.0 0.0
другие 0.001 0.268 0.0
забиты 0.0 2.0 0.0
ходила 0.0 1.523 0.0
магазинах 0.0 1.523 0.0
давно 0.0 0.77 0.0
видна 0.0 1.398 0.0
чихуахуа 0.0 2.0 0.0
вокзальный 0.0 2.0 0.0
женой 0.001 1.398 0.001
финансирование 0.0 1.398 0.0
детками… 0.0 2.0 0.0
варшавы 0.0 2.0 0.0
резервы 0.0 2.0 0.0
ответ 0.001 0.602 0.001
запрокинута 0.0 2.0 0.0
действия 0.0 0.721 0.0
работа 0.001 0.886 0.001
стороне 0.001 1.046 0.001
независимое 0.0 0.721 0.0
простояла 0.0 2.0 0.0
предприятии 0.0 1.699 0.0
24/7 0.0 0.102 0.0
протягивая 0.0 2.0 0.0
уговаривали 0.0 2.0 0.0
звонить 0.0 1.155 0.0
нема 0.0 2.0 0.0
растянулась 0.0 2.0 0.0
готовится 0.001 1.046 0.001
поступить 0.0 1.301 0.0
чатах 0.0 1.523 0.0
заявление 0.0 0.886 0.0
цена 0.0 1.398 0.0
ехать-то 0.001 2.0 0.002
корреспондента 0.0 1.222 0.0
отправились 0.0 2.0 0.0
стараясь 0.0 2.0 0.0
позвонили 0.0 1.398 0.0
специальной 0.0 1.222 0.0
вызываются 0.0 2.0 0.0
подвалах 0.002 1.222 0.002
требования 0.0 0.066 0.0
связаться 0.0 0.066 0.0
ведра 0.0 1.699 0.0
лежит 0.0 1.155 0.0
рассказ 0.0 1.222 0.0
подругой 0.0 1.523 0.0
информации 0.0 0.102 0.0
советуют 0.0 1.398 0.0
долларов 0.001 1.155 0.001
angeles 0.0 1.301 0.0
бомбит 0.001 1.155 0.001
тех 0.0 0.26 0.0
ребенку 0.001 1.222 0.001
работала 0.001 1.046 0.001
просьбой 0.0 1.301 0.0
почему 0.001 0.337 0.0
полу 0.001 1.398 0.001
колясках 0.0 2.0 0.0
медыка—шегини 0.0 2.0 0.0
максима 0.0 1.699 0.0
танки 0.0 1.046 0.0
языка 0.0 1.398 0.0
русская 0.0 1.398 0.0
листе 0.0 2.0 0.0
этим 0.0 0.337 0.0
берлин 0.0 1.699 0.0
девочку 0.0 1.699 0.0
домой 0.001 0.824 0.001
северная 0.0 1.301 0.0
россия 0.001 0.398 0.0
дальнейшего 0.001 1.523 0.002
возле 0.0 1.097 0.0
потребовали 0.0 1.699 0.0
написано 0.0 1.155 0.0
возвращается 0.0 1.398 0.0
такие 0.001 0.444 0.0
1940-х 0.0 1.222 0.0
семью 0.0 1.523 0.0
спасибоgiphyза 0.0 0.066 0.0
бесконечной 0.0 1.523 0.0
спокойно 0.0 0.824 0.0
возраста… 0.0 2.0 0.0
ресурсов 0.0 1.523 0.0
испания 0.0 1.398 0.0
любви 0.0 1.0 0.0
кивая 0.0 2.0 0.0
рулем 0.0 1.523 0.0
пожалуйста 0.0 0.102 0.0
чужую 0.0 1.699 0.0
откроют 0.0 1.699 0.0
сыну 0.001 1.699 0.002
кормят 0.0 2.0 0.0
та 0.0 0.824 0.0
научился 0.0 2.0 0.0
вторжению 0.001 1.699 0.002
темно-красная 0.0 2.0 0.0
сначала 0.001 0.602 0.001
именно 0.001 0.244 0.0
первая 0.001 0.77 0.001
приносили 0.0 2.0 0.0
очень 0.005 0.149 0.001
настя 0.001 1.523 0.002
бои 0.0 1.097 0.0
место 0.0 0.678 0.0
голове 0.0 2.0 0.0
претцелей 0.0 2.0 0.0
варшава 0.0 2.0 0.0
одна 0.001 0.42 0.0
колонна 0.0 1.398 0.0
детских 0.0 1.222 0.0
каким 0.0 1.155 0.0
крупный 0.0 1.301 0.0
идут 0.0 0.699 0.0
кристина 0.001 1.523 0.002
год 0.0 0.409 0.0
вокзал 0.001 1.699 0.002
вообще… 0.0 2.0 0.0
шла 0.0 1.222 0.0
брата 0.0 2.0 0.0
матрасики 0.001 2.0 0.002
российским 0.0 0.092 0.0
одной 0.0 0.398 0.0
внук 0.0 2.0 0.0
вместе 0.001 0.602 0.001
перевернутых 0.0 2.0 0.0
интересах 0.001 0.167 0.0
физически 0.0 1.301 0.0
бачили 0.0 2.0 0.0
дед 0.0 1.699 0.0
раскисну 0.0 2.0 0.0
аптека 0.0 2.0 0.0
российские 0.0 0.328 0.0
неправительственные 0.0 2.0 0.0
час 0.0 1.0 0.0
капли 0.0 1.523 0.0
частных 0.0 1.301 0.0
паспорта 0.0 1.301 0.0
times 0.0 0.699 0.0
россиянах 0.0 1.523 0.0
половиной 0.001 1.523 0.002
детям 0.001 1.0 0.001
каждую 0.0 1.398 0.0
смотрят 0.0 1.155 0.0
колени 0.001 1.398 0.001
мамой 0.001 1.523 0.002
польши 0.001 1.097 0.001
смысла 0.0 0.699 0.0
слез 0.001 2.0 0.002
in 0.0 0.0 0.0
стояли 0.001 1.699 0.002
ждут 0.001 1.155 0.001
прибывающего 0.0 2.0 0.0
вещами 0.001 2.0 0.002
страха 0.0 1.398 0.0
оставлять 0.0 1.301 0.0
негде 0.0 1.523 0.0
злотых 0.001 2.0 0.002
таких 0.001 0.347 0.0
видом 0.0 1.523 0.0
каких 0.0 0.854 0.0
ближайшего 0.0 1.523 0.0
подруга 0.001 1.523 0.002
флакончик 0.0 2.0 0.0
союзе 0.0 1.301 0.0
bund 0.0 2.0 0.0
оценкам 0.0 1.398 0.0
просто 0.005 0.194 0.001
грустно 0.0 1.398 0.0
рту 0.0 1.523 0.0
переносками 0.0 2.0 0.0
продуктами 0.0 1.398 0.0
слышались 0.0 2.0 0.0
приезжают 0.0 1.523 0.0
поживем 0.0 2.0 0.0
хороших 0.0 1.398 0.0
прекратить 0.001 1.097 0.001
фашистами 0.0 2.0 0.0
сумской 0.0 1.699 0.0
услышала 0.0 1.523 0.0
пункты 0.0 1.155 0.0
используют 0.0 0.921 0.0
сумками 0.0 2.0 0.0
спасения 0.0 1.398 0.0
утра 0.001 1.301 0.001
пригород 0.001 1.222 0.001
две 0.003 0.553 0.002
небольшом 0.0 1.155 0.0
задумывается 0.0 2.0 0.0
дальше 0.002 0.523 0.001
которую 0.0 0.469 0.0
надписью 0.0 1.398 0.0
суки 0.0 2.0 0.0
подготовлен 0.0 1.699 0.0
оставив 0.0 2.0 0.0
крыше 0.0 1.523 0.0
львов 0.001 1.398 0.001
сына 0.0 1.301 0.0
часов 0.001 0.678 0.001
матери 0.0 1.097 0.0
хуже 0.0 0.699 0.0
девяти 0.0 1.523 0.0
повторяют 0.0 2.0 0.0
обеих 0.0 1.222 0.0
медицинской 0.0 0.921 0.0
сторону 0.0 0.796 0.0
кармане 0.0 1.699 0.0
пришла 0.001 1.155 0.001
распространено 0.0 0.102 0.0
ios 0.0 0.066 0.0
руки 0.001 0.921 0.001
папу 0.0 1.523 0.0
повзрывали 0.0 1.699 0.0
низкий 0.0 1.222 0.0
волосами 0.0 2.0 0.0
автовокзал 0.0 2.0 0.0
несколько 0.001 0.201 0.0
прямо 0.001 0.357 0.0
саша 0.0 1.523 0.0
никому 0.001 1.155 0.001
сидишь 0.0 2.0 0.0
варшавского 0.0 2.0 0.0
zarzycka 0.001 2.0 0.002
польшей 0.0 2.0 0.0
мечта 0.0 1.699 0.0
преклонного 0.0 2.0 0.0
успокоить 0.0 1.523 0.0
пересадками 0.0 2.0 0.0
пока 0.001 0.208 0.0
предлагали 0.0 1.398 0.0
длинными 0.0 2.0 0.0
полный 0.0 0.77 0.0
светлыми 0.001 2.0 0.002
баварию 0.0 2.0 0.0
сих 0.0 0.481 0.0
предложить 0.0 1.222 0.0
аня 0.004 2.0 0.008
лозовая 0.0 1.699 0.0
спящий 0.0 1.699 0.0
внучке 0.0 2.0 0.0
поездка 0.001 2.0 0.002
извините 0.0 1.0 0.0
успевает 0.0 1.398 0.0
правительства 0.0 0.921 0.0
сумок 0.0 2.0 0.0
omar 0.001 2.0 0.002
фашизм 0.0 2.0 0.0
нужного 0.0 1.523 0.0
волнах 0.0 2.0 0.0
инструкция 0.0 0.796 0.0
последние 0.001 0.456 0.0
главном 0.001 2.0 0.002
согласилась 0.0 2.0 0.0
белая 0.001 1.699 0.002
спать 0.001 1.222 0.001
министра 0.0 1.301 0.0
такую 0.0 0.824 0.0
юридическим 0.0 0.102 0.0
ночь 0.002 1.0 0.002
уехали 0.001 1.222 0.001
смогу 0.0 1.523 0.0
военные 0.001 0.796 0.001
видео 0.0 0.678 0.0
польская 0.0 2.0 0.0
старенькая 0.0 2.0 0.0
спят 0.001 1.523 0.002
протяжно 0.0 2.0 0.0
несмотря 0.001 0.456 0.0
направилась 0.0 2.0 0.0
телефоне 0.0 1.398 0.0
подсовывают 0.0 2.0 0.0
жену 0.0 1.523 0.0
останавливает 0.0 1.699 0.0
магазин 0.0 1.222 0.0
расположенные 0.0 2.0 0.0
принимает 0.0 1.046 0.0
микрочипа 0.0 2.0 0.0
новую 0.0 0.921 0.0
путь 0.001 0.886 0.001
утром 0.001 1.046 0.001
обнимают 0.001 2.0 0.002
зубную 0.0 2.0 0.0
нужно 0.001 0.237 0.0
подвале 0.001 1.398 0.001
весь 0.001 0.638 0.001
пытаться 0.0 1.398 0.0
российскую 0.0 0.745 0.0
зарегистрироваться 0.0 2.0 0.0
как-то 0.0 0.699 0.0
дочку 0.0 1.699 0.0
пшемысля 0.001 1.699 0.002
безопасно 0.0 0.066 0.0
прижаты 0.0 2.0 0.0
изо 0.0 1.699 0.0
youtube 0.0 0.06 0.0
кесарево 0.0 2.0 0.0
создании 0.0 1.301 0.0
западной 0.001 1.222 0.001
описывает 0.0 1.222 0.0
создано 0.0 0.097 0.0
бахает 0.0 2.0 0.0
польском 0.0 2.0 0.0
одноклассники 0.0 2.0 0.0
гражданства 0.0 1.699 0.0
бомбите 0.0 2.0 0.0
свалили 0.0 2.0 0.0
достаточно 0.0 0.444 0.0
интонации 0.0 2.0 0.0
ремонт 0.0 1.523 0.0
бомбежка… 0.0 2.0 0.0
мои 0.0 0.854 0.0
сегодня 0.001 0.638 0.001
насчет 0.0 2.0 0.0
выпускаем 0.001 1.699 0.002
многие 0.001 0.284 0.0
средством 0.0 0.102 0.0
происходящее 0.001 1.0 0.001
руках 0.001 1.398 0.001
внуками 0.001 2.0 0.002
комнате 0.001 1.699 0.002
подбирает 0.0 1.699 0.0
оставить 0.001 1.523 0.002
разложены 0.0 1.699 0.0
прожила 0.0 1.699 0.0
кушать 0.001 2.0 0.002
nick 0.001 2.0 0.002
пальце 0.0 2.0 0.0
сиденье 0.0 1.699 0.0
впервые 0.0 0.824 0.0
заставленную 0.0 2.0 0.0
поняла 0.0 1.222 0.0
говорят 0.001 0.432 0.0
где-то 0.001 0.721 0.001
направлениями 0.0 2.0 0.0
золотое 0.0 1.699 0.0
машиной 0.0 2.0 0.0
абсолютно 0.0 0.721 0.0
район 0.0 1.301 0.0
страшнее 0.0 2.0 0.0
дали 0.001 1.155 0.001
своей 0.001 0.42 0.0
украинцам 0.001 1.398 0.001
раскладушками 0.0 2.0 0.0
пасты 0.0 2.0 0.0
звуками 0.0 2.0 0.0
дочкой 0.0 2.0 0.0
киева 0.001 0.886 0.001
поселке 0.0 1.699 0.0
помочьхочу 0.0 0.886 0.0
переполнен 0.001 2.0 0.002
кпп 0.0 1.699 0.0
медведь 0.0 2.0 0.0
данным 0.001 0.444 0.0
умом 0.0 2.0 0.0
украинка 0.001 1.398 0.001
российских 0.0 0.337 0.0
пол 0.0 1.699 0.0
области 0.001 0.602 0.001
нурофен 0.0 2.0 0.0
кирпича 0.0 2.0 0.0
звуки 0.0 1.398 0.0
мной 0.001 1.155 0.001
корточках 0.0 2.0 0.0
защищать 0.001 0.854 0.001
сделать 0.001 0.357 0.0
дом 0.001 0.824 0.001
кракове 0.001 1.699 0.002
покачивая 0.0 2.0 0.0
возмущаться 0.0 2.0 0.0
жителей 0.0 0.569 0.0
время 0.002 0.102 0.0
встретимся 0.001 2.0 0.002
упростили 0.0 2.0 0.0
украинскому 0.0 1.398 0.0
добрые 0.0 2.0 0.0
лобановского 0.0 2.0 0.0
работают 0.0 0.553 0.0
пожаловать 0.0 2.0 0.0
стоит 0.0 0.509 0.0
рекламаmeduza 0.0 0.066 0.0
вид 0.0 1.301 0.0
общалась 0.0 2.0 0.0
nardi 0.0 2.0 0.0
настояли 0.0 2.0 0.0
getty 0.003 0.886 0.003
памперсы 0.0 2.0 0.0
германию 0.001 1.097 0.001
ребенка 0.001 0.824 0.001
постоянно 0.0 0.62 0.0
суржик 0.0 2.0 0.0
четырех 0.0 1.046 0.0
пересек 0.0 2.0 0.0
карематах 0.0 2.0 0.0
разбитые 0.0 2.0 0.0
завалит 0.0 2.0 0.0
раздают 0.001 1.398 0.001
среди 0.001 0.42 0.0
крако 0.0 2.0 0.0
запретили 0.0 1.097 0.0
фигня 0.0 2.0 0.0
мастерская 0.0 2.0 0.0
греются 0.0 1.699 0.0
бабушку 0.001 1.523 0.002
быстро 0.001 0.495 0.0
планировали 0.0 1.523 0.0
общаться 0.001 1.398 0.001
жил 0.0 1.523 0.0
дорогих 0.0 1.523 0.0
разговаривать 0.0 1.097 0.0
вопросов 0.0 1.046 0.0
издание 0.001 0.721 0.001
назад 0.004 0.18 0.001
игорь 0.003 1.398 0.004
первое 0.0 0.921 0.0
представляли 0.0 1.699 0.0
машины 0.001 1.398 0.001
украинских 0.001 0.824 0.001
детьми 0.002 1.301 0.003
война 0.003 0.469 0.001
вспоминает 0.002 1.301 0.003
кодекс 0.0 0.066 0.0
отогнать 0.0 2.0 0.0
больниц 0.0 1.301 0.0
соглашается 0.0 1.699 0.0
хорошие 0.0 1.0 0.0
выход 0.0 1.097 0.0
расплакался 0.0 2.0 0.0
волонтеры 0.002 1.398 0.003
государства 0.001 0.824 0.001
tesco 0.001 2.0 0.002
бомбардировки 0.0 1.699 0.0
ближайшие 0.0 1.097 0.0
продавала 0.0 2.0 0.0
розовое 0.0 2.0 0.0
семья 0.001 1.398 0.001
ирпень 0.001 1.222 0.001
пропагандирует 0.0 1.301 0.0
взбирается 0.0 1.699 0.0
введения 0.0 0.796 0.0
поезде 0.001 1.523 0.002
пор 0.0 0.387 0.0
stop 0.0 1.046 0.0
военнообязанные 0.0 2.0 0.0
поговорила 0.0 0.886 0.0
распальцовки 0.0 2.0 0.0
вконтакте 0.0 0.066 0.0
живет 0.001 0.854 0.001
бесплатно 0.001 1.398 0.001
краковский 0.0 2.0 0.0
ольга 0.003 1.398 0.004
шапка 0.0 2.0 0.0
жалко 0.0 1.523 0.0
далеко 0.0 0.745 0.0
компьютере 0.0 1.699 0.0
знания 0.0 1.699 0.0
максиме 0.0 2.0 0.0
нашими 0.0 1.155 0.0
разрушена 0.0 1.398 0.0
выделите 0.0 0.066 0.0
власти 0.0 0.387 0.0
получить 0.0 0.553 0.0
удается 0.0 2.0 0.0
муже 0.0 2.0 0.0
ввозить 0.0 1.699 0.0
недели 0.001 0.42 0.0
думать 0.0 1.222 0.0
против 0.001 0.229 0.0
рождении 0.0 2.0 0.0
железнодорожного 0.001 1.699 0.002
машинами 0.0 2.0 0.0
незнакомцев 0.0 2.0 0.0
въехали 0.0 2.0 0.0
соскучился 0.0 2.0 0.0
вечерняя 0.0 0.066 0.0
осуществилась 0.0 2.0 0.0
жутко 0.0 2.0 0.0
сели 0.0 2.0 0.0
швейная 0.0 2.0 0.0
готовы 0.001 0.678 0.001
поддержки 0.0 0.066 0.0
некуда 0.001 1.301 0.001
прощаясь 0.0 2.0 0.0
нашего 0.001 1.0 0.001
выезжать 0.0 1.523 0.0
придать 0.0 1.523 0.0
двумя 0.0 0.678 0.0
дедушка 0.0 1.699 0.0
проходах 0.0 2.0 0.0
покамест… 0.0 2.0 0.0
стал 0.0 0.658 0.0
первые 0.0 0.585 0.0
кольцо 0.001 1.398 0.001
машине 0.0 1.523 0.0
подбегает 0.0 2.0 0.0
дня 0.0 0.523 0.0
труда 0.0 1.046 0.0
животных 0.001 0.854 0.001
выходим 0.0 2.0 0.0
большинство 0.001 0.796 0.001
станции 0.0 1.155 0.0
забрала 0.0 1.699 0.0
остальные 0.0 0.854 0.0
туда 0.001 0.921 0.001
роздачi 0.0 2.0 0.0
android 0.0 0.066 0.0
хвост 0.0 2.0 0.0
прибывший 0.0 1.699 0.0
реагирует 0.0 1.523 0.0
ехать 0.002 1.523 0.003
особенно 0.001 0.553 0.001
нужна 0.001 0.092 0.0
марта 0.005 0.319 0.002
вокруг 0.0 0.721 0.0
города 0.001 0.638 0.001
подругу 0.0 2.0 0.0
яппаровой 0.001 1.046 0.001
размещены 0.0 2.0 0.0
предлагают 0.0 1.046 0.0
бабушек 0.0 1.699 0.0
экраном 0.0 1.699 0.0
освенцим 0.0 2.0 0.0
дома 0.003 0.638 0.002
понимающие 0.0 2.0 0.0
одежду 0.001 1.398 0.001
фур 0.0 2.0 0.0
посмотреть 0.0 0.721 0.0
отношусь 0.0 1.523 0.0
машинах 0.001 2.0 0.002
пожилых 0.0 1.222 0.0
отказывают 0.0 1.523 0.0
работ 0.0 1.222 0.0
прерывает 0.001 2.0 0.002
животу 0.0 2.0 0.0
мультики 0.001 2.0 0.002
киеве 0.001 1.0 0.001
могла 0.001 0.886 0.001
тремя 0.0 1.301 0.0
грудными 0.001 2.0 0.002
высоких 0.0 1.301 0.0
комнату 0.001 1.523 0.002
уверен 0.0 0.959 0.0
крепко 0.0 2.0 0.0
медузе 0.001 0.066 0.0
сумки 0.0 2.0 0.0
обороне 0.0 1.523 0.0
следить 0.0 1.0 0.0
атамановка 0.0 2.0 0.0
дочка 0.0 1.699 0.0
первый 0.0 0.481 0.0
сказали 0.0 0.959 0.0
везде 0.0 1.046 0.0
фурнитуры 0.0 2.0 0.0
прессы 0.0 1.699 0.0
миллиардов 0.0 1.301 0.0
остальном 0.0 1.699 0.0
жилья 0.0 2.0 0.0
медузу 0.001 0.066 0.0
пересечения 0.0 2.0 0.0
обработки 0.0 0.066 0.0
позвали 0.0 2.0 0.0
стороны 0.0 0.432 0.0
массовой 0.0 0.097 0.0
звоню 0.0 2.0 0.0
lukasz 0.0 2.0 0.0
точки 0.0 0.638 0.0
сложно 0.001 0.538 0.001
автобус 0.001 2.0 0.002
каждый 0.001 0.509 0.001
мужчина 0.001 1.523 0.002
приняла 0.001 1.523 0.002
мужем 0.001 1.523 0.002
словам 0.002 0.658 0.001
обстановка 0.0 1.523 0.0
ракетного 0.001 1.523 0.002
жить 0.001 0.824 0.001
улице 0.0 0.886 0.0
быстрым 0.0 1.523 0.0
доброе 0.0 2.0 0.0
рассчитывали 0.0 1.523 0.0
дверь 0.0 1.222 0.0
бюрократия 0.0 2.0 0.0
стеклянной 0.0 2.0 0.0
исчерпаны 0.0 2.0 0.0
чемодан 0.0 2.0 0.0
закончились 0.0 1.699 0.0
бегут 0.001 1.699 0.002
многих 0.0 0.658 0.0
новым 0.0 0.796 0.0
подвала 0.0 2.0 0.0
помогают 0.0 0.886 0.0
давать 0.0 1.222 0.0
ожидании 0.001 1.699 0.002
кракова 0.003 2.0 0.006
ходили 0.0 1.699 0.0
зарегистрировали 0.0 1.097 0.0
блюд 0.0 2.0 0.0
указав 0.0 1.699 0.0
подпрыгнули 0.0 2.0 0.0
спутницы 0.001 2.0 0.002
кем 0.001 1.222 0.001
поднялась 0.0 1.699 0.0
заранее 0.0 0.959 0.0
реклама 0.001 0.066 0.0
делать 0.001 0.276 0.0
русском 0.0 1.097 0.0
плохо 0.001 0.569 0.001
родственниками-беженцами 0.0 2.0 0.0
прятаться 0.0 1.301 0.0
жила 0.001 1.398 0.001
notes 0.0 0.824 0.0
польшу 0.002 1.301 0.003
заблокирована 0.0 0.824 0.0
россии 0.001 0.119 0.0
соседнем 0.0 1.699 0.0
чистое 0.0 2.0 0.0
помогает 0.0 0.77 0.0
агента 0.001 0.097 0.0
малую 0.0 1.699 0.0
пять 0.001 0.509 0.001
нидерланды 0.0 1.398 0.0
вынуждены 0.0 1.097 0.0
тысячи 0.001 0.721 0.001
другую 0.0 0.959 0.0
перешедших 0.0 2.0 0.0
положения 0.0 1.699 0.0
бэушной 0.0 2.0 0.0
сознательной 0.0 2.0 0.0
ниной 0.0 2.0 0.0
узнали 0.0 1.0 0.0
кричать 0.001 1.699 0.002
целлофановом 0.0 2.0 0.0
наша 0.001 0.77 0.001
пункта 0.001 1.699 0.002
русские 0.0 1.046 0.0
здании 0.001 1.523 0.002
нина 0.002 2.0 0.004
морально 0.0 2.0 0.0
подружка 0.0 1.699 0.0
витой 0.0 2.0 0.0
ест 0.0 1.301 0.0
господи 0.0 2.0 0.0
кузьмицкая 0.0 2.0 0.0
очереди 0.001 1.046 0.001
фри 0.0 2.0 0.0
привела 0.0 1.046 0.0
мир 0.001 0.553 0.001
уехала 0.001 1.301 0.001
бывший 0.0 0.921 0.0
украинец 0.0 1.699 0.0
денег 0.0 0.886 0.0
труднее 0.0 0.721 0.0
раскладушках 0.0 2.0 0.0
читателейнам 0.0 0.174 0.0
страны 0.0 0.444 0.0
россиянка 0.0 1.699 0.0
недавно 0.0 0.62 0.0
краковом 0.0 2.0 0.0
привет 0.0 1.699 0.0
удалось 0.0 0.523 0.0
свидетельства 0.0 1.523 0.0
встретил 0.0 1.523 0.0
младшей 0.0 1.699 0.0
считаю 0.001 1.222 0.001
успели 0.0 1.097 0.0
остался 0.001 0.854 0.001
дания 0.0 1.523 0.0
порядку 0.0 0.066 0.0
домашнего 0.0 2.0 0.0
периодически 0.0 1.046 0.0
правительством 0.0 1.699 0.0
включилось 0.0 2.0 0.0
ночью 0.0 1.301 0.0
раскладывают 0.0 2.0 0.0
сидеть 0.001 1.097 0.001
военный 0.0 1.097 0.0
ночуют 0.0 2.0 0.0
фонда 0.001 1.301 0.001
заснул 0.0 2.0 0.0
самый 0.001 0.721 0.001
беженцам 0.002 1.699 0.003
предлагает 0.0 0.959 0.0
старухами 0.0 2.0 0.0
страницы 0.0 1.301 0.0
сколько 0.001 0.585 0.001
потолку 0.0 1.699 0.0
окна 0.001 0.959 0.001
одеяла 0.0 2.0 0.0
приехала 0.001 1.699 0.002
бегущие 0.0 2.0 0.0
придумала 0.0 1.699 0.0
тамбуре 0.001 2.0 0.002
крепкая 0.0 2.0 0.0
магазине 0.0 1.398 0.0
уюта 0.0 2.0 0.0
заботой 0.0 2.0 0.0
европейском 0.0 1.523 0.0
заставлена 0.0 2.0 0.0
сидят 0.001 1.301 0.001
детскими 0.0 2.0 0.0
робота 0.0 1.699 0.0
предоставляют 0.0 1.699 0.0
многочисленные 0.0 1.398 0.0
молча 0.001 1.699 0.002
деньги 0.001 0.77 0.001
спит 0.001 1.523 0.002
харьков-львов 0.0 2.0 0.0
могут 0.001 0.187 0.0
день 0.002 0.328 0.001
убило… 0.0 2.0 0.0
мальчик 0.001 1.398 0.001
получит 0.0 1.523 0.0
веганских 0.0 2.0 0.0
инвалид 0.0 2.0 0.0
кровати 0.0 1.699 0.0
долго 0.0 0.745 0.0
боевые 0.0 1.222 0.0
готовятся 0.001 1.699 0.002
работать 0.001 0.409 0.0
трехмесячного 0.0 2.0 0.0
небольших 0.0 1.398 0.0
нашем 0.0 0.959 0.0
попали 0.0 0.886 0.0
будила 0.0 2.0 0.0
поехали 0.001 1.699 0.002
первую 0.001 0.638 0.001
проходе 0.001 1.699 0.002
объясняет 0.001 0.658 0.001
разбомбить 0.0 2.0 0.0
украинском 0.001 1.398 0.001
мам 0.001 2.0 0.002
университета 0.0 0.959 0.0
мужчины 0.001 1.523 0.002
поехала 0.0 1.699 0.0
молодой 0.0 1.398 0.0
слишком 0.0 0.553 0.0
взобравшись 0.0 2.0 0.0
столько 0.0 0.921 0.0
мешает 0.0 1.222 0.0
занял 0.0 1.699 0.0
старухам 0.0 2.0 0.0
туристических 0.0 2.0 0.0
мама 0.002 1.0 0.002
неизвестно 0.001 0.77 0.001
чемодана 0.0 2.0 0.0
нормально 0.0 1.097 0.0
нет… 0.0 2.0 0.0
поклон 0.0 2.0 0.0
медыке 0.0 2.0 0.0
помимо 0.001 0.796 0.001
уставленная 0.0 2.0 0.0
часа 0.0 0.77 0.0
максимально 0.0 0.721 0.0
images 0.003 0.796 0.002
число 0.0 0.658 0.0
привозят 0.0 1.699 0.0
глазах 0.001 2.0 0.002
оттуда 0.001 1.097 0.001
обеспечиваете 0.0 2.0 0.0
случае 0.0 0.357 0.0
семь 0.001 0.796 0.001
старшему 0.0 1.523 0.0
стрельба 0.0 1.699 0.0
сон 0.0 1.699 0.0
поезда 0.001 1.398 0.001
оформить 0.0 1.523 0.0
иностранным 0.0 0.097 0.0
повезло 0.0 0.921 0.0
топливо 0.0 1.523 0.0
делают 0.001 0.745 0.001
уверена 0.0 1.523 0.0
например 0.0 0.229 0.0
суп 0.0 1.699 0.0
началась 0.001 0.678 0.001
военного 0.0 1.097 0.0
решение 0.001 0.509 0.001
сумках 0.001 1.699 0.002
что-то 0.001 0.569 0.001
услышав 0.001 1.699 0.002
февраля 0.002 0.387 0.001
iз 0.0 2.0 0.0
пострадали 0.0 1.523 0.0
пару 0.0 0.77 0.0
красные 0.001 2.0 0.002
мимо 0.001 1.301 0.001
отвлекали 0.0 2.0 0.0
дергает 0.0 2.0 0.0
медведя 0.0 1.699 0.0
беженкой 0.0 2.0 0.0
добраться 0.0 1.523 0.0
пострадаем 0.0 2.0 0.0
epa 0.001 0.959 0.001
жизнь 0.002 0.538 0.001
украïнцiв 0.0 2.0 0.0
предметы 0.0 2.0 0.0
поддержите 0.0 0.102 0.0
узнав 0.0 1.699 0.0
вокзала 0.001 2.0 0.002
населения 0.001 0.658 0.001
поляк 0.0 2.0 0.0
куртке 0.0 2.0 0.0
вокзале 0.003 1.699 0.005
хочется 0.0 0.921 0.0
хорватию 0.0 1.699 0.0
воды 0.0 0.745 0.0
internationaler 0.0 2.0 0.0
придя 0.0 2.0 0.0
году 0.0 0.367 0.0
шум 0.0 2.0 0.0
утро 0.001 1.301 0.001
сын 0.003 1.097 0.003
евросоюза 0.0 1.222 0.0
отопление 0.0 1.523 0.0
наталья 0.005 1.097 0.005
прикреплен 0.0 2.0 0.0
ради 0.0 1.046 0.0
лет 0.003 0.252 0.001
бабушки 0.0 1.398 0.0
фейсбук-группах 0.0 2.0 0.0
зеленый 0.0 1.398 0.0
российскому 0.001 1.097 0.001
разрешили 0.0 1.097 0.0
уводит 0.0 2.0 0.0
соседняя 0.0 2.0 0.0
24-го 0.0 2.0 0.0
вопрос 0.0 0.42 0.0
подхватывает 0.0 2.0 0.0
отапливалась 0.0 2.0 0.0
взятки 0.0 2.0 0.0
тетей 0.0 2.0 0.0
обитателей 0.0 1.699 0.0
детки 0.0 1.699 0.0
зал 0.0 1.523 0.0
данные 0.0 0.066 0.0
дают 0.0 0.721 0.0
белье 0.0 1.699 0.0
киев 0.0 0.77 0.0
друзьям 0.0 1.699 0.0
пройдите 0.0 2.0 0.0
вероника 0.001 1.523 0.002
дрожат 0.0 2.0 0.0
нашла 0.0 1.398 0.0
проживання 0.0 2.0 0.0
отъездом 0.0 2.0 0.0
увидят 0.0 1.699 0.0
сирены 0.0 1.523 0.0
встал 0.0 1.523 0.0
наши 0.001 0.721 0.001
прибыли 0.0 1.523 0.0
продолжает 0.002 0.658 0.001
садик 0.0 1.699 0.0
втором 0.0 1.398 0.0
придет 0.0 1.699 0.0
отвечает 0.001 0.854 0.001
имени 0.0 0.796 0.0
въезд 0.0 1.398 0.0
хватает 0.0 1.046 0.0
братья 0.0 2.0 0.0
понятно 0.0 0.699 0.0
сидело 0.0 2.0 0.0
домах 0.0 1.301 0.0
криком 0.0 2.0 0.0
конфет 0.0 2.0 0.0
повсюду 0.001 1.523 0.002
отдыхают 0.001 2.0 0.002
родом 0.0 1.699 0.0
ракета 0.0 1.398 0.0
невестки 0.0 2.0 0.0
paleologos 0.001 2.0 0.002
хотят 0.001 0.745 0.001
было… 0.0 2.0 0.0
ольгу 0.0 1.699 0.0
львовском 0.0 2.0 0.0
дочерью 0.001 1.523 0.002
тихо 0.001 1.699 0.002
младенец 0.0 2.0 0.0
машей 0.0 2.0 0.0
новые 0.0 0.602 0.0
похожа 0.0 1.222 0.0
севере 0.0 1.699 0.0
девушки 0.001 1.523 0.002
никто 0.001 0.523 0.001
нацизм 0.0 2.0 0.0
наступает 0.0 1.301 0.0
вернуться 0.001 0.921 0.001
хотелось 0.0 1.155 0.0
выплакали 0.0 2.0 0.0
документов 0.001 1.222 0.001
разделяемся 0.0 2.0 0.0
ошибиться 0.0 1.699 0.0
уехать 0.002 1.0 0.002
тысяч 0.001 0.337 0.0
электричку 0.001 1.699 0.002
заводов 0.0 1.699 0.0
бельгия 0.0 1.523 0.0
железнодорожном 0.001 1.699 0.002
сафоновой 0.0 1.222 0.0
днепропетровск 0.0 1.699 0.0
едем 0.0 1.523 0.0
транспорта 0.001 1.398 0.001
предложили 0.0 1.222 0.0
мужья 0.0 2.0 0.0
высокая 0.0 1.046 0.0
рядом 0.0 0.854 0.0
комната 0.0 1.699 0.0
заставлены 0.0 1.699 0.0
раскладушка 0.0 2.0 0.0
спецкора 0.001 1.046 0.001
выдают 0.0 2.0 0.0
садике 0.0 2.0 0.0
дотрагивается 0.0 2.0 0.0
жилой 0.0 1.398 0.0
указывая 0.0 1.699 0.0
старается 0.0 1.699 0.0
видела 0.001 0.959 0.001
многоэтажку 0.0 1.699 0.0
источник 0.0 0.174 0.0
готовом 0.0 2.0 0.0
оон 0.0 1.222 0.0
одни 0.001 1.046 0.001
все-таки 0.0 0.553 0.0
соседка 0.0 2.0 0.0
передают 0.0 2.0 0.0
“ 0.005 0.432 0.002
хочу 0.002 0.137 0.0
нервах 0.0 1.699 0.0
добираться 0.0 1.699 0.0
корчова—краковец 0.0 2.0 0.0
рассказывает 0.004 0.569 0.002
восьми 0.0 1.301 0.0
украинского 0.0 0.959 0.0
приходится 0.0 0.886 0.0
работу 0.001 0.658 0.001
добрее 0.001 2.0 0.002
находится 0.001 0.678 0.001
слова 0.0 0.678 0.0
киевской 0.001 1.398 0.001
накануне 0.0 1.046 0.0
ко 0.0 0.745 0.0
будем 0.0 0.886 0.0
остались 0.001 0.921 0.001
взрывы 0.001 1.155 0.001
мужики 0.0 1.699 0.0
правила 0.0 0.066 0.0
сидящих 0.0 2.0 0.0
хотела 0.0 1.222 0.0
легли 0.0 1.699 0.0
играют 0.001 1.699 0.002
сказать 0.0 0.495 0.0
ведрах 0.0 2.0 0.0
украинцев 0.001 1.222 0.001
португалия 0.0 1.699 0.0
поцеловал 0.0 2.0 0.0
единоразово 0.0 2.0 0.0
© 0.0 0.0 0.0
картофеля 0.0 2.0 0.0
равно 0.0 0.638 0.0
отправления 0.0 2.0 0.0
плакала 0.0 1.699 0.0
летят 0.0 2.0 0.0
идеальное 0.0 2.0 0.0
вторые 0.0 1.523 0.0
встречают 0.002 1.699 0.003
донбассе 0.0 1.222 0.0
женщин 0.001 1.155 0.001
осталась 0.0 1.398 0.0
правой 0.0 1.523 0.0
сестра 0.0 1.398 0.0
говорила 0.001 1.222 0.001
увидим 0.0 1.222 0.0
куда-либо 0.0 2.0 0.0
рассказывали 0.0 1.155 0.0
границу 0.001 1.097 0.001
читой 0.0 2.0 0.0
аж 0.0 1.699 0.0
замечая 0.0 2.0 0.0
стоят 0.001 1.301 0.001
ковриках 0.0 2.0 0.0
звуков 0.0 1.301 0.0
вспоминаю 0.0 2.0 0.0
колясками 0.0 2.0 0.0
подышать 0.0 2.0 0.0
слезы 0.001 2.0 0.002
помощь 0.001 0.097 0.0
израиль 0.001 1.097 0.001
женщина 0.001 1.222 0.001
неотложных 0.0 2.0 0.0
читателей 0.0 0.658 0.0
постройка 0.0 2.0 0.0
автовокзале 0.0 2.0 0.0
страну 0.001 0.796 0.001
polska 0.0 2.0 0.0
выдали 0.0 1.523 0.0
виты 0.0 2.0 0.0
сообщило 0.0 1.301 0.0
спальном 0.0 2.0 0.0
войны 0.006 0.42 0.003
отсюда 0.0 1.097 0.0
места 0.001 0.886 0.001
школе 0.0 1.301 0.0
маша 0.0 1.699 0.0
около 0.001 0.432 0.0
ани 0.001 2.0 0.002
выспаться 0.0 2.0 0.0
пшемысль 0.001 2.0 0.002
соне 0.001 2.0 0.002
довезти 0.0 2.0 0.0
розовой 0.0 2.0 0.0
новости 0.001 0.481 0.0
большая 0.0 0.77 0.0
натальи 0.003 1.699 0.005
смеется 0.0 1.523 0.0
увижу 0.001 2.0 0.002
усталость 0.0 1.523 0.0
отправили 0.0 1.155 0.0
прощания 0.0 2.0 0.0
вокзальных 0.0 2.0 0.0
отправил 0.0 1.699 0.0
местные 0.001 0.959 0.001
помещений 0.0 1.699 0.0
харьков 0.001 0.886 0.001
объекты 0.001 1.155 0.001
всем 0.001 0.252 0.0
километров 0.0 1.155 0.0
фруктовое 0.0 2.0 0.0
бог 0.0 1.398 0.0
те 0.0 0.357 0.0
выехать 0.0 1.301 0.0
половины 0.001 1.0 0.001
поверх 0.0 2.0 0.0
происходит 0.001 0.387 0.0
пробка 0.0 1.523 0.0
подвергается 0.0 1.398 0.0
встрече 0.0 1.301 0.0
пути 0.001 1.0 0.001
улыбается 0.0 2.0 0.0
lightrocket 0.001 1.699 0.002
тысяче 0.0 1.301 0.0
транспорт 0.0 1.222 0.0
женщины 0.001 1.046 0.001
сим-карты 0.001 1.523 0.002
плотной 0.0 1.699 0.0
предложениями 0.0 2.0 0.0
бабушке 0.0 1.301 0.0
надпись 0.0 1.699 0.0
ними 0.0 0.585 0.0
десятилетие 0.0 2.0 0.0
самого 0.0 0.77 0.0
районе 0.001 0.886 0.001
сесть 0.001 1.699 0.002
живут 0.001 0.886 0.001
границы 0.001 1.301 0.001
кто-то 0.0 0.602 0.0
польша 0.002 1.523 0.003
недалеко 0.001 1.301 0.001
главное 0.0 0.658 0.0
понимаю 0.001 0.796 0.001
разговор 0.0 1.222 0.0
сходили 0.0 1.699 0.0
фотография 0.0 1.699 0.0
металлокерамической 0.0 2.0 0.0
школ 0.001 1.398 0.001
показывать 0.0 0.066 0.0
польское 0.0 2.0 0.0
пытаемся 0.001 1.699 0.002
квартиры 0.0 1.699 0.0
twitter 0.0 0.0 0.0
виту 0.0 2.0 0.0
подумала 0.0 1.398 0.0
европы 0.001 0.796 0.001
мужа 0.001 1.699 0.002
платформы 0.001 0.066 0.0
зато 0.0 0.886 0.0
выезжали 0.0 1.398 0.0
пластина 0.0 2.0 0.0
наверное 0.001 0.921 0.001
ужасный 0.0 2.0 0.0
спецкор 0.0 1.523 0.0
работали 0.0 1.046 0.0
понять 0.0 0.721 0.0
задребезжали 0.0 2.0 0.0
которые 0.002 0.119 0.0
блестят 0.0 2.0 0.0
недостаточно 0.0 0.921 0.0
бежал 0.0 1.699 0.0
meduza 0.001 0.0 0.0
говорю 0.001 0.959 0.001
перинатальных 0.0 2.0 0.0
отъезд 0.0 2.0 0.0
собрались 0.0 2.0 0.0
дорогу 0.001 1.398 0.001
poland 0.0 1.523 0.0
поляков 0.0 1.523 0.0
флаг 0.0 1.301 0.0
отправляются 0.0 1.523 0.0
возвращаться 0.0 1.301 0.0
рассказывают 0.001 0.959 0.001
пробудет 0.0 2.0 0.0
поставок 0.0 1.222 0.0
приезжать 0.0 1.523 0.0
добирались 0.001 2.0 0.002
фольксвагена 0.0 2.0 0.0
самая 0.0 0.854 0.0
третьи 0.0 1.398 0.0
укрывшись 0.0 2.0 0.0
забирают 0.0 2.0 0.0
домашних 0.001 1.301 0.001
из-за 0.001 0.229 0.0
кристины 0.0 1.222 0.0
плюшевого 0.0 2.0 0.0
взяла 0.0 1.398 0.0
хлебом 0.0 2.0 0.0
самолеты 0.0 1.699 0.0
харьковом 0.001 1.699 0.002
соседних 0.0 1.523 0.0
проезд 0.0 2.0 0.0
помещении 0.0 0.959 0.0
умеет 0.0 1.155 0.0
действий 0.0 0.699 0.0
значит 0.0 0.444 0.0
почве 0.0 2.0 0.0
прийти 0.0 1.398 0.0
спали 0.001 1.398 0.001
раком 0.0 2.0 0.0
ночи 0.0 1.222 0.0
гифки 0.0 0.066 0.0
украинские 0.001 0.886 0.001
вышла 0.001 0.959 0.001
людей 0.001 0.161 0.0
меняя 0.0 2.0 0.0
эмоционально 0.0 1.046 0.0
говорит 0.01 0.409 0.004
отдельно 0.0 1.097 0.0
пережить 0.0 1.398 0.0
кроме 0.001 0.387 0.0
вернулась 0.0 1.398 0.0
синем 0.0 2.0 0.0
from 0.0 0.824 0.0
европе 0.001 0.658 0.001
объявления 0.0 1.699 0.0
миграционной 0.0 1.222 0.0
настолько 0.0 0.886 0.0
понял 0.0 1.398 0.0
сгибать 0.0 2.0 0.0
служба 0.0 1.222 0.0
привези 0.0 2.0 0.0
прижимает 0.0 2.0 0.0
возвращение 0.0 1.301 0.0
подумать 0.001 1.523 0.002
верил 0.0 1.398 0.0
который 0.001 0.194 0.0
железнодорожный 0.001 1.699 0.002
поток 0.0 1.699 0.0
анонимно 0.0 0.066 0.0
уместились 0.0 2.0 0.0
осознать 0.0 2.0 0.0
второй 0.002 0.42 0.001
головой 0.001 1.523 0.002
привыкли 0.0 1.398 0.0
ваша 0.001 0.102 0.0
поселилась 0.0 2.0 0.0
ахтырка 0.0 1.699 0.0
разговоров 0.0 1.398 0.0
италия 0.0 1.222 0.0
косичками 0.0 2.0 0.0
проносится 0.0 2.0 0.0
заняло 0.0 1.301 0.0
готова 0.0 1.155 0.0
отвезти 0.0 2.0 0.0
брошу 0.0 2.0 0.0
спасибо 0.0 1.222 0.0
старший 0.0 1.523 0.0
сразу 0.002 0.553 0.001
куки 0.0 0.066 0.0
минут 0.001 0.854 0.001
украинским 0.001 1.155 0.001
плачет 0.0 2.0 0.0
приносить 0.0 1.699 0.0
использование 0.0 0.066 0.0
европа 0.001 0.886 0.001
границе 0.002 1.046 0.002
выплачивать 0.001 1.699 0.002
сижу 0.001 1.398 0.001
лежали 0.0 1.523 0.0
marques 0.001 2.0 0.002
брат 0.001 1.301 0.001
года 0.004 0.167 0.001
проснулся 0.0 1.523 0.0
поинтересовались 0.0 2.0 0.0
небольшого 0.0 2.0 0.0
фотографии 0.0 0.638 0.0
остановить 0.0 0.638 0.0
en 0.0 0.066 0.0
кони 0.0 2.0 0.0
звонит 0.001 1.699 0.002
внимания 0.0 1.0 0.0
недоумевает 0.0 1.699 0.0
бабушка 0.001 1.155 0.001
начали 0.001 0.481 0.0
жилых 0.0 1.155 0.0
парковке 0.0 2.0 0.0
украина 0.001 0.699 0.001
вторжении 0.0 1.398 0.0
сидели 0.001 1.398 0.001
боимся 0.001 2.0 0.002
окраине 0.0 1.222 0.0
будут 0.001 0.301 0.0
человека 0.0 0.328 0.0
ольге 0.001 2.0 0.002
украинки 0.0 2.0 0.0
рейса 0.0 2.0 0.0
территориальной 0.0 1.222 0.0
посторонних 0.0 1.523 0.0
белое 0.0 2.0 0.0
войну 0.0 0.638 0.0
украïны 0.0 2.0 0.0
ребенке 0.0 2.0 0.0
свой 0.0 0.585 0.0
автобусы 0.0 1.523 0.0
украинцы 0.002 0.886 0.002
sopa 0.001 1.523 0.002
признается 0.001 1.699 0.002
одно 0.001 0.699 0.001
телефон 0.0 1.301 0.0
пускают 0.0 1.523 0.0
которой 0.0 0.377 0.0
вообще 0.003 0.066 0.0
помогали 0.0 1.222 0.0
елена 0.003 1.0 0.003
встретиться 0.0 1.699 0.0
занялась 0.0 2.0 0.0
третий 0.0 0.921 0.0
прожили 0.001 1.699 0.002
нужной 0.0 1.699 0.0
долгое 0.0 1.523 0.0
кассы 0.0 2.0 0.0
подъезд 0.0 1.699 0.0
котиков 0.0 2.0 0.0
сказал 0.001 0.77 0.001
билеты 0.0 1.398 0.0
шрайбера 0.0 2.0 0.0
рука 0.0 1.699 0.0
берлина 0.001 1.301 0.001
трындец 0.0 2.0 0.0
узнал 0.001 0.921 0.001
включите 0.0 2.0 0.0
страшная 0.0 2.0 0.0
метро 0.0 1.222 0.0
государственной 0.0 1.046 0.0
выехала 0.0 1.523 0.0
лежат 0.001 1.222 0.001
завода 0.0 1.699 0.0
los 0.0 1.301 0.0
откуда 0.0 1.046 0.0
помочь 0.001 0.131 0.0
салтовка 0.0 1.699 0.0
скорее 0.0 0.509 0.0
рукописная 0.0 2.0 0.0
ехали 0.001 1.699 0.002
понимаешь 0.0 1.398 0.0
стене 0.001 2.0 0.002
громко 0.0 1.699 0.0
советует 0.0 1.301 0.0
уставлен 0.0 2.0 0.0
продолжаем 0.0 0.699 0.0
пальцы 0.0 1.523 0.0
кременчуге 0.0 2.0 0.0
держаться 0.001 1.398 0.001
город 0.002 0.699 0.001
италии 0.0 1.398 0.0
муниципалитеты 0.0 2.0 0.0
индийской 0.0 2.0 0.0
гласит 0.0 2.0 0.0
старшую 0.0 2.0 0.0
пустоту 0.0 2.0 0.0
украинская 0.0 1.046 0.0
кухни 0.0 1.699 0.0
хотим 0.0 0.921 0.0
дай 0.0 1.699 0.0
двигайтесь 0.0 2.0 0.0
картину 0.0 1.0 0.0
сказала 0.0 1.155 0.0
суток 0.001 1.222 0.001
строения 0.0 1.699 0.0
вещей 0.001 1.301 0.001
радио 0.0 1.222 0.0
родной 0.0 1.523 0.0
организации 0.0 0.658 0.0
gagulski 0.0 2.0 0.0
взрослые 0.001 1.222 0.001
спокойные 0.0 2.0 0.0
шестого 0.0 2.0 0.0
въезде 0.0 1.699 0.0
гуманитарном 0.0 1.699 0.0
стеклом 0.0 1.523 0.0
регистрацию 0.0 1.155 0.0
lopes 0.0 2.0 0.0
которое 0.001 0.337 0.0
жизни 0.0 0.432 0.0
бледная 0.0 2.0 0.0
электричках 0.0 2.0 0.0
детками 0.0 2.0 0.0
новостиисторииразборшапитокоронавирусмагаз 0.0 0.066 0.0
тяжелая 0.0 1.398 0.0
приоткрытую 0.0 2.0 0.0
куда-то 0.001 1.222 0.001
десять 0.001 0.824 0.001
должны 0.001 0.432 0.0
нервной 0.0 1.398 0.0
сравнимо 0.0 1.699 0.0
одеждой 0.001 1.699 0.002
сидит 0.0 1.155 0.0
приезжай 0.0 2.0 0.0
семьи 0.001 1.046 0.001
ракеты 0.001 1.097 0.001
которая 0.001 0.301 0.0
вчера 0.001 1.222 0.001
гданьск 0.0 2.0 0.0
харькова 0.002 1.301 0.003
автобусе 0.001 2.0 0.002
социальной 0.0 1.222 0.0
паспорту 0.0 2.0 0.0
временное 0.0 1.699 0.0
обеспечить 0.0 1.097 0.0
сидя 0.0 2.0 0.0
маленькие 0.001 1.301 0.001
трещины 0.0 2.0 0.0
днепр 0.001 1.523 0.002
тикали 0.0 2.0 0.0
выезд 0.001 1.523 0.002
выполняющим 0.001 0.097 0.0
медицинские 0.0 0.796 0.0
принять 0.001 0.921 0.001
увешаны 0.0 2.0 0.0
маленькими 0.0 1.398 0.0
ошибку 0.0 0.066 0.0
девочка 0.001 1.301 0.001
понедельник 0.0 1.301 0.0
обстановке 0.0 1.523 0.0
компании 0.0 0.523 0.0
познакомилась 0.0 1.699 0.0
указывает 0.001 1.301 0.001
13-15 0.0 2.0 0.0
сделали 0.001 0.886 0.001
слупск 0.0 2.0 0.0
блистер 0.0 2.0 0.0
приезда 0.0 2.0 0.0
выехали 0.001 1.699 0.002
подрывался 0.0 2.0 0.0
крупно 0.0 2.0 0.0
убежище 0.0 1.301 0.0
бомбить 0.0 1.222 0.0
украинский 0.0 0.959 0.0
отдала 0.001 1.222 0.001
объявили 0.0 0.921 0.0
украинской 0.0 1.155 0.0
dominika 0.001 2.0 0.002
объясняя 0.0 1.301 0.0
внучку 0.0 2.0 0.0
старого 0.0 1.699 0.0
популярных 0.0 1.398 0.0
написали 0.0 1.301 0.0
непроизвольно 0.0 2.0 0.0
платили 0.0 1.699 0.0
корреспонденту 0.001 1.398 0.001
военных 0.0 0.699 0.0
смотри 0.0 2.0 0.0
страшные 0.0 1.523 0.0
городами 0.0 2.0 0.0
некоторых 0.0 0.523 0.0
идет 0.001 0.367 0.0
численности 0.001 1.398 0.001
перебивает 0.0 2.0 0.0
делал 0.0 1.222 0.0
спущена 0.0 2.0 0.0
обещавшая 0.0 1.699 0.0
материал 0.0 0.086 0.0
большой 0.0 0.569 0.0
чемоданами 0.0 2.0 0.0
знаете 0.0 0.796 0.0
центров 0.0 1.222 0.0
мечтают 0.0 2.0 0.0
рюкзак 0.0 1.523 0.0
обстрел 0.0 1.046 0.0
направляются 0.0 1.699 0.0
века 0.0 1.398 0.0
прекращается 0.0 1.699 0.0
инвалидности 0.0 2.0 0.0
девять 0.0 1.301 0.0
сообщают 0.0 1.398 0.0
исполнится 0.001 2.0 0.002
тяжело 0.002 0.796 0.002
ждет 0.0 0.959 0.0
проснулась 0.0 2.0 0.0
харьковской 0.0 1.699 0.0
товары 0.001 1.523 0.002
сидел 0.0 2.0 0.0
растерянным 0.0 2.0 0.0
принимать 0.001 0.721 0.001
работы 0.0 0.553 0.0
мочить 0.0 1.523 0.0
обычное 0.0 1.523 0.0
бывшем 0.0 2.0 0.0
германии 0.001 0.854 0.001
неделю 0.0 0.721 0.0
молодые 0.0 1.398 0.0
подвалы 0.001 1.523 0.002
контрольно-пропускной 0.0 2.0 0.0
глядя 0.0 2.0 0.0
саду 0.0 2.0 0.0
широкой 0.0 1.398 0.0
платформе 0.0 1.398 0.0
максим 0.0 0.824 0.0
боевых 0.0 1.0 0.0
выбор 0.0 1.097 0.0
комнаты 0.0 1.699 0.0
снова 0.001 0.678 0.001
хочешь 0.0 1.523 0.0
девочке 0.0 2.0 0.0
миграционного 0.0 2.0 0.0
съездила 0.0 2.0 0.0
поезд 0.001 1.301 0.001
стране 0.0 0.523 0.0
отдельную 0.0 1.699 0.0
вроцлав 0.0 2.0 0.0
снимок 0.0 1.699 0.0
внуки 0.0 2.0 0.0
страшно 0.002 1.097 0.002
номер 0.0 1.398 0.0
ближайшее 0.0 0.959 0.0
тебе 0.0 1.155 0.0
люди 0.004 0.276 0.001
заявило 0.0 1.398 0.0
старухи 0.0 2.0 0.0
сладостей 0.0 2.0 0.0
уезжали 0.0 1.523 0.0
приедут 0.0 1.523 0.0
взрослыми 0.0 1.699 0.0
грады 0.0 2.0 0.0
пунктов 0.0 0.959 0.0
папа 0.001 1.222 0.001
часть 0.0 0.456 0.0
украиной 0.0 0.921 0.0
больна 0.0 2.0 0.0
западная 0.001 1.523 0.002
часто 0.0 0.456 0.0
муж 0.002 1.301 0.003
детей 0.001 0.523 0.001
инстаграм 0.0 0.066 0.0
пункте 0.001 2.0 0.002
твоя 0.0 2.0 0.0
окружении 0.0 1.699 0.0
снаряд 0.0 1.301 0.0
аптеки 0.0 1.301 0.0
практически 0.001 0.602 0.001
готовить 0.0 1.398 0.0
попросить 0.0 1.222 0.0
летали 0.0 1.699 0.0
бегать 0.0 2.0 0.0
какого 0.0 1.523 0.0
хотя 0.001 0.276 0.0
открывшийся 0.0 1.699 0.0
воевать 0.0 1.097 0.0
настоящий 0.0 1.155 0.0
это 0.01 0.066 0.001
которому 0.0 1.0 0.0
связь 0.0 0.721 0.0
еду 0.001 0.886 0.001
чужая 0.001 2.0 0.002
дело 0.0 0.509 0.0
двери 0.001 1.699 0.002
работаем 0.001 0.161 0.0
своим 0.001 0.658 0.001
двух 0.001 0.377 0.0
такая 0.001 0.553 0.001
телеграм-чатах 0.0 2.0 0.0
сжимается 0.0 2.0 0.0
прощание 0.0 1.699 0.0
двое 0.001 1.222 0.001
бешеные 0.0 2.0 0.0
обращает 0.0 1.523 0.0
терялись 0.0 2.0 0.0
приема 0.001 1.301 0.001
котором 0.001 0.495 0.0
сафонова 0.001 1.699 0.002
харькове 0.003 1.222 0.004
некоторые 0.0 0.469 0.0
водитель 0.001 1.699 0.002
табличками 0.0 2.0 0.0
english 0.0 0.06 0.0
армию 0.0 1.301 0.0
поддержка 0.001 0.167 0.0
такого 0.0 0.509 0.0
подступающие 0.0 2.0 0.0
людям 0.0 0.678 0.0
журналисты 0.001 0.886 0.001
неважно 0.0 1.699 0.0
можете 0.0 0.699 0.0
пыли 0.0 2.0 0.0
квартиру 0.0 1.222 0.0
размере 0.0 1.699 0.0
благодарна 0.0 1.699 0.0
рынку 0.0 1.523 0.0
ребенком 0.0 1.523 0.0
годы 0.0 0.745 0.0
внучка 0.0 2.0 0.0
салфетку 0.0 2.0 0.0
глаза 0.001 0.886 0.001
вiдпочинку 0.0 2.0 0.0
бутербродов 0.0 2.0 0.0
времени 0.0 0.523 0.0
руками 0.0 1.301 0.0
польско-украинской 0.0 2.0 0.0
маму 0.0 1.699 0.0
подарили 0.0 2.0 0.0
селили 0.0 2.0 0.0
набрать 0.0 1.155 0.0
важно 0.0 0.509 0.0
рождения 0.0 1.097 0.0
поехать 0.0 1.699 0.0
считает 0.0 0.678 0.0
небольшая 0.001 1.523 0.002
широко 0.0 1.097 0.0
боли 0.0 1.0 0.0
знаю 0.002 0.721 0.001
общаемся 0.0 1.699 0.0
знакомым… 0.0 2.0 0.0
отдать 0.0 1.398 0.0
репортаж 0.002 0.699 0.001
польского 0.001 1.699 0.002
знает 0.001 0.854 0.001
facebook 0.0 0.0 0.0
выйти 0.0 1.0 0.0
сутки 0.001 1.0 0.001
заверяет 0.0 2.0 0.0
когда-то 0.001 1.301 0.001
вроде 0.0 0.658 0.0
отдохнуть 0.0 1.699 0.0
проходят 0.0 1.0 0.0
гуманитарной 0.0 1.398 0.0
воду 0.001 1.097 0.001
предоставив 0.0 2.0 0.0
миллиона 0.001 0.77 0.001
живой 0.0 1.0 0.0
выходили 0.0 1.398 0.0
scanpix 0.001 0.301 0.0
реально 0.0 0.959 0.0
товарами 0.0 1.699 0.0
хорватии 0.0 2.0 0.0
мировой 0.0 0.886 0.0
представить 0.0 0.959 0.0
васильки 0.0 2.0 0.0
родных 0.0 1.222 0.0
настенька 0.0 2.0 0.0
хостел 0.0 1.699 0.0
уедем 0.001 2.0 0.002
юности 0.0 2.0 0.0
семьей 0.001 1.523 0.002
допомоги 0.0 2.0 0.0
персональные 0.0 0.066 0.0
такое 0.001 0.347 0.0
станут 0.0 1.046 0.0
многочисленных 0.001 1.523 0.002
уезжать 0.001 1.222 0.001
беженцев 0.007 1.301 0.009
активно 0.0 0.77 0.0
голова 0.0 1.398 0.0
квартире 0.001 1.301 0.001
собственным 0.0 1.301 0.0
немного 0.0 0.77 0.0
мужчинам 0.0 1.523 0.0
германия 0.0 1.046 0.0
закрыли 0.0 1.301 0.0
называет 0.001 1.046 0.001
дочери 0.001 1.301 0.001
бомбежки 0.0 1.301 0.0
фоне 0.0 0.796 0.0
50-летней 0.0 2.0 0.0
счет 0.0 0.824 0.0
первом 0.0 0.824 0.0
школу 0.0 1.097 0.0
любимых 0.0 2.0 0.0
законы 0.0 1.301 0.0
производит 0.0 1.523 0.0
эта 0.001 0.367 0.0
стрелки 0.0 2.0 0.0
которых 0.001 0.237 0.0
поездов 0.0 1.523 0.0
приехали 0.001 1.398 0.001
родился 0.0 1.301 0.0
украине 0.003 0.444 0.001
xix 0.0 1.699 0.0
темного 0.0 2.0 0.0
времен 0.0 1.222 0.0
начала 0.001 0.398 0.0
пережили 0.0 1.523 0.0
онлайн-игре 0.0 2.0 0.0
собранными 0.0 2.0 0.0
сообщение 0.0 0.102 0.0
препараты 0.0 0.824 0.0
погреба 0.0 2.0 0.0
