пожар 0.001 1.301 0.001
российские 0.003 0.328 0.001
ходе 0.001 0.921 0.001
перевели 0.001 1.699 0.002
окружающую 0.001 2.0 0.002
редакции 0.003 0.066 0.0
несбит 0.001 2.0 0.002
циркуляцией 0.001 2.0 0.002
баннерам 0.001 0.066 0.0
россии 0.001 0.119 0.0
грузовиков 0.001 1.699 0.002
президент 0.001 0.854 0.001
установили 0.001 0.959 0.001
перестрелку 0.001 2.0 0.002
телевидения 0.001 1.699 0.002
считают 0.001 0.721 0.001
станцию 0.003 1.523 0.005
гифки 0.001 0.066 0.0
украинские 0.001 0.886 0.001
novarka 0.001 2.0 0.002
агента 0.003 0.097 0.0
сути 0.001 0.959 0.001
пять 0.001 0.509 0.001
телефоны 0.001 1.222 0.001
остаться 0.003 1.097 0.003
говорит 0.001 0.409 0.0
предложила 0.001 1.699 0.002
тонны 0.001 2.0 0.002
разрушен 0.001 1.155 0.001
in 0.001 0.0 0.0
ухудшается 0.001 2.0 0.002
европе 0.001 0.658 0.001
сообщало 0.001 2.0 0.002
операции 0.001 0.886 0.001
припять 0.001 2.0 0.002
войсками 0.001 1.301 0.001
приведет 0.001 1.097 0.001
системы 0.001 0.585 0.001
веществ 0.001 1.222 0.001
чертовски 0.001 2.0 0.002
неповиновения 0.001 2.0 0.002
перестрелка 0.001 1.699 0.002
подвергнуть 0.001 2.0 0.002
который 0.003 0.194 0.001
вооруженную 0.001 2.0 0.002
анонимно 0.001 0.066 0.0
этаж 0.001 1.699 0.002
второй 0.003 0.42 0.001
запорожскую 0.001 1.699 0.002
коллегами 0.001 1.699 0.002
уровень 0.001 0.824 0.001
reuters 0.001 0.745 0.001
записке 0.001 2.0 0.002
ваша 0.001 0.102 0.0
протокола 0.001 1.699 0.002
утверждается 0.001 1.155 0.001
чаэс 0.009 1.699 0.015
garanich 0.001 2.0 0.002
приезжают 0.001 1.523 0.002
возгорания 0.001 2.0 0.002
остановленную 0.001 2.0 0.002
повреждение 0.001 2.0 0.002
куки 0.001 0.066 0.0
возможное 0.001 1.523 0.002
готовит 0.001 1.523 0.002
аналитики 0.001 1.523 0.002
вскоре 0.004 1.0 0.004
удалось 0.001 0.523 0.001
энергоблока 0.001 2.0 0.002
использование 0.001 0.066 0.0
приводят 0.001 1.222 0.001
границе 0.001 1.046 0.001
произошло 0.001 0.796 0.001
две 0.001 0.553 0.001
отметки 0.001 1.699 0.002
нацгвардии 0.001 1.699 0.002
устраивают 0.001 1.699 0.002
остался 0.001 0.854 0.001
порядку 0.001 0.066 0.0
аварии 0.009 1.398 0.013
украинскими 0.001 1.398 0.001
которую 0.001 0.469 0.0
периодически 0.001 1.046 0.001
года 0.003 0.167 0.001
родственниками 0.003 1.301 0.004
вдвоем 0.001 1.523 0.002
собственное 0.001 1.523 0.002
en 0.001 0.066 0.0
работает 0.004 0.367 0.001
часов 0.001 0.678 0.001
одним 0.001 0.569 0.001
потребуется 0.001 1.398 0.001
военный 0.001 1.097 0.001
охрана 0.001 1.699 0.002
трудиться 0.001 2.0 0.002
украина 0.001 0.699 0.001
дней 0.001 0.337 0.0
распространено 0.001 0.102 0.0
сколько 0.001 0.585 0.001
ссылается 0.001 1.699 0.002
ios 0.001 0.066 0.0
затем 0.004 0.678 0.003
гейко 0.01 2.0 0.02
спрятал 0.001 2.0 0.002
слушают 0.001 1.398 0.001
электроснабжение 0.001 2.0 0.002
магатэ 0.001 2.0 0.002
ликвидаторы 0.001 2.0 0.002
валентину 0.001 2.0 0.002
опасно 0.001 0.921 0.001
достигли 0.001 1.523 0.002
американского 0.001 1.301 0.001
серьезную 0.001 1.301 0.001
прямо 0.001 0.357 0.0
каждое 0.001 1.699 0.002
эскалации 0.001 2.0 0.002
свой 0.004 0.585 0.002
стальной 0.001 2.0 0.002
служебной 0.001 2.0 0.002
возвращаются 0.001 2.0 0.002
полностью 0.001 0.538 0.001
солдаты 0.003 1.222 0.004
призвал 0.001 1.155 0.001
отпраздновал 0.001 2.0 0.002
street 0.003 1.301 0.004
техников 0.001 2.0 0.002
стивен 0.001 1.398 0.001
отвергла 0.001 2.0 0.002
разрушенным 0.001 2.0 0.002
гендиректором 0.001 1.699 0.002
просачиваться 0.001 2.0 0.002
работать 0.001 0.409 0.0
которой 0.001 0.377 0.0
консервов 0.001 2.0 0.002
ужасных 0.001 2.0 0.002
линиях 0.001 1.398 0.001
вообще 0.001 0.066 0.0
бтр 0.001 1.699 0.002
инспекция 0.001 2.0 0.002
километрах 0.001 1.301 0.001
объектов 0.001 1.398 0.001
отобрали 0.001 2.0 0.002
поговорили 0.001 1.155 0.001
слышали 0.001 1.301 0.001
начале 0.001 0.602 0.001
созданию 0.001 1.398 0.001
выдерживают 0.001 1.699 0.002
момент 0.003 0.481 0.001
среду 0.001 1.699 0.002
саркофаг 0.001 2.0 0.002
тюрьму 0.001 1.699 0.002
столько 0.003 0.921 0.003
решила 0.001 1.0 0.001
сотрудники 0.005 0.824 0.004
своем 0.003 0.745 0.002
высокому 0.001 1.699 0.002
последовательно 0.001 1.398 0.001
появилась 0.001 0.886 0.001
наружу 0.001 1.699 0.002
нашли 0.001 0.066 0.0
связи 0.001 0.0 0.0
поблагодарив 0.001 2.0 0.002
сильной 0.001 1.699 0.002
солдат 0.001 1.301 0.001
медуза 0.004 0.066 0.0
продовольствие 0.001 2.0 0.002
военными 0.004 1.301 0.005
семи 0.001 1.398 0.001
месте 0.001 0.921 0.001
нам 0.003 0.086 0.0
gleb 0.001 2.0 0.002
беларусью 0.001 2.0 0.002
разведка 0.001 1.523 0.002
обвинить 0.001 1.699 0.002
атаку 0.001 1.398 0.001
рабочем 0.001 1.699 0.002
превратилась 0.001 1.398 0.001
юридическим 0.001 0.102 0.0
ночь 0.001 1.0 0.001
оказалась 0.001 0.796 0.001
военные 0.003 0.796 0.002
материалам 0.001 0.066 0.0
реактором 0.001 2.0 0.002
спят 0.001 1.523 0.002
оцепили 0.001 2.0 0.002
украинская 0.001 1.046 0.001
рабочими 0.001 2.0 0.002
вода 0.001 1.222 0.001
случае 0.001 0.357 0.0
норме 0.001 1.699 0.002
вентиляции 0.001 1.699 0.002
созваниваться 0.001 1.699 0.002
суток 0.001 1.222 0.001
стали 0.003 0.42 0.001
персонал 0.004 1.699 0.007
отработанное 0.001 2.0 0.002
данный 0.001 0.824 0.001
заявил 0.003 0.658 0.002
иностранным 0.001 0.097 0.0
нужно 0.001 0.237 0.0
озабоченность 0.001 2.0 0.002
топливо 0.001 1.523 0.002
следит 0.001 1.398 0.001
фальшивую 0.001 2.0 0.002
захваченных 0.003 1.699 0.005
станция 0.001 1.523 0.002
началась 0.001 0.678 0.001
своих 0.001 0.398 0.0
свои 0.003 0.481 0.001
охрану 0.001 2.0 0.002
сми 0.001 0.602 0.001
выражало 0.001 2.0 0.002
медикаментов 0.001 1.398 0.001
решение 0.001 0.509 0.001
каши 0.001 2.0 0.002
громкоговорителю 0.001 2.0 0.002
ctrl+enter 0.001 0.066 0.0
построенного 0.001 1.699 0.002
болях 0.001 2.0 0.002
февраля 0.003 0.387 0.001
безопасно 0.001 0.066 0.0
новостиисторииразборшапитокоронавирусмагаз 0.001 0.066 0.0
позже 0.001 0.886 0.001
энергии 0.001 2.0 0.002
сотрудников 0.004 1.0 0.004
youtube 0.001 0.06 0.0
стульях 0.001 1.699 0.002
прекратил 0.001 1.699 0.002
риску 0.001 1.398 0.001
подъехали 0.001 2.0 0.002
создано 0.001 0.097 0.0
бетонный 0.001 2.0 0.002
внезапно 0.001 1.523 0.002
захватила 0.001 1.699 0.002
поддержите 0.001 0.102 0.0
украины 0.004 0.569 0.002
заметили 0.001 1.398 0.001
обесточенной 0.001 2.0 0.002
сократился 0.001 2.0 0.002
произошел 0.001 1.699 0.002
друга 0.001 0.854 0.001
отключении 0.001 2.0 0.002
пар 0.001 1.699 0.002
гуманитарный 0.001 1.398 0.001
средством 0.001 0.102 0.0
воды 0.003 0.745 0.002
покинуть 0.003 1.0 0.003
выполняющим 0.003 0.097 0.0
60-летие 0.001 2.0 0.002
возможность 0.001 0.569 0.001
циркуляцию 0.001 2.0 0.002
году 0.005 0.367 0.002
утро 0.001 1.301 0.001
радиоактивного 0.001 2.0 0.002
выпустила 0.001 1.222 0.001
делая 0.001 1.699 0.002
ошибку 0.001 0.066 0.0
первых 0.001 0.959 0.001
сами 0.001 0.538 0.001
мобильные 0.001 2.0 0.002
говорил 0.001 0.959 0.001
посменно 0.001 1.699 0.002
восстановить 0.001 1.222 0.001
западные 0.001 1.222 0.001
проблемы 0.001 0.62 0.001
радиоактивных 0.001 2.0 0.002
курирующего 0.001 2.0 0.002
обеспечивающие 0.001 2.0 0.002
феврале 0.001 1.097 0.001
данные 0.001 0.066 0.0
запорожской 0.001 1.398 0.001
украинский 0.001 0.959 0.001
объявили 0.001 0.921 0.001
заложниками 0.001 1.398 0.001
украинской 0.003 1.155 0.003
пропаганды 0.001 1.0 0.001
чернобыля 0.001 2.0 0.002
покидать 0.001 1.398 0.001
аэс 0.014 1.398 0.02
контроль 0.001 1.0 0.001
своими 0.003 0.854 0.003
пограничниками 0.001 2.0 0.002
украину 0.001 0.523 0.001
нажмите 0.001 0.066 0.0
военных 0.003 0.699 0.002
радиоактивный 0.001 2.0 0.002
приеме 0.001 1.398 0.001
российский 0.001 0.638 0.001
идет 0.001 0.367 0.0
российских 0.005 0.337 0.002
замены 0.001 1.523 0.002
иностранного 0.003 0.102 0.0
надели 0.001 2.0 0.002
необходимых 0.001 1.398 0.001
чернобыльской 0.003 1.222 0.004
материал 0.001 0.086 0.0
здоровья 0.001 0.959 0.001
хранения 0.001 1.523 0.002
тошноте 0.001 2.0 0.002
сторона 0.001 1.222 0.001
– 0.001 0.06 0.0
жителей 0.001 0.569 0.001
время 0.004 0.102 0.0
заметив 0.001 2.0 0.002
leta 0.003 0.301 0.001
снять 0.001 1.301 0.001
результате 0.003 0.62 0.002
специальное 0.001 1.398 0.001
нами 0.001 0.066 0.0
стала 0.003 0.569 0.002
снимать 0.001 1.523 0.002
хотят 0.001 0.745 0.001
российская 0.001 0.658 0.001
консорциума 0.001 2.0 0.002
надсмотрщиками 0.001 2.0 0.002
стоит 0.001 0.509 0.001
танков 0.001 1.398 0.001
рекламаmeduza 0.001 0.066 0.0
грязной 0.001 1.699 0.002
никто 0.001 0.523 0.001
ядерной 0.003 1.398 0.004
чернобыле 0.003 2.0 0.006
выброшены 0.001 2.0 0.002
вернуться 0.001 0.921 0.001
телесюжете 0.001 2.0 0.002
лицом 0.001 0.102 0.0
родственники 0.001 0.921 0.001
рабочие 0.003 1.301 0.004
заняли 0.001 1.301 0.001
функции 0.003 0.097 0.0
поддержанием 0.001 2.0 0.002
руководство 0.001 1.097 0.001
остыло 0.001 2.0 0.002
рядом 0.001 0.854 0.001
комбинезонах 0.001 2.0 0.002
пишут 0.001 0.77 0.001
возвели 0.001 2.0 0.002
заявили 0.001 1.0 0.001
смены 0.003 1.699 0.005
хватит 0.001 1.398 0.001
другими 0.001 0.495 0.0
представляется 0.001 1.523 0.002
течение 0.001 0.699 0.001
приставили 0.001 2.0 0.002
российскими 0.005 0.854 0.004
перейти 0.001 0.066 0.0
поддержать 0.001 0.066 0.0
украинских 0.001 0.824 0.001
источник 0.001 0.174 0.0
жалуются 0.001 1.0 0.001
вступают 0.001 2.0 0.002
движется 0.001 1.523 0.002
война 0.001 0.469 0.0
кодекс 0.001 0.066 0.0
французского 0.001 1.398 0.001
закипит 0.001 2.0 0.002
усталости 0.001 1.699 0.002
также 0.001 0.237 0.0
энергоблок 0.001 2.0 0.002
долг 0.001 1.699 0.002
руководством 0.003 1.046 0.003
десятилетия 0.001 1.301 0.001
обвинили 0.001 2.0 0.002
давление 0.001 1.0 0.001
располагается 0.001 2.0 0.002
работу 0.005 0.658 0.003
начать 0.001 1.046 0.001
просили 0.001 1.523 0.002
люди 0.004 0.276 0.001
очередь 0.001 0.62 0.001
данное 0.001 0.097 0.0
провокации 0.001 2.0 0.002
славутич 0.003 2.0 0.006
головных 0.001 2.0 0.002
слова 0.001 0.678 0.001
доставляют 0.001 1.523 0.002
зрители 0.001 1.398 0.001
общества 0.001 0.824 0.001
заражения 0.001 0.796 0.001
коридор 0.001 1.097 0.001
остановили 0.001 1.301 0.001
поезде 0.001 1.523 0.002
саркофаге 0.003 2.0 0.006
взятого 0.001 2.0 0.002
специалистами 0.001 2.0 0.002
правила 0.001 0.066 0.0
лучшем 0.001 2.0 0.002
соседнего 0.001 2.0 0.002
бригада 0.001 2.0 0.002
вконтакте 0.001 0.066 0.0
отработанным 0.001 2.0 0.002
стремительно 0.001 1.523 0.002
live 0.001 0.022 0.0
акты 0.001 1.699 0.002
доказательств 0.001 1.155 0.001
зоне 0.003 1.398 0.004
подобрал 0.001 2.0 0.002
логотип 0.001 1.699 0.002
блог 0.001 0.066 0.0
инстаграм 0.001 0.066 0.0
температуры 0.001 1.155 0.001
© 0.001 0.0 0.0
столовая 0.001 2.0 0.002
равно 0.001 0.638 0.001
группа 0.001 0.886 0.001
выделите 0.001 0.066 0.0
государственные 0.001 1.398 0.001
власти 0.001 0.387 0.0
ситуация 0.003 0.569 0.002
обсуждали 0.001 1.398 0.001
могли 0.001 0.699 0.001
железой 0.001 2.0 0.002
недели 0.004 0.42 0.002
meduzacare 0.001 0.066 0.0
съемочная 0.001 2.0 0.002
предприятия 0.004 1.046 0.004
поднимая 0.001 2.0 0.002
аудиосообщение 0.001 2.0 0.002
высокое 0.001 1.523 0.002
государственная 0.001 1.523 0.002
кнопка 0.001 0.066 0.0
одежды 0.001 1.301 0.001
правительство 0.001 0.824 0.001
крупнейшую 0.001 2.0 0.002
радиации 0.001 1.699 0.002
генераторов 0.001 2.0 0.002
вечерняя 0.001 0.066 0.0
срочной 0.001 2.0 0.002
тайно 0.001 2.0 0.002
делали 0.001 1.222 0.001
the 0.003 0.481 0.001
это 0.004 0.066 0.0
другие 0.001 0.268 0.0
психологическая 0.001 1.398 0.001
поддержки 0.001 0.066 0.0
синие 0.001 1.699 0.002
персонала 0.004 2.0 0.008
помощь 0.001 0.097 0.0
непонятно 0.001 0.921 0.001
проводили 0.001 1.0 0.001
российского 0.001 0.62 0.001
авария 0.001 1.699 0.002
кабинете 0.001 2.0 0.002
регулирования 0.001 2.0 0.002
коллег 0.001 1.222 0.001
смена 0.003 1.301 0.004
персоналу 0.001 2.0 0.002
сняли 0.001 1.699 0.002
своим 0.001 0.658 0.001
такая 0.001 0.553 0.001
выдали 0.001 1.523 0.002
сообщило 0.001 1.301 0.001
войны 0.005 0.42 0.002
4-й 0.001 1.699 0.002
места 0.003 0.886 0.003
журналах 0.001 1.523 0.002
берут 0.001 1.046 0.001
беспокоит 0.001 2.0 0.002
вступать 0.001 2.0 0.002
около 0.001 0.432 0.0
станции 0.015 1.155 0.017
двое 0.001 1.222 0.001
новой 0.003 0.585 0.002
участников 0.001 0.824 0.001
хлеб 0.001 1.398 0.001
громкоговорителей 0.001 2.0 0.002
расплавиться 0.001 2.0 0.002
остальные 0.001 0.854 0.001
некоторые 0.001 0.469 0.0
дизельных 0.001 2.0 0.002
дополнительный 0.001 1.523 0.002
android 0.001 0.066 0.0
смену 0.003 1.523 0.005
сообщив 0.001 1.699 0.002
споры 0.001 1.398 0.001
english 0.001 0.06 0.0
грудах 0.001 2.0 0.002
коллеги 0.003 1.0 0.003
состоянием 0.001 1.523 0.002
статью 0.001 1.155 0.001
новости 0.001 0.481 0.0
чернобыльскую 0.001 2.0 0.002
крупнейшей 0.003 1.097 0.003
обстрелов 0.001 1.301 0.001
пересказывает 0.001 1.301 0.001
нужна 0.001 0.092 0.0
марта 0.006 0.319 0.002
вокруг 0.003 0.721 0.002
города 0.003 0.638 0.002
журналисты 0.003 0.886 0.003
людям 0.001 0.678 0.001
передать 0.001 1.301 0.001
перерыва 0.001 1.699 0.002
заявление 0.001 0.886 0.001
выдержку 0.001 2.0 0.002
wall 0.003 1.398 0.004
словно 0.001 1.398 0.001
годы 0.001 0.745 0.001
позвонили 0.001 1.398 0.001
journal 0.003 1.398 0.004
головокружениях 0.001 2.0 0.002
специальной 0.001 1.222 0.001
агентство 0.001 1.155 0.001
поддержало 0.001 2.0 0.002
требования 0.001 0.066 0.0
радиоактивную 0.001 2.0 0.002
связаться 0.001 0.066 0.0
законсервировали 0.001 2.0 0.002
времени 0.001 0.523 0.001
происходит 0.001 0.387 0.0
информации 0.001 0.102 0.0
минобороны 0.001 1.046 0.001
эвакуации 0.003 1.398 0.004
тяжелой 0.001 0.959 0.001
захваченной 0.001 1.699 0.002
чернобыльская 0.003 2.0 0.006
12-часовую 0.001 2.0 0.002
продолжит 0.001 1.398 0.001
поступило 0.001 1.699 0.002
гимн 0.001 1.398 0.001
создать 0.001 1.046 0.001
опасным 0.001 1.301 0.001
издания 0.001 0.959 0.001
пыль 0.001 1.699 0.002
утверждала 0.001 1.699 0.002
ассоциации 0.001 1.523 0.002
созвонился 0.001 2.0 0.002
медузе 0.003 0.066 0.0
самих 0.001 0.921 0.001
технический 0.001 2.0 0.002
facebook 0.001 0.0 0.0
переговоры 0.001 1.301 0.001
медузу 0.003 0.066 0.0
обработки 0.001 0.066 0.0
домой 0.003 0.824 0.002
рацион 0.001 1.699 0.002
друг 0.001 0.699 0.001
маловероятна 0.001 2.0 0.002
стороны 0.003 0.432 0.001
приняли 0.001 1.046 0.001
позвонить 0.001 1.699 0.002
россия 0.003 0.398 0.001
топливом 0.001 2.0 0.002
ночная 0.003 1.699 0.005
массовой 0.001 0.097 0.0
работников 0.003 1.222 0.004
знаем 0.001 0.585 0.001
заложники 0.001 2.0 0.002
электроэнергии 0.001 2.0 0.002
комбинезоны 0.001 2.0 0.002
отчуждения 0.005 2.0 0.01
цитирует 0.001 1.301 0.001
находятся 0.001 0.854 0.001
информация 0.001 0.824 0.001
scanpix 0.003 0.301 0.001
бомбы 0.001 1.398 0.001
местами 0.001 2.0 0.002
слов 0.001 1.301 0.001
спасибоgiphyза 0.001 0.066 0.0
показывать 0.001 0.066 0.0
wsj 0.004 2.0 0.008
пострадал 0.001 1.699 0.002
30-километровую 0.001 2.0 0.002
мировой 0.001 0.886 0.001
twitter 0.001 0.0 0.0
насосы 0.001 2.0 0.002
планировала 0.001 1.523 0.002
скопление 0.001 1.699 0.002
пожалуйста 0.001 0.102 0.0
случай 0.001 0.921 0.001
образуя 0.001 2.0 0.002
платформы 0.003 0.066 0.0
неволе 0.001 2.0 0.002
та 0.001 0.824 0.001
обе 0.003 1.097 0.003
некоторое 0.001 1.222 0.001
близка 0.001 1.301 0.001
валентин 0.001 1.699 0.002
щитовидной 0.001 2.0 0.002
персональные 0.001 0.066 0.0
пост 0.003 0.796 0.002
очень 0.001 0.149 0.0
нервничать 0.001 2.0 0.002
которые 0.001 0.119 0.0
meduza 0.003 0.0 0.0
разговоре 0.001 1.097 0.001
одна 0.001 0.42 0.0
остается 0.001 0.638 0.001
начальнику 0.001 2.0 0.002
колонна 0.001 1.398 0.001
флаг 0.001 1.301 0.001
перестанут 0.001 1.301 0.001
возвращаться 0.001 1.301 0.001
рассказывают 0.001 0.959 0.001
зону 0.003 1.398 0.004
позволяют 0.001 0.886 0.001
электропередачи 0.001 2.0 0.002
счет 0.001 0.824 0.001
атомной 0.003 1.699 0.005
здания 0.001 1.097 0.001
международное 0.001 1.699 0.002
российским 0.001 0.092 0.0
взрыва 0.001 1.301 0.001
украине 0.004 0.444 0.002
яростные 0.001 2.0 0.002
реклама 0.003 0.066 0.0
однако 0.003 0.337 0.001
делать 0.001 0.276 0.0
позволяйте 0.001 2.0 0.002
из-за 0.001 0.229 0.0
начала 0.001 0.398 0.0
местных 0.001 1.097 0.001
ядерного 0.003 1.699 0.005
сообщение 0.003 0.102 0.0
просьбы 0.001 2.0 0.002
заложниках 0.001 1.523 0.002
