низкого 0.0 1.699 0.0
первой 0.0 0.678 0.0
редакции 0.002 0.066 0.0
великобританией 0.0 1.699 0.0
жестокость 0.0 2.0 0.0
объявляет 0.0 1.699 0.0
ждать 0.0 0.745 0.0
баннерам 0.0 0.066 0.0
сама 0.0 0.658 0.0
офицеров 0.001 1.699 0.002
действительно 0.001 0.377 0.0
лишним 0.0 1.699 0.0
кастро 0.0 2.0 0.0
книжке 0.0 2.0 0.0
мировая 0.0 1.523 0.0
работал 0.001 1.046 0.001
полное 0.0 1.301 0.0
столице 0.001 1.097 0.001
друзьями 0.001 1.222 0.001
совершенно 0.0 0.678 0.0
пыталась 0.0 1.097 0.0
режима 0.003 1.0 0.003
оружия 0.0 1.301 0.0
сумасшедшими 0.0 2.0 0.0
штатском 0.0 2.0 0.0
раулю 0.0 2.0 0.0
геноцид 0.001 1.523 0.002
старая 0.0 1.155 0.0
поддержкой 0.0 1.523 0.0
тратят 0.0 1.699 0.0
конца 0.0 0.77 0.0
гитаре 0.0 2.0 0.0
помогать 0.0 0.959 0.0
сходятся 0.0 1.699 0.0
давлением 0.0 1.523 0.0
wikimedia 0.002 2.0 0.004
президентом 0.001 1.301 0.001
торчала 0.0 2.0 0.0
родственников 0.001 1.301 0.001
рубрике 0.0 2.0 0.0
небольшую 0.0 1.523 0.0
риббентропа 0.0 2.0 0.0
объявление 0.0 1.699 0.0
руку 0.0 1.155 0.0
2017-м 0.0 2.0 0.0
зло 0.0 1.398 0.0
диктатуре 0.001 1.523 0.002
наш 0.001 0.699 0.001
падала 0.0 2.0 0.0
страх 0.0 1.046 0.0
издали 0.0 2.0 0.0
сыне 0.0 1.699 0.0
холокоста 0.0 1.699 0.0
разница 0.0 0.886 0.0
дней 0.002 0.337 0.001
государственного 0.0 1.0 0.0
военной 0.001 0.921 0.001
генералы 0.001 2.0 0.002
затем 0.0 0.678 0.0
создал 0.0 2.0 0.0
такими 0.0 1.155 0.0
опасно 0.0 0.921 0.0
трудолюбов 0.001 1.523 0.002
виновных 0.0 2.0 0.0
телевизору 0.0 1.222 0.0
записал 0.0 1.699 0.0
достаточное 0.0 1.523 0.0
исчезновении 0.001 1.523 0.002
изменилась 0.0 1.097 0.0
главарей 0.0 2.0 0.0
своего 0.0 0.721 0.0
подозреваемых 0.0 2.0 0.0
радикалы 0.0 2.0 0.0
безразличие 0.0 1.699 0.0
пропавших 0.002 2.0 0.004
судебных 0.001 2.0 0.002
этих 0.001 0.337 0.0
писал 0.0 1.046 0.0
показывает 0.0 0.854 0.0
оказались 0.0 0.886 0.0
vida 0.001 2.0 0.002
реальностью 0.002 1.699 0.003
поговорили 0.0 1.155 0.0
сидела 0.0 1.699 0.0
останусь 0.0 2.0 0.0
убийствах 0.0 1.699 0.0
истории 0.0 0.337 0.0
падения 0.001 1.301 0.001
рекламу 0.0 2.0 0.0
сотрут 0.0 2.0 0.0
подавать 0.0 1.699 0.0
решила 0.0 1.0 0.0
журналистом 0.0 1.523 0.0
генерал 0.001 1.699 0.002
нашли 0.001 0.066 0.0
связи 0.001 0.0 0.0
медуза 0.002 0.066 0.0
нам 0.002 0.086 0.0
панику 0.0 1.699 0.0
освещали 0.0 1.699 0.0
хотели 0.0 1.097 0.0
наших 0.0 0.658 0.0
склонных 0.0 2.0 0.0
малочисленны 0.0 2.0 0.0
куба 0.0 1.699 0.0
нюрнберг 0.001 2.0 0.002
объявила 0.0 1.222 0.0
материалам 0.0 0.066 0.0
срочно 0.0 0.167 0.0
правах 0.0 1.523 0.0
биньоне 0.0 2.0 0.0
редактору 0.0 2.0 0.0
убивать 0.002 1.097 0.002
рассказала 0.0 1.222 0.0
жестокости 0.0 2.0 0.0
твое 0.0 2.0 0.0
предотвратить 0.001 1.0 0.001
создали 0.0 1.398 0.0
образа 0.0 2.0 0.0
commons 0.002 1.0 0.002
своих 0.0 0.398 0.0
обсуждают 0.0 1.699 0.0
народу 0.0 2.0 0.0
вице-президенту 0.0 2.0 0.0
газета 0.0 1.301 0.0
следили 0.0 2.0 0.0
мая 0.001 1.155 0.001
ctrl+enter 0.0 0.066 0.0
вероятно 0.0 0.699 0.0
пользовались 0.0 1.699 0.0
отставку 0.0 1.523 0.0
совершила 0.0 2.0 0.0
захватила 0.0 1.699 0.0
случилось 0.001 0.658 0.001
диктор 0.0 2.0 0.0
появлялось 0.0 1.699 0.0
южной 0.0 1.222 0.0
узнает 0.0 1.301 0.0
безумие 0.0 1.523 0.0
вторжение 0.001 1.097 0.001
июня 0.001 0.854 0.001
угодно 0.001 1.301 0.001
сами 0.001 0.538 0.001
опасность 0.0 1.046 0.0
говорил 0.004 0.959 0.004
соседей 0.0 1.699 0.0
розовый 0.0 2.0 0.0
позволяет 0.0 0.854 0.0
мятежа 0.0 2.0 0.0
повторяться 0.0 2.0 0.0
ефимов 0.0 2.0 0.0
аргентинских 0.002 2.0 0.004
украину 0.001 0.523 0.001
нажмите 0.0 0.066 0.0
финальная 0.001 1.699 0.002
18–19 0.0 2.0 0.0
порядке 0.0 1.046 0.0
ушел 0.0 1.155 0.0
других 0.0 0.26 0.0
числе 0.0 0.31 0.0
иностранного 0.001 0.102 0.0
генералов 0.001 2.0 0.002
человек 0.003 0.215 0.001
водителей 0.0 1.699 0.0
desaparecidos 0.0 2.0 0.0
придумал 0.0 1.097 0.0
улицах 0.0 1.301 0.0
обмундирования 0.0 2.0 0.0
– 0.0 0.06 0.0
знакомых 0.0 1.222 0.0
нами 0.0 0.066 0.0
стала 0.0 0.569 0.0
коммунизму 0.0 2.0 0.0
издании 0.0 1.699 0.0
грязной 0.0 1.699 0.0
лицом 0.0 0.102 0.0
родственники 0.0 0.921 0.0
функции 0.001 0.097 0.0
пригласил 0.0 2.0 0.0
library 0.001 2.0 0.002
лишились 0.0 1.398 0.0
смерти 0.001 0.921 0.001
борьбе 0.0 0.796 0.0
добились 0.0 2.0 0.0
хуана 0.0 2.0 0.0
убийствами 0.0 2.0 0.0
ощущали 0.0 2.0 0.0
радикалов 0.0 2.0 0.0
дети 0.0 0.721 0.0
широкими 0.0 1.699 0.0
„ 0.009 0.62 0.006
единственной 0.0 1.097 0.0
очередная 0.0 1.398 0.0
уволить 0.0 1.699 0.0
перейти 0.0 0.066 0.0
поддержать 0.0 0.066 0.0
матерям 0.0 2.0 0.0
президента 0.001 0.745 0.001
какие-то 0.0 0.538 0.0
duke 0.001 2.0 0.002
параграф 0.001 2.0 0.002
понимали 0.0 1.155 0.0
качестве 0.0 0.678 0.0
утверждали 0.0 1.523 0.0
объединились 0.0 1.699 0.0
судом 0.0 2.0 0.0
начать 0.0 1.046 0.0
исабель 0.001 2.0 0.002
обществе 0.001 1.398 0.001
аргентинцы 0.001 1.699 0.002
данное 0.0 0.097 0.0
ожидали 0.001 1.222 0.001
непобедимыми 0.0 1.699 0.0
какой-то 0.001 0.538 0.001
подготовиться 0.0 1.155 0.0
геббельса 0.0 2.0 0.0
галтьери 0.0 2.0 0.0
мундир 0.0 2.0 0.0
live 0.0 0.022 0.0
решили 0.0 0.658 0.0
блог 0.0 0.066 0.0
дежурный 0.0 2.0 0.0
брошюры 0.0 2.0 0.0
условиях 0.0 0.569 0.0
выброшенного 0.0 2.0 0.0
хотел 0.0 1.0 0.0
meduzacare 0.0 0.066 0.0
члены 0.0 1.155 0.0
wind 0.0 2.0 0.0
безумный 0.0 2.0 0.0
начинают 0.0 0.886 0.0
кнопка 0.0 0.066 0.0
10–15 0.0 1.699 0.0
симпатиях 0.0 2.0 0.0
salud 0.0 2.0 0.0
план 0.0 1.301 0.0
дождался 0.0 1.523 0.0
the 0.0 0.481 0.0
возникла 0.0 1.523 0.0
представляют 0.0 1.398 0.0
смогут 0.001 0.745 0.001
редактор 0.001 1.0 0.001
жене 0.0 1.523 0.0
темой 0.0 1.699 0.0
магазинах 0.0 1.523 0.0
реальной 0.0 1.046 0.0
led 0.0 1.523 0.0
тему 0.0 0.959 0.0
самим 0.0 1.0 0.0
поможете 0.0 2.0 0.0
приехал 0.0 1.523 0.0
осуждены 0.0 2.0 0.0
24/7 0.0 0.102 0.0
брал 0.002 2.0 0.004
путина 0.001 0.721 0.001
нато 0.0 0.959 0.0
религиозная 0.0 2.0 0.0
передать 0.0 1.301 0.0
народе 0.0 2.0 0.0
заявление 0.0 0.886 0.0
судили 0.0 1.699 0.0
оказалось 0.0 0.824 0.0
university 0.001 1.301 0.001
семье 0.001 1.301 0.001
словно 0.0 1.398 0.0
убить 0.001 1.699 0.002
доведу 0.0 2.0 0.0
каждым 0.0 0.854 0.0
требования 0.0 0.066 0.0
связаться 0.0 0.066 0.0
подругой 0.0 1.523 0.0
хунта 0.001 2.0 0.002
информации 0.0 0.102 0.0
решительной 0.0 2.0 0.0
превратится 0.0 1.699 0.0
вечеринок 0.0 1.699 0.0
тех 0.003 0.26 0.001
альфонсином 0.0 2.0 0.0
el 0.0 2.0 0.0
главным 0.0 1.155 0.0
почему 0.001 0.337 0.0
стенд 0.0 2.0 0.0
хозяину 0.0 2.0 0.0
отменили 0.0 1.523 0.0
группировок 0.0 1.699 0.0
вечер 0.0 2.0 0.0
правления 0.001 2.0 0.002
военным 0.001 1.301 0.001
этим 0.001 0.337 0.0
домой 0.001 0.824 0.001
коробке 0.0 2.0 0.0
возле 0.0 1.097 0.0
джентльменское 0.0 2.0 0.0
занять 0.0 1.699 0.0
небольшим 0.001 1.523 0.002
шагом 0.0 1.523 0.0
такие 0.001 0.444 0.0
40–50 0.0 1.523 0.0
спасибоgiphyза 0.0 0.066 0.0
раньше 0.0 0.432 0.0
пожалуйста 0.001 0.102 0.0
экономическая 0.0 2.0 0.0
аргентине 0.007 1.097 0.008
можем 0.001 0.62 0.001
пропавшие 0.0 2.0 0.0
связаны 0.0 0.959 0.0
именно 0.0 0.244 0.0
первая 0.0 0.77 0.0
реализуют 0.0 2.0 0.0
очень 0.003 0.149 0.0
генерала 0.0 2.0 0.0
оппозиционные 0.0 2.0 0.0
одна 0.001 0.42 0.0
нацизма 0.0 1.222 0.0
ricardo 0.0 2.0 0.0
мирты 0.0 2.0 0.0
идут 0.0 0.699 0.0
год 0.0 0.409 0.0
моим 0.0 1.523 0.0
общество 0.0 0.886 0.0
попал 0.0 1.155 0.0
российским 0.0 0.092 0.0
одной 0.001 0.398 0.0
написал 0.0 1.0 0.0
аргентинская 0.0 2.0 0.0
тому 0.0 0.509 0.0
виделы 0.0 2.0 0.0
левина 0.0 2.0 0.0
контакт 0.0 1.523 0.0
интересах 0.0 0.167 0.0
тоталитаризм 0.0 1.398 0.0
роберт 0.002 2.0 0.004
недель 0.0 0.77 0.0
провода 0.0 1.699 0.0
любим 0.0 2.0 0.0
леди 0.0 2.0 0.0
государству 0.0 1.222 0.0
70-х 0.0 2.0 0.0
демократии 0.0 1.398 0.0
редкие 0.0 1.301 0.0
параноик 0.0 2.0 0.0
американская 0.0 1.046 0.0
установили 0.0 0.959 0.0
дружил 0.0 1.699 0.0
знали 0.001 1.301 0.001
диктаторские 0.0 2.0 0.0
восстали 0.0 1.699 0.0
in 0.001 0.0 0.0
бывших 0.0 1.523 0.0
ценностей 0.0 1.523 0.0
опубликовали 0.001 1.222 0.001
стенах 0.0 2.0 0.0
офицера 0.0 2.0 0.0
таких 0.001 0.347 0.0
приезжих 0.0 1.699 0.0
подскочил 0.0 2.0 0.0
аресты 0.0 1.523 0.0
переворотом 0.0 2.0 0.0
разваливается 0.0 2.0 0.0
книг 0.0 1.222 0.0
просто 0.004 0.194 0.001
де 0.0 1.699 0.0
бывшего 0.0 1.301 0.0
евреев 0.0 1.699 0.0
починить 0.0 2.0 0.0
звонил 0.0 1.523 0.0
машина 0.0 1.046 0.0
сконструировать 0.0 2.0 0.0
проиграна 0.0 2.0 0.0
ребят 0.0 1.523 0.0
преступления 0.001 1.301 0.001
рейхсканцелярии 0.0 2.0 0.0
книгу 0.001 1.398 0.001
отвечали 0.0 1.398 0.0
читали 0.0 1.699 0.0
кажется 0.001 0.469 0.0
которую 0.001 0.469 0.0
тобой 0.0 1.301 0.0
надписью 0.0 1.398 0.0
жили 0.0 1.222 0.0
проиграть 0.001 1.699 0.002
крыше 0.0 1.523 0.0
внучки 0.0 1.699 0.0
письма 0.0 1.301 0.0
телефонной 0.0 2.0 0.0
сына 0.002 1.301 0.003
матери 0.002 1.097 0.002
рассказывал 0.0 1.222 0.0
психопатами 0.0 2.0 0.0
призывники 0.0 2.0 0.0
здоровье 0.0 1.155 0.0
американцы 0.001 1.523 0.002
американцам 0.0 2.0 0.0
сторону 0.0 0.796 0.0
пришла 0.001 1.155 0.001
распространено 0.0 0.102 0.0
другом 0.0 0.721 0.0
дворе 0.0 1.699 0.0
ios 0.0 0.066 0.0
папу 0.0 1.523 0.0
сеяли 0.0 2.0 0.0
иди 0.0 1.523 0.0
несколько 0.002 0.201 0.0
прямо 0.001 0.357 0.0
захватили 0.0 1.699 0.0
прятали 0.0 2.0 0.0
расследования 0.0 1.155 0.0
бдительны 0.0 2.0 0.0
активизировались 0.0 2.0 0.0
основном 0.001 0.553 0.001
знакомы 0.0 1.523 0.0
выходным 0.0 2.0 0.0
перешло 0.0 1.699 0.0
задерживают 0.0 2.0 0.0
пока 0.004 0.208 0.001
самому 0.001 1.097 0.001
предлагали 0.0 1.398 0.0
монтонеро 0.0 2.0 0.0
политический 0.0 1.398 0.0
сих 0.0 0.481 0.0
спустя 0.001 0.886 0.001
хорхе 0.001 2.0 0.002
кремля 0.0 1.222 0.0
подписывали 0.0 2.0 0.0
явно 0.0 0.959 0.0
недолго 0.001 2.0 0.002
washington 0.0 1.301 0.0
правительства 0.0 0.921 0.0
политики 0.0 0.854 0.0
че 0.0 2.0 0.0
квартал 0.0 1.523 0.0
одного 0.001 0.432 0.0
единственное 0.0 1.301 0.0
возвращаясь 0.0 2.0 0.0
благодаря 0.0 0.77 0.0
юридическим 0.0 0.102 0.0
акции 0.001 0.921 0.001
военные 0.005 0.796 0.004
газетах 0.0 2.0 0.0
увидел 0.0 1.222 0.0
концлагерь 0.0 1.699 0.0
напугана 0.0 2.0 0.0
революционным 0.0 2.0 0.0
жену 0.0 1.523 0.0
стали 0.003 0.42 0.001
принимает 0.0 1.046 0.0
заключили 0.0 1.699 0.0
якобы 0.0 0.854 0.0
уделяли 0.0 2.0 0.0
нужно 0.001 0.237 0.0
первым 0.0 0.854 0.0
как-то 0.0 0.699 0.0
буэнос-айреса 0.0 2.0 0.0
преступлений 0.0 1.523 0.0
безопасно 0.0 0.066 0.0
однажды 0.0 1.301 0.0
песни 0.0 1.222 0.0
распада 0.0 2.0 0.0
спросил 0.0 2.0 0.0
предстали 0.0 2.0 0.0
youtube 0.0 0.06 0.0
видел 0.0 1.301 0.0
согласен 0.0 1.398 0.0
создано 0.0 0.097 0.0
терроре 0.0 2.0 0.0
оказался 0.001 0.886 0.001
мои 0.0 0.854 0.0
средством 0.0 0.102 0.0
внешние 0.0 1.398 0.0
внутри 0.0 0.745 0.0
происходящее 0.001 1.0 0.001
готов 0.0 0.921 0.0
информаторов 0.0 2.0 0.0
говорят 0.001 0.432 0.0
носил 0.0 1.699 0.0
похитили 0.002 1.699 0.003
пытались 0.001 1.046 0.001
элиту 0.0 1.523 0.0
исчезнувших 0.001 2.0 0.002
представители 0.0 1.097 0.0
своей 0.001 0.42 0.0
играл 0.0 2.0 0.0
поговорить 0.0 1.222 0.0
проиграли 0.0 2.0 0.0
srl 0.0 2.0 0.0
угрозой 0.0 1.301 0.0
мире 0.001 0.553 0.001
опубликую 0.0 2.0 0.0
называлась 0.0 2.0 0.0
своими 0.001 0.854 0.001
признают 0.0 1.301 0.0
соглашались 0.0 1.699 0.0
ставшая 0.0 2.0 0.0
спасли 0.0 1.523 0.0
кожаные 0.0 2.0 0.0
мной 0.001 1.155 0.001
режим 0.003 0.921 0.003
дом 0.0 0.824 0.0
помощников 0.0 1.523 0.0
жителей 0.0 0.569 0.0
время 0.002 0.102 0.0
раулем 0.0 2.0 0.0
порой 0.0 1.398 0.0
страшного 0.0 1.699 0.0
стоит 0.0 0.509 0.0
государство 0.0 0.854 0.0
конце 0.0 0.745 0.0
рекламаmeduza 0.0 0.066 0.0
генералам 0.0 2.0 0.0
войне 0.001 0.62 0.001
высокопоставленных 0.0 2.0 0.0
террора 0.0 1.699 0.0
выпускать 0.0 1.097 0.0
именами 0.0 2.0 0.0
getty 0.001 0.886 0.001
журналист 0.001 1.0 0.001
постоянно 0.0 0.62 0.0
повторяли 0.0 2.0 0.0
среди 0.0 0.42 0.0
прежде 0.001 0.62 0.001
похищал 0.0 2.0 0.0
быстро 0.0 0.495 0.0
соглашение 0.0 1.222 0.0
назад 0.002 0.18 0.0
мог 0.0 0.824 0.0
представляли 0.0 1.699 0.0
keystone 0.001 2.0 0.002
война 0.001 0.469 0.0
кодекс 0.0 0.066 0.0
стеной 0.0 1.523 0.0
herald 0.006 2.0 0.012
психопатов 0.001 1.699 0.002
хунты 0.002 2.0 0.004
секретные 0.0 2.0 0.0
похищений 0.0 2.0 0.0
ирландии 0.0 2.0 0.0
пятеро 0.0 1.523 0.0
модель 0.0 1.398 0.0
освещать 0.0 1.699 0.0
решил 0.0 0.959 0.0
левые 0.001 2.0 0.002
семья 0.0 1.398 0.0
врага 0.0 1.523 0.0
думали 0.0 1.155 0.0
остановили 0.0 1.301 0.0
пор 0.002 0.387 0.001
приказали 0.0 2.0 0.0
рейнальдо 0.0 2.0 0.0
поговорила 0.0 0.886 0.0
положат 0.0 2.0 0.0
griffiths 0.001 2.0 0.002
аргентинцем 0.0 2.0 0.0
вконтакте 0.0 0.066 0.0
живет 0.0 0.854 0.0
bna 0.0 2.0 0.0
государственный 0.0 1.097 0.0
скрывались 0.0 1.699 0.0
жалко 0.0 1.523 0.0
далеко 0.0 0.745 0.0
привлекают 0.0 2.0 0.0
групп 0.0 0.77 0.0
группа 0.0 0.886 0.0
выделите 0.0 0.066 0.0
власти 0.001 0.387 0.0
жертвами 0.0 1.523 0.0
смеялись 0.0 2.0 0.0
могли 0.002 0.699 0.001
спасут 0.0 2.0 0.0
недели 0.0 0.42 0.0
буэнос-айресу 0.0 2.0 0.0
забрали 0.001 1.301 0.001
похитить 0.001 2.0 0.002
против 0.002 0.229 0.0
великобритании 0.001 0.745 0.001
напечатали 0.0 2.0 0.0
насилию 0.001 1.699 0.002
занималось 0.0 2.0 0.0
государственных 0.0 1.0 0.0
проспектами 0.0 2.0 0.0
вечерняя 0.0 0.066 0.0
свержения 0.0 2.0 0.0
готовы 0.0 0.678 0.0
портретами 0.0 2.0 0.0
поддержки 0.001 0.066 0.0
плохого 0.0 1.699 0.0
маленькое 0.0 1.699 0.0
историю 0.001 0.721 0.001
нелиды 0.0 2.0 0.0
двумя 0.0 0.678 0.0
нашего 0.0 1.0 0.0
falcon 0.002 1.699 0.003
процессах 0.001 1.699 0.002
montoneros 0.0 2.0 0.0
называют 0.0 0.699 0.0
тираж 0.0 1.699 0.0
стал 0.001 0.658 0.001
проводили 0.0 1.0 0.0
первые 0.001 0.585 0.001
островах 0.0 2.0 0.0
кольцо 0.0 1.398 0.0
спасти 0.0 1.155 0.0
культурная 0.0 1.523 0.0
итоге 0.0 0.62 0.0
большинство 0.0 0.796 0.0
берут 0.0 1.046 0.0
понимаем 0.0 1.222 0.0
осталось 0.0 1.0 0.0
признает 0.0 1.398 0.0
имен 0.0 1.699 0.0
остальные 0.0 0.854 0.0
android 0.0 0.066 0.0
отказала 0.0 2.0 0.0
нужна 0.001 0.092 0.0
марта 0.002 0.319 0.001
участвовал 0.0 1.523 0.0
вокруг 0.0 0.721 0.0
надоело 0.0 2.0 0.0
воображаемым 0.0 2.0 0.0
посту 0.0 1.699 0.0
журналистов 0.0 1.046 0.0
дома 0.001 0.638 0.001
британцы 0.002 2.0 0.004
убивали 0.0 1.398 0.0
держа 0.0 2.0 0.0
случалось 0.0 2.0 0.0
получали 0.001 1.222 0.001
силы 0.0 0.796 0.0
амнистии 0.0 2.0 0.0
опыте 0.0 1.699 0.0
меняется 0.0 1.523 0.0
пожилые 0.0 1.699 0.0
уволили 0.0 1.699 0.0
процессе 0.0 1.046 0.0
уверен 0.0 0.959 0.0
медузе 0.001 0.066 0.0
точно 0.0 0.481 0.0
сказали 0.001 0.959 0.001
первый 0.0 0.481 0.0
оправдывает 0.0 2.0 0.0
медузу 0.001 0.066 0.0
родители 0.0 1.097 0.0
обработки 0.0 0.066 0.0
атлантике 0.0 2.0 0.0
стороны 0.001 0.432 0.0
вырезки 0.0 2.0 0.0
изнасиловать 0.0 2.0 0.0
массовой 0.0 0.097 0.0
службы 0.0 0.959 0.0
каждый 0.001 0.509 0.001
земли 0.0 0.959 0.0
находятся 0.0 0.854 0.0
нацисты 0.001 1.523 0.002
церкви 0.0 1.398 0.0
улице 0.001 0.886 0.001
концлагеря 0.0 1.699 0.0
скатывания 0.0 2.0 0.0
аналог 0.0 1.699 0.0
заключенных 0.0 1.398 0.0
собственной 0.001 1.222 0.001
борьбой 0.0 2.0 0.0
многих 0.0 0.658 0.0
имя 0.001 1.046 0.001
волосы 0.001 2.0 0.002
леваков 0.0 2.0 0.0
герой 0.0 1.699 0.0
европейцы 0.001 2.0 0.002
урожай 0.0 2.0 0.0
сопротивления 0.0 1.699 0.0
кем 0.0 1.222 0.0
разовые 0.0 2.0 0.0
гитлером 0.0 1.222 0.0
военное 0.0 1.523 0.0
держат 0.0 1.523 0.0
теми 0.0 0.886 0.0
реклама 0.001 0.066 0.0
делать 0.0 0.276 0.0
сша 0.001 0.469 0.0
становятся 0.0 1.155 0.0
казались 0.0 1.699 0.0
плохо 0.0 0.569 0.0
арамбуру 0.0 2.0 0.0
список 0.0 0.658 0.0
живы 0.0 1.398 0.0
следующий 0.0 0.796 0.0
действующей 0.0 2.0 0.0
россии 0.002 0.119 0.0
похищать 0.0 2.0 0.0
полноценный 0.0 2.0 0.0
президент 0.0 0.854 0.0
агента 0.001 0.097 0.0
эмпатии 0.0 1.699 0.0
вынуждены 0.0 1.097 0.0
нормальным 0.0 1.699 0.0
тысячи 0.0 0.721 0.0
жажду 0.0 2.0 0.0
атеизмом 0.0 2.0 0.0
другую 0.0 0.959 0.0
демократически 0.0 2.0 0.0
меняли 0.0 1.699 0.0
hasson 0.0 2.0 0.0
наша 0.0 0.77 0.0
ранга 0.0 2.0 0.0
ответил 0.001 1.046 0.001
свидетелем 0.001 1.699 0.002
политиками 0.0 1.699 0.0
карта 0.0 1.155 0.0
пала 0.0 2.0 0.0
убийц 0.0 2.0 0.0
рафаэля 0.0 1.699 0.0
мир 0.0 0.553 0.0
отыскивали 0.0 2.0 0.0
переворота 0.001 2.0 0.002
насквозь 0.0 2.0 0.0
редактора 0.0 1.523 0.0
выборы 0.0 1.398 0.0
читателейнам 0.0 0.174 0.0
страны 0.001 0.444 0.0
наилучшей 0.0 2.0 0.0
процессов 0.0 1.523 0.0
кожаная 0.0 2.0 0.0
удалось 0.0 0.523 0.0
отцу 0.0 2.0 0.0
встретил 0.001 1.523 0.002
перестанем 0.001 2.0 0.002
стотысячных 0.001 1.523 0.002
устраивают 0.0 1.699 0.0
порядку 0.0 0.066 0.0
избранным 0.0 2.0 0.0
удавалось 0.0 1.155 0.0
рухнул 0.001 1.523 0.002
склонность 0.0 2.0 0.0
грязную 0.0 2.0 0.0
вынудили 0.0 2.0 0.0
третья 0.0 1.301 0.0
вами 0.0 1.0 0.0
заметку 0.0 2.0 0.0
ночью 0.001 1.301 0.001
сидеть 0.0 1.097 0.0
военный 0.001 1.097 0.001
зерновых 0.0 2.0 0.0
мальвинами 0.0 2.0 0.0
приходили 0.002 1.699 0.003
впоследствии 0.0 1.301 0.0
мое 0.0 1.398 0.0
страницы 0.0 1.301 0.0
просчет 0.0 2.0 0.0
сколько 0.001 0.585 0.001
рок 0.0 1.699 0.0
офицер 0.0 1.699 0.0
придумала 0.0 1.699 0.0
похищениях 0.001 2.0 0.002
прослушку 0.0 2.0 0.0
группировки 0.0 1.699 0.0
расскажут 0.0 1.523 0.0
вступили 0.0 1.523 0.0
сидят 0.0 1.301 0.0
террор 0.001 1.699 0.002
кокс 0.001 2.0 0.002
молча 0.0 1.699 0.0
деньги 0.0 0.77 0.0
чиновник 0.0 2.0 0.0
могут 0.001 0.187 0.0
посылают 0.0 2.0 0.0
день 0.001 0.328 0.0
лица 0.0 0.824 0.0
доказательства 0.0 1.155 0.0
солдаты 0.001 1.222 0.001
довольно 0.0 0.523 0.0
тяжестью 0.0 1.699 0.0
aires 0.001 2.0 0.002
привозил 0.0 2.0 0.0
одном 0.0 0.699 0.0
молодежной 0.001 1.699 0.002
работать 0.001 0.409 0.0
аргентинец 0.0 2.0 0.0
post 0.0 1.046 0.0
выяснять 0.0 2.0 0.0
пошел 0.0 1.097 0.0
шаг 0.0 1.046 0.0
ухода 0.0 1.523 0.0
первую 0.0 0.638 0.0
объясняет 0.001 0.658 0.001
реакции 0.0 0.854 0.0
слишком 0.0 0.553 0.0
шли 0.0 1.222 0.0
полгода 0.0 0.886 0.0
столько 0.0 0.921 0.0
должной 0.0 1.699 0.0
экономика 0.001 1.398 0.001
количество 0.0 0.62 0.0
период 0.001 0.796 0.001
продержаться 0.0 1.699 0.0
помимо 0.0 0.796 0.0
пытками 0.0 2.0 0.0
необходимого 0.0 1.523 0.0
стало 0.0 0.481 0.0
редакция 0.0 1.046 0.0
изабель 0.0 2.0 0.0
images 0.001 0.796 0.001
тишина 0.001 1.699 0.002
alamy 0.0 2.0 0.0
отъезда 0.0 1.699 0.0
перона 0.0 2.0 0.0
символ 0.001 1.222 0.001
чувство 0.0 1.301 0.0
вырваться 0.0 2.0 0.0
семь 0.0 0.796 0.0
вести 0.0 0.824 0.0
переворот 0.0 1.301 0.0
терроризма 0.0 2.0 0.0
иностранным 0.0 0.097 0.0
западным 0.0 1.523 0.0
повезло 0.0 0.921 0.0
например 0.0 0.229 0.0
заметки 0.001 1.523 0.002
военного 0.0 1.097 0.0
военную 0.0 1.046 0.0
что-то 0.002 0.569 0.001
нацистов 0.001 1.301 0.001
встречал 0.0 1.699 0.0
февраля 0.0 0.387 0.0
порог 0.0 1.523 0.0
пару 0.001 0.77 0.001
переезда 0.0 1.699 0.0
христианства 0.0 2.0 0.0
моих 0.0 1.301 0.0
всей 0.0 0.699 0.0
60-х 0.0 1.699 0.0
куртки 0.0 1.523 0.0
получили 0.0 0.745 0.0
столом 0.001 1.398 0.001
промерзших 0.0 2.0 0.0
машину 0.0 1.398 0.0
поддержите 0.0 0.102 0.0
красиво 0.0 1.699 0.0
кубе 0.0 1.699 0.0
суд 0.0 1.301 0.0
думаю 0.0 0.721 0.0
использовали 0.0 1.046 0.0
испании 0.0 1.699 0.0
августа 0.0 1.222 0.0
устраивает 0.0 1.046 0.0
году 0.002 0.367 0.001
властное 0.0 2.0 0.0
лет 0.004 0.252 0.001
похищали 0.0 2.0 0.0
пугались 0.0 2.0 0.0
любую 0.0 1.398 0.0
зеленый 0.0 1.398 0.0
западную 0.0 1.398 0.0
опыту 0.0 1.699 0.0
диктатуру 0.0 1.699 0.0
собственных 0.0 1.155 0.0
данные 0.0 0.066 0.0
ford 0.002 2.0 0.004
изучал 0.0 2.0 0.0
june 0.0 2.0 0.0
потерявшие 0.0 2.0 0.0
blowin 0.0 2.0 0.0
защищенными 0.0 2.0 0.0
сумка 0.0 1.523 0.0
дипломатической 0.0 2.0 0.0
боевиков 0.0 2.0 0.0
наши 0.0 0.721 0.0
культуре 0.0 1.398 0.0
марше 0.0 1.699 0.0
джентльмены 0.001 2.0 0.002
концов 0.0 1.301 0.0
составлял 0.0 1.699 0.0
покупали 0.0 1.301 0.0
помогал 0.0 1.398 0.0
требованием 0.0 1.398 0.0
битва 0.001 1.523 0.002
газеты 0.001 1.398 0.001
кампании 0.0 0.854 0.0
леопольдо 0.0 2.0 0.0
читатели 0.0 1.046 0.0
экономических 0.0 1.097 0.0
хотят 0.0 0.745 0.0
обелиск 0.0 2.0 0.0
прихожу 0.0 2.0 0.0
новые 0.0 0.602 0.0
немецких 0.0 1.222 0.0
устраивать 0.0 1.699 0.0
живо 0.0 2.0 0.0
молодых 0.0 1.222 0.0
никто 0.002 0.523 0.001
говорить 0.0 0.602 0.0
диктатура 0.0 1.523 0.0
наступает 0.0 1.301 0.0
аренду 0.0 2.0 0.0
уехать 0.001 1.0 0.001
тысяч 0.001 0.337 0.0
одинаковыми 0.0 1.523 0.0
высокий 0.0 1.046 0.0
языке 0.0 1.222 0.0
называемую 0.0 2.0 0.0
угрозу 0.0 1.398 0.0
президенту 0.0 1.222 0.0
добр 0.0 2.0 0.0
возвращения 0.0 1.699 0.0
власть 0.003 0.959 0.003
federal 0.0 1.046 0.0
властью 0.0 1.523 0.0
сорок 0.0 1.699 0.0
источник 0.0 0.174 0.0
уки 0.001 1.699 0.002
перон 0.002 2.0 0.004
западного 0.0 1.699 0.0
клаксонами 0.0 2.0 0.0
солдатам 0.0 1.699 0.0
“ 0.009 0.432 0.004
хочу 0.001 0.137 0.0
педро 0.0 2.0 0.0
присяга 0.0 2.0 0.0
mercado 0.0 2.0 0.0
приходится 0.0 0.886 0.0
стоял 0.0 1.699 0.0
фолклендских 0.001 2.0 0.002
вращалось 0.0 2.0 0.0
дела 0.0 1.0 0.0
работу 0.0 0.658 0.0
фильм 0.0 1.699 0.0
вырос 0.001 1.155 0.001
апреля 0.0 1.097 0.0
отправляли 0.0 1.523 0.0
правила 0.0 0.066 0.0
конец 0.001 1.155 0.001
вооруженных 0.0 1.523 0.0
шокировало 0.0 2.0 0.0
приход 0.001 1.523 0.002
ceppi 0.0 2.0 0.0
сказать 0.0 0.495 0.0
рассказать 0.0 0.959 0.0
двадцать 0.001 0.959 0.001
редакцию 0.001 1.301 0.001
британец 0.0 2.0 0.0
© 0.0 0.0 0.0
равно 0.0 0.638 0.0
граждан 0.0 0.638 0.0
следственную 0.0 2.0 0.0
женщин 0.0 1.155 0.0
кокса 0.001 2.0 0.002
полицейские 0.0 1.222 0.0
помню 0.002 1.155 0.002
es 0.0 2.0 0.0
мужчинами 0.0 2.0 0.0
сил 0.0 1.046 0.0
телефонов 0.0 1.699 0.0
press 0.001 0.824 0.001
победили 0.001 2.0 0.002
номеров 0.0 2.0 0.0
помощь 0.0 0.097 0.0
женщина 0.002 1.222 0.002
наступил 0.0 2.0 0.0
привилегированных 0.0 2.0 0.0
встречались 0.0 1.398 0.0
приходить 0.0 1.699 0.0
независимая 0.0 2.0 0.0
национальной 0.0 1.155 0.0
страну 0.001 0.796 0.001
войны 0.002 0.42 0.001
больнице 0.001 0.886 0.001
снизить 0.0 1.301 0.0
скромной 0.0 2.0 0.0
около 0.001 0.432 0.0
записан 0.0 2.0 0.0
историями 0.0 2.0 0.0
минировании 0.0 2.0 0.0
переизбрание 0.0 2.0 0.0
трудностей 0.0 1.523 0.0
самое 0.0 0.638 0.0
культурой 0.0 1.398 0.0
брошюр 0.0 2.0 0.0
большая 0.0 0.77 0.0
аргентинского 0.001 1.699 0.002
пришлют 0.0 2.0 0.0
шанс 0.0 1.0 0.0
отправили 0.0 1.155 0.0
политика 0.001 1.0 0.001
твоего 0.0 1.699 0.0
позвонил 0.0 1.301 0.0
выглядеть 0.0 1.398 0.0
гоньи 0.001 1.699 0.002
те 0.002 0.357 0.001
скажете 0.0 2.0 0.0
звонки 0.0 1.398 0.0
происходит 0.001 0.387 0.0
молчания 0.0 1.523 0.0
закон 0.001 1.0 0.001
устроился 0.0 2.0 0.0
расследованию 0.0 2.0 0.0
совершали 0.0 2.0 0.0
неугодных 0.0 2.0 0.0
призывом 0.0 1.222 0.0
женщины 0.0 1.046 0.0
единственные 0.0 2.0 0.0
надпись 0.0 1.699 0.0
взрывали 0.0 2.0 0.0
ними 0.001 0.585 0.001
моему 0.0 1.222 0.0
бегстве 0.0 2.0 0.0
ущерб 0.0 1.699 0.0
убийцей 0.0 2.0 0.0
образ 0.0 1.222 0.0
радикальные 0.0 2.0 0.0
концлагерей 0.0 1.699 0.0
произошла 0.0 1.523 0.0
тайне 0.0 2.0 0.0
живут 0.0 0.886 0.0
переходила 0.0 2.0 0.0
кто-то 0.0 0.602 0.0
гражданский 0.0 1.523 0.0
сменил 0.0 2.0 0.0
buenos 0.001 2.0 0.002
показывать 0.0 0.066 0.0
telam 0.0 2.0 0.0
захватим 0.0 2.0 0.0
аудитория 0.001 1.523 0.002
осудить 0.001 2.0 0.002
потеряли 0.001 1.301 0.001
посольстве 0.001 2.0 0.002
знал 0.001 1.523 0.002
twitter 0.0 0.0 0.0
внутреннего 0.0 2.0 0.0
традиционных 0.0 1.523 0.0
взрывается 0.0 2.0 0.0
означает 0.0 0.62 0.0
платформы 0.001 0.066 0.0
куски 0.0 1.523 0.0
контролем 0.0 1.398 0.0
работали 0.001 1.046 0.001
устраивала 0.0 1.699 0.0
понять 0.0 0.721 0.0
франко 0.0 2.0 0.0
членами 0.001 1.523 0.002
photographic 0.0 2.0 0.0
выборов 0.0 1.523 0.0
которые 0.005 0.119 0.001
пойдем 0.0 1.699 0.0
meduza 0.001 0.0 0.0
говорю 0.0 0.959 0.0
подготовки 0.0 1.222 0.0
пленку 0.0 2.0 0.0
прочего 0.0 1.398 0.0
поначалу 0.0 1.222 0.0
аргентинским 0.0 2.0 0.0
самая 0.0 0.854 0.0
единственном 0.0 2.0 0.0
рупор 0.0 2.0 0.0
свяжись 0.0 2.0 0.0
вещи 0.001 0.796 0.001
из-за 0.001 0.229 0.0
материалов 0.0 1.097 0.0
корреспондент 0.0 1.301 0.0
выключили 0.0 1.699 0.0
местную 0.0 2.0 0.0
убийцы 0.0 2.0 0.0
гонконг 0.0 2.0 0.0
нашим 0.001 1.155 0.001
диктатуры 0.002 1.699 0.003
помещении 0.0 0.959 0.0
доме 0.0 1.097 0.0
значит 0.0 0.444 0.0
арестовала 0.0 2.0 0.0
ночи 0.0 1.222 0.0
гифки 0.0 0.066 0.0
людей 0.007 0.161 0.001
годов 0.0 1.0 0.0
самоубийственный 0.0 2.0 0.0
злоупотребляют 0.0 1.699 0.0
девушку 0.0 2.0 0.0
говорит 0.0 0.409 0.0
вернулась 0.0 1.398 0.0
кроме 0.001 0.387 0.0
маленьких 0.0 1.523 0.0
развязали 0.0 2.0 0.0
штатах 0.0 1.523 0.0
осудили 0.0 2.0 0.0
приходил 0.0 1.699 0.0
списки 0.0 1.301 0.0
возглавлял 0.0 1.699 0.0
пытать 0.0 2.0 0.0
полного 0.0 1.222 0.0
костюм 0.0 2.0 0.0
парики 0.0 2.0 0.0
который 0.003 0.194 0.001
ворвались 0.0 1.699 0.0
анонимно 0.0 0.066 0.0
второй 0.001 0.42 0.0
полицейских 0.001 1.699 0.002
начав 0.001 1.699 0.002
ваша 0.001 0.102 0.0
разговоров 0.0 1.398 0.0
признавались 0.0 2.0 0.0
ответственности 0.0 1.046 0.0
швальб 0.0 2.0 0.0
диктатор 0.0 2.0 0.0
заняло 0.0 1.301 0.0
интервью 0.002 0.745 0.001
протестах 0.001 1.699 0.002
особый 0.0 1.523 0.0
баллотироваться 0.0 2.0 0.0
палачи 0.0 2.0 0.0
рубильником 0.0 2.0 0.0
куки 0.0 0.066 0.0
минут 0.0 0.854 0.0
случится 0.003 1.398 0.004
газете 0.002 1.699 0.003
эудженио 0.0 2.0 0.0
использование 0.0 0.066 0.0
британией 0.0 2.0 0.0
военнопленные 0.0 2.0 0.0
года 0.005 0.167 0.001
родственниками 0.0 1.301 0.0
фотографии 0.0 0.638 0.0
en 0.0 0.066 0.0
рассказывало 0.0 2.0 0.0
явления 0.0 1.222 0.0
внимания 0.0 1.0 0.0
другого 0.001 0.824 0.001
начали 0.0 0.481 0.0
выступал 0.0 1.398 0.0
libre 0.0 2.0 0.0
суверенитет 0.0 1.398 0.0
структуры 0.0 1.301 0.0
движением 0.0 1.699 0.0
насколько 0.0 0.42 0.0
палач 0.0 2.0 0.0
будут 0.002 0.301 0.001
человека 0.0 0.328 0.0
гулял 0.0 2.0 0.0
безвредными 0.0 2.0 0.0
войну 0.002 0.638 0.001
кого-то 0.001 1.097 0.001
угроза 0.0 1.523 0.0
свой 0.0 0.585 0.0
пришли 0.0 0.921 0.0
говори 0.0 2.0 0.0
оправдывали 0.0 2.0 0.0
никакой 0.0 0.854 0.0
которой 0.001 0.377 0.0
комиссию 0.0 2.0 0.0
вообще 0.0 0.066 0.0
основании 0.0 0.854 0.0
корреспонденты 0.0 2.0 0.0
что-нибудь 0.0 1.398 0.0
лишь 0.001 0.481 0.0
скажи 0.0 2.0 0.0
слоган 0.0 2.0 0.0
перестают 0.0 2.0 0.0
сказал 0.002 0.77 0.002
посреди 0.0 1.398 0.0
понимать 0.0 0.886 0.0
митингов 0.001 1.523 0.002
осознают 0.0 1.523 0.0
танцует 0.0 1.699 0.0
узнал 0.0 0.921 0.0
степени 0.0 0.721 0.0
куча 0.0 1.222 0.0
английском 0.0 1.301 0.0
уменьшится 0.0 2.0 0.0
белый 0.0 2.0 0.0
государственном 0.0 1.222 0.0
помочь 0.0 0.131 0.0
женщину 0.0 1.699 0.0
свергнуть 0.0 2.0 0.0
сможем 0.0 1.222 0.0
сбежать 0.0 1.699 0.0
говорили 0.001 0.796 0.001
суды 0.001 1.699 0.002
аргентины 0.003 1.046 0.003
лично 0.001 0.959 0.001
пределами 0.0 1.097 0.0
неправильно 0.0 1.398 0.0
кино 0.0 1.523 0.0
хотим 0.0 0.921 0.0
переворотов 0.0 2.0 0.0
крутили 0.0 2.0 0.0
аргентину 0.004 1.398 0.006
энергичное 0.0 2.0 0.0
личных 0.0 1.222 0.0
управление 0.0 1.097 0.0
британцам 0.0 1.699 0.0
христианским 0.0 2.0 0.0
организации 0.001 0.658 0.001
свои 0.0 0.481 0.0
незнакомому 0.0 2.0 0.0
доносу 0.0 2.0 0.0
будьте 0.0 1.699 0.0
которое 0.001 0.337 0.0
жизни 0.001 0.432 0.0
юдин 0.001 1.523 0.002
страной 0.0 0.959 0.0
новостиисторииразборшапитокоронавирусмагаз 0.0 0.066 0.0
обычно 0.0 0.523 0.0
продолжали 0.0 1.699 0.0
десять 0.001 0.824 0.001
полны 0.0 2.0 0.0
осуждения 0.0 2.0 0.0
мою 0.0 1.301 0.0
семьи 0.0 1.046 0.0
которая 0.001 0.301 0.0
продолжал 0.0 1.699 0.0
великобритания 0.0 1.301 0.0
посольства 0.0 2.0 0.0
пятидесяти 0.0 2.0 0.0
теракты 0.001 2.0 0.002
нервничали 0.0 2.0 0.0
роберта 0.001 1.699 0.002
выполняющим 0.001 0.097 0.0
возможно 0.0 0.398 0.0
ошибку 0.0 0.066 0.0
фотографиями 0.0 1.523 0.0
обстановке 0.0 1.523 0.0
убила 0.0 2.0 0.0
уйти 0.001 1.222 0.001
едим 0.0 2.0 0.0
месяц 0.0 0.745 0.0
существованию 0.0 1.699 0.0
ушла 0.001 1.523 0.002
занимался 0.001 1.523 0.002
страже 0.0 2.0 0.0
коммунизмом 0.0 2.0 0.0
военных 0.002 0.699 0.001
маленькую 0.0 2.0 0.0
стран 0.0 0.469 0.0
идет 0.0 0.367 0.0
диктатора 0.0 2.0 0.0
по-английски 0.0 2.0 0.0
материал 0.0 0.086 0.0
альфонсину 0.0 2.0 0.0
ken 0.001 2.0 0.002
пытался 0.0 1.301 0.0
судьям 0.0 2.0 0.0
новый 0.0 0.658 0.0
составили 0.0 1.222 0.0
газету 0.001 2.0 0.002
результате 0.0 0.62 0.0
магнитная 0.0 2.0 0.0
рухнет 0.0 2.0 0.0
устраивали 0.0 1.699 0.0
эмоции 0.0 1.301 0.0
скрыты 0.0 2.0 0.0
полчаса 0.0 1.301 0.0
антивоенной 0.001 1.0 0.001
пытки 0.0 2.0 0.0
избранному 0.0 2.0 0.0
работы 0.001 0.553 0.001
моей 0.0 1.0 0.0
состоялись 0.0 2.0 0.0
подобные 0.0 1.301 0.0
сильным 0.0 1.301 0.0
разлетается 0.0 2.0 0.0
молодые 0.0 1.398 0.0
передал 0.0 1.523 0.0
мужьями 0.0 2.0 0.0
известно 0.0 0.481 0.0
казалось 0.001 0.886 0.001
аргентина 0.002 1.222 0.002
дипломатов 0.0 1.398 0.0
редактором 0.0 1.398 0.0
максим 0.001 0.824 0.001
крайняя 0.0 1.699 0.0
слушал 0.001 2.0 0.002
едет 0.0 1.699 0.0
снова 0.0 0.678 0.0
реорганизацией 0.0 2.0 0.0
суверенитета 0.0 2.0 0.0
установила 0.0 1.699 0.0
политические 0.0 1.155 0.0
ходил 0.001 1.301 0.001
стране 0.003 0.523 0.002
коммунистов 0.0 2.0 0.0
судить 0.001 0.959 0.001
политику 0.0 1.046 0.0
страшно 0.0 1.097 0.0
способ 0.0 0.921 0.0
тебе 0.0 1.155 0.0
диктаторов 0.0 2.0 0.0
происходили 0.001 1.699 0.002
люди 0.003 0.276 0.001
диалогу 0.0 1.699 0.0
полной 0.0 1.155 0.0
потеряла 0.0 1.523 0.0
плохое 0.0 1.699 0.0
маленькая 0.0 1.222 0.0
единственная 0.0 1.046 0.0
марсело 0.0 2.0 0.0
самоубийством 0.0 2.0 0.0
дизеля 0.0 2.0 0.0
отреагируют 0.0 2.0 0.0
уверены 0.0 1.097 0.0
запрещены 0.0 2.0 0.0
начиная 0.0 1.523 0.0
доминго 0.0 2.0 0.0
бизнес-решение 0.0 2.0 0.0
фолкленды 0.001 2.0 0.002
часто 0.001 0.456 0.0
образом 0.0 0.602 0.0
детей 0.001 0.523 0.001
инстаграм 0.0 0.066 0.0
коммунисты 0.0 2.0 0.0
считали 0.0 1.222 0.0
подряд 0.0 1.398 0.0
ситуация 0.001 0.569 0.001
полицию 0.0 1.523 0.0
врагом 0.0 1.699 0.0
лента 0.0 2.0 0.0
хотя 0.001 0.276 0.0
акцию 0.0 1.222 0.0
воевать 0.0 1.097 0.0
схватить 0.0 2.0 0.0
настоящий 0.0 1.155 0.0
темами 0.0 2.0 0.0
это 0.016 0.066 0.001
независимой 0.0 1.222 0.0
массовые 0.001 1.046 0.001
марши 0.0 1.699 0.0
1940-е 0.0 2.0 0.0
американским 0.0 2.0 0.0
дело 0.001 0.509 0.001
писать 0.0 1.155 0.0
работаем 0.0 0.161 0.0
главному 0.0 2.0 0.0
артем 0.0 1.046 0.0
полицейскими 0.0 1.699 0.0
царило 0.0 2.0 0.0
новой 0.0 0.585 0.0
аргентинские 0.001 1.523 0.002
английские 0.0 2.0 0.0
участников 0.0 0.824 0.0
предшествующие 0.0 2.0 0.0
некоторые 0.0 0.469 0.0
english 0.0 0.06 0.0
20–30 0.0 1.398 0.0
угрозы 0.001 1.301 0.001
начался 0.0 0.921 0.0
поддержка 0.0 0.167 0.0
острова 0.002 1.398 0.003
такого 0.0 0.509 0.0
проявила 0.0 2.0 0.0
григорий 0.001 1.523 0.002
превратились 0.0 1.523 0.0
мере 0.0 0.569 0.0
посольством 0.0 1.699 0.0
коммунистическую 0.0 2.0 0.0
годы 0.001 0.745 0.001
хиппи 0.0 2.0 0.0
радикальных 0.001 2.0 0.002
автомобиля 0.0 2.0 0.0
стремление 0.0 1.699 0.0
островов 0.001 1.699 0.002
выжил 0.0 2.0 0.0
гигантское 0.0 2.0 0.0
убийства 0.001 2.0 0.002
подростком 0.0 2.0 0.0
модно 0.0 2.0 0.0
заключенным 0.001 2.0 0.002
флот 0.0 2.0 0.0
знаю 0.001 0.721 0.001
социолог 0.001 1.523 0.002
настаивал 0.0 2.0 0.0
верить 0.0 0.959 0.0
оставалось 0.001 1.699 0.002
порт-стэнли 0.001 2.0 0.002
отдать 0.0 1.398 0.0
нравилась 0.0 2.0 0.0
непросто 0.0 1.155 0.0
собой 0.0 0.62 0.0
училище 0.0 2.0 0.0
facebook 0.0 0.0 0.0
переговоры 0.001 1.301 0.001
собирается 0.0 0.921 0.0
перестала 0.0 2.0 0.0
zeppelin 0.0 2.0 0.0
книги 0.0 1.097 0.0
гевары 0.0 2.0 0.0
слышал 0.0 1.398 0.0
подписывались 0.0 2.0 0.0
королевский 0.0 2.0 0.0
бомбы 0.0 1.398 0.0
мировой 0.0 0.886 0.0
христианскую 0.0 2.0 0.0
подписывать 0.0 1.155 0.0
дизель 0.0 2.0 0.0
битловские 0.0 2.0 0.0
перонисты 0.0 2.0 0.0
каждого 0.001 0.678 0.001
некоторое 0.0 1.222 0.0
полиция 0.0 1.301 0.0
вызывало 0.0 1.398 0.0
персональные 0.0 0.066 0.0
такое 0.0 0.347 0.0
конфликт 0.0 1.097 0.0
переехав 0.0 2.0 0.0
соседи 0.0 1.523 0.0
silencio 0.0 2.0 0.0
кого 0.001 0.509 0.001
убьют 0.0 2.0 0.0
пускала 0.0 2.0 0.0
движения 0.0 1.155 0.0
режимы 0.0 1.523 0.0
длинные 0.001 1.398 0.001
дневной 0.0 2.0 0.0
дочери 0.0 1.301 0.0
торжествовали 0.0 2.0 0.0
конкретно 0.0 1.222 0.0
вкратце 0.0 2.0 0.0
консервативная 0.0 2.0 0.0
знать 0.0 0.824 0.0
police 0.0 1.155 0.0
газетой 0.0 1.699 0.0
сперва 0.0 1.523 0.0
которых 0.002 0.237 0.0
нацистам 0.0 2.0 0.0
играли 0.0 1.523 0.0
родился 0.001 1.301 0.001
andrew 0.0 1.699 0.0
начала 0.0 0.398 0.0
поменять 0.0 2.0 0.0
сообщение 0.001 0.102 0.0
сделать 0.001 0.357 0.0
