российские 0.002 0.328 0.001
редакции 0.002 0.066 0.0
войска 0.003 0.721 0.002
бундестагом 0.001 2.0 0.002
уважаемые 0.002 1.699 0.003
баннерам 0.001 0.066 0.0
действий 0.001 0.699 0.001
значит 0.001 0.444 0.0
мирных 0.001 0.959 0.001
россии 0.002 0.119 0.0
народ 0.006 0.886 0.005
ближе 0.001 1.046 0.001
президент 0.005 0.854 0.004
превентивных 0.001 2.0 0.002
торговые 0.001 2.0 0.002
считают 0.001 0.721 0.001
круглые 0.001 1.699 0.002
равенство 0.001 2.0 0.002
смертями 0.001 1.699 0.002
переживших 0.001 2.0 0.002
сохранит 0.001 2.0 0.002
гифки 0.001 0.066 0.0
санкций 0.002 0.745 0.001
агента 0.002 0.097 0.0
кресла 0.001 1.699 0.002
людей 0.003 0.161 0.0
пять 0.001 0.509 0.001
тысячи 0.002 0.721 0.001
замечаете 0.001 2.0 0.002
німецьким 0.001 2.0 0.002
in 0.001 0.0 0.0
европе 0.006 0.658 0.004
допустить 0.001 1.097 0.001
депутаты 0.001 1.699 0.002
оказываются 0.001 1.301 0.001
гуманитарного 0.001 1.699 0.002
ракетами 0.001 1.398 0.001
русские 0.003 1.046 0.003
почувствовал 0.001 2.0 0.002
выживет 0.001 1.699 0.002
трудно 0.001 0.824 0.001
процесса 0.001 1.222 0.001
заявлений 0.001 1.523 0.002
который 0.005 0.194 0.001
неба 0.001 1.523 0.002
любых 0.001 1.046 0.001
анонимно 0.001 0.066 0.0
второй 0.007 0.42 0.003
погибли 0.001 1.046 0.001
депутатами 0.001 1.699 0.002
просто 0.002 0.194 0.0
спонсирует 0.001 2.0 0.002
ваша 0.002 0.102 0.0
россией 0.003 0.824 0.002
ответственности 0.002 1.046 0.002
жилые 0.002 1.301 0.003
евросоюз 0.002 1.155 0.002
вторжения 0.001 0.77 0.001
мир 0.005 0.553 0.003
искренне 0.001 1.523 0.002
бывший 0.001 0.921 0.001
встреч 0.001 1.699 0.002
германский 0.001 1.699 0.002
возведении 0.001 1.523 0.002
спасении 0.001 2.0 0.002
сотрудничестве 0.001 1.222 0.001
слава 0.001 1.398 0.001
ваши 0.002 1.046 0.002
политикам 0.001 1.699 0.002
читателейнам 0.001 0.174 0.0
куки 0.001 0.066 0.0
авиабомбами 0.001 1.699 0.002
страны 0.002 0.444 0.001
украинским 0.001 1.155 0.001
спасения 0.001 1.398 0.001
убили 0.001 1.523 0.002
великой 0.001 1.398 0.001
гражданские 0.001 1.301 0.001
использование 0.001 0.066 0.0
европа 0.002 0.886 0.002
произошло 0.001 0.796 0.001
жизненным 0.001 2.0 0.002
остановите 0.001 1.301 0.001
затягивании 0.001 2.0 0.002
зло 0.001 1.398 0.001
евросоюзе 0.001 1.523 0.002
наш 0.001 0.699 0.001
помощи 0.002 0.77 0.002
порядку 0.001 0.066 0.0
которую 0.002 0.469 0.001
реактивной 0.001 2.0 0.002
обращаюсь 0.01 1.699 0.017
вашей 0.003 1.097 0.003
остановить 0.002 0.638 0.001
en 0.001 0.066 0.0
сохранить 0.001 0.921 0.001
часов 0.002 0.678 0.001
вами 0.002 1.0 0.002
дайте 0.001 1.699 0.002
оккупации 0.001 1.523 0.002
ощутили 0.001 2.0 0.002
бомбардировок 0.001 2.0 0.002
украина 0.002 0.699 0.001
разрушают 0.001 2.0 0.002
дней 0.001 0.337 0.0
распространено 0.001 0.102 0.0
харькова… 0.001 2.0 0.002
сколько 0.001 0.585 0.001
ios 0.001 0.066 0.0
считающему 0.001 2.0 0.002
поняли 0.001 1.046 0.001
будут 0.001 0.301 0.0
господин 0.001 1.523 0.002
уничтожить 0.002 1.301 0.003
зеленского 0.002 1.0 0.002
прямо 0.002 0.357 0.001
войну 0.007 0.638 0.004
эмбарго 0.001 1.699 0.002
свой 0.001 0.585 0.001
могут 0.001 0.187 0.0
проволока 0.001 2.0 0.002
день 0.002 0.328 0.001
выстоять 0.001 2.0 0.002
владимир 0.001 0.62 0.001
яр 0.003 1.699 0.005
упрекнул 0.001 1.699 0.002
медузы 0.002 0.268 0.001
мост 0.002 1.301 0.003
пока 0.003 0.208 0.001
трех 0.001 0.638 0.001
неволей 0.001 2.0 0.002
поддерживающие 0.001 1.699 0.002
пускают 0.001 1.523 0.002
вопросом 0.001 1.046 0.001
полный 0.001 0.77 0.001
сих 0.001 0.481 0.0
немцам 0.001 2.0 0.002
вообще 0.001 0.066 0.0
роддом 0.001 1.398 0.001
объектов 0.001 1.398 0.001
моего 0.001 1.097 0.001
знающие 0.002 1.699 0.003
явно 0.001 0.959 0.001
слышали 0.002 1.301 0.003
посреди 0.002 1.398 0.003
сказал 0.001 0.77 0.001
потоки 0.001 2.0 0.002
школы 0.001 0.886 0.001
каких-либо 0.001 1.398 0.001
экономика 0.008 1.398 0.011
свободно 0.001 1.301 0.001
замучены 0.001 2.0 0.002
политики 0.002 0.854 0.002
океаном 0.001 2.0 0.002
шедшую 0.001 2.0 0.002
дамы 0.002 1.699 0.003
оружие 0.001 1.155 0.001
нашли 0.001 0.066 0.0
связи 0.002 0.0 0.0
мировую 0.001 2.0 0.002
нашу 0.003 1.046 0.003
медуза 0.005 0.066 0.0
одного 0.001 0.432 0.0
новая 0.001 0.678 0.001
медлите 0.001 2.0 0.002
заслуживаете 0.001 2.0 0.002
нам 0.005 0.086 0.0
помочь 0.002 0.131 0.0
людьми 0.001 0.745 0.001
монументу 0.001 2.0 0.002
просьб 0.001 2.0 0.002
благодаря 0.001 0.77 0.001
мало 0.001 0.538 0.001
говорили 0.001 0.796 0.001
наших 0.002 0.658 0.001
госпожа 0.001 1.699 0.002
оккупацию 0.001 1.523 0.002
юридическим 0.001 0.102 0.0
город 0.001 0.699 0.001
видеосвязи 0.001 2.0 0.002
мораль 0.001 2.0 0.002
военные 0.001 0.796 0.001
материалам 0.001 0.066 0.0
актер 0.001 1.523 0.002
срочно 0.001 0.167 0.0
виступив 0.001 2.0 0.002
взорван 0.001 1.699 0.002
увидел 0.001 1.222 0.001
оттуда 0.001 1.097 0.001
санкциях 0.001 1.398 0.001
речи 0.001 1.222 0.001
увидеть 0.001 1.097 0.001
лидерства 0.001 2.0 0.002
членом 0.001 1.398 0.001
иностранным 0.001 0.097 0.0
связей 0.001 1.301 0.001
нужно 0.002 0.237 0.0
детская 0.001 1.523 0.002
должна 0.002 0.538 0.001
свои 0.001 0.481 0.0
искуплена 0.001 2.0 0.002
выступления 0.001 1.046 0.001
увидели 0.001 1.155 0.001
которое 0.003 0.337 0.001
небо 0.002 1.523 0.003
ctrl+enter 0.001 0.066 0.0
безопасно 0.001 0.066 0.0
обычным 0.001 1.523 0.002
новостиисторииразборшапитокоронавирусмагаз 0.001 0.066 0.0
обстрелами 0.001 1.155 0.001
импорт 0.001 1.523 0.002
сильном 0.001 2.0 0.002
снесите 0.002 2.0 0.004
финансировать 0.001 1.398 0.001
сум 0.001 1.523 0.002
возведению 0.001 2.0 0.002
однажды 0.001 1.301 0.001
youtube 0.001 0.06 0.0
бундестаге 0.001 1.301 0.001
экономическом 0.001 1.398 0.001
столом 0.001 1.398 0.001
бьемся 0.001 2.0 0.002
гордиться 0.001 1.699 0.002
создано 0.001 0.097 0.0
помогающим 0.001 2.0 0.002
деньгами 0.001 1.699 0.002
жизнь 0.002 0.538 0.001
вторую 0.001 1.222 0.001
решением 0.001 1.523 0.002
мира 0.002 0.824 0.002
которая 0.003 0.301 0.001
ракеты 0.002 1.097 0.002
вчера 0.001 1.222 0.001
поддержите 0.005 0.102 0.001
уважаемая 0.001 2.0 0.002
украины 0.006 0.569 0.003
обращались 0.003 1.523 0.005
photothek 0.001 2.0 0.002
ударили 0.001 1.699 0.002
которого 0.001 0.585 0.001
свободой 0.001 2.0 0.002
благодарен 0.006 1.699 0.01
сражаемся 0.001 1.699 0.002
прекращают 0.001 1.699 0.002
сегодня 0.001 0.638 0.001
различают 0.001 1.699 0.002
уничтожают 0.001 1.699 0.002
многие 0.002 0.284 0.001
средством 0.001 0.102 0.0
воды 0.001 0.745 0.001
выполняющим 0.002 0.097 0.0
возможно 0.001 0.398 0.0
возможность 0.001 0.569 0.001
году 0.002 0.367 0.001
вашего 0.001 1.046 0.001
другому 0.001 1.155 0.001
свободу 0.002 1.0 0.002
ошибку 0.001 0.066 0.0
востоке 0.001 1.155 0.001
ради 0.002 1.046 0.002
лет 0.008 0.252 0.002
бухгалтерии 0.001 2.0 0.002
народом 0.001 1.523 0.002
принесла 0.001 2.0 0.002
говорят 0.002 0.432 0.001
компании 0.001 0.523 0.001
видели 0.001 1.222 0.001
столе 0.001 1.699 0.002
своей 0.001 0.42 0.0
украинцам 0.001 1.398 0.001
районы 0.001 1.523 0.002
данные 0.001 0.066 0.0
хотите 0.001 0.921 0.001
киева 0.001 0.886 0.001
постарше 0.001 1.699 0.002
экономику 0.001 2.0 0.002
разрушения 0.001 1.523 0.002
государством 0.002 1.398 0.003
северные 0.001 2.0 0.002
стать 0.001 0.699 0.001
специально 0.001 0.959 0.001
гарантировать 0.001 1.301 0.001
деле 0.001 0.553 0.001
господа 0.002 1.523 0.003
каждой 0.001 0.959 0.001
украину 0.003 0.523 0.002
наши 0.001 0.721 0.001
нажмите 0.001 0.066 0.0
военных 0.002 0.699 0.001
колеблющиеся 0.001 1.699 0.002
авиабомбы 0.001 1.699 0.002
некоторых 0.001 0.523 0.001
идет 0.001 0.367 0.0
мариупольцев 0.001 2.0 0.002
российских 0.001 0.337 0.0
оставляют 0.001 1.523 0.002
имени 0.006 0.796 0.005
иностранного 0.002 0.102 0.0
зеленський 0.001 2.0 0.002
человек 0.002 0.215 0.0
выбирают 0.001 1.699 0.002
материал 0.001 0.086 0.0
убедились 0.001 2.0 0.002
стену 0.003 1.699 0.005
защищать 0.001 0.854 0.001
бундестага 0.001 1.523 0.002
повсюду 0.002 1.523 0.003
– 0.001 0.06 0.0
жителей 0.001 0.569 0.001
переживаем 0.001 2.0 0.002
время 0.003 0.102 0.0
leta 0.002 0.301 0.001
исторической 0.001 1.398 0.001
нами 0.002 0.066 0.0
дает 0.001 0.796 0.001
сопротивление 0.001 1.523 0.002
отключать 0.001 1.699 0.002
государство 0.001 0.854 0.001
рекламаmeduza 0.001 0.066 0.0
войне 0.001 0.62 0.001
лицом 0.001 0.102 0.0
принимается 0.002 1.155 0.002
торговлю 0.001 1.699 0.002
выше 0.003 0.509 0.002
публикует 0.001 1.222 0.001
германию 0.002 1.097 0.002
функции 0.002 0.097 0.0
ибо 0.001 1.699 0.002
тысяч 0.001 0.337 0.0
германии 0.001 0.854 0.001
переговоров 0.001 1.301 0.001
землей 0.001 1.523 0.002
поддерживает 0.001 1.301 0.001
решения 0.001 0.638 0.001
канал 0.001 1.097 0.001
геринг-экард 0.001 2.0 0.002
выступил 0.001 1.0 0.001
донбасса 0.001 1.398 0.001
назад 0.005 0.18 0.001
снова 0.006 0.678 0.004
безопасности 0.002 0.481 0.001
целый 0.001 1.0 0.001
перейти 0.001 0.066 0.0
электричества 0.001 1.0 0.001
камни 0.002 2.0 0.004
украинских 0.001 0.824 0.001
поддержать 0.001 0.066 0.0
источник 0.001 0.174 0.0
президента 0.001 0.745 0.001
стране 0.001 0.523 0.001
война 0.002 0.469 0.001
кодекс 0.001 0.066 0.0
стеной 0.006 1.523 0.009
хочу 0.002 0.137 0.0
восьми 0.001 1.301 0.001
экономики 0.001 1.155 0.001
цемент 0.001 2.0 0.002
ближайшее 0.001 0.959 0.001
круглосуточно 0.003 2.0 0.006
государства 0.002 0.824 0.002
помогите 0.001 1.398 0.001
просили 0.001 1.523 0.002
данное 0.001 0.097 0.0
полной 0.001 1.155 0.001
сотни 0.002 1.0 0.002
находится 0.001 0.678 0.001
слова 0.001 0.678 0.001
искупления 0.001 2.0 0.002
пор 0.001 0.387 0.0
ответственность 0.001 0.824 0.001
правила 0.001 0.066 0.0
историческая 0.001 2.0 0.002
театр 0.001 1.523 0.002
бизнесу 0.001 2.0 0.002
вконтакте 0.001 0.066 0.0
часть 0.001 0.456 0.0
нашей 0.001 0.699 0.001
журналистам 0.001 1.398 0.001
сказать 0.001 0.495 0.0
live 0.001 0.022 0.0
украинцев 0.003 1.222 0.004
скрывались 0.001 1.699 0.002
маршруты 0.001 2.0 0.002
двадцать 0.002 0.959 0.002
часто 0.001 0.456 0.0
санкции 0.001 0.77 0.001
детей 0.002 0.523 0.001
блог 0.001 0.066 0.0
инстаграм 0.001 0.066 0.0
© 0.001 0.0 0.0
наверняка 0.001 1.398 0.001
выделите 0.001 0.066 0.0
получить 0.001 0.553 0.001
лидерство 0.001 1.222 0.001
заблокированный 0.001 2.0 0.002
пространством 0.001 2.0 0.002
земле 0.001 1.222 0.001
сила 0.001 1.155 0.001
рональд 0.001 2.0 0.002
недели 0.002 0.42 0.001
christian 0.001 2.0 0.002
делающим 0.001 2.0 0.002
meduzacare 0.001 0.066 0.0
донбассе 0.001 1.222 0.001
против 0.001 0.229 0.0
значил 0.001 2.0 0.002
европу 0.006 1.155 0.007
кнопка 0.001 0.066 0.0
еды 0.001 1.097 0.001
хотя 0.001 0.276 0.0
затягивание 0.001 2.0 0.002
бабий 0.003 2.0 0.006
землю 0.002 1.398 0.003
канцлер 0.001 1.699 0.002
вечерняя 0.001 0.066 0.0
речь 0.002 0.432 0.001
целиком 0.001 1.301 0.001
стена 0.003 1.699 0.005
стоят 0.001 1.301 0.001
это 0.013 0.066 0.001
другие 0.002 0.268 0.001
поставил 0.001 2.0 0.002
показывая 0.001 1.398 0.001
разрушая 0.001 2.0 0.002
поддержки 0.001 0.066 0.0
артиллерией 0.001 1.523 0.002
защищает 0.001 0.921 0.001
запоздала 0.001 2.0 0.002
помощь 0.001 0.097 0.0
вспомните 0.001 1.699 0.002
дело 0.001 0.509 0.001
бомбой 0.001 2.0 0.002
разделяет 0.001 1.398 0.001
подготовка 0.001 1.699 0.002
честно 0.002 1.0 0.002
груза 0.001 2.0 0.002
работаем 0.001 0.161 0.0
текст 0.002 0.886 0.002
своим 0.001 0.658 0.001
вновь 0.001 1.155 0.001
обстрелы 0.001 1.222 0.001
оглядываться 0.001 2.0 0.002
использует 0.001 1.097 0.001
ответ 0.002 0.602 0.001
рейган 0.001 2.0 0.002
шольц 0.002 2.0 0.004
войны 0.003 0.42 0.001
новой 0.006 0.585 0.004
сломать 0.001 2.0 0.002
уважаемый 0.002 1.699 0.003
пытаются 0.002 0.745 0.001
котором 0.001 0.495 0.0
напомнил 0.001 1.398 0.001
некоторые 0.001 0.469 0.0
24/7 0.001 0.102 0.0
заблокировали 0.001 1.222 0.001
принесшим 0.001 2.0 0.002
android 0.001 0.066 0.0
english 0.001 0.06 0.0
swift 0.001 2.0 0.002
новости 0.001 0.481 0.0
ценности 0.002 1.523 0.003
нато 0.001 0.959 0.001
колючая 0.001 2.0 0.002
обвинил 0.001 1.523 0.002
imago 0.002 1.699 0.003
поддержка 0.001 0.167 0.0
нужна 0.002 0.092 0.0
такого 0.001 0.509 0.001
марта 0.002 0.319 0.001
агрессор 0.001 1.699 0.002
города 0.002 0.638 0.001
журналисты 0.001 0.886 0.001
политика 0.001 1.0 0.001
больница 0.001 1.301 0.001
можете 0.002 0.699 0.001
мере 0.001 0.569 0.001
убиты 0.001 2.0 0.002
падающей 0.001 2.0 0.002
гарантии 0.001 1.301 0.001
берлинский 0.001 1.699 0.002
всем 0.002 0.252 0.001
чернигова 0.001 1.523 0.002
приезжал 0.001 2.0 0.002
дома 0.001 0.638 0.001
берлинской 0.001 1.699 0.002
spicker 0.001 2.0 0.002
оно 0.001 0.444 0.0
каждым 0.001 0.854 0.001
требования 0.001 0.066 0.0
связаться 0.001 0.066 0.0
самом 0.001 0.481 0.0
лежит 0.001 1.155 0.001
происходит 0.002 0.387 0.001
убив 0.002 2.0 0.004
убивали 0.001 1.398 0.001
россию 0.001 0.678 0.001
информации 0.001 0.102 0.0
бомбит 0.001 1.155 0.001
тех 0.001 0.26 0.0
80-летию 0.001 2.0 0.002
живем 0.002 1.301 0.003
немецкому 0.001 1.222 0.001
появиться 0.001 1.097 0.001
создать 0.001 1.046 0.001
силы 0.001 0.796 0.001
больницы 0.001 0.77 0.001
видите 0.001 1.222 0.001
почему 0.003 0.337 0.001
крепнет 0.001 2.0 0.002
разделяющей 0.001 2.0 0.002
стены 0.005 1.155 0.006
медузе 0.002 0.066 0.0
спрашивали 0.001 1.222 0.001
поддержку 0.001 0.921 0.001
немецкий 0.002 1.301 0.003
знает 0.001 0.854 0.001
трагедии 0.001 2.0 0.002
берлине 0.001 1.222 0.001
facebook 0.001 0.0 0.0
защищают 0.001 1.0 0.001
медузу 0.002 0.066 0.0
обработки 0.001 0.066 0.0
этим 0.002 0.337 0.001
онлайн 0.002 0.959 0.002
полномасштабного 0.001 2.0 0.002
россия 0.002 0.398 0.001
сутки 0.001 1.0 0.001
массовой 0.001 0.097 0.0
пытаются… 0.001 2.0 0.002
кто-то 0.001 0.602 0.001
сложно 0.001 0.538 0.001
слышал 0.001 1.398 0.001
спасся 0.001 2.0 0.002
каждый 0.001 0.509 0.001
мишенью 0.001 1.523 0.002
такие 0.002 0.444 0.001
scanpix 0.002 0.301 0.001
семью 0.001 1.523 0.002
продолжать 0.001 0.921 0.001
оккупанты 0.001 1.699 0.002
словам 0.001 0.658 0.001
спасибоgiphyза 0.001 0.066 0.0
показывать 0.001 0.066 0.0
потребует 0.001 1.699 0.002
подниметесь 0.001 2.0 0.002
церкви 0.001 1.398 0.001
мировой 0.001 0.886 0.001
жить 0.001 0.824 0.001
twitter 0.001 0.0 0.0
чувствуете 0.001 1.523 0.002
раньше 0.001 0.432 0.0
войск 0.001 1.046 0.001
чувствовали 0.001 1.398 0.001
пожалуйста 0.001 0.102 0.0
европы 0.002 0.796 0.002
чужую 0.001 1.699 0.002
наше 0.001 0.921 0.001
воздушный 0.002 2.0 0.004
вступления 0.001 1.301 0.001
платформы 0.002 0.066 0.0
можем 0.001 0.62 0.001
штайнмайер 0.001 2.0 0.002
каждого 0.001 0.678 0.001
неделями 0.001 1.523 0.002
именно 0.001 0.244 0.0
прошлом 0.001 0.921 0.001
стен 0.001 2.0 0.002
персональные 0.001 0.066 0.0
вступлении 0.001 2.0 0.002
пережил 0.001 2.0 0.002
подчиняться 0.001 2.0 0.002
многочисленных 0.001 1.523 0.002
гости 0.001 1.301 0.001
зеленский 0.002 0.959 0.002
место 0.001 0.678 0.001
которые 0.002 0.119 0.0
способствовала 0.001 2.0 0.002
украинца 0.001 1.523 0.002
meduza 0.003 0.0 0.0
ровняют 0.001 2.0 0.002
германия 0.001 1.046 0.001
усиление 0.001 1.523 0.002
напоминаю 0.001 2.0 0.002
год 0.001 0.409 0.0
безопасным 0.001 1.699 0.002
замечает 0.001 1.523 0.002
свое 0.001 0.721 0.001
жестокую 0.001 2.0 0.002
человечность 0.001 1.699 0.002
эта 0.001 0.367 0.0
чему 0.001 1.301 0.001
российским 0.001 0.092 0.0
которых 0.003 0.237 0.001
потомки 0.001 1.699 0.002
тому 0.001 0.509 0.001
украине 0.006 0.444 0.003
реклама 0.002 0.066 0.0
интересах 0.001 0.167 0.0
сша 0.001 0.469 0.0
недель 0.001 0.77 0.001
сообщение 0.001 0.102 0.0
государству 0.001 1.222 0.001
сделать 0.005 0.357 0.002
