существуют 0.001 1.222 0.001
числа 0.001 0.745 0.001
антропософы 0.003 2.0 0.006
поводу 0.001 0.824 0.001
редакции 0.002 0.066 0.0
час 0.001 1.0 0.001
вальдорфскую 0.001 2.0 0.002
антропософ 0.001 2.0 0.002
виду 0.001 0.745 0.001
прививок 0.003 0.824 0.002
баннерам 0.001 0.066 0.0
греческих 0.001 2.0 0.002
множестве 0.001 1.523 0.002
классики 0.001 2.0 0.002
значит 0.002 0.444 0.001
россии 0.002 0.119 0.0
фигура 0.001 2.0 0.002
действительно 0.002 0.377 0.001
сторонники 0.001 1.222 0.001
представлены 0.001 1.523 0.002
чай 0.001 1.699 0.002
гифки 0.001 0.066 0.0
намного 0.002 0.959 0.002
агента 0.002 0.097 0.0
швейцарской 0.001 1.699 0.002
учителями 0.001 2.0 0.002
эмоционально 0.001 1.046 0.001
чувак 0.001 2.0 0.002
людей 0.003 0.161 0.0
говорит 0.002 0.409 0.001
заражений 0.001 1.097 0.001
преподает 0.001 1.699 0.002
соседней 0.001 1.699 0.002
пропаганда 0.001 1.046 0.001
опережают 0.001 2.0 0.002
тысячи 0.001 0.721 0.001
случайно 0.001 1.222 0.001
классе 0.001 2.0 0.002
правовой 0.001 2.0 0.002
in 0.001 0.0 0.0
объявлена 0.001 1.699 0.002
раскола 0.001 2.0 0.002
крайне 0.001 0.721 0.001
присоединяется 0.001 2.0 0.002
европе 0.005 0.658 0.003
вспомнит 0.001 2.0 0.002
ходят 0.001 1.398 0.001
производства 0.001 0.77 0.001
право 0.001 0.824 0.001
австрия 0.001 1.398 0.001
держать 0.001 1.155 0.001
единственным 0.001 1.398 0.001
короткое 0.001 2.0 0.002
доле 0.001 1.222 0.001
локдаун 0.002 1.398 0.003
свежем 0.001 1.699 0.002
тысячный 0.002 1.699 0.003
комендантский 0.001 1.301 0.001
таких 0.002 0.347 0.001
илья 0.002 1.301 0.003
повышенный 0.001 1.699 0.002
закрытые 0.001 2.0 0.002
видом 0.001 1.523 0.002
корней 0.001 2.0 0.002
отличие 0.001 0.886 0.001
который 0.003 0.194 0.001
критически 0.001 1.301 0.001
анонимно 0.001 0.066 0.0
меерович 0.002 2.0 0.004
просто 0.002 0.194 0.0
последователи 0.001 1.699 0.002
ваша 0.002 0.102 0.0
прививку 0.001 0.77 0.001
прикладных 0.001 1.523 0.002
медиков-антропософов 0.002 2.0 0.004
проучилась 0.001 2.0 0.002
лечение 0.001 1.097 0.001
экспресс-тесты 0.001 1.699 0.002
распространение 0.001 0.854 0.001
учителях 0.001 2.0 0.002
попытки 0.001 1.222 0.001
производящих 0.001 1.699 0.002
концепция 0.001 1.699 0.002
тема 0.001 1.222 0.001
партии 0.001 1.046 0.001
слово 0.001 0.959 0.001
рудольфа 0.001 2.0 0.002
способствует 0.001 1.222 0.001
учат 0.001 2.0 0.002
учение 0.002 2.0 0.004
личной 0.001 1.398 0.001
сразу 0.001 0.553 0.001
мотивы 0.001 1.523 0.002
школах 0.002 1.523 0.003
прямым 0.001 1.699 0.002
читателейнам 0.001 0.174 0.0
куки 0.001 0.066 0.0
страны 0.002 0.444 0.001
альтернативно 0.002 2.0 0.004
катастрофической 0.001 1.699 0.002
ноября 0.002 0.745 0.001
внутренние 0.001 1.097 0.001
удалось 0.001 0.523 0.001
полях 0.001 1.699 0.002
вызвало 0.001 1.398 0.001
традиционные 0.001 1.523 0.002
встретил 0.001 1.523 0.002
десятки 0.002 0.745 0.001
позиция 0.001 1.0 0.001
вводили 0.001 1.699 0.002
использование 0.001 0.066 0.0
означающих 0.001 2.0 0.002
пушкин 0.001 1.699 0.002
христианские 0.001 1.699 0.002
порядку 0.001 0.066 0.0
полмиллиарда 0.001 2.0 0.002
вальдорфских 0.005 2.0 0.01
маску 0.002 1.301 0.003
кажется 0.002 0.469 0.001
страх 0.001 1.046 0.001
года 0.001 0.167 0.0
регионы 0.001 1.222 0.001
удивить 0.001 2.0 0.002
раппа 0.001 2.0 0.002
en 0.001 0.066 0.0
остановить 0.001 0.638 0.001
работает 0.001 0.367 0.0
посмотрите 0.002 1.0 0.002
необходимо 0.001 0.585 0.001
центральная 0.001 1.699 0.002
создавший 0.001 2.0 0.002
одним 0.001 0.569 0.001
другого 0.001 0.824 0.001
представляет 0.001 1.046 0.001
элемент 0.001 1.699 0.002
сверху 0.001 1.155 0.001
миллионы 0.001 1.699 0.002
вальдорфской 0.002 2.0 0.004
распространено 0.001 0.102 0.0
приверженцев 0.001 2.0 0.002
другом 0.001 0.721 0.001
насколько 0.001 0.42 0.0
ios 0.001 0.066 0.0
вопроса 0.001 1.301 0.001
антропософской 0.001 2.0 0.002
вовлечены 0.001 1.523 0.002
темпах 0.002 1.523 0.003
иди 0.001 1.523 0.002
анна 0.001 1.097 0.001
гомеопатию 0.001 2.0 0.002
принципу 0.001 1.301 0.001
серьезную 0.001 1.301 0.001
несколько 0.001 0.201 0.0
швейцария 0.001 1.398 0.001
изысканиям 0.001 2.0 0.002
ультраправые 0.001 1.523 0.002
однозначно 0.001 0.959 0.001
прямо 0.002 0.357 0.001
причина 0.001 0.959 0.001
рекомендуем 0.001 1.523 0.002
непривитых 0.002 1.155 0.002
вместо 0.001 0.77 0.001
придерживается 0.001 1.699 0.002
системой 0.001 1.398 0.001
прививочной 0.001 1.222 0.001
доказывают 0.002 1.699 0.003
свой 0.001 0.585 0.001
мудрость 0.001 1.699 0.002
защиты 0.001 0.824 0.001
укладывается 0.001 2.0 0.002
воздухе 0.001 1.301 0.001
верите 0.002 2.0 0.004
снято 0.001 1.699 0.002
протестированы 0.001 2.0 0.002
немало 0.002 1.398 0.003
эвритмия 0.001 2.0 0.002
частности 0.001 0.678 0.001
меркель 0.001 1.699 0.002
западноевропейских 0.001 2.0 0.002
штайнером 0.001 2.0 0.002
этих 0.003 0.337 0.001
ставят 0.001 1.398 0.001
пока 0.001 0.208 0.0
долго 0.001 0.745 0.001
заболеваемость 0.002 1.046 0.002
карточки 0.001 1.155 0.001
работать 0.001 0.409 0.0
которой 0.003 0.377 0.001
сферу 0.001 2.0 0.002
столь 0.001 1.046 0.001
сих 0.001 0.481 0.0
вообще 0.002 0.066 0.0
религиозно-мистическое 0.001 2.0 0.002
вреде 0.001 1.699 0.002
включает 0.001 1.398 0.001
оказались 0.001 0.886 0.001
сообщений 0.001 1.398 0.001
лишь 0.001 0.481 0.0
сады 0.002 1.523 0.003
ситуации 0.002 0.721 0.001
по-видимому 0.001 0.959 0.001
прессе 0.001 1.398 0.001
истории 0.001 0.337 0.0
четвертой 0.001 1.699 0.002
вальдорфская 0.001 2.0 0.002
сети 0.001 1.0 0.001
момент 0.001 0.481 0.0
реальности 0.001 0.921 0.001
эфирного 0.001 2.0 0.002
слишком 0.001 0.553 0.001
вмешательством 0.001 2.0 0.002
школы 0.003 0.886 0.003
рудольфом 0.001 2.0 0.002
убеждений 0.001 1.699 0.002
берлина 0.002 1.301 0.003
худшие 0.001 2.0 0.002
естественнонаучным 0.001 2.0 0.002
количество 0.001 0.62 0.001
правительства 0.001 0.921 0.001
подбородке 0.001 2.0 0.002
допустимым 0.001 2.0 0.002
мама 0.001 1.0 0.001
фрайбурге 0.002 2.0 0.004
мыслят 0.001 2.0 0.002
городе 0.001 0.678 0.001
врач-антропософ 0.001 2.0 0.002
крупных 0.002 0.959 0.002
своем 0.001 0.745 0.001
процессы 0.001 1.523 0.002
подозрение 0.001 1.398 0.001
тюрингии 0.001 2.0 0.002
появилась 0.001 0.886 0.001
базовый 0.001 2.0 0.002
процитированном 0.001 2.0 0.002
связи 0.001 0.0 0.0
отвергающей 0.001 2.0 0.002
определенные 0.001 1.155 0.001
нашли 0.001 0.066 0.0
ребенок 0.001 1.222 0.001
активисты 0.001 1.523 0.002
нем 0.002 0.602 0.001
здоровая 0.001 1.699 0.002
медуза 0.003 0.066 0.0
цитата 0.001 1.301 0.001
остерхаге 0.001 2.0 0.002
нам 0.001 0.086 0.0
основатель 0.001 1.523 0.002
согласно 0.001 0.745 0.001
помочь 0.001 0.131 0.0
влияние 0.001 1.046 0.001
рогов 0.001 1.699 0.002
скорее 0.002 0.509 0.001
последние 0.001 0.456 0.0
благодаря 0.001 0.77 0.001
основателей 0.001 2.0 0.002
этому 0.001 0.432 0.0
maja 0.001 2.0 0.002
негативное 0.001 2.0 0.002
центр 0.001 0.77 0.001
расположен 0.001 1.398 0.001
советует 0.001 1.301 0.001
популярности 0.001 1.398 0.001
спать 0.001 1.222 0.001
юридическим 0.001 0.102 0.0
учебными 0.001 2.0 0.002
images 0.001 0.796 0.001
штайнеровскому 0.001 2.0 0.002
лично 0.001 0.959 0.001
гете 0.002 2.0 0.004
псевдонаучные 0.001 2.0 0.002
материалам 0.001 0.066 0.0
ферм 0.001 2.0 0.002
срочно 0.001 0.167 0.0
число 0.001 0.658 0.001
низких 0.002 1.523 0.003
говорится 0.002 0.824 0.002
родителей 0.002 1.155 0.002
несмотря 0.001 0.456 0.0
схожа 0.001 2.0 0.002
ясно 0.001 0.886 0.001
сохранились 0.001 1.523 0.002
эффективных 0.001 1.523 0.002
меньше 0.002 0.444 0.001
семь 0.001 0.796 0.001
covid-19 0.001 0.77 0.001
форпостом 0.001 2.0 0.002
изобретению 0.001 2.0 0.002
какой-нибудь 0.001 1.699 0.002
принципами 0.001 2.0 0.002
единственный 0.001 0.824 0.001
стали 0.001 0.42 0.0
образования 0.001 1.301 0.001
самых 0.002 0.62 0.001
полках 0.001 2.0 0.002
наполненных 0.001 2.0 0.002
среды 0.001 2.0 0.002
собраний 0.001 1.699 0.002
создается 0.001 1.699 0.002
иностранным 0.001 0.097 0.0
слухи 0.001 1.523 0.002
целитель 0.001 2.0 0.002
практике 0.001 1.0 0.001
нужно 0.002 0.237 0.0
числу 0.001 1.097 0.001
конституция 0.001 1.699 0.002
иркутске 0.001 2.0 0.002
микаэла 0.001 2.0 0.002
например 0.001 0.229 0.0
hitii 0.001 2.0 0.002
интерпретации 0.001 1.699 0.002
возрастание 0.001 2.0 0.002
первым 0.001 0.854 0.001
вольфганга 0.001 2.0 0.002
своих 0.001 0.398 0.0
сми 0.001 0.602 0.001
гомеопатией 0.001 2.0 0.002
коронавирусом 0.002 0.699 0.001
борьбы 0.002 1.097 0.002
самооценка 0.001 2.0 0.002
становится 0.001 0.721 0.001
решение 0.002 0.509 0.001
антропософская 0.001 2.0 0.002
свои 0.001 0.481 0.0
увидели 0.001 1.155 0.001
которое 0.001 0.337 0.0
жизни 0.003 0.432 0.001
материале 0.001 1.155 0.001
ctrl+enter 0.001 0.066 0.0
поднять 0.001 2.0 0.002
мнению 0.001 0.638 0.001
вакцинацией 0.001 0.959 0.001
безопасно 0.001 0.066 0.0
винят 0.001 1.699 0.002
новостиисторииразборшапитокоронавирусмагаз 0.001 0.066 0.0
официальную 0.001 1.523 0.002
возражают 0.001 2.0 0.002
антропософия 0.002 2.0 0.004
художественный 0.001 2.0 0.002
существование 0.001 1.155 0.001
практики 0.001 1.301 0.001
youtube 0.001 0.06 0.0
всей 0.002 0.699 0.001
должны 0.001 0.432 0.0
магазинов 0.001 1.222 0.001
либо 0.002 0.569 0.001
продаже 0.001 1.222 0.001
называется 0.001 1.0 0.001
эзотерических 0.001 2.0 0.002
создано 0.001 0.097 0.0
зелеными 0.001 2.0 0.002
ограничений 0.002 0.824 0.002
особой 0.001 1.097 0.001
являющийся 0.001 2.0 0.002
жительница 0.001 1.699 0.002
учитель 0.001 1.523 0.002
поддержите 0.001 0.102 0.0
орбиту 0.001 1.699 0.002
глеклер 0.001 2.0 0.002
оккультных 0.001 2.0 0.002
которого 0.001 0.585 0.001
зрения 0.001 0.602 0.001
антропософии 0.002 2.0 0.004
официальной 0.001 1.046 0.001
таблеток 0.001 2.0 0.002
природная 0.001 1.699 0.002
друга 0.001 0.854 0.001
политической 0.001 1.222 0.001
быстрому 0.001 2.0 0.002
средством 0.001 0.102 0.0
измененная 0.001 2.0 0.002
короны 0.001 1.699 0.002
выполняющим 0.002 0.097 0.0
медицинские 0.001 0.796 0.001
четыре 0.001 0.569 0.001
антропософских 0.002 2.0 0.004
году 0.002 0.367 0.001
покупаю 0.001 1.699 0.002
готов 0.001 0.921 0.001
ошибку 0.001 0.066 0.0
востоке 0.001 1.155 0.001
продукты 0.001 1.097 0.001
человеке 0.001 1.398 0.001
ковид-отрицания 0.001 2.0 0.002
понедельник 0.001 1.301 0.001
немецкой 0.001 1.301 0.001
лет 0.002 0.252 0.001
захватывают 0.001 2.0 0.002
опасность 0.001 1.046 0.001
восточные 0.002 2.0 0.004
зарегистрированных 0.001 1.155 0.001
основала 0.001 2.0 0.002
говорят 0.001 0.432 0.0
поняла 0.001 1.222 0.001
прививалась 0.001 1.699 0.002
прививки 0.002 0.638 0.001
компании 0.001 0.523 0.001
медицины 0.002 1.523 0.003
месяц 0.001 0.745 0.001
нашему 0.001 1.222 0.001
идеализм 0.001 2.0 0.002
попросил 0.001 1.155 0.001
вопрос 0.001 0.42 0.0
друзей 0.001 0.959 0.001
вакцинированы 0.001 1.222 0.001
сделали 0.001 0.886 0.001
своей 0.002 0.42 0.001
югом 0.001 2.0 0.002
данные 0.001 0.066 0.0
педагогические 0.001 1.699 0.002
возлагают 0.001 2.0 0.002
вальдорфский 0.001 2.0 0.002
общенациональный 0.001 2.0 0.002
диана 0.001 2.0 0.002
представления 0.001 1.222 0.001
учится 0.002 2.0 0.004
филиалов 0.001 2.0 0.002
бэкграундом 0.001 2.0 0.002
гармоничное 0.001 2.0 0.002
деле 0.001 0.553 0.001
мире 0.001 0.553 0.001
детские 0.002 1.523 0.003
двигаться 0.001 1.222 0.001
штутгарте 0.001 2.0 0.002
своими 0.001 0.854 0.001
растет 0.002 1.155 0.002
южные 0.001 2.0 0.002
добавляя 0.001 2.0 0.002
интегрировавший 0.001 2.0 0.002
нажмите 0.001 0.066 0.0
ковидных 0.002 1.699 0.003
доказательной 0.001 1.699 0.002
штутгарт 0.001 2.0 0.002
признают 0.001 1.301 0.001
стран 0.001 0.469 0.0
официально 0.001 0.959 0.001
навозом 0.001 2.0 0.002
правлении 0.001 2.0 0.002
нормальной 0.001 1.097 0.001
мыслящие 0.001 1.699 0.002
соблюдались 0.001 2.0 0.002
других 0.002 0.26 0.001
светлана 0.001 1.222 0.001
подтверждает 0.001 1.398 0.001
иностранного 0.002 0.102 0.0
хватает 0.001 1.046 0.001
человек 0.002 0.215 0.0
материал 0.001 0.086 0.0
платными 0.001 2.0 0.002
выступают 0.001 1.222 0.001
конкретным 0.001 1.523 0.002
мер 0.001 1.046 0.001
активный 0.001 1.523 0.002
швейцарии 0.002 1.699 0.003
промышленность 0.001 2.0 0.002
целом 0.002 0.585 0.001
большую 0.001 1.046 0.001
режим 0.001 0.921 0.001
месяца 0.003 0.745 0.002
защите 0.001 1.155 0.001
кампании 0.001 0.854 0.001
лечили 0.001 2.0 0.002
странно 0.001 1.301 0.001
фауста 0.001 2.0 0.002
бундестага 0.001 1.523 0.002
– 0.001 0.06 0.0
похвалы 0.001 2.0 0.002
новый 0.001 0.658 0.001
созывают 0.001 2.0 0.002
века 0.001 1.398 0.001
жителей 0.001 0.569 0.001
вакцинирован 0.001 1.523 0.002
время 0.002 0.102 0.0
расскажем 0.001 1.699 0.002
ковида 0.001 0.444 0.0
признать 0.001 1.0 0.001
нами 0.001 0.066 0.0
детский 0.001 1.301 0.001
вачедин 0.001 1.523 0.002
отдельных 0.001 1.046 0.001
старше 0.001 1.0 0.001
открытым 0.001 1.699 0.002
querdenker 0.001 1.699 0.002
выглядит 0.002 0.62 0.001
немецких 0.002 1.222 0.002
работают 0.001 0.553 0.001
австралии 0.002 2.0 0.004
юге 0.001 1.398 0.001
стоит 0.002 0.509 0.001
отрывом 0.001 1.699 0.002
государство 0.001 0.854 0.001
применимы 0.001 2.0 0.002
косметических 0.001 2.0 0.002
отменяли 0.001 2.0 0.002
заражению 0.001 1.523 0.002
вписываются 0.001 2.0 0.002
рекламаmeduza 0.001 0.066 0.0
реинкарнациях 0.001 2.0 0.002
никто 0.001 0.523 0.001
сад 0.001 1.699 0.002
бавария 0.001 2.0 0.002
иоганна 0.001 2.0 0.002
вернуться 0.001 0.921 0.001
моей 0.001 1.0 0.001
лицом 0.001 0.102 0.0
интерес 0.001 1.301 0.001
информированное 0.001 1.699 0.002
вася 0.001 2.0 0.002
отношение 0.001 1.0 0.001
качали 0.001 2.0 0.002
выше 0.001 0.509 0.001
обычное 0.001 1.523 0.002
getty 0.001 0.886 0.001
диссиденты 0.001 2.0 0.002
обязательно 0.001 0.959 0.001
функции 0.002 0.097 0.0
катастрофы 0.001 1.398 0.001
германии 0.007 0.854 0.006
тысяч 0.005 0.337 0.002
постоянно 0.001 0.62 0.001
создают 0.001 1.301 0.001
неделю 0.001 0.721 0.001
борьбе 0.001 0.796 0.001
танец 0.001 2.0 0.002
изобретено 0.001 2.0 0.002
поддерживает 0.001 1.301 0.001
закрытыми 0.001 1.398 0.001
штайнеровской 0.001 2.0 0.002
среди 0.001 0.42 0.0
отношения 0.001 0.921 0.001
угрозу 0.001 1.398 0.001
единичен 0.001 2.0 0.002
роста 0.001 1.301 0.001
упрекают 0.001 2.0 0.002
массе 0.001 1.699 0.002
рядом 0.001 0.854 0.001
быстро 0.002 0.495 0.001
химии 0.001 2.0 0.002
текстов 0.001 1.699 0.002
привитых 0.001 0.824 0.001
назад 0.006 0.18 0.001
другими 0.001 0.495 0.0
„ 0.002 0.62 0.001
заведения 0.001 1.699 0.002
целый 0.001 1.0 0.001
тел 0.002 1.699 0.003
характерно 0.001 1.699 0.002
перейти 0.001 0.066 0.0
поддержать 0.001 0.066 0.0
биодинамическому 0.001 2.0 0.002
пришел 0.001 1.222 0.001
источник 0.001 0.174 0.0
ангелы 0.001 1.699 0.002
визитной 0.001 2.0 0.002
позиции 0.002 1.097 0.002
кодекс 0.001 0.066 0.0
“ 0.002 0.432 0.001
моем 0.001 1.398 0.001
хочу 0.001 0.137 0.0
также 0.004 0.237 0.001
масок 0.001 1.097 0.001
рассказывает 0.002 0.569 0.001
гетц 0.001 2.0 0.002
пищевую 0.001 2.0 0.002
заметный 0.001 2.0 0.002
учителей 0.001 1.699 0.002
народный 0.001 2.0 0.002
основной 0.001 1.046 0.001
разобраны 0.001 2.0 0.002
качестве 0.001 0.678 0.001
способ 0.001 0.921 0.001
доминируют 0.001 2.0 0.002
попадают 0.001 1.222 0.001
занимает 0.001 1.301 0.001
популярна 0.001 1.699 0.002
фраза 0.001 2.0 0.002
обществе 0.002 1.398 0.003
оборот 0.001 1.301 0.001
данное 0.001 0.097 0.0
посвящен 0.001 2.0 0.002
ссылка 0.001 1.699 0.002
носить 0.001 1.097 0.001
автобиографическое 0.001 2.0 0.002
die 0.001 1.523 0.002
типа 0.001 0.959 0.001
плетутся 0.001 2.0 0.002
пройдет 0.001 1.523 0.002
ан-тро-по… 0.001 1.699 0.002
общества 0.001 0.824 0.001
возмущался 0.001 1.699 0.002
тонкие 0.001 1.699 0.002
бизнес 0.001 1.0 0.001
подробно 0.001 0.921 0.001
пор 0.001 0.387 0.0
ответственность 0.001 0.824 0.001
выбрана 0.001 1.699 0.002
правила 0.002 0.066 0.0
немецкоязычные 0.001 2.0 0.002
твой 0.001 1.523 0.002
целителей 0.001 2.0 0.002
вакцинации 0.007 0.553 0.004
вальдорфские 0.002 2.0 0.004
вконтакте 0.001 0.066 0.0
часть 0.002 0.456 0.001
нашей 0.001 0.699 0.001
прививками 0.001 1.301 0.001
станцевать 0.001 2.0 0.002
центром 0.001 1.301 0.001
одновременно 0.001 0.796 0.001
живет 0.001 0.854 0.001
ста 0.001 1.398 0.001
live 0.001 0.022 0.0
тренд 0.001 1.699 0.002
использующих 0.001 1.699 0.002
далеко 0.002 0.745 0.001
форме 0.001 0.886 0.001
надоела 0.001 2.0 0.002
блог 0.001 0.066 0.0
детей 0.002 0.523 0.001
хвосте 0.001 2.0 0.002
антропософов 0.006 1.699 0.01
инстаграм 0.001 0.066 0.0
значимости 0.001 1.699 0.002
© 0.001 0.0 0.0
размножается 0.001 1.398 0.001
заявлении 0.002 1.523 0.003
выделите 0.001 0.066 0.0
показатели 0.001 1.0 0.001
ситуация 0.002 0.569 0.001
пандемию 0.001 1.155 0.001
обсуждали 0.001 1.398 0.001
смертей 0.002 0.959 0.002
читайте 0.002 0.745 0.001
могли 0.002 0.699 0.001
велико 0.001 1.699 0.002
спасает 0.002 1.398 0.003
фамилию 0.001 1.699 0.002
идущую 0.001 2.0 0.002
meduzacare 0.001 0.066 0.0
прививкам 0.001 1.699 0.002
против 0.008 0.229 0.002
масштабные 0.002 1.398 0.003
учений 0.002 2.0 0.004
разработать 0.001 1.523 0.002
микросоциуме 0.002 2.0 0.004
свободное 0.002 1.222 0.002
той 0.001 0.62 0.001
кнопка 0.001 0.066 0.0
сельскохозяйственных 0.001 2.0 0.002
карме 0.001 2.0 0.002
хотя 0.002 0.276 0.001
рассказывали 0.001 1.155 0.001
учеников 0.001 1.699 0.002
четкой 0.001 1.523 0.002
дмитрий 0.001 0.658 0.001
приверженцы 0.001 2.0 0.002
противниках 0.002 2.0 0.004
коровьих 0.001 2.0 0.002
вечерняя 0.001 0.066 0.0
соседних 0.001 1.523 0.002
слушай 0.001 2.0 0.002
это 0.011 0.066 0.001
вакцин 0.003 0.62 0.002
попей 0.001 2.0 0.002
случайна 0.001 1.699 0.002
основанной 0.001 1.699 0.002
пандемии 0.002 0.658 0.001
назвать 0.001 0.959 0.001
поддержки 0.001 0.066 0.0
называть 0.001 1.0 0.001
повторим 0.002 1.523 0.003
ношение 0.001 1.301 0.001
основаниях 0.001 2.0 0.002
помощь 0.001 0.097 0.0
xx 0.001 1.398 0.001
называют 0.001 0.699 0.001
стал 0.001 0.658 0.001
конспирологические 0.001 1.699 0.002
сотрудника 0.001 1.398 0.001
вопросу 0.001 1.301 0.001
регионах 0.001 0.886 0.001
работаем 0.001 0.161 0.0
впечатляющее 0.001 1.523 0.002
выступающей 0.001 2.0 0.002
текст 0.001 0.886 0.001
своим 0.001 0.658 0.001
отсюда 0.001 1.097 0.001
места 0.001 0.886 0.001
фон 0.001 1.699 0.002
школе 0.004 1.301 0.005
около 0.001 0.432 0.0
решило 0.001 1.523 0.002
права 0.001 0.854 0.001
педагогики 0.001 2.0 0.002
графики 0.002 1.523 0.003
общих 0.001 1.699 0.002
остальные 0.001 0.854 0.001
одну 0.001 0.77 0.001
упоминается 0.001 1.398 0.001
сеть 0.001 1.523 0.002
24/7 0.001 0.102 0.0
организаций 0.001 1.046 0.001
последнюю 0.001 1.155 0.001
евро 0.001 1.301 0.001
протесты 0.002 1.097 0.002
происхождение 0.001 1.301 0.001
android 0.001 0.066 0.0
врачей-гомеопатов 0.001 2.0 0.002
english 0.001 0.06 0.0
школа 0.001 1.523 0.002
самое 0.001 0.638 0.001
учился 0.001 1.523 0.002
большая 0.001 0.77 0.001
древнее 0.001 2.0 0.002
начался 0.002 0.921 0.002
крупнейшей 0.001 1.097 0.001
математику 0.001 1.398 0.001
basis 0.001 1.523 0.002
поддержка 0.001 0.167 0.0
нужна 0.002 0.092 0.0
действовать 0.001 1.0 0.001
канон 0.001 2.0 0.002
вакцинация 0.003 0.699 0.002
творческие 0.001 2.0 0.002
подразумевает 0.001 1.699 0.002
важна 0.002 1.155 0.002
принято 0.001 1.097 0.001
ксении 0.001 2.0 0.002
противники 0.001 1.398 0.001
дверями 0.001 1.699 0.002
масками 0.001 2.0 0.002
носит 0.001 1.398 0.001
принципах 0.001 2.0 0.002
аргументы 0.001 0.77 0.001
общий 0.001 1.301 0.001
штайнера 0.003 2.0 0.006
случаях 0.001 0.658 0.001
семье 0.002 1.301 0.003
здание 0.001 1.097 0.001
годы 0.002 0.745 0.001
областей 0.001 1.398 0.001
всем 0.001 0.252 0.0
скептического 0.001 2.0 0.002
меры 0.002 0.854 0.002
членов 0.001 1.097 0.001
дома 0.001 0.638 0.001
оно 0.002 0.444 0.001
требования 0.001 0.066 0.0
связаться 0.001 0.066 0.0
самом 0.001 0.481 0.0
происходит 0.001 0.387 0.0
конференции 0.001 1.398 0.001
золотой 0.001 1.699 0.002
разработал 0.001 2.0 0.002
информации 0.001 0.102 0.0
закон 0.001 1.0 0.001
гдр 0.001 1.523 0.002
большим 0.001 1.046 0.001
учебные 0.001 2.0 0.002
лечат 0.001 1.523 0.002
тех 0.001 0.26 0.0
выстроено 0.001 2.0 0.002
соответственно 0.002 0.921 0.002
неудачи 0.001 2.0 0.002
бытовой 0.001 2.0 0.002
ковидом 0.002 0.658 0.001
болит 0.001 1.398 0.001
важно 0.001 0.509 0.001
конспирологи 0.001 2.0 0.002
считает 0.002 0.678 0.001
поддерживающей 0.001 2.0 0.002
статистически 0.001 1.301 0.001
измерить 0.001 1.301 0.001
тобиаса 0.001 2.0 0.002
силы 0.001 0.796 0.001
закапывания 0.001 2.0 0.002
проникает 0.001 1.523 0.002
штайнер 0.002 2.0 0.004
появится 0.001 1.398 0.001
медицину 0.001 2.0 0.002
ритуалами 0.001 2.0 0.002
почему 0.002 0.337 0.001
знаю 0.001 0.721 0.001
заведениями 0.001 2.0 0.002
региональным 0.001 1.699 0.002
гармонизации 0.001 1.699 0.002
привиться 0.001 0.796 0.001
медузе 0.003 0.066 0.0
принципы 0.001 1.699 0.002
немецкий 0.002 1.301 0.003
точно 0.001 0.481 0.0
первый 0.001 0.481 0.0
языка 0.001 1.398 0.001
окончила 0.001 2.0 0.002
берлине 0.001 1.222 0.001
образ 0.001 1.222 0.001
facebook 0.001 0.0 0.0
позитивный 0.001 1.699 0.002
таком 0.001 0.921 0.001
медузу 0.002 0.066 0.0
обработки 0.001 0.066 0.0
препятствуют 0.001 2.0 0.002
друг 0.002 0.699 0.001
стороны 0.001 0.432 0.0
приняли 0.001 1.046 0.001
тестироваться 0.001 2.0 0.002
эзотерика 0.001 2.0 0.002
массовой 0.001 0.097 0.0
австрии 0.003 1.301 0.004
вроде 0.001 0.658 0.001
окружающей 0.001 2.0 0.002
непосредственно 0.001 0.959 0.001
кто-то 0.002 0.602 0.001
точки 0.001 0.638 0.001
косметика 0.001 2.0 0.002
живут 0.002 0.886 0.002
наряду 0.001 1.398 0.001
гомеопат 0.001 2.0 0.002
сложно 0.001 0.538 0.001
западной 0.002 1.222 0.002
каждый 0.002 0.509 0.001
главное 0.001 0.658 0.001
косметики 0.001 1.699 0.002
сторонников 0.001 1.398 0.001
южных 0.001 2.0 0.002
сектой 0.001 2.0 0.002
швейцарских 0.001 2.0 0.002
такие 0.002 0.444 0.001
элементы 0.001 2.0 0.002
швецию 0.001 2.0 0.002
40–50 0.001 1.523 0.002
авторы 0.001 0.921 0.001
словам 0.001 0.658 0.001
школ 0.003 1.398 0.004
спасибоgiphyза 0.001 0.066 0.0
показывать 0.001 0.066 0.0
соединяет 0.001 2.0 0.002
вперед 0.001 1.398 0.001
twitter 0.001 0.0 0.0
пожалуйста 0.001 0.102 0.0
акциях 0.002 1.222 0.002
пример 0.001 0.824 0.001
гомеопатия 0.001 2.0 0.002
наше 0.001 0.921 0.001
образование 0.001 1.155 0.001
маскам 0.001 2.0 0.002
поступиться 0.001 2.0 0.002
влияния 0.001 1.398 0.001
платформы 0.002 0.066 0.0
каждого 0.001 0.678 0.001
ученик 0.001 1.699 0.002
наверное 0.002 0.921 0.002
мировоззрение 0.001 1.699 0.002
dm 0.003 2.0 0.006
именно 0.003 0.244 0.001
действиях 0.001 1.155 0.001
прошлом 0.001 0.921 0.001
учения 0.002 2.0 0.004
гомеопатические 0.001 2.0 0.002
вакцины 0.001 0.585 0.001
первая 0.001 0.77 0.001
персональные 0.001 0.066 0.0
такое 0.001 0.347 0.0
пост 0.001 0.796 0.001
очень 0.005 0.149 0.001
которые 0.005 0.119 0.001
активно 0.001 0.77 0.001
многих 0.002 0.658 0.001
немцев 0.001 1.523 0.002
совещание 0.001 2.0 0.002
имя 0.001 1.046 0.001
голова 0.001 1.398 0.001
обсудить 0.001 1.523 0.002
meduza 0.002 0.0 0.0
кого 0.002 0.509 0.001
баварии 0.002 1.699 0.003
слышала 0.001 1.398 0.001
остается 0.001 0.638 0.001
новым 0.001 0.796 0.001
немецком 0.001 1.523 0.002
мини-реальность 0.001 2.0 0.002
германия 0.001 1.046 0.001
медленный 0.001 2.0 0.002
называет 0.001 1.046 0.001
появилось 0.001 0.854 0.001
ясной 0.001 1.699 0.002
иммунной 0.001 0.959 0.001
антропософским 0.001 2.0 0.002
организма 0.001 0.921 0.001
демонстрируют 0.001 2.0 0.002
немецкого 0.002 1.301 0.003
маски 0.002 1.301 0.003
идут 0.002 0.699 0.001
версия 0.001 1.222 0.001
иначе 0.001 0.745 0.001
чудом 0.001 2.0 0.002
опасный 0.001 1.523 0.002
странах 0.001 0.495 0.0
год 0.002 0.409 0.001
спущенные 0.001 2.0 0.002
головами 0.001 2.0 0.002
свое 0.001 0.721 0.001
бизнеса 0.001 1.222 0.001
учителя 0.001 1.398 0.001
вначале 0.001 1.699 0.002
астрального 0.001 2.0 0.002
настрой 0.001 2.0 0.002
баден-вюртемберг 0.001 2.0 0.002
рейхсбюргеры 0.001 2.0 0.002
школу 0.001 1.097 0.001
летом 0.001 1.097 0.001
филиалах 0.001 2.0 0.002
эта 0.002 0.367 0.001
российским 0.001 0.092 0.0
официальное 0.001 1.523 0.002
которых 0.002 0.237 0.0
одной 0.002 0.398 0.001
weleda 0.001 2.0 0.002
графика 0.002 1.699 0.003
тому 0.002 0.509 0.001
эссе 0.001 2.0 0.002
журналиста 0.001 1.398 0.001
реклама 0.002 0.066 0.0
началом 0.001 1.222 0.001
времен 0.001 1.222 0.001
из-за 0.002 0.229 0.0
интересах 0.001 0.167 0.0
начала 0.001 0.398 0.0
материалов 0.001 1.097 0.001
товаров 0.001 1.398 0.001
тоталитаризм 0.001 1.398 0.001
ксения 0.002 2.0 0.004
вернер 0.001 1.699 0.002
недешевых 0.001 2.0 0.002
сопредседателя 0.001 2.0 0.002
сообщение 0.001 0.102 0.0
комьюнити 0.001 2.0 0.002
методов 0.001 1.222 0.001
плохо 0.002 0.569 0.001
препараты 0.001 0.824 0.001
жила 0.002 1.398 0.003
сделать 0.001 0.357 0.0
