разрешить 0.001 1.699 0.002
российские 0.004 0.328 0.001
редакции 0.002 0.066 0.0
сертификата 0.001 1.523 0.002
неудачные 0.001 2.0 0.002
список 0.008 0.658 0.005
баннерам 0.001 0.066 0.0
заблокирована 0.001 0.824 0.001
россии 0.004 0.119 0.0
защищенные 0.001 2.0 0.002
установили 0.001 0.959 0.001
гифки 0.001 0.066 0.0
агента 0.002 0.097 0.0
яндекс.браузер 0.001 2.0 0.002
пять 0.001 0.509 0.001
кроме 0.001 0.387 0.0
знают 0.001 1.097 0.001
небезопасном 0.001 2.0 0.002
защищена 0.002 1.398 0.003
подлинность 0.001 1.699 0.002
edge 0.002 1.523 0.003
переживать 0.001 1.699 0.002
in 0.001 0.0 0.0
информационным 0.001 2.0 0.002
защищенность 0.001 2.0 0.002
право 0.001 0.824 0.001
зотов 0.001 2.0 0.002
оплачивать 0.001 2.0 0.002
настолько 0.001 0.886 0.001
отключили 0.001 1.301 0.001
работе 0.002 0.824 0.002
списки 0.001 1.301 0.001
участники 0.001 0.921 0.001
приведет 0.001 1.097 0.001
системы 0.001 0.585 0.001
услуги 0.002 1.699 0.003
который 0.001 0.194 0.0
анонимно 0.001 0.066 0.0
зарубежных 0.002 1.155 0.002
просто 0.005 0.194 0.001
ваша 0.004 0.102 0.0
попытаться 0.001 1.398 0.001
предлогом 0.001 2.0 0.002
сайта 0.002 1.046 0.002
глобальные 0.001 2.0 0.002
привела 0.001 1.046 0.001
попытки 0.001 1.222 0.001
страницей 0.001 2.0 0.002
содействие 0.001 1.699 0.002
mail.ru 0.004 2.0 0.008
труднее 0.001 0.721 0.001
остальной 0.001 2.0 0.002
компаниями 0.001 1.699 0.002
читателейнам 0.001 0.174 0.0
куки 0.001 0.066 0.0
влиянием 0.001 1.699 0.002
непродуманной 0.001 2.0 0.002
использование 0.001 0.066 0.0
удостоверяющий 0.001 1.699 0.002
обменивается 0.001 2.0 0.002
произошло 0.001 0.796 0.001
https 0.001 2.0 0.002
две 0.001 0.553 0.001
платформ 0.001 1.301 0.001
безопасного 0.001 2.0 0.002
дальше 0.001 0.523 0.001
порядку 0.001 0.066 0.0
которую 0.001 0.469 0.0
поместили 0.001 2.0 0.002
года 0.005 0.167 0.001
en 0.001 0.066 0.0
позволят 0.001 1.699 0.002
кнр 0.001 1.398 0.001
работает 0.001 0.367 0.0
необходимо 0.001 0.585 0.001
установка 0.001 2.0 0.002
создав 0.001 2.0 0.002
сидеть 0.002 1.097 0.002
понижают 0.001 2.0 0.002
исключительно 0.001 1.155 0.001
начали 0.001 0.481 0.0
поисковики 0.001 2.0 0.002
распространено 0.001 0.102 0.0
статуса 0.001 1.699 0.002
ручной 0.001 2.0 0.002
замочек 0.001 2.0 0.002
провести 0.002 0.745 0.001
госуслуг 0.001 2.0 0.002
ios 0.001 0.066 0.0
придется 0.002 0.854 0.002
внесли 0.001 1.699 0.002
cnnic 0.002 2.0 0.004
будут 0.002 0.301 0.001
важны 0.001 1.222 0.001
рассчитывать 0.001 1.398 0.001
статус 0.001 1.222 0.001
замочка 0.001 2.0 0.002
санкционных 0.001 2.0 0.002
несколько 0.001 0.201 0.0
страница 0.002 2.0 0.004
atom 0.002 2.0 0.004
предсказуемо 0.001 2.0 0.002
открывают 0.001 1.301 0.001
строку 0.001 2.0 0.002
причина 0.001 0.959 0.001
прямо 0.001 0.357 0.0
сайтов 0.002 2.0 0.004
соблюдать 0.002 1.301 0.003
свой 0.001 0.585 0.001
сторонние 0.001 1.699 0.002
подтвердить 0.001 1.097 0.001
деньги 0.001 0.77 0.001
могут 0.002 0.187 0.0
перешло 0.001 1.699 0.002
выпустившего 0.001 2.0 0.002
структуру 0.001 1.222 0.001
социальных 0.001 1.155 0.001
примером 0.001 1.699 0.002
раза 0.001 0.602 0.001
доверяют 0.001 1.699 0.002
пока 0.004 0.208 0.001
работать 0.001 0.409 0.0
которой 0.001 0.377 0.0
срок 0.001 1.046 0.001
подписанных 0.001 1.699 0.002
коммерческих 0.001 1.699 0.002
кремля 0.001 1.222 0.001
вообще 0.002 0.066 0.0
предложить 0.002 1.222 0.002
китайским 0.001 1.301 0.001
мерах 0.001 1.523 0.002
яндекс.браузером 0.001 2.0 0.002
истории 0.001 0.337 0.0
сертификатов 0.005 1.523 0.008
адрес 0.001 1.301 0.001
доступом 0.001 1.699 0.002
рассылку 0.001 2.0 0.002
ведомств 0.001 1.523 0.002
цифровыми 0.001 2.0 0.002
показывали 0.001 1.699 0.002
крупных 0.001 0.959 0.001
нажав 0.001 2.0 0.002
отечественных 0.001 2.0 0.002
нашли 0.001 0.066 0.0
связи 0.002 0.0 0.0
цс 0.005 2.0 0.01
сертификате 0.001 2.0 0.002
казахстане 0.001 1.523 0.002
онлайн-клиентам 0.001 2.0 0.002
сервисов 0.002 1.699 0.003
корневой 0.005 2.0 0.01
поддерживают 0.001 1.301 0.001
медуза 0.005 0.066 0.0
попадет 0.001 1.222 0.001
vk 0.001 1.398 0.001
сертификатами 0.001 2.0 0.002
нам 0.004 0.086 0.0
помочь 0.002 0.131 0.0
обмену 0.001 1.699 0.002
safari 0.002 2.0 0.004
сертификации 0.001 2.0 0.002
этому 0.001 0.432 0.0
атаку 0.001 1.398 0.001
продолжаем 0.001 0.699 0.001
зарабатывают 0.001 1.699 0.002
онлайн-банками 0.001 2.0 0.002
интернет-активность 0.001 2.0 0.002
выдаче 0.001 2.0 0.002
юридическим 0.001 0.102 0.0
начались 0.001 0.921 0.001
материалам 0.001 0.066 0.0
январских 0.001 2.0 0.002
срочно 0.001 0.167 0.0
несмотря 0.001 0.456 0.0
символ 0.001 1.222 0.001
самых 0.002 0.62 0.001
якобы 0.001 0.854 0.001
иностранным 0.002 0.097 0.0
управление 0.001 1.097 0.001
man-in-the-middle 0.002 2.0 0.004
практике 0.001 1.0 0.001
нужно 0.004 0.237 0.001
организации 0.002 0.658 0.001
случаи 0.001 0.721 0.001
начинается 0.001 1.301 0.001
кампания 0.001 1.398 0.001
например 0.004 0.229 0.001
сайтом 0.005 1.699 0.008
своих 0.001 0.398 0.0
блокировали 0.001 2.0 0.002
свои 0.001 0.481 0.0
борьбы 0.001 1.097 0.001
вводил 0.001 2.0 0.002
пользователем 0.002 1.523 0.003
установить 0.004 1.155 0.005
сертификат 0.014 1.155 0.016
ctrl+enter 0.001 0.066 0.0
безопасно 0.004 0.066 0.0
новостиисторииразборшапитокоронавирусмагаз 0.001 0.066 0.0
позже 0.001 0.886 0.001
обычно 0.001 0.523 0.001
современной 0.002 1.523 0.003
зарегистрированы 0.001 1.097 0.001
правительственным 0.001 1.699 0.002
посредника 0.001 1.398 0.001
произошли 0.001 2.0 0.002
youtube 0.001 0.06 0.0
пользоваться 0.004 1.046 0.004
получили 0.001 0.745 0.001
потерять 0.001 1.222 0.001
провайдер 0.001 2.0 0.002
создано 0.001 0.097 0.0
ограничений 0.001 0.824 0.001
значительно 0.001 0.959 0.001
которая 0.001 0.301 0.0
доступа 0.001 1.097 0.001
поддержите 0.001 0.102 0.0
пользователей 0.005 1.301 0.007
пользователя 0.001 1.523 0.002
wosign 0.001 2.0 0.002
которого 0.001 0.585 0.001
достаточно 0.001 0.444 0.0
authorities 0.001 1.046 0.001
средством 0.001 0.102 0.0
рекламных 0.001 2.0 0.002
сервисами 0.001 2.0 0.002
выполняющим 0.002 0.097 0.0
пользователь 0.002 1.699 0.003
четыре 0.001 0.569 0.001
возможность 0.001 0.569 0.001
происходящее 0.001 1.0 0.001
году 0.001 0.367 0.0
алексей 0.001 0.886 0.001
ошибку 0.002 0.066 0.0
подставиться 0.002 2.0 0.004
дочерние 0.005 2.0 0.01
выдает 0.001 2.0 0.002
оглядываясь 0.001 1.699 0.002
следующая 0.001 1.523 0.002
электронной 0.001 1.523 0.002
group 0.001 1.155 0.001
обстановке 0.001 1.523 0.002
владельца 0.001 1.398 0.001
предупреждение 0.001 1.301 0.001
префикса 0.001 2.0 0.002
правило 0.002 1.097 0.002
компании 0.002 0.523 0.001
абсолютно 0.002 0.721 0.001
проблемы 0.001 0.62 0.001
apple 0.002 1.523 0.003
вопрос 0.001 0.42 0.0
владелец 0.001 1.398 0.001
известную 0.001 2.0 0.002
сертификаты 0.018 1.523 0.027
наиболее 0.001 0.745 0.001
пользователями 0.001 2.0 0.002
продуктов 0.001 1.097 0.001
данные 0.001 0.066 0.0
убедив 0.001 2.0 0.002
отзыва 0.001 2.0 0.002
отключений 0.001 2.0 0.002
адресом 0.001 2.0 0.002
злоумышленники 0.001 2.0 0.002
помочьхочу 0.001 0.886 0.001
убеждать 0.001 1.523 0.002
поддельный 0.001 2.0 0.002
корневыми 0.001 2.0 0.002
выпуска 0.001 1.398 0.001
интернет-банками 0.001 2.0 0.002
сбрасывать 0.001 1.699 0.002
мире 0.001 0.553 0.001
бельгии 0.001 1.699 0.002
признавать 0.001 2.0 0.002
своими 0.001 0.854 0.001
популярных 0.002 1.398 0.003
данным 0.001 0.444 0.0
нажмите 0.001 0.066 0.0
почтой 0.001 2.0 0.002
случаев 0.001 0.658 0.001
рассказываем 0.002 0.886 0.002
соединение 0.002 2.0 0.004
считать 0.001 0.854 0.001
стран 0.001 0.469 0.0
вашу 0.001 1.523 0.002
российский 0.002 0.638 0.001
добавлять 0.004 1.699 0.007
идет 0.001 0.367 0.0
российских 0.002 0.337 0.001
других 0.001 0.26 0.0
имени 0.001 0.796 0.001
иностранного 0.002 0.102 0.0
платные 0.001 2.0 0.002
минцифры 0.002 2.0 0.004
материал 0.001 0.086 0.0
понятно 0.001 0.699 0.001
попыток 0.001 2.0 0.002
критическими 0.001 2.0 0.002
яндекса 0.001 1.699 0.002
госуслуги 0.001 1.523 0.002
помечать 0.001 2.0 0.002
– 0.001 0.06 0.0
время 0.002 0.102 0.0
кризисных 0.001 2.0 0.002
нами 0.001 0.066 0.0
отзыв 0.002 2.0 0.004
которыми 0.001 0.854 0.001
попытались 0.001 1.155 0.001
массово 0.001 1.097 0.001
центра 0.001 0.77 0.001
новые 0.001 0.602 0.001
работают 0.001 0.553 0.001
черный 0.002 1.301 0.003
ос 0.001 2.0 0.002
стоит 0.002 0.509 0.001
цифровых 0.001 2.0 0.002
рекламаmeduza 0.001 0.066 0.0
властям 0.001 1.301 0.001
пользователи 0.004 1.398 0.006
работы 0.002 0.553 0.001
лицом 0.001 0.102 0.0
намеренно 0.001 1.222 0.001
настоящему 0.001 1.398 0.001
выпускать 0.004 1.097 0.004
телефонных 0.001 2.0 0.002
функции 0.002 0.097 0.0
массовая 0.001 1.155 0.001
браузере 0.001 1.523 0.002
отказа 0.001 1.097 0.001
ситуациях 0.001 1.155 0.001
соединении 0.001 2.0 0.002
сертификатом 0.004 2.0 0.008
рядом 0.001 0.854 0.001
сетей 0.001 1.699 0.002
certificate 0.001 2.0 0.002
международные 0.001 1.398 0.001
черные 0.001 1.699 0.002
систем 0.002 1.301 0.003
защищенным 0.001 2.0 0.002
издание 0.001 0.721 0.001
назад 0.002 0.18 0.0
безопасности 0.002 0.481 0.001
протестов 0.001 1.222 0.001
предосторожности 0.001 1.398 0.001
текущей 0.001 1.398 0.001
перейти 0.002 0.066 0.0
интернет-сервисов 0.001 2.0 0.002
поддержать 0.001 0.066 0.0
источник 0.001 0.174 0.0
компаний 0.002 0.959 0.002
кодекс 0.001 0.066 0.0
озабоченных 0.001 2.0 0.002
отказывались 0.001 1.699 0.002
хочу 0.002 0.137 0.0
договориться 0.001 1.523 0.002
также 0.001 0.237 0.0
firefox 0.001 1.699 0.002
россиянам 0.001 1.0 0.001
тасс 0.001 0.699 0.001
google 0.006 1.301 0.008
вручную 0.002 1.699 0.003
сайтами 0.005 2.0 0.01
очередь 0.001 0.62 0.001
данное 0.001 0.097 0.0
доступ 0.004 0.921 0.004
теоретически 0.001 1.046 0.001
попытка 0.001 1.398 0.001
типа 0.001 0.959 0.001
убедить 0.001 1.301 0.001
интернетом 0.002 2.0 0.004
последних 0.001 1.0 0.001
пользователям 0.005 1.699 0.008
интернет-суверенитетом 0.001 2.0 0.002
правила 0.004 0.066 0.0
цепи 0.001 1.523 0.002
корневого 0.002 2.0 0.004
использовать 0.001 0.585 0.001
добавят 0.001 2.0 0.002
государственными 0.001 1.699 0.002
вконтакте 0.001 0.066 0.0
предлагало 0.001 2.0 0.002
адресную 0.001 2.0 0.002
live 0.001 0.022 0.0
государственный 0.004 1.097 0.004
пыталось 0.001 1.699 0.002
возможности 0.001 0.77 0.001
массовых 0.001 1.301 0.001
сайты 0.006 1.398 0.008
название 0.001 0.921 0.001
windows 0.001 1.398 0.001
блог 0.001 0.066 0.0
инстаграм 0.001 0.066 0.0
слежки 0.001 2.0 0.002
© 0.001 0.0 0.0
разработчиков 0.001 1.097 0.001
проблема 0.001 0.721 0.001
выделите 0.001 0.066 0.0
разных 0.001 0.398 0.0
получить 0.004 0.553 0.002
условиях 0.001 0.569 0.001
государственные 0.002 1.398 0.003
власти 0.001 0.387 0.0
certification 0.001 2.0 0.002
банков 0.005 1.523 0.008
интернет 0.001 1.097 0.001
использования 0.002 0.921 0.002
meduzacare 0.001 0.066 0.0
доверенных 0.007 2.0 0.014
кнопка 0.001 0.066 0.0
владельцы 0.001 2.0 0.002
правительство 0.004 0.824 0.003
доверия 0.002 1.301 0.003
некоммерческих 0.001 2.0 0.002
нужны 0.001 0.745 0.001
государственных 0.004 1.0 0.004
сайтам 0.002 2.0 0.004
вечерняя 0.001 0.066 0.0
речь 0.001 0.432 0.0
служб 0.001 1.523 0.002
это 0.007 0.066 0.0
казахстан 0.001 1.398 0.001
египте 0.001 2.0 0.002
готовы 0.001 0.678 0.001
массовые 0.001 1.046 0.001
смогут 0.002 0.745 0.001
поддержки 0.002 0.066 0.0
помощь 0.002 0.097 0.0
читателей 0.001 0.658 0.001
шифруют 0.001 2.0 0.002
браузеры 0.008 2.0 0.016
перестали 0.001 1.301 0.001
работаем 0.002 0.161 0.0
данными 0.001 0.959 0.001
браузеров 0.004 2.0 0.008
двух 0.001 0.377 0.0
внести 0.001 1.398 0.001
войны 0.002 0.42 0.001
действия 0.001 0.721 0.001
// 0.001 1.699 0.002
сайт 0.001 1.097 0.001
независимое 0.001 0.721 0.001
¾ 0.001 2.0 0.002
открываются 0.001 2.0 0.002
собственный 0.001 1.301 0.001
24/7 0.001 0.102 0.0
атака 0.001 1.398 0.001
интернете 0.004 1.301 0.005
организаций 0.001 1.046 0.001
android 0.001 0.066 0.0
установки 0.001 1.398 0.001
ведомство 0.001 1.155 0.001
english 0.001 0.06 0.0
незашифрованном 0.001 2.0 0.002
терроризмом 0.001 2.0 0.002
казахстанские 0.001 1.699 0.002
особенно 0.001 0.553 0.001
поддержка 0.001 0.167 0.0
нужна 0.004 0.092 0.0
марта 0.002 0.319 0.001
mozilla 0.004 2.0 0.008
корневым 0.001 2.0 0.002
открывает 0.001 1.699 0.002
копию 0.001 1.699 0.002
имеют 0.001 0.678 0.001
сбои 0.001 2.0 0.002
всем 0.004 0.252 0.001
забывать 0.001 1.222 0.001
проверенных 0.001 2.0 0.002
требования 0.001 0.066 0.0
посмотреть 0.002 0.721 0.001
связаться 0.001 0.066 0.0
руками 0.001 1.301 0.001
ответственной 0.001 2.0 0.002
информации 0.002 0.102 0.0
имеет 0.001 0.602 0.001
цифровые 0.002 2.0 0.004
dns-серверов 0.001 2.0 0.002
содержат 0.001 1.398 0.001
попасть 0.001 0.921 0.001
интернета 0.002 2.0 0.004
сочли 0.001 2.0 0.002
нарушениям 0.001 2.0 0.002
утратой 0.001 2.0 0.002
выдавая 0.001 2.0 0.002
медузе 0.002 0.066 0.0
отдельный 0.001 1.222 0.001
атакой 0.001 2.0 0.002
мошеннический 0.001 2.0 0.002
платежных 0.002 2.0 0.004
поскольку 0.001 0.678 0.001
небезопасно 0.001 1.398 0.001
иностранными 0.001 1.699 0.002
разработчики 0.002 1.0 0.002
facebook 0.002 0.0 0.0
защищают 0.001 1.0 0.001
microsoft 0.004 2.0 0.008
медузу 0.002 0.066 0.0
обработки 0.001 0.066 0.0
хочет 0.001 0.854 0.001
устройства 0.002 1.699 0.003
стороны 0.001 0.432 0.0
россия 0.001 0.398 0.0
массовой 0.001 0.097 0.0
китайских 0.001 1.523 0.002
вроде 0.001 0.658 0.001
кто-то 0.001 0.602 0.001
сложно 0.001 0.538 0.001
службы 0.001 0.959 0.001
комментировали 0.001 2.0 0.002
провайдера 0.001 2.0 0.002
такие 0.004 0.444 0.002
оказывается 0.001 0.886 0.001
виде 0.001 0.745 0.001
устанавливать 0.001 1.699 0.002
сложнее 0.001 0.921 0.001
технологическими 0.001 2.0 0.002
спасибоgiphyза 0.001 0.066 0.0
показывать 0.001 0.066 0.0
трафик 0.002 1.523 0.003
authority 0.001 1.398 0.001
мошенников 0.001 2.0 0.002
компания 0.001 1.0 0.001
twitter 0.002 0.0 0.0
добавила 0.001 1.699 0.002
ключи 0.001 1.699 0.002
обычных 0.001 1.097 0.001
подписывать 0.001 1.155 0.001
древовидную 0.001 2.0 0.002
пожалуйста 0.001 0.102 0.0
основные 0.001 1.222 0.001
связано 0.001 0.854 0.001
платформы 0.002 0.066 0.0
vpn 0.001 1.301 0.001
цифрового 0.001 2.0 0.002
каждого 0.001 0.678 0.001
трудом 0.001 1.222 0.001
откроет 0.001 2.0 0.002
близким 0.001 1.523 0.002
именно 0.001 0.244 0.0
понять 0.001 0.721 0.001
прошлом 0.001 0.921 0.001
первая 0.001 0.77 0.001
персональные 0.001 0.066 0.0
такое 0.001 0.347 0.0
международных 0.001 1.097 0.001
очень 0.004 0.149 0.001
госуслугами 0.001 2.0 0.002
которые 0.006 0.119 0.001
многими 0.001 1.699 0.002
небезопасные 0.001 2.0 0.002
meduza 0.004 0.0 0.0
десяти 0.001 0.921 0.001
соединения 0.004 2.0 0.008
одна 0.001 0.42 0.0
владеющая 0.001 2.0 0.002
браузера 0.001 1.523 0.002
chrome 0.002 2.0 0.004
зайти 0.001 1.398 0.001
установкой 0.002 2.0 0.004
безопасным 0.001 1.699 0.002
правительственными 0.001 2.0 0.002
обладающих 0.001 2.0 0.002
поддельную 0.001 2.0 0.002
госсертификаты 0.001 2.0 0.002
информационная 0.001 2.0 0.002
моменту 0.001 1.097 0.001
чему 0.001 1.301 0.001
российским 0.002 0.092 0.0
которых 0.001 0.237 0.0
установлены 0.001 1.699 0.002
тому 0.001 0.509 0.001
украине 0.001 0.444 0.0
реклама 0.002 0.066 0.0
сегментом 0.001 1.699 0.002
делать 0.001 0.276 0.0
интересах 0.002 0.167 0.0
начала 0.002 0.398 0.001
подхода 0.001 1.155 0.001
сша 0.001 0.469 0.0
кцс 0.002 2.0 0.004
сообщение 0.001 0.102 0.0
шифрования 0.001 2.0 0.002
десятков 0.001 1.046 0.001
телефоном 0.002 2.0 0.004
современные 0.001 1.523 0.002
