экспертов 0.001 1.097 0.001
использованием 0.003 1.301 0.004
поводу 0.001 0.824 0.001
хирша 0.001 2.0 0.002
мировым 0.001 1.699 0.002
ходе 0.001 0.921 0.001
редакции 0.002 0.066 0.0
пресс-конференцию 0.001 1.699 0.002
важной 0.001 2.0 0.002
lancet 0.001 1.301 0.001
эволюционное 0.001 2.0 0.002
рекомбинации 0.006 1.699 0.01
помещении 0.001 0.959 0.001
конкретными 0.001 2.0 0.002
баннерам 0.001 0.066 0.0
целых 0.001 1.301 0.001
технические 0.001 1.398 0.001
times 0.002 0.699 0.001
действительно 0.003 0.377 0.001
обещал 0.001 1.523 0.002
дерево 0.001 1.699 0.002
реагентов 0.001 2.0 0.002
гифки 0.001 0.066 0.0
близкой 0.001 1.699 0.002
вышла 0.001 0.959 0.001
зависит 0.001 0.638 0.001
агента 0.002 0.097 0.0
специфическая 0.001 2.0 0.002
омикрона 0.003 0.921 0.003
говорит 0.001 0.409 0.0
появлении 0.001 1.699 0.002
virological 0.001 2.0 0.002
амплифицируется 0.003 2.0 0.006
исключает 0.001 1.523 0.002
in 0.001 0.0 0.0
тяжелых 0.001 0.921 0.001
причем 0.002 0.62 0.001
летальнее 0.002 2.0 0.004
эксперты 0.001 0.959 0.001
госпитализация 0.002 1.398 0.003
весомым 0.001 2.0 0.002
работе 0.001 0.824 0.001
эффективности 0.001 0.678 0.001
кострикисом 0.001 2.0 0.002
системы 0.001 0.585 0.001
форуме 0.001 1.699 0.002
известный 0.001 1.097 0.001
таких 0.002 0.347 0.001
образуют 0.001 1.699 0.002
газета.ру 0.001 2.0 0.002
который 0.002 0.194 0.0
посте 0.001 1.699 0.002
анонимно 0.001 0.066 0.0
ответил 0.001 1.046 0.001
впечатляющую 0.001 1.398 0.001
уровень 0.001 0.824 0.001
просто 0.002 0.194 0.0
естественное 0.001 2.0 0.002
короткую 0.001 1.398 0.001
ваша 0.002 0.102 0.0
склоняется 0.001 2.0 0.002
заменяете 0.001 2.0 0.002
лабораторной 0.001 1.699 0.002
участки 0.001 1.523 0.002
прочитать 0.001 0.959 0.001
пугающе 0.001 2.0 0.002
вирусолог 0.001 1.699 0.002
праймер 0.001 2.0 0.002
высокой 0.001 0.959 0.001
появления 0.001 0.854 0.001
индекс 0.001 1.699 0.002
относительная 0.001 1.523 0.002
заболевания 0.002 0.62 0.001
наличия 0.001 1.398 0.001
читателейнам 0.001 0.174 0.0
куки 0.001 0.066 0.0
повод 0.002 1.301 0.003
никаких 0.001 0.602 0.001
несущей 0.001 2.0 0.002
разлетелась 0.001 2.0 0.002
использование 0.002 0.066 0.0
эволюционной 0.001 2.0 0.002
языком 0.001 2.0 0.002
статистический 0.001 1.398 0.001
базыкин 0.002 2.0 0.004
порядку 0.001 0.066 0.0
упомянутого 0.001 1.699 0.002
сохранятся 0.001 1.699 0.002
ученые 0.001 0.678 0.001
детекции 0.002 2.0 0.004
года 0.001 0.167 0.0
ошибке 0.001 2.0 0.002
загрязнение 0.001 1.699 0.002
версию 0.001 1.398 0.001
лондоне 0.001 1.155 0.001
ершов 0.001 0.796 0.001
сочетание 0.001 1.301 0.001
называются 0.001 1.155 0.001
en 0.001 0.066 0.0
эффективностью 0.001 0.921 0.001
секвенирования 0.002 1.699 0.003
альфой 0.001 2.0 0.002
необходимо 0.001 0.585 0.001
близки 0.002 1.699 0.003
образце 0.002 2.0 0.004
bloomberg 0.001 1.046 0.001
убеждают 0.001 1.699 0.002
обнаружили 0.001 1.222 0.001
одним 0.001 0.569 0.001
пациентов 0.002 0.796 0.002
тестирование 0.001 2.0 0.002
сочетании 0.003 1.398 0.004
прочитывался 0.001 2.0 0.002
сколтеха 0.001 2.0 0.002
дней 0.001 0.337 0.0
распространено 0.001 0.102 0.0
перекрываются 0.001 2.0 0.002
провести 0.001 0.745 0.001
ios 0.001 0.066 0.0
дельтакрон 0.007 1.398 0.01
будут 0.002 0.301 0.001
имела 0.001 1.699 0.002
заметить 0.001 1.301 0.001
кусочков 0.001 2.0 0.002
несколько 0.003 0.201 0.001
амплификация 0.002 2.0 0.004
лакатамии 0.001 2.0 0.002
вируса 0.005 0.721 0.004
вместо 0.001 0.77 0.001
крайней 0.001 0.721 0.001
одному 0.001 0.921 0.001
участвовавшему 0.001 2.0 0.002
могут 0.003 0.187 0.001
пцр 0.003 1.523 0.005
частности 0.001 0.678 0.001
эволюции 0.002 1.398 0.003
простым 0.001 1.523 0.002
довольно 0.005 0.523 0.003
предковой 0.001 2.0 0.002
праймеров 0.005 2.0 0.01
коронавирус 0.001 0.854 0.001
коронавируса 0.006 0.509 0.003
пока 0.001 0.208 0.0
история 0.001 0.745 0.001
вич 0.001 1.699 0.002
работать 0.001 0.409 0.0
которой 0.002 0.377 0.001
молекулярно-эпидемиологического 0.001 2.0 0.002
вообще 0.002 0.066 0.0
появляются 0.001 1.097 0.001
лишь 0.001 0.481 0.0
загрязнения 0.001 1.699 0.002
привело 0.002 1.398 0.003
лабораторным 0.001 1.699 0.002
нового 0.002 0.638 0.001
дни 0.001 0.721 0.001
реакции 0.001 0.854 0.001
университета 0.002 0.959 0.002
царьград 0.001 2.0 0.002
приводить 0.001 1.222 0.001
реальности 0.001 0.921 0.001
недостающие 0.001 1.699 0.002
удалены 0.001 1.699 0.002
нетехническим 0.001 2.0 0.002
последовательностей 0.001 1.523 0.002
количестве 0.002 1.523 0.003
подобранные 0.001 2.0 0.002
имперского 0.001 1.699 0.002
наборы 0.001 2.0 0.002
нашли 0.001 0.066 0.0
связи 0.001 0.0 0.0
коронавирусы 0.001 1.699 0.002
повышенной 0.001 1.398 0.001
тим 0.001 2.0 0.002
медуза 0.003 0.066 0.0
дельты 0.005 1.097 0.005
месяцев 0.002 0.602 0.001
нам 0.001 0.086 0.0
откуда 0.001 1.046 0.001
помочь 0.001 0.131 0.0
скорее 0.001 0.509 0.001
раметта 0.001 2.0 0.002
этому 0.001 0.432 0.0
мутаций 0.006 1.222 0.007
прочитываться 0.001 2.0 0.002
разные 0.001 0.721 0.001
госпитальных 0.002 2.0 0.004
падает 0.001 1.222 0.001
зависимости 0.001 0.796 0.001
причины 0.001 1.046 0.001
объявить 0.001 2.0 0.002
юридическим 0.001 0.102 0.0
никосии 0.001 2.0 0.002
максимально 0.001 0.721 0.001
приходятся 0.001 1.699 0.002
образов 0.001 2.0 0.002
подбираются 0.001 2.0 0.002
материалам 0.001 0.066 0.0
рассказал 0.002 0.796 0.002
срочно 0.001 0.167 0.0
радикально 0.002 1.301 0.003
случае 0.002 0.357 0.001
сообщении 0.002 1.301 0.003
семь 0.001 0.796 0.001
covid-19 0.002 0.77 0.002
единственный 0.001 0.824 0.001
требующих 0.001 1.699 0.002
само 0.001 0.921 0.001
днк 0.005 1.523 0.008
содержащих 0.001 2.0 0.002
ученым 0.001 1.301 0.001
якобы 0.001 0.854 0.001
последовательности 0.004 1.523 0.006
независимо 0.001 1.398 0.001
иностранным 0.001 0.097 0.0
участок 0.002 1.301 0.003
выпадению 0.001 2.0 0.002
получится 0.001 1.222 0.001
исходном 0.001 2.0 0.002
artic 0.002 2.0 0.004
относительно 0.001 0.721 0.001
начинается 0.001 1.301 0.001
например 0.003 0.229 0.001
вариантом 0.001 0.921 0.001
техническая 0.001 2.0 0.002
геномов 0.006 1.699 0.01
хи-квадрат 0.001 2.0 0.002
сми 0.001 0.602 0.001
3'-концевой 0.001 2.0 0.002
располагаются 0.001 1.699 0.002
которое 0.001 0.337 0.0
ctrl+enter 0.001 0.066 0.0
мнению 0.001 0.638 0.001
безопасно 0.001 0.066 0.0
новостиисторииразборшапитокоронавирусмагаз 0.001 0.066 0.0
позже 0.001 0.886 0.001
лорецо 0.001 2.0 0.002
обычно 0.001 0.523 0.001
cyprus 0.002 1.699 0.003
существование 0.001 1.155 0.001
youtube 0.001 0.06 0.0
пригороде 0.001 1.523 0.002
должны 0.001 0.432 0.0
вариант 0.002 0.796 0.002
лабораторная 0.001 1.398 0.001
создано 0.001 0.097 0.0
геноме 0.001 1.523 0.002
здравоохранения 0.001 0.658 0.001
потребовалась 0.001 1.699 0.002
слева 0.001 1.398 0.001
которая 0.002 0.301 0.001
поддержите 0.001 0.102 0.0
во-вторых 0.001 0.854 0.001
которого 0.001 0.585 0.001
думаю 0.001 0.721 0.001
исходной 0.002 2.0 0.004
достаточно 0.001 0.444 0.0
леонтиосом 0.001 2.0 0.002
вижу 0.003 0.745 0.002
заметка 0.001 1.699 0.002
обеспечить 0.001 1.097 0.001
друга 0.001 0.854 0.001
пар 0.001 1.699 0.002
вдвое 0.002 1.222 0.002
многие 0.001 0.284 0.0
средством 0.001 0.102 0.0
выполняющим 0.002 0.097 0.0
возможность 0.001 0.569 0.001
характерные 0.001 1.699 0.002
бояться 0.001 1.398 0.001
ошибку 0.001 0.066 0.0
штаммов 0.001 1.097 0.001
человеке 0.001 1.398 0.001
давления 0.001 1.0 0.001
предполагает 0.001 1.222 0.001
специалист 0.001 1.301 0.001
используется 0.003 0.796 0.002
говорил 0.001 0.959 0.001
источником 0.001 1.155 0.001
пользу 0.001 0.886 0.001
участками 0.001 1.699 0.002
указывает 0.001 1.301 0.001
значима 0.001 2.0 0.002
показал 0.002 0.921 0.002
указывают 0.002 1.097 0.002
берна 0.001 2.0 0.002
своей 0.001 0.42 0.0
штамм 0.002 1.398 0.003
применяют 0.001 1.398 0.001
ампликон 0.001 2.0 0.002
доступно 0.001 1.699 0.002
данные 0.003 0.066 0.0
министр 0.002 1.301 0.003
похожими 0.001 1.523 0.002
найденных 0.001 2.0 0.002
состоится 0.001 2.0 0.002
справа 0.001 1.301 0.001
письме 0.001 1.301 0.001
отдельные 0.001 1.0 0.001
стать 0.001 0.699 0.001
специально 0.002 0.959 0.002
обратной 0.001 1.523 0.002
разбор 0.001 0.387 0.0
появление 0.001 0.959 0.001
синтеза 0.003 2.0 0.006
задевает 0.001 2.0 0.002
деле 0.002 0.553 0.001
требовалась 0.001 1.699 0.002
своими 0.001 0.854 0.001
специфической 0.001 1.699 0.002
беспокойства 0.001 1.398 0.001
нажмите 0.001 0.066 0.0
требует 0.001 0.824 0.001
дельтакрона 0.007 2.0 0.014
рассказываем 0.001 0.886 0.001
вести.ру 0.001 2.0 0.002
случаев 0.001 0.658 0.001
генома 0.005 1.301 0.007
некоторых 0.002 0.523 0.001
декабрь 0.001 1.523 0.002
числе 0.001 0.31 0.0
других 0.003 0.26 0.001
кислота 0.001 1.699 0.002
иностранного 0.002 0.102 0.0
взялся 0.001 1.699 0.002
области 0.001 0.602 0.001
александр 0.001 0.538 0.001
госпитализации 0.001 0.886 0.001
материал 0.001 0.086 0.0
большой 0.001 0.569 0.001
высокие 0.001 1.398 0.001
симптомов 0.002 0.886 0.002
случайные 0.001 2.0 0.002
подробности 0.001 1.155 0.001
кислоты 0.001 2.0 0.002
участка 0.001 2.0 0.002
таким 0.001 0.658 0.001
– 0.001 0.06 0.0
новый 0.004 0.658 0.003
пикок 0.001 2.0 0.002
нужная 0.001 2.0 0.002
v3 0.002 2.0 0.004
гибрид 0.001 1.699 0.002
время 0.001 0.102 0.0
leta 0.001 0.301 0.0
результате 0.003 0.62 0.002
нами 0.001 0.066 0.0
анализ 0.002 0.921 0.002
черутти 0.001 2.0 0.002
секвенаторе 0.003 2.0 0.006
имеющий 0.001 1.699 0.002
историей 0.001 1.523 0.002
выглядит 0.001 0.62 0.001
издании 0.001 1.699 0.002
сказывается 0.001 1.523 0.002
новые 0.001 0.602 0.001
вероятностью 0.001 1.097 0.001
ошибка 0.003 1.301 0.004
мутации 0.002 1.222 0.002
избыток 0.001 1.699 0.002
вариантами 0.001 1.046 0.001
леонтиос 0.002 2.0 0.004
рекламаmeduza 0.001 0.066 0.0
говорить 0.002 0.602 0.001
теста 0.001 1.301 0.001
авторами 0.001 1.699 0.002
полученная 0.001 1.398 0.001
работы 0.001 0.553 0.001
дельтакроне 0.002 2.0 0.004
лицом 0.001 0.102 0.0
выше 0.002 0.509 0.001
вероятность 0.001 0.721 0.001
выпадение 0.001 2.0 0.002
функции 0.002 0.097 0.0
ответить 0.001 0.886 0.001
технологии 0.001 1.155 0.001
праймера 0.002 2.0 0.004
gisaid 0.002 2.0 0.004
подобные 0.001 1.301 0.001
амплифицируются 0.001 2.0 0.002
негоспитальными 0.001 2.0 0.002
среди 0.003 0.42 0.001
геном 0.001 1.301 0.001
связываются 0.001 1.699 0.002
известно 0.002 0.481 0.001
варианте 0.001 1.222 0.001
дало 0.001 1.523 0.002
аргументом 0.001 1.523 0.002
наборов 0.001 1.699 0.002
омикрон 0.004 1.046 0.004
назад 0.002 0.18 0.0
другими 0.001 0.495 0.0
подробностей 0.001 1.222 0.001
образцы 0.002 1.523 0.003
конкретного 0.001 1.155 0.001
праймерами 0.001 2.0 0.002
самими 0.001 1.523 0.002
альбана 0.001 2.0 0.002
госпитализированных 0.001 1.398 0.001
подозрения 0.001 1.398 0.001
перестает 0.001 1.398 0.001
перейти 0.001 0.066 0.0
дельтакроном 0.001 2.0 0.002
поддержать 0.001 0.066 0.0
источник 0.001 0.174 0.0
результатов 0.001 0.886 0.001
мутация 0.001 2.0 0.002
состав 0.001 0.959 0.001
кодекс 0.001 0.066 0.0
достаточный 0.001 2.0 0.002
хочу 0.001 0.137 0.0
также 0.004 0.237 0.001
дельтой 0.001 1.301 0.001
становиться 0.001 1.699 0.002
профессор 0.002 1.222 0.002
разной 0.003 1.097 0.003
тасс 0.001 0.699 0.001
прочитанные 0.001 2.0 0.002
осторожности 0.001 2.0 0.002
ампликонов 0.003 2.0 0.006
данное 0.001 0.097 0.0
ближайшие 0.001 1.097 0.001
чтением 0.001 2.0 0.002
слова 0.001 0.678 0.001
частоте 0.001 1.523 0.002
амплификации 0.001 2.0 0.002
синтез 0.001 2.0 0.002
karadjias 0.001 2.0 0.002
сравнению 0.002 0.796 0.002
правила 0.001 0.066 0.0
будущем 0.001 0.745 0.001
0,001 0.001 2.0 0.002
резко 0.001 0.854 0.001
вконтакте 0.001 0.066 0.0
стандартных 0.002 2.0 0.004
live 0.001 0.022 0.0
линии 0.001 1.222 0.001
цвета 0.001 1.398 0.001
образом 0.001 0.602 0.001
представила 0.001 1.523 0.002
загрязнением 0.002 2.0 0.004
блог 0.001 0.066 0.0
мутантной 0.001 2.0 0.002
активности 0.001 1.301 0.001
инстаграм 0.001 0.066 0.0
© 0.001 0.0 0.0
сценария 0.001 1.523 0.002
важным 0.001 1.097 0.001
равно 0.001 0.638 0.001
группа 0.002 0.886 0.002
выделите 0.001 0.066 0.0
разных 0.002 0.398 0.001
ситуация 0.002 0.569 0.001
данных 0.001 0.481 0.0
аптеки 0.001 1.301 0.001
образцах 0.002 1.699 0.003
читайте 0.002 0.745 0.001
методом 0.002 1.523 0.003
использования 0.001 0.921 0.001
meduzacare 0.001 0.066 0.0
говоря 0.001 0.77 0.001
чтения 0.003 2.0 0.006
метода 0.001 1.301 0.001
кнопка 0.001 0.066 0.0
нуклеиновая 0.001 1.699 0.002
анализа 0.003 1.097 0.003
штаммами 0.001 1.523 0.002
озвучил 0.001 1.699 0.002
недостатками 0.001 2.0 0.002
количества 0.002 1.0 0.002
разговорах 0.001 2.0 0.002
четкой 0.001 1.523 0.002
эффективность 0.004 0.569 0.002
гриппа 0.001 1.046 0.001
пцр-реакции 0.001 2.0 0.002
вечерняя 0.001 0.066 0.0
во-первых 0.001 0.796 0.001
связь 0.001 0.721 0.001
the 0.001 0.481 0.0
обнаружен 0.001 1.523 0.002
это 0.014 0.066 0.001
пугает 0.001 2.0 0.002
варианты 0.002 1.097 0.002
другие 0.001 0.268 0.0
случайна 0.001 1.699 0.002
настоящей 0.001 1.301 0.001
возникла 0.001 1.523 0.002
сильно 0.001 0.509 0.001
поддержки 0.001 0.066 0.0
историю 0.001 0.721 0.001
появлением 0.002 1.699 0.003
помощь 0.001 0.097 0.0
независимости 0.001 2.0 0.002
метагеномов 0.001 2.0 0.002
предположение 0.001 1.398 0.001
обнаружении 0.001 2.0 0.002
работаем 0.001 0.161 0.0
автоматическом 0.001 2.0 0.002
падать 0.001 1.398 0.001
такая 0.001 0.553 0.001
базе 0.001 1.155 0.001
большинство 0.001 0.796 0.001
дельта 0.004 0.854 0.003
отсюда 0.001 1.097 0.001
вирусами 0.001 1.699 0.002
варианту 0.001 1.398 0.001
публикующийся 0.001 2.0 0.002
общем 0.001 1.097 0.001
высоко 0.001 1.523 0.002
ветви 0.001 2.0 0.002
штамме 0.002 2.0 0.004
остальные 0.001 0.854 0.001
котором 0.001 0.495 0.0
колледжа 0.001 1.699 0.002
24/7 0.001 0.102 0.0
android 0.001 0.066 0.0
инфекций 0.001 1.097 0.001
разбросаны 0.001 2.0 0.002
english 0.001 0.06 0.0
новости 0.002 0.481 0.001
научной 0.001 1.046 0.001
характерное 0.001 2.0 0.002
служит 0.001 1.523 0.002
вариантов 0.002 0.854 0.002
особенно 0.001 0.553 0.001
поддержка 0.001 0.167 0.0
нужна 0.002 0.092 0.0
такого 0.002 0.509 0.001
рнк 0.001 1.301 0.001
hiv 0.001 2.0 0.002
события 0.001 0.745 0.001
мере 0.001 0.569 0.001
sars-cov-2 0.005 0.824 0.004
характерных 0.001 2.0 0.002
производителей 0.001 1.0 0.001
имеют 0.001 0.678 0.001
возник 0.001 1.155 0.001
факт 0.001 0.77 0.001
результатам 0.001 1.0 0.001
подробнее 0.003 0.699 0.002
михалис 0.001 2.0 0.002
возможна 0.001 1.222 0.001
нуклеиновой 0.001 2.0 0.002
те 0.001 0.357 0.0
праймеры 0.003 2.0 0.006
огромном 0.002 2.0 0.004
требования 0.001 0.066 0.0
связаться 0.001 0.066 0.0
самом 0.002 0.481 0.001
пресс-конференция 0.001 2.0 0.002
происходит 0.001 0.387 0.0
рекомбинанта 0.001 2.0 0.002
вырожденные 0.001 2.0 0.002
информации 0.001 0.102 0.0
варианта 0.01 0.745 0.007
вполне 0.001 0.699 0.001
кипре 0.003 1.699 0.005
множество 0.001 0.959 0.001
дереву 0.001 2.0 0.002
инфицирования 0.001 2.0 0.002
пугающие 0.002 2.0 0.004
конкретные 0.001 1.398 0.001
транскрипции 0.001 2.0 0.002
образцов 0.001 1.699 0.002
статистически 0.001 1.301 0.001
появиться 0.001 1.097 0.001
приобретению 0.001 2.0 0.002
показана 0.001 1.699 0.002
геномы 0.001 2.0 0.002
навскидку 0.001 2.0 0.002
временном 0.001 1.699 0.002
указывала 0.001 2.0 0.002
января 0.003 1.0 0.003
s-белке 0.001 1.699 0.002
участвуют 0.001 0.959 0.001
кднк 0.002 2.0 0.004
кострикиса 0.004 2.0 0.008
процессе 0.001 1.046 0.001
медузе 0.002 0.066 0.0
объяснить 0.002 0.921 0.002
бывает 0.001 1.0 0.001
проверки 0.001 1.222 0.001
поскольку 0.001 0.678 0.001
гибриды 0.001 2.0 0.002
дереве 0.001 2.0 0.002
facebook 0.001 0.0 0.0
убедительно 0.001 1.523 0.002
медузу 0.002 0.066 0.0
частота 0.001 1.301 0.001
обработки 0.001 0.066 0.0
менее 0.001 0.432 0.0
ниже 0.001 0.77 0.001
механизмом 0.001 2.0 0.002
p 0.001 1.699 0.002
обнаружения 0.001 1.398 0.001
друг 0.001 0.699 0.001
симптомы 0.001 0.959 0.001
успел 0.001 0.921 0.001
возле 0.001 1.097 0.001
берутся 0.001 1.699 0.002
найденном 0.001 2.0 0.002
массовой 0.001 0.097 0.0
прекрасно 0.001 1.222 0.001
непосредственно 0.001 0.959 0.001
неясно 0.001 1.097 0.001
сложно 0.001 0.538 0.001
ct 0.001 2.0 0.002
похоже 0.001 0.886 0.001
отреагировали 0.001 1.699 0.002
информация 0.001 0.824 0.001
scanpix 0.001 0.301 0.0
пациентами 0.001 1.301 0.001
кусочек 0.001 1.699 0.002
словам 0.001 0.658 0.001
спасибоgiphyза 0.001 0.066 0.0
показывать 0.001 0.066 0.0
обнаружены 0.001 1.301 0.001
посадки 0.001 2.0 0.002
неудачной 0.001 2.0 0.002
petros 0.001 2.0 0.002
кусочки 0.001 2.0 0.002
twitter 0.001 0.0 0.0
раньше 0.001 0.432 0.0
геномной 0.001 2.0 0.002
болезни 0.001 0.62 0.001
пожалуйста 0.001 0.102 0.0
всему 0.001 0.699 0.001
видах 0.001 1.699 0.002
единичного 0.001 2.0 0.002
выложенных 0.001 2.0 0.002
минимального 0.001 2.0 0.002
платформы 0.002 0.066 0.0
рекомбинация 0.004 1.699 0.007
именно 0.002 0.244 0.0
эволюционном 0.001 2.0 0.002
кипр 0.001 1.699 0.002
ампликона 0.001 2.0 0.002
закончится 0.001 1.097 0.001
персональные 0.001 0.066 0.0
новом 0.002 1.155 0.002
ошибки 0.001 1.097 0.001
очень 0.004 0.149 0.001
место 0.001 0.678 0.001
которые 0.004 0.119 0.0
ранее 0.002 0.62 0.001
meduza 0.003 0.0 0.0
международной 0.001 1.046 0.001
мозаике 0.001 2.0 0.002
обнаружение 0.001 1.222 0.001
хаджипантел 0.001 2.0 0.002
кипра 0.002 2.0 0.004
гибридном 0.001 2.0 0.002
цнииэ 0.001 2.0 0.002
кострикис 0.005 2.0 0.01
лаборатории 0.001 1.097 0.001
неспецифической 0.001 2.0 0.002
входят 0.001 1.301 0.001
вообще-то 0.001 1.699 0.002
эволюционного 0.002 1.699 0.003
ампликонами 0.001 2.0 0.002
эта 0.001 0.367 0.0
российским 0.001 0.092 0.0
одной 0.001 0.398 0.0
результат 0.002 0.77 0.002
встречалось 0.001 2.0 0.002
йота 0.002 2.0 0.004
сочетающего 0.001 1.398 0.001
возникновение 0.001 1.398 0.001
которым 0.002 0.658 0.001
лабораторного 0.001 1.699 0.002
реклама 0.002 0.066 0.0
однако 0.002 0.337 0.001
из-за 0.001 0.229 0.0
интересах 0.001 0.167 0.0
начала 0.001 0.398 0.0
возникает 0.001 0.959 0.001
георгий 0.002 2.0 0.004
кажущейся 0.001 2.0 0.002
ap 0.001 0.854 0.001
сообщение 0.001 0.102 0.0
амликон 0.001 2.0 0.002
