жаропонижающих 0.001 2.0 0.002
поводу 0.001 0.824 0.001
российские 0.002 0.328 0.001
редакции 0.002 0.066 0.0
предложенное 0.001 2.0 0.002
список 0.001 0.658 0.001
написаны 0.002 2.0 0.004
баннерам 0.001 0.066 0.0
придерживался 0.001 2.0 0.002
заблокирована 0.001 0.824 0.001
мочится 0.001 2.0 0.002
россии 0.006 0.119 0.001
американская 0.001 1.046 0.001
противовирусную 0.001 2.0 0.002
гифки 0.001 0.066 0.0
агента 0.002 0.097 0.0
кроме 0.004 0.387 0.002
рекомендует 0.002 0.886 0.002
показаниям 0.001 1.699 0.002
детям 0.002 1.0 0.002
главных 0.001 0.678 0.001
применять 0.002 1.097 0.002
союз 0.001 1.097 0.001
in 0.001 0.0 0.0
документы 0.001 0.796 0.001
педиатрии 0.002 1.398 0.003
эффективен 0.001 1.301 0.001
способы 0.001 1.222 0.001
симптоматическая 0.001 2.0 0.002
эксперты 0.001 0.959 0.001
педиатров 0.002 2.0 0.004
эффективности 0.001 0.678 0.001
родителям 0.001 1.398 0.001
таких 0.001 0.347 0.0
минздрав 0.004 0.824 0.003
трудно 0.001 0.824 0.001
переболевших 0.001 0.886 0.001
риск 0.001 0.538 0.001
анонимно 0.001 0.066 0.0
терапию 0.004 1.398 0.006
зарубежных 0.002 1.155 0.002
просто 0.002 0.194 0.0
средство 0.001 1.301 0.001
лечением 0.001 2.0 0.002
ваша 0.004 0.102 0.0
чаще 0.001 0.602 0.001
лечение 0.001 1.097 0.001
никак 0.001 0.886 0.001
труднее 0.001 0.721 0.001
заболевания 0.001 0.62 0.001
читателейнам 0.001 0.174 0.0
куки 0.001 0.066 0.0
уход 0.001 1.523 0.002
профессионалов 0.001 1.699 0.002
заболевание 0.001 0.854 0.001
посинело 0.001 2.0 0.002
федерального 0.002 1.222 0.002
использование 0.001 0.066 0.0
обошлись 0.001 2.0 0.002
разделах 0.001 1.699 0.002
холодная 0.001 1.699 0.002
появились 0.001 0.854 0.001
излишним 0.001 2.0 0.002
дальше 0.001 0.523 0.001
тяжелое 0.001 1.097 0.001
порядку 0.001 0.066 0.0
коем 0.001 1.699 0.002
маску 0.001 1.301 0.001
карточек 0.001 0.62 0.001
слову 0.001 1.523 0.002
депздрава 0.001 1.699 0.002
года 0.002 0.167 0.0
признаков 0.002 1.523 0.003
en 0.001 0.066 0.0
необходимо 0.001 0.585 0.001
подписываете 0.002 2.0 0.004
проводить 0.001 0.824 0.001
матери 0.001 1.097 0.001
проверять 0.001 1.097 0.001
медицинской 0.002 0.921 0.002
методические 0.002 2.0 0.004
пациентов 0.002 0.796 0.002
сожалению 0.001 0.569 0.001
распространено 0.001 0.102 0.0
крайнем 0.001 1.699 0.002
существенно 0.001 0.721 0.001
детского 0.001 1.699 0.002
руки 0.001 0.921 0.001
ios 0.001 0.066 0.0
рубежом 0.001 1.222 0.001
будут 0.001 0.301 0.0
человека 0.001 0.328 0.0
оставаться 0.001 0.921 0.001
тяжести 0.002 1.155 0.002
практика 0.002 1.398 0.003
действующие 0.001 2.0 0.002
прямо 0.001 0.357 0.0
сознания 0.001 1.301 0.001
придерживается 0.001 1.699 0.002
парацетамол 0.001 1.398 0.001
соблюдать 0.001 1.301 0.001
новорожденного 0.001 2.0 0.002
основном 0.001 0.553 0.001
могут 0.001 0.187 0.0
любом 0.001 0.854 0.001
рекомендации 0.01 0.824 0.008
объясняем 0.001 1.523 0.002
протоколы 0.001 1.523 0.002
антибиотики 0.001 1.699 0.002
владимир 0.001 0.62 0.001
частности 0.001 0.678 0.001
этих 0.002 0.337 0.001
безвреден 0.001 2.0 0.002
писали 0.001 0.824 0.001
коронавируса 0.001 0.509 0.001
пока 0.001 0.208 0.0
противовирусных 0.001 1.699 0.002
работать 0.001 0.409 0.0
которой 0.002 0.377 0.001
младенца 0.001 2.0 0.002
терапия 0.001 1.699 0.002
форму 0.002 1.398 0.003
обновлялись 0.001 2.0 0.002
вообще 0.005 0.066 0.0
научную 0.001 1.523 0.002
умолчанию 0.001 2.0 0.002
сдать 0.001 1.699 0.002
состояние 0.004 0.921 0.004
непрекращающаяся 0.001 2.0 0.002
начале 0.001 0.602 0.001
родов 0.001 1.523 0.002
отличается 0.001 0.886 0.001
понимать 0.002 0.886 0.002
полгода 0.001 0.886 0.001
нынешнем 0.001 1.398 0.001
утверждать 0.001 1.155 0.001
вероятности 0.001 1.523 0.002
базах 0.002 2.0 0.004
редкое 0.001 1.699 0.002
нашли 0.001 0.066 0.0
связи 0.001 0.0 0.0
какие 0.001 0.569 0.001
ребенок 0.007 1.222 0.009
матерью 0.001 1.398 0.001
повышенной 0.001 1.398 0.001
нем 0.001 0.602 0.001
назначения 0.001 1.097 0.001
медуза 0.005 0.066 0.0
всплеске 0.001 2.0 0.002
хорошую 0.001 1.699 0.002
месяцев 0.002 0.602 0.001
нам 0.004 0.086 0.0
солевой 0.001 2.0 0.002
помочь 0.002 0.131 0.0
всемирная 0.001 1.046 0.001
температуру 0.001 1.699 0.002
последние 0.001 0.456 0.0
женщину 0.001 1.699 0.002
uptodate 0.001 1.523 0.002
мозг 0.001 1.523 0.002
этому 0.001 0.432 0.0
мало 0.001 0.538 0.001
открыть 0.001 1.155 0.001
продолжаем 0.001 0.699 0.001
обезболивающих 0.001 2.0 0.002
инфекция 0.001 1.0 0.001
юридическим 0.001 0.102 0.0
следует 0.002 0.77 0.002
лечению 0.007 1.398 0.01
всплеск 0.001 1.398 0.001
согласны 0.001 1.155 0.001
материалам 0.001 0.066 0.0
привести 0.001 1.0 0.001
срочно 0.001 0.167 0.0
одобрены 0.001 1.699 0.002
говорится 0.001 0.824 0.001
нестероидные 0.001 2.0 0.002
родителей 0.001 1.155 0.001
меньше 0.001 0.444 0.0
несмотря 0.001 0.456 0.0
случае 0.005 0.357 0.002
жидкость 0.001 1.699 0.002
стали 0.001 0.42 0.0
ингаляционный 0.001 2.0 0.002
лицо 0.001 1.301 0.001
иностранным 0.001 0.097 0.0
аспирина 0.001 2.0 0.002
нужно 0.01 0.237 0.002
взрослые 0.001 1.222 0.001
организации 0.001 0.658 0.001
мнения 0.002 1.222 0.002
момента 0.001 0.886 0.001
осложнению 0.001 2.0 0.002
указано 0.001 1.0 0.001
течения 0.001 0.921 0.001
расстройство 0.001 1.699 0.002
региональные 0.001 1.523 0.002
простая 0.001 1.301 0.001
которое 0.002 0.337 0.001
по-прежнему 0.001 0.824 0.001
ctrl+enter 0.001 0.066 0.0
знаний 0.004 1.523 0.006
февраля 0.001 0.387 0.0
безопасно 0.001 0.066 0.0
новостиисторииразборшапитокоронавирусмагаз 0.001 0.066 0.0
пару 0.001 0.77 0.001
тяжелая 0.001 1.398 0.001
обычно 0.001 0.523 0.001
ведения 0.001 1.699 0.002
зарегистрированы 0.001 1.097 0.001
жаропонижающие 0.001 1.699 0.002
youtube 0.001 0.06 0.0
единого 0.001 1.523 0.002
либо 0.001 0.569 0.001
создано 0.001 0.097 0.0
средств 0.001 0.854 0.001
здравоохранения 0.001 0.658 0.001
московский 0.002 1.523 0.003
предлагаются 0.001 2.0 0.002
рекомендациях 0.004 1.0 0.004
поддержите 0.001 0.102 0.0
препарате 0.001 1.523 0.002
рейе 0.001 2.0 0.002
обоснованным 0.001 1.699 0.002
губы 0.001 1.398 0.001
врачу 0.001 1.222 0.001
последующие 0.001 1.699 0.002
груди 0.001 1.222 0.001
беспокоящие 0.001 2.0 0.002
важных 0.001 1.097 0.001
средством 0.001 0.102 0.0
выполняющим 0.002 0.097 0.0
нос 0.004 1.398 0.006
ошибку 0.001 0.066 0.0
обычной 0.001 1.097 0.001
противовоспалительные 0.001 1.523 0.002
июля 0.001 1.0 0.001
рекомендациям 0.001 1.398 0.001
месяц 0.004 0.745 0.003
позволяли 0.001 1.699 0.002
проблем 0.001 0.796 0.001
изменившая 0.001 2.0 0.002
препаратов 0.002 1.0 0.002
признаки 0.001 1.398 0.001
умифеновир 0.002 1.699 0.003
данные 0.001 0.066 0.0
сомнительные 0.001 1.699 0.002
хотите 0.002 0.921 0.002
перенесет 0.001 2.0 0.002
аспирин 0.001 1.699 0.002
дают 0.001 0.721 0.001
протоколе 0.001 1.699 0.002
помочьхочу 0.001 0.886 0.001
онивыглядятпримерноодинаково 0.001 2.0 0.002
баз 0.001 1.699 0.002
разбор 0.001 0.387 0.0
сбивать 0.001 1.699 0.002
нажмите 0.001 0.066 0.0
случаев 0.001 0.658 0.001
официально 0.001 0.959 0.001
основу 0.001 1.523 0.002
порядке 0.001 1.046 0.001
взрослых 0.001 1.301 0.001
обращаться 0.001 1.398 0.001
призывает 0.001 1.398 0.001
других 0.002 0.26 0.001
иностранного 0.002 0.102 0.0
ибупрофена 0.001 2.0 0.002
госпитализации 0.001 0.886 0.001
материал 0.001 0.086 0.0
здоровья 0.001 0.959 0.001
симптомов 0.001 0.886 0.001
обратиться 0.004 1.046 0.004
исследований 0.001 0.585 0.001
обычная 0.002 1.155 0.002
месяца 0.002 0.745 0.001
гердо 0.001 2.0 0.002
– 0.001 0.06 0.0
ковида 0.007 0.444 0.003
пациентам 0.002 1.301 0.003
нами 0.001 0.066 0.0
анализ 0.001 0.921 0.001
зарубежными 0.001 1.398 0.001
противовирусные 0.001 1.523 0.002
дает 0.001 0.796 0.001
выглядит 0.001 0.62 0.001
процедуры 0.001 1.398 0.001
академия 0.001 1.398 0.001
московских 0.001 1.523 0.002
вирус 0.001 0.678 0.001
иметь 0.001 0.824 0.001
рекламаmeduza 0.001 0.066 0.0
некачественные 0.001 1.523 0.002
боль 0.001 0.959 0.001
тяжелому 0.001 1.699 0.002
рекомендуется 0.001 1.046 0.001
лицом 0.001 0.102 0.0
обязательно 0.001 0.959 0.001
лечении 0.001 1.301 0.001
функции 0.002 0.097 0.0
симптоматическую 0.002 2.0 0.004
ребенка 0.004 0.824 0.003
липкая 0.001 2.0 0.002
среди 0.001 0.42 0.0
появляться 0.001 1.222 0.001
дышать 0.001 1.398 0.001
раствор 0.001 2.0 0.002
удерживать 0.001 1.699 0.002
касается 0.001 0.602 0.001
дети 0.002 0.721 0.001
издание 0.001 0.721 0.001
назад 0.004 0.18 0.001
заболевании 0.001 1.222 0.001
безопасности 0.001 0.481 0.0
принципе 0.001 0.796 0.001
московские 0.002 1.523 0.003
взять 0.001 0.959 0.001
течение 0.001 0.699 0.001
целый 0.001 1.0 0.001
предосторожности 0.001 1.398 0.001
информированного 0.002 2.0 0.004
перейти 0.001 0.066 0.0
поддержать 0.001 0.066 0.0
педиатра 0.001 2.0 0.002
пишет 0.001 0.824 0.001
источник 0.001 0.174 0.0
проверить 0.001 1.097 0.001
союза 0.001 1.301 0.001
все-таки 0.001 0.553 0.001
прививать 0.001 1.0 0.001
рекомендаций 0.004 1.155 0.005
позиции 0.001 1.097 0.001
кодекс 0.001 0.066 0.0
проходить 0.001 1.155 0.001
повышает 0.001 1.301 0.001
хочу 0.002 0.137 0.0
кому 0.001 0.824 0.001
также 0.009 0.237 0.002
кожа 0.001 1.699 0.002
официальные 0.001 1.097 0.001
ковид 0.001 0.796 0.001
известные 0.001 1.301 0.001
клинических 0.002 0.796 0.002
осмотр 0.001 1.699 0.002
давление 0.001 1.0 0.001
ориентироваться 0.001 1.398 0.001
средней 0.002 1.222 0.002
тасс 0.001 0.699 0.001
качестве 0.001 0.678 0.001
ректально 0.002 2.0 0.004
сознании 0.001 1.398 0.001
данное 0.001 0.097 0.0
хроническое 0.001 2.0 0.002
носить 0.001 1.097 0.001
федеральное 0.001 2.0 0.002
заключается 0.001 1.301 0.001
введения 0.001 0.796 0.001
критики 0.001 1.301 0.001
правила 0.001 0.066 0.0
использовать 0.006 0.585 0.004
вконтакте 0.001 0.066 0.0
беспокоящих 0.001 2.0 0.002
рекомендациями 0.001 1.523 0.002
велики 0.001 1.301 0.001
live 0.001 0.022 0.0
разлучать 0.001 2.0 0.002
болеть 0.001 1.398 0.001
доказательств 0.001 1.155 0.001
часто 0.001 0.456 0.0
далеко 0.001 0.745 0.001
форме 0.002 0.886 0.002
надежных 0.001 1.398 0.001
лекарства 0.001 0.854 0.001
детей 0.015 0.523 0.008
некоторым 0.001 1.222 0.001
блог 0.001 0.066 0.0
инстаграм 0.001 0.066 0.0
© 0.001 0.0 0.0
потенциальном 0.001 1.699 0.002
удаленно 0.001 2.0 0.002
вызывают 0.001 1.301 0.001
проблема 0.004 0.721 0.003
выделите 0.001 0.066 0.0
разных 0.001 0.398 0.0
власти 0.002 0.387 0.001
получить 0.001 0.553 0.001
подростков 0.001 1.398 0.001
данных 0.001 0.481 0.0
читайте 0.004 0.745 0.003
специалисты 0.001 1.097 0.001
врач 0.002 1.046 0.002
meduzacare 0.001 0.066 0.0
родившую 0.001 2.0 0.002
печень 0.001 2.0 0.002
тревогу 0.001 1.301 0.001
легкой 0.002 1.523 0.003
результаты 0.001 0.62 0.001
разделять 0.002 2.0 0.004
рекомендуют 0.005 0.796 0.004
саркисян 0.001 0.959 0.001
чувствуется 0.001 2.0 0.002
кнопка 0.001 0.066 0.0
врачам 0.002 1.523 0.003
изменить 0.002 1.046 0.002
отсутствии 0.001 1.398 0.001
дарья 0.001 0.959 0.001
многом 0.001 1.222 0.001
нужны 0.002 0.745 0.001
вечерняя 0.001 0.066 0.0
это 0.011 0.066 0.001
спутанность 0.001 1.398 0.001
подкожный 0.001 2.0 0.002
другие 0.002 0.268 0.001
готовы 0.001 0.678 0.001
назвать 0.001 0.959 0.001
обеспечивать 0.001 1.523 0.002
поддержки 0.001 0.066 0.0
тяжелого 0.001 0.921 0.001
заболеваемости 0.001 0.959 0.001
изъяны 0.001 2.0 0.002
помощь 0.002 0.097 0.0
давно 0.002 0.77 0.002
читателей 0.001 0.658 0.001
улучшающие 0.001 2.0 0.002
внутривенный 0.001 1.699 0.002
работаем 0.002 0.161 0.0
проекте 0.002 1.699 0.003
рвота 0.001 2.0 0.002
новорожденному 0.001 2.0 0.002
британская 0.001 1.398 0.001
минимум 0.001 0.796 0.001
независимое 0.001 0.721 0.001
признает 0.001 1.398 0.001
альфа-2b 0.004 2.0 0.008
упоминается 0.004 1.398 0.006
котором 0.001 0.495 0.0
24/7 0.001 0.102 0.0
повторить 0.001 1.155 0.001
организаций 0.002 1.046 0.002
android 0.001 0.066 0.0
ведомство 0.001 1.155 0.001
english 0.001 0.06 0.0
новорожденные 0.001 1.699 0.002
заболел 0.002 1.523 0.003
особенно 0.001 0.553 0.001
поддержка 0.001 0.167 0.0
нужна 0.004 0.092 0.0
тяжелом 0.001 1.398 0.001
передать 0.001 1.301 0.001
случается 0.001 1.398 0.001
противовирусной 0.001 1.699 0.002
советуем 0.001 1.301 0.001
предлагают 0.005 1.046 0.005
врачей 0.001 0.745 0.001
sars-cov-2 0.001 0.824 0.001
имеют 0.001 0.678 0.001
всем 0.002 0.252 0.001
факт 0.001 0.77 0.001
легче 0.001 1.0 0.001
те 0.004 0.357 0.001
наблюдать 0.001 1.301 0.001
требования 0.001 0.066 0.0
связаться 0.001 0.066 0.0
проснуться 0.001 1.523 0.002
москве 0.001 0.745 0.001
по-настоящему 0.002 1.398 0.003
информации 0.001 0.102 0.0
советуют 0.002 1.398 0.003
интерферон 0.005 2.0 0.01
лечения 0.001 1.0 0.001
орви 0.004 1.301 0.005
тех 0.001 0.26 0.0
коллегия 0.001 2.0 0.002
ребенку 0.004 1.222 0.005
цвет 0.001 1.699 0.002
ковидом 0.007 0.658 0.005
королевская 0.001 2.0 0.002
интенсивностью 0.001 2.0 0.002
читая 0.002 2.0 0.004
медицинских 0.004 0.959 0.004
синдрому 0.001 2.0 0.002
почему 0.002 0.337 0.001
долгосрочные 0.001 1.398 0.001
ними 0.001 0.585 0.001
риски 0.001 0.77 0.001
медузе 0.002 0.066 0.0
следить 0.001 1.0 0.001
точно 0.001 0.481 0.0
организация 0.001 0.886 0.001
совпадает 0.001 1.523 0.002
facebook 0.001 0.0 0.0
медузу 0.002 0.066 0.0
мыть 0.001 1.222 0.001
обработки 0.001 0.066 0.0
этим 0.001 0.337 0.0
симптомы 0.001 0.959 0.001
существенные 0.001 1.523 0.002
массовой 0.001 0.097 0.0
выздоровления 0.004 1.398 0.006
работников 0.001 1.222 0.001
вроде 0.001 0.658 0.001
неясно 0.001 1.097 0.001
помощью 0.002 0.538 0.001
похоже 0.001 0.886 0.001
упоминаются 0.001 1.699 0.002
большинстве 0.001 1.0 0.001
консультации 0.001 1.301 0.001
такие 0.002 0.444 0.001
порядки 0.001 2.0 0.002
последствия 0.001 0.796 0.001
умифеновира 0.001 2.0 0.002
виде 0.001 0.745 0.001
авторы 0.001 0.921 0.001
спасибоgiphyза 0.001 0.066 0.0
показывать 0.001 0.066 0.0
документах 0.001 1.222 0.001
симптоматическим 0.001 2.0 0.002
дозы 0.001 0.886 0.001
частотой 0.001 1.699 0.002
twitter 0.001 0.0 0.0
раньше 0.002 0.432 0.001
пожалуйста 0.001 0.102 0.0
бьют 0.001 1.398 0.001
антикоагулянты 0.001 1.523 0.002
платформы 0.002 0.066 0.0
болеют 0.001 1.222 0.001
применении 0.001 1.046 0.001
средства 0.002 1.0 0.002
капель 0.001 1.699 0.002
московском 0.001 1.699 0.002
разбираемся 0.001 1.301 0.001
вредит 0.002 2.0 0.004
исследования 0.001 0.481 0.0
именно 0.001 0.244 0.0
персональные 0.001 0.066 0.0
пить 0.002 1.398 0.003
очень 0.002 0.149 0.0
которые 0.005 0.119 0.001
многих 0.001 0.658 0.001
федеральный 0.002 1.523 0.003
добавляются 0.001 2.0 0.002
врача 0.001 1.097 0.001
medscape 0.001 2.0 0.002
meduza 0.004 0.0 0.0
еженедельный 0.001 2.0 0.002
кого 0.001 0.509 0.001
инфекцию 0.001 1.301 0.001
московского 0.001 1.523 0.002
одна 0.001 0.42 0.0
лечить 0.002 1.301 0.003
болеющей 0.001 2.0 0.002
выздоровевших 0.001 2.0 0.002
согласия 0.002 1.301 0.003
депздрав 0.002 1.699 0.003
назначениям 0.001 2.0 0.002
другая 0.001 0.886 0.001
странах 0.002 0.495 0.001
кровь 0.001 1.398 0.001
зарегистрировали 0.001 1.097 0.001
сильная 0.001 1.155 0.001
минздрава 0.002 0.886 0.002
внимание 0.001 0.658 0.001
свежих 0.001 1.301 0.001
российским 0.001 0.092 0.0
которых 0.001 0.237 0.0
повреждаются 0.001 1.699 0.002
мнением 0.001 2.0 0.002
реклама 0.002 0.066 0.0
однако 0.002 0.337 0.001
делать 0.002 0.276 0.001
интересах 0.002 0.167 0.0
зарубежным 0.001 2.0 0.002
быстрее 0.001 0.886 0.001
ограничиться 0.001 2.0 0.002
течении 0.001 1.301 0.001
негоспитализированных 0.001 2.0 0.002
сообщение 0.001 0.102 0.0
назначать 0.001 1.523 0.002
авторитетных 0.002 2.0 0.004
плохо 0.001 0.569 0.001
пациента 0.001 1.097 0.001
препараты 0.002 0.824 0.002
важная 0.001 1.155 0.001
сделать 0.001 0.357 0.0
