экспертов 0.001 1.097 0.001
поводу 0.001 0.824 0.001
вакцинами 0.001 0.921 0.001
ходе 0.001 0.921 0.001
заболели 0.001 1.0 0.001
редакции 0.001 0.066 0.0
наличие 0.001 1.0 0.001
одноразовый 0.001 2.0 0.002
помещении 0.001 0.959 0.001
выздороветь 0.001 1.699 0.002
какая-то 0.001 0.959 0.001
ждать 0.001 0.745 0.001
баннерам 0.001 0.066 0.0
казани 0.001 1.523 0.002
значит 0.001 0.444 0.0
россии 0.006 0.119 0.001
действительно 0.002 0.377 0.001
редкие 0.001 1.301 0.001
последствиями 0.001 1.699 0.002
пересказать 0.001 2.0 0.002
читать 0.001 0.854 0.001
считают 0.001 0.721 0.001
исследовано 0.001 2.0 0.002
помогает 0.001 0.77 0.001
гифки 0.001 0.066 0.0
зависит 0.001 0.638 0.001
спровоцирует 0.001 2.0 0.002
агента 0.001 0.097 0.0
людей 0.001 0.161 0.0
эмоционально 0.001 1.046 0.001
говорит 0.001 0.409 0.0
полное 0.001 1.301 0.001
утверждения 0.001 1.699 0.002
совершенно 0.001 0.678 0.001
врачом 0.001 1.301 0.001
естественном 0.001 1.699 0.002
попросили 0.001 1.097 0.001
смысла 0.001 0.699 0.001
нейтрализации 0.001 1.222 0.001
развязкой 0.001 2.0 0.002
in 0.001 0.0 0.0
велика 0.001 1.301 0.001
европе 0.001 0.658 0.001
рекомендовать 0.001 1.301 0.001
производства 0.001 0.77 0.001
право 0.001 0.824 0.001
китайской 0.001 1.155 0.001
узнали 0.001 1.0 0.001
необходимые 0.002 0.959 0.002
судя 0.001 0.721 0.001
эксперты 0.001 0.959 0.001
природного 0.001 1.398 0.001
верю 0.001 1.301 0.001
работе 0.001 0.824 0.001
эффективности 0.002 0.678 0.001
приведет 0.001 1.097 0.001
системы 0.001 0.585 0.001
странный 0.001 1.523 0.002
изобретение 0.001 2.0 0.002
продуктом 0.001 2.0 0.002
тексте 0.001 1.699 0.002
показаться 0.001 2.0 0.002
минздрав 0.001 0.824 0.001
переболевших 0.001 0.886 0.001
риск 0.001 0.538 0.001
который 0.003 0.194 0.001
улучшен 0.001 2.0 0.002
анонимно 0.001 0.066 0.0
потенциальных 0.001 1.523 0.002
второй 0.001 0.42 0.0
вызвать 0.001 1.155 0.001
просто 0.003 0.194 0.001
bio 0.001 1.699 0.002
информацию 0.003 0.62 0.002
ваша 0.001 0.102 0.0
открыто 0.001 1.523 0.002
сбивает 0.001 2.0 0.002
прививку 0.003 0.77 0.002
эпиваккороной 0.001 1.222 0.001
дарью 0.001 2.0 0.002
свидетельств 0.001 1.699 0.002
снижении 0.001 1.301 0.001
никак 0.001 0.886 0.001
прочитать 0.001 0.959 0.001
лучший 0.001 2.0 0.002
интервью 0.001 0.745 0.001
вакцинированных 0.002 0.678 0.001
работаете 0.002 1.699 0.003
имеете 0.001 1.523 0.002
хороших 0.001 1.398 0.001
новостей 0.001 0.886 0.001
ваши 0.001 1.046 0.001
наличии 0.001 1.155 0.001
читателейнам 0.001 0.174 0.0
куки 0.001 0.066 0.0
диапазоне 0.001 1.523 0.002
путину 0.001 0.959 0.001
оптимальное 0.001 2.0 0.002
аналогичных 0.001 1.398 0.001
эффективной 0.001 1.222 0.001
коэффициент 0.001 2.0 0.002
заболевание 0.001 0.854 0.001
никаких 0.002 0.602 0.001
дарьей 0.001 1.699 0.002
вакцину 0.002 0.824 0.002
прошло 0.003 1.046 0.003
использование 0.001 0.066 0.0
живете 0.001 1.699 0.002
вакцина 0.002 0.721 0.001
порядку 0.001 0.066 0.0
комбинации 0.001 1.398 0.001
внештатными 0.001 2.0 0.002
шпионами 0.001 2.0 0.002
ученые 0.001 0.678 0.001
препаратом 0.001 1.097 0.001
года 0.001 0.167 0.0
подтверждается 0.001 1.699 0.002
шарлатан 0.001 2.0 0.002
объективная 0.001 2.0 0.002
путешествующих 0.001 2.0 0.002
ершов 0.003 0.796 0.002
en 0.001 0.066 0.0
процесс 0.001 0.921 0.001
работает 0.001 0.367 0.0
эпиваккорона 0.001 1.046 0.001
хуже 0.001 0.699 0.001
явления 0.001 1.222 0.001
удерживает 0.001 2.0 0.002
отвечать 0.001 1.301 0.001
обнаружили 0.001 1.222 0.001
несоблюдением 0.001 2.0 0.002
самые 0.001 0.602 0.001
другого 0.001 0.824 0.001
начали 0.001 0.481 0.0
идеальным 0.001 1.699 0.002
целью 0.001 1.222 0.001
делает 0.001 0.886 0.001
тяжелыми 0.001 1.398 0.001
умирают 0.001 1.398 0.001
серьезные 0.001 1.097 0.001
вакцине 0.001 0.886 0.001
распространено 0.001 0.102 0.0
сколько 0.003 0.585 0.002
насколько 0.002 0.42 0.001
существенно 0.001 0.721 0.001
ios 0.001 0.066 0.0
масштабов 0.001 2.0 0.002
затем 0.001 0.678 0.001
источника 0.001 1.097 0.001
происхождения 0.001 1.398 0.001
мышей 0.001 1.699 0.002
производством 0.001 1.222 0.001
картина 0.001 1.301 0.001
будут 0.001 0.301 0.0
человека 0.001 0.328 0.0
статистики 0.001 1.222 0.001
заявления 0.001 1.097 0.001
систему 0.001 1.222 0.001
российской 0.001 0.432 0.0
большинства 0.001 1.097 0.001
описаны 0.001 1.046 0.001
справляются 0.001 2.0 0.002
вакцинируйтесь 0.002 2.0 0.004
ответов 0.001 1.301 0.001
сомневаетесь 0.001 1.699 0.002
несколько 0.001 0.201 0.0
надолго 0.001 1.222 0.001
прямо 0.001 0.357 0.0
существования 0.001 1.301 0.001
вируса 0.001 0.721 0.001
фразе 0.001 2.0 0.002
игнорируйте 0.001 2.0 0.002
заболеет 0.001 1.699 0.002
сложится 0.001 2.0 0.002
минусов 0.001 2.0 0.002
защиты 0.001 0.824 0.001
всеми 0.001 0.824 0.001
крайней 0.001 0.721 0.001
деньги 0.001 0.77 0.001
анализирует 0.001 1.699 0.002
могут 0.001 0.187 0.0
изменилась 0.001 1.097 0.001
любом 0.001 0.854 0.001
рекомендации 0.001 0.824 0.001
большому 0.001 1.398 0.001
медузы 0.003 0.268 0.001
согласитесь 0.001 2.0 0.002
отказалась 0.001 0.959 0.001
привлекает 0.001 2.0 0.002
раза 0.001 0.602 0.001
деталей 0.001 1.699 0.002
полностью 0.001 0.538 0.001
эволюции 0.001 1.398 0.001
довольно 0.001 0.523 0.001
израилю 0.001 2.0 0.002
миф 0.001 1.699 0.002
коронавирус 0.001 0.854 0.001
писал 0.001 1.046 0.001
коронавируса 0.002 0.509 0.001
пока 0.003 0.208 0.001
самому 0.001 1.097 0.001
история 0.001 0.745 0.001
переживает 0.001 1.097 0.001
ревакцинация 0.001 2.0 0.002
найти 0.001 0.602 0.001
вопросом 0.001 1.046 0.001
карточки 0.002 1.155 0.002
даче 0.001 2.0 0.002
полный 0.001 0.77 0.001
анализе 0.001 1.301 0.001
мутирует 0.001 2.0 0.002
стационара 0.001 2.0 0.002
сих 0.002 0.481 0.001
спустя 0.001 0.886 0.001
предложить 0.001 1.222 0.001
вообще 0.003 0.066 0.0
клиентам 0.001 2.0 0.002
сообщений 0.001 1.398 0.001
третий 0.001 0.921 0.001
лишь 0.001 0.481 0.0
действенности 0.001 1.699 0.002
реакции 0.001 0.854 0.001
по-видимому 0.001 0.959 0.001
родов 0.001 1.523 0.002
онкологического 0.001 1.699 0.002
истории 0.001 0.337 0.0
извините 0.001 1.0 0.001
понимать 0.001 0.886 0.001
реальности 0.001 0.921 0.001
испытания 0.001 1.046 0.001
слишком 0.001 0.553 0.001
непроверенную 0.001 2.0 0.002
ухани 0.001 1.699 0.002
очень-очень 0.001 2.0 0.002
шока 0.001 1.699 0.002
полгода 0.003 0.886 0.003
делало 0.001 2.0 0.002
диабет/аутоиммунные 0.001 2.0 0.002
количество 0.001 0.62 0.001
cansino 0.001 1.301 0.001
метро 0.001 1.222 0.001
признана 0.001 1.699 0.002
соблюдением 0.001 2.0 0.002
иммунитета 0.001 0.886 0.001
вели 0.001 2.0 0.002
5-10 0.001 1.699 0.002
нормально 0.001 1.097 0.001
нашли 0.001 0.066 0.0
поверьте 0.001 2.0 0.002
связи 0.001 0.0 0.0
аденовирусные 0.001 1.523 0.002
аллергии 0.001 1.222 0.001
нем 0.001 0.602 0.001
государственной 0.001 1.046 0.001
повторимся 0.001 1.699 0.002
одного 0.001 0.432 0.0
медуза 0.002 0.066 0.0
выбрать 0.001 1.301 0.001
тяжелее 0.001 1.523 0.002
дельты 0.001 1.097 0.001
месяцев 0.002 0.602 0.001
месте 0.001 0.921 0.001
нам 0.002 0.086 0.0
проклятый 0.001 2.0 0.002
откуда 0.001 1.046 0.001
помочь 0.001 0.131 0.0
влияние 0.001 1.046 0.001
скорее 0.003 0.509 0.002
преждевременный 0.001 2.0 0.002
людьми 0.001 0.745 0.001
вирусу 0.001 1.046 0.001
д. 0.001 1.0 0.001
этому 0.001 0.432 0.0
мало 0.003 0.538 0.002
выбирайте 0.001 2.0 0.002
успела 0.001 1.398 0.001
нежелательных 0.001 1.046 0.001
разные 0.001 0.721 0.001
особенностей 0.001 1.222 0.001
искусственных 0.001 2.0 0.002
последствиям 0.001 1.699 0.002
юридическим 0.001 0.102 0.0
следует 0.001 0.77 0.001
аргентины 0.001 1.046 0.001
спроса 0.001 1.699 0.002
начались 0.001 0.921 0.001
взяв 0.001 2.0 0.002
материалам 0.001 0.066 0.0
прививка 0.001 1.046 0.001
срочно 0.001 0.167 0.0
побочными 0.001 1.398 0.001
перевести 0.001 1.523 0.002
маленький 0.001 1.699 0.002
вселяет 0.001 2.0 0.002
болели 0.001 1.301 0.001
ссылки 0.001 1.699 0.002
принципиально 0.001 0.959 0.001
социальный 0.001 1.699 0.002
ткани 0.001 1.301 0.001
другим 0.001 0.62 0.001
ясно 0.001 0.886 0.001
меньше 0.001 0.444 0.0
случае 0.001 0.357 0.0
доверять 0.001 1.699 0.002
китайские 0.001 1.301 0.001
единственный 0.001 0.824 0.001
fda 0.001 1.222 0.001
рекомендуете 0.001 2.0 0.002
сможете 0.001 1.523 0.002
путь 0.001 0.886 0.001
западных 0.001 0.854 0.001
иностранным 0.001 0.097 0.0
планирую 0.001 2.0 0.002
локализованных 0.001 2.0 0.002
практике 0.001 1.0 0.001
нужно 0.011 0.237 0.003
повезло 0.001 0.921 0.001
astrazeneca 0.001 0.959 0.001
организации 0.001 0.658 0.001
умирали 0.001 1.699 0.002
аргументацию 0.001 2.0 0.002
например 0.001 0.229 0.0
своих 0.001 0.398 0.0
должна 0.001 0.538 0.001
решение 0.001 0.509 0.001
стойкий 0.001 1.523 0.002
пользуйтесь 0.001 2.0 0.002
альтернатив 0.001 2.0 0.002
редакторами 0.001 1.699 0.002
писем 0.001 1.699 0.002
по-прежнему 0.001 0.824 0.001
что-то 0.003 0.569 0.002
миром 0.001 1.523 0.002
инфицированных 0.001 1.222 0.001
вакцинам 0.001 0.959 0.001
как-то 0.001 0.699 0.001
дружкам 0.001 2.0 0.002
ctrl+enter 0.001 0.066 0.0
исследованиях 0.001 0.854 0.001
проверке 0.001 1.699 0.002
новостиисторииразборшапитокоронавирусмагаз 0.001 0.066 0.0
проще 0.001 1.0 0.001
безопасно 0.001 0.066 0.0
долгосрочными 0.001 2.0 0.002
ввоза 0.001 2.0 0.002
зарегистрированы 0.001 1.097 0.001
думайте 0.001 2.0 0.002
детали 0.001 1.301 0.001
мобилизуя 0.001 2.0 0.002
youtube 0.001 0.06 0.0
вакцинах 0.001 1.046 0.001
сыворотках 0.001 2.0 0.002
должны 0.001 0.432 0.0
получили 0.001 0.745 0.001
тесты 0.001 1.301 0.001
сан-марино 0.001 1.301 0.001
создано 0.001 0.097 0.0
дельте 0.001 1.523 0.002
дожидаться 0.001 2.0 0.002
здравоохранения 0.001 0.658 0.001
собирают 0.001 1.222 0.001
которая 0.003 0.301 0.001
ноябре 0.001 1.398 0.001
доступа 0.001 1.097 0.001
поддержите 0.001 0.102 0.0
израильской 0.001 1.699 0.002
экспертизам 0.001 2.0 0.002
столкнулись 0.001 1.398 0.001
населения 0.001 0.658 0.001
достаточно 0.001 0.444 0.0
антител 0.001 0.854 0.001
сегодня 0.001 0.638 0.001
поэтому 0.001 0.328 0.0
праздновать 0.001 2.0 0.002
многие 0.001 0.284 0.0
средством 0.001 0.102 0.0
переболел 0.001 1.301 0.001
вирусах 0.001 2.0 0.002
выполняющим 0.001 0.097 0.0
медицинские 0.001 0.796 0.001
соответствующие 0.001 1.398 0.001
недостатков 0.001 1.301 0.001
возможность 0.001 0.569 0.001
возможно 0.001 0.398 0.0
дональдом 0.001 2.0 0.002
помягче… 0.001 2.0 0.002
принять 0.001 0.921 0.001
ошибку 0.001 0.066 0.0
июня 0.001 0.854 0.001
пора 0.001 1.398 0.001
ничем 0.001 1.155 0.001
компонент 0.001 1.222 0.001
препарат 0.001 0.959 0.001
штаммов 0.001 1.097 0.001
норм 0.001 1.699 0.002
условно 0.001 1.398 0.001
лет 0.002 0.252 0.001
отговаривать 0.001 2.0 0.002
называемая 0.001 2.0 0.002
искать 0.001 0.854 0.001
июля 0.001 1.0 0.001
говорят 0.003 0.432 0.001
противоречат 0.001 1.222 0.001
текстах 0.001 2.0 0.002
безопасность 0.001 0.921 0.001
прививки 0.003 0.638 0.002
госзакупки 0.001 2.0 0.002
медицины 0.001 1.523 0.002
абсолютно 0.002 0.721 0.001
проблемы 0.001 0.62 0.001
опасна 0.001 1.398 0.001
вопрос 0.001 0.42 0.0
ваших 0.001 1.155 0.001
сколкове 0.001 2.0 0.002
вакцинированы 0.001 1.222 0.001
спутника 0.001 0.796 0.001
благодарит 0.001 1.301 0.001
сделали 0.002 0.886 0.002
препаратов 0.001 1.0 0.001
забудьте 0.001 1.699 0.002
наиболее 0.001 0.745 0.001
буквально 0.001 0.886 0.001
применяют 0.001 1.398 0.001
ответы 0.001 1.0 0.001
данные 0.004 0.066 0.0
опровергнуты 0.001 2.0 0.002
хотите 0.001 0.921 0.001
толку 0.001 2.0 0.002
дают 0.001 0.721 0.001
дмитрием 0.001 2.0 0.002
светланой 0.001 2.0 0.002
научный 0.002 0.959 0.002
нерациональный 0.001 2.0 0.002
сославшись 0.001 1.699 0.002
ковиваком 0.001 1.398 0.001
счету 0.001 1.699 0.002
разбор 0.001 0.387 0.0
деле 0.003 0.553 0.002
мире 0.001 0.553 0.001
пересидеть 0.001 1.699 0.002
долговременных 0.001 1.523 0.002
страшное 0.001 1.523 0.002
наши 0.001 0.721 0.001
нажмите 0.001 0.066 0.0
возможностью 0.001 1.699 0.002
хорошей 0.001 1.523 0.002
норма 0.001 1.699 0.002
требует 0.001 0.824 0.001
доказательной 0.001 1.699 0.002
рассказываем 0.001 0.886 0.001
стран 0.001 0.469 0.0
сколковский 0.001 2.0 0.002
считать 0.001 0.854 0.001
среднегеометрического 0.001 2.0 0.002
признан 0.001 2.0 0.002
некоторых 0.001 0.523 0.001
идет 0.001 0.367 0.0
российских 0.001 0.337 0.0
других 0.003 0.26 0.001
гипотезы 0.001 1.699 0.002
делал 0.001 1.222 0.001
новых 0.001 0.678 0.001
минус 0.001 1.398 0.001
известны 0.001 1.222 0.001
иностранного 0.001 0.102 0.0
взялся 0.001 1.699 0.002
александр 0.003 0.538 0.002
человек 0.001 0.215 0.0
развязка 0.001 2.0 0.002
материал 0.001 0.086 0.0
высокие 0.001 1.398 0.001
противоковидных 0.002 1.301 0.003
рака 0.001 1.523 0.002
однозначных 0.001 2.0 0.002
подробности 0.014 1.155 0.016
исследований 0.002 0.585 0.001
производят 0.001 1.523 0.002
сделать 0.001 0.357 0.0
– 0.001 0.06 0.0
стесняться 0.001 2.0 0.002
следующих 0.001 1.301 0.001
вакцинироваться 0.006 1.0 0.006
знакомых 0.001 1.222 0.001
время 0.001 0.102 0.0
ковида 0.003 0.444 0.001
leta 0.001 0.301 0.0
нами 0.001 0.066 0.0
признанные 0.001 2.0 0.002
отдельных 0.001 1.046 0.001
дает 0.001 0.796 0.001
тяжело 0.001 0.796 0.001
сравнивать 0.001 0.959 0.001
выбирать 0.001 1.398 0.001
работают 0.001 0.553 0.001
вирус 0.002 0.678 0.001
конце 0.001 0.745 0.001
главного 0.001 1.155 0.001
значение 0.001 1.097 0.001
рекламаmeduza 0.001 0.066 0.0
никто 0.003 0.523 0.002
авторами 0.001 1.699 0.002
принимать 0.001 0.721 0.001
боль 0.001 0.959 0.001
наступает 0.001 1.301 0.001
собирая 0.001 2.0 0.002
позитивности 0.001 2.0 0.002
приятно 0.001 1.699 0.002
бесплодию 0.001 1.699 0.002
лицом 0.001 0.102 0.0
обязательно 0.001 0.959 0.001
вал 0.001 2.0 0.002
неплохая 0.001 2.0 0.002
публикует 0.001 1.222 0.001
кузнецом 0.001 2.0 0.002
точность 0.001 1.699 0.002
смертях 0.001 1.699 0.002
функции 0.001 0.097 0.0
скрывают 0.001 1.699 0.002
технологии 0.001 1.155 0.001
тысяч 0.001 0.337 0.0
постоянно 0.001 0.62 0.001
главах 0.001 2.0 0.002
заболеть 0.001 0.921 0.001
статья 0.001 1.0 0.001
манипуляций 0.001 2.0 0.002
среди 0.001 0.42 0.0
оснований 0.001 1.046 0.001
решения 0.001 0.638 0.001
ковивак 0.001 1.155 0.001
найдено 0.001 1.398 0.001
известно 0.001 0.481 0.0
неожиданного 0.001 1.699 0.002
алеев 0.001 2.0 0.002
прежде 0.001 0.62 0.001
одноразовые 0.001 1.699 0.002
прямого 0.001 2.0 0.002
желание 0.001 1.155 0.001
знакомый 0.001 1.523 0.002
всемирной 0.001 1.699 0.002
выбор 0.003 1.097 0.003
привитых 0.001 0.824 0.001
вопросов 0.001 1.046 0.001
невозможными 0.001 2.0 0.002
назад 0.001 0.18 0.0
подробностей 0.002 1.222 0.002
другими 0.001 0.495 0.0
польза 0.001 1.398 0.001
укола 0.001 1.155 0.001
полезна 0.001 1.699 0.002
снова 0.001 0.678 0.001
поликлинике 0.001 1.523 0.002
заболевают 0.001 1.222 0.001
конкретного 0.001 1.155 0.001
johnson 0.001 1.155 0.001
летучей 0.001 2.0 0.002
беспокоясь 0.001 2.0 0.002
перейти 0.001 0.066 0.0
поддержать 0.001 0.066 0.0
уважаемых 0.001 2.0 0.002
источник 0.001 0.174 0.0
полгода-год 0.001 1.699 0.002
напомнить 0.001 1.097 0.001
отнеслась 0.001 2.0 0.002
все-таки 0.001 0.553 0.001
проконтролируйте 0.001 2.0 0.002
какие-то 0.001 0.538 0.001
относиться 0.001 2.0 0.002
обнаружить 0.001 1.097 0.001
ревакцинироваться 0.002 1.699 0.003
кодекс 0.001 0.066 0.0
держитесь 0.001 1.699 0.002
moderna 0.001 1.0 0.001
хочу 0.001 0.137 0.0
кому 0.001 0.824 0.001
побочных 0.001 0.959 0.001
сомневающихся 0.001 1.699 0.002
клинических 0.001 0.796 0.001
серьезно 0.001 1.301 0.001
четко 0.001 1.0 0.001
приходится 0.001 0.886 0.001
ввоз 0.001 1.699 0.002
недостатка 0.001 1.699 0.002
достать 0.001 1.699 0.002
тасс 0.001 0.699 0.001
егор 0.001 1.523 0.002
количеству 0.001 1.301 0.001
полученный 0.001 1.222 0.001
люди 0.003 0.276 0.001
решил 0.001 0.959 0.001
данное 0.001 0.097 0.0
подождете 0.001 2.0 0.002
полугода 0.001 1.699 0.002
полагаться 0.001 2.0 0.002
произойдет 0.001 1.699 0.002
идеи 0.001 1.155 0.001
лишний 0.001 1.523 0.002
доступ 0.001 0.921 0.001
воз 0.003 0.796 0.002
нарушения 0.001 1.398 0.001
теоретически 0.001 1.046 0.001
увидев 0.001 1.699 0.002
убедить 0.001 1.301 0.001
заключается 0.001 1.301 0.001
коротко 0.001 0.824 0.001
уфа-вита 0.001 2.0 0.002
расскажет 0.001 1.301 0.001
пор 0.003 0.387 0.001
действует 0.001 1.097 0.001
сравнению 0.001 0.796 0.001
умерли 0.001 1.155 0.001
западными 0.001 1.301 0.001
температура 0.001 1.0 0.001
будущем 0.001 0.745 0.001
реальны 0.001 2.0 0.002
лабораториях 0.001 1.699 0.002
утвержден 0.001 1.699 0.002
институте 0.001 1.222 0.001
процентов 0.001 1.699 0.002
мечтать 0.001 2.0 0.002
антитела 0.001 0.959 0.001
меняет 0.001 1.523 0.002
правила 0.001 0.066 0.0
вакцинации 0.006 0.553 0.003
альтернативы 0.001 1.301 0.001
тревоги 0.001 1.398 0.001
вконтакте 0.001 0.066 0.0
часть 0.001 0.456 0.0
интерпретируйте 0.001 2.0 0.002
сложная 0.001 1.398 0.001
забывает 0.001 2.0 0.002
препарата 0.001 0.886 0.001
сказать 0.003 0.495 0.001
live 0.001 0.022 0.0
pfizer 0.003 0.886 0.003
доказательств 0.001 1.155 0.001
возможности 0.001 0.77 0.001
анафилактического 0.001 2.0 0.002
лекарства 0.001 0.854 0.001
узнают 0.001 1.523 0.002
справедливо 0.001 1.523 0.002
детей 0.001 0.523 0.001
блог 0.001 0.066 0.0
инстаграм 0.001 0.066 0.0
© 0.001 0.0 0.0
равно 0.001 0.638 0.001
нашими 0.001 1.155 0.001
вопросы 0.001 0.481 0.0
размножается 0.001 1.398 0.001
разработчиков 0.001 1.097 0.001
выделите 0.001 0.066 0.0
разных 0.001 0.398 0.0
власти 0.001 0.387 0.0
спецкором 0.001 2.0 0.002
тяжелые 0.001 1.046 0.001
данных 0.001 0.481 0.0
филиал 0.001 1.699 0.002
биологи 0.001 2.0 0.002
могли 0.001 0.699 0.001
врач 0.001 1.046 0.001
эффективны 0.001 1.301 0.001
легко 0.001 0.824 0.001
meduzacare 0.001 0.066 0.0
достоверно 0.001 1.155 0.001
граждан 0.001 0.638 0.001
против 0.003 0.229 0.001
капитал 0.001 1.523 0.002
женщиной 0.001 2.0 0.002
благодарить 0.001 2.0 0.002
результаты 0.001 0.62 0.001
масштабные 0.001 1.398 0.001
рекомендуют 0.001 0.796 0.001
саркисян 0.001 0.959 0.001
болезнью 0.001 1.523 0.002
заводе 0.001 1.398 0.001
пристально 0.001 1.699 0.002
великобритании 0.001 0.745 0.001
кнопка 0.001 0.066 0.0
беременна 0.001 2.0 0.002
частого 0.001 2.0 0.002
шести 0.001 1.0 0.001
хотя 0.001 0.276 0.0
невиданных 0.001 2.0 0.002
эпиваккорону 0.001 1.398 0.001
небольшое 0.001 1.097 0.001
нужны 0.001 0.745 0.001
основываясь 0.001 1.699 0.002
эффективность 0.002 0.569 0.001
неожиданное 0.001 2.0 0.002
существующих 0.001 1.222 0.001
речь 0.001 0.432 0.0
настоящий 0.001 1.155 0.001
вечерняя 0.001 0.066 0.0
испытаниях 0.001 1.222 0.001
это 0.017 0.066 0.001
вакцин 0.006 0.62 0.004
ема 0.001 1.699 0.002
прививайтесь 0.001 2.0 0.002
умножьте 0.001 2.0 0.002
редактор 0.002 1.0 0.002
поддержки 0.001 0.066 0.0
курс 0.001 1.155 0.001
защищает 0.001 0.921 0.001
спутник 0.007 0.721 0.005
помощь 0.001 0.097 0.0
уханьским 0.001 1.699 0.002
начал 0.001 0.796 0.001
давно 0.001 0.77 0.001
эффективно 0.001 1.046 0.001
читателей 0.001 0.658 0.001
открытии 0.001 2.0 0.002
непонятно 0.001 0.921 0.001
страшных 0.001 1.398 0.001
задайте 0.001 2.0 0.002
инфекцией 0.001 1.222 0.001
работаем 0.001 0.161 0.0
бесплодии 0.001 2.0 0.002
коллег 0.001 1.222 0.001
кому-то 0.001 1.046 0.001
v 0.001 0.699 0.001
своим 0.001 0.658 0.001
двух 0.001 0.377 0.0
получите 0.001 2.0 0.002
пропущено 0.001 2.0 0.002
снижает 0.001 1.046 0.001
такая 0.001 0.553 0.001
ответ 0.001 0.602 0.001
эффектами 0.001 1.523 0.002
дельта 0.001 0.854 0.001
прививаться 0.003 0.921 0.003
около 0.001 0.432 0.0
создателями 0.001 1.523 0.002
отношению 0.001 1.398 0.001
доказано 0.001 1.699 0.002
иммунитет 0.001 0.854 0.001
вакциной 0.002 0.886 0.002
бразилии 0.001 1.301 0.001
прочитайте 0.001 1.301 0.001
снижение 0.001 1.0 0.001
24/7 0.001 0.102 0.0
очевидно 0.001 0.959 0.001
организаций 0.001 1.046 0.001
cdc 0.001 1.301 0.001
android 0.001 0.066 0.0
недостатке 0.001 2.0 0.002
english 0.001 0.06 0.0
раза… 0.001 2.0 0.002
гипотеза 0.001 1.699 0.002
самое 0.001 0.638 0.001
боюсь 0.001 1.523 0.002
дождитесь 0.001 2.0 0.002
беременность 0.001 1.222 0.001
шанс 0.001 1.0 0.001
вариантов 0.001 0.854 0.001
обмануть 0.001 2.0 0.002
заболел 0.001 1.523 0.002
особенно 0.001 0.553 0.001
поддержка 0.001 0.167 0.0
нужна 0.001 0.092 0.0
вакцинация 0.003 0.699 0.002
упомянуть 0.001 1.523 0.002
важна 0.001 1.155 0.001
невозможным 0.001 1.699 0.002
избыточной 0.001 1.155 0.001
можете 0.001 0.699 0.001
события 0.001 0.745 0.001
мере 0.001 0.569 0.001
закрытом 0.001 2.0 0.002
вколют 0.001 2.0 0.002
тромбозы 0.001 1.523 0.002
аргументы 0.001 0.77 0.001
скрытности 0.001 2.0 0.002
мрнк 0.001 1.155 0.001
сдавайте 0.001 2.0 0.002
близких 0.002 1.222 0.002
приходом 0.001 1.398 0.001
заболевания/онкологическое 0.001 2.0 0.002
независимым 0.001 1.523 0.002
всем 0.001 0.252 0.0
факт 0.001 0.77 0.001
признанным 0.001 2.0 0.002
возник 0.001 1.155 0.001
подробнее 0.001 0.699 0.001
аденовирусам 0.001 1.398 0.001
происхождении 0.001 2.0 0.002
те 0.001 0.357 0.0
оно 0.001 0.444 0.0
требования 0.001 0.066 0.0
связаться 0.001 0.066 0.0
самом 0.003 0.481 0.001
преимуществ 0.001 1.523 0.002
времени 0.001 0.523 0.001
отговаривайте 0.001 2.0 0.002
информации 0.001 0.102 0.0
нормальный 0.001 1.699 0.002
варианта 0.001 0.745 0.001
дополнительную 0.001 1.699 0.002
прививался/прививалась 0.001 2.0 0.002
вполне 0.001 0.699 0.001
имеет 0.001 0.602 0.001
явлений 0.001 1.046 0.001
титра 0.001 1.523 0.002
тех 0.003 0.26 0.001
смысл 0.003 0.959 0.003
регуляции 0.001 2.0 0.002
популяционных 0.001 2.0 0.002
россиян 0.001 0.62 0.001
пристрастно 0.001 2.0 0.002
важно 0.001 0.509 0.001
попасть 0.001 0.921 0.001
безусловно 0.001 1.222 0.001
считает 0.001 0.678 0.001
доверяю 0.001 2.0 0.002
вирусологии 0.001 1.699 0.002
противопоказана 0.001 1.699 0.002
выбрали 0.001 1.699 0.002
рубрики 0.001 1.699 0.002
летучих 0.001 2.0 0.002
проникает 0.001 1.523 0.002
спутником 0.003 0.921 0.003
почему 0.006 0.337 0.002
долгосрочные 0.001 1.398 0.001
живого 0.001 1.523 0.002
осмысленное 0.001 2.0 0.002
риски 0.001 0.77 0.001
зарегистрировал 0.001 2.0 0.002
медузе 0.001 0.066 0.0
хороший 0.001 1.398 0.001
подобную 0.001 1.699 0.002
объяснить 0.001 0.921 0.001
побочные 0.001 1.398 0.001
бываете 0.001 2.0 0.002
первый 0.001 0.481 0.0
точно 0.002 0.481 0.001
поскольку 0.001 0.678 0.001
любая 0.001 1.222 0.001
агентства 0.001 1.097 0.001
статистику 0.001 1.301 0.001
знает 0.002 0.854 0.002
уверенность 0.001 1.523 0.002
разработчики 0.001 1.0 0.001
facebook 0.001 0.0 0.0
переговоры 0.001 1.301 0.001
медузу 0.001 0.066 0.0
обработки 0.001 0.066 0.0
менее 0.001 0.432 0.0
этим 0.002 0.337 0.001
станет 0.001 0.678 0.001
хочет 0.001 0.854 0.001
болел 0.001 1.523 0.002
существенные 0.001 1.523 0.002
слух 0.001 1.699 0.002
массовой 0.001 0.097 0.0
выбора 0.001 1.398 0.001
знаем 0.001 0.585 0.001
останется 0.001 1.155 0.001
вроде 0.001 0.658 0.001
кто-то 0.001 0.602 0.001
кузнеца 0.001 1.699 0.002
подтверждают 0.001 1.523 0.002
пойти 0.001 1.097 0.001
фрагмент 0.001 1.523 0.002
желающих 0.001 1.699 0.002
сторонников 0.001 1.398 0.001
единицу 0.001 2.0 0.002
scanpix 0.001 0.301 0.0
последствия 0.002 0.796 0.002
эффектах 0.001 1.699 0.002
предоставляли 0.001 2.0 0.002
репродуктивную 0.001 1.699 0.002
спасибоgiphyза 0.001 0.066 0.0
показывать 0.001 0.066 0.0
сосредоточиться 0.001 1.398 0.001
спокойно 0.001 0.824 0.001
принятия 0.001 1.155 0.001
особенного 0.001 1.699 0.002
каких-то 0.001 0.921 0.001
twitter 0.001 0.0 0.0
плохой 0.001 1.699 0.002
болезни 0.003 0.62 0.002
достигла 0.001 1.523 0.002
пожалуйста 0.001 0.102 0.0
пример 0.001 0.824 0.001
аргентине 0.001 1.097 0.001
оставили 0.001 1.301 0.001
содержащая 0.001 1.699 0.002
платформы 0.001 0.066 0.0
зато 0.001 0.886 0.001
ревакцинации 0.002 1.699 0.003
коронавирусе 0.001 1.0 0.001
применении 0.001 1.046 0.001
хадасса 0.001 1.523 0.002
наверное 0.001 0.921 0.001
переболевшим 0.001 1.699 0.002
именно 0.006 0.244 0.001
сначала 0.001 0.602 0.001
наблюдали 0.001 1.301 0.001
задайтесь 0.001 2.0 0.002
организме 0.001 1.301 0.001
ваш 0.001 1.155 0.001
смертности 0.001 1.155 0.001
вакцины 0.008 0.585 0.005
персональные 0.001 0.066 0.0
новом 0.001 1.155 0.001
очень 0.006 0.149 0.001
посоветуйтесь 0.001 1.699 0.002
которые 0.005 0.119 0.001
последнее 0.001 1.097 0.001
активно 0.001 0.77 0.001
вовсе 0.001 0.921 0.001
гипотетические 0.001 2.0 0.002
meduza 0.002 0.0 0.0
кого 0.001 0.509 0.001
т. 0.001 0.921 0.001
выпустят 0.001 2.0 0.002
побольше 0.001 2.0 0.002
одна 0.001 0.42 0.0
прошли 0.001 0.796 0.001
клиники 0.001 1.222 0.001
трампом 0.001 2.0 0.002
мышью 0.001 2.0 0.002
прямых 0.001 1.155 0.001
иммунной 0.001 0.959 0.001
используя 0.001 1.699 0.002
бесплодия 0.001 2.0 0.002
январе 0.001 1.222 0.001
компоненты 0.001 1.097 0.001
рейтер 0.001 1.155 0.001
выжимка 0.001 2.0 0.002
ведущие 0.001 1.097 0.001
иначе 0.001 0.745 0.001
применения 0.002 1.097 0.002
странах 0.001 0.495 0.0
знать 0.001 0.824 0.001
плашках 0.001 2.0 0.002
убедите 0.001 2.0 0.002
минздрава 0.001 0.886 0.001
болезней 0.001 1.222 0.001
лаборатории 0.001 1.097 0.001
внимание 0.001 0.658 0.001
минздраве 0.001 1.523 0.002
пользуются 0.001 1.699 0.002
предполагать 0.001 1.699 0.002
штаммом 0.001 1.699 0.002
эта 0.001 0.367 0.0
российским 0.001 0.092 0.0
которых 0.001 0.237 0.0
детектив 0.001 2.0 0.002
тому 0.001 0.509 0.001
порядок 0.001 1.155 0.001
минимальны 0.001 1.699 0.002
дмитрия 0.001 1.222 0.001
заранее 0.001 0.959 0.001
вместе 0.001 0.602 0.001
однако 0.001 0.337 0.0
делать 0.003 0.276 0.001
реклама 0.001 0.066 0.0
из-за 0.001 0.229 0.0
последствий 0.001 0.959 0.001
интересах 0.001 0.167 0.0
ответим 0.001 2.0 0.002
корректно 0.001 1.398 0.001
завести 0.001 2.0 0.002
сообщение 0.001 0.102 0.0
точнее 0.001 0.921 0.001
сомнения 0.001 1.155 0.001
долговременные 0.001 1.523 0.002
напишем 0.001 2.0 0.002
