числа 0.001 0.745 0.001
описывали 0.001 1.699 0.002
редакции 0.002 0.066 0.0
повреждениями 0.001 2.0 0.002
виду 0.001 0.745 0.001
подозрении 0.001 2.0 0.002
баннерам 0.001 0.066 0.0
рассчитывает 0.001 1.699 0.002
друзья 0.001 1.222 0.001
отличаться 0.001 1.301 0.001
россии 0.004 0.119 0.0
оттенок 0.001 1.699 0.002
действительно 0.001 0.377 0.0
усмотрение 0.001 1.523 0.002
госпитализируют 0.001 1.699 0.002
нарушается 0.001 1.523 0.002
гифки 0.001 0.066 0.0
инфекции 0.002 0.77 0.002
бактериальной 0.001 1.699 0.002
агента 0.002 0.097 0.0
людей 0.002 0.161 0.0
пять 0.001 0.509 0.001
говорит 0.005 0.409 0.002
кроме 0.001 0.387 0.0
точный 0.001 1.523 0.002
ковиде 0.008 1.155 0.009
выписать 0.001 2.0 0.002
смысла 0.001 0.699 0.001
заполнены 0.001 2.0 0.002
диагностики 0.001 1.699 0.002
in 0.001 0.0 0.0
проводят 0.001 1.0 0.001
обширное 0.001 2.0 0.002
непроходящая 0.001 1.699 0.002
эмпирической 0.001 2.0 0.002
министерства 0.001 1.155 0.001
изменения 0.002 1.097 0.002
повышенный 0.002 1.699 0.003
директор 0.001 1.097 0.001
пневмонией 0.001 2.0 0.002
минздрав 0.001 0.824 0.001
который 0.001 0.194 0.0
риск 0.002 0.538 0.001
предсказать 0.001 1.301 0.001
анонимно 0.001 0.066 0.0
серии 0.001 1.301 0.001
баранова 0.001 1.699 0.002
ваша 0.002 0.102 0.0
чаще 0.001 0.602 0.001
вызывать 0.001 0.921 0.001
справиться 0.001 1.222 0.001
появления 0.001 0.854 0.001
труднее 0.001 0.721 0.001
заболевания 0.004 0.62 0.002
визуальной 0.001 2.0 0.002
читателейнам 0.001 0.174 0.0
альвеолы 0.002 2.0 0.004
куки 0.001 0.066 0.0
минут 0.001 0.854 0.001
заболевание 0.002 0.854 0.002
никаких 0.004 0.602 0.002
ноября 0.001 0.745 0.001
смотрим 0.001 1.523 0.002
федерального 0.001 1.222 0.001
заметно 0.001 1.222 0.001
использование 0.001 0.066 0.0
кт-0 0.001 2.0 0.002
порядку 0.001 0.066 0.0
реабилитацию 0.001 2.0 0.002
карточек 0.001 0.62 0.001
комбинации 0.001 1.398 0.001
впечатления 0.001 1.699 0.002
поражению 0.001 1.523 0.002
площади 0.001 1.301 0.001
признаков 0.001 1.523 0.002
кт-4 0.001 2.0 0.002
фотографии 0.001 0.638 0.001
en 0.001 0.066 0.0
заболеваниями 0.001 1.155 0.001
работает 0.001 0.367 0.0
поликлинику 0.001 1.699 0.002
хуже 0.004 0.699 0.003
сравнивают 0.001 1.155 0.001
этими 0.001 1.301 0.001
единичные 0.001 1.523 0.002
компьютерную 0.002 1.398 0.003
большей 0.001 1.046 0.001
медицинской 0.001 0.921 0.001
пациентов 0.001 0.796 0.001
целью 0.001 1.222 0.001
распространено 0.001 0.102 0.0
мультик 0.001 2.0 0.002
другом 0.001 0.721 0.001
насколько 0.004 0.42 0.002
ios 0.001 0.066 0.0
картина 0.002 1.301 0.003
карелия 0.001 1.699 0.002
опасно 0.001 0.921 0.001
будут 0.001 0.301 0.0
поменяться 0.001 1.699 0.002
человека 0.002 0.328 0.001
ошибалась 0.002 2.0 0.004
тяжести 0.001 1.155 0.001
анна 0.005 1.097 0.005
несколько 0.001 0.201 0.0
эмпирическая 0.001 2.0 0.002
однозначно 0.001 0.959 0.001
болезнях 0.002 2.0 0.004
поражением 0.001 2.0 0.002
сознания 0.001 1.301 0.001
парацетамол 0.001 1.398 0.001
cc 0.001 1.046 0.001
принятии 0.001 1.523 0.002
основном 0.001 0.553 0.001
могут 0.007 0.187 0.001
наконец-то 0.001 1.222 0.001
любом 0.002 0.854 0.002
повреждены 0.002 1.523 0.003
медузы 0.001 0.268 0.0
полностью 0.001 0.538 0.001
призвал 0.001 1.155 0.001
этих 0.001 0.337 0.0
писали 0.001 0.824 0.001
альвеолами 0.001 2.0 0.002
никакой 0.001 0.854 0.001
ставят 0.001 1.398 0.001
а. 0.001 1.699 0.002
нашем 0.001 0.959 0.001
категорий 0.001 2.0 0.002
легким 0.001 1.699 0.002
вообще 0.004 0.066 0.0
газообмен 0.001 2.0 0.002
состояние 0.002 0.921 0.002
лишь 0.002 0.481 0.001
изменяется 0.001 1.523 0.002
объясняет 0.002 0.658 0.001
дни 0.001 0.721 0.001
срочная 0.001 1.699 0.002
болезнь 0.001 1.155 0.001
диагностированном 0.001 2.0 0.002
матового 0.002 2.0 0.004
в. 0.001 1.523 0.002
оценка 0.004 1.398 0.006
телефону 0.001 1.155 0.001
степени 0.002 0.721 0.001
петрозаводск 0.001 2.0 0.002
поражение 0.007 2.0 0.014
нюансы 0.001 1.398 0.001
представлена 0.001 1.222 0.001
появилась 0.001 0.886 0.001
нашли 0.001 0.066 0.0
связи 0.001 0.0 0.0
назначения 0.001 1.097 0.001
нем 0.001 0.602 0.001
медуза 0.005 0.066 0.0
республики 0.001 1.301 0.001
требуется 0.001 0.959 0.001
спрашивают 0.001 1.523 0.002
нам 0.001 0.086 0.0
помочь 0.001 0.131 0.0
скорее 0.001 0.509 0.001
показать 0.001 1.155 0.001
минуту 0.001 1.398 0.001
отмечает 0.001 1.155 0.001
естественно 0.002 1.155 0.002
отдельной 0.001 1.699 0.002
by 0.001 0.658 0.001
функцию 0.001 1.523 0.002
юридическим 0.001 0.102 0.0
максимально 0.001 0.721 0.001
зачастую 0.001 1.523 0.002
худшем 0.001 1.699 0.002
материалам 0.001 0.066 0.0
срочно 0.004 0.167 0.001
вдоха 0.001 1.699 0.002
говорится 0.001 0.824 0.001
хотим 0.002 0.921 0.002
меньше 0.001 0.444 0.0
программы 0.001 1.046 0.001
случае 0.005 0.357 0.002
ограничения 0.001 0.745 0.001
необходима 0.001 1.398 0.001
сосудами 0.001 2.0 0.002
осложнением 0.001 2.0 0.002
присутствием 0.001 2.0 0.002
знакомые 0.001 1.398 0.001
нормы 0.001 1.398 0.001
клинического 0.001 1.046 0.001
сергей 0.002 0.886 0.002
лицо 0.001 1.301 0.001
являются 0.001 1.155 0.001
иностранным 0.001 0.097 0.0
настаивать 0.001 1.699 0.002
томограмме 0.001 1.699 0.002
нужно 0.006 0.237 0.001
случаи 0.001 0.721 0.001
главный 0.002 0.638 0.001
commons 0.001 1.0 0.001
например 0.004 0.229 0.001
вариантом 0.001 0.921 0.001
обратитесь 0.001 2.0 0.002
стеклом 0.001 1.523 0.002
свои 0.001 0.481 0.0
борьбы 0.001 1.097 0.001
становится 0.001 0.721 0.001
решение 0.001 0.509 0.001
кт-2 0.001 2.0 0.002
материале 0.001 1.155 0.001
ctrl+enter 0.001 0.066 0.0
мнению 0.001 0.638 0.001
вдохах 0.001 1.699 0.002
отделение 0.001 1.398 0.001
исследованиях 0.001 0.854 0.001
безопасно 0.001 0.066 0.0
новостиисторииразборшапитокоронавирусмагаз 0.001 0.066 0.0
обычно 0.001 0.523 0.001
скорую 0.002 1.398 0.003
играет 0.001 1.0 0.001
youtube 0.001 0.06 0.0
либо 0.001 0.569 0.001
видит 0.001 1.523 0.002
создано 0.001 0.097 0.0
путем 0.001 1.301 0.001
врачи 0.001 0.886 0.001
здравоохранения 0.001 0.658 0.001
консолидацией 0.001 2.0 0.002
значительно 0.002 0.959 0.002
республиканской 0.001 2.0 0.002
и/или 0.001 1.523 0.002
которая 0.001 0.301 0.0
рекомендациях 0.001 1.0 0.001
поддержите 0.001 0.102 0.0
пневмония 0.004 1.523 0.006
случилось 0.002 0.658 0.001
губы 0.001 1.398 0.001
достаточно 0.004 0.444 0.002
глаз 0.004 1.523 0.006
врачу 0.004 1.222 0.005
полиморфная 0.001 2.0 0.002
груди 0.001 1.222 0.001
нередко 0.001 1.222 0.001
удаленной 0.001 2.0 0.002
выписки 0.001 1.699 0.002
поэтому 0.001 0.328 0.0
многие 0.001 0.284 0.0
средством 0.001 0.102 0.0
внешние 0.001 1.398 0.001
кт-3 0.001 2.0 0.002
выполняющим 0.002 0.097 0.0
описывая 0.001 2.0 0.002
появятся 0.001 1.398 0.001
ошибку 0.001 0.066 0.0
материалы 0.001 0.824 0.001
диспетчер 0.001 1.699 0.002
специалист 0.002 1.301 0.003
приводит 0.001 0.824 0.001
распространения 0.001 0.678 0.001
говорил 0.001 0.959 0.001
говорят 0.002 0.432 0.001
лучевой 0.002 1.699 0.003
creative 0.001 0.921 0.001
вопрос 0.001 0.42 0.0
сделали 0.002 0.886 0.002
признаки 0.001 1.398 0.001
данные 0.001 0.066 0.0
синеватый 0.001 1.699 0.002
поражения 0.012 1.301 0.016
поступлении 0.001 1.699 0.002
стать 0.001 0.699 0.001
разбор 0.001 0.387 0.0
деле 0.001 0.553 0.001
больницу 0.001 1.097 0.001
увидят 0.001 1.699 0.002
стекла 0.002 1.699 0.003
обращаются 0.001 1.699 0.002
данным 0.001 0.444 0.0
нажмите 0.001 0.066 0.0
словами 0.001 0.824 0.001
умереть 0.001 1.301 0.001
некоторых 0.001 0.523 0.001
идет 0.001 0.367 0.0
обращаться 0.001 1.398 0.001
морозов 0.004 2.0 0.008
российских 0.001 0.337 0.0
других 0.004 0.26 0.001
новых 0.001 0.678 0.001
иностранного 0.002 0.102 0.0
легкие 0.004 1.523 0.006
заполняются 0.001 2.0 0.002
человек 0.002 0.215 0.0
материал 0.001 0.086 0.0
по-разному 0.002 1.222 0.002
симптомов 0.004 0.886 0.004
обратиться 0.001 1.046 0.001
целом 0.001 0.585 0.001
исследований 0.001 0.585 0.001
обычная 0.001 1.155 0.001
инструкции 0.001 1.155 0.001
имеющихся 0.001 1.301 0.001
нагрузка 0.001 1.523 0.002
принятое 0.001 1.699 0.002
оценивать 0.001 1.523 0.002
улучшить 0.001 1.699 0.002
– 0.001 0.06 0.0
время 0.001 0.102 0.0
процент 0.002 1.398 0.003
результате 0.001 0.62 0.001
нами 0.001 0.066 0.0
50–75 0.001 2.0 0.002
тяжело 0.001 0.796 0.001
заключении 0.001 1.699 0.002
центра 0.001 0.77 0.001
примерно 0.001 0.585 0.001
вероятностью 0.001 1.097 0.001
вирус 0.001 0.678 0.001
вреда 0.001 1.523 0.002
рекламаmeduza 0.001 0.066 0.0
боль 0.001 0.959 0.001
принимать 0.001 0.721 0.001
работы 0.001 0.553 0.001
роли 0.001 1.155 0.001
инструменты 0.001 1.222 0.001
сравните 0.001 2.0 0.002
лицом 0.001 0.102 0.0
принимается 0.001 1.155 0.001
обычное 0.001 1.523 0.002
матовым 0.001 2.0 0.002
функции 0.002 0.097 0.0
ответить 0.001 0.886 0.001
одинаковыми 0.001 1.523 0.002
дышать 0.002 1.398 0.003
никакого 0.001 0.824 0.001
снятия 0.001 1.699 0.002
развивающаяся 0.001 2.0 0.002
пишут 0.001 0.77 0.001
быстро 0.001 0.495 0.0
определяют 0.002 1.398 0.003
прогнозы 0.001 1.398 0.001
другими 0.002 0.495 0.001
„ 0.007 0.62 0.004
заболевании 0.001 1.222 0.001
телемедицины 0.001 2.0 0.002
перейти 0.001 0.066 0.0
поддержать 0.001 0.066 0.0
степень 0.002 1.046 0.002
напомнить 0.002 1.097 0.002
результатов 0.001 0.886 0.001
проверить 0.001 1.097 0.001
завтра-послезавтра 0.001 2.0 0.002
одни 0.001 1.046 0.001
кодекс 0.001 0.066 0.0
рентгенолог 0.001 2.0 0.002
“ 0.007 0.432 0.003
проходить 0.002 1.155 0.002
перепечатать 0.001 1.097 0.001
хочу 0.001 0.137 0.0
также 0.002 0.237 0.0
ковид 0.002 0.796 0.002
проходила 0.001 1.398 0.001
расчета 0.001 1.523 0.002
рассказывает 0.002 0.569 0.001
воспаление 0.001 1.523 0.002
руководством 0.002 1.046 0.002
давление 0.001 1.0 0.001
делят 0.001 1.523 0.002
сознании 0.001 1.398 0.001
кт 0.019 1.523 0.029
данное 0.001 0.097 0.0
жидкостью 0.002 2.0 0.004
25–50 0.001 2.0 0.002
какой-то 0.001 0.538 0.001
важнее 0.001 1.301 0.001
какое 0.001 1.222 0.001
ко 0.001 0.745 0.001
ухудшения 0.001 2.0 0.002
окажется 0.001 1.097 0.001
большие 0.001 0.796 0.001
правила 0.001 0.066 0.0
мышление 0.001 1.523 0.002
округа 0.001 1.699 0.002
белозерова 0.005 2.0 0.01
вконтакте 0.001 0.066 0.0
рекомендациями 0.001 1.523 0.002
live 0.001 0.022 0.0
лицензии 0.001 1.0 0.001
часто 0.001 0.456 0.0
далеко 0.001 0.745 0.001
зоне 0.001 1.398 0.001
решений 0.001 1.222 0.001
блог 0.001 0.066 0.0
инстаграм 0.001 0.066 0.0
алгоритмы 0.001 2.0 0.002
температуры 0.001 1.155 0.001
© 0.001 0.0 0.0
групп 0.001 0.77 0.001
выделите 0.001 0.066 0.0
шкале 0.001 1.222 0.001
разных 0.002 0.398 0.001
показатели 0.001 1.0 0.001
ситуация 0.002 0.569 0.001
шкала 0.001 2.0 0.002
2–3 0.001 1.699 0.002
программе 0.001 2.0 0.002
врач 0.002 1.046 0.002
специалисты 0.001 1.097 0.001
закончить 0.001 1.398 0.001
наносит 0.001 1.523 0.002
meduzacare 0.001 0.066 0.0
выдавала 0.001 2.0 0.002
автоматического 0.001 1.699 0.002
автоматически 0.001 1.222 0.001
результаты 0.006 0.62 0.004
оценить 0.002 0.796 0.002
рекомендуют 0.001 0.796 0.001
саркисян 0.001 0.959 0.001
кнопка 0.001 0.066 0.0
врачам 0.001 1.523 0.002
центрального 0.001 1.398 0.001
визуальная 0.001 2.0 0.002
хотя 0.002 0.276 0.001
проходит 0.002 1.0 0.002
динамику 0.001 1.699 0.002
дарья 0.001 0.959 0.001
гриппа 0.001 1.046 0.001
риска 0.001 0.699 0.001
речь 0.001 0.432 0.0
целиком 0.001 1.301 0.001
чувствовать 0.001 1.523 0.002
вечерняя 0.001 0.066 0.0
это 0.013 0.066 0.001
спутанность 0.001 1.398 0.001
госпитализировать 0.002 1.523 0.003
другие 0.001 0.268 0.0
инструментальной 0.001 1.699 0.002
сильно 0.001 0.509 0.001
поддержки 0.001 0.066 0.0
называть 0.001 1.0 0.001
томографах 0.001 2.0 0.002
гарантию 0.001 2.0 0.002
повторим 0.001 1.523 0.002
оценивает 0.001 1.046 0.001
помощь 0.002 0.097 0.0
называют 0.001 0.699 0.001
неблагодарное 0.001 2.0 0.002
дело 0.001 0.509 0.001
первые 0.002 0.585 0.001
работаем 0.001 0.161 0.0
своим 0.001 0.658 0.001
больнице 0.001 0.886 0.001
очно 0.001 2.0 0.002
наоборот 0.001 0.824 0.001
изменений 0.002 1.398 0.003
исследование 0.001 0.658 0.001
24/7 0.001 0.102 0.0
москва 0.001 1.155 0.001
отмечают 0.001 1.222 0.001
android 0.001 0.066 0.0
результатами 0.002 1.301 0.003
english 0.001 0.06 0.0
срезов 0.001 2.0 0.002
звонить 0.001 1.155 0.001
действию 0.002 2.0 0.004
прогрессировать 0.001 1.699 0.002
большая 0.001 0.77 0.001
особенно 0.002 0.553 0.001
отправили 0.002 1.155 0.002
поддержка 0.001 0.167 0.0
нужна 0.007 0.092 0.001
программа 0.001 1.523 0.002
принято 0.001 1.097 0.001
напугать 0.001 2.0 0.002
можете 0.001 0.699 0.001
участках 0.001 2.0 0.002
случаях 0.001 0.658 0.001
врачей 0.001 0.745 0.001
присоединении 0.001 2.0 0.002
имеют 0.002 0.678 0.001
всем 0.001 0.252 0.0
выполняет 0.001 1.523 0.002
означаетболееплохойпрогноз 0.001 2.0 0.002
москвы 0.001 0.824 0.001
дома 0.001 0.638 0.001
специальной 0.002 1.222 0.002
барьер 0.001 2.0 0.002
те 0.001 0.357 0.0
требования 0.001 0.066 0.0
посмотреть 0.001 0.721 0.001
сравнивала 0.001 2.0 0.002
связаться 0.001 0.066 0.0
самом 0.001 0.481 0.0
томографию 0.002 1.398 0.003
подумайте 0.001 1.699 0.002
одышка 0.001 1.398 0.001
информации 0.001 0.102 0.0
лицензия 0.001 1.097 0.001
имеет 0.001 0.602 0.001
состояния 0.001 0.959 0.001
орви 0.001 1.301 0.001
ковидом 0.001 0.658 0.001
имеется 0.001 1.398 0.001
важно 0.002 0.509 0.001
нарезаны 0.001 2.0 0.002
восстановиться 0.001 1.523 0.002
серьезными 0.001 1.699 0.002
решает 0.001 1.398 0.001
считаете 0.001 1.699 0.002
больницы 0.002 0.77 0.002
объема 0.005 1.398 0.007
бригады 0.001 1.398 0.001
реанимационное 0.001 2.0 0.002
точна 0.002 2.0 0.004
медузе 0.002 0.066 0.0
протекало 0.001 2.0 0.002
человеку 0.002 1.0 0.002
специалиста 0.001 1.523 0.002
бывает 0.006 1.0 0.006
точно 0.001 0.481 0.0
самочувствие 0.001 2.0 0.002
facebook 0.001 0.0 0.0
медузу 0.002 0.066 0.0
предложение 0.001 1.155 0.001
обработки 0.001 0.066 0.0
домой 0.002 0.824 0.002
скорой 0.001 1.398 0.001
симптомы 0.001 0.959 0.001
массовой 0.001 0.097 0.0
сосудов 0.001 1.699 0.002
помощью 0.002 0.538 0.001
является 0.001 0.745 0.001
сложно 0.004 0.538 0.002
шагом 0.001 1.523 0.002
консультации 0.001 1.301 0.001
открыты 0.001 1.0 0.001
последствия 0.001 0.796 0.001
поражении 0.001 2.0 0.002
сложнее 0.001 0.921 0.001
спасибоgiphyза 0.001 0.066 0.0
показывать 0.001 0.066 0.0
поражено 0.005 2.0 0.01
спокойно 0.001 0.824 0.001
заболеваниях 0.001 1.398 0.001
какими-то 0.001 1.398 0.001
twitter 0.001 0.0 0.0
слышно 0.001 1.301 0.001
служить 0.001 2.0 0.002
компьютерной 0.001 1.699 0.002
болезни 0.001 0.62 0.001
пожалуйста 0.001 0.102 0.0
означает 0.001 0.62 0.001
платформы 0.002 0.066 0.0
коронавирусе 0.001 1.0 0.001
внештатный 0.001 2.0 0.002
обращают 0.001 1.699 0.002
связаны 0.001 0.959 0.001
исследования 0.001 0.481 0.0
именно 0.001 0.244 0.0
кт-1 0.001 2.0 0.002
легких 0.02 1.046 0.021
персональные 0.001 0.066 0.0
такое 0.002 0.347 0.001
очень 0.001 0.149 0.0
которые 0.001 0.119 0.0
деление 0.001 2.0 0.002
процентах 0.001 1.699 0.002
врача 0.002 1.097 0.002
meduza 0.002 0.0 0.0
говорю 0.001 0.959 0.001
кого 0.001 0.509 0.001
распространяется 0.001 0.854 0.001
остается 0.004 0.638 0.003
объем 0.004 1.398 0.006
клиники 0.001 1.222 0.001
организма 0.001 0.921 0.001
диагностике 0.004 1.699 0.007
конкретно 0.001 1.222 0.001
рассвет 0.001 1.398 0.001
странах 0.001 0.495 0.0
знать 0.001 0.824 0.001
идти 0.001 1.046 0.001
внимание 0.001 0.658 0.001
свое 0.001 0.721 0.001
самая 0.001 0.854 0.001
развившейся 0.001 2.0 0.002
миллиметр 0.001 2.0 0.002
российским 0.001 0.092 0.0
которых 0.002 0.237 0.0
детальная 0.001 2.0 0.002
лежать 0.001 1.699 0.002
означают 0.004 2.0 0.008
рентгенологии 0.001 2.0 0.002
поводах 0.001 2.0 0.002
ваше 0.001 1.301 0.001
однако 0.001 0.337 0.0
делать 0.004 0.276 0.001
реклама 0.002 0.066 0.0
из-за 0.004 0.229 0.001
последствий 0.002 0.959 0.002
интересах 0.001 0.167 0.0
возникают 0.001 1.222 0.001
возникает 0.002 0.959 0.002
затруднен 0.001 2.0 0.002
подход 0.001 0.959 0.001
оцениваем 0.001 2.0 0.002
сообщение 0.001 0.102 0.0
плохо 0.001 0.569 0.001
пациента 0.002 1.097 0.002
сделать 0.001 0.357 0.0
