командование 0.0 1.699 0.0
подбитых 0.0 2.0 0.0
редакции 0.0 0.066 0.0
техника 0.008 1.155 0.009
азовского 0.0 2.0 0.0
опубликовано:26/02,20 0.0 2.0 0.0
олешки 0.001 2.0 0.002
слатино 0.0 2.0 0.0
чугуев 0.0 2.0 0.0
баннерам 0.0 0.066 0.0
обеспечения 0.0 1.699 0.0
здвижевка 0.0 2.0 0.0
опубликовано:07/03,6 0.0 2.0 0.0
бронированные 0.0 2.0 0.0
отмечены 0.0 2.0 0.0
опубликовано:07/03,14 0.0 2.0 0.0
взорвали 0.0 1.699 0.0
краматорск 0.0 2.0 0.0
иконкой 0.0 2.0 0.0
оружия 0.0 1.301 0.0
днр 0.001 0.959 0.001
опубликовано:14/03,9 0.0 2.0 0.0
хернсона 0.0 2.0 0.0
войсками 0.001 1.301 0.001
окрестностях 0.0 2.0 0.0
поддержкой 0.0 1.523 0.0
опубликовано:14/03,19.произошло:13/03 0.0 2.0 0.0
улицы 0.0 1.301 0.0
опубликовано:28/02,13 0.0 2.0 0.0
информацию 0.0 0.62 0.0
энергодару.источник 0.0 2.0 0.0
каменке 0.0 2.0 0.0
артиллерийские 0.0 1.523 0.0
батальону 0.0 2.0 0.0
росская 0.0 2.0 0.0
чаэс 0.0 1.699 0.0
опубликовано:17/03,3.произошло:16/03 0.001 2.0 0.002
опубликовано:24/02,12 0.0 2.0 0.0
опубликовано:14/03,11 0.0 2.0 0.0
иванковке.источник 0.0 2.0 0.0
штурмовик 0.0 2.0 0.0
каменка 0.001 2.0 0.002
россией.источник 0.0 2.0 0.0
славянска 0.0 1.699 0.0
зрк 0.0 2.0 0.0
опубликовано:25/02,10 0.001 2.0 0.002
великой 0.0 1.398 0.0
гражданские 0.0 1.301 0.0
инверсионные 0.0 2.0 0.0
глебовка 0.0 2.0 0.0
росгвардии 0.001 2.0 0.002
приазовского 0.0 2.0 0.0
каховка 0.001 2.0 0.002
опубликовано:04/03,19 0.0 2.0 0.0
украинскими 0.0 1.398 0.0
опубликовано:10/03,21.произошло:09/03 0.0 2.0 0.0
опубликовано:24/02 0.002 2.0 0.004
михайловка 0.0 2.0 0.0
опубликовано:03/03,8 0.0 2.0 0.0
область.источник 0.001 2.0 0.002
вошли 0.001 1.398 0.001
февраля.источник 0.0 2.0 0.0
буче 0.0 1.523 0.0
изюм.источник 0.0 2.0 0.0
оккупации 0.0 1.523 0.0
панель 0.0 2.0 0.0
чугуеву.источник 0.0 2.0 0.0
сумскую 0.0 2.0 0.0
ракетных 0.0 1.523 0.0
дней 0.0 0.337 0.0
неизвестны.источник 0.0 2.0 0.0
государственного 0.0 1.0 0.0
реальные 0.0 1.222 0.0
военной 0.001 0.921 0.001
колонная 0.0 2.0 0.0
reports 0.0 1.097 0.0
ахтырки 0.0 1.699 0.0
прибывает 0.0 2.0 0.0
чеченский 0.0 2.0 0.0
опубликовано:24/02,13 0.001 2.0 0.002
открывается 0.0 1.699 0.0
важного 0.0 2.0 0.0
протестующим 0.0 2.0 0.0
киев-житомир 0.0 2.0 0.0
михайловке 0.0 2.0 0.0
безуспешно 0.0 1.398 0.0
медузы 0.0 0.268 0.0
завод 0.0 1.398 0.0
детском 0.0 1.699 0.0
жилого 0.0 1.699 0.0
снегиревке 0.0 2.0 0.0
доступен 0.0 2.0 0.0
сарнам 0.0 2.0 0.0
пригорода 0.0 2.0 0.0
неподалеку 0.0 1.301 0.0
опубликовано:26/02,12 0.001 2.0 0.002
фиксировать 0.0 1.523 0.0
опубликовано:25/02,14 0.0 2.0 0.0
момент 0.001 0.481 0.0
числом 0.0 1.398 0.0
опубликовано:02/03,19 0.0 2.0 0.0
высадка 0.0 1.699 0.0
подбит 0.0 2.0 0.0
сбу 0.0 1.699 0.0
интерактивную 0.0 2.0 0.0
опубликовано:07/03,15 0.0 2.0 0.0
городе 0.001 0.678 0.001
села 0.0 1.523 0.0
острие 0.0 2.0 0.0
неизвестна.источник 0.006 2.0 0.012
нашли 0.0 0.066 0.0
связи 0.0 0.0 0.0
опубликовано:14/03,10 0.0 2.0 0.0
краснооскольского 0.0 2.0 0.0
киевом 0.001 1.398 0.001
медуза 0.0 0.066 0.0
крым 0.001 1.398 0.001
нам 0.0 0.086 0.0
ночного 0.0 2.0 0.0
26/02 0.009 2.0 0.018
обновление 0.0 1.097 0.0
окружения 0.0 1.523 0.0
армии 0.001 0.886 0.001
центр 0.0 0.77 0.0
сарны 0.0 2.0 0.0
подбитые 0.001 2.0 0.002
материалам 0.0 0.066 0.0
зенитной 0.0 2.0 0.0
смогли 0.0 0.921 0.0
ремонта 0.0 2.0 0.0
подступах 0.0 2.0 0.0
опубликовано:11/03,10 0.0 2.0 0.0
сбит 0.001 2.0 0.002
бучи.источник 0.0 2.0 0.0
сильный 0.0 1.699 0.0
опубликовано:10/03,18 0.0 2.0 0.0
харьковского 0.0 2.0 0.0
дороге 0.001 1.222 0.001
должна 0.0 0.538 0.0
краматорска 0.0 1.699 0.0
киеве.источник 0.001 2.0 0.002
ctrl+enter 0.0 0.066 0.0
иностранные 0.0 1.155 0.0
сум 0.0 1.523 0.0
погибшие 0.0 2.0 0.0
сумах.источник 0.001 2.0 0.002
вероятно 0.003 0.699 0.002
противотанковую 0.0 2.0 0.0
теробороны 0.0 1.699 0.0
снял 0.0 2.0 0.0
особой 0.0 1.097 0.0
взрыв 0.001 1.301 0.001
опубликовано:02/03,12 0.001 2.0 0.002
наступления 0.0 1.222 0.0
флота 0.0 2.0 0.0
украины 0.001 0.569 0.001
базу 0.0 1.523 0.0
03/03 0.001 2.0 0.002
россйские 0.0 2.0 0.0
разрушенные 0.0 2.0 0.0
противнику 0.0 1.699 0.0
южной 0.0 1.222 0.0
горящее 0.0 2.0 0.0
назад.источник 0.0 2.0 0.0
опубликовано:26/02,18 0.001 2.0 0.002
славянском 0.0 2.0 0.0
обстрела 0.002 1.155 0.002
киев-житомир.источник 0.0 2.0 0.0
танков.источник 0.0 2.0 0.0
базируется 0.0 1.699 0.0
обалсть.источник 0.0 2.0 0.0
200-й 0.0 2.0 0.0
военная 0.002 1.301 0.003
промышленная 0.0 2.0 0.0
опубликовано:28/02,21 0.0 2.0 0.0
грузовика 0.0 2.0 0.0
гостомель.источник 0.001 2.0 0.002
01/03 0.005 2.0 0.01
опубликовано:10/03,13 0.0 2.0 0.0
располагалась 0.0 2.0 0.0
опубликовано:04/03,13 0.0 2.0 0.0
сбитая 0.0 2.0 0.0
нажмите 0.0 0.066 0.0
опубликовано:17/03,14 0.0 2.0 0.0
опубликовано:13/03,23 0.0 2.0 0.0
население 0.0 0.959 0.0
пострадавший 0.0 1.523 0.0
российский 0.004 0.638 0.003
ракетный 0.003 1.699 0.005
кандыбино 0.0 2.0 0.0
числе 0.0 0.31 0.0
опубликовано:17/03 0.0 2.0 0.0
перекоп 0.0 2.0 0.0
танками 0.0 2.0 0.0
иностранного 0.0 0.102 0.0
николаевском 0.0 2.0 0.0
пленные 0.0 2.0 0.0
выпущена 0.0 2.0 0.0
большую 0.0 1.046 0.0
улицах 0.002 1.301 0.003
опубликовано:07/03,13 0.0 2.0 0.0
правом 0.001 1.523 0.002
– 0.0 0.06 0.0
опубликовано:14/03,23 0.001 2.0 0.002
раненный 0.0 2.0 0.0
опубликовано:24/02,14 0.001 2.0 0.002
горящей 0.0 2.0 0.0
снизили 0.0 2.0 0.0
нами 0.0 0.066 0.0
опубликовано:25/02,20 0.001 2.0 0.002
антонов 0.0 2.0 0.0
управления 0.0 1.097 0.0
опубликовано:28/02,17 0.001 2.0 0.002
опубликовано:24/02,16 0.001 2.0 0.002
херсона.источник 0.002 2.0 0.004
любого 0.0 1.398 0.0
холодный 0.0 2.0 0.0
шевченко 0.0 2.0 0.0
лицом 0.0 0.102 0.0
опубликовано:08/03,17 0.0 2.0 0.0
заняли 0.001 1.301 0.001
функции 0.0 0.097 0.0
опубликовано:12/03,18 0.0 2.0 0.0
дорога 0.0 1.523 0.0
браузере 0.0 1.523 0.0
опубликовано:26/02,14 0.001 2.0 0.002
таблицы 0.0 1.699 0.0
творчества 0.0 2.0 0.0
телебашне 0.0 2.0 0.0
днем 0.0 0.886 0.0
селе 0.001 1.398 0.001
макеевке 0.0 2.0 0.0
переправы 0.0 2.0 0.0
опубликовано:27/02 0.0 2.0 0.0
десанта.источник 0.0 2.0 0.0
кварталах 0.0 2.0 0.0
армии.источник 0.0 2.0 0.0
локация 0.006 2.0 0.012
авиабазе 0.001 2.0 0.002
перейти 0.0 0.066 0.0
инженерных 0.0 2.0 0.0
баллистической 0.0 2.0 0.0
поддержать 0.0 0.066 0.0
заворичи 0.0 2.0 0.0
жилую 0.0 1.699 0.0
скоростью 0.0 2.0 0.0
проверить 0.0 1.097 0.0
мархалевке 0.0 2.0 0.0
обороны 0.0 1.046 0.0
опубликовано:26/02,11 0.001 2.0 0.002
запорожья.источник 0.0 2.0 0.0
н.д 0.009 2.0 0.018
ирпени 0.0 1.699 0.0
бомбардировка 0.0 2.0 0.0
вознесенска 0.0 2.0 0.0
энергодара 0.0 2.0 0.0
мелитополю.источник 0.0 2.0 0.0
утверждали 0.0 1.523 0.0
позируют 0.0 2.0 0.0
гранитном 0.0 2.0 0.0
луцка 0.0 2.0 0.0
поврежденный 0.0 2.0 0.0
данное 0.0 0.097 0.0
донец 0.0 2.0 0.0
ирпене 0.0 1.398 0.0
бомбардировок.источник 0.0 2.0 0.0
бердянске 0.0 1.398 0.0
флагами 0.0 1.523 0.0
брошенный 0.0 2.0 0.0
херсона 0.001 2.0 0.002
контратака 0.0 2.0 0.0
вышли 0.0 1.0 0.0
р. 0.0 1.699 0.0
зенитный 0.0 2.0 0.0
харькову.источник 0.001 2.0 0.002
брошенные 0.001 2.0 0.002
херсонская 0.001 2.0 0.002
мостом 0.0 1.699 0.0
использованной 0.0 1.699 0.0
live 0.0 0.022 0.0
жители 0.001 0.745 0.001
воронка 0.0 2.0 0.0
сбитый 0.001 2.0 0.002
блог 0.0 0.066 0.0
гранат.источник 0.0 2.0 0.0
гаубицы 0.0 1.699 0.0
условиях 0.0 0.569 0.0
тяжелые 0.0 1.046 0.0
опубликовано:11/03,22 0.0 2.0 0.0
охватили 0.0 2.0 0.0
удара 0.004 1.523 0.006
мангуш 0.0 1.699 0.0
аэс.источник 0.001 2.0 0.002
meduzacare 0.0 0.066 0.0
humvee.источник 0.0 2.0 0.0
опубликовано:24/02,22 0.0 2.0 0.0
бмп-1 0.0 2.0 0.0
кнопка 0.0 0.066 0.0
восток 0.0 1.398 0.0
яворов 0.0 2.0 0.0
корпусов 0.0 2.0 0.0
основе 0.0 0.745 0.0
администрацией.источник 0.0 2.0 0.0
прорывается 0.0 2.0 0.0
холодном 0.0 2.0 0.0
резерва 0.0 1.699 0.0
западу 0.0 1.699 0.0
житомиром.источник 0.0 2.0 0.0
глубокая 0.0 2.0 0.0
заводу 0.001 2.0 0.002
днепра 0.0 1.699 0.0
киевского 0.0 2.0 0.0
выстрелы 0.0 1.523 0.0
данными 0.0 0.959 0.0
предположительно 0.003 1.301 0.004
см 0.0 2.0 0.0
армией 0.0 1.699 0.0
добровольцы.источник 0.0 2.0 0.0
опубликовано:10/03,21 0.0 2.0 0.0
белозерка 0.0 2.0 0.0
росгвардия 0.001 2.0 0.002
сдаче 0.0 2.0 0.0
залютино.источник 0.0 2.0 0.0
объективно 0.0 1.699 0.0
вооруженные 0.0 1.398 0.0
опубликовано:06/03,10 0.0 2.0 0.0
заблокировали 0.0 1.222 0.0
установки 0.0 1.398 0.0
ссылке 0.0 1.523 0.0
бой.источник 0.0 2.0 0.0
время:7 0.001 2.0 0.002
время:23 0.002 2.0 0.004
15/03 0.003 2.0 0.006
опубликовано:28/02 0.001 2.0 0.002
краматорску.источник 0.0 2.0 0.0
житомере.источник 0.0 2.0 0.0
принадлежность 0.001 1.699 0.002
разрушенное 0.0 1.699 0.0
утверждают 0.0 1.398 0.0
винница 0.0 2.0 0.0
возник 0.0 1.155 0.0
чернигова 0.0 1.523 0.0
предположитеьно 0.0 2.0 0.0
васильковым 0.0 2.0 0.0
время:13 0.004 2.0 0.008
требования 0.0 0.066 0.0
связаться 0.0 0.066 0.0
рубежное 0.001 2.0 0.002
району 0.0 1.523 0.0
информации 0.0 0.102 0.0
несколькими 0.0 1.699 0.0
рекой 0.0 2.0 0.0
начало 0.0 1.097 0.0
составить 0.0 1.523 0.0
геолокация 0.0 1.523 0.0
киевская 0.001 2.0 0.002
подкрепления.источник 0.0 2.0 0.0
переправились 0.0 2.0 0.0
следы 0.0 1.699 0.0
бердянск.источник 0.0 2.0 0.0
брошенная 0.002 2.0 0.004
гранатометом 0.0 2.0 0.0
ударный 0.0 2.0 0.0
никополя 0.0 2.0 0.0
опубликовано:10/03,17 0.0 2.0 0.0
байрактар 0.0 2.0 0.0
запорожьем 0.0 2.0 0.0
запада.источник 0.0 2.0 0.0
донецке.источник 0.0 2.0 0.0
танки 0.002 1.046 0.002
известна.источник 0.0 2.0 0.0
причастность 0.0 1.699 0.0
вторая 0.0 1.046 0.0
иноходец 0.0 2.0 0.0
опубликовано:16/03,19.произошло:15/03 0.0 2.0 0.0
реку 0.0 1.699 0.0
опубликовано:17/03,10 0.0 2.0 0.0
возле 0.0 1.097 0.0
рог.источник 0.0 2.0 0.0
помощью 0.0 0.538 0.0
штурмовика 0.001 2.0 0.002
такие 0.0 0.444 0.0
сватово 0.0 2.0 0.0
молодежное 0.0 2.0 0.0
спасибоgiphyза 0.0 0.066 0.0
улица 0.0 2.0 0.0
сообщается 0.001 2.0 0.002
моста 0.0 1.523 0.0
пожалуйста 0.0 0.102 0.0
новопсков 0.0 2.0 0.0
можем 0.0 0.62 0.0
окраины 0.0 1.699 0.0
иванкове 0.0 2.0 0.0
опубликовано:14/03,17 0.0 2.0 0.0
поражают 0.0 2.0 0.0
опубликовано:17/03,12.произошло:16/03 0.0 2.0 0.0
сначала 0.0 0.602 0.0
яру 0.0 2.0 0.0
донецкой 0.0 1.301 0.0
серым 0.0 1.699 0.0
снабжения 0.0 1.523 0.0
властями 0.0 1.301 0.0
очень 0.0 0.149 0.0
бои 0.002 1.097 0.002
собственно 0.0 1.699 0.0
ул 0.0 2.0 0.0
вертролеты 0.0 2.0 0.0
вертолетного 0.0 2.0 0.0
колонна 0.004 1.398 0.006
идут 0.001 0.699 0.001
николаевская 0.001 2.0 0.002
недригайлов 0.0 2.0 0.0
крыши 0.0 2.0 0.0
приближаются 0.0 1.699 0.0
разбитая 0.001 2.0 0.002
буксируемые 0.0 2.0 0.0
атомной 0.0 1.699 0.0
попал 0.0 1.155 0.0
российским 0.0 0.092 0.0
неизвестна 0.001 1.523 0.002
луганск 0.0 2.0 0.0
области.источник 0.002 2.0 0.004
танковая 0.0 2.0 0.0
опубликовано:24/02,7 0.001 2.0 0.002
вместе 0.0 0.602 0.0
снаряда 0.001 1.046 0.001
львовской 0.0 2.0 0.0
талаковка 0.0 2.0 0.0
артиллерийского 0.001 2.0 0.002
автобусов 0.0 1.699 0.0
авиаудары 0.001 1.523 0.002
пожар 0.002 1.301 0.003
рактный 0.0 2.0 0.0
российские 0.012 0.328 0.004
староконстантинов 0.0 2.0 0.0
бомбёжки 0.0 2.0 0.0
макарова.источник 0.0 2.0 0.0
трамвайное 0.0 2.0 0.0
опубликовано:03/03,12 0.0 2.0 0.0
николаева 0.0 2.0 0.0
опубликовано:03/03,14.произошло:02/03 0.0 2.0 0.0
задокументированное 0.0 2.0 0.0
установили 0.0 0.959 0.0
подбитая 0.002 2.0 0.004
красным 0.0 1.699 0.0
херсоне 0.001 1.699 0.002
дата 0.001 1.699 0.002
волновахе 0.0 1.699 0.0
разрушен 0.0 1.155 0.0
in 0.0 0.0 0.0
мангуш.источник 0.0 2.0 0.0
полка 0.0 2.0 0.0
опубликовано:13/03,13 0.0 2.0 0.0
время:15 0.005 2.0 0.01
съемка 0.001 1.699 0.002
катапультировавшегося 0.0 2.0 0.0
очакове.источник 0.0 2.0 0.0
перестрелка 0.001 1.699 0.002
опубликовано:24/02,15 0.001 2.0 0.002
аресты 0.0 1.523 0.0
погибли 0.0 1.046 0.0
опубликовано:14/03,18 0.0 2.0 0.0
патруль 0.0 2.0 0.0
захвачен 0.0 1.699 0.0
трассой 0.0 2.0 0.0
мостами 0.0 2.0 0.0
авиационного 0.0 2.0 0.0
бывшего 0.0 1.301 0.0
поле 0.0 1.301 0.0
свидетельств 0.0 1.699 0.0
российское 0.0 0.921 0.0
фото 0.0 0.959 0.0
мартыновка 0.0 2.0 0.0
машина 0.0 1.046 0.0
27/02 0.006 2.0 0.012
российсие 0.0 2.0 0.0
авиаударом.источник 0.0 2.0 0.0
черниговская 0.0 2.0 0.0
сумской 0.001 1.699 0.002
небоскреб 0.0 2.0 0.0
опубликовано:10/03,20 0.0 2.0 0.0
виноградное 0.0 2.0 0.0
пригород 0.0 1.222 0.0
улиц 0.001 1.699 0.002
встречает 0.0 1.523 0.0
военнослужащих.источник 0.0 2.0 0.0
опубликовано:16/03,22 0.0 2.0 0.0
миллерово.источник 0.0 2.0 0.0
которую 0.0 0.469 0.0
мариуполя 0.002 1.155 0.002
стреляют 0.0 1.301 0.0
опубликовано:07/03,17 0.0 2.0 0.0
боя 0.001 1.699 0.002
опубликовано:25/02,13 0.0 2.0 0.0
площади 0.0 1.301 0.0
повреждённых 0.0 2.0 0.0
салтовке.источник 0.0 2.0 0.0
вышгороде.источник 0.0 2.0 0.0
подтвержденным 0.0 2.0 0.0
мариуполь 0.004 0.824 0.003
размещение 0.0 2.0 0.0
очевидцы 0.0 2.0 0.0
разгон 0.0 2.0 0.0
сторону 0.001 0.796 0.001
целью 0.0 1.222 0.0
белокуракино 0.0 2.0 0.0
мелитополь 0.003 1.699 0.005
карло 0.0 2.0 0.0
распространено 0.0 0.102 0.0
вышгород 0.0 2.0 0.0
возможного 0.0 2.0 0.0
ios 0.0 0.066 0.0
время:9 0.004 2.0 0.008
артобстрела 0.0 2.0 0.0
опубликовано:09/03,18 0.001 2.0 0.002
одессу 0.0 2.0 0.0
васильков 0.0 1.523 0.0
достигли 0.0 1.523 0.0
обстрелов.источник 0.0 2.0 0.0
несколько 0.001 0.201 0.0
аэродрома 0.0 2.0 0.0
аппарат 0.0 1.222 0.0
захватили 0.0 1.699 0.0
опубликовано:07/03 0.0 2.0 0.0
огонь 0.001 1.398 0.001
бегством.источник 0.0 2.0 0.0
мине 0.0 2.0 0.0
бобрик 0.0 2.0 0.0
опубликовано:07/03,18 0.0 2.0 0.0
чеченец 0.0 2.0 0.0
спрятана 0.0 2.0 0.0
бомбардировке.источник 0.0 2.0 0.0
опубликовано:01/03,14 0.001 2.0 0.002
боев 0.0 1.398 0.0
28/02 0.004 2.0 0.008
мост 0.001 1.301 0.001
т-64 0.0 2.0 0.0
херсон 0.004 2.0 0.008
толпа 0.0 2.0 0.0
макарова 0.0 2.0 0.0
точками 0.0 2.0 0.0
лозовая 0.0 1.699 0.0
полтавской 0.0 2.0 0.0
опубликовано:26/02,19 0.0 2.0 0.0
киеву 0.0 1.398 0.0
24/02 0.01 2.0 0.02
съемки 0.0 2.0 0.0
опубликовано:26/02,21 0.0 2.0 0.0
исправляем 0.0 2.0 0.0
н.д.произошло:27/02 0.0 2.0 0.0
северо-западу 0.0 1.699 0.0
последние 0.0 0.456 0.0
миг-29 0.0 2.0 0.0
привел 0.0 1.523 0.0
винницы.источник 0.0 2.0 0.0
единиц 0.001 1.523 0.002
боезарядом.источник 0.0 2.0 0.0
открыть 0.0 1.155 0.0
опубликовано:14/03,24.произошло:13/03 0.0 2.0 0.0
церковь 0.0 1.699 0.0
мелитополем 0.0 2.0 0.0
антополь 0.0 2.0 0.0
юридическим 0.0 0.102 0.0
25/02 0.007 2.0 0.014
залпового 0.0 2.0 0.0
батальона 0.0 1.523 0.0
военные 0.001 0.796 0.001
видео 0.001 0.678 0.001
безыменное 0.0 2.0 0.0
токмаке 0.0 2.0 0.0
таблицей 0.0 2.0 0.0
конфликта 0.0 1.155 0.0
новую 0.0 0.921 0.0
изюмом.источник 0.0 2.0 0.0
нпк 0.0 2.0 0.0
нелетального 0.0 2.0 0.0
контролируется 0.0 1.523 0.0
время:6 0.001 2.0 0.002
заявку 0.0 1.398 0.0
львовом 0.0 2.0 0.0
белозерку 0.0 2.0 0.0
каланчаке.источник 0.0 2.0 0.0
российскую 0.0 0.745 0.0
спасается 0.0 2.0 0.0
трипольской 0.0 2.0 0.0
безопасно 0.0 0.066 0.0
драматического 0.0 1.699 0.0
административного 0.0 1.523 0.0
youtube 0.0 0.06 0.0
броварами 0.0 2.0 0.0
артиллерией.источник 0.0 2.0 0.0
белгородская 0.0 1.699 0.0
берегу 0.001 1.523 0.002
вероятного 0.0 2.0 0.0
создано 0.0 0.097 0.0
сожгли 0.0 2.0 0.0
днепр.источник 0.0 2.0 0.0
мархалевка 0.0 2.0 0.0
бородянка 0.001 2.0 0.002
опубликовано:12/03,0 0.0 2.0 0.0
опубликовано:12/03,16 0.0 2.0 0.0
вертолетов 0.0 1.699 0.0
сегодня 0.0 0.638 0.0
средством 0.0 0.102 0.0
покинуть 0.0 1.0 0.0
возможность 0.0 0.569 0.0
су-34 0.001 2.0 0.002
миргороде 0.0 2.0 0.0
публикуют 0.0 1.398 0.0
авиа- 0.0 2.0 0.0
опубликовано:17/03,17 0.0 2.0 0.0
станции.источник 0.0 2.0 0.0
баррикады 0.0 1.699 0.0
район 0.001 1.301 0.001
точная 0.007 2.0 0.014
захваченная 0.0 2.0 0.0
аэропорт 0.001 1.699 0.002
девятиэтажку 0.0 2.0 0.0
запорожской 0.0 1.398 0.0
киева 0.001 0.886 0.001
мирного 0.0 1.523 0.0
поселке 0.003 1.699 0.005
панцирь 0.0 2.0 0.0
старобельску 0.0 2.0 0.0
разрушения 0.001 1.523 0.002
луганске.источник 0.0 2.0 0.0
грузовику 0.0 2.0 0.0
разбор 0.0 0.387 0.0
опубликовано:09/03,19 0.0 2.0 0.0
разгоняет 0.0 2.0 0.0
данным 0.0 0.444 0.0
уничтоженная 0.001 2.0 0.002
ивано-франковска 0.001 2.0 0.002
украинка 0.0 1.398 0.0
российских 0.003 0.337 0.001
опубликовано:25/02,16 0.0 2.0 0.0
образовалась 0.0 1.699 0.0
спортивной 0.0 1.699 0.0
области 0.003 0.602 0.002
балаклее.источник 0.0 2.0 0.0
чернобыльской 0.0 1.222 0.0
счастье 0.0 2.0 0.0
патрулруют 0.0 2.0 0.0
переезжает 0.0 2.0 0.0
опубликовано:15/03,21 0.0 2.0 0.0
опубликовано:11/03,6 0.0 2.0 0.0
дом 0.0 0.824 0.0
проехать 0.0 1.699 0.0
жителей 0.0 0.569 0.0
днепропрудное 0.0 2.0 0.0
опубликовано:01/03,10 0.0 2.0 0.0
опубликовано:15/03,22 0.001 2.0 0.002
время 0.005 0.102 0.001
гранитное 0.0 2.0 0.0
голая 0.0 2.0 0.0
военнослужащие 0.001 2.0 0.002
заправщиков 0.0 2.0 0.0
аккуратно 0.0 1.523 0.0
восточной 0.0 1.301 0.0
городской 0.0 1.523 0.0
прилуками 0.0 2.0 0.0
одесской 0.0 2.0 0.0
ту 0.0 0.921 0.0
рсзо 0.001 2.0 0.002
окраинах 0.0 1.301 0.0
отделением 0.0 2.0 0.0
стоит 0.0 0.509 0.0
токмак 0.0 2.0 0.0
танков 0.001 1.398 0.001
николаевского 0.0 2.0 0.0
рекламаmeduza 0.0 0.066 0.0
протсетующие 0.0 2.0 0.0
опубликовано:01/03,13 0.0 2.0 0.0
дачный 0.0 2.0 0.0
въезда 0.0 1.523 0.0
обстрелом 0.0 1.301 0.0
бердянска.источник 0.001 2.0 0.002
опубликовано:15/03,3 0.001 2.0 0.002
опубликовано:13/03,12 0.0 2.0 0.0
изюм 0.001 1.699 0.002
северодонецка.источник 0.0 2.0 0.0
опубликовано:28/02,15 0.001 2.0 0.002
направлению 0.0 1.699 0.0
среди 0.001 0.42 0.0
днепре 0.0 2.0 0.0
опубликовано:02/03,21 0.0 2.0 0.0
беспилотника 0.0 2.0 0.0
стоящей 0.0 2.0 0.0
васильевки 0.0 2.0 0.0
совет 0.0 1.155 0.0
первое 0.0 0.921 0.0
макаров 0.001 2.0 0.002
машины 0.0 1.398 0.0
10/03 0.002 2.0 0.004
скибине 0.0 2.0 0.0
украинских 0.002 0.824 0.002
движется 0.0 1.523 0.0
позиции 0.0 1.097 0.0
чемодановка 0.0 2.0 0.0
мелитополя.источник 0.001 2.0 0.002
кодекс 0.0 0.066 0.0
опубликовано:01/03,20 0.0 2.0 0.0
опубликовано:24/02,8 0.001 2.0 0.002
также 0.0 0.237 0.0
хатное 0.0 2.0 0.0
десанта 0.0 1.699 0.0
николаев 0.003 1.699 0.005
08/03 0.003 2.0 0.006
группировке 0.0 1.699 0.0
время:11 0.004 2.0 0.008
сборными 0.0 2.0 0.0
опубликовано:09/03,24 0.0 2.0 0.0
неточность 0.0 2.0 0.0
житомир 0.001 1.523 0.002
администрации 0.001 1.046 0.001
ирпень 0.002 1.222 0.002
meduza.io 0.0 1.398 0.0
опубликовано:06/03,9 0.0 2.0 0.0
артиллерийский 0.001 2.0 0.002
остановили 0.0 1.301 0.0
бабьем 0.0 2.0 0.0
бронеемашиной 0.0 2.0 0.0
попасной.источник 0.0 2.0 0.0
херсонскую 0.0 2.0 0.0
требование 0.0 1.155 0.0
делегацию 0.0 2.0 0.0
вконтакте 0.0 0.066 0.0
подорвался 0.0 2.0 0.0
барышевка 0.0 2.0 0.0
бровары 0.001 1.699 0.002
попадание 0.0 1.398 0.0
опубликовано:04/03,14 0.0 2.0 0.0
стреляет 0.0 1.699 0.0
танк 0.003 1.155 0.003
киевом.источник 0.002 2.0 0.004
харькова.источник 0.003 2.0 0.006
бтр-82 0.0 2.0 0.0
поврежденные 0.0 2.0 0.0
входит 0.0 1.301 0.0
каменское 0.0 2.0 0.0
разрушена 0.0 1.398 0.0
направляется 0.0 2.0 0.0
выделите 0.0 0.066 0.0
получить 0.0 0.553 0.0
власти 0.0 0.387 0.0
ивано-франковск 0.0 2.0 0.0
нескольких 0.0 0.699 0.0
ранние 0.0 1.699 0.0
васильковым.источник 0.0 2.0 0.0
доступными 0.0 1.699 0.0
балаклея 0.0 2.0 0.0
предприятия 0.0 1.046 0.0
юго-западу 0.0 1.523 0.0
горящий 0.0 2.0 0.0
против 0.001 0.229 0.0
опубликовано:13/03,19 0.0 2.0 0.0
васильевке 0.0 2.0 0.0
опубликовано:26/02,13 0.0 2.0 0.0
публикация 0.0 1.222 0.0
боеприпасами 0.0 2.0 0.0
украинскую 0.0 1.301 0.0
бронетехники 0.0 1.699 0.0
авдеевки 0.0 2.0 0.0
взорванные 0.0 2.0 0.0
проходит 0.0 1.0 0.0
опубликовано:13/03,9 0.0 2.0 0.0
вечерняя 0.0 0.066 0.0
въезды 0.0 2.0 0.0
пер 0.0 1.699 0.0
поддержки 0.0 0.066 0.0
ударов 0.001 1.523 0.002
мста-б 0.0 2.0 0.0
подъезда 0.0 2.0 0.0
окружила 0.0 2.0 0.0
российского 0.002 0.62 0.001
югу 0.001 1.699 0.002
время:0 0.001 2.0 0.002
точку 0.0 1.097 0.0
кольцо 0.0 1.398 0.0
интерната 0.0 2.0 0.0
металлургическому 0.0 2.0 0.0
запада 0.0 1.301 0.0
труда 0.0 1.046 0.0
опубликовано:27/02,19 0.0 2.0 0.0
горящего 0.0 2.0 0.0
время:17 0.007 2.0 0.014
попадания 0.001 1.699 0.002
понтонному 0.0 2.0 0.0
опубликовано:27/02,21 0.0 2.0 0.0
опубликовано:10/03,22 0.0 2.0 0.0
предупреждающие 0.0 2.0 0.0
опубликовано:04/03,17 0.001 2.0 0.002
разбитых 0.0 1.699 0.0
последнюю 0.0 1.155 0.0
android 0.0 0.066 0.0
происхождение 0.0 1.301 0.0
опубликовано:01/03 0.0 2.0 0.0
черняхове 0.0 2.0 0.0
опубликовано:15/03,3.произошло:14/03 0.0 2.0 0.0
басань 0.0 2.0 0.0
нужна 0.0 0.092 0.0
марта 0.0 0.319 0.0
вокруг 0.0 0.721 0.0
города 0.001 0.638 0.001
наступление 0.0 1.398 0.0
кольцевой 0.0 2.0 0.0
больница 0.0 1.301 0.0
одессы.источник 0.0 2.0 0.0
антонова 0.0 1.699 0.0
херсоне.источник 0.001 2.0 0.002
дома 0.001 0.638 0.001
энергодар.источник 0.0 2.0 0.0
область 0.005 1.523 0.008
отделение.источник 0.0 2.0 0.0
мариуполю.источник 0.0 2.0 0.0
рсзо.источник 0.0 2.0 0.0
минобороны 0.0 1.046 0.0
колонны 0.0 1.699 0.0
опубликовано:07/03,22 0.0 2.0 0.0
мелитополь.источник 0.0 2.0 0.0
опубликовано:16/03,21 0.0 2.0 0.0
оператора 0.0 1.699 0.0
яре.источник 0.0 2.0 0.0
опубликовано:09/03,20 0.0 2.0 0.0
поиск 0.0 2.0 0.0
смерч 0.001 2.0 0.002
киеве 0.001 1.0 0.001
силы 0.001 0.796 0.001
виннице.источник 0.0 2.0 0.0
берестейской 0.0 2.0 0.0
технику 0.001 1.398 0.001
колонне 0.0 2.0 0.0
бобрик.источник 0.0 2.0 0.0
старый 0.0 1.523 0.0
медузе 0.0 0.066 0.0
первый 0.0 0.481 0.0
спецназом 0.0 2.0 0.0
бронированной 0.0 2.0 0.0
волновахе.источник 0.0 2.0 0.0
дрона.источник 0.001 2.0 0.002
борисполь.источник 0.0 2.0 0.0
медузу 0.0 0.066 0.0
геническ 0.0 2.0 0.0
обработки 0.0 0.066 0.0
опубликовано:15/03,23 0.0 2.0 0.0
неделю.источник 0.0 2.0 0.0
пристань 0.0 2.0 0.0
ночной 0.0 2.0 0.0
время:19 0.004 2.0 0.008
стороны 0.0 0.432 0.0
опубликовано:27/02,10 0.0 2.0 0.0
массовой 0.0 0.097 0.0
с-300пс.источник 0.0 2.0 0.0
снегиревка 0.0 2.0 0.0
опубликовано:14/03,19 0.0 2.0 0.0
опубликовано:27/02,11 0.001 2.0 0.002
талаковке 0.0 2.0 0.0
находятся 0.0 0.854 0.0
заверить 0.0 2.0 0.0
словам 0.0 0.658 0.0
опубликовано:08/03,16.произошло:07/03 0.0 2.0 0.0
опубликовано:06/03,13 0.0 2.0 0.0
ракетного 0.002 1.523 0.003
опубликовано:28/02,18 0.0 2.0 0.0
бердянске.источник 0.0 2.0 0.0
опубликовано:15/03,4 0.0 2.0 0.0
улице 0.001 0.886 0.001
марьинке 0.0 2.0 0.0
пво.источник 0.001 2.0 0.002
авдеевский 0.0 2.0 0.0
опубликовано:26/02 0.001 2.0 0.002
бомбардировщик 0.0 2.0 0.0
ракет 0.0 1.398 0.0
опубликовано:27/02,13 0.0 2.0 0.0
действиях 0.0 1.155 0.0
воядное 0.0 2.0 0.0
бородянке 0.0 1.699 0.0
уж.источник 0.0 2.0 0.0
ракетой 0.001 2.0 0.002
артиллерия 0.001 1.398 0.001
местными 0.0 1.523 0.0
попробуйте 0.0 1.523 0.0
время:4 0.001 2.0 0.002
удар 0.007 0.886 0.006
родильное 0.0 1.699 0.0
хмельницкая 0.0 2.0 0.0
корабли 0.0 1.699 0.0
бронеавтомобиль 0.0 2.0 0.0
опубликовано:07/03,20 0.001 2.0 0.002
опубликовано:02/03,20 0.0 2.0 0.0
здания 0.0 1.097 0.0
сорвали 0.0 2.0 0.0
коктейля 0.0 2.0 0.0
столкновений 0.0 2.0 0.0
опубликовано:02/03,14 0.0 2.0 0.0
взрыва 0.0 1.301 0.0
моря 0.0 2.0 0.0
старобельске 0.0 2.0 0.0
чернигову.источник 0.0 2.0 0.0
мощный 0.0 1.523 0.0
чернобаевка 0.001 2.0 0.002
старогнатовку 0.0 2.0 0.0
последствий 0.0 0.959 0.0
реклама 0.0 0.066 0.0
моря.источник 0.0 2.0 0.0
описанию 0.0 2.0 0.0
опубликовано:26/02,17 0.002 2.0 0.004
опубликовано:27/02,15 0.001 2.0 0.002
войска 0.007 0.721 0.005
николаевской 0.0 1.699 0.0
протестующих 0.001 1.699 0.002
центру 0.0 1.398 0.0
северо-восточной 0.0 2.0 0.0
россии 0.0 0.119 0.0
изоляционных 0.0 2.0 0.0
грузовиков 0.0 1.699 0.0
окрание 0.0 2.0 0.0
захват 0.0 1.699 0.0
опубликовано:05/03,16 0.001 2.0 0.002
агента 0.0 0.097 0.0
черниговской 0.001 2.0 0.002
киева.источник 0.004 2.0 0.008
опубликовано:10/03,12 0.0 2.0 0.0
полк 0.0 2.0 0.0
драмтеатр 0.0 1.398 0.0
тумана 0.0 2.0 0.0
миргород 0.0 2.0 0.0
опубликовано:11/03,23 0.0 2.0 0.0
залесье 0.0 2.0 0.0
антоновскому 0.0 2.0 0.0
богдановке 0.0 2.0 0.0
осколе 0.0 2.0 0.0
бмп 0.001 2.0 0.002
рпг.источник 0.0 2.0 0.0
трудно 0.0 0.824 0.0
бурынь 0.0 2.0 0.0
опубликовано:24/02,17 0.001 2.0 0.002
одессе 0.0 1.523 0.0
опубликовано:16/03,8 0.0 2.0 0.0
общежития 0.0 1.699 0.0
ночные 0.0 1.699 0.0
чеченские 0.0 2.0 0.0
карта 0.0 1.155 0.0
бывший 0.0 0.921 0.0
спецназ 0.0 2.0 0.0
сообщите 0.0 2.0 0.0
волчанске.источник 0.0 2.0 0.0
бердянск 0.001 2.0 0.002
прибывают 0.0 2.0 0.0
ссылку 0.0 2.0 0.0
скибин 0.0 2.0 0.0
здания.источник 0.0 2.0 0.0
березовое 0.0 2.0 0.0
севернее 0.0 1.699 0.0
нацгвардии 0.0 1.699 0.0
порядку 0.0 0.066 0.0
горят 0.0 2.0 0.0
машин 0.0 1.301 0.0
поврежденных 0.0 1.699 0.0
09/03 0.002 2.0 0.004
позициям 0.0 1.699 0.0
херсонской 0.0 1.523 0.0
посмотрите 0.0 1.0 0.0
работает 0.0 0.367 0.0
бойцы 0.001 2.0 0.002
12/03 0.001 2.0 0.002
волхов 0.0 2.0 0.0
эвакуация 0.0 1.699 0.0
опубликовано:24/02,11 0.0 2.0 0.0
город.источник 0.0 2.0 0.0
самые 0.0 0.602 0.0
опубликовано:01/03,4 0.0 2.0 0.0
военный 0.0 1.097 0.0
селом 0.0 2.0 0.0
оккупированный 0.0 2.0 0.0
опубликовано:14/03,6 0.0 2.0 0.0
брошенных 0.0 2.0 0.0
опубликовано:26/02,8 0.0 2.0 0.0
опубликовано:15/03,18 0.0 2.0 0.0
антоновка 0.001 2.0 0.002
шел 0.0 1.523 0.0
гостомеле.источник 0.0 2.0 0.0
каланчак 0.0 2.0 0.0
подбитый 0.001 2.0 0.002
приехала 0.0 1.699 0.0
запасы 0.0 1.699 0.0
нанесенные 0.0 2.0 0.0
промзоне 0.0 1.699 0.0
российскаяя 0.0 2.0 0.0
российской 0.002 0.432 0.001
уничтожить 0.0 1.301 0.0
опубликовано:06/03,14 0.0 2.0 0.0
елизавета 0.0 1.523 0.0
жд-моста.источник 0.0 2.0 0.0
опубликовано:07/03,19 0.0 2.0 0.0
станице 0.0 2.0 0.0
соцсетях 0.0 1.046 0.0
время:3 0.002 2.0 0.004
одному 0.0 0.921 0.0
опубликовано:27/02,8 0.0 2.0 0.0
опубликовано:15/03,11 0.0 2.0 0.0
яр 0.0 1.699 0.0
автомобильного 0.0 2.0 0.0
солдаты 0.001 1.222 0.001
переходя 0.0 2.0 0.0
одном 0.0 0.699 0.0
порт 0.0 1.699 0.0
располагалось 0.0 2.0 0.0
работать 0.0 0.409 0.0
донецк 0.001 1.523 0.002
попали 0.0 0.886 0.0
первую 0.0 0.638 0.0
ракетах 0.0 1.699 0.0
километрах 0.0 1.301 0.0
мариуполем.источник 0.0 2.0 0.0
описание 0.0 1.699 0.0
горящая 0.001 2.0 0.002
воздушные 0.0 2.0 0.0
наземные 0.0 2.0 0.0
терминале 0.0 1.699 0.0
запорожская 0.001 2.0 0.002
николаева.источник 0.001 2.0 0.002
опубликовано:26/02,9 0.0 2.0 0.0
артиллерии 0.0 1.699 0.0
мкр 0.0 2.0 0.0
опубликовано:02/03,13 0.0 2.0 0.0
бородянка.источник 0.0 2.0 0.0
неизвестно 0.0 0.77 0.0
ныне 0.0 2.0 0.0
ахтырке 0.001 2.0 0.002
дагестана 0.0 2.0 0.0
солдат 0.0 1.301 0.0
житомире.источник 0.0 2.0 0.0
стоарогнатовка 0.0 2.0 0.0
раненные 0.0 2.0 0.0
редакция 0.0 1.046 0.0
бердянска 0.0 2.0 0.0
подольский 0.0 2.0 0.0
луцка.источник 0.0 2.0 0.0
приазовское 0.0 2.0 0.0
авдеевка 0.001 2.0 0.002
съёмка 0.0 2.0 0.0
берега 0.0 2.0 0.0
окраин 0.0 2.0 0.0
броварами.источник 0.0 2.0 0.0
подкрепления 0.0 1.699 0.0
стрельба 0.0 1.699 0.0
энергодаре 0.001 2.0 0.002
реактивная 0.0 2.0 0.0
ресторане 0.0 2.0 0.0
богдановка 0.0 2.0 0.0
иностранным 0.0 0.097 0.0
лнр 0.001 1.0 0.001
обломки 0.0 1.699 0.0
детская 0.0 1.523 0.0
делают 0.0 0.745 0.0
завязли 0.0 2.0 0.0
началась 0.0 0.678 0.0
военного 0.0 1.097 0.0
военную 0.0 1.046 0.0
херсоном 0.001 2.0 0.002
что-то 0.0 0.569 0.0
полицейское 0.0 1.699 0.0
опубликовано:01/03,19 0.0 2.0 0.0
февраля 0.0 0.387 0.0
части 0.0 0.854 0.0
опубликовано:02/03,18 0.0 2.0 0.0
пригороде 0.0 1.523 0.0
демострации 0.0 2.0 0.0
одесса 0.001 1.699 0.002
всу 0.0 1.699 0.0
заводом 0.0 2.0 0.0
поддержите 0.0 0.102 0.0
вооружении 0.0 2.0 0.0
общеобразовательная 0.0 2.0 0.0
боестолкновения 0.0 2.0 0.0
опубликовано:08/03,20 0.001 2.0 0.002
потери 0.0 1.097 0.0
населения 0.0 0.658 0.0
вокзале 0.0 1.699 0.0
экрана 0.0 1.398 0.0
донское 0.0 2.0 0.0
авиаударов 0.0 1.398 0.0
полицейским 0.0 1.699 0.0
самолет 0.001 1.523 0.002
нефтебаза 0.0 2.0 0.0
бронированная 0.0 2.0 0.0
российская.источник 0.0 2.0 0.0
опубликовано:25/02,11 0.0 2.0 0.0
точка-у 0.0 2.0 0.0
губерния 0.0 2.0 0.0
востоке 0.0 1.155 0.0
каховского 0.0 2.0 0.0
заправщика 0.0 2.0 0.0
детской 0.0 1.222 0.0
российскому 0.001 1.097 0.001
вдоль 0.0 2.0 0.0
рядом.источник 0.0 2.0 0.0
опубликовано:27/02,18 0.0 2.0 0.0
опубликовано:13/03,15 0.0 2.0 0.0
опубликовано:01/03,11 0.0 2.0 0.0
прилуки 0.0 2.0 0.0
оболонь 0.001 2.0 0.002
мариуполе.источник 0.0 2.0 0.0
опубликовано:08/03,21.произошло:01/03 0.0 2.0 0.0
утвреждается 0.0 2.0 0.0
данные 0.0 0.066 0.0
сожженные 0.0 2.0 0.0
дают 0.0 0.721 0.0
комплексу 0.0 1.699 0.0
су-25 0.001 2.0 0.002
справа 0.0 1.301 0.0
киев 0.005 0.77 0.004
зоря-машпроект 0.0 2.0 0.0
новопскова 0.0 2.0 0.0
опубликовано:28/02,16.произошло:27/02 0.0 2.0 0.0
опубликовано:27/02,24 0.0 2.0 0.0
районов 0.0 1.398 0.0
лесу 0.0 1.699 0.0
донецке 0.0 1.398 0.0
прибыли 0.0 1.523 0.0
тростянец 0.0 2.0 0.0
марше 0.0 1.699 0.0
имени 0.0 0.796 0.0
частично 0.0 1.301 0.0
северу 0.002 1.699 0.003
опубликовано:02/03,0 0.0 2.0 0.0
протестуют 0.0 2.0 0.0
хвостовики 0.0 2.0 0.0
областной 0.0 2.0 0.0
северодонецком 0.0 2.0 0.0
востоку 0.0 1.523 0.0
забуянье 0.0 2.0 0.0
сторона 0.0 1.222 0.0
сеньковка 0.0 2.0 0.0
корбутовка.источник 0.0 2.0 0.0
рог 0.0 2.0 0.0
высаживают 0.0 2.0 0.0
признать 0.0 1.0 0.0
протестущих 0.0 2.0 0.0
ракета 0.001 1.398 0.001
опубликовано:28/02,12 0.0 2.0 0.0
беженцами.источник 0.0 2.0 0.0
танки.источник 0.0 2.0 0.0
похожа 0.0 1.222 0.0
опубликовано:24/02,10 0.001 2.0 0.002
опубликовано:04/03,18 0.0 2.0 0.0
распологается 0.0 2.0 0.0
nlaw 0.0 2.0 0.0
опубликовано:12/03,7 0.0 2.0 0.0
мосту 0.001 1.699 0.002
мск 0.0 1.523 0.0
16/03 0.002 2.0 0.004
спецназа 0.0 1.699 0.0
опубликовано:13/03,20 0.0 2.0 0.0
цели 0.0 1.222 0.0
антоновке 0.0 2.0 0.0
отражения 0.0 2.0 0.0
северной 0.001 1.301 0.001
опубликовано:11/03,23.произошло:10/03 0.0 2.0 0.0
транспортно-подъемного 0.0 2.0 0.0
снимают 0.0 1.301 0.0
железнодорожном 0.0 1.699 0.0
днепропетровск 0.0 1.699 0.0
рядом 0.001 0.854 0.001
максимальной 0.0 1.699 0.0
ровеньки 0.0 2.0 0.0
объективную 0.0 2.0 0.0
спутниковый 0.0 2.0 0.0
запорожье.источник 0.001 2.0 0.002
жилой 0.0 1.398 0.0
днепра.источник 0.001 2.0 0.002
старается 0.0 1.699 0.0
российскими 0.001 0.854 0.001
источник 0.0 0.174 0.0
митинг 0.0 1.523 0.0
воздушного 0.0 2.0 0.0
автомобили 0.0 2.0 0.0
иванков 0.001 2.0 0.002
солдатам 0.0 1.699 0.0
опубликовано:15/03,0.произошло:14/03 0.0 2.0 0.0
залютино 0.0 2.0 0.0
многоэтажка.источник 0.0 2.0 0.0
обстрела.источник 0.0 2.0 0.0
игрушек 0.0 2.0 0.0
кривой 0.001 2.0 0.002
украинского 0.0 0.959 0.0
07/03 0.004 2.0 0.008
взят 0.0 2.0 0.0
опубликовано:02/03,17 0.0 2.0 0.0
очаков 0.0 2.0 0.0
захваченные 0.0 2.0 0.0
брошены 0.0 2.0 0.0
липцы 0.0 2.0 0.0
трасса 0.0 2.0 0.0
голубовское 0.0 2.0 0.0
сотни 0.0 1.0 0.0
днр.источник 0.0 2.0 0.0
находится 0.001 0.678 0.001
воспользуйтесь 0.0 1.523 0.0
киевской 0.0 1.398 0.0
накануне 0.0 1.046 0.0
украинцев.источник 0.0 2.0 0.0
опубликовано:17/03,18 0.0 2.0 0.0
новопскове 0.0 2.0 0.0
сообщила 0.0 1.398 0.0
взрывы 0.0 1.155 0.0
неизбежны 0.0 2.0 0.0
правила 0.0 0.066 0.0
каменка-днепровская 0.0 2.0 0.0
катера 0.0 2.0 0.0
украинцев 0.0 1.222 0.0
боевой 0.0 1.523 0.0
арестовывают 0.0 2.0 0.0
запускают 0.0 1.699 0.0
© 0.0 0.0 0.0
опубликовано:08/03,18 0.0 2.0 0.0
выстрелами 0.0 2.0 0.0
ивано-франковску.источник 0.0 2.0 0.0
г. 0.0 1.699 0.0
марта.источник 0.0 2.0 0.0
боеприпасы 0.0 2.0 0.0
наносит 0.0 1.523 0.0
купянске.источник 0.0 2.0 0.0
опубликовано:06/03,12 0.0 2.0 0.0
бойцов 0.0 1.523 0.0
экипажа 0.0 1.699 0.0
пво 0.001 1.699 0.002
луганской.источник 0.0 2.0 0.0
система 0.0 0.77 0.0
11/03 0.001 2.0 0.002
ахтырки.источник 0.0 2.0 0.0
полицейские 0.0 1.222 0.0
мирное 0.0 1.301 0.0
границу 0.001 1.097 0.001
северский 0.0 2.0 0.0
опубликовано:04/03,9 0.0 2.0 0.0
города.источник 0.0 2.0 0.0
николаевом 0.0 2.0 0.0
точное 0.0 1.699 0.0
опубликовано:01/03,0 0.0 2.0 0.0
полтавская 0.0 2.0 0.0
корпуса 0.0 2.0 0.0
сильно 0.0 0.509 0.0
барышевке 0.0 2.0 0.0
помощь 0.0 0.097 0.0
кадыровцы 0.0 2.0 0.0
пострадавшая 0.0 1.523 0.0
северо-востоку 0.0 1.699 0.0
опубликовано:24/02,9 0.001 2.0 0.002
тэц 0.0 2.0 0.0
эрегодар 0.0 2.0 0.0
отделения 0.0 1.523 0.0
конотопа 0.0 1.699 0.0
вертолет 0.001 2.0 0.002
.источник 0.004 2.0 0.008
базе 0.001 1.155 0.001
национальной 0.0 1.155 0.0
войны 0.0 0.42 0.0
яворове 0.0 2.0 0.0
вдв 0.0 2.0 0.0
район.источник 0.0 2.0 0.0
опубликовано:15/03,16.произошло:20/03 0.0 2.0 0.0
около 0.002 0.432 0.001
гнутово.источник 0.0 2.0 0.0
бронеавтомбили 0.0 2.0 0.0
группировку 0.0 1.699 0.0
волчанск 0.0 2.0 0.0
коблево 0.0 2.0 0.0
школа 0.0 1.523 0.0
центральных 0.0 2.0 0.0
днепру 0.0 2.0 0.0
опубликовано:03/03,14 0.0 2.0 0.0
опубликовано:10/03,23 0.0 2.0 0.0
большая 0.001 0.77 0.001
липцах 0.0 2.0 0.0
опубликовано:06/03,19 0.0 2.0 0.0
вынуждена 0.0 1.398 0.0
бахмача 0.0 2.0 0.0
славянск 0.0 2.0 0.0
изюма 0.0 1.699 0.0
местные 0.001 0.959 0.001
обстрелу.источник 0.0 2.0 0.0
взорванный 0.0 1.699 0.0
харьков 0.007 0.886 0.006
здание 0.001 1.097 0.001
алешки 0.0 2.0 0.0
километров 0.0 1.155 0.0
те 0.0 0.357 0.0
чернигове.источник 0.0 2.0 0.0
двигателя 0.0 1.699 0.0
т-90.источник 0.0 2.0 0.0
комплекс 0.001 1.398 0.001
опубликовано:26/02,15 0.0 2.0 0.0
опубликовано:07/03,0.произошло:06/03 0.0 2.0 0.0
октябрьский 0.0 2.0 0.0
опубликовано:07/03,9 0.0 2.0 0.0
время:21 0.003 2.0 0.006
летатательный 0.0 2.0 0.0
14/03 0.004 2.0 0.008
перерезана.источник 0.0 2.0 0.0
опубликовано:02/03,10 0.0 2.0 0.0
ведут 0.001 1.046 0.001
районе 0.004 0.886 0.004
дороги 0.0 1.398 0.0
обыскивают 0.0 2.0 0.0
университета.источник 0.0 2.0 0.0
время:12 0.005 2.0 0.01
дымовых 0.0 2.0 0.0
патрулируют 0.0 2.0 0.0
04/03 0.002 2.0 0.004
технике 0.0 2.0 0.0
купянске 0.0 2.0 0.0
опубликовано:17/03,20 0.0 2.0 0.0
телецентра.источник 0.0 2.0 0.0
недалеко 0.0 1.301 0.0
скадовск 0.001 2.0 0.002
тростянец.источник 0.0 2.0 0.0
су-27 0.0 2.0 0.0
богородичном 0.0 2.0 0.0
показывать 0.0 0.066 0.0
twitter 0.0 0.0 0.0
пункту 0.0 2.0 0.0
камаза 0.0 2.0 0.0
переправляются 0.0 2.0 0.0
платформы 0.0 0.066 0.0
разбитый 0.0 2.0 0.0
авиаудара.источник 0.001 2.0 0.002
контролем 0.0 1.398 0.0
старобельске.источник 0.0 2.0 0.0
бердянском.источник 0.0 2.0 0.0
городская 0.0 1.699 0.0
бронеавтомбиль 0.0 2.0 0.0
ошибки 0.0 1.097 0.0
которые 0.0 0.119 0.0
вертолеты 0.0 2.0 0.0
ранее 0.0 0.62 0.0
meduza 0.001 0.0 0.0
полицией.источник 0.0 2.0 0.0
мотострелковой 0.0 2.0 0.0
опубликовано:14/03,4 0.0 2.0 0.0
подготовки 0.0 1.222 0.0
флаг 0.001 1.301 0.001
чулаковке 0.0 2.0 0.0
херсон.источник 0.0 2.0 0.0
документальных 0.0 2.0 0.0
авиаудар 0.03 1.699 0.051
опубликовано:16/03,9 0.0 2.0 0.0
время:18 0.007 2.0 0.014
опубликовано:16/03,19 0.0 2.0 0.0
театра 0.0 1.398 0.0
районной 0.0 2.0 0.0
опубликовано:05/03,13 0.0 2.0 0.0
наносят 0.0 2.0 0.0
результат 0.0 0.77 0.0
опубликовано:24/02,23 0.0 2.0 0.0
горит 0.002 1.523 0.003
местоположение 0.0 2.0 0.0
васильевка 0.0 2.0 0.0
из-за 0.0 0.229 0.0
рада.источник 0.0 2.0 0.0
чулаковка 0.0 2.0 0.0
материалов 0.0 1.097 0.0
донецка.источник 0.0 2.0 0.0
млрс 0.0 2.0 0.0
волноваха 0.001 2.0 0.002
миг-29.источник 0.0 2.0 0.0
опубликовано:25/02,22 0.0 2.0 0.0
какую-то 0.0 1.097 0.0
юрковцы 0.0 2.0 0.0
перекопе.источник 0.0 2.0 0.0
никольский 0.0 2.0 0.0
продолжались 0.0 1.699 0.0
опубликовано:06/03,15 0.0 2.0 0.0
доме 0.0 1.097 0.0
росгвадрдии 0.0 2.0 0.0
северодонецк 0.001 2.0 0.002
опубликовано:06/03,11 0.0 2.0 0.0
мирных 0.0 0.959 0.0
харькове.источник 0.001 2.0 0.002
ирпеня 0.0 1.523 0.0
ровеньках 0.0 2.0 0.0
вывески 0.0 2.0 0.0
украинские 0.004 0.886 0.004
гифки 0.0 0.066 0.0
северо-западе 0.0 1.699 0.0
опубликовано:28/02,16 0.0 2.0 0.0
ахтырку.источник 0.0 2.0 0.0
опубликовано:12/03,11 0.0 2.0 0.0
дымер 0.0 2.0 0.0
вдалеке.источник 0.0 2.0 0.0
опубликовано:12/03,3 0.0 2.0 0.0
занятом 0.0 1.523 0.0
операции 0.0 0.886 0.0
аэропорта.источник 0.0 2.0 0.0
ведет 0.001 1.097 0.001
найдены 0.0 1.523 0.0
николаеве.источник 0.001 2.0 0.002
территории 0.0 0.796 0.0
волновахской 0.0 2.0 0.0
временно 0.0 1.301 0.0
анонимно 0.0 0.066 0.0
запорожье 0.001 2.0 0.002
удар.источник 0.0 2.0 0.0
ваша 0.0 0.102 0.0
аэродрому 0.001 2.0 0.002
ахтырка 0.001 1.699 0.002
утверждается 0.003 1.155 0.003
02/03 0.004 2.0 0.008
медучреждений 0.0 1.523 0.0
силами 0.0 1.398 0.0
спасибо 0.0 1.222 0.0
куки 0.0 0.066 0.0
зоопарке.источник 0.0 2.0 0.0
ударами 0.0 2.0 0.0
украинским 0.0 1.155 0.0
бой 0.001 2.0 0.002
луганском.источник 0.0 2.0 0.0
разгоняют 0.0 2.0 0.0
использование 0.0 0.066 0.0
границе 0.0 1.046 0.0
лнр.источник 0.001 2.0 0.002
опубликовано:25/02,18 0.0 2.0 0.0
аэропорту 0.002 1.699 0.003
время:14 0.005 2.0 0.01
опубликовано:01/03,8 0.0 2.0 0.0
вроятно 0.0 2.0 0.0
жилому 0.0 1.699 0.0
остановить 0.0 0.638 0.0
en 0.0 0.066 0.0
зданий.источник 0.0 2.0 0.0
сау 0.0 2.0 0.0
глебовки 0.0 2.0 0.0
гостомеля.источник 0.0 2.0 0.0
броварах 0.001 2.0 0.002
бук 0.0 2.0 0.0
опубликовано:25/02,9 0.001 2.0 0.002
тунгуска 0.0 2.0 0.0
украиснкая 0.0 2.0 0.0
начали 0.0 0.481 0.0
жилых 0.0 1.155 0.0
колонну 0.0 1.301 0.0
украина 0.0 0.699 0.0
донецкая 0.0 2.0 0.0
опубликовано:02/03,11 0.0 2.0 0.0
гостиница 0.0 2.0 0.0
окраине 0.004 1.222 0.005
кассетными 0.0 2.0 0.0
лиманом 0.0 2.0 0.0
авиудара.источник 0.0 2.0 0.0
чернигове 0.0 1.301 0.0
техники 0.002 1.301 0.003
опубликовано:26/02,23 0.0 2.0 0.0
территориальной 0.0 1.222 0.0
предъявить 0.0 1.523 0.0
донбассе.источник 0.001 2.0 0.002
депо 0.0 2.0 0.0
крупной 0.0 1.398 0.0
оперативно-тактической 0.001 2.0 0.002
молотова 0.0 1.699 0.0
опубликовано:08/03,21 0.0 2.0 0.0
луцк 0.0 2.0 0.0
полностью 0.0 0.538 0.0
квитневое 0.0 2.0 0.0
гаубиц 0.0 2.0 0.0
старобельск 0.001 2.0 0.002
макаровым 0.0 2.0 0.0
конотоп 0.0 2.0 0.0
невидимому 0.0 2.0 0.0
авиаударом 0.0 1.523 0.0
продвигаются 0.0 2.0 0.0
которой 0.0 0.377 0.0
мариуполе 0.001 0.824 0.001
яру.источник 0.0 2.0 0.0
вообще 0.0 0.066 0.0
бтр 0.001 1.699 0.002
разрушено 0.001 1.699 0.002
объектов 0.0 1.398 0.0
село 0.0 1.699 0.0
время:10 0.004 2.0 0.008
сумская 0.001 2.0 0.002
оборудования 0.0 1.301 0.0
района.источник 0.0 2.0 0.0
неизвестный 0.0 2.0 0.0
онкологического 0.0 1.699 0.0
пологах 0.0 2.0 0.0
бронепоезд 0.0 2.0 0.0
богородичное 0.0 2.0 0.0
изюмского 0.0 2.0 0.0
опубликовано:01/03,15 0.001 2.0 0.002
опубликовано:16/03,18 0.0 2.0 0.0
гвардии 0.0 1.699 0.0
топоним 0.0 2.0 0.0
донецком.источник 0.0 2.0 0.0
гнутово 0.0 2.0 0.0
новая 0.001 0.678 0.001
опубликовано:14/03,14 0.0 2.0 0.0
гражданского 0.0 2.0 0.0
брошеный 0.0 2.0 0.0
энергодар 0.002 2.0 0.004
откуда 0.0 1.046 0.0
салтовка 0.0 1.699 0.0
опубликовано:02/03,12.произошло:01/03 0.0 2.0 0.0
13/03 0.003 2.0 0.006
сгоревшие 0.0 2.0 0.0
сумам.источник 0.0 2.0 0.0
север 0.0 2.0 0.0
артиллерийской 0.0 2.0 0.0
опубликовано:24/02,18 0.001 2.0 0.002
4-1 0.0 2.0 0.0
кандыбино.источник 0.0 2.0 0.0
опубликовано:27/02,14 0.001 2.0 0.002
город 0.0 0.699 0.0
мариуполя.источник 0.003 2.0 0.006
жителей.источник 0.0 2.0 0.0
опубликовано:28/02,11 0.0 2.0 0.0
время:24 0.001 2.0 0.002
переходят 0.0 1.523 0.0
поднятие 0.0 2.0 0.0
взорван 0.0 1.699 0.0
украинская 0.003 1.046 0.003
сумы.источник 0.0 2.0 0.0
бахмач 0.0 2.0 0.0
свободы 0.0 1.155 0.0
крыша 0.0 2.0 0.0
картину 0.0 1.0 0.0
ми-35 0.0 2.0 0.0
опубликовано:24/02,24 0.0 2.0 0.0
разбитую 0.0 2.0 0.0
ракету 0.0 2.0 0.0
нанесен 0.0 2.0 0.0
энергодаром 0.0 2.0 0.0
воронки 0.0 1.699 0.0
приводятся 0.0 1.699 0.0
центре 0.001 0.886 0.001
возможны 0.0 1.523 0.0
черняхов 0.0 2.0 0.0
саги 0.0 2.0 0.0
въезде 0.0 1.699 0.0
никополь 0.0 2.0 0.0
опубликовано:08/03,11 0.0 2.0 0.0
херсоном.источник 0.001 2.0 0.002
замкнулось 0.0 2.0 0.0
камышевахе.источник 0.0 2.0 0.0
неизвестной 0.0 1.699 0.0
отделение 0.0 1.398 0.0
смогла 0.0 1.155 0.0
новостиисторииразборшапитокоронавирусмагаз 0.0 0.066 0.0
совместно 0.0 1.301 0.0
опубликовано:08/03,16 0.0 2.0 0.0
наступления.источник 0.0 2.0 0.0
десантом 0.0 2.0 0.0
опубликовано:17/03,12 0.0 2.0 0.0
карте 0.0 1.301 0.0
ми-28н 0.0 2.0 0.0
северодонецке 0.0 2.0 0.0
николаеве 0.0 2.0 0.0
северного 0.0 1.523 0.0
мокрецом 0.0 2.0 0.0
автомобилем.источник 0.0 2.0 0.0
московский 0.0 1.523 0.0
харьковым 0.0 2.0 0.0
ракеты 0.001 1.097 0.001
психоневрологического 0.0 2.0 0.0
которая 0.0 0.301 0.0
опубликовано:07/03,22.произошло:06/03 0.0 2.0 0.0
опубликовано:27/02,16 0.0 2.0 0.0
харькова 0.001 1.301 0.001
авиаудара 0.001 2.0 0.002
сеньковки.источник 0.0 2.0 0.0
время:20 0.004 2.0 0.008
база 0.0 1.523 0.0
опубликовано:01/03,9 0.0 2.0 0.0
олимпийский 0.0 1.699 0.0
днепр 0.001 1.523 0.002
выполняющим 0.0 0.097 0.0
возможно 0.0 0.398 0.0
опубликовано:02/03,11.произошло:01/03 0.0 2.0 0.0
ошибку 0.0 0.066 0.0
заблокированы 0.0 1.301 0.0
гостомель 0.002 2.0 0.004
ровенской 0.0 2.0 0.0
десантники 0.0 1.523 0.0
огня 0.0 1.523 0.0
купянск 0.001 2.0 0.002
чугуеве.источник 0.0 2.0 0.0
грузовики 0.0 1.699 0.0
россйским 0.0 2.0 0.0
летчика 0.0 2.0 0.0
опубликовано:25/02,17 0.001 2.0 0.002
геническе.источник 0.0 2.0 0.0
изоват 0.0 2.0 0.0
окружить 0.0 1.398 0.0
отбросили 0.0 2.0 0.0
украинский 0.003 0.959 0.003
украинской 0.004 1.155 0.005
опубликовано:08/03,13 0.0 2.0 0.0
военных 0.001 0.699 0.001
дергачи 0.0 2.0 0.0
идет 0.0 0.367 0.0
попавшая 0.0 1.523 0.0
подвергался 0.0 1.699 0.0
чернигов 0.003 1.301 0.004
материал 0.0 0.086 0.0
опубликовано:14/03,22 0.0 2.0 0.0
оскол 0.0 2.0 0.0
донецка 0.0 1.398 0.0
рубежное.источник 0.0 2.0 0.0
сбитого 0.0 2.0 0.0
киев.источник 0.0 2.0 0.0
обстрел 0.002 1.046 0.002
опубликовано:25/02,6 0.0 2.0 0.0
направляются 0.0 1.699 0.0
фабрика 0.0 2.0 0.0
результате 0.001 0.62 0.001
российская 0.007 0.658 0.005
опубликовано:03/03,0.произошло:02/03 0.0 2.0 0.0
старконстантинове 0.0 2.0 0.0
опубликовано:04/03,7 0.0 2.0 0.0
харьковской 0.0 1.699 0.0
бровар 0.0 2.0 0.0
опубликовано:14/03,12 0.0 2.0 0.0
аропорту 0.0 2.0 0.0
работы 0.0 0.553 0.0
стартегического 0.0 2.0 0.0
бпла 0.001 2.0 0.002
опубликовано:07/03,8 0.0 2.0 0.0
выше 0.0 0.509 0.0
опубликовано:03/03,15 0.0 2.0 0.0
сумы 0.002 1.523 0.003
луганская 0.001 2.0 0.002
мелитополе.источник 0.001 2.0 0.002
казармам 0.0 2.0 0.0
зирка 0.0 2.0 0.0
завода.источник 0.0 2.0 0.0
коксохимический 0.0 2.0 0.0
разрушенная 0.0 1.699 0.0
опубликовано:05/03,18 0.001 2.0 0.002
опасаются 0.0 1.523 0.0
удары 0.001 1.398 0.001
пологи 0.0 2.0 0.0
петровскому 0.0 2.0 0.0
северный 0.0 1.699 0.0
старобельск.источник 0.0 2.0 0.0
м2 0.0 2.0 0.0
боевых 0.0 1.0 0.0
южнее 0.0 1.523 0.0
опубликовано:26/02,16 0.001 2.0 0.002
поликлинике 0.0 1.523 0.0
снова 0.0 0.678 0.0
06/03 0.003 2.0 0.006
айдар 0.0 2.0 0.0
поезд 0.0 1.301 0.0
опубликовано:25/02,19 0.0 2.0 0.0
левом 0.0 1.699 0.0
снимок 0.0 1.699 0.0
насаления 0.0 2.0 0.0
ахтырский 0.0 2.0 0.0
опубликовано:16/03,16 0.0 2.0 0.0
комплексе 0.0 1.699 0.0
черниговым 0.001 2.0 0.002
житомирской 0.0 2.0 0.0
транспортного 0.0 2.0 0.0
люди 0.0 0.276 0.0
05/03 0.002 2.0 0.004
пятидуб 0.0 2.0 0.0
каховке 0.0 2.0 0.0
ракетной 0.0 2.0 0.0
опубликовано:26/02,24 0.0 2.0 0.0
нефтебазе 0.0 2.0 0.0
папа 0.0 1.222 0.0
часть 0.001 0.456 0.0
опубликовано:11/03,16 0.0 2.0 0.0
украиной 0.0 0.921 0.0
опубликовано:16/03,10 0.0 2.0 0.0
захвачены 0.0 2.0 0.0
жертв 0.0 1.097 0.0
форме 0.0 0.886 0.0
неизвестно.источник 0.0 2.0 0.0
инстаграм 0.0 0.066 0.0
карту 0.0 1.523 0.0
снаряд 0.0 1.301 0.0
пропускают 0.0 2.0 0.0
скадовске.источник 0.0 2.0 0.0
авиазаводу 0.0 2.0 0.0
виноградном 0.0 2.0 0.0
опубликовано:13/03,14 0.0 2.0 0.0
харьковская 0.0 2.0 0.0
частным 0.0 1.699 0.0
северодонецка 0.0 1.699 0.0
армия 0.0 0.959 0.0
хотя 0.0 0.276 0.0
контролирует 0.0 1.699 0.0
опубликовано:02/03,15 0.0 2.0 0.0
авиабригада 0.0 2.0 0.0
это 0.001 0.066 0.0
которому 0.0 1.0 0.0
трудовое 0.0 2.0 0.0
артиллерией 0.001 1.523 0.002
охиньки 0.0 2.0 0.0
сведения 0.0 1.155 0.0
17/03 0.003 2.0 0.006
артем 0.0 1.046 0.0
новой 0.0 0.585 0.0
пытаются 0.0 0.745 0.0
харькове 0.0 1.222 0.0
некоторые 0.0 0.469 0.0
самолетов 0.0 1.523 0.0
буча 0.001 2.0 0.002
кальмиус 0.0 1.699 0.0
атаки 0.0 1.523 0.0
english 0.0 0.06 0.0
современного 0.0 2.0 0.0
логистическом 0.0 2.0 0.0
уничтожен 0.0 1.523 0.0
макеевка 0.0 2.0 0.0
время:8 0.002 2.0 0.004
применение 0.0 1.155 0.0
мокрец 0.0 2.0 0.0
ограждение 0.0 2.0 0.0
сбитых 0.0 2.0 0.0
время:16 0.005 2.0 0.01
события 0.001 0.745 0.001
превратились 0.0 1.523 0.0
засада 0.0 2.0 0.0
инфраструктуры 0.0 1.699 0.0
членов 0.0 1.097 0.0
миллерово 0.0 2.0 0.0
сартана 0.0 2.0 0.0
атакуют 0.0 2.0 0.0
мэра 0.0 1.097 0.0
лозоватка.источник 0.0 2.0 0.0
обходят 0.0 2.0 0.0
большим 0.0 1.046 0.0
жилом 0.001 2.0 0.002
опубликовано:25/02,12 0.001 2.0 0.002
топливном 0.0 2.0 0.0
захваченной 0.0 1.699 0.0
аэропорта 0.0 1.398 0.0
протест 0.0 1.523 0.0
харьеовской 0.0 2.0 0.0
видите 0.0 1.222 0.0
зданию 0.0 1.699 0.0
бригады 0.001 1.398 0.001
поликлиника 0.0 2.0 0.0
блок-посту 0.0 2.0 0.0
уничтожили 0.0 1.523 0.0
станица 0.0 2.0 0.0
занявших 0.0 2.0 0.0
facebook 0.0 0.0 0.0
селу 0.0 2.0 0.0
менее 0.0 0.432 0.0
ниже 0.0 0.77 0.0
подразделения 0.0 1.523 0.0
самолета 0.001 1.301 0.001
опубликовано:27/02,12 0.0 2.0 0.0
ночная 0.0 1.699 0.0
лебедин 0.0 2.0 0.0
харьковское 0.0 2.0 0.0
артиллерийским 0.0 2.0 0.0
харьковскому 0.0 2.0 0.0
харьковом.источник 0.001 2.0 0.002
последствия 0.007 0.796 0.006
аппарата.источник 0.0 2.0 0.0
показаны 0.0 1.699 0.0
героев 0.0 1.699 0.0
донецку.источник 0.0 2.0 0.0
десант 0.0 2.0 0.0
войск 0.001 1.046 0.001
отрицает 0.0 1.398 0.0
флага 0.0 1.398 0.0
жителями.источник 0.0 2.0 0.0
окружной 0.0 2.0 0.0
тц 0.0 2.0 0.0
гибели 0.0 1.523 0.0
время:22 0.003 2.0 0.006
одессе.источник 0.0 2.0 0.0
опубликовано:01/03,3 0.0 2.0 0.0
мелитополем.источник 0.0 2.0 0.0
персональные 0.0 0.066 0.0
трассе 0.001 1.699 0.002
беженцев 0.0 1.301 0.0
последнее 0.0 1.097 0.0
украинца 0.0 1.523 0.0
марьинка 0.0 2.0 0.0
снят 0.0 2.0 0.0
упала 0.0 1.699 0.0
водохранилища 0.0 2.0 0.0
каховке.источник 0.0 2.0 0.0
военно-морской 0.0 2.0 0.0
вознесенск 0.0 2.0 0.0
луганской 0.001 1.523 0.002
украинскиесолдаты 0.0 2.0 0.0
нанесли 0.0 1.699 0.0
жертвы 0.0 1.523 0.0
фоне 0.0 0.796 0.0
входят 0.0 1.301 0.0
пяти 0.0 0.959 0.0
тыл 0.0 1.699 0.0
мо 0.0 2.0 0.0
снимок.источник 0.0 2.0 0.0
украинское 0.0 1.398 0.0
н.д.произошло:28/02 0.0 2.0 0.0
утверждает 0.0 1.0 0.0
украине 0.0 0.444 0.0
однако 0.0 0.337 0.0
разитая 0.0 2.0 0.0
подойдя 0.0 2.0 0.0
сообщение 0.0 0.102 0.0
орудия 0.0 2.0 0.0
парашют 0.0 2.0 0.0
