первой 0.0 0.678 0.0
редакции 0.001 0.066 0.0
lancet 0.001 1.301 0.001
небольшой 0.0 1.046 0.0
получивших 0.001 1.097 0.001
ждать 0.0 0.745 0.0
баннерам 0.0 0.066 0.0
действительно 0.001 0.377 0.0
последствиями 0.0 1.699 0.0
относится 0.0 1.0 0.0
боятся 0.0 1.0 0.0
основных 0.0 0.959 0.0
прививках 0.0 1.155 0.0
наблюдаются 0.0 2.0 0.0
возникающих 0.0 1.699 0.0
совершенно 0.0 0.678 0.0
тяжелых 0.001 0.921 0.001
препринта 0.001 1.398 0.001
причем 0.001 0.62 0.001
интерферонового 0.0 2.0 0.0
работе 0.0 0.824 0.0
мужчин 0.0 1.222 0.0
сработала 0.0 2.0 0.0
особого 0.0 1.523 0.0
кройцфельдта 0.0 2.0 0.0
потенциально 0.001 1.046 0.001
информацию 0.001 0.62 0.001
чаще 0.001 0.602 0.001
частот 0.0 2.0 0.0
создателя 0.0 1.699 0.0
вакцинированных 0.003 0.678 0.002
производстве 0.001 1.222 0.001
живыми 0.0 1.699 0.0
побочками 0.0 2.0 0.0
новостей 0.0 0.886 0.0
ваши 0.0 1.046 0.0
наличия 0.0 1.398 0.0
нежелательная 0.001 2.0 0.002
энцефалопатий 0.0 2.0 0.0
огромных 0.0 2.0 0.0
никаких 0.001 0.602 0.001
важный 0.001 1.222 0.001
статистический 0.001 1.398 0.001
наш 0.0 0.699 0.0
страх 0.0 1.046 0.0
пусть 0.001 0.921 0.001
ученые 0.0 0.678 0.0
to 0.0 0.77 0.0
заканчивается 0.0 1.398 0.0
проверять 0.0 1.097 0.0
большей 0.0 1.046 0.0
дней 0.002 0.337 0.001
затем 0.0 0.678 0.0
болей 0.0 2.0 0.0
важны 0.001 1.222 0.001
явлениях 0.001 1.523 0.002
встречаются 0.002 1.398 0.003
редкий 0.0 1.699 0.0
тяжести 0.0 1.155 0.0
регистрировался 0.0 2.0 0.0
сценарий 0.0 1.398 0.0
причина 0.001 0.959 0.001
среднем 0.001 0.886 0.001
проникать 0.0 1.398 0.0
медузы 0.001 0.268 0.0
почерпнуть 0.0 2.0 0.0
этих 0.003 0.337 0.001
трех 0.0 0.638 0.0
переживает 0.0 1.097 0.0
далее 0.0 0.959 0.0
анализе 0.0 1.301 0.0
серия 0.0 1.699 0.0
появляются 0.0 1.097 0.0
по-видимому 0.0 0.959 0.0
безрецептурные 0.0 2.0 0.0
истории 0.001 0.337 0.0
грубо 0.0 1.046 0.0
опрашивали 0.001 2.0 0.002
момент 0.001 0.481 0.0
научных 0.001 1.155 0.001
сюда 0.0 1.097 0.0
телефону 0.0 1.155 0.0
передача 0.0 1.699 0.0
головной 0.001 1.699 0.002
иммунитета 0.001 0.886 0.001
миллионов 0.0 0.638 0.0
телеграм-группе 0.0 2.0 0.0
нашли 0.0 0.066 0.0
связи 0.001 0.0 0.0
какие 0.002 0.569 0.001
медуза 0.002 0.066 0.0
чисто 0.0 1.301 0.0
требуется 0.0 0.959 0.0
месяцев 0.001 0.602 0.001
нам 0.001 0.086 0.0
побочки 0.001 2.0 0.002
нейротропность 0.0 2.0 0.0
материалам 0.0 0.066 0.0
побочными 0.0 1.398 0.0
13-й 0.0 2.0 0.0
срочно 0.0 0.167 0.0
грубые 0.0 1.699 0.0
одобрены 0.0 1.699 0.0
ткани 0.0 1.301 0.0
вследствие 0.0 1.699 0.0
меньше 0.001 0.444 0.0
противопоказаниями 0.0 1.523 0.0
случайным 0.0 1.699 0.0
увидеть 0.0 1.097 0.0
самых 0.001 0.62 0.001
причинно-следственные 0.0 2.0 0.0
предотвратить 0.0 1.0 0.0
частыми 0.002 2.0 0.004
главный 0.0 0.638 0.0
должна 0.0 0.538 0.0
экспертному 0.0 2.0 0.0
располагаются 0.0 1.699 0.0
ctrl+enter 0.0 0.066 0.0
ждали 0.0 1.398 0.0
вакцинацией 0.003 0.959 0.003
мая 0.0 1.155 0.0
надежный 0.0 1.523 0.0
механизмов 0.0 1.301 0.0
излагаемых 0.0 2.0 0.0
первому 0.0 1.699 0.0
желании 0.0 1.398 0.0
перикардита 0.0 2.0 0.0
медработники 0.0 2.0 0.0
принятойfda 0.0 2.0 0.0
виталия 0.0 1.699 0.0
половине 0.0 1.699 0.0
эффекты 0.001 1.523 0.002
июня 0.0 0.854 0.0
сами 0.0 0.538 0.0
численное 0.0 1.699 0.0
источником 0.0 1.155 0.0
исследователи 0.0 1.046 0.0
наблюдаться 0.0 2.0 0.0
применяемых 0.001 1.523 0.002
фактически 0.0 0.721 0.0
побочек 0.002 1.398 0.003
легкая 0.0 1.699 0.0
фактов 0.0 1.301 0.0
проявиться 0.0 1.699 0.0
долговременных 0.001 1.523 0.002
передачи 0.0 1.398 0.0
нажмите 0.0 0.066 0.0
случаев 0.003 0.658 0.002
ухудшение 0.0 1.523 0.0
массовую 0.0 2.0 0.0
порядке 0.0 1.046 0.0
других 0.004 0.26 0.001
числе 0.001 0.31 0.0
иностранного 0.001 0.102 0.0
человек 0.002 0.215 0.0
госпитализации 0.0 0.886 0.0
реактогенен 0.0 2.0 0.0
27th 0.0 2.0 0.0
применяемые 0.0 1.699 0.0
исследований 0.002 0.585 0.001
отнесена 0.0 2.0 0.0
– 0.0 0.06 0.0
вакцинироваться 0.001 1.0 0.001
оба 0.0 0.959 0.0
ковида 0.002 0.444 0.001
нами 0.0 0.066 0.0
выброс 0.0 2.0 0.0
старше 0.001 1.0 0.001
важными 0.0 1.523 0.0
лицом 0.0 0.102 0.0
medicina 0.0 2.0 0.0
завершено 0.001 1.699 0.002
функции 0.001 0.097 0.0
фазы 0.003 0.959 0.003
новостях 0.0 1.398 0.0
четкое 0.0 2.0 0.0
реестре 0.0 1.301 0.0
провоспалительных 0.0 2.0 0.0
систем 0.0 1.301 0.0
отличий 0.0 1.301 0.0
укола 0.005 1.155 0.006
добровольцев 0.001 0.886 0.001
перейти 0.0 0.066 0.0
поддержать 0.0 0.066 0.0
какие-то 0.0 0.538 0.0
мала 0.0 1.699 0.0
клеточных 0.0 1.699 0.0
ковид 0.0 0.796 0.0
руководством 0.0 1.046 0.0
органы 0.0 1.398 0.0
данное 0.0 0.097 0.0
набранным 0.0 2.0 0.0
какой-то 0.0 0.538 0.0
подготовиться 0.001 1.155 0.001
оаэ 0.001 1.301 0.001
международному 0.0 1.523 0.0
печати 0.0 1.398 0.0
будущем 0.0 0.745 0.0
вакцинации 0.009 0.553 0.005
мрнк-вакцин 0.0 1.398 0.0
вторым 0.0 1.155 0.0
live 0.0 0.022 0.0
решили 0.001 0.658 0.001
блог 0.0 0.066 0.0
справедливо 0.0 1.523 0.0
явлениями 0.0 1.699 0.0
проблема 0.0 0.721 0.0
разных 0.004 0.398 0.002
тяжелые 0.002 1.046 0.002
притом 0.0 1.523 0.0
meduzacare 0.0 0.066 0.0
маленькой 0.0 1.523 0.0
побочках 0.001 2.0 0.002
равной 0.0 1.699 0.0
говоря 0.001 0.77 0.001
исход 0.0 1.097 0.0
кнопка 0.0 0.066 0.0
нервную 0.0 2.0 0.0
угрожала 0.0 1.699 0.0
гриппа 0.001 1.046 0.001
речь 0.0 0.432 0.0
the 0.001 0.481 0.0
другие 0.002 0.268 0.001
ощущают 0.0 2.0 0.0
редактор 0.0 1.0 0.0
мешают 0.0 1.301 0.0
стр 0.0 1.699 0.0
тему 0.0 0.959 0.0
сыворотку 0.001 2.0 0.002
последний 0.0 0.824 0.0
v 0.008 0.699 0.006
отслеживать 0.0 2.0 0.0
потенциальным 0.0 1.699 0.0
ответ 0.0 0.602 0.0
действия 0.0 0.721 0.0
работа 0.001 0.886 0.001
выборку 0.0 1.523 0.0
независимое 0.0 0.721 0.0
исследование 0.004 0.658 0.003
народного 0.001 1.398 0.001
24/7 0.0 0.102 0.0
получающим 0.0 2.0 0.0
промежуточными 0.0 2.0 0.0
будущего 0.0 1.097 0.0
начатое 0.0 2.0 0.0
способа 0.0 1.523 0.0
серьезным 0.001 1.301 0.001
возможный 0.0 1.301 0.0
болевые 0.001 2.0 0.002
синдрома 0.002 2.0 0.004
получило 0.0 2.0 0.0
жалобой 0.0 2.0 0.0
смертельный 0.0 2.0 0.0
факт 0.001 0.77 0.001
подробнее 0.001 0.699 0.001
ощущений 0.0 2.0 0.0
требования 0.0 0.066 0.0
связаться 0.0 0.066 0.0
самом 0.0 0.481 0.0
информации 0.001 0.102 0.0
вполне 0.0 0.699 0.0
тех 0.001 0.26 0.0
гарантированно 0.0 1.699 0.0
медицинских 0.0 0.959 0.0
спутником 0.003 0.921 0.003
почему 0.002 0.337 0.001
0,87 0.0 2.0 0.0
побочные 0.002 1.398 0.003
языка 0.0 1.398 0.0
вторая 0.001 1.046 0.001
этим 0.0 0.337 0.0
отчетов 0.0 1.699 0.0
фармаконадзор 0.0 2.0 0.0
помощью 0.001 0.538 0.001
реактогенные 0.0 2.0 0.0
причине 0.0 1.155 0.0
главная 0.0 0.796 0.0
такие 0.001 0.444 0.0
телят 0.0 2.0 0.0
виде 0.002 0.745 0.001
методологии 0.001 1.699 0.002
опубликовано 0.001 1.523 0.002
спасибоgiphyза 0.0 0.066 0.0
лекарственных 0.001 1.155 0.001
какими-то 0.0 1.398 0.0
болезни 0.001 0.62 0.001
пожалуйста 0.0 0.102 0.0
аргентине 0.001 1.097 0.001
новорожденных 0.0 1.523 0.0
связаны 0.001 0.959 0.001
именно 0.002 0.244 0.0
сначала 0.001 0.602 0.001
культур 0.0 2.0 0.0
легких 0.0 1.046 0.0
медработниках 0.0 2.0 0.0
полученных 0.0 1.398 0.0
первая 0.0 0.77 0.0
связанных 0.0 1.155 0.0
наблюдательные 0.0 2.0 0.0
очень 0.006 0.149 0.001
доз 0.001 1.155 0.001
одна 0.001 0.42 0.0
дневник 0.0 1.699 0.0
уровне 0.0 0.638 0.0
обнаружение 0.0 1.222 0.0
иммунный 0.0 1.155 0.0
применения 0.001 1.097 0.001
серьезных 0.001 1.155 0.001
год 0.001 0.409 0.0
минздрава 0.001 0.886 0.001
существует 0.0 0.745 0.0
собирали 0.0 1.398 0.0
российским 0.0 0.092 0.0
госпитализацией 0.0 2.0 0.0
какой-либо 0.0 1.155 0.0
собираются 0.0 0.921 0.0
интересах 0.0 0.167 0.0
фазе 0.0 1.097 0.0
точнее 0.0 0.921 0.0
прививок 0.001 0.824 0.001
редкие 0.002 1.301 0.003
американская 0.0 1.046 0.0
обнаружено 0.0 1.155 0.0
смысла 0.0 0.699 0.0
in 0.0 0.0 0.0
крайне 0.0 0.721 0.0
опасности 0.0 1.301 0.0
таких 0.001 0.347 0.0
разными 0.001 0.824 0.001
каких 0.0 0.854 0.0
тяжелым 0.0 1.523 0.0
окончательных 0.0 2.0 0.0
беременных 0.0 1.398 0.0
рисков 0.0 0.959 0.0
просто 0.002 0.194 0.0
исследовал 0.0 1.699 0.0
одинаковых 0.0 1.523 0.0
прочитать 0.0 0.959 0.0
осматривали 0.0 2.0 0.0
проведенное 0.0 1.699 0.0
нежелательные 0.008 1.155 0.009
фиксации 0.001 1.699 0.002
вакцину 0.001 0.824 0.001
ушли 0.0 1.523 0.0
обострять 0.0 1.699 0.0
считаются 0.0 1.398 0.0
свиного 0.001 2.0 0.002
малыша 0.0 1.398 0.0
которую 0.001 0.469 0.0
госпитализирован 0.0 1.699 0.0
повышала 0.0 1.699 0.0
повышение 0.0 1.301 0.0
называются 0.0 1.155 0.0
хуже 0.001 0.699 0.001
сообщали 0.0 1.523 0.0
выращивании 0.0 1.699 0.0
нежелательную 0.0 2.0 0.0
сожалению 0.001 0.569 0.001
серьезные 0.002 1.097 0.002
распространено 0.0 0.102 0.0
другом 0.0 0.721 0.0
причинам 0.0 0.959 0.0
ios 0.0 0.066 0.0
5–10 0.001 2.0 0.002
ожидаемы 0.0 2.0 0.0
пустышкой 0.0 2.0 0.0
покраснения 0.0 2.0 0.0
описаны 0.001 1.046 0.001
несколько 0.002 0.201 0.0
разным 0.001 1.097 0.001
прививочной 0.0 1.222 0.0
параметра 0.0 1.523 0.0
мамы 0.0 1.097 0.0
основном 0.0 0.553 0.0
вывод 0.0 0.959 0.0
группам 0.0 1.523 0.0
классифицировали 0.0 2.0 0.0
пока 0.001 0.208 0.0
сих 0.001 0.481 0.0
векторных 0.001 1.301 0.001
спустя 0.001 0.886 0.001
pfizer/biontech 0.0 1.046 0.0
локальная 0.0 2.0 0.0
ступеней 0.0 2.0 0.0
реакция 0.003 1.301 0.004
нового 0.001 0.638 0.001
извините 0.0 1.0 0.0
описана 0.001 1.523 0.002
кампаниях 0.0 2.0 0.0
описанных 0.0 2.0 0.0
обследуют 0.0 2.0 0.0
вирусом 0.0 0.921 0.0
одного 0.001 0.432 0.0
доказательство 0.0 1.398 0.0
согласно 0.001 0.745 0.001
инструкция 0.002 0.796 0.002
подавляющее 0.0 1.398 0.0
достоверных 0.0 2.0 0.0
благодаря 0.0 0.77 0.0
таблица 0.001 1.222 0.001
нежелательных 0.005 1.046 0.005
разные 0.001 0.721 0.001
особенностей 0.0 1.222 0.0
конкретной 0.0 1.398 0.0
s7 0.001 2.0 0.002
юридическим 0.0 0.102 0.0
группе 0.003 0.745 0.002
опасны 0.002 1.398 0.003
заболеванием 0.001 1.155 0.001
отсечка 0.0 2.0 0.0
несмотря 0.0 0.456 0.0
понятие 0.0 1.523 0.0
стали 0.0 0.42 0.0
данный 0.0 0.824 0.0
реактогенность 0.0 2.0 0.0
слабость 0.002 1.699 0.003
нужно 0.002 0.237 0.0
российском 0.0 0.921 0.0
сыворотка 0.001 1.699 0.002
весь 0.0 0.638 0.0
иммунная 0.0 1.523 0.0
недолгая 0.0 2.0 0.0
кстати 0.0 0.886 0.0
первым 0.001 0.854 0.001
исследованиях 0.001 0.854 0.001
безопасно 0.0 0.066 0.0
youtube 0.0 0.06 0.0
вакцинированными 0.0 1.301 0.0
компонентом 0.0 1.301 0.0
проведенный 0.0 2.0 0.0
создано 0.0 0.097 0.0
происходят 0.001 1.398 0.001
телеграме 0.0 1.222 0.0
бастиан 0.0 2.0 0.0
группы 0.002 0.62 0.001
тело 0.0 2.0 0.0
достаточно 0.001 0.444 0.0
разобрали 0.0 1.523 0.0
многие 0.002 0.284 0.001
средством 0.0 0.102 0.0
прием 0.0 1.398 0.0
возможность 0.0 0.569 0.0
бояться 0.0 1.398 0.0
доклад 0.0 2.0 0.0
продолжиться 0.0 2.0 0.0
ровно 0.0 1.222 0.0
компонент 0.002 1.222 0.002
искать 0.0 0.854 0.0
июля 0.001 1.0 0.001
говорят 0.0 0.432 0.0
где-то 0.001 0.721 0.001
подробные 0.0 1.398 0.0
наиболее 0.002 0.745 0.001
редких 0.001 1.155 0.001
обо 0.0 1.523 0.0
логунова 0.001 1.523 0.002
ожидаемо 0.0 1.699 0.0
fbs 0.0 2.0 0.0
интересный 0.0 2.0 0.0
противопоказания 0.001 1.155 0.001
научный 0.001 0.959 0.001
популяциях 0.0 1.523 0.0
получая 0.0 2.0 0.0
показатель 0.0 1.301 0.0
разбор 0.0 0.387 0.0
данным 0.001 0.444 0.0
александр 0.001 0.538 0.001
здоровья 0.0 0.959 0.0
противоковидных 0.0 1.301 0.0
обратиться 0.0 1.046 0.0
демографически 0.0 2.0 0.0
жителей 0.0 0.569 0.0
attributable 0.0 2.0 0.0
время 0.001 0.102 0.0
анализ 0.002 0.921 0.002
микротравма 0.0 2.0 0.0
ура 0.001 1.097 0.001
инфицировать 0.0 2.0 0.0
ту 0.0 0.921 0.0
узнать 0.0 0.959 0.0
центра 0.0 0.77 0.0
событиях 0.0 1.222 0.0
вероятностью 0.0 1.097 0.0
стоит 0.0 0.509 0.0
выраженные 0.0 1.699 0.0
рекламаmeduza 0.0 0.066 0.0
маловероятный 0.0 2.0 0.0
боль 0.007 0.959 0.007
severe 0.0 1.398 0.0
ответить 0.0 0.886 0.0
журналист 0.0 1.0 0.0
статья 0.001 1.0 0.001
прежде 0.0 0.62 0.0
неожиданного 0.0 1.699 0.0
опрашивают 0.0 2.0 0.0
затрагивают 0.0 1.699 0.0
назад 0.002 0.18 0.0
изменят 0.0 2.0 0.0
конкретного 0.0 1.155 0.0
переходите 0.0 2.0 0.0
johnson 0.001 1.155 0.001
степень 0.001 1.046 0.001
обнаружить 0.001 1.097 0.001
ответа 0.0 0.886 0.0
пострегистрационной 0.0 2.0 0.0
статистическое 0.0 2.0 0.0
кодекс 0.0 0.066 0.0
moderna 0.0 1.0 0.0
также 0.003 0.237 0.001
клинических 0.001 0.796 0.001
локальными 0.0 2.0 0.0
статьи 0.0 0.854 0.0
непредсказуемо 0.0 2.0 0.0
давал 0.0 1.398 0.0
очередь 0.0 0.62 0.0
применяющие 0.0 2.0 0.0
рандомизации 0.001 1.699 0.002
коротко 0.004 0.824 0.003
пор 0.001 0.387 0.0
пострегистрационных 0.0 1.699 0.0
лабораториях 0.0 1.699 0.0
вконтакте 0.0 0.066 0.0
препарата 0.0 0.886 0.0
одновременно 0.0 0.796 0.0
попадание 0.0 1.398 0.0
низкая 0.0 1.301 0.0
температуры 0.002 1.155 0.002
групп 0.001 0.77 0.001
выделите 0.0 0.066 0.0
власти 0.0 0.387 0.0
получить 0.0 0.553 0.0
нескольких 0.0 0.699 0.0
адъюванта 0.0 1.699 0.0
топ-3 0.0 2.0 0.0
могли 0.0 0.699 0.0
использования 0.0 0.921 0.0
риске 0.0 1.699 0.0
классификацию 0.0 1.699 0.0
против 0.0 0.229 0.0
побочным 0.001 1.699 0.002
той 0.0 0.62 0.0
терминология 0.0 2.0 0.0
всякая 0.0 1.699 0.0
проходит 0.001 1.0 0.001
частотность 0.0 2.0 0.0
опасения 0.0 1.523 0.0
эффективность 0.0 0.569 0.0
вечерняя 0.0 0.066 0.0
назвать 0.0 0.959 0.0
поддержки 0.0 0.066 0.0
исследованиями 0.001 1.301 0.001
спутник 0.002 0.721 0.001
самой 0.0 0.699 0.0
проводили 0.0 1.0 0.0
коллег 0.0 1.222 0.0
большинство 0.0 0.796 0.0
выявления 0.0 1.523 0.0
частых 0.001 2.0 0.002
событий 0.001 0.921 0.001
наоборот 0.001 0.824 0.001
системные 0.0 2.0 0.0
остальные 0.0 0.854 0.0
вакциной 0.0 0.886 0.0
android 0.0 0.066 0.0
последнюю 0.0 1.155 0.0
заболеванию 0.0 1.398 0.0
результатами 0.0 1.301 0.0
укол 0.0 1.398 0.0
беременность 0.0 1.222 0.0
нужна 0.001 0.092 0.0
добровольца 0.0 1.699 0.0
вакцинация 0.001 0.699 0.001
чате 0.0 1.398 0.0
подразумевает 0.0 1.699 0.0
проводились 0.001 1.222 0.001
аргентинском 0.0 1.699 0.0
тромбоцитопении 0.0 1.523 0.0
составил 0.0 1.523 0.0
агентство 0.001 1.155 0.001
убрали 0.0 1.523 0.0
силой 0.0 1.301 0.0
термины 0.0 1.699 0.0
состояния 0.0 0.959 0.0
явлений 0.002 1.046 0.002
выраженность 0.0 2.0 0.0
получали 0.0 1.222 0.0
тяжелой 0.0 0.959 0.0
несет 0.0 1.222 0.0
опубликовать 0.0 1.301 0.0
серьезными 0.001 1.699 0.002
проблемах 0.001 1.398 0.001
медики 0.0 1.523 0.0
последняя 0.0 1.301 0.0
участвуют 0.0 0.959 0.0
якоба 0.0 2.0 0.0
привиться 0.001 0.796 0.001
должного 0.0 2.0 0.0
медузе 0.001 0.066 0.0
спрашивали 0.0 1.222 0.0
следить 0.0 1.0 0.0
требующая 0.0 2.0 0.0
первый 0.002 0.481 0.001
медиков 0.0 1.398 0.0
точно 0.001 0.481 0.0
медузу 0.001 0.066 0.0
гамалеи 0.0 1.155 0.0
обработки 0.0 0.066 0.0
различиях 0.0 2.0 0.0
источников 0.0 1.0 0.0
массовой 0.0 0.097 0.0
точки 0.0 0.638 0.0
прекрасно 0.0 1.222 0.0
способен 0.0 1.398 0.0
сложно 0.0 0.538 0.0
контроля 0.0 1.222 0.0
службы 0.001 0.959 0.001
аналогичное 0.0 1.699 0.0
обнаружены 0.001 1.301 0.001
наблюдение 0.0 1.398 0.0
жить 0.001 0.824 0.001
случай 0.001 0.921 0.001
вакцинированной 0.0 1.699 0.0
привлекать 0.0 1.523 0.0
реакцией 0.0 1.301 0.0
подробную 0.0 2.0 0.0
деталями 0.0 2.0 0.0
вакцины 0.009 0.585 0.005
сценарии 0.0 1.301 0.0
регуляторы 0.0 1.699 0.0
многих 0.0 0.658 0.0
частый 0.001 1.523 0.002
важное 0.0 1.046 0.0
случайных 0.0 1.523 0.0
странах 0.0 0.495 0.0
исхода 0.0 1.301 0.0
мешать 0.0 1.398 0.0
обнаруживались 0.0 2.0 0.0
заранее 0.0 0.959 0.0
тромбоцитопенического 0.0 2.0 0.0
реклама 0.001 0.066 0.0
делать 0.002 0.276 0.001
biological 0.0 1.699 0.0
последствий 0.002 0.959 0.002
смертью 0.001 1.523 0.002
сша 0.0 0.469 0.0
становятся 0.0 1.155 0.0
плохо 0.0 0.569 0.0
важная 0.0 1.155 0.0
список 0.0 0.658 0.0
виду 0.0 0.745 0.0
наблюдения 0.002 1.155 0.002
россии 0.001 0.119 0.0
неприятных 0.0 1.699 0.0
тщательно 0.001 1.301 0.001
агента 0.001 0.097 0.0
пять 0.0 0.509 0.0
сопоставление 0.0 1.699 0.0
sinopharm 0.0 1.398 0.0
тысячи 0.0 0.721 0.0
фармаконадзора 0.001 2.0 0.002
весьма 0.0 1.222 0.0
процедур 0.0 1.398 0.0
способна 0.0 1.398 0.0
наша 0.001 0.77 0.001
участники 0.0 0.921 0.0
словакии 0.0 2.0 0.0
выборка 0.0 1.699 0.0
распределяют 0.0 2.0 0.0
философском 0.0 2.0 0.0
тромбы 0.001 1.398 0.001
привела 0.0 1.046 0.0
похожих 0.0 1.699 0.0
высокой 0.002 0.959 0.002
слабости 0.0 1.699 0.0
опубликована 0.0 1.523 0.0
заболевания 0.001 0.62 0.001
куру 0.0 1.699 0.0
читателейнам 0.0 0.174 0.0
страны 0.001 0.444 0.0
опубликованы 0.0 1.0 0.0
реакций 0.005 1.222 0.006
десятки 0.0 0.745 0.0
кишечника 0.0 1.699 0.0
ищут 0.0 1.523 0.0
выраженности 0.001 2.0 0.002
популяции 0.001 1.097 0.001
успели 0.0 1.097 0.0
порядку 0.0 0.066 0.0
венгрии 0.0 1.523 0.0
ершов 0.001 0.796 0.001
работает 0.001 0.367 0.0
легкими 0.0 2.0 0.0
необходимо 0.0 0.585 0.0
самые 0.002 0.602 0.001
объективного 0.0 2.0 0.0
самый 0.0 0.721 0.0
иммуностимуляторы 0.0 2.0 0.0
сотню 0.0 1.699 0.0
впоследствии 0.0 1.301 0.0
предлагает 0.0 0.959 0.0
провести 0.0 0.745 0.0
доказанном 0.0 2.0 0.0
применяемой 0.0 2.0 0.0
ответов 0.0 1.301 0.0
настоящие 0.0 1.523 0.0
группой 0.0 1.155 0.0
общее 0.0 1.046 0.0
создатели 0.0 1.398 0.0
могут 0.003 0.187 0.001
должно 0.0 0.658 0.0
довольно 0.001 0.523 0.001
писали 0.0 0.824 0.0
фиксировались 0.0 2.0 0.0
одном 0.0 0.699 0.0
тысячах 0.0 1.398 0.0
найти 0.0 0.602 0.0
работать 0.0 0.409 0.0
возрастом 0.0 1.523 0.0
первую 0.0 0.638 0.0
эффектом 0.001 1.699 0.002
вирусоподобные 0.0 1.523 0.0
реакции 0.012 0.854 0.01
начале 0.001 0.602 0.001
университета 0.0 0.959 0.0
болезнь 0.0 1.155 0.0
дозировки 0.0 1.699 0.0
мышечная 0.001 2.0 0.002
столько 0.0 0.921 0.0
мешает 0.001 1.222 0.001
cansino 0.0 1.301 0.0
неизвестно 0.001 0.77 0.001
представлена 0.0 1.222 0.0
нормально 0.0 1.097 0.0
нем 0.0 0.602 0.0
рынка 0.001 1.097 0.001
итоговую 0.001 1.699 0.002
параметр 0.0 1.523 0.0
реакциями 0.0 1.699 0.0
д. 0.001 1.0 0.001
сопоставлении 0.0 2.0 0.0
мало 0.0 0.538 0.0
проведено 0.0 1.523 0.0
ощущения 0.001 1.301 0.001
редкость 0.0 1.523 0.0
стало 0.0 0.481 0.0
примененных 0.0 2.0 0.0
часа 0.0 0.77 0.0
отражает 0.0 1.523 0.0
число 0.001 0.658 0.001
отсутствует 0.0 1.523 0.0
возможном 0.0 1.523 0.0
оттуда 0.0 1.097 0.0
случае 0.001 0.357 0.0
семь 0.0 0.796 0.0
надежные 0.0 1.046 0.0
единственный 0.0 0.824 0.0
fda 0.0 1.222 0.0
вызывается 0.0 2.0 0.0
зависимость 0.0 1.699 0.0
само 0.0 0.921 0.0
требующих 0.0 1.699 0.0
иностранным 0.0 0.097 0.0
завершаются 0.0 1.699 0.0
astrazeneca 0.003 0.959 0.003
относительно 0.0 0.721 0.0
выборке 0.001 1.222 0.001
например 0.003 0.229 0.001
интерпретации 0.0 1.699 0.0
встречающиеся 0.0 2.0 0.0
установить 0.001 1.155 0.001
что-то 0.0 0.569 0.0
температурой 0.0 2.0 0.0
мнению 0.0 0.638 0.0
части 0.001 0.854 0.001
вакцинах 0.0 1.046 0.0
получили 0.0 0.745 0.0
средств 0.001 0.854 0.001
поддержите 0.0 0.102 0.0
установлена 0.001 1.523 0.002
надежное 0.0 2.0 0.0
представили 0.0 2.0 0.0
зрения 0.0 0.602 0.0
любые 0.001 0.854 0.001
какими 0.001 1.398 0.001
поэтому 0.002 0.328 0.001
совокупность 0.0 2.0 0.0
году 0.0 0.367 0.0
повседневной 0.0 1.699 0.0
лет 0.002 0.252 0.001
используется 0.002 0.796 0.002
случаеврассказываем 0.0 1.699 0.0
опасна 0.0 1.398 0.0
контрольной 0.0 1.523 0.0
вопрос 0.0 0.42 0.0
собраны 0.0 1.398 0.0
данные 0.004 0.066 0.0
хотите 0.0 0.921 0.0
опасному 0.0 2.0 0.0
белика 0.0 2.0 0.0
гарантировать 0.0 1.301 0.0
фиксировалась 0.0 1.699 0.0
относятся 0.001 1.155 0.001
инвагинации 0.0 1.699 0.0
rocca 0.001 2.0 0.002
events 0.0 1.155 0.0
ответственно 0.0 1.523 0.0
продолжает 0.0 0.658 0.0
считаться 0.0 1.699 0.0
проявляет 0.0 1.699 0.0
сообщения 0.001 1.097 0.001
беременности 0.0 1.222 0.0
известны 0.0 1.222 0.0
недостаток 0.0 1.699 0.0
кампании 0.001 0.854 0.001
читатели 0.0 1.046 0.0
хотят 0.001 0.745 0.001
сравнивать 0.0 0.959 0.0
изложенным 0.0 1.699 0.0
гийена 0.001 2.0 0.002
новые 0.0 0.602 0.0
говорить 0.0 0.602 0.0
эффектов 0.0 1.046 0.0
вероятность 0.001 0.721 0.001
тысяч 0.003 0.337 0.001
отчетах 0.0 1.523 0.0
надеяться 0.0 1.097 0.0
высокая 0.0 1.046 0.0
определяют 0.0 1.398 0.0
явлениям 0.0 1.699 0.0
опасными 0.001 2.0 0.002
источник 0.001 0.174 0.0
происходящие 0.0 2.0 0.0
все-таки 0.001 0.553 0.001
наблюдалась 0.0 1.523 0.0
хочу 0.0 0.137 0.0
уровня 0.0 0.959 0.0
побочных 0.002 0.959 0.002
делятся 0.0 1.523 0.0
четко 0.0 1.0 0.0
попадают 0.001 1.222 0.001
находится 0.0 0.678 0.0
class 0.0 1.699 0.0
ко 0.001 0.745 0.001
расскажет 0.0 1.301 0.0
обнаружиться 0.0 2.0 0.0
правила 0.0 0.066 0.0
moderate 0.0 1.699 0.0
компоненту 0.0 1.699 0.0
употребляется 0.0 2.0 0.0
grade 0.004 2.0 0.008
предыдущими 0.0 1.398 0.0
сказать 0.001 0.495 0.0
гриппоподобное 0.0 2.0 0.0
использующих 0.0 1.699 0.0
© 0.0 0.0 0.0
данных 0.003 0.481 0.001
ema 0.001 1.523 0.002
корреляция 0.0 1.523 0.0
смертей 0.0 0.959 0.0
принята 0.0 1.523 0.0
достоверно 0.0 1.155 0.0
максимум 0.0 1.523 0.0
повышается 0.0 1.301 0.0
описано 0.001 1.398 0.001
система 0.001 0.77 0.001
последующий 0.0 2.0 0.0
средняя 0.0 1.523 0.0
небольшое 0.0 1.097 0.0
использовался 0.0 1.523 0.0
повышения 0.0 1.699 0.0
настоящей 0.0 1.301 0.0
сильно 0.001 0.509 0.001
клинические 0.001 1.097 0.001
vaccination 0.0 2.0 0.0
различия 0.0 1.398 0.0
помощь 0.001 0.097 0.0
свидетельствует 0.0 1.699 0.0
встречались 0.0 1.398 0.0
текст 0.0 0.886 0.0
около 0.0 0.432 0.0
побочкам 0.0 2.0 0.0
клиническом 0.0 1.222 0.0
тромбозов 0.001 1.398 0.001
статью 0.001 1.155 0.001
самое 0.001 0.638 0.001
большая 0.0 0.77 0.0
аргентинского 0.001 1.699 0.002
простой 0.0 1.097 0.0
побочная 0.001 2.0 0.002
буэнос-айресе 0.0 1.699 0.0
стандарту 0.0 2.0 0.0
системными 0.0 2.0 0.0
т 0.001 1.222 0.001
имеют 0.0 0.678 0.0
исследованию 0.0 1.097 0.0
отчеты 0.0 1.523 0.0
те 0.0 0.357 0.0
оно 0.0 0.444 0.0
редким 0.002 1.699 0.003
дениса 0.001 1.523 0.002
признало 0.001 2.0 0.002
происходит 0.0 0.387 0.0
пожалуй 0.0 1.523 0.0
болит 0.0 1.398 0.0
директора 0.0 1.097 0.0
тысяче 0.0 1.301 0.0
женщины 0.0 1.046 0.0
локальные 0.0 1.699 0.0
сравнение 0.001 1.398 0.001
фельдман 0.0 1.523 0.0
журнале 0.001 0.921 0.001
отдельный 0.0 1.222 0.0
любая 0.0 1.222 0.0
разработчики 0.0 1.0 0.0
частота 0.002 1.301 0.003
связанные 0.001 1.046 0.001
продолжить 0.001 1.222 0.001
друг 0.0 0.699 0.0
однозначного 0.0 2.0 0.0
шансов 0.0 1.398 0.0
беззащитен 0.0 2.0 0.0
повышенная 0.001 1.155 0.001
прямое 0.0 1.699 0.0
вакцинированысейчас 0.0 1.699 0.0
показывать 0.0 0.066 0.0
частотой 0.001 1.699 0.002
twitter 0.0 0.0 0.0
будущее 0.0 1.155 0.0
достаточную 0.0 1.523 0.0
означает 0.001 0.62 0.001
ошибок 0.0 1.398 0.0
платформы 0.001 0.066 0.0
зато 0.0 0.886 0.0
работали 0.0 1.046 0.0
иную 0.0 1.523 0.0
понять 0.0 0.721 0.0
rotashield 0.0 1.699 0.0
оценки 0.0 1.155 0.0
которые 0.005 0.119 0.001
вовсе 0.001 0.921 0.001
ранее 0.0 0.62 0.0
meduza 0.001 0.0 0.0
т. 0.001 0.921 0.001
международной 0.0 1.046 0.0
призвало 0.001 2.0 0.002
организма 0.0 0.921 0.0
плацебо 0.002 0.959 0.002
обнаруженных 0.0 1.699 0.0
размножаться 0.0 1.222 0.0
позволяют 0.0 0.886 0.0
выявлено 0.0 1.523 0.0
иммунологии 0.0 1.699 0.0
результат 0.0 0.77 0.0
д 0.001 1.398 0.001
вакцинацию 0.0 0.824 0.0
из-за 0.001 0.229 0.0
долговременные 0.0 1.523 0.0
ждем 0.0 1.301 0.0
реакцию 0.001 1.155 0.001
исключена 0.0 2.0 0.0
редкими 0.0 2.0 0.0
значит 0.002 0.444 0.001
читать 0.0 0.854 0.0
свободного 0.0 1.398 0.0
organ 0.0 2.0 0.0
содержательных 0.0 2.0 0.0
гифки 0.0 0.066 0.0
людей 0.001 0.161 0.0
0,58 0.0 2.0 0.0
эмоционально 0.0 1.046 0.0
аргентинскому 0.0 2.0 0.0
головная 0.002 1.301 0.003
бывают 0.002 1.155 0.002
веществ 0.0 1.222 0.0
работах 0.0 1.398 0.0
служба 0.0 1.222 0.0
содержит 0.0 1.155 0.0
научная 0.0 1.301 0.0
правда 0.001 0.509 0.001
который 0.001 0.194 0.0
риск 0.0 0.538 0.0
анонимно 0.0 0.066 0.0
второй 0.002 0.42 0.001
зарубежных 0.0 1.155 0.0
ваша 0.001 0.102 0.0
вызывать 0.001 0.921 0.001
прививку 0.003 0.77 0.002
заместителя 0.0 1.523 0.0
сразу 0.001 0.553 0.001
куки 0.0 0.066 0.0
заболевание 0.0 0.854 0.0
вплоть 0.0 1.222 0.0
использование 0.001 0.066 0.0
классификации 0.0 1.523 0.0
длились 0.001 2.0 0.002
обстоит 0.0 1.699 0.0
изучены 0.0 1.301 0.0
вакцина 0.002 0.721 0.001
препаратом 0.0 1.097 0.0
года 0.001 0.167 0.0
en 0.0 0.066 0.0
проводить 0.0 0.824 0.0
явления 0.001 1.222 0.001
отвечать 0.0 1.301 0.0
внимания 0.0 1.0 0.0
кормящих 0.0 1.699 0.0
повышении 0.001 2.0 0.002
насколько 0.003 0.42 0.001
существенно 0.002 0.721 0.001
будут 0.0 0.301 0.0
человека 0.001 0.328 0.0
возраста 0.0 0.886 0.0
способны 0.0 1.301 0.0
осведомлены 0.0 2.0 0.0
реакциях 0.001 1.699 0.002
отнеслись 0.0 2.0 0.0
крайней 0.0 0.721 0.0
поиска 0.0 2.0 0.0
разделить 0.0 1.699 0.0
supposedly 0.0 2.0 0.0
раза 0.0 0.602 0.0
зафиксировано 0.002 1.301 0.003
которой 0.001 0.377 0.0
вообще 0.004 0.066 0.0
слаб 0.0 2.0 0.0
сообщений 0.0 1.398 0.0
вакцинированные 0.0 1.398 0.0
состояние 0.0 0.921 0.0
лишь 0.0 0.481 0.0
подходящая 0.0 1.699 0.0
понимать 0.0 0.886 0.0
описанной 0.0 2.0 0.0
подробный 0.0 1.301 0.0
берлина 0.0 1.301 0.0
яркостью 0.0 2.0 0.0
степени 0.0 0.721 0.0
способность 0.0 0.959 0.0
аллергии 0.0 1.222 0.0
0,33 0.0 2.0 0.0
методиках 0.0 2.0 0.0
месте 0.004 0.921 0.004
помочь 0.0 0.131 0.0
скорее 0.0 0.509 0.0
вмешательства 0.0 1.699 0.0
падает 0.0 1.222 0.0
следует 0.0 0.77 0.0
аргентины 0.001 1.046 0.001
принципиально 0.001 0.959 0.001
картину 0.0 1.0 0.0
составило 0.0 2.0 0.0
являются 0.0 1.155 0.0
приступы 0.0 2.0 0.0
отличить 0.0 1.222 0.0
паготто 0.0 2.0 0.0
приводятся 0.0 1.699 0.0
медикаментов 0.0 1.398 0.0
установлено 0.0 1.699 0.0
жизни 0.001 0.432 0.0
которое 0.0 0.337 0.0
частицы 0.0 1.301 0.0
новостиисторииразборшапитокоронавирусмагаз 0.0 0.066 0.0
тяжелая 0.0 1.398 0.0
обычно 0.0 0.523 0.0
карте 0.0 1.301 0.0
должны 0.0 0.432 0.0
сан-марино 0.003 1.301 0.004
тошноты 0.0 2.0 0.0
побочка 0.0 2.0 0.0
возможных 0.001 1.097 0.001
ограничений 0.0 0.824 0.0
собирают 0.0 1.222 0.0
контексте 0.0 1.222 0.0
которая 0.003 0.301 0.001
идущими 0.0 2.0 0.0
какие-либо 0.0 1.398 0.0
выводов 0.0 1.523 0.0
выполняющим 0.001 0.097 0.0
медицинские 0.001 0.796 0.001
возможно 0.002 0.398 0.001
медработников 0.0 2.0 0.0
ошибку 0.0 0.066 0.0
аргентинское 0.0 2.0 0.0
прививки 0.002 0.638 0.001
проблемы 0.0 0.62 0.0
спутника 0.007 0.796 0.006
антигена 0.0 2.0 0.0
регистрируются 0.0 1.699 0.0
деле 0.0 0.553 0.0
каждой 0.0 0.959 0.0
требует 0.0 0.824 0.0
стран 0.002 0.469 0.001
считать 0.0 0.854 0.0
идет 0.0 0.367 0.0
mild 0.0 2.0 0.0
зависеть 0.0 1.155 0.0
занудная 0.0 2.0 0.0
материал 0.0 0.086 0.0
большой 0.0 0.569 0.0
ломит 0.0 1.699 0.0
сделанное 0.001 1.699 0.002
ротавируса 0.0 1.523 0.0
защите 0.0 1.155 0.0
имеющихся 0.0 1.301 0.0
девять 0.0 1.301 0.0
исчезают 0.0 1.301 0.0
испытаний 0.002 0.921 0.002
смертельного 0.0 2.0 0.0
сообщают 0.0 1.398 0.0
отчет 0.001 1.301 0.001
примерно 0.0 0.585 0.0
второго 0.0 1.0 0.0
вирус 0.0 0.678 0.0
иметь 0.001 0.824 0.001
вариантами 0.0 1.046 0.0
дополнить 0.0 1.699 0.0
выше 0.001 0.509 0.001
организм 0.001 1.222 0.001
подобные 0.0 1.301 0.0
компонента 0.001 1.301 0.001
оснований 0.0 1.046 0.0
прочтите 0.0 1.699 0.0
известно 0.001 0.481 0.0
опубликуют 0.0 2.0 0.0
мрнк-вакцины 0.0 1.222 0.0
интересно 0.0 1.398 0.0
методами 0.0 1.398 0.0
терминами 0.0 2.0 0.0
meddra 0.0 2.0 0.0
привитых 0.0 0.824 0.0
безопасности 0.0 0.481 0.0
ломоте 0.0 2.0 0.0
течение 0.001 0.699 0.001
следовательно 0.0 1.155 0.0
жалуются 0.0 1.0 0.0
результатов 0.0 0.886 0.0
провалов 0.0 1.699 0.0
стране 0.001 0.523 0.001
предсказуемы 0.0 2.0 0.0
разной 0.0 1.097 0.0
способ 0.001 0.921 0.001
ближайшее 0.001 0.959 0.001
глазная 0.0 2.0 0.0
люди 0.002 0.276 0.001
разная 0.0 2.0 0.0
характеристики 0.0 1.699 0.0
проявляется 0.0 1.523 0.0
температура 0.002 1.0 0.002
использовать 0.0 0.585 0.0
обзор 0.0 1.222 0.0
часть 0.001 0.456 0.0
сопоставили 0.0 2.0 0.0
часто 0.003 0.456 0.001
образом 0.0 0.602 0.0
релевантный 0.0 2.0 0.0
инстаграм 0.0 0.066 0.0
ими 0.0 1.222 0.0
частоту 0.0 1.523 0.0
вопросы 0.0 0.481 0.0
прионных 0.0 2.0 0.0
i/ii 0.0 1.523 0.0
барре 0.001 2.0 0.002
частоты 0.0 1.222 0.0
прививке 0.0 1.699 0.0
результаты 0.001 0.62 0.001
рекомендуют 0.0 0.796 0.0
хотя 0.001 0.276 0.0
анализа 0.001 1.097 0.001
непредсказуемого 0.0 2.0 0.0
это 0.011 0.066 0.001
связь 0.001 0.721 0.001
вакцин 0.006 0.62 0.004
прививкой 0.0 1.301 0.0
совмещенной 0.0 1.699 0.0
вакцинаций 0.002 1.398 0.003
приятную 0.0 1.699 0.0
дело 0.0 0.509 0.0
исчерпывающий 0.0 1.301 0.0
сведения 0.0 1.155 0.0
работаем 0.0 0.161 0.0
двух 0.001 0.377 0.0
различие 0.0 1.398 0.0
грубую 0.0 1.699 0.0
аргентинские 0.0 1.523 0.0
участников 0.0 0.824 0.0
system 0.0 1.301 0.0
исследовании 0.001 0.824 0.001
котором 0.001 0.495 0.0
некоторые 0.001 0.469 0.0
очевидно 0.0 0.959 0.0
english 0.0 0.06 0.0
отменена 0.0 2.0 0.0
отметить 0.0 1.097 0.0
поддержка 0.0 0.167 0.0
такого 0.0 0.509 0.0
упомянуть 0.0 1.523 0.0
обратившихся 0.0 2.0 0.0
события 0.002 0.745 0.001
мере 0.0 0.569 0.0
годы 0.0 0.745 0.0
результатам 0.0 1.0 0.0
евгений 0.0 1.222 0.0
имеет 0.001 0.602 0.001
соответственно 0.0 0.921 0.0
важно 0.002 0.509 0.001
широко 0.0 1.097 0.0
iii 0.003 1.222 0.004
боли 0.001 1.0 0.001
европейское 0.001 1.699 0.002
опасным 0.0 1.301 0.0
отчете 0.0 1.699 0.0
исключить 0.0 1.222 0.0
самих 0.0 0.921 0.0
поскольку 0.001 0.678 0.001
выражение 0.0 1.523 0.0
facebook 0.0 0.0 0.0
таком 0.001 0.921 0.001
менее 0.002 0.432 0.001
обнаружения 0.0 1.398 0.0
ткань 0.0 1.398 0.0
вроде 0.001 0.658 0.001
хильда 0.0 2.0 0.0
пойти 0.001 1.097 0.001
миллиона 0.0 0.77 0.0
последствия 0.001 0.796 0.001
пример 0.001 0.824 0.001
представить 0.0 0.959 0.0
телеграм-чате 0.0 2.0 0.0
связано 0.001 0.854 0.001
применении 0.0 1.046 0.0
esavi 0.0 2.0 0.0
натуральная 0.0 2.0 0.0
разбираемся 0.001 1.301 0.001
исследования 0.004 0.481 0.002
персональные 0.0 0.066 0.0
такое 0.0 0.347 0.0
голова 0.0 1.398 0.0
зафиксировать 0.0 1.301 0.0
немного 0.001 0.77 0.001
прошли 0.0 0.796 0.0
угрожают 0.001 1.398 0.001
ванины 0.0 2.0 0.0
иммунной 0.0 0.959 0.0
.pdf 0.001 1.398 0.001
добровольцам 0.0 1.523 0.0
которых 0.004 0.237 0.001
невозможно 0.001 0.602 0.001
процента 0.0 1.699 0.0
однако 0.002 0.337 0.001
методикам 0.001 1.699 0.002
начала 0.001 0.398 0.0
сообщение 0.0 0.102 0.0
сделать 0.002 0.357 0.001
