экспертов 0.001 1.097 0.001
призывают 0.001 1.699 0.002
ковидными 0.001 2.0 0.002
первой 0.001 0.678 0.001
заболели 0.001 1.0 0.001
редакции 0.001 0.066 0.0
эпидемиологических 0.001 1.301 0.001
традиционно 0.001 2.0 0.002
цепочки 0.001 1.222 0.001
баннерам 0.001 0.066 0.0
страна 0.001 0.796 0.001
находился 0.001 1.222 0.001
значит 0.001 0.444 0.0
контуре 0.001 2.0 0.002
россии 0.001 0.119 0.0
times 0.001 0.699 0.001
сиэтле 0.001 2.0 0.002
мониторингом 0.001 2.0 0.002
применяющих 0.001 2.0 0.002
действительно 0.001 0.377 0.0
важности 0.001 1.398 0.001
сторонники 0.001 1.222 0.001
недопустимости 0.001 1.699 0.002
гулять 0.001 2.0 0.002
эпидемиолога 0.001 1.699 0.002
гифки 0.001 0.066 0.0
инфекции 0.001 0.77 0.001
агента 0.001 0.097 0.0
валерий 0.001 1.301 0.001
людей 0.001 0.161 0.0
швейцарской 0.001 1.699 0.002
пузыря 0.001 2.0 0.002
пять 0.001 0.509 0.001
воздерживаться 0.001 2.0 0.002
заражений 0.002 1.097 0.002
омикрона 0.003 0.921 0.003
района 0.001 1.155 0.001
biomed 0.001 2.0 0.002
sinopharm 0.003 1.398 0.004
визу 0.001 2.0 0.002
заявив 0.001 2.0 0.002
in 0.001 0.0 0.0
обеспечивает 0.001 1.097 0.001
крайне 0.001 0.721 0.001
пекине 0.001 1.699 0.002
называемой 0.001 1.398 0.001
протяжении 0.001 1.398 0.001
регионов 0.001 0.921 0.001
шанхайская 0.001 2.0 0.002
возникновения 0.001 1.046 0.001
производства 0.001 0.77 0.001
китайской 0.002 1.155 0.002
границей 0.001 1.523 0.002
включая 0.001 0.959 0.001
сделана 0.001 1.097 0.001
судя 0.001 0.721 0.001
эксперты 0.001 0.959 0.001
способна 0.001 1.398 0.001
оказываются 0.001 1.301 0.001
участники 0.002 0.921 0.002
присутствующих 0.001 2.0 0.002
локдаун 0.001 1.398 0.001
эффективности 0.001 0.678 0.001
системы 0.001 0.585 0.001
свежем 0.001 1.699 0.002
разработкой 0.001 1.523 0.002
приведет 0.001 1.097 0.001
территории 0.001 0.796 0.001
таких 0.001 0.347 0.0
олимпийского 0.001 2.0 0.002
зимняя 0.001 2.0 0.002
месяцы 0.001 1.155 0.001
плохая 0.001 1.523 0.002
отличие 0.001 0.886 0.001
похожи 0.001 1.097 0.001
отменяют 0.001 2.0 0.002
правда 0.001 0.509 0.001
делась 0.001 2.0 0.002
который 0.001 0.194 0.0
ввели 0.001 1.0 0.001
переболевших 0.001 0.886 0.001
риск 0.001 0.538 0.001
анонимно 0.001 0.066 0.0
потенциально 0.001 1.046 0.001
второй 0.001 0.42 0.0
загрузить 0.001 2.0 0.002
внешнего 0.001 1.699 0.002
заболевших 0.002 0.824 0.002
reuters 0.001 0.745 0.001
китае 0.006 1.222 0.007
визы 0.001 2.0 0.002
новость 0.001 1.155 0.001
ваша 0.001 0.102 0.0
чаще 0.001 0.602 0.001
оценке 0.001 1.222 0.001
очереди 0.001 1.046 0.001
постоянного 0.001 1.699 0.002
распространение 0.001 0.854 0.001
заразились 0.001 1.523 0.002
попытки 0.001 1.222 0.001
находится 0.001 0.678 0.001
цифрами 0.001 1.699 0.002
рафаэля 0.001 1.699 0.002
вакцинированных 0.001 0.678 0.001
интервью 0.001 0.745 0.001
вышло 0.001 1.155 0.001
производстве 0.001 1.222 0.001
высокой 0.001 0.959 0.001
вирусолог 0.001 1.699 0.002
справиться 0.001 1.222 0.001
высоким 0.001 1.046 0.001
появления 0.001 0.854 0.001
заболевания 0.001 0.62 0.001
сотрудничестве 0.001 1.222 0.001
дорого 0.001 1.523 0.002
прибывающих 0.001 1.699 0.002
читателейнам 0.001 0.174 0.0
сразу 0.001 0.553 0.001
куки 0.001 0.066 0.0
минимальные 0.001 1.699 0.002
подавляются 0.001 2.0 0.002
реальных 0.001 1.222 0.001
въезжает 0.001 2.0 0.002
страны 0.004 0.444 0.002
спецификой 0.001 2.0 0.002
общественных 0.001 1.222 0.001
нескольким 0.001 1.523 0.002
отказался 0.001 1.155 0.001
использование 0.001 0.066 0.0
площадок 0.001 1.222 0.001
подчинения 0.001 2.0 0.002
две 0.001 0.553 0.001
небольшом 0.001 1.155 0.001
вакцина 0.002 0.721 0.001
отеле 0.001 1.699 0.002
появились 0.001 0.854 0.001
аэропорту 0.001 1.699 0.002
кажется 0.001 0.469 0.0
порядку 0.001 0.066 0.0
коем 0.001 1.699 0.002
карточек 0.001 0.62 0.001
которую 0.001 0.469 0.0
локдауне 0.001 1.523 0.002
октябре 0.001 1.222 0.001
игры 0.001 1.222 0.001
weekly 0.001 2.0 0.002
препаратом 0.001 1.097 0.001
ученые 0.001 0.678 0.001
года 0.005 0.167 0.001
достиг 0.001 1.699 0.002
полосам 0.001 2.0 0.002
остановить 0.002 0.638 0.001
пассажирских 0.001 2.0 0.002
en 0.001 0.066 0.0
эффективностью 0.001 0.921 0.001
ученых 0.001 1.046 0.001
sinovac 0.003 1.523 0.005
чжан 0.001 2.0 0.002
заполняемость 0.001 1.523 0.002
кнр 0.001 1.398 0.001
вызванной 0.001 2.0 0.002
раскрыли 0.001 1.398 0.001
хуже 0.001 0.699 0.001
пересекаются 0.001 1.523 0.002
одобрении 0.001 1.699 0.002
виды 0.001 1.699 0.002
qr-код 0.001 1.699 0.002
прежнему 0.001 2.0 0.002
прилете 0.001 2.0 0.002
сборной 0.001 2.0 0.002
играми 0.001 2.0 0.002
медицинской 0.001 0.921 0.001
здоровье 0.001 1.155 0.001
рядовыми 0.001 2.0 0.002
жилых 0.001 1.155 0.001
my2022 0.001 2.0 0.002
самый 0.001 0.721 0.001
предлагает 0.001 0.959 0.001
дней 0.001 0.337 0.0
вакцине 0.001 0.886 0.001
распространено 0.001 0.102 0.0
деревень 0.001 2.0 0.002
ветер 0.001 2.0 0.002
ios 0.001 0.066 0.0
специальных 0.001 1.301 0.001
тотальным 0.001 2.0 0.002
рубежом 0.001 1.222 0.001
занимаются 0.001 1.301 0.001
китайского 0.002 1.398 0.003
комплексов 0.001 2.0 0.002
заразности 0.001 1.523 0.002
закрывать 0.001 2.0 0.002
омикрону 0.001 1.699 0.002
олимпиада-паранойяв 0.001 2.0 0.002
российской 0.001 0.432 0.0
заявляют 0.001 2.0 0.002
систему 0.001 1.222 0.001
спортсмены 0.001 1.699 0.002
гао 0.001 2.0 0.002
lopez 0.001 2.0 0.002
вне 0.001 0.886 0.001
класса 0.001 1.523 0.002
меркам 0.001 1.301 0.001
несколько 0.002 0.201 0.0
c 0.001 1.046 0.001
открывают 0.001 1.301 0.001
локдауна 0.001 1.699 0.002
прямо 0.001 0.357 0.0
достаточной 0.001 1.523 0.002
разрешал 0.001 2.0 0.002
вируса 0.002 0.721 0.001
активным 0.001 1.398 0.001
группах 0.001 1.0 0.001
свежий 0.001 2.0 0.002
опубликовал 0.001 1.222 0.001
большое 0.001 0.854 0.001
поставку 0.001 1.523 0.002
выявлен 0.001 2.0 0.002
защиты 0.001 0.824 0.001
справлялся 0.001 1.699 0.002
побега 0.001 2.0 0.002
крайней 0.001 0.721 0.001
вашингтонского 0.001 2.0 0.002
основном 0.001 0.553 0.001
одному 0.001 0.921 0.001
подтвердить 0.001 1.097 0.001
гостей 0.001 1.523 0.002
могут 0.001 0.187 0.0
china 0.001 1.523 0.002
development 0.001 1.301 0.001
намерены 0.001 1.699 0.002
положительными 0.001 2.0 0.002
день 0.002 0.328 0.001
любом 0.001 0.854 0.001
социальных 0.001 1.155 0.001
фуданьского 0.001 2.0 0.002
медузы 0.001 0.268 0.0
полностью 0.003 0.538 0.002
олимпиада 0.001 2.0 0.002
шарифуллин 0.001 2.0 0.002
сообщала 0.001 1.398 0.001
уровни 0.001 2.0 0.002
миграцию 0.001 1.699 0.002
просят 0.001 1.523 0.002
этих 0.001 0.337 0.0
домов 0.001 1.301 0.001
выявили 0.001 1.699 0.002
коронавируса 0.002 0.509 0.001
знакомство 0.001 2.0 0.002
нулю 0.001 1.699 0.002
пока 0.002 0.208 0.0
долго 0.001 0.745 0.001
перемещения 0.001 1.699 0.002
трех 0.001 0.638 0.001
заболеваемость 0.002 1.046 0.002
показывает 0.001 0.854 0.001
одно 0.001 0.699 0.001
странам 0.001 1.301 0.001
профилактике 0.001 1.046 0.001
фармкомпании 0.001 1.523 0.002
которой 0.001 0.377 0.0
плохие 0.001 1.699 0.002
полный 0.001 0.77 0.001
иностранцев 0.001 1.699 0.002
фиксировалось 0.001 2.0 0.002
сих 0.001 0.481 0.0
j 0.001 1.699 0.002
границах 0.001 1.699 0.002
китайским 0.001 1.301 0.001
вообще 0.001 0.066 0.0
домом 0.001 1.523 0.002
оказались 0.001 0.886 0.001
первую 0.001 0.638 0.001
pfizer/biontech 0.001 1.046 0.001
подходящий 0.001 1.699 0.002
лишь 0.002 0.481 0.001
периметра 0.001 2.0 0.002
привело 0.001 1.398 0.001
нового 0.001 0.638 0.001
концепцию 0.001 1.699 0.002
дегтярев 0.001 2.0 0.002
начале 0.002 0.602 0.001
xinhua 0.001 1.398 0.001
прессе 0.001 1.398 0.001
носителей 0.001 2.0 0.002
оценивали 0.001 2.0 0.002
истории 0.001 0.337 0.0
тринадцати 0.001 2.0 0.002
университета 0.002 0.959 0.002
отличается 0.001 0.886 0.001
момент 0.001 0.481 0.0
посреди 0.001 1.398 0.001
эпидемии 0.001 1.097 0.001
долгий 0.001 1.222 0.001
билеты 0.001 1.398 0.001
слишком 0.001 0.553 0.001
пекина 0.001 1.699 0.002
школы 0.001 0.886 0.001
фиксировали 0.001 2.0 0.002
qr-кодами 0.001 1.699 0.002
живущего 0.001 1.699 0.002
пандемия 0.001 1.097 0.001
политики 0.001 0.854 0.001
маршруте 0.001 2.0 0.002
регулятором 0.001 1.523 0.002
коронавирусов 0.001 1.523 0.002
зрителей 0.001 1.523 0.002
городе 0.003 0.678 0.002
вирусом 0.001 0.921 0.001
миллионов 0.001 0.638 0.001
временем 0.001 0.921 0.001
иммунитета 0.001 0.886 0.001
последовательно 0.001 1.398 0.001
период 0.001 0.796 0.001
нашли 0.001 0.066 0.0
связи 0.001 0.0 0.0
сформировались 0.001 2.0 0.002
понятнее 0.001 1.155 0.001
комплексные 0.001 2.0 0.002
одного 0.001 0.432 0.0
медуза 0.002 0.066 0.0
тяньцзинь 0.001 2.0 0.002
республики 0.001 1.301 0.001
цзунью 0.001 2.0 0.002
дельты 0.001 1.097 0.001
месяцев 0.001 0.602 0.001
спецтранспорта 0.001 2.0 0.002
нам 0.001 0.086 0.0
хорошую 0.001 1.699 0.002
согласно 0.001 0.745 0.001
помочь 0.001 0.131 0.0
ясно 0.001 0.886 0.001
соревнования 0.001 2.0 0.002
бессимптомных 0.001 2.0 0.002
последние 0.002 0.456 0.001
закрывают 0.001 1.523 0.002
благодаря 0.001 0.77 0.001
тестируют 0.001 1.699 0.002
pharma 0.001 1.699 0.002
рубежа 0.001 1.699 0.002
властей 0.001 0.824 0.001
периодом 0.001 2.0 0.002
направлены 0.001 1.222 0.001
охвачено 0.001 2.0 0.002
зависимости 0.001 0.796 0.001
стало 0.001 0.481 0.0
рекомендовали 0.001 2.0 0.002
зафиксированы 0.001 1.523 0.002
действовало 0.001 2.0 0.002
юридическим 0.001 0.102 0.0
город 0.001 0.699 0.001
максимально 0.001 0.721 0.001
обходится 0.001 2.0 0.002
инфекция 0.001 1.0 0.001
контролю 0.001 1.046 0.001
тест 0.001 1.222 0.001
проживания 0.001 1.699 0.002
местах 0.001 1.222 0.001
материалам 0.001 0.066 0.0
пузырь 0.001 2.0 0.002
уровнем 0.001 1.046 0.001
срочно 0.001 0.167 0.0
отрезана 0.001 2.0 0.002
число 0.002 0.658 0.001
речь 0.001 0.432 0.0
трибунах 0.001 2.0 0.002
другим 0.001 0.62 0.001
случаям 0.001 1.523 0.002
смогли 0.001 0.921 0.001
пекин 0.002 1.301 0.003
случае 0.005 0.357 0.002
ограничения 0.001 0.745 0.001
разрешали 0.001 2.0 0.002
разработка 0.001 1.523 0.002
растущей 0.001 2.0 0.002
развития 0.001 0.886 0.001
эффективных 0.001 1.523 0.002
китайские 0.004 1.301 0.005
надежные 0.001 1.046 0.001
пцр-тесты 0.001 2.0 0.002
данный 0.001 0.824 0.001
новую 0.001 0.921 0.001
ведущий 0.001 1.301 0.001
весне 0.001 2.0 0.002
air 0.001 1.046 0.001
ковиду 0.001 2.0 0.002
вэньхун 0.001 2.0 0.002
иностранным 0.001 0.097 0.0
пике 0.001 1.398 0.001
совпал 0.001 2.0 0.002
создали 0.001 1.398 0.001
вечерняя 0.001 0.066 0.0
нужно 0.001 0.237 0.0
повезло 0.001 0.921 0.001
случаи 0.001 0.721 0.001
главный 0.001 0.638 0.001
начинается 0.001 1.301 0.001
возможны 0.001 1.523 0.002
например 0.001 0.229 0.0
вариантом 0.001 0.921 0.001
момента 0.001 0.886 0.001
ffp2 0.001 2.0 0.002
началась 0.001 0.678 0.001
широкую 0.001 2.0 0.002
2021-го 0.001 1.155 0.001
необходимости 0.002 0.854 0.002
своих 0.001 0.398 0.0
сиань 0.001 2.0 0.002
течения 0.001 0.921 0.001
коронавирусом 0.001 0.699 0.001
zuma 0.001 1.398 0.001
обсуждают 0.001 1.699 0.002
личном 0.001 1.699 0.002
контактируют 0.001 1.699 0.002
миром 0.001 1.523 0.002
положительного 0.001 1.301 0.001
страной 0.001 0.959 0.001
сертификат 0.001 1.155 0.001
полуторамиллиардной 0.001 2.0 0.002
ctrl+enter 0.001 0.066 0.0
февраля 0.002 0.387 0.001
безопасно 0.001 0.066 0.0
общественного 0.001 1.155 0.001
новостиисторииразборшапитокоронавирусмагаз 0.001 0.066 0.0
приложением 0.001 2.0 0.002
путешествуют 0.001 2.0 0.002
иностранные 0.001 1.155 0.001
сантьяго 0.001 2.0 0.002
оправданными 0.001 2.0 0.002
жителями 0.001 1.699 0.002
рукой 0.001 1.699 0.002
сотрудников 0.001 1.0 0.001
успешно 0.001 1.097 0.001
youtube 0.001 0.06 0.0
всей 0.001 0.699 0.001
должны 0.001 0.432 0.0
китая 0.003 1.155 0.003
вариант 0.001 0.796 0.001
продаже 0.001 1.222 0.001
поездок 0.001 1.398 0.001
создано 0.001 0.097 0.0
происходят 0.001 1.398 0.001
ограничений 0.001 0.824 0.001
интенсивно 0.001 1.523 0.002
пневмонии 0.001 1.398 0.001
здравоохранения 0.001 0.658 0.001
семьи 0.001 1.046 0.001
эксперт 0.001 1.699 0.002
возможных 0.001 1.097 0.001
мира 0.001 0.824 0.001
группы 0.001 0.62 0.001
путешествий 0.001 1.523 0.002
решением 0.001 1.523 0.002
стартовала 0.001 1.699 0.002
поддержите 0.001 0.102 0.0
избежать 0.001 1.046 0.001
поддержка 0.001 0.167 0.0
столицы 0.001 1.222 0.001
настоятельно 0.001 1.699 0.002
разработано 0.001 1.699 0.002
инактивированных 0.001 1.699 0.002
населения 0.002 0.658 0.001
циндао 0.001 2.0 0.002
организаторы 0.001 1.523 0.002
защиту 0.002 1.097 0.002
обеспечить 0.001 1.097 0.001
выкрики 0.001 2.0 0.002
граждане 0.001 1.222 0.001
раундов 0.001 2.0 0.002
антител 0.001 0.854 0.001
друга 0.001 0.854 0.001
поездками 0.001 2.0 0.002
олимпийский 0.001 1.699 0.002
токио 0.001 2.0 0.002
контактировать 0.001 1.699 0.002
поэтому 0.001 0.328 0.0
средством 0.001 0.102 0.0
выезд 0.001 1.523 0.002
многие 0.001 0.284 0.0
выполняющим 0.001 0.097 0.0
внутри 0.002 0.745 0.001
четыре 0.001 0.569 0.001
возможность 0.002 0.569 0.001
выявляют 0.001 2.0 0.002
году 0.002 0.367 0.001
омикроне 0.001 1.523 0.002
атипичной 0.001 1.699 0.002
ошибку 0.001 0.066 0.0
штаммов 0.001 1.097 0.001
первых 0.001 0.959 0.001
сумел 0.001 1.523 0.002
трибуны 0.001 2.0 0.002
минтранса 0.001 2.0 0.002
обычной 0.001 1.097 0.001
лет 0.001 0.252 0.0
приводит 0.001 0.824 0.001
распространения 0.001 0.678 0.001
немецкой 0.001 1.301 0.001
опасность 0.001 1.046 0.001
впервые 0.001 0.824 0.001
зеленый 0.001 1.398 0.001
говорят 0.001 0.432 0.0
популярны 0.001 1.699 0.002
опыту 0.001 1.699 0.002
правило 0.001 1.097 0.001
исследователи 0.001 1.046 0.001
нарушают 0.001 1.523 0.002
прививки 0.002 0.638 0.001
локдауны 0.001 1.699 0.002
компании 0.003 0.523 0.002
район 0.001 1.301 0.001
проблемы 0.001 0.62 0.001
месяц 0.001 0.745 0.001
позволяли 0.001 1.699 0.002
вопрос 0.001 0.42 0.0
проблем 0.001 0.796 0.001
принятые 0.001 2.0 0.002
границ 0.001 1.523 0.002
социализма 0.001 1.523 0.002
фактически 0.001 0.721 0.001
указывают 0.002 1.097 0.002
спутника 0.001 0.796 0.001
препаратов 0.001 1.0 0.001
своей 0.001 0.42 0.0
наиболее 0.001 0.745 0.001
ограничена 0.001 1.699 0.002
выходить 0.001 1.046 0.001
подавлением 0.001 1.699 0.002
приложение 0.001 1.301 0.001
продуктов 0.001 1.097 0.001
синьхуа 0.001 2.0 0.002
пассажирами 0.001 2.0 0.002
заболевший 0.001 1.398 0.001
двум 0.001 1.523 0.002
данные 0.001 0.066 0.0
fosun 0.001 2.0 0.002
усложнило 0.001 2.0 0.002
полета 0.001 1.523 0.002
олимпийском 0.001 2.0 0.002
волонтеров 0.001 1.222 0.001
ковиваком 0.001 1.398 0.001
стать 0.001 0.699 0.001
специально 0.001 0.959 0.001
дню 0.001 1.699 0.002
спортсменов 0.001 1.523 0.002
мире 0.001 0.553 0.001
отслеживают 0.001 2.0 0.002
относятся 0.001 1.155 0.001
вьетнамской 0.001 2.0 0.002
отведенных 0.001 2.0 0.002
сетях 0.001 1.523 0.002
покидать 0.001 1.398 0.001
сдержать 0.001 1.699 0.002
авиакомпании 0.001 2.0 0.002
данным 0.003 0.444 0.001
рейс 0.001 2.0 0.002
нажмите 0.001 0.066 0.0
трапа 0.001 2.0 0.002
рассадка 0.001 2.0 0.002
ковидных 0.001 1.699 0.002
случаев 0.001 0.658 0.001
стран 0.002 0.469 0.001
население 0.001 0.959 0.001
официально 0.001 0.959 0.001
считать 0.001 0.854 0.001
пришлось 0.001 0.959 0.001
нулевой 0.003 1.523 0.005
помещают 0.001 2.0 0.002
инактивированной 0.001 1.699 0.002
nature 0.001 1.523 0.002
делается 0.001 1.301 0.001
китайская 0.001 1.523 0.002
идет 0.001 0.367 0.0
числе 0.001 0.31 0.0
других 0.001 0.26 0.0
исключающем 0.001 2.0 0.002
новых 0.002 0.678 0.001
въезд 0.002 1.398 0.003
иностранного 0.001 0.102 0.0
отслеживания 0.001 1.699 0.002
александр 0.001 0.538 0.001
человек 0.004 0.215 0.001
признанием 0.001 1.699 0.002
материал 0.001 0.086 0.0
эпидемию 0.001 1.523 0.002
здоровья 0.001 0.959 0.001
препараты 0.001 0.824 0.001
вакцинированныхповлияет 0.001 1.699 0.002
мер 0.001 1.046 0.001
навещая 0.001 2.0 0.002
испытуемых 0.001 1.523 0.002
цян 0.001 2.0 0.002
yuwei 0.001 2.0 0.002
соревнований 0.001 2.0 0.002
применяемые 0.001 1.699 0.002
превышает 0.001 1.398 0.001
европейских 0.001 1.046 0.001
великая 0.001 2.0 0.002
сообщалось 0.001 1.155 0.001
домах 0.001 1.301 0.001
humabs 0.001 2.0 0.002
зарубежные 0.001 1.155 0.001
масштабе 0.001 1.699 0.002
национальных 0.001 2.0 0.002
– 0.001 0.06 0.0
росту 0.001 1.699 0.002
весны 0.001 1.301 0.001
жителей 0.003 0.569 0.002
время 0.003 0.102 0.0
ковида 0.001 0.444 0.0
leta 0.002 0.301 0.001
вспышки 0.001 1.155 0.001
результате 0.001 0.62 0.001
специальное 0.001 1.398 0.001
нами 0.001 0.066 0.0
аварий 0.001 2.0 0.002
инактиврованной 0.001 2.0 0.002
зарубежными 0.001 1.398 0.001
sars-1 0.001 1.699 0.002
хотят 0.001 0.745 0.001
нейтрализующие 0.001 1.523 0.002
отдельных 0.001 1.046 0.001
китай 0.007 1.046 0.007
полную 0.001 1.046 0.001
предел 0.001 2.0 0.002
экономике 0.001 1.301 0.001
отчет 0.001 1.301 0.001
связанным 0.001 2.0 0.002
тяжело 0.001 0.796 0.001
реализации 0.001 1.301 0.001
центра 0.001 0.77 0.001
модели 0.001 1.0 0.001
менять 0.001 1.301 0.001
обитателями 0.001 2.0 0.002
ограничениями 0.001 1.699 0.002
парируют 0.001 2.0 0.002
клеточном 0.001 1.301 0.001
рекламаmeduza 0.001 0.066 0.0
остального 0.001 1.301 0.001
теста 0.001 1.301 0.001
дистанцирование 0.001 2.0 0.002
контакты 0.002 1.0 0.002
мест 0.001 1.398 0.001
вернуться 0.001 0.921 0.001
миллиарда 0.001 1.155 0.001
лицом 0.001 0.102 0.0
подразумевал 0.001 2.0 0.002
цен 0.001 1.699 0.002
выше 0.001 0.509 0.001
функции 0.001 0.097 0.0
призывали 0.001 2.0 0.002
массовая 0.001 1.155 0.001
тысяч 0.002 0.337 0.001
технологии 0.001 1.155 0.001
миллионам 0.001 2.0 0.002
неделю 0.001 0.721 0.001
инвестировать 0.001 1.699 0.002
ворота 0.001 2.0 0.002
условия 0.001 1.155 0.001
положительный 0.001 1.523 0.002
нейтрализующих 0.001 1.523 0.002
спортивных 0.001 1.523 0.002
используются 0.001 0.921 0.001
дозой 0.001 1.523 0.002
zhang 0.001 2.0 0.002
среди 0.001 0.42 0.0
отказа 0.001 1.097 0.001
запретили 0.001 1.097 0.001
пекинскому 0.001 2.0 0.002
внутрь 0.001 1.523 0.002
организаторов 0.001 1.398 0.001
удерживать 0.001 1.699 0.002
ковивак 0.001 1.155 0.001
касается 0.001 0.602 0.001
биатлону 0.001 2.0 0.002
транспорта 0.001 1.398 0.001
мрнк-вакцины 0.001 1.222 0.001
рядом 0.001 0.854 0.001
выступил 0.001 1.0 0.001
заболеваниям 0.001 1.523 0.002
олимпиады 0.001 1.699 0.002
широкой 0.001 1.398 0.001
обнаруженным 0.001 2.0 0.002
пропуском 0.001 2.0 0.002
терпимость 0.001 2.0 0.002
омикрон 0.003 1.046 0.003
назад 0.001 0.18 0.0
снова 0.001 0.678 0.001
спортобъектами 0.001 2.0 0.002
позицию 0.001 1.222 0.001
безопасности 0.001 0.481 0.0
очередная 0.001 1.398 0.001
месячного 0.001 2.0 0.002
целый 0.001 1.0 0.001
течение 0.001 0.699 0.001
мягкий 0.001 2.0 0.002
перейти 0.001 0.066 0.0
внешним 0.001 1.699 0.002
израиле 0.001 1.301 0.001
этапе 0.001 1.222 0.001
поддержать 0.001 0.066 0.0
источник 0.001 0.174 0.0
неизбежно 0.001 1.398 0.001
больших 0.001 1.097 0.001
вспышка 0.001 1.301 0.001
жалуются 0.001 1.0 0.001
применяются 0.001 1.301 0.001
провели 0.001 1.222 0.001
компаний 0.001 0.959 0.001
иностранцам 0.001 2.0 0.002
стране 0.004 0.523 0.002
обороны 0.001 1.046 0.001
отдельную 0.001 1.699 0.002
ответа 0.001 0.886 0.001
обслуживающих 0.001 2.0 0.002
запрет 0.001 1.155 0.001
кодекс 0.001 0.066 0.0
проходить 0.001 1.155 0.001
выстроил 0.001 1.699 0.002
moderna 0.001 1.0 0.001
кому 0.001 0.824 0.001
рост 0.001 1.046 0.001
также 0.002 0.237 0.0
мегаполиса 0.001 2.0 0.002
уровня 0.002 0.959 0.002
ковид 0.001 0.796 0.001
хочу 0.001 0.137 0.0
привито 0.001 1.523 0.002
масок 0.001 1.097 0.001
серьезно 0.001 1.301 0.001
доступных 0.001 1.699 0.002
выход 0.001 1.097 0.001
приходится 0.001 0.886 0.001
политику 0.001 1.046 0.001
тасс 0.001 0.699 0.001
кампанию 0.001 1.222 0.001
обязаны 0.001 1.398 0.001
мягче 0.001 1.301 0.001
волонтеры 0.001 1.398 0.001
ряд 0.001 1.046 0.001
данное 0.001 0.097 0.0
последствиях 0.001 0.921 0.001
очередь 0.001 0.62 0.001
свежим 0.001 2.0 0.002
местная 0.001 1.699 0.002
игрой 0.001 2.0 0.002
респираторах 0.001 2.0 0.002
езды 0.001 1.699 0.002
респираторе 0.001 2.0 0.002
аэропортах 0.001 1.699 0.002
открылся 0.001 2.0 0.002
прошедших 0.001 1.699 0.002
социальное 0.001 2.0 0.002
фармкомпаниям 0.001 2.0 0.002
уменьшенная 0.001 2.0 0.002
носить 0.001 1.097 0.001
сегодняшнему 0.001 2.0 0.002
предметов 0.001 2.0 0.002
предварительной 0.001 2.0 0.002
продовольствием 0.001 2.0 0.002
потенциальные 0.001 2.0 0.002
зрители 0.002 1.398 0.003
авиабилеты 0.001 2.0 0.002
общества 0.001 0.824 0.001
заражения 0.002 0.796 0.002
воз 0.001 0.796 0.001
слова 0.001 0.678 0.001
антителами 0.001 1.398 0.001
остановили 0.001 1.301 0.001
рекордные 0.001 1.699 0.002
последних 0.001 1.0 0.001
вспышкой 0.001 1.699 0.002
пор 0.001 0.387 0.0
eloisa 0.001 2.0 0.002
низком 0.001 2.0 0.002
правила 0.001 0.066 0.0
нейтрализуется 0.001 1.699 0.002
байсэ 0.001 2.0 0.002
антитела 0.001 0.959 0.001
громкие 0.001 2.0 0.002
контур 0.001 2.0 0.002
входящий 0.001 2.0 0.002
вакцинации 0.002 0.553 0.001
резко 0.001 0.854 0.001
рейсов 0.001 2.0 0.002
завоза 0.001 1.523 0.002
протестировали 0.001 2.0 0.002
локальным 0.001 2.0 0.002
находиться 0.001 1.301 0.001
мегаполис 0.001 2.0 0.002
совместного 0.001 1.699 0.002
вконтакте 0.001 0.066 0.0
плазме 0.001 2.0 0.002
прибывших 0.001 2.0 0.002
карантинов 0.001 2.0 0.002
препарата 0.001 0.886 0.001
опираться 0.001 1.398 0.001
убеждается 0.001 2.0 0.002
попадание 0.001 1.398 0.001
live 0.001 0.022 0.0
вырасти 0.001 2.0 0.002
решили 0.001 0.658 0.001
жители 0.001 0.745 0.001
позволит 0.001 1.398 0.001
делегаций 0.001 2.0 0.002
проводит 0.001 1.155 0.001
возможности 0.001 0.77 0.001
полеты 0.001 1.699 0.002
научиться 0.001 1.523 0.002
тяньцзине 0.001 2.0 0.002
блог 0.001 0.066 0.0
инстаграм 0.001 0.066 0.0
свежие 0.001 2.0 0.002
температуры 0.001 1.155 0.001
© 0.001 0.0 0.0
бустеризации 0.001 1.699 0.002
выделите 0.001 0.066 0.0
разных 0.001 0.398 0.0
власти 0.005 0.387 0.002
получить 0.001 0.553 0.001
условиях 0.001 0.569 0.001
нескольких 0.002 0.699 0.001
данных 0.001 0.481 0.0
араоса 0.001 2.0 0.002
экс-министр 0.001 2.0 0.002
смертей 0.001 0.959 0.001
недели 0.003 0.42 0.001
омикроном 0.002 1.155 0.002
эффективны 0.001 1.301 0.001
коронавирусу 0.001 1.097 0.001
meduzacare 0.001 0.066 0.0
контура 0.001 2.0 0.002
обеспечение 0.001 1.523 0.002
члены 0.001 1.155 0.001
практикой 0.001 1.699 0.002
экипажа 0.001 1.699 0.002
летающие 0.001 2.0 0.002
global 0.001 1.222 0.001
граждан 0.001 0.638 0.001
против 0.003 0.229 0.001
эпидемиолог 0.001 1.699 0.002
копия 0.001 2.0 0.002
система 0.001 0.77 0.001
прививке 0.001 1.699 0.002
завозным 0.001 2.0 0.002
улицу 0.001 1.155 0.001
отказ 0.001 0.959 0.001
начинаются 0.001 1.222 0.001
той 0.001 0.62 0.001
великобритании 0.001 0.745 0.001
кнопка 0.001 0.066 0.0
центрального 0.001 1.398 0.001
прививокда 0.001 1.699 0.002
завоз 0.001 2.0 0.002
хотя 0.001 0.276 0.0
успех 0.001 1.222 0.001
высокого 0.001 1.699 0.002
керлингу 0.001 2.0 0.002
изданию 0.001 1.398 0.001
мрнк-вакцинами 0.001 1.699 0.002
эффективность 0.002 0.569 0.001
доминиканской 0.001 2.0 0.002
нагрузки 0.001 1.699 0.002
риска 0.001 0.699 0.001
строгий 0.001 2.0 0.002
олимпиада… 0.001 2.0 0.002
стена 0.001 1.699 0.002
основе 0.001 0.745 0.001
это 0.008 0.066 0.001
существующих 0.001 1.222 0.001
вакцин 0.002 0.62 0.001
еду 0.001 0.886 0.001
обнаружен 0.001 1.523 0.002
делегациями 0.001 2.0 0.002
другие 0.001 0.268 0.0
the 0.001 0.481 0.0
напрямую 0.001 1.0 0.001
пандемии 0.001 0.658 0.001
понедельника 0.001 1.699 0.002
press 0.001 0.824 0.001
обеспечивать 0.001 1.523 0.002
поддержки 0.001 0.066 0.0
отелях 0.001 2.0 0.002
тяжелого 0.001 0.921 0.001
изолированном 0.001 2.0 0.002
заболеваемости 0.001 0.959 0.001
afp 0.001 0.854 0.001
ношение 0.001 1.301 0.001
помощь 0.001 0.097 0.0
востребованы 0.001 2.0 0.002
достижения 0.001 1.398 0.001
дело 0.001 0.509 0.001
первые 0.001 0.585 0.001
жестким 0.001 1.523 0.002
самим 0.001 1.0 0.001
новогодних 0.001 2.0 0.002
ltd. 0.001 1.699 0.002
работаем 0.001 0.161 0.0
сдерживания 0.002 1.699 0.003
терпимости 0.003 2.0 0.006
двух 0.001 0.377 0.0
итоге 0.001 0.62 0.001
такая 0.001 0.553 0.001
использует 0.001 1.097 0.001
страну 0.002 0.796 0.002
национальной 0.001 1.155 0.001
открытия 0.002 1.523 0.003
дельта 0.001 0.854 0.001
места 0.001 0.886 0.001
берут 0.001 1.046 0.001
около 0.001 0.432 0.0
участников 0.001 0.824 0.001
15–20 0.001 1.523 0.002
вакциной 0.001 0.886 0.001
одну 0.001 0.77 0.001
собственный 0.001 1.301 0.001
исследование 0.001 0.658 0.001
ежедневно 0.001 1.155 0.001
некоторые 0.001 0.469 0.0
изолируют 0.001 2.0 0.002
члену 0.001 2.0 0.002
тромбозов 0.001 1.398 0.001
24/7 0.001 0.102 0.0
одобрено 0.001 2.0 0.002
cdc 0.001 1.301 0.001
инфекций 0.001 1.097 0.001
android 0.001 0.066 0.0
прибывший 0.001 1.699 0.002
обязали 0.001 1.699 0.002
ограничены 0.001 1.523 0.002
ежегодно 0.001 1.523 0.002
english 0.001 0.06 0.0
раскритиковали 0.001 2.0 0.002
разработке 0.001 1.222 0.001
статью 0.001 1.155 0.001
предусмотрен 0.001 2.0 0.002
служит 0.001 1.523 0.002
крупнейшей 0.001 1.097 0.001
бюллетень 0.001 2.0 0.002
спортобъектам 0.001 2.0 0.002
вариантов 0.001 0.854 0.001
особенно 0.002 0.553 0.001
китаю 0.001 1.699 0.002
запертым 0.001 2.0 0.002
хорошая 0.001 0.886 0.001
нужна 0.001 0.092 0.0
такого 0.001 0.509 0.001
строгие 0.001 1.523 0.002
марта 0.001 0.319 0.0
города 0.001 0.638 0.001
распространяли 0.001 2.0 0.002
вакцинация 0.001 0.699 0.001
политика 0.001 1.0 0.001
работники 0.001 1.222 0.001
поддержал 0.001 1.699 0.002
ограничили 0.001 1.523 0.002
заявляли 0.001 1.699 0.002
ратуют 0.001 2.0 0.002
можете 0.001 0.699 0.001
обнесены 0.001 2.0 0.002
игр 0.002 2.0 0.004
нагрузкой 0.001 1.523 0.002
забором 0.001 2.0 0.002
противовирусной 0.001 1.699 0.002
достигали 0.001 2.0 0.002
попадает 0.001 1.398 0.001
сдал 0.001 1.699 0.002
журналистов 0.001 1.046 0.001
жительство 0.001 1.699 0.002
местные 0.001 0.959 0.001
мрнк 0.001 1.155 0.001
14-миллионном 0.001 2.0 0.002
14-дневный 0.001 2.0 0.002
sars-cov-2 0.002 0.824 0.002
подавить 0.001 1.699 0.002
тестов 0.001 1.155 0.001
продолжается 0.001 1.0 0.001
исследованию 0.001 1.097 0.001
жизнью 0.001 1.398 0.001
перемещений 0.001 2.0 0.002
меры 0.003 0.854 0.003
дифференцированный 0.001 2.0 0.002
нулевая 0.001 1.699 0.002
членов 0.001 1.097 0.001
дома 0.001 0.638 0.001
and 0.001 0.721 0.001
спешат 0.001 2.0 0.002
демонстрирует 0.001 1.523 0.002
наблюдать 0.001 1.301 0.001
требования 0.001 0.066 0.0
связаться 0.001 0.066 0.0
самом 0.001 0.481 0.0
фармкомпания 0.001 1.699 0.002
времени 0.001 0.523 0.001
локдауном 0.001 2.0 0.002
brown 0.001 2.0 0.002
крови 0.001 0.959 0.001
пропуска 0.001 2.0 0.002
приостанавливают 0.001 2.0 0.002
информации 0.001 0.102 0.0
молчания 0.001 1.523 0.002
пузыре 0.001 2.0 0.002
варианта 0.001 0.745 0.001
состояния 0.001 0.959 0.001
информационную 0.001 2.0 0.002
гораздо 0.001 0.699 0.001
тех 0.001 0.26 0.0
множество 0.001 0.959 0.001
освещающих 0.001 2.0 0.002
закрытый 0.001 2.0 0.002
ковидом 0.001 0.658 0.001
массовым 0.001 1.523 0.002
йельского 0.001 2.0 0.002
беспрецедентными 0.001 2.0 0.002
работала 0.001 1.046 0.001
родственных 0.001 2.0 0.002
аэропорта 0.001 1.398 0.001
выводычем 0.001 1.523 0.002
призывом 0.001 1.222 0.001
мерам 0.001 2.0 0.002
шибо 0.001 2.0 0.002
могла 0.001 0.886 0.001
продолжают 0.001 1.097 0.001
локальные 0.001 1.699 0.002
2020-го 0.001 1.097 0.001
регулярно 0.001 1.0 0.001
борются 0.001 1.046 0.001
положительных 0.001 1.523 0.002
января 0.002 1.0 0.002
тромбоза 0.001 1.523 0.002
biontech 0.001 1.699 0.002
привиться 0.001 0.796 0.001
олимпийских 0.001 2.0 0.002
исключить 0.001 1.222 0.001
ведут 0.001 1.046 0.001
медузе 0.001 0.066 0.0
совершено 0.001 2.0 0.002
системе 0.001 1.097 0.001
поддержку 0.001 0.921 0.001
параллельно 0.001 1.097 0.001
репортаж 0.001 0.699 0.001
первый 0.001 0.481 0.0
проверки 0.001 1.222 0.001
статистику 0.001 1.301 0.001
трудоустроенных 0.001 2.0 0.002
эпидемического 0.001 2.0 0.002
13-миллионный 0.001 2.0 0.002
facebook 0.001 0.0 0.0
каникул 0.001 2.0 0.002
медузу 0.001 0.066 0.0
обработки 0.001 0.066 0.0
менее 0.001 0.432 0.0
этим 0.001 0.337 0.0
последнего 0.001 1.046 0.001
обнаружения 0.001 1.398 0.001
самолета 0.001 1.301 0.001
друг 0.001 0.699 0.001
стороны 0.001 0.432 0.0
жителям 0.001 1.398 0.001
спуска 0.001 2.0 0.002
собственного 0.001 1.523 0.002
карантин 0.002 1.699 0.003
госучреждений 0.001 2.0 0.002
массовой 0.001 0.097 0.0
китайских 0.001 1.523 0.002
проверку 0.001 1.398 0.001
живут 0.001 0.886 0.001
непосредственно 0.001 0.959 0.001
инфекционным 0.001 1.699 0.002
сложно 0.001 0.538 0.001
китайцев 0.001 2.0 0.002
коллективного 0.001 1.523 0.002
контроля 0.001 1.222 0.001
ковидном 0.001 2.0 0.002
главное 0.001 0.658 0.001
встают 0.001 1.699 0.002
выделенным 0.001 2.0 0.002
миллиона 0.001 0.77 0.001
цитирует 0.001 1.301 0.001
такие 0.001 0.444 0.0
scanpix 0.002 0.301 0.001
респираторы 0.001 2.0 0.002
словам 0.001 0.658 0.001
коснулись 0.001 2.0 0.002
авторы 0.001 0.921 0.001
движение 0.001 1.222 0.001
показывать 0.001 0.066 0.0
спасибоgiphyза 0.001 0.066 0.0
трафик 0.001 1.523 0.002
середине 0.001 0.886 0.001
сосредоточиться 0.001 1.398 0.001
близком 0.001 2.0 0.002
однообразную 0.001 2.0 0.002
research 0.001 1.699 0.002
жить 0.001 0.824 0.001
прочности 0.001 2.0 0.002
открытие 0.001 2.0 0.002
цзян 0.001 2.0 0.002
twitter 0.001 0.0 0.0
опасается 0.001 1.699 0.002
полетом 0.001 2.0 0.002
болезни 0.001 0.62 0.001
случай 0.001 0.921 0.001
пожалуйста 0.001 0.102 0.0
всему 0.002 0.699 0.001
олимпийские 0.001 2.0 0.002
должен 0.001 0.585 0.001
пример 0.001 0.824 0.001
заболеваний 0.001 0.745 0.001
достаточную 0.001 1.523 0.002
бьют 0.001 1.398 0.001
кратному 0.001 2.0 0.002
платформы 0.001 0.066 0.0
ударила 0.001 1.699 0.002
миру 0.001 0.796 0.001
производство 0.001 1.222 0.001
никуда 0.001 1.097 0.001
родных 0.001 1.222 0.001
приветствуются 0.001 2.0 0.002
достаточного 0.001 1.523 0.002
исследования 0.001 0.481 0.0
ожидаемую 0.001 1.699 0.002
тестирования 0.001 1.523 0.002
официальных 0.001 0.921 0.001
вакцины 0.004 0.585 0.002
причину 0.001 1.222 0.001
персональные 0.001 0.066 0.0
лос-анджелеса 0.001 2.0 0.002
закончились 0.001 1.699 0.002
очень 0.003 0.149 0.0
бустеризация 0.001 2.0 0.002
которые 0.002 0.119 0.0
заразных 0.001 1.523 0.002
выдаваемый 0.001 2.0 0.002
вовсе 0.001 0.921 0.001
meduza 0.002 0.0 0.0
празднования 0.001 2.0 0.002
инактивированные 0.001 1.699 0.002
третьей 0.001 1.097 0.001
иммунного 0.001 1.301 0.001
удар 0.001 0.886 0.001
разговоре 0.001 1.097 0.001
одна 0.001 0.42 0.0
уровне 0.002 0.638 0.001
закрыли 0.001 1.301 0.001
крупный 0.001 1.301 0.001
смягчить 0.001 1.699 0.002
сократить 0.001 2.0 0.002
qr-коды 0.001 1.523 0.002
поездки 0.001 1.523 0.002
возвращаться 0.001 1.301 0.001
fffp-2 0.001 2.0 0.002
странах 0.001 0.495 0.0
спецтранспорте 0.001 2.0 0.002
специальном 0.001 1.699 0.002
знать 0.001 0.824 0.001
иностранных 0.001 1.046 0.001
символикой 0.001 1.523 0.002
фоне 0.001 0.796 0.001
поставок 0.001 1.222 0.001
минздрава 0.001 0.886 0.001
локальных 0.001 1.523 0.002
свободной 0.001 1.699 0.002
замечает 0.001 1.523 0.002
имели 0.001 1.398 0.001
вряд 0.001 0.854 0.001
позволяют 0.001 0.886 0.001
летом 0.001 1.097 0.001
затруднительно 0.001 2.0 0.002
счет 0.001 0.824 0.001
часе 0.001 1.699 0.002
улететь 0.001 2.0 0.002
эта 0.001 0.367 0.0
российским 0.001 0.092 0.0
аннулировали 0.001 2.0 0.002
идее 0.001 1.398 0.001
инфицированного 0.001 2.0 0.002
поездов 0.001 1.523 0.002
декабря 0.001 0.824 0.001
уханя 0.001 2.0 0.002
одной 0.001 0.398 0.0
которых 0.001 0.237 0.0
провинциях 0.001 2.0 0.002
шэньчжэня 0.001 2.0 0.002
вакцинацию 0.001 0.824 0.001
играх 0.001 2.0 0.002
карантинным 0.001 2.0 0.002
усилили 0.001 2.0 0.002
вводить 0.001 1.222 0.001
неудивительно 0.001 1.699 0.002
снизились 0.001 2.0 0.002
однако 0.002 0.337 0.001
делать 0.001 0.276 0.0
тестированием 0.001 2.0 0.002
из-за 0.004 0.229 0.001
реклама 0.001 0.066 0.0
интересах 0.001 0.167 0.0
позволяя 0.001 2.0 0.002
co. 0.001 1.523 0.002
физически 0.001 1.301 0.001
подхода 0.001 1.155 0.001
продемонстрировать 0.001 1.699 0.002
подход 0.001 0.959 0.001
автобусов 0.001 1.699 0.002
городах 0.001 1.0 0.001
появился 0.001 0.921 0.001
продолжалась 0.001 1.699 0.002
разумными 0.001 2.0 0.002
недель 0.001 0.77 0.001
сообщение 0.001 0.102 0.0
десятков 0.002 1.046 0.002
борту 0.001 1.699 0.002
продолжение 0.001 2.0 0.002
обязательное 0.001 1.523 0.002
населением 0.001 1.398 0.001
защитить 0.001 1.0 0.001
спортсменов-олимпийцев 0.001 2.0 0.002
