агрессию 0.001 1.699 0.002
громад 0.001 2.0 0.002
российские 0.002 0.328 0.001
редакции 0.002 0.066 0.0
войска 0.002 0.721 0.001
защитных 0.001 1.699 0.002
агрессора 0.002 1.699 0.003
рынок 0.001 0.921 0.001
демократии 0.001 1.398 0.001
честь 0.001 1.301 0.001
баннерам 0.001 0.066 0.0
друзья 0.001 1.222 0.001
страна 0.001 0.796 0.001
осаде 0.002 0.854 0.002
значит 0.005 0.444 0.002
россии 0.003 0.119 0.0
приветствовать 0.002 2.0 0.004
народ 0.004 0.886 0.004
требуются 0.001 1.398 0.001
президент 0.001 0.854 0.001
помогает 0.003 0.77 0.002
гифки 0.001 0.066 0.0
украинские 0.001 0.886 0.001
сражаться 0.002 2.0 0.004
зависит 0.003 0.638 0.002
санкций 0.001 0.745 0.001
агента 0.002 0.097 0.0
людей 0.005 0.161 0.001
политических 0.001 1.097 0.001
видеообращением 0.001 2.0 0.002
способности 0.001 1.046 0.001
for 0.001 0.77 0.001
кораблей 0.001 1.699 0.002
каждую 0.002 1.398 0.003
смысла 0.002 0.699 0.001
тысячи 0.002 0.721 0.001
применять 0.001 1.097 0.001
союз 0.002 1.097 0.002
in 0.001 0.0 0.0
простое 0.001 1.523 0.002
европе 0.002 0.658 0.001
амуницию 0.001 2.0 0.002
штатах 0.001 1.523 0.002
право 0.001 0.824 0.001
чиновника 0.001 1.699 0.002
наша 0.001 0.77 0.001
списки 0.001 1.301 0.001
верю 0.001 1.301 0.001
гуманитарного 0.001 1.699 0.002
системы 0.001 0.585 0.001
конгрессмены 0.001 2.0 0.002
таких 0.002 0.347 0.001
месяцы 0.001 1.155 0.001
каких 0.001 0.854 0.001
трудно 0.001 0.824 0.001
который 0.003 0.194 0.001
неба 0.001 1.523 0.002
создан 0.001 1.398 0.001
анонимно 0.001 0.066 0.0
второй 0.001 0.42 0.0
бесполетную 0.002 1.699 0.003
весомую 0.001 2.0 0.002
нуждаются 0.001 2.0 0.002
просто 0.001 0.194 0.0
ваша 0.002 0.102 0.0
федерации 0.001 1.155 0.001
альтернативу 0.001 2.0 0.002
деятелей 0.001 1.523 0.002
поле 0.002 1.301 0.003
российское 0.003 0.921 0.003
мир 0.004 0.553 0.002
храбрых 0.001 2.0 0.002
машина 0.001 1.046 0.001
уважает 0.001 1.699 0.002
институты 0.002 1.398 0.003
ваши 0.001 1.046 0.001
читателейнам 0.001 0.174 0.0
сразу 0.001 0.553 0.001
куки 0.001 0.066 0.0
используют 0.001 0.921 0.001
преступления 0.001 1.301 0.001
великой 0.001 1.398 0.001
dream 0.001 1.523 0.002
удалось 0.001 0.523 0.001
десятки 0.002 0.745 0.001
использование 0.001 0.066 0.0
европа 0.001 0.886 0.001
дроны 0.001 1.699 0.002
зло 0.002 1.398 0.003
давить 0.002 2.0 0.004
помощи 0.001 0.77 0.001
наказано 0.001 2.0 0.002
дальше 0.001 0.523 0.001
порядку 0.001 0.066 0.0
признающую 0.001 2.0 0.002
свобода 0.001 1.398 0.001
обращаюсь 0.001 1.699 0.002
боя 0.001 1.699 0.002
вашей 0.001 1.097 0.001
должностях 0.001 2.0 0.002
ответе 0.003 1.699 0.005
года 0.002 0.167 0.0
остановить 0.005 0.638 0.003
en 0.001 0.066 0.0
сохранить 0.003 0.921 0.003
позволят 0.001 1.699 0.002
работает 0.001 0.367 0.0
посмотрите 0.001 1.0 0.001
часов 0.004 0.678 0.003
львов 0.001 1.398 0.001
мариуполь 0.001 0.824 0.001
побудили 0.001 2.0 0.002
американцы 0.004 1.523 0.006
совершает 0.001 1.699 0.002
готовым 0.001 2.0 0.002
объяснил 0.001 1.222 0.001
украина 0.001 0.699 0.001
несправедливый 0.001 2.0 0.002
территорию 0.001 1.155 0.001
объединение 0.002 1.699 0.003
распространено 0.001 0.102 0.0
пожалуйста… 0.001 2.0 0.002
страницы 0.001 1.301 0.001
биться 0.001 2.0 0.002
ios 0.001 0.066 0.0
национальный 0.001 1.523 0.002
нуждаемся 0.001 2.0 0.002
депутатов 0.001 1.523 0.002
будут 0.001 0.301 0.0
человека 0.001 0.328 0.0
призываю 0.001 2.0 0.002
российской 0.001 0.432 0.0
сбросили 0.001 2.0 0.002
зеленского 0.001 1.0 0.001
политическая 0.001 1.301 0.001
прямо 0.002 0.357 0.001
личную 0.001 1.523 0.002
войну 0.001 0.638 0.001
испытали 0.001 2.0 0.002
сдается 0.001 2.0 0.002
мощную 0.001 2.0 0.002
защиты 0.001 0.824 0.001
свой 0.001 0.585 0.001
террор 0.002 1.699 0.003
деньги 0.001 0.77 0.001
восемь 0.001 1.0 0.001
мечта 0.001 1.699 0.002
могут 0.002 0.187 0.0
привычная 0.001 2.0 0.002
битвы 0.001 2.0 0.002
противостоящих 0.001 2.0 0.002
день 0.004 0.328 0.001
лица 0.001 0.824 0.001
владимир 0.002 0.62 0.001
медузы 0.004 0.268 0.001
вовлеченность 0.001 2.0 0.002
украинцы 0.001 0.886 0.001
пока 0.001 0.208 0.0
трех 0.001 0.638 0.001
бросила 0.001 1.699 0.002
united 0.001 1.301 0.001
переживает 0.002 1.097 0.002
одно 0.001 0.699 0.001
справедливости 0.001 1.398 0.001
вообще 0.001 0.066 0.0
бедствия 0.001 2.0 0.002
государственным 0.001 1.398 0.001
моего 0.002 1.097 0.002
украинском 0.001 1.398 0.001
штатам 0.002 2.0 0.004
истории 0.002 0.337 0.001
нации 0.001 1.523 0.002
конгресса 0.002 2.0 0.004
эпидемии 0.001 1.097 0.001
выжить 0.001 1.398 0.001
слишком 0.001 0.553 0.001
силу 0.001 1.0 0.001
террором 0.001 2.0 0.002
спонсируют 0.001 2.0 0.002
свободно 0.001 1.301 0.001
количество 0.001 0.62 0.001
дамы 0.005 1.699 0.008
оружие 0.002 1.155 0.002
перл-харбор 0.001 2.0 0.002
смерть 0.002 1.097 0.002
нашли 0.001 0.066 0.0
английском 0.001 1.301 0.001
связи 0.001 0.0 0.0
тратит 0.001 1.699 0.002
нашу 0.001 1.046 0.001
медуза 0.003 0.066 0.0
одного 0.001 0.432 0.0
роликом 0.001 2.0 0.002
президентов 0.001 1.699 0.002
объединяющей 0.001 2.0 0.002
военными 0.001 1.301 0.001
нам 0.001 0.086 0.0
необходимую 0.001 2.0 0.002
помочь 0.003 0.131 0.0
самостоятельно 0.001 1.097 0.001
u-24 0.002 2.0 0.004
искреннюю 0.001 2.0 0.002
союзы 0.001 1.699 0.002
наших 0.002 0.658 0.001
разные 0.001 0.721 0.001
госпожа 0.001 1.699 0.002
юридическим 0.001 0.102 0.0
город 0.002 0.699 0.001
ночь 0.002 1.0 0.002
часа 0.002 0.77 0.002
images 0.001 0.796 0.001
превентивно 0.001 1.699 0.002
планете 0.001 1.398 0.001
материалам 0.001 0.066 0.0
видео 0.003 0.678 0.002
срочно 0.001 0.167 0.0
гуманитарную 0.001 1.523 0.002
сохраняя 0.001 1.699 0.002
частью 0.001 1.301 0.001
залитый 0.001 2.0 0.002
городов 0.001 0.796 0.001
принципиально 0.001 0.959 0.001
хотим 0.001 0.921 0.001
ограничения 0.001 0.745 0.001
свободы 0.003 1.155 0.003
воздуха 0.001 1.222 0.001
убивать 0.001 1.097 0.001
стали 0.002 0.42 0.001
иностранным 0.001 0.097 0.0
лилии 0.002 1.046 0.002
связей 0.001 1.301 0.001
нужно 0.004 0.237 0.001
невинные 0.001 2.0 0.002
своих 0.003 0.398 0.001
российскую 0.001 0.745 0.001
военную 0.001 1.046 0.001
решение 0.001 0.509 0.001
увидели 0.001 1.155 0.001
жизни 0.005 0.432 0.002
которое 0.003 0.337 0.001
небо 0.003 1.523 0.005
ctrl+enter 0.001 0.066 0.0
просим 0.001 1.699 0.002
февраля 0.001 0.387 0.0
безопасно 0.001 0.066 0.0
новостиисторииразборшапитокоронавирусмагаз 0.001 0.066 0.0
прекратили 0.001 1.699 0.002
мирные 0.001 1.097 0.001
порвать 0.001 2.0 0.002
youtube 0.001 0.06 0.0
всей 0.001 0.699 0.001
авиационным 0.001 2.0 0.002
должны 0.008 0.432 0.003
ком 0.001 2.0 0.002
создано 0.001 0.097 0.0
жизнь 0.003 0.538 0.002
одесса 0.001 1.699 0.002
останавливать 0.001 1.398 0.001
мира 0.008 0.824 0.007
машину 0.001 1.398 0.001
системах 0.001 2.0 0.002
поддержите 0.001 0.102 0.0
добросовестно 0.001 2.0 0.002
столицы 0.001 1.222 0.001
россии… 0.001 2.0 0.002
украины 0.005 0.569 0.003
которого 0.001 0.585 0.001
сосед 0.001 2.0 0.002
вижу 0.002 0.745 0.001
благодарен 0.002 1.699 0.003
j. 0.001 1.699 0.002
гуманитарная 0.001 1.523 0.002
сражаемся 0.001 1.699 0.002
идею 0.001 1.0 0.001
сегодня 0.006 0.638 0.004
днепр 0.001 1.523 0.002
средством 0.001 0.102 0.0
стремится 0.002 1.301 0.003
выполняющим 0.002 0.097 0.0
сокращений 0.001 1.301 0.001
остановится 0.001 1.523 0.002
покинуть 0.001 1.0 0.001
вашего 0.001 1.046 0.001
утро 0.001 1.301 0.001
ровно 0.001 1.222 0.001
свободу 0.001 1.0 0.001
ошибку 0.001 0.066 0.0
отреагировал 0.001 1.523 0.002
вторжение 0.003 1.097 0.003
свободолюбивых 0.001 2.0 0.002
штаммов 0.001 1.097 0.001
избирательных 0.001 2.0 0.002
лет 0.003 0.252 0.001
распространения 0.001 0.678 0.001
достойно 0.001 2.0 0.002
уйти 0.001 1.222 0.001
счастью 0.001 1.699 0.002
превратить 0.001 1.398 0.001
бесчисленное 0.001 2.0 0.002
компании 0.002 0.523 0.001
ваших 0.001 1.155 0.001
попросил 0.001 1.155 0.001
показал 0.002 0.921 0.002
сделали 0.002 0.886 0.002
своей 0.004 0.42 0.002
военная 0.001 1.301 0.001
кровью 0.001 1.523 0.002
стремления 0.001 1.523 0.002
санкционные 0.001 2.0 0.002
данные 0.001 0.066 0.0
киева 0.001 0.886 0.001
украинский 0.001 0.959 0.001
разрушения 0.001 1.523 0.002
киев 0.002 0.77 0.002
создавать 0.001 1.523 0.002
публикуем 0.002 1.222 0.002
аналогичные 0.001 1.301 0.001
мире 0.003 0.553 0.002
рашморе 0.001 2.0 0.002
господа 0.005 1.523 0.008
страшный 0.001 1.523 0.002
украину 0.002 0.523 0.001
страшное 0.001 1.523 0.002
базовые 0.001 1.523 0.002
наши 0.003 0.721 0.002
нажмите 0.001 0.066 0.0
жертвой 0.001 2.0 0.002
прибыли 0.001 1.523 0.002
умереть 0.001 1.301 0.001
основу 0.001 1.523 0.002
пакеты 0.001 1.699 0.002
придет 0.001 1.699 0.002
российских 0.002 0.337 0.001
других 0.003 0.26 0.001
имени 0.001 0.796 0.001
киевлян 0.002 1.097 0.002
байдену 0.002 2.0 0.004
новых 0.001 0.678 0.001
чернигов 0.001 1.301 0.001
иностранного 0.002 0.102 0.0
агрессии 0.001 1.523 0.002
сможет 0.001 0.721 0.001
известны 0.001 1.222 0.001
хватает 0.001 1.046 0.001
материал 0.001 0.086 0.0
большой 0.001 0.569 0.001
лидера 0.001 1.301 0.001
a 0.001 0.699 0.001
вашем 0.001 1.523 0.002
знаете 0.003 0.796 0.002
режим 0.001 0.921 0.001
защите 0.002 1.155 0.002
черное 0.001 2.0 0.002
защищать 0.002 0.854 0.002
экономическими 0.001 1.699 0.002
лидер 0.002 1.301 0.003
повсюду 0.001 1.523 0.002
судьба 0.002 1.222 0.002
– 0.001 0.06 0.0
время 0.002 0.102 0.0
ковида 0.001 0.444 0.0
видим 0.001 0.921 0.001
leta 0.001 0.301 0.0
закончил 0.001 1.523 0.002
закрыты 0.001 1.523 0.002
нами 0.001 0.066 0.0
потребность 0.003 1.523 0.005
российская 0.001 0.658 0.001
округах 0.001 2.0 0.002
ракетным 0.001 2.0 0.002
смотреть 0.002 1.0 0.002
выглядит 0.001 0.62 0.001
новые 0.005 0.602 0.003
работают 0.001 0.553 0.001
государство 0.002 0.854 0.002
антивоенной 0.002 1.0 0.002
атаковала 0.001 1.699 0.002
рекламаmeduza 0.001 0.066 0.0
никто 0.001 0.523 0.001
бесчеловечные 0.001 2.0 0.002
каждому 0.001 1.699 0.002
войне 0.001 0.62 0.001
инструменты 0.001 1.222 0.001
лицом 0.001 0.102 0.0
конфликты 0.001 2.0 0.002
остаются 0.001 1.0 0.001
getty 0.001 0.886 0.001
функции 0.002 0.097 0.0
катастрофы 0.001 1.398 0.001
тысяч 0.001 0.337 0.0
сумы 0.001 1.523 0.002
мирной 0.002 2.0 0.004
сильным 0.002 1.301 0.003
условия 0.001 1.155 0.001
смерти 0.001 0.921 0.001
свободны 0.001 2.0 0.002
атакующих 0.001 2.0 0.002
языке 0.001 1.222 0.001
канал 0.001 1.097 0.001
жестокое 0.001 2.0 0.002
сдаться 0.001 1.523 0.002
президенту 0.002 1.222 0.002
рядом 0.001 0.854 0.001
выступил 0.001 1.0 0.001
быстро 0.001 0.495 0.0
методами 0.001 1.398 0.001
обратившись 0.001 2.0 0.002
назад 0.004 0.18 0.001
спецкора 0.002 1.046 0.002
завершилось 0.001 2.0 0.002
течение 0.001 0.699 0.001
выбирая 0.001 1.699 0.002
доллара 0.001 1.699 0.002
заключение 0.001 1.523 0.002
перейти 0.001 0.066 0.0
видела 0.002 0.959 0.002
поддержать 0.001 0.066 0.0
американские 0.003 1.097 0.003
источник 0.002 0.174 0.0
президента 0.001 0.745 0.001
стране 0.002 0.523 0.001
война 0.003 0.469 0.001
кодекс 0.001 0.066 0.0
хочу 0.002 0.137 0.0
также 0.001 0.237 0.0
спикер 0.001 2.0 0.002
прошлого 0.001 1.222 0.001
have 0.001 0.824 0.001
сыновей 0.001 1.699 0.002
украинского 0.002 0.959 0.002
большему 0.001 1.523 0.002
государства 0.004 0.824 0.003
люди 0.001 0.276 0.0
данное 0.001 0.097 0.0
житомир 0.001 1.523 0.002
небе 0.001 1.699 0.002
принцип 0.001 1.301 0.001
остановилась 0.001 1.523 0.002
важнее 0.001 1.301 0.001
слова 0.001 0.678 0.001
атакованы 0.002 2.0 0.004
тратил 0.001 2.0 0.002
кризиса 0.001 1.222 0.001
бизнес 0.001 1.0 0.001
человеческих 0.001 1.523 0.002
пор 0.001 0.387 0.0
ответственность 0.001 0.824 0.001
правила 0.001 0.066 0.0
подведу 0.001 2.0 0.002
твой 0.001 1.523 0.002
мемориал 0.001 2.0 0.002
вконтакте 0.001 0.066 0.0
часть 0.001 0.456 0.0
нашей 0.007 0.699 0.005
украиной 0.002 0.921 0.002
сохранят 0.001 1.699 0.002
живет 0.001 0.854 0.001
могу 0.003 0.658 0.002
сказать 0.001 0.495 0.0
live 0.001 0.022 0.0
американский 0.001 1.155 0.001
украинцев 0.001 1.222 0.001
пыталось 0.001 1.699 0.002
двадцать 0.002 0.959 0.002
величайших 0.001 2.0 0.002
scott 0.001 2.0 0.002
санкции 0.001 0.77 0.001
детей 0.002 0.523 0.001
справедливо 0.001 1.523 0.002
блог 0.001 0.066 0.0
инстаграм 0.001 0.066 0.0
© 0.001 0.0 0.0
ответственных 0.001 2.0 0.002
превратила 0.001 2.0 0.002
выделите 0.001 0.066 0.0
означать 0.001 1.523 0.002
условиях 0.001 0.569 0.001
лидерство 0.003 1.222 0.004
земле 0.002 1.222 0.002
сила 0.001 1.155 0.001
могли 0.001 0.699 0.001
недели 0.002 0.42 0.001
реагировать 0.001 1.301 0.001
миссия 0.001 1.699 0.002
meduzacare 0.001 0.066 0.0
члены 0.002 1.155 0.002
инструментов 0.001 1.222 0.001
граждан 0.002 0.638 0.001
демократию 0.001 1.699 0.002
против 0.005 0.229 0.001
оказывать 0.002 1.523 0.003
необходимы 0.001 1.398 0.001
кнопка 0.001 0.066 0.0
свободном 0.001 2.0 0.002
невыносимо 0.002 1.222 0.002
помню 0.001 1.155 0.001
хотя 0.001 0.276 0.0
землю 0.001 1.398 0.001
нужны 0.002 0.745 0.001
страшной 0.001 2.0 0.002
вечерняя 0.001 0.066 0.0
речь 0.003 0.432 0.001
целиком 0.001 1.301 0.001
это 0.014 0.066 0.001
которому 0.001 1.0 0.001
решении 0.001 2.0 0.002
другие 0.001 0.268 0.0
черным 0.001 1.523 0.002
могло 0.001 1.222 0.001
независимость 0.001 1.523 0.002
поддержки 0.001 0.066 0.0
защищает 0.001 0.921 0.001
afp 0.001 0.854 0.001
нашего 0.008 1.0 0.008
самой 0.001 0.699 0.001
помощь 0.003 0.097 0.0
полномасштабное 0.002 2.0 0.004
вспомните 0.005 1.699 0.008
итоги 0.001 1.301 0.001
дело 0.001 0.509 0.001
народа 0.007 1.222 0.009
стал 0.001 0.658 0.001
думает 0.001 1.699 0.002
проявите 0.001 2.0 0.002
честно 0.001 1.0 0.001
лидером 0.006 1.699 0.01
работаем 0.001 0.161 0.0
спасти 0.002 1.155 0.002
порты 0.001 2.0 0.002
внести 0.001 1.398 0.001
твоей 0.001 2.0 0.002
потерь 0.001 1.523 0.002
войны 0.005 0.42 0.002
предлагаем 0.004 1.523 0.006
обучение 0.001 1.523 0.002
жизней 0.001 1.523 0.002
около 0.001 0.432 0.0
соединенным 0.002 2.0 0.004
права 0.002 0.854 0.002
котором 0.001 0.495 0.0
навсегда 0.002 0.854 0.002
ежедневно 0.001 1.155 0.001
самолетов 0.001 1.523 0.002
24/7 0.001 0.102 0.0
немедленно 0.001 1.155 0.001
android 0.001 0.066 0.0
совести 0.001 1.699 0.002
english 0.001 0.06 0.0
лучших 0.001 1.523 0.002
новости 0.001 0.481 0.0
ценности 0.003 1.523 0.005
самое 0.003 0.638 0.002
авиабомб 0.001 2.0 0.002
захочет 0.002 1.699 0.003
большая 0.001 0.77 0.001
путина 0.001 0.721 0.001
будущего 0.001 1.097 0.001
готовится 0.002 1.046 0.002
поддержка 0.003 0.167 0.001
нужна 0.002 0.092 0.0
такого 0.001 0.509 0.001
марта 0.002 0.319 0.001
города 0.005 0.638 0.003
наступление 0.001 1.398 0.001
началось 0.001 1.097 0.001
изменили 0.002 1.097 0.002
твоего 0.001 1.699 0.002
яппаровой 0.002 1.046 0.002
преступниками 0.001 2.0 0.002
спасать 0.001 1.523 0.002
благодарна 0.001 1.699 0.002
финансы 0.001 1.699 0.002
государств 0.002 1.523 0.003
харьков 0.001 0.886 0.001
годы 0.001 0.745 0.001
коалиции 0.002 2.0 0.004
всем 0.001 0.252 0.0
ожидал 0.001 1.523 0.002
оно 0.002 0.444 0.001
требования 0.001 0.066 0.0
посмотреть 0.001 0.721 0.001
связаться 0.001 0.066 0.0
закрыть 0.001 1.523 0.002
происходит 0.004 0.387 0.002
разрывают 0.001 2.0 0.002
информации 0.001 0.102 0.0
мечтаний 0.001 2.0 0.002
закон 0.001 1.0 0.001
выпустили 0.001 1.699 0.002
просьба 0.001 1.523 0.002
сентября 0.001 1.046 0.001
подвергается 0.001 1.398 0.001
храбрым 0.001 1.699 0.002
гораздо 0.001 0.699 0.001
тех 0.005 0.26 0.001
получало 0.001 2.0 0.002
несет 0.001 1.222 0.001
решается 0.002 2.0 0.004
киеве 0.002 1.0 0.002
создать 0.005 1.046 0.005
видите 0.001 1.222 0.001
пошла 0.001 1.222 0.001
уничтожать 0.001 1.699 0.002
медузе 0.002 0.066 0.0
танки 0.001 1.046 0.001
поддержку 0.001 0.921 0.001
точно 0.001 0.481 0.0
репортаж 0.002 0.699 0.001
стихийные 0.001 2.0 0.002
первый 0.002 0.481 0.001
оказавшихся 0.001 2.0 0.002
америки 0.002 1.301 0.003
собой 0.001 0.62 0.001
facebook 0.001 0.0 0.0
защищают 0.001 1.0 0.001
с-300 0.001 2.0 0.002
медузу 0.002 0.066 0.0
обработки 0.001 0.066 0.0
последнего 0.001 1.046 0.001
онлайн 0.002 0.959 0.002
жертвуя 0.001 1.699 0.002
россия 0.003 0.398 0.001
сутки 0.001 1.0 0.001
массовой 0.001 0.097 0.0
демократия 0.001 1.523 0.002
госдумы 0.001 1.155 0.001
кто-то 0.001 0.602 0.001
еженедельно 0.001 2.0 0.002
имею 0.001 1.523 0.002
каждый 0.001 0.509 0.001
земли 0.001 0.959 0.001
главная 0.001 0.796 0.001
scanpix 0.001 0.301 0.0
приверженность 0.001 2.0 0.002
спасибоgiphyза 0.001 0.066 0.0
показывать 0.001 0.066 0.0
совесть 0.001 2.0 0.002
мировой 0.001 0.886 0.001
предотвращать 0.001 1.523 0.002
applewhite 0.001 2.0 0.002
жить 0.002 0.824 0.002
twitter 0.001 0.0 0.0
резолюцию 0.001 2.0 0.002
чувствуете 0.001 1.523 0.002
обычных 0.001 1.097 0.001
войск 0.001 1.046 0.001
каждом 0.002 1.097 0.002
будущее 0.001 1.155 0.001
пожалуйста 0.001 0.102 0.0
минуты 0.001 1.097 0.001
прицельнее 0.001 2.0 0.002
европы 0.003 0.796 0.002
всему 0.002 0.699 0.001
прошу 0.001 2.0 0.002
терроризировать 0.001 2.0 0.002
держится 0.001 1.155 0.001
покорить 0.001 1.699 0.002
платформы 0.002 0.066 0.0
забота 0.001 2.0 0.002
миру 0.002 0.796 0.002
каждого 0.002 0.678 0.001
i 0.001 0.745 0.001
техногенные 0.001 2.0 0.002
ракет 0.001 1.398 0.001
именно 0.001 0.244 0.0
ваш 0.002 1.155 0.002
понять 0.002 0.721 0.001
отдающих 0.001 2.0 0.002
официальных 0.001 0.921 0.001
вакцины 0.002 0.585 0.001
допускать 0.001 1.699 0.002
персональные 0.001 0.066 0.0
такое 0.003 0.347 0.001
дочерей 0.001 1.699 0.002
очень 0.001 0.149 0.0
зеленский 0.003 0.959 0.003
которые 0.007 0.119 0.001
разрушение 0.002 1.699 0.003
многих 0.001 0.658 0.001
недостаточно 0.001 0.921 0.001
имя 0.001 1.046 0.001
meduza 0.003 0.0 0.0
кого 0.001 0.509 0.001
конгрессу 0.003 1.222 0.004
горд 0.001 2.0 0.002
соединенных 0.001 1.523 0.002
ударам 0.001 2.0 0.002
идут 0.002 0.699 0.001
авиацию 0.002 2.0 0.004
странах 0.001 0.495 0.0
идти 0.001 1.046 0.001
зону 0.002 1.398 0.003
свое 0.001 0.721 0.001
peace 0.001 1.097 0.001
дать 0.001 0.854 0.001
заложил 0.001 2.0 0.002
украинское 0.001 1.398 0.001
российским 0.001 0.092 0.0
которых 0.001 0.237 0.0
сердца 0.001 1.398 0.001
стремящегося 0.001 2.0 0.002
декабря 0.001 0.824 0.001
теми 0.001 0.886 0.001
украине 0.007 0.444 0.003
вместе 0.002 0.602 0.001
ваше 0.002 1.301 0.003
однако 0.001 0.337 0.0
времен 0.001 1.222 0.001
имеющих 0.001 1.301 0.001
реклама 0.002 0.066 0.0
интересах 0.001 0.167 0.0
быстрее 0.001 0.886 0.001
товаров 0.001 1.398 0.001
сша 0.003 0.469 0.001
недель 0.001 0.77 0.001
слышите 0.001 1.699 0.002
сообщение 0.001 0.102 0.0
самолеты 0.002 1.699 0.003
предшественников 0.001 1.699 0.002
сделать 0.002 0.357 0.001
