поводу 0.001 0.824 0.001
вакцинами 0.004 0.921 0.004
какова 0.001 1.222 0.001
легкому 0.001 1.699 0.002
редакции 0.002 0.066 0.0
опубликовала 0.001 1.523 0.002
получивших 0.001 1.097 0.001
баннерам 0.001 0.066 0.0
значит 0.001 0.444 0.0
национального 0.001 1.222 0.001
действительно 0.003 0.377 0.001
нейтрализовать 0.001 1.398 0.001
малая 0.001 2.0 0.002
гифки 0.001 0.066 0.0
переболевшие 0.001 1.301 0.001
намного 0.001 0.959 0.001
зависит 0.002 0.638 0.001
агента 0.002 0.097 0.0
людей 0.001 0.161 0.0
омикрона 0.006 0.921 0.006
предположить 0.001 0.959 0.001
пять 0.001 0.509 0.001
заражений 0.001 1.097 0.001
способности 0.005 1.046 0.005
ошиблись 0.001 1.398 0.001
подобным 0.001 1.398 0.001
главных 0.001 0.678 0.001
нейтрализации 0.005 1.222 0.006
in 0.001 0.0 0.0
препринта 0.002 1.398 0.003
причем 0.001 0.62 0.001
производства 0.002 0.77 0.002
весьма 0.001 1.222 0.001
обещают 0.001 1.301 0.001
сравнением 0.001 2.0 0.002
эффективности 0.003 0.678 0.002
сделано 0.001 1.222 0.001
показали 0.001 1.0 0.001
работах 0.001 1.398 0.001
разными 0.001 0.824 0.001
директор 0.001 1.097 0.001
плохая 0.001 1.523 0.002
похожи 0.001 1.097 0.001
трудно 0.001 0.824 0.001
переболевших 0.005 0.886 0.004
который 0.001 0.194 0.0
любых 0.001 1.046 0.001
анонимно 0.001 0.066 0.0
нуля 0.001 1.222 0.001
reuters 0.001 0.745 0.001
вспышек 0.001 1.523 0.002
новость 0.002 1.155 0.002
ваша 0.002 0.102 0.0
чаще 0.001 0.602 0.001
распространение 0.002 0.854 0.002
вышло 0.001 1.155 0.001
вакцинированных 0.001 0.678 0.001
доводят 0.001 2.0 0.002
труднее 0.002 0.721 0.001
заболевания 0.006 0.62 0.004
читателейнам 0.001 0.174 0.0
сразу 0.001 0.553 0.001
куки 0.001 0.066 0.0
реальных 0.001 1.222 0.001
опубликованы 0.001 1.0 0.001
заболевание 0.001 0.854 0.001
исследованных 0.001 1.398 0.001
десятки 0.001 0.745 0.001
прошло 0.001 1.046 0.001
использование 0.002 0.066 0.0
экспортер 0.002 2.0 0.004
изучены 0.001 1.301 0.001
количеством 0.002 1.301 0.003
распространяться 0.001 1.222 0.001
появились 0.001 0.854 0.001
быструю 0.001 2.0 0.002
кажется 0.001 0.469 0.0
порядку 0.001 0.066 0.0
заражением 0.001 1.301 0.001
ученые 0.001 0.678 0.001
ершов 0.001 0.796 0.001
исследовательского 0.001 2.0 0.002
en 0.001 0.066 0.0
эффективностью 0.003 0.921 0.003
ученых 0.001 1.046 0.001
юар 0.003 1.222 0.004
международная 0.001 1.301 0.001
хуже 0.003 0.699 0.002
обеих 0.001 1.222 0.001
самые 0.001 0.602 0.001
заражении 0.003 1.398 0.004
neutralizing 0.001 2.0 0.002
omicron 0.001 2.0 0.002
способный 0.001 1.699 0.002
распространено 0.001 0.102 0.0
реальные 0.001 1.222 0.001
сколько 0.001 0.585 0.001
существенно 0.001 0.721 0.001
распространенного 0.001 2.0 0.002
насколько 0.001 0.42 0.0
ios 0.001 0.066 0.0
учеными 0.001 1.222 0.001
российской 0.001 0.432 0.0
de 0.001 1.523 0.002
американского 0.001 1.301 0.001
несколько 0.001 0.201 0.0
итоговым 0.001 2.0 0.002
прямо 0.001 0.357 0.0
среднем 0.002 0.886 0.002
разным 0.001 1.097 0.001
san 0.001 2.0 0.002
основано 0.001 2.0 0.002
непривитых 0.001 1.155 0.001
вируса 0.005 0.721 0.004
включается 0.001 1.699 0.002
всеми 0.001 0.824 0.001
многочисленные 0.001 1.398 0.001
крайней 0.001 0.721 0.001
контакта 0.001 2.0 0.002
векторной 0.001 1.523 0.002
частности 0.001 0.678 0.001
опытах 0.001 2.0 0.002
медузы 0.001 0.268 0.0
раза 0.001 0.602 0.001
antibodies 0.001 2.0 0.002
клеточного 0.001 1.699 0.002
коронавируса 0.004 0.509 0.002
пока 0.006 0.208 0.001
изначального 0.003 1.523 0.005
работать 0.001 0.409 0.0
столь 0.001 1.046 0.001
нейтрализовывали 0.003 2.0 0.006
вообще 0.002 0.066 0.0
лишь 0.003 0.481 0.001
тополь 0.001 1.699 0.002
эпидемии 0.001 1.097 0.001
значительной 0.001 1.155 0.001
явные 0.001 1.398 0.001
полгода 0.001 0.886 0.001
вирулентность 0.001 1.699 0.002
сконструирован 0.001 2.0 0.002
способность 0.008 0.959 0.008
степени 0.001 0.721 0.001
вирусом 0.003 0.921 0.003
иммунитета 0.008 0.886 0.007
научно-исследовательского 0.001 2.0 0.002
нашли 0.001 0.066 0.0
связи 0.001 0.0 0.0
overcome 0.001 1.699 0.002
нем 0.001 0.602 0.001
медуза 0.003 0.066 0.0
нам 0.001 0.086 0.0
согласно 0.002 0.745 0.001
помочь 0.002 0.131 0.0
худший 0.001 2.0 0.002
обновление 0.001 1.097 0.001
последние 0.001 0.456 0.0
поводы 0.001 1.398 0.001
страховой 0.001 2.0 0.002
центр 0.001 0.77 0.001
хотели 0.001 1.097 0.001
единиц 0.001 1.523 0.002
мало 0.001 0.538 0.001
юридическим 0.001 0.102 0.0
аргентины 0.001 1.046 0.001
оказалась 0.001 0.796 0.001
материалам 0.001 0.066 0.0
срочно 0.001 0.167 0.0
снижения 0.001 1.155 0.001
число 0.001 0.658 0.001
бросить 0.001 1.523 0.002
изучила 0.001 1.699 0.002
другим 0.001 0.62 0.001
меньше 0.001 0.444 0.0
ясно 0.001 0.886 0.001
случае 0.001 0.357 0.0
показывало 0.001 2.0 0.002
нейтрализовывать 0.004 2.0 0.008
гинцбург 0.001 1.523 0.002
самых 0.001 0.62 0.001
заявил 0.001 0.658 0.001
путь 0.002 0.886 0.002
фонд 0.002 1.398 0.003
иностранным 0.001 0.097 0.0
сохраняется 0.002 1.398 0.003
astrazeneca 0.002 0.959 0.002
осложнений 0.001 1.155 0.001
health 0.001 1.699 0.002
относительно 0.001 0.721 0.001
сыворотка 0.002 1.699 0.003
вариантом 0.001 0.921 0.001
момента 0.001 0.886 0.001
течения 0.001 0.921 0.001
противоположный 0.001 1.699 0.002
производитель 0.001 1.222 0.001
первым 0.001 0.854 0.001
своих 0.001 0.398 0.0
указано 0.002 1.0 0.002
организму 0.001 1.699 0.002
течению 0.001 1.699 0.002
discovery 0.001 2.0 0.002
жизни 0.001 0.432 0.0
сравнить 0.001 1.155 0.001
ctrl+enter 0.001 0.066 0.0
непереболевших 0.001 2.0 0.002
безопасно 0.001 0.066 0.0
новостиисторииразборшапитокоронавирусмагаз 0.001 0.066 0.0
позже 0.001 0.886 0.001
проще 0.001 1.0 0.001
рано 0.001 0.921 0.001
вероятно 0.001 0.699 0.001
части 0.001 0.854 0.001
youtube 0.001 0.06 0.0
получили 0.001 0.745 0.001
вариант 0.002 0.796 0.002
создано 0.001 0.097 0.0
ненулевой 0.001 2.0 0.002
использована 0.001 2.0 0.002
дельте 0.001 1.523 0.002
эрик 0.001 1.523 0.002
поддержите 0.001 0.102 0.0
качественные 0.001 1.699 0.002
достаточно 0.001 0.444 0.0
взятых 0.001 2.0 0.002
защиту 0.003 1.097 0.003
отвечаем 0.001 1.155 0.001
антител 0.007 0.854 0.006
спутнику 0.001 1.097 0.001
средством 0.001 0.102 0.0
патогеном 0.001 2.0 0.002
выполняющим 0.002 0.097 0.0
возможно 0.001 0.398 0.0
году 0.001 0.367 0.0
ошибку 0.001 0.066 0.0
исследовались 0.001 2.0 0.002
распространенными 0.001 2.0 0.002
лет 0.001 0.252 0.0
завершилась 0.001 1.523 0.002
недочеты 0.001 2.0 0.002
приводит 0.001 0.824 0.001
говорят 0.002 0.432 0.001
противоречат 0.001 1.222 0.001
компании 0.001 0.523 0.001
указывает 0.001 1.301 0.001
спутника 0.005 0.796 0.004
фактически 0.001 0.721 0.001
буквально 0.001 0.886 0.001
позволяет 0.001 0.854 0.001
собраны 0.001 1.398 0.001
составляет 0.002 0.921 0.002
данные 0.006 0.066 0.0
доноры 0.001 2.0 0.002
научный 0.001 0.959 0.001
представления 0.001 1.222 0.001
спайк-белка 0.001 1.699 0.002
оценена 0.001 2.0 0.002
показатель 0.001 1.301 0.001
разбор 0.001 0.387 0.0
инвестиций 0.002 1.699 0.003
мире 0.001 0.553 0.001
беспокойства 0.001 1.398 0.001
данным 0.001 0.444 0.0
рфпи 0.003 1.523 0.005
нажмите 0.001 0.066 0.0
заражаются 0.001 1.699 0.002
стран 0.001 0.469 0.0
предыдущего 0.001 1.523 0.002
российский 0.002 0.638 0.001
некоторых 0.001 0.523 0.001
поднимает 0.001 1.699 0.002
последующей 0.001 1.523 0.002
продолжает 0.001 0.658 0.001
числе 0.002 0.31 0.001
других 0.001 0.26 0.0
имени 0.001 0.796 0.001
иностранного 0.002 0.102 0.0
подобных 0.001 1.0 0.001
вызванных 0.002 1.699 0.003
александр 0.002 0.538 0.001
бустер 0.001 1.699 0.002
связываться 0.001 1.398 0.001
материал 0.001 0.086 0.0
британскому 0.001 1.699 0.002
госпитализации 0.001 0.886 0.001
активируется 0.001 2.0 0.002
вакцинированныхповлияет 0.001 1.699 0.002
сделанное 0.001 1.699 0.002
целом 0.002 0.585 0.001
исследований 0.002 0.585 0.001
30–58 0.001 2.0 0.002
смертельным 0.001 1.699 0.002
– 0.001 0.06 0.0
привитые 0.001 1.222 0.001
новый 0.001 0.658 0.001
доля 0.001 0.959 0.001
shift 0.001 1.699 0.002
время 0.002 0.102 0.0
leta 0.001 0.301 0.0
нами 0.001 0.066 0.0
защита 0.001 1.097 0.001
ту 0.002 0.921 0.002
полную 0.001 1.046 0.001
дает 0.001 0.796 0.001
центра 0.001 0.77 0.001
модели 0.001 1.0 0.001
примерно 0.001 0.585 0.001
сотен 0.001 1.222 0.001
вирус 0.002 0.678 0.001
вариантами 0.002 1.046 0.002
заражению 0.001 1.523 0.002
рекламаmeduza 0.001 0.066 0.0
придем 0.002 1.222 0.002
лицом 0.001 0.102 0.0
свойства 0.001 1.398 0.001
института 0.001 1.301 0.001
выше 0.001 0.509 0.001
функции 0.002 0.097 0.0
страхов 0.001 2.0 0.002
микробиологии 0.001 1.699 0.002
тесносвязана 0.001 2.0 0.002
смерти 0.002 0.921 0.002
дозами 0.001 1.301 0.001
среди 0.001 0.42 0.0
известно 0.003 0.481 0.001
варианте 0.002 1.222 0.002
казалось 0.002 0.886 0.002
эпидемиологии 0.001 1.222 0.001
аргентина 0.001 1.222 0.001
мрнк-вакцины 0.001 1.222 0.001
бустера 0.001 1.699 0.002
кузнец 0.001 1.398 0.001
привитых 0.012 0.824 0.01
возрасте 0.001 1.222 0.001
вопросов 0.001 1.046 0.001
омикрон 0.015 1.046 0.016
назад 0.001 0.18 0.0
другими 0.003 0.495 0.001
образцы 0.004 1.523 0.006
принципе 0.001 0.796 0.001
очередная 0.001 1.398 0.001
течение 0.001 0.699 0.001
перейти 0.001 0.066 0.0
поддержать 0.001 0.066 0.0
работам 0.001 1.523 0.002
источник 0.001 0.174 0.0
какие-то 0.001 0.538 0.001
вызов 0.001 1.699 0.002
указания 0.002 1.523 0.003
кодекс 0.001 0.066 0.0
moderna 0.001 1.0 0.001
pfizer-biontech 0.005 2.0 0.01
приобретенного 0.001 1.699 0.002
хочу 0.001 0.137 0.0
также 0.002 0.237 0.0
дельтой 0.001 1.301 0.001
прочих 0.001 1.301 0.001
профессор 0.001 1.222 0.001
рассказывает 0.001 0.569 0.001
неэффективности 0.001 1.523 0.002
модель 0.003 1.398 0.004
полученный 0.001 1.222 0.001
протекает 0.001 1.699 0.002
данное 0.001 0.097 0.0
авторов 0.001 1.046 0.001
заражения 0.012 0.796 0.01
антителами 0.002 1.398 0.003
antigenic 0.001 2.0 0.002
предварительные 0.001 1.155 0.001
большие 0.001 0.796 0.001
правила 0.001 0.066 0.0
увы 0.001 1.097 0.001
нейтрализуется 0.001 1.699 0.002
антитела 0.004 0.959 0.004
вакцинации 0.004 0.553 0.002
разное 0.001 1.222 0.001
скриппса 0.001 2.0 0.002
резко 0.002 0.854 0.002
вконтакте 0.001 0.066 0.0
неэффективны 0.001 2.0 0.002
сказать 0.001 0.495 0.0
live 0.001 0.022 0.0
введении 0.001 1.398 0.001
уходить 0.001 1.301 0.001
блог 0.001 0.066 0.0
инстаграм 0.001 0.066 0.0
© 0.001 0.0 0.0
групп 0.001 0.77 0.001
качество 0.001 1.155 0.001
сокрушаться 0.001 2.0 0.002
группа 0.002 0.886 0.002
выделите 0.001 0.066 0.0
условиях 0.001 0.569 0.001
разных 0.001 0.398 0.0
получить 0.001 0.553 0.001
данных 0.001 0.481 0.0
косвенно 0.001 1.155 0.001
образцах 0.001 1.699 0.002
практически 0.001 0.602 0.001
читайте 0.001 0.745 0.001
недели 0.003 0.42 0.001
омикроном 0.01 1.155 0.012
meduzacare 0.001 0.066 0.0
против 0.016 0.229 0.004
повышается 0.001 1.301 0.001
сыворотке 0.003 2.0 0.006
результаты 0.005 0.62 0.003
псевдовирус 0.004 2.0 0.008
той 0.001 0.62 0.001
великобритании 0.001 0.745 0.001
кнопка 0.001 0.066 0.0
хотя 0.001 0.276 0.0
josé 0.001 2.0 0.002
показывают 0.003 1.097 0.003
дмитрий 0.001 0.658 0.001
эффективность 0.013 0.569 0.007
вечерняя 0.001 0.066 0.0
основе 0.003 0.745 0.002
это 0.008 0.066 0.001
которому 0.001 1.0 0.001
вакцин 0.006 0.62 0.004
варианты 0.002 1.097 0.002
связь 0.001 0.721 0.001
пандемии 0.002 0.658 0.001
названием 0.001 1.155 0.001
назвать 0.001 0.959 0.001
поддержки 0.001 0.066 0.0
тяжелого 0.006 0.921 0.006
редактор 0.001 1.0 0.001
реальной 0.001 1.046 0.001
спутник 0.002 0.721 0.001
помощь 0.001 0.097 0.0
двумя 0.001 0.678 0.001
начал 0.001 0.796 0.001
эффективно 0.001 1.046 0.001
высоком 0.002 2.0 0.004
сравнительное 0.001 2.0 0.002
смехавот 0.001 2.0 0.002
свидетельствует 0.001 1.699 0.002
первые 0.004 0.585 0.002
лучшие 0.001 1.398 0.001
способностью 0.001 1.523 0.002
точку 0.002 1.097 0.002
работаем 0.001 0.161 0.0
v 0.011 0.699 0.008
двух 0.002 0.377 0.001
косвенные 0.001 1.301 0.001
дельта 0.001 0.854 0.001
развитие 0.001 1.155 0.001
около 0.001 0.432 0.0
графики 0.001 1.523 0.002
martín 0.001 2.0 0.002
исследовании 0.002 0.824 0.002
иммунитет 0.003 0.854 0.003
вакциной 0.002 0.886 0.002
исследование 0.003 0.658 0.002
24/7 0.001 0.102 0.0
снижение 0.001 1.0 0.001
нейтрализующая 0.001 2.0 0.002
android 0.001 0.066 0.0
english 0.001 0.06 0.0
будущего 0.002 1.097 0.002
крупнейшей 0.001 1.097 0.001
хорошая 0.001 0.886 0.001
поддержка 0.001 0.167 0.0
нужна 0.002 0.092 0.0
вакцинация 0.001 0.699 0.001
снизится 0.001 1.699 0.002
оказалось 0.001 0.824 0.001
ревакцинацией 0.001 2.0 0.002
мере 0.001 0.569 0.001
буэнос-айресе 0.001 1.699 0.002
созданный 0.001 1.523 0.002
заражение 0.001 1.398 0.001
случаях 0.001 0.658 0.001
врачей 0.001 0.745 0.001
sars-cov-2 0.001 0.824 0.001
производителей 0.001 1.0 0.001
бороться 0.001 1.155 0.001
снижающие 0.001 2.0 0.002
всем 0.001 0.252 0.0
факт 0.001 0.77 0.001
исследованию 0.001 1.097 0.001
легче 0.001 1.0 0.001
нулевая 0.001 1.699 0.002
подробнее 0.001 0.699 0.001
демонстрирует 0.001 1.523 0.002
штамма 0.001 1.301 0.001
требования 0.001 0.066 0.0
связаться 0.001 0.066 0.0
времени 0.001 0.523 0.001
информации 0.001 0.102 0.0
варианта 0.005 0.745 0.004
broadly 0.001 2.0 0.002
имеет 0.001 0.602 0.001
множество 0.001 0.959 0.001
снижена 0.004 1.523 0.006
полученные 0.002 1.398 0.003
нейтрализацией 0.001 2.0 0.002
опубликовать 0.001 1.301 0.001
считает 0.002 0.678 0.001
образцов 0.003 1.699 0.005
псевдовируса 0.001 2.0 0.002
спутником 0.007 0.921 0.006
ню 0.001 2.0 0.002
указал 0.001 1.699 0.002
исследованным 0.001 1.699 0.002
снижается 0.001 1.301 0.001
казаться 0.001 1.398 0.001
медузе 0.002 0.066 0.0
объяснить 0.001 0.921 0.001
нейтрализующей 0.001 1.699 0.002
точно 0.002 0.481 0.001
обеспечивают 0.001 1.699 0.002
facebook 0.001 0.0 0.0
медузу 0.002 0.066 0.0
гамалеи 0.002 1.155 0.002
обработки 0.001 0.066 0.0
ниже 0.001 0.77 0.001
этим 0.001 0.337 0.0
использован 0.001 2.0 0.002
массовой 0.001 0.097 0.0
знаем 0.001 0.585 0.001
исследованием 0.001 1.523 0.002
ненадежные 0.001 2.0 0.002
вызывает 0.001 0.886 0.001
живой 0.001 1.0 0.001
показала 0.001 1.222 0.001
scanpix 0.001 0.301 0.0
виде 0.002 0.745 0.001
спасибоgiphyза 0.001 0.066 0.0
показывать 0.001 0.066 0.0
обидные 0.001 2.0 0.002
дозы 0.003 0.886 0.003
twitter 0.001 0.0 0.0
скомпрометированные 0.001 2.0 0.002
раньше 0.002 0.432 0.001
болезни 0.002 0.62 0.001
будущее 0.001 1.155 0.001
пожалуйста 0.001 0.102 0.0
объяснение 0.001 1.301 0.001
заболеваний 0.001 0.745 0.001
аргентине 0.001 1.097 0.001
предыдущие 0.002 1.699 0.003
означает 0.002 0.62 0.001
платформы 0.002 0.066 0.0
снизилась 0.001 2.0 0.002
общей 0.001 0.959 0.001
исследования 0.006 0.481 0.003
противостоять 0.001 1.699 0.002
вакцины 0.011 0.585 0.006
персональные 0.001 0.066 0.0
лабораторных 0.001 1.301 0.001
которые 0.002 0.119 0.0
активно 0.001 0.77 0.001
ранее 0.001 0.62 0.001
лайт 0.001 1.301 0.001
доз 0.004 1.155 0.005
meduza 0.003 0.0 0.0
евгения 0.001 2.0 0.002
третьей 0.002 1.097 0.002
полученного 0.001 1.398 0.001
остается 0.001 0.638 0.001
клиники 0.001 1.222 0.001
уровне 0.002 0.638 0.001
собранный 0.001 2.0 0.002
прямых 0.003 1.155 0.003
лаборатории 0.002 1.097 0.002
пятью 0.001 1.523 0.002
летом 0.001 1.097 0.001
эта 0.002 0.367 0.001
российским 0.001 0.092 0.0
результат 0.002 0.77 0.002
которых 0.001 0.237 0.0
декабря 0.003 0.824 0.002
бустерной 0.001 1.523 0.002
третьи 0.001 1.398 0.001
спойлер 0.002 0.796 0.002
теми 0.001 0.886 0.001
реклама 0.002 0.066 0.0
однако 0.003 0.337 0.001
оказаться 0.002 0.796 0.002
имеющих 0.001 1.301 0.001
из-за 0.001 0.229 0.0
интересах 0.001 0.167 0.0
новоженина 0.001 2.0 0.002
появился 0.001 0.921 0.001
недель 0.001 0.77 0.001
сообщение 0.001 0.102 0.0
сыворотки 0.007 1.222 0.009
предшественников 0.001 1.699 0.002
сомнения 0.001 1.155 0.001
использовались 0.001 1.301 0.001
