редакции 0.002 0.066 0.0
сотые 0.001 2.0 0.002
помещении 0.002 0.959 0.002
какая-то 0.002 0.959 0.002
список 0.001 0.658 0.001
соски 0.001 2.0 0.002
баннерам 0.001 0.066 0.0
сигнала 0.001 2.0 0.002
анорексии 0.001 2.0 0.002
американская 0.001 1.046 0.001
помогает 0.001 0.77 0.001
гифки 0.001 0.066 0.0
инфекции 0.003 0.77 0.002
зависит 0.001 0.638 0.001
агента 0.002 0.097 0.0
людей 0.003 0.161 0.0
жар 0.004 2.0 0.008
ртутных 0.001 2.0 0.002
телефоны 0.001 1.222 0.001
протирать 0.001 2.0 0.002
кроме 0.001 0.387 0.0
рекомендует 0.001 0.886 0.001
точный 0.001 1.523 0.002
горячее 0.001 1.699 0.002
детям 0.001 1.0 0.001
головная 0.001 1.301 0.001
колени 0.001 1.398 0.001
водой 0.002 1.398 0.003
in 0.001 0.0 0.0
бывают 0.002 1.155 0.002
сахарном 0.001 2.0 0.002
допустить 0.001 1.097 0.001
педиатрии 0.001 1.398 0.001
способы 0.001 1.222 0.001
вялым 0.001 2.0 0.002
держать 0.001 1.155 0.001
неточными 0.001 2.0 0.002
системы 0.001 0.585 0.001
обычными 0.001 2.0 0.002
сложный 0.001 1.301 0.001
измерением 0.001 2.0 0.002
укусил 0.001 2.0 0.002
положить 0.003 1.523 0.005
правда 0.002 0.509 0.001
выраженных 0.001 2.0 0.002
гипертермию 0.002 2.0 0.004
анонимно 0.001 0.066 0.0
видимо 0.001 0.824 0.001
ртутные 0.001 2.0 0.002
информацию 0.001 0.62 0.001
средство 0.001 1.301 0.001
ваша 0.002 0.102 0.0
выписались 0.001 2.0 0.002
чаще 0.003 0.602 0.002
рту 0.003 1.523 0.005
мылом 0.001 1.699 0.002
специалистам 0.001 1.523 0.002
каким-то 0.001 1.046 0.001
термометров 0.001 2.0 0.002
поводом 0.001 1.398 0.001
инсульте 0.001 1.699 0.002
ртутный 0.001 2.0 0.002
заболевания 0.003 0.62 0.002
связанный 0.001 1.699 0.002
читателейнам 0.001 0.174 0.0
цикла 0.001 1.699 0.002
куки 0.001 0.066 0.0
минут 0.001 0.854 0.001
страны 0.001 0.444 0.0
согнуть 0.001 2.0 0.002
недавно 0.002 0.62 0.001
никаких 0.001 0.602 0.001
заболевание 0.001 0.854 0.001
понижена 0.003 2.0 0.006
использование 0.001 0.066 0.0
метод 0.001 1.398 0.001
руку 0.001 1.155 0.001
изучены 0.001 1.301 0.001
ухудшает 0.001 1.699 0.002
ориентируясь 0.001 1.699 0.002
меняться 0.001 1.398 0.001
порядку 0.001 0.066 0.0
центры 0.001 1.222 0.001
карточек 0.001 0.62 0.001
редко 0.001 1.301 0.001
тяжелое 0.001 1.097 0.001
года 0.001 0.167 0.0
горячий 0.001 2.0 0.002
°c 0.014 1.523 0.021
диабете 0.001 2.0 0.002
кортикостероиды 0.001 2.0 0.002
en 0.001 0.066 0.0
ел 0.001 2.0 0.002
температуре 0.001 1.523 0.002
необходимо 0.003 0.585 0.002
хуже 0.001 0.699 0.001
проходите 0.001 2.0 0.002
разница 0.001 0.886 0.001
покурили 0.001 2.0 0.002
здоровье 0.001 1.155 0.001
самый 0.002 0.721 0.001
предлагает 0.001 0.959 0.001
дней 0.001 0.337 0.0
памяти 0.001 1.523 0.002
клещ 0.001 2.0 0.002
распространено 0.001 0.102 0.0
другом 0.001 0.721 0.001
причинам 0.001 0.959 0.001
ios 0.001 0.066 0.0
будут 0.001 0.301 0.0
человека 0.006 0.328 0.002
сопутствующие 0.001 2.0 0.002
встречаются 0.001 1.398 0.001
насадки 0.001 2.0 0.002
оставаться 0.001 0.921 0.001
муниципальные 0.001 2.0 0.002
возраста 0.003 0.886 0.003
уточнения 0.002 1.523 0.003
несколько 0.001 0.201 0.0
полградуса 0.001 2.0 0.002
прямо 0.001 0.357 0.0
среднем 0.002 0.886 0.002
разным 0.001 1.097 0.001
причина 0.001 0.959 0.001
факторы 0.001 1.222 0.001
сознания 0.002 1.301 0.003
ухаживать 0.001 1.523 0.002
ибупрофен 0.002 2.0 0.004
парацетамол 0.001 1.398 0.001
свой 0.001 0.585 0.001
могут 0.002 0.187 0.0
прямой 0.002 1.046 0.002
остальных 0.002 1.097 0.002
приступ 0.001 2.0 0.002
доказательства 0.001 1.155 0.001
мороз 0.001 2.0 0.002
медузы 0.001 0.268 0.0
прозрачный 0.001 2.0 0.002
довольно 0.001 0.523 0.001
одном 0.001 0.699 0.001
трех 0.001 0.638 0.001
профилактике 0.001 1.046 0.001
найти 0.001 0.602 0.001
подавляющие 0.001 2.0 0.002
гипертиреоза 0.001 2.0 0.002
вообще 0.006 0.066 0.0
состояние 0.001 0.921 0.001
точными 0.001 2.0 0.002
гипотиреозе 0.001 2.0 0.002
начале 0.001 0.602 0.001
момент 0.001 0.481 0.0
отравлении 0.001 2.0 0.002
эпидемии 0.001 1.097 0.001
картинке 0.001 1.699 0.002
подтверждений 0.001 1.699 0.002
слишком 0.007 0.553 0.004
0,26 0.001 2.0 0.002
столько 0.001 0.921 0.001
почечной 0.001 2.0 0.002
подозрение 0.001 1.398 0.001
нормально 0.004 1.097 0.004
появилась 0.003 0.886 0.003
нашли 0.001 0.066 0.0
связи 0.001 0.0 0.0
животе 0.001 2.0 0.002
какие 0.001 0.569 0.001
медуза 0.003 0.066 0.0
выбрать 0.002 1.301 0.003
нормальная 0.001 1.398 0.001
нам 0.001 0.086 0.0
согласно 0.001 0.745 0.001
помочь 0.001 0.131 0.0
всемирная 0.002 1.046 0.002
скорее 0.001 0.509 0.001
температуру 0.016 1.699 0.027
значений 0.001 1.155 0.001
доли 0.001 1.398 0.001
этому 0.001 0.432 0.0
ощущения 0.001 1.301 0.001
стало 0.001 0.481 0.0
зависимости 0.001 0.796 0.001
инфекция 0.002 1.0 0.002
юридическим 0.001 0.102 0.0
часа 0.001 0.77 0.001
максимально 0.001 0.721 0.001
безотносительно 0.001 2.0 0.002
рвет 0.001 1.699 0.002
контролю 0.001 1.046 0.001
материалам 0.001 0.066 0.0
срочно 0.001 0.167 0.0
меньше 0.001 0.444 0.0
случае 0.001 0.357 0.0
надежные 0.001 1.046 0.001
стали 0.001 0.42 0.0
данный 0.001 0.824 0.001
факторов 0.001 1.097 0.001
обращать 0.001 1.699 0.002
иностранным 0.001 0.097 0.0
лучшеподержать 0.001 2.0 0.002
химиотерапию 0.001 2.0 0.002
головы 0.001 1.301 0.001
нужно 0.008 0.237 0.002
вина 0.001 1.398 0.001
например 0.01 0.229 0.002
показания 0.001 2.0 0.002
привезли 0.001 1.398 0.001
которое 0.001 0.337 0.0
как-то 0.002 0.699 0.001
что-то 0.001 0.569 0.001
сыпь 0.001 2.0 0.002
ctrl+enter 0.001 0.066 0.0
водку 0.001 2.0 0.002
безопасно 0.001 0.066 0.0
новостиисторииразборшапитокоронавирусмагаз 0.001 0.066 0.0
обычно 0.002 0.523 0.001
скорую 0.006 1.398 0.008
мышкой 0.002 2.0 0.004
жаропонижающие 0.002 1.699 0.003
жаре 0.001 2.0 0.002
принимающие 0.001 2.0 0.002
youtube 0.001 0.06 0.0
чем-то 0.001 1.097 0.001
нервной 0.001 1.398 0.001
низкой 0.002 1.301 0.003
разрешается 0.001 2.0 0.002
либо 0.001 0.569 0.001
называется 0.001 1.0 0.001
создано 0.001 0.097 0.0
признаком 0.001 2.0 0.002
термометры 0.004 2.0 0.008
врачи 0.002 0.886 0.002
пневмонии 0.001 1.398 0.001
здравоохранения 0.002 0.658 0.001
одинакова 0.001 1.699 0.002
повышенную 0.003 2.0 0.006
поддержите 0.001 0.102 0.0
случилось 0.002 0.658 0.001
врачу 0.002 1.222 0.002
достаточно 0.001 0.444 0.0
отвечаем 0.001 1.155 0.001
нередко 0.002 1.222 0.002
пациенты 0.001 1.301 0.001
стакан 0.001 2.0 0.002
поэтому 0.001 0.328 0.0
идея 0.001 1.155 0.001
средством 0.001 0.102 0.0
воды 0.001 0.745 0.001
выполняющим 0.002 0.097 0.0
чувствует 0.001 1.398 0.001
вашего 0.001 1.046 0.001
нос 0.001 1.398 0.001
ошибку 0.001 0.066 0.0
условно 0.001 1.398 0.001
правильно 0.002 0.824 0.002
лет 0.002 0.252 0.001
нормальных 0.001 2.0 0.002
используется 0.001 0.796 0.001
говорят 0.001 0.432 0.0
здорового 0.001 2.0 0.002
пользу 0.002 0.886 0.002
измерять 0.007 1.699 0.012
коронавирусной 0.004 1.301 0.005
1–2,5 0.001 2.0 0.002
компании 0.001 0.523 0.001
проблемы 0.002 0.62 0.001
вопрос 0.002 0.42 0.001
неудобно 0.001 1.523 0.002
препаратов 0.001 1.0 0.001
бледнеет 0.001 2.0 0.002
надежны 0.001 2.0 0.002
данные 0.001 0.066 0.0
виске 0.001 2.0 0.002
язык 0.001 1.155 0.001
разбор 0.001 0.387 0.0
мире 0.001 0.553 0.001
вред 0.001 1.523 0.002
гипертермия 0.001 2.0 0.002
больницу 0.001 1.097 0.001
нашла 0.001 1.398 0.001
беспокойства 0.001 1.398 0.001
сбивать 0.001 1.699 0.002
нажмите 0.001 0.066 0.0
случаев 0.001 0.658 0.001
универсальным 0.001 2.0 0.002
считать 0.002 0.854 0.002
работникам 0.001 1.398 0.001
приеме 0.001 1.398 0.001
некоторых 0.002 0.523 0.001
нормальной 0.003 1.097 0.003
призывает 0.001 1.398 0.001
других 0.002 0.26 0.001
спортивной 0.001 1.699 0.002
иностранного 0.002 0.102 0.0
химические 0.001 2.0 0.002
человек 0.003 0.215 0.001
материал 0.001 0.086 0.0
большой 0.001 0.569 0.001
симптомов 0.001 0.886 0.001
обратиться 0.002 1.046 0.002
сахара 0.001 1.699 0.002
повышена 0.007 1.699 0.012
инструкции 0.001 1.155 0.001
таким 0.001 0.658 0.001
– 0.001 0.06 0.0
теплой 0.002 2.0 0.004
гипертермии 0.001 2.0 0.002
ванны 0.001 2.0 0.002
время 0.001 0.102 0.0
нами 0.001 0.066 0.0
отделить 0.001 1.398 0.001
старшего 0.002 1.523 0.003
экзотические 0.001 2.0 0.002
бета-блокаторов 0.001 2.0 0.002
выглядит 0.001 0.62 0.001
примерно 0.001 0.585 0.001
вазелина 0.001 2.0 0.002
работают 0.001 0.553 0.001
ректальных 0.002 2.0 0.004
академия 0.001 1.398 0.001
съели 0.001 2.0 0.002
пьет 0.001 2.0 0.002
иметь 0.001 0.824 0.001
значениях 0.001 1.523 0.002
значение 0.001 1.097 0.001
рекламаmeduza 0.001 0.066 0.0
полагаются 0.001 2.0 0.002
говорить 0.001 0.602 0.001
остального 0.001 1.301 0.001
принимать 0.001 0.721 0.001
боль 0.003 0.959 0.003
лицом 0.001 0.102 0.0
выше 0.003 0.509 0.002
точность 0.001 1.699 0.002
организм 0.002 1.222 0.002
функции 0.002 0.097 0.0
ребенка 0.001 0.824 0.001
сложные 0.001 1.301 0.001
фазы 0.001 0.959 0.001
поддерживает 0.001 1.301 0.001
появляться 0.001 1.222 0.001
дышать 0.002 1.398 0.003
вставить 0.001 2.0 0.002
решения 0.001 0.638 0.001
известно 0.001 0.481 0.0
высокая 0.001 1.046 0.001
симптомах 0.001 1.699 0.002
заболеваниям 0.001 1.523 0.002
быстро 0.002 0.495 0.001
определяют 0.003 1.398 0.004
уходит 0.001 1.0 0.001
избавляются 0.001 2.0 0.002
конкретного 0.001 1.155 0.001
течение 0.002 0.699 0.001
измеренная 0.002 1.699 0.003
свидетельство 0.001 1.699 0.002
перейти 0.001 0.066 0.0
перестает 0.001 1.398 0.001
травме 0.001 2.0 0.002
американские 0.001 1.097 0.001
поддержать 0.001 0.066 0.0
скованность 0.001 2.0 0.002
спине 0.001 1.699 0.002
кодекс 0.001 0.066 0.0
хочу 0.001 0.137 0.0
также 0.002 0.237 0.0
превышают 0.001 2.0 0.002
пониженном 0.001 2.0 0.002
медицинским 0.002 1.398 0.003
ориентироваться 0.001 1.398 0.001
звоните 0.004 2.0 0.008
средней 0.001 1.222 0.001
работу 0.001 0.658 0.001
люди 0.003 0.276 0.001
ноги 0.001 1.222 0.001
данное 0.001 0.097 0.0
операция 0.001 1.301 0.001
какой-то 0.001 0.538 0.001
сантиметра 0.001 2.0 0.002
апреля 0.001 1.097 0.001
здоровых 0.001 1.398 0.001
правила 0.001 0.066 0.0
температура 0.022 1.0 0.022
принимаете 0.001 1.699 0.002
использовать 0.003 0.585 0.002
пунктов 0.001 0.959 0.001
вконтакте 0.001 0.066 0.0
выпили 0.001 1.699 0.002
гипотермия 0.001 2.0 0.002
сказать 0.002 0.495 0.001
live 0.001 0.022 0.0
судорожный 0.001 2.0 0.002
низкая 0.003 1.301 0.004
блог 0.001 0.066 0.0
детей 0.001 0.523 0.001
ими 0.001 1.222 0.001
инстаграм 0.001 0.066 0.0
активности 0.001 1.301 0.001
температуры 0.001 1.155 0.001
© 0.001 0.0 0.0
вопросы 0.001 0.481 0.0
жаропонижающее 0.001 2.0 0.002
измерения 0.007 1.699 0.012
выделите 0.001 0.066 0.0
условиях 0.002 0.569 0.001
показатели 0.001 1.0 0.001
менструального 0.001 2.0 0.002
данных 0.001 0.481 0.0
площадки 0.001 1.398 0.001
ситуация 0.001 0.569 0.001
кончик 0.002 2.0 0.004
тела 0.001 1.0 0.001
начинает 0.001 0.959 0.001
принял 0.001 1.523 0.002
использования 0.001 0.921 0.001
meduzacare 0.001 0.066 0.0
предприятия 0.001 1.046 0.001
ректальный 0.001 2.0 0.002
жидкости 0.001 1.699 0.002
повышается 0.001 1.301 0.001
трясти 0.001 2.0 0.002
рекомендуют 0.002 0.796 0.002
саркисян 0.001 0.959 0.001
великобритании 0.001 0.745 0.001
кнопка 0.001 0.066 0.0
одежды 0.001 1.301 0.001
еды 0.001 1.097 0.001
средняя 0.001 1.523 0.002
отсутствии 0.001 1.398 0.001
показывают 0.001 1.097 0.001
дарья 0.001 0.959 0.001
потеет 0.001 2.0 0.002
вечерняя 0.001 0.066 0.0
это 0.016 0.066 0.001
спутанность 0.002 1.398 0.003
идеал 0.002 2.0 0.004
спину 0.001 2.0 0.002
другие 0.001 0.268 0.0
сильно 0.001 0.509 0.001
поддержки 0.001 0.066 0.0
непременно 0.001 2.0 0.002
решите 0.001 2.0 0.002
помощь 0.001 0.097 0.0
обезвоживания 0.001 1.699 0.002
гипогликемии 0.001 2.0 0.002
неплотно 0.001 1.699 0.002
идеальная 0.001 2.0 0.002
употребления 0.001 2.0 0.002
дело 0.001 0.509 0.001
читателей 0.001 0.658 0.001
прижимают 0.001 2.0 0.002
инструкцию 0.001 1.398 0.001
какое-то 0.001 0.959 0.001
беременны 0.001 2.0 0.002
регионах 0.001 0.886 0.001
инфекцией 0.002 1.222 0.002
работаем 0.001 0.161 0.0
принимают 0.001 1.222 0.001
симптом 0.001 1.699 0.002
дня 0.001 0.523 0.001
мнение 0.001 1.046 0.001
такая 0.001 0.553 0.001
среднее 0.001 1.523 0.002
места 0.003 0.886 0.003
наоборот 0.001 0.824 0.001
развитием 0.001 2.0 0.002
новой 0.003 0.585 0.002
жаропонижающими 0.001 2.0 0.002
исследовании 0.001 0.824 0.001
приема 0.001 1.301 0.001
остальные 0.002 0.854 0.002
котором 0.001 0.495 0.0
24/7 0.001 0.102 0.0
очевидно 0.001 0.959 0.001
android 0.001 0.066 0.0
леонид 0.001 2.0 0.002
english 0.001 0.06 0.0
новорожденные 0.001 1.699 0.002
состоянием 0.001 1.523 0.002
заподозрят 0.001 2.0 0.002
очевидная 0.001 1.699 0.002
частные 0.001 1.222 0.001
звонить 0.001 1.155 0.001
20–30 0.001 1.398 0.001
парфенов 0.001 2.0 0.002
хорошая 0.001 0.886 0.001
поддержка 0.001 0.167 0.0
нужна 0.003 0.092 0.0
оказалось 0.001 0.824 0.001
звукового 0.001 2.0 0.002
случаях 0.002 0.658 0.001
бороться 0.002 1.155 0.002
августе 0.001 1.0 0.001
забывать 0.001 1.222 0.001
всем 0.001 0.252 0.0
составил 0.001 1.523 0.002
дома 0.001 0.638 0.001
спиртом 0.001 2.0 0.002
те 0.001 0.357 0.0
требования 0.001 0.066 0.0
посмотреть 0.001 0.721 0.001
связаться 0.001 0.066 0.0
самом 0.001 0.481 0.0
ректальной 0.001 2.0 0.002
времени 0.001 0.523 0.001
крови 0.001 0.959 0.001
жара 0.003 2.0 0.006
прохладной 0.001 2.0 0.002
одышка 0.001 1.398 0.001
информации 0.001 0.102 0.0
состояния 0.002 0.959 0.002
тех 0.001 0.26 0.0
холодное 0.001 2.0 0.002
слабо 0.001 1.398 0.001
энергетиками 0.001 2.0 0.002
экстази 0.001 2.0 0.002
измерить 0.001 1.301 0.001
появиться 0.001 1.097 0.001
способом 0.001 1.155 0.001
инфракрасные 0.001 2.0 0.002
больницы 0.001 0.77 0.001
измерений 0.002 2.0 0.004
алкоголем 0.001 1.699 0.002
высоких 0.001 1.301 0.001
разброс 0.001 1.699 0.002
ними 0.001 0.585 0.001
риски 0.001 0.77 0.001
термометр 0.008 2.0 0.016
медузе 0.002 0.066 0.0
хронической 0.001 1.523 0.002
системе 0.001 1.097 0.001
боку 0.001 2.0 0.002
бывает 0.002 1.0 0.002
организация 0.002 0.886 0.002
нормальную 0.002 1.699 0.003
физической 0.001 2.0 0.002
facebook 0.001 0.0 0.0
централизованных 0.001 2.0 0.002
медузу 0.002 0.066 0.0
мыть 0.001 1.222 0.001
менее 0.001 0.432 0.0
ниже 0.004 0.77 0.003
обработки 0.001 0.066 0.0
симптомы 0.002 0.959 0.002
вернулись 0.001 1.523 0.002
шее 0.001 1.699 0.002
массовой 0.001 0.097 0.0
возвращается 0.001 1.398 0.001
вроде 0.002 0.658 0.001
непосредственно 0.002 0.959 0.002
инфекционным 0.001 1.699 0.002
повышенная 0.003 1.155 0.003
составляла 0.001 1.699 0.002
примите 0.001 1.699 0.002
возникнуть 0.002 1.155 0.002
смазать 0.001 2.0 0.002
холодной 0.001 1.699 0.002
спасибоgiphyза 0.001 0.066 0.0
показывать 0.001 0.066 0.0
кишке 0.002 2.0 0.004
twitter 0.001 0.0 0.0
термометра 0.002 2.0 0.004
улице 0.001 0.886 0.001
магических 0.001 2.0 0.002
пожалуйста 0.001 0.102 0.0
должен 0.001 0.585 0.001
означает 0.002 0.62 0.001
заболеваний 0.001 0.745 0.001
подвержены 0.001 1.699 0.002
держится 0.001 1.155 0.001
надавливании 0.001 2.0 0.002
платформы 0.002 0.066 0.0
средства 0.001 1.0 0.001
каждого 0.001 0.678 0.001
недостаточностью 0.001 2.0 0.002
трудом 0.001 1.222 0.001
именно 0.001 0.244 0.0
официальных 0.001 0.921 0.001
персональные 0.001 0.066 0.0
очень 0.006 0.149 0.001
состоянии 0.001 1.222 0.001
которые 0.001 0.119 0.0
активно 0.001 0.77 0.001
жарком 0.001 2.0 0.002
диарея 0.001 2.0 0.002
meduza 0.002 0.0 0.0
частый 0.001 1.523 0.002
электронные 0.001 1.523 0.002
тренировки 0.001 1.699 0.002
ухе 0.001 2.0 0.002
уровне 0.001 0.638 0.001
появилось 0.001 0.854 0.001
помогают 0.001 0.886 0.001
подмышечных 0.001 2.0 0.002
иммунной 0.002 0.959 0.002
потеря 0.001 1.398 0.001
живот 0.001 1.699 0.002
сильная 0.002 1.155 0.002
градуса 0.001 2.0 0.002
определить 0.001 1.523 0.002
мешать 0.001 1.398 0.001
алкоголе 0.001 2.0 0.002
внимание 0.001 0.658 0.001
вряд 0.001 0.854 0.001
пяти 0.001 0.959 0.001
существует 0.001 0.745 0.001
самая 0.001 0.854 0.001
отговаривают 0.001 1.699 0.002
российским 0.001 0.092 0.0
одной 0.001 0.398 0.0
нагревается 0.001 2.0 0.002
результат 0.001 0.77 0.001
которых 0.001 0.237 0.0
пейте 0.001 2.0 0.002
физические 0.001 2.0 0.002
обычные 0.001 1.523 0.002
тому 0.001 0.509 0.001
заранее 0.001 0.959 0.001
реклама 0.002 0.066 0.0
домашних 0.001 1.301 0.001
делать 0.004 0.276 0.001
однако 0.002 0.337 0.001
из-за 0.002 0.229 0.0
удобны 0.001 2.0 0.002
интересах 0.001 0.167 0.0
встречается 0.001 1.301 0.001
нюанс 0.001 2.0 0.002
цифр 0.001 1.699 0.002
бесконтактные 0.001 2.0 0.002
сообщение 0.001 0.102 0.0
точнее 0.002 0.921 0.002
плохо 0.001 0.569 0.001
пациента 0.001 1.097 0.001
препараты 0.001 0.824 0.001
доступный 0.001 2.0 0.002
