какова 0.001 1.222 0.001
редакции 0.002 0.066 0.0
эпидемиологических 0.001 1.301 0.001
помещении 0.001 0.959 0.001
активны 0.001 2.0 0.002
ждать 0.001 0.745 0.001
баннерам 0.001 0.066 0.0
наблюдения 0.001 1.155 0.001
изменились 0.001 1.398 0.001
россии 0.008 0.119 0.001
гемагглютинина 0.001 2.0 0.002
елену 0.001 1.699 0.002
еэз 0.001 2.0 0.002
гифки 0.001 0.066 0.0
инфекции 0.001 0.77 0.001
сентябрь 0.001 1.699 0.002
зависит 0.001 0.638 0.001
агента 0.002 0.097 0.0
прививках 0.001 1.155 0.001
людей 0.004 0.161 0.001
предыдущий 0.001 1.523 0.002
сезонного 0.001 2.0 0.002
предположить 0.001 0.959 0.001
говорит 0.001 0.409 0.0
кроме 0.002 0.387 0.001
способности 0.001 1.046 0.001
опираемся 0.001 2.0 0.002
автономной 0.001 2.0 0.002
маленьких 0.001 1.523 0.002
in 0.001 0.0 0.0
выработался 0.001 1.699 0.002
александра 0.001 1.155 0.001
производства 0.001 0.77 0.001
эксперты 0.001 0.959 0.001
эффективности 0.002 0.678 0.001
хронических 0.002 1.301 0.003
сложный 0.001 1.301 0.001
показали 0.001 1.0 0.001
таких 0.002 0.347 0.001
министерства 0.001 1.155 0.001
разными 0.001 0.824 0.001
месяцы 0.001 1.155 0.001
тяжелым 0.001 1.523 0.002
минздрав 0.001 0.824 0.001
правда 0.001 0.509 0.001
консультацию 0.001 1.699 0.002
который 0.001 0.194 0.0
риск 0.002 0.538 0.001
нии 0.001 2.0 0.002
анонимно 0.001 0.066 0.0
риновирусы 0.001 2.0 0.002
вызвать 0.001 1.155 0.001
ваша 0.002 0.102 0.0
исключение 0.001 1.398 0.001
вызывать 0.003 0.921 0.003
чаще 0.001 0.602 0.001
опираются 0.001 2.0 0.002
выпущены 0.001 2.0 0.002
прививку 0.001 0.77 0.001
каким-то 0.001 1.046 0.001
распространение 0.001 0.854 0.001
параметрам 0.001 1.398 0.001
меняющихся 0.001 2.0 0.002
заболевания 0.004 0.62 0.002
читателейнам 0.001 0.174 0.0
сразу 0.001 0.553 0.001
куки 0.001 0.066 0.0
названия 0.001 1.222 0.001
никаких 0.002 0.602 0.001
ноября 0.001 0.745 0.001
кругом 0.001 1.523 0.002
удалось 0.002 0.523 0.001
vaccines 0.001 2.0 0.002
вакцину 0.002 0.824 0.002
использование 0.001 0.066 0.0
вводили 0.001 1.699 0.002
обострять 0.001 1.699 0.002
совигрипп 0.001 2.0 0.002
вакцина 0.003 0.721 0.002
меняться 0.001 1.398 0.001
порядку 0.001 0.066 0.0
вакцинопрофилактики 0.001 2.0 0.002
карточек 0.002 0.62 0.001
инфицированы 0.001 2.0 0.002
года 0.002 0.167 0.0
en 0.001 0.066 0.0
заболеваниями 0.001 1.155 0.001
эффективностью 0.001 0.921 0.001
росздравнадзора 0.001 1.699 0.002
осложнениями 0.001 2.0 0.002
савинову 0.001 2.0 0.002
указывающие 0.001 2.0 0.002
5a-187a 0.002 2.0 0.004
устанавливаться 0.001 2.0 0.002
сожалению 0.002 0.569 0.001
формирования 0.001 1.523 0.002
серьезные 0.001 1.097 0.001
распространено 0.001 0.102 0.0
ежегодной 0.001 2.0 0.002
определенных 0.001 1.398 0.001
причинам 0.001 0.959 0.001
еженедельном 0.001 2.0 0.002
насколько 0.001 0.42 0.0
ios 0.001 0.066 0.0
мышей 0.003 1.699 0.005
октября 0.002 1.0 0.002
гриппе 0.001 2.0 0.002
последнем 0.001 1.699 0.002
человека 0.002 0.328 0.001
описаны 0.001 1.046 0.001
сезон 0.002 1.699 0.003
выполнены 0.001 1.699 0.002
несколько 0.005 0.201 0.001
способны 0.001 1.301 0.001
куриных 0.001 1.699 0.002
вируса 0.001 0.721 0.001
неживые 0.001 1.699 0.002
смородинцева 0.001 2.0 0.002
сывороткой 0.001 1.699 0.002
крайней 0.001 0.721 0.001
могут 0.003 0.187 0.001
изменилась 0.001 1.097 0.001
остальных 0.001 1.097 0.001
должно 0.001 0.658 0.001
рекомендации 0.003 0.824 0.002
небактериального 0.001 2.0 0.002
относящихся 0.001 1.699 0.002
этих 0.003 0.337 0.001
коронавирус 0.001 0.854 0.001
сезоне 0.011 1.699 0.019
одном 0.001 0.699 0.001
пока 0.001 0.208 0.0
трех 0.001 0.638 0.001
заболеваемость 0.001 1.046 0.001
разновидности 0.001 2.0 0.002
одно 0.001 0.699 0.001
найти 0.001 0.602 0.001
профилактике 0.001 1.046 0.001
данном 0.002 1.097 0.002
автор 0.001 1.0 0.001
вариантам 0.001 1.523 0.002
опубликованные 0.001 1.523 0.002
столь 0.001 1.046 0.001
помогали 0.001 1.222 0.001
вообще 0.005 0.066 0.0
елена 0.001 1.0 0.001
гриппол 0.005 1.699 0.008
основании 0.002 0.854 0.002
низкие 0.001 2.0 0.002
неврологическими 0.001 2.0 0.002
национальном 0.001 1.523 0.002
лишь 0.002 0.481 0.001
изучали 0.001 1.398 0.001
вирусам 0.001 1.699 0.002
начале 0.002 0.602 0.001
лабораторно 0.001 2.0 0.002
предполагают 0.001 1.398 0.001
2009–2010 0.001 2.0 0.002
ес 0.001 1.0 0.001
описана 0.001 1.523 0.002
эпидемии 0.003 1.097 0.003
адено- 0.001 2.0 0.002
научных 0.001 1.155 0.001
испытания 0.001 1.046 0.001
утверждать 0.001 1.155 0.001
правительства 0.001 0.921 0.001
решаешь 0.001 2.0 0.002
неизвестно 0.001 0.77 0.001
предыдущих 0.001 1.398 0.001
своем 0.001 0.745 0.001
иммунитета 0.002 0.886 0.002
временем 0.001 0.921 0.001
представлена 0.001 1.222 0.001
нашли 0.001 0.066 0.0
связи 0.002 0.0 0.0
определенные 0.001 1.155 0.001
медуза 0.004 0.066 0.0
одного 0.001 0.432 0.0
пневмококком 0.006 2.0 0.012
микрограммов 0.001 2.0 0.002
вирусы 0.003 1.301 0.004
нам 0.002 0.086 0.0
помочь 0.001 0.131 0.0
всемирная 0.001 1.046 0.001
центр 0.001 0.77 0.001
мало 0.001 0.538 0.001
октябрь 0.001 1.398 0.001
b. 0.001 2.0 0.002
нарушениями 0.001 1.699 0.002
поменялись 0.001 2.0 0.002
роль 0.001 0.796 0.001
обострение 0.001 2.0 0.002
юридическим 0.001 0.102 0.0
включали 0.001 2.0 0.002
группе 0.001 0.745 0.001
заболеванием 0.002 1.155 0.002
рекордно 0.001 2.0 0.002
вызванного 0.002 1.699 0.003
контролю 0.001 1.046 0.001
оказалась 0.001 0.796 0.001
среднего 0.001 1.301 0.001
материалам 0.001 0.066 0.0
прививка 0.001 1.046 0.001
иностранной 0.001 1.523 0.002
срочно 0.001 0.167 0.0
говорится 0.001 0.824 0.001
регистрируют 0.001 2.0 0.002
вследствие 0.001 1.699 0.002
предусматривают 0.001 1.699 0.002
другим 0.001 0.62 0.001
несмотря 0.002 0.456 0.001
меньше 0.002 0.444 0.001
случае 0.003 0.357 0.001
ограничения 0.001 0.745 0.001
развития 0.001 0.886 0.001
применимо 0.001 2.0 0.002
иммуногенности 0.001 1.301 0.001
беспалова 0.001 2.0 0.002
факторов 0.001 1.097 0.001
иностранным 0.001 0.097 0.0
европейский 0.001 1.097 0.001
реестра 0.001 1.398 0.001
осложнений 0.004 1.155 0.005
нужно 0.006 0.237 0.001
организации 0.001 0.658 0.001
числу 0.001 1.097 0.001
относительно 0.001 0.721 0.001
случаи 0.001 0.721 0.001
взрослые 0.001 1.222 0.001
например 0.002 0.229 0.0
календарного 0.001 2.0 0.002
указано 0.001 1.0 0.001
началась 0.001 0.678 0.001
доступной 0.001 2.0 0.002
усиливают 0.001 2.0 0.002
решение 0.001 0.509 0.001
встречаемость 0.001 2.0 0.002
которое 0.001 0.337 0.0
что-то 0.001 0.569 0.001
ctrl+enter 0.001 0.066 0.0
февраля 0.001 0.387 0.0
исследованиях 0.001 0.854 0.001
безопасно 0.001 0.066 0.0
новостиисторииразборшапитокоронавирусмагаз 0.001 0.066 0.0
обычно 0.001 0.523 0.001
рано 0.001 0.921 0.001
youtube 0.001 0.06 0.0
низкой 0.001 1.301 0.001
северного 0.001 1.523 0.002
описывает 0.001 1.222 0.001
потерять 0.001 1.222 0.001
либо 0.003 0.569 0.002
создано 0.001 0.097 0.0
пороги 0.001 2.0 0.002
здравоохранения 0.002 0.658 0.001
получилось 0.001 0.886 0.001
группы 0.002 0.62 0.001
которая 0.003 0.301 0.001
прочие 0.001 2.0 0.002
рекомендациях 0.002 1.0 0.002
поддержите 0.001 0.102 0.0
моделях 0.001 1.523 0.002
5a-156k 0.002 2.0 0.004
потери 0.001 1.097 0.001
антигены 0.001 1.699 0.002
громким 0.001 1.699 0.002
защиту 0.001 1.097 0.001
респираторные 0.001 2.0 0.002
классических 0.001 2.0 0.002
рекомендовано 0.001 2.0 0.002
поэтому 0.007 0.328 0.002
многие 0.001 0.284 0.0
средством 0.001 0.102 0.0
развитии 0.001 1.398 0.001
a. 0.001 1.699 0.002
выполняющим 0.002 0.097 0.0
возможно 0.001 0.398 0.0
состояниями 0.001 1.699 0.002
году 0.001 0.367 0.0
принять 0.001 0.921 0.001
ошибку 0.001 0.066 0.0
измениться 0.001 1.699 0.002
сами 0.001 0.538 0.001
составу 0.001 1.523 0.002
лет 0.001 0.252 0.0
приводит 0.001 0.824 0.001
квадривалент 0.002 1.699 0.003
правило 0.001 1.097 0.001
безопасность 0.001 0.921 0.001
прививки 0.001 0.638 0.001
pubmed.gov 0.001 2.0 0.002
проблемы 0.001 0.62 0.001
вопрос 0.001 0.42 0.0
пытались 0.001 1.046 0.001
фактически 0.001 0.721 0.001
благодарит 0.001 1.301 0.001
книге 0.001 1.398 0.001
редких 0.001 1.155 0.001
феврале 0.001 1.097 0.001
ноября-декабря 0.001 2.0 0.002
оптимальные 0.001 2.0 0.002
ответы 0.001 1.0 0.001
предыдущем 0.001 2.0 0.002
данные 0.002 0.066 0.0
заразился 0.001 1.523 0.002
говорилось 0.001 1.398 0.001
поддержке 0.001 1.523 0.002
разбор 0.001 0.387 0.0
шесть 0.001 1.0 0.001
гарантирует 0.001 1.155 0.001
сдержать 0.001 1.699 0.002
каждой 0.001 0.959 0.001
данным 0.002 0.444 0.001
нажмите 0.001 0.066 0.0
литературе 0.001 1.222 0.001
случаев 0.002 0.658 0.001
стран 0.001 0.469 0.0
словами 0.001 0.824 0.001
вакцинологии 0.001 1.699 0.002
важные 0.001 0.854 0.001
некоторых 0.001 0.523 0.001
взрослых 0.001 1.301 0.001
российских 0.001 0.337 0.0
других 0.003 0.26 0.001
беременности 0.001 1.222 0.001
инфекциям 0.001 2.0 0.002
вызывающие 0.001 2.0 0.002
числе 0.001 0.31 0.0
эксперименте 0.001 1.523 0.002
иностранного 0.002 0.102 0.0
антигенов 0.002 2.0 0.004
человек 0.002 0.215 0.0
госпитализации 0.002 0.886 0.002
материал 0.002 0.086 0.0
поздно 0.002 1.301 0.003
большой 0.001 0.569 0.001
здоровья 0.002 0.959 0.002
a 0.006 0.699 0.004
целом 0.001 0.585 0.001
исследований 0.003 0.585 0.002
защищать 0.001 0.854 0.001
центров 0.001 1.222 0.001
децибел 0.001 2.0 0.002
респираторно-синцитиальный 0.001 2.0 0.002
простывают 0.001 2.0 0.002
– 0.001 0.06 0.0
новый 0.001 0.658 0.001
вакцинироваться 0.001 1.0 0.001
любой 0.001 0.745 0.001
время 0.003 0.102 0.0
ковида 0.001 0.444 0.0
leta 0.001 0.301 0.0
нами 0.001 0.066 0.0
стала 0.001 0.569 0.001
испытаний 0.001 0.921 0.001
дозе 0.001 1.523 0.002
подвиды 0.001 2.0 0.002
вирус 0.003 0.678 0.002
стоит 0.004 0.509 0.002
граница 0.001 1.699 0.002
конце 0.001 0.745 0.001
рекламаmeduza 0.001 0.066 0.0
никто 0.001 0.523 0.001
сильнее 0.001 0.959 0.001
кирилл 0.001 1.398 0.001
хотелось 0.001 1.155 0.001
лицом 0.001 0.102 0.0
получала 0.002 1.699 0.003
экономической 0.001 1.523 0.002
выше 0.002 0.509 0.001
вероятность 0.001 0.721 0.001
публикует 0.001 1.222 0.001
функции 0.002 0.097 0.0
ответить 0.001 0.886 0.001
отчетах 0.001 1.523 0.002
смерти 0.003 0.921 0.003
используются 0.001 0.921 0.001
известно 0.001 0.481 0.0
касается 0.001 0.602 0.001
звук 0.001 1.301 0.001
беременныхповышена 0.001 2.0 0.002
слуху 0.001 2.0 0.002
квадри 0.001 2.0 0.002
дети 0.002 0.721 0.001
уходит 0.001 1.0 0.001
вопросов 0.001 1.046 0.001
фаз 0.001 1.699 0.002
назад 0.002 0.18 0.0
другими 0.001 0.495 0.0
снова 0.001 0.678 0.001
безопасности 0.001 0.481 0.0
определенными 0.001 2.0 0.002
некоммерческой 0.001 1.699 0.002
перейти 0.001 0.066 0.0
поддержать 0.001 0.066 0.0
источник 0.001 0.174 0.0
астме 0.001 2.0 0.002
результатов 0.001 0.886 0.001
все-таки 0.001 0.553 0.001
теряли 0.001 2.0 0.002
обнаружить 0.001 1.097 0.001
зараженных 0.001 1.046 0.001
рекомендаций 0.001 1.155 0.001
состав 0.001 0.959 0.001
кодекс 0.001 0.066 0.0
случая 0.001 1.301 0.001
хочу 0.001 0.137 0.0
также 0.002 0.237 0.0
вырабатывается 0.001 1.523 0.002
ковид 0.002 0.796 0.002
масок 0.001 1.097 0.001
клинических 0.005 0.796 0.004
ecdc 0.001 2.0 0.002
прошлогодняя 0.001 2.0 0.002
основной 0.001 1.046 0.001
ориентироваться 0.001 1.398 0.001
такмногоданных 0.001 2.0 0.002
статьи 0.001 0.854 0.001
канадское 0.001 2.0 0.002
имеются 0.001 1.301 0.001
люди 0.001 0.276 0.0
оборот 0.001 1.301 0.001
данное 0.001 0.097 0.0
вирусов 0.005 1.155 0.006
штаммы 0.002 1.398 0.003
эмбрионах 0.001 1.699 0.002
качественными 0.001 2.0 0.002
неактивен 0.001 2.0 0.002
разновидностей 0.001 2.0 0.002
полной 0.001 1.155 0.001
слуха 0.002 2.0 0.004
типа 0.001 0.959 0.001
воз 0.006 0.796 0.005
кудрявцев 0.001 2.0 0.002
заражения 0.001 0.796 0.001
пройдет 0.001 1.523 0.002
регистрации 0.001 1.046 0.001
сравнению 0.002 0.796 0.002
выработаться 0.001 2.0 0.002
случаются 0.001 1.523 0.002
конец 0.001 1.155 0.001
правила 0.001 0.066 0.0
взрослыми 0.001 1.699 0.002
блога 0.001 1.301 0.001
повышен 0.001 1.523 0.002
антитела 0.002 0.959 0.002
вакцинации 0.007 0.553 0.004
отличаются 0.002 1.046 0.002
таково 0.001 2.0 0.002
аргумента 0.001 1.523 0.002
вконтакте 0.001 0.066 0.0
мае 0.001 1.523 0.002
опираться 0.001 1.398 0.001
plotkinʼs 0.001 2.0 0.002
предыдущими 0.001 1.398 0.001
защитит 0.001 1.699 0.002
live 0.001 0.022 0.0
непожилых 0.001 2.0 0.002
низкая 0.001 1.301 0.001
линии 0.001 1.222 0.001
состояниях 0.001 1.699 0.002
непожилыми 0.001 2.0 0.002
разумеется 0.001 1.398 0.001
зоне 0.001 1.398 0.001
лекарства 0.001 0.854 0.001
детей 0.002 0.523 0.001
блог 0.001 0.066 0.0
инстаграм 0.001 0.066 0.0
© 0.001 0.0 0.0
грипп 0.007 1.699 0.012
групп 0.003 0.77 0.002
угрожает 0.001 1.699 0.002
семейств 0.001 2.0 0.002
равно 0.002 0.638 0.001
вопросы 0.002 0.481 0.001
выделите 0.001 0.066 0.0
коллективный 0.001 1.222 0.001
разных 0.002 0.398 0.001
получить 0.001 0.553 0.001
простудился 0.001 2.0 0.002
данных 0.002 0.481 0.001
читайте 0.001 0.745 0.001
связана 0.001 1.0 0.001
недели 0.002 0.42 0.001
эффективны 0.001 1.301 0.001
легко 0.002 0.824 0.002
meduzacare 0.001 0.066 0.0
лучшая 0.001 1.699 0.002
против 0.003 0.229 0.001
результаты 0.002 0.62 0.001
оценить 0.001 0.796 0.001
рекомендуют 0.001 0.796 0.001
начинаются 0.001 1.222 0.001
той 0.001 0.62 0.001
бактериального 0.001 2.0 0.002
кнопка 0.001 0.066 0.0
хотя 0.001 0.276 0.0
правительство 0.001 0.824 0.001
астмы 0.001 1.699 0.002
эффективность 0.001 0.569 0.001
гриппа 0.04 1.046 0.042
риска 0.001 0.699 0.001
речь 0.001 0.432 0.0
вечерняя 0.001 0.066 0.0
испытаниях 0.001 1.222 0.001
это 0.008 0.066 0.001
варианты 0.001 1.097 0.001
вакцин 0.004 0.62 0.002
другие 0.003 0.268 0.001
пандемии 0.001 0.658 0.001
массовые 0.001 1.046 0.001
поддержки 0.001 0.066 0.0
ультрикса 0.002 2.0 0.004
защищает 0.002 0.921 0.002
afp 0.001 0.854 0.001
ношение 0.001 1.301 0.001
самой 0.001 0.699 0.001
исследованиями 0.001 1.301 0.001
помощь 0.001 0.097 0.0
нижняя 0.001 1.699 0.002
начинали 0.001 1.398 0.001
вакцинаций 0.001 1.398 0.001
простужаться 0.001 2.0 0.002
дело 0.001 0.509 0.001
российского 0.001 0.62 0.001
первые 0.001 0.585 0.001
работаем 0.001 0.161 0.0
автора 0.001 1.398 0.001
предположительно 0.001 1.301 0.001
статей 0.001 1.398 0.001
мнение 0.001 1.046 0.001
животных 0.001 0.854 0.001
базе 0.001 1.155 0.001
развитию 0.001 1.398 0.001
ответ 0.002 0.602 0.001
заражали 0.001 1.699 0.002
снижает 0.001 1.046 0.001
больнице 0.001 0.886 0.001
прививаться 0.005 0.921 0.005
эпидемия 0.001 1.301 0.001
биостатистика 0.001 2.0 0.002
участников 0.001 0.824 0.001
иммунитет 0.004 0.854 0.003
содержанию 0.001 2.0 0.002
исследование 0.001 0.658 0.001
24/7 0.001 0.102 0.0
хронические 0.002 1.523 0.003
отмечают 0.001 1.222 0.001
android 0.001 0.066 0.0
cdc 0.001 1.301 0.001
инфекций 0.002 1.097 0.002
english 0.001 0.06 0.0
мыши 0.002 2.0 0.004
любое 0.001 1.222 0.001
иммуногенность 0.001 1.523 0.002
отсутствие 0.001 0.921 0.001
научной 0.001 1.046 0.001
вариантов 0.002 0.854 0.002
особенно 0.001 0.553 0.001
поддержка 0.001 0.167 0.0
нужна 0.002 0.092 0.0
тяжелом 0.001 1.398 0.001
вакцинация 0.002 0.699 0.001
записях 0.001 2.0 0.002
мере 0.001 0.569 0.001
случаях 0.001 0.658 0.001
sars-cov-2 0.001 0.824 0.001
имеют 0.001 0.678 0.001
меры 0.001 0.854 0.001
савинова 0.001 1.523 0.002
те 0.002 0.357 0.001
оно 0.001 0.444 0.0
повышают 0.001 2.0 0.002
требования 0.001 0.066 0.0
связаться 0.001 0.066 0.0
гриппу 0.002 2.0 0.004
пожилых 0.001 1.222 0.001
происходит 0.001 0.387 0.0
отита 0.001 2.0 0.002
информации 0.001 0.102 0.0
неэффективной 0.001 1.699 0.002
вполне 0.001 0.699 0.001
прекратит 0.001 1.699 0.002
состояния 0.001 0.959 0.001
тех 0.002 0.26 0.001
смысл 0.001 0.959 0.001
конкретные 0.001 1.398 0.001
регулярные 0.001 1.699 0.002
содержат 0.001 1.398 0.001
попросила 0.001 1.301 0.001
влияло 0.001 2.0 0.002
подразделяют 0.001 2.0 0.002
тремя 0.001 1.301 0.001
путей 0.002 1.523 0.003
слышимости 0.001 2.0 0.002
почему 0.002 0.337 0.001
адъюванты 0.001 2.0 0.002
привиться 0.004 0.796 0.003
хронической 0.001 1.523 0.002
медузе 0.002 0.066 0.0
снижаться 0.001 1.699 0.002
объяснить 0.001 0.921 0.001
точно 0.001 0.481 0.0
непросто 0.001 1.155 0.001
бывает 0.001 1.0 0.001
соучредительницу 0.001 2.0 0.002
организация 0.001 0.886 0.001
сравнительные 0.001 2.0 0.002
поскольку 0.001 0.678 0.001
везде 0.001 1.046 0.001
facebook 0.001 0.0 0.0
публикуются 0.001 1.523 0.002
защищают 0.001 1.0 0.001
медузу 0.002 0.066 0.0
началу 0.001 1.301 0.001
обработки 0.001 0.066 0.0
менее 0.001 0.432 0.0
этим 0.001 0.337 0.0
болел 0.001 1.523 0.002
хорьков 0.001 1.699 0.002
профилактики 0.001 1.398 0.001
разрешил 0.001 1.699 0.002
успел 0.001 0.921 0.001
слух 0.002 1.699 0.003
массовой 0.001 0.097 0.0
здоровыми 0.001 2.0 0.002
проверяют 0.001 1.222 0.001
одновременную 0.001 2.0 0.002
контроля 0.001 1.222 0.001
эксперименты 0.001 1.301 0.001
понимаю 0.001 0.796 0.001
такие 0.001 0.444 0.0
scanpix 0.001 0.301 0.0
гриппом 0.01 1.699 0.017
реально 0.001 0.959 0.001
спасибоgiphyза 0.001 0.066 0.0
показывать 0.001 0.066 0.0
twitter 0.001 0.0 0.0
болезни 0.001 0.62 0.001
100-процентной 0.001 2.0 0.002
случай 0.001 0.921 0.001
пожалуйста 0.001 0.102 0.0
оказывались 0.001 1.699 0.002
заболеваний 0.004 0.745 0.003
платформы 0.002 0.066 0.0
2020–2021 0.002 2.0 0.004
каждого 0.001 0.678 0.001
исследования 0.002 0.481 0.001
именно 0.002 0.244 0.0
осложнения 0.001 1.301 0.001
легких 0.001 1.046 0.001
понять 0.001 0.721 0.001
карантины 0.001 2.0 0.002
прошлом 0.004 0.921 0.004
противостоять 0.001 1.699 0.002
вакцины 0.012 0.585 0.007
истерик 0.001 1.398 0.001
первая 0.001 0.77 0.001
персональные 0.001 0.066 0.0
перенесу 0.001 2.0 0.002
лабораторных 0.001 1.301 0.001
очень 0.001 0.149 0.0
способами 0.001 1.222 0.001
которые 0.009 0.119 0.001
активен 0.001 2.0 0.002
дыхательных 0.002 1.523 0.003
meduza 0.003 0.0 0.0
кого 0.001 0.509 0.001
одна 0.001 0.42 0.0
перечисленные 0.001 1.699 0.002
длинные 0.001 1.398 0.001
иммунный 0.001 1.155 0.001
подтвержден 0.001 2.0 0.002
январе 0.002 1.222 0.002
помнить 0.001 1.046 0.001
2019–2020 0.001 2.0 0.002
потеря 0.001 1.398 0.001
бюллетене 0.001 2.0 0.002
i—iii 0.001 2.0 0.002
плацебо 0.004 0.959 0.004
плюс 0.001 1.046 0.001
закончиться 0.001 1.097 0.001
зарегистрировали 0.002 1.097 0.002
год 0.001 0.409 0.0
входят 0.001 1.301 0.001
существует 0.001 0.745 0.001
российским 0.001 0.092 0.0
одной 0.003 0.398 0.001
которых 0.002 0.237 0.0
европейской 0.001 1.301 0.001
циркулировали 0.001 2.0 0.002
сердца 0.001 1.398 0.001
поднялась 0.001 1.699 0.002
спойлер 0.001 0.796 0.001
вакцинацию 0.001 0.824 0.001
прошлый 0.001 1.699 0.002
реклама 0.002 0.066 0.0
однако 0.003 0.337 0.001
делать 0.001 0.276 0.0
из-за 0.004 0.229 0.001
интересах 0.001 0.167 0.0
обструктивной 0.001 2.0 0.002
заявляется 0.001 2.0 0.002
подготовке 0.001 1.222 0.001
сша 0.003 0.469 0.001
недель 0.001 0.77 0.001
активность 0.001 1.523 0.002
сообщение 0.001 0.102 0.0
полушария 0.001 2.0 0.002
слышать 0.001 1.301 0.001
обязательное 0.001 1.523 0.002
сделать 0.001 0.357 0.0
