цб 0.004 1.301 0.005
некоторую 0.001 1.699 0.002
дефолт 0.002 2.0 0.004
российские 0.002 0.328 0.001
заемщиков 0.001 2.0 0.002
какую-то 0.002 1.097 0.002
управляемость 0.001 2.0 0.002
редакции 0.002 0.066 0.0
рынке 0.001 1.0 0.001
рынок 0.006 0.921 0.006
белоусов 0.001 2.0 0.002
нынешних 0.002 1.699 0.003
небольшой 0.001 1.046 0.001
счетов 0.001 2.0 0.002
какая-то 0.002 0.959 0.002
частных 0.002 1.301 0.003
оптимизм 0.002 1.699 0.003
ждать 0.001 0.745 0.001
баннерам 0.001 0.066 0.0
заблокирована 0.001 0.824 0.001
сама 0.001 0.658 0.001
действий 0.001 0.699 0.001
россии 0.003 0.119 0.0
действительно 0.001 0.377 0.0
бумаги 0.001 1.301 0.001
инфляции 0.002 2.0 0.004
сумму 0.001 2.0 0.002
сторонники 0.001 1.222 0.001
свободного 0.001 1.398 0.001
трансграничные 0.001 2.0 0.002
гифки 0.001 0.066 0.0
доцент 0.001 2.0 0.002
санкций 0.002 0.745 0.001
агента 0.002 0.097 0.0
людей 0.003 0.161 0.0
годов 0.001 1.0 0.001
бюджет 0.001 1.523 0.002
вернемся 0.001 2.0 0.002
предположить 0.001 0.959 0.001
говорит 0.001 0.409 0.0
пережить 0.001 1.398 0.001
кроме 0.002 0.387 0.001
пять 0.001 0.509 0.001
работал 0.002 1.046 0.002
откроются 0.001 1.699 0.002
совершенно 0.001 0.678 0.001
сигналом 0.001 2.0 0.002
неприятный 0.001 2.0 0.002
in 0.001 0.0 0.0
обстановки 0.001 1.699 0.002
разумной 0.001 2.0 0.002
крайне 0.001 0.721 0.001
посмотрит 0.001 2.0 0.002
смягчения 0.001 1.699 0.002
фондовым 0.001 2.0 0.002
велика 0.002 1.301 0.003
тяжелых 0.001 0.921 0.001
ожидается 0.001 1.301 0.001
причем 0.001 0.62 0.001
сформируется 0.001 2.0 0.002
допустить 0.001 1.097 0.001
2006-го 0.001 2.0 0.002
способы 0.001 1.222 0.001
настоящее 0.001 1.155 0.001
операции 0.001 0.886 0.001
укрепляет 0.001 2.0 0.002
весьма 0.001 1.222 0.001
держать 0.001 1.155 0.001
постарались 0.001 1.398 0.001
понял 0.001 1.398 0.001
системы 0.001 0.585 0.001
накопления 0.005 1.398 0.007
небольшими 0.001 1.523 0.002
разными 0.001 0.824 0.001
вложиться 0.001 1.699 0.002
каких 0.001 0.854 0.001
нынешнее 0.001 1.699 0.002
постепенно 0.001 1.222 0.001
подумать 0.002 1.523 0.003
зубаревич 0.002 1.699 0.003
который 0.002 0.194 0.0
союзе 0.001 1.301 0.001
старые 0.001 1.398 0.001
использовании 0.001 1.222 0.001
анонимно 0.001 0.066 0.0
ответил 0.001 1.046 0.001
рисков 0.002 0.959 0.002
reuters 0.001 0.745 0.001
просто 0.002 0.194 0.0
ваша 0.002 0.102 0.0
допущены 0.001 2.0 0.002
привела 0.001 1.046 0.001
шансы 0.001 0.959 0.001
готова 0.002 1.155 0.002
подушкой 0.001 1.699 0.002
привлекательность 0.001 2.0 0.002
высокой 0.001 0.959 0.001
стратегия 0.001 1.398 0.001
удастся 0.001 1.155 0.001
труднее 0.001 0.721 0.001
относительная 0.001 1.523 0.002
способствует 0.001 1.222 0.001
спасть 0.001 2.0 0.002
читателейнам 0.001 0.174 0.0
значительные 0.001 2.0 0.002
куки 0.001 0.066 0.0
геополитической 0.001 1.699 0.002
.. 0.002 1.523 0.003
страны 0.001 0.444 0.0
никаких 0.001 0.602 0.001
либерализовать 0.001 2.0 0.002
удалось 0.001 0.523 0.001
традиционные 0.001 1.523 0.002
заметно 0.002 1.222 0.002
использование 0.001 0.066 0.0
зло 0.001 1.398 0.001
называемых 0.001 1.222 0.001
кредиты 0.002 2.0 0.004
отнюдь 0.001 2.0 0.002
дальше 0.002 0.523 0.001
порядку 0.001 0.066 0.0
кажется 0.002 0.469 0.001
благополучно 0.001 1.699 0.002
карточной 0.001 2.0 0.002
золото 0.003 1.699 0.005
года 0.006 0.167 0.001
разгулу 0.001 2.0 0.002
таять 0.001 2.0 0.002
понимает 0.001 1.155 0.001
валютах 0.001 2.0 0.002
en 0.001 0.066 0.0
сохранить 0.002 0.921 0.002
валютам 0.002 2.0 0.004
предполагалось 0.001 1.398 0.001
ценная 0.001 2.0 0.002
работает 0.001 0.367 0.0
рынкам 0.001 2.0 0.002
кредитный 0.001 1.699 0.002
болезненный 0.001 2.0 0.002
начали 0.002 0.481 0.001
сторону 0.001 0.796 0.001
делает 0.001 0.886 0.001
серьезные 0.001 1.097 0.001
хестанов 0.002 2.0 0.004
памяти 0.001 1.523 0.002
распространено 0.001 0.102 0.0
сколько 0.002 0.585 0.001
насколько 0.004 0.42 0.002
ios 0.001 0.066 0.0
придется 0.001 0.854 0.001
будут 0.004 0.301 0.001
человека 0.001 0.328 0.0
космос 0.001 1.301 0.001
попытке 0.001 2.0 0.002
российской 0.001 0.432 0.0
сократит 0.001 2.0 0.002
господин 0.001 1.523 0.002
наличной 0.001 2.0 0.002
встречаются 0.001 1.398 0.001
нежелание 0.001 1.301 0.001
несколько 0.001 0.201 0.0
вице-премьер 0.001 1.523 0.002
прямо 0.002 0.357 0.001
среднем 0.001 0.886 0.001
вкладов 0.002 2.0 0.004
безработными 0.002 1.523 0.003
укрепило 0.001 2.0 0.002
ставка 0.002 2.0 0.004
накоплениями 0.002 2.0 0.004
деньги 0.002 0.77 0.002
могут 0.002 0.187 0.0
день 0.002 0.328 0.001
владимир 0.002 0.62 0.001
международными 0.001 1.301 0.001
раза 0.001 0.602 0.001
ссср 0.001 1.155 0.001
довольно 0.006 0.523 0.003
рыночности 0.001 2.0 0.002
зарубежный 0.001 2.0 0.002
этих 0.002 0.337 0.001
грамма 0.001 2.0 0.002
пока 0.001 0.208 0.0
самыми 0.001 1.523 0.002
долго 0.001 0.745 0.001
работать 0.003 0.409 0.001
небольших 0.001 1.398 0.001
удивительно 0.002 1.398 0.003
применимость 0.001 2.0 0.002
твердым 0.001 2.0 0.002
соображения 0.002 2.0 0.004
говорите 0.001 1.155 0.001
вообще 0.002 0.066 0.0
логика 0.002 1.699 0.003
консервативным 0.001 2.0 0.002
поведут 0.001 2.0 0.002
разорится 0.001 2.0 0.002
олег 0.002 1.398 0.003
выплатит 0.001 2.0 0.002
надежда 0.001 1.155 0.001
объясняет 0.001 0.658 0.001
дни 0.001 0.721 0.001
позднесоветские 0.001 2.0 0.002
истории 0.001 0.337 0.0
исчезающе 0.001 1.699 0.002
выжить 0.001 1.398 0.001
отговорить 0.001 1.699 0.002
едва 0.001 1.523 0.002
экономика 0.002 1.398 0.003
нынешнем 0.001 1.398 0.001
стабилизируется 0.001 2.0 0.002
правительства 0.001 0.921 0.001
способность 0.001 0.959 0.001
степени 0.001 0.721 0.001
валют 0.001 1.699 0.002
конвертируемость 0.001 2.0 0.002
миллионов 0.001 0.638 0.001
внушает 0.002 2.0 0.004
крупных 0.002 0.959 0.002
период 0.001 0.796 0.001
нашли 0.001 0.066 0.0
связи 0.001 0.0 0.0
вкладываться 0.001 1.699 0.002
понятнее 0.001 1.155 0.001
медуза 0.003 0.066 0.0
одного 0.001 0.432 0.0
непростых 0.001 2.0 0.002
рынка 0.005 1.097 0.005
месяцев 0.001 0.602 0.001
нам 0.002 0.086 0.0
вблизи 0.001 1.699 0.002
вещах 0.001 1.301 0.001
долгосрочных 0.001 2.0 0.002
помочь 0.002 0.131 0.0
скорее 0.002 0.509 0.001
явочным 0.001 2.0 0.002
последние 0.002 0.456 0.001
центробанка 0.001 2.0 0.002
выплаты 0.001 1.699 0.002
далеких 0.001 1.699 0.002
этому 0.001 0.432 0.0
попытаются 0.001 1.699 0.002
мало 0.001 0.538 0.001
советует 0.001 1.301 0.001
открыть 0.001 1.155 0.001
кризис 0.001 1.097 0.001
продолжаем 0.001 0.699 0.001
заведомо 0.001 1.523 0.002
чувствительно 0.001 1.699 0.002
падает 0.002 1.222 0.002
стало 0.001 0.481 0.0
юридическим 0.001 0.102 0.0
мягко 0.001 1.301 0.001
материалам 0.001 0.066 0.0
девальвация 0.001 2.0 0.002
доллару 0.001 2.0 0.002
срочно 0.001 0.167 0.0
снижения 0.001 1.155 0.001
радикально 0.002 1.301 0.003
бумага 0.001 2.0 0.002
начальника 0.001 1.523 0.002
совершать 0.001 1.699 0.002
рынки 0.001 1.699 0.002
баланс 0.002 1.699 0.003
другим 0.001 0.62 0.001
несмотря 0.002 0.456 0.001
похожую 0.001 1.523 0.002
возникновения 0.001 1.046 0.001
ограничения 0.002 0.745 0.001
шеметов 0.001 1.699 0.002
крупную 0.001 1.699 0.002
стали 0.001 0.42 0.0
принимает 0.002 1.046 0.002
само 0.001 0.921 0.001
взглядами 0.001 2.0 0.002
сергей 0.002 0.886 0.002
капитала 0.001 1.523 0.002
прогнозам 0.001 2.0 0.002
иностранным 0.001 0.097 0.0
снятие 0.001 2.0 0.002
наличном 0.001 2.0 0.002
поступления 0.001 1.523 0.002
заемные 0.001 2.0 0.002
пике 0.001 1.398 0.001
относительно 0.001 0.721 0.001
экспертиза 0.001 2.0 0.002
ограничениям 0.001 1.398 0.001
необходимости 0.001 0.854 0.001
более-менее 0.001 1.155 0.001
свои 0.002 0.481 0.001
волне 0.002 1.301 0.003
простая 0.001 1.301 0.001
курсы 0.001 1.523 0.002
как-то 0.002 0.699 0.001
испортится 0.001 2.0 0.002
трудности 0.001 1.523 0.002
вещь 0.001 1.398 0.001
ctrl+enter 0.001 0.066 0.0
мнению 0.001 0.638 0.001
располагают 0.002 2.0 0.004
февраля 0.003 0.387 0.001
валютой 0.002 2.0 0.004
безопасно 0.001 0.066 0.0
новостиисторииразборшапитокоронавирусмагаз 0.001 0.066 0.0
импорт 0.002 1.523 0.003
вероятно 0.002 0.699 0.001
хранить 0.002 1.699 0.003
андрей 0.001 1.155 0.001
части 0.001 0.854 0.001
успешно 0.002 1.097 0.002
youtube 0.001 0.06 0.0
чем-то 0.001 1.097 0.001
либо 0.002 0.569 0.001
продаже 0.001 1.222 0.001
валютным 0.001 2.0 0.002
создано 0.001 0.097 0.0
купить 0.001 0.886 0.001
ограничений 0.002 0.824 0.002
деньгами 0.001 1.699 0.002
букет 0.001 2.0 0.002
банки 0.002 1.398 0.003
банально 0.001 1.699 0.002
поддержите 0.001 0.102 0.0
бумаг 0.001 2.0 0.002
определенность 0.001 2.0 0.002
рубль 0.002 1.699 0.003
гаситься 0.001 2.0 0.002
экономического 0.001 1.699 0.002
случилось 0.001 0.658 0.001
использовали 0.001 1.046 0.001
достаточно 0.005 0.444 0.002
вижу 0.001 0.745 0.001
буклемишев 0.002 1.699 0.003
подсластить 0.001 2.0 0.002
вдвое 0.001 1.222 0.001
поэтому 0.002 0.328 0.001
многие 0.008 0.284 0.002
средством 0.001 0.102 0.0
выполняющим 0.002 0.097 0.0
возможно 0.002 0.398 0.001
внутри 0.001 0.745 0.001
недостатков 0.001 1.301 0.001
возможность 0.002 0.569 0.001
году 0.001 0.367 0.0
возвращаемся 0.002 1.523 0.003
второе 0.001 1.398 0.001
ошибку 0.001 0.066 0.0
ужесточат 0.001 1.699 0.002
желающие 0.001 1.699 0.002
связка 0.002 1.699 0.003
наталья 0.002 1.097 0.002
специалист 0.001 1.301 0.001
лет 0.001 0.252 0.0
правильно 0.001 0.824 0.001
платить 0.002 1.398 0.003
пойдут 0.001 1.398 0.001
непростой 0.001 1.699 0.002
сократится 0.001 1.699 0.002
кредитования 0.001 2.0 0.002
задачи 0.001 1.301 0.001
центральный 0.001 2.0 0.002
где-то 0.001 0.721 0.001
пользу 0.001 0.886 0.001
чувствительной 0.001 2.0 0.002
ранхигс 0.001 1.699 0.002
проблемы 0.001 0.62 0.001
полугодовую 0.001 2.0 0.002
вопрос 0.002 0.42 0.001
проблем 0.001 0.796 0.001
базируется 0.001 1.699 0.002
кредитов 0.001 2.0 0.002
представители 0.001 1.097 0.001
особо 0.001 1.097 0.001
ограничена 0.002 1.699 0.003
неплохо 0.001 1.523 0.002
тупо 0.001 2.0 0.002
выходить 0.001 1.046 0.001
шокированы 0.001 2.0 0.002
данные 0.001 0.066 0.0
депозитов 0.002 2.0 0.004
безработицей 0.002 2.0 0.004
покупателей 0.001 1.699 0.002
вторглась 0.001 1.699 0.002
россияне 0.002 0.678 0.001
помочьхочу 0.001 0.886 0.001
биржи 0.001 1.699 0.002
гарантировать 0.001 1.301 0.001
валютный 0.002 2.0 0.004
общем-то 0.002 1.699 0.003
деле 0.001 0.553 0.001
девяностых 0.002 1.398 0.003
логичная 0.001 2.0 0.002
затягивать 0.001 2.0 0.002
своими 0.001 0.854 0.001
украину 0.001 0.523 0.001
рубля 0.004 1.523 0.006
текущих 0.002 1.699 0.003
нажмите 0.001 0.066 0.0
дефолта 0.002 1.699 0.003
затратно 0.001 2.0 0.002
сравнения 0.001 0.921 0.001
значимые 0.001 1.699 0.002
пофантазировать 0.001 2.0 0.002
ситуацию 0.001 0.796 0.001
увеличивалась 0.001 2.0 0.002
инвестиции 0.001 1.398 0.001
сложных 0.001 1.699 0.002
покупали 0.001 1.301 0.001
российских 0.001 0.337 0.0
подбираю 0.001 2.0 0.002
числе 0.002 0.31 0.001
отвечает 0.005 0.854 0.004
падение 0.002 1.155 0.002
рублевые 0.001 2.0 0.002
блока 0.001 1.523 0.002
иностранного 0.002 0.102 0.0
сможет 0.001 0.721 0.001
минфин 0.002 1.699 0.003
рублевых 0.001 2.0 0.002
человек 0.001 0.215 0.0
перестройки 0.001 2.0 0.002
материал 0.001 0.086 0.0
курса 0.001 1.398 0.001
большой 0.001 0.569 0.001
фондового 0.001 1.699 0.002
защите 0.001 1.155 0.001
сделать 0.002 0.357 0.001
надежду 0.002 1.301 0.003
зарплатой 0.001 2.0 0.002
меньшее 0.001 2.0 0.002
определенном 0.001 1.699 0.002
– 0.001 0.06 0.0
рубли 0.001 2.0 0.002
впечатление 0.001 1.699 0.002
время 0.006 0.102 0.001
leta 0.001 0.301 0.0
дороже 0.001 1.699 0.002
аккуратно 0.001 1.523 0.002
нами 0.001 0.066 0.0
перестанет 0.001 1.398 0.001
потребность 0.001 1.523 0.002
экономических 0.001 1.097 0.001
экономике 0.001 1.301 0.001
обращение 0.001 1.523 0.002
российская 0.002 0.658 0.001
ждет 0.002 0.959 0.002
мотивация 0.001 2.0 0.002
рынком 0.002 1.523 0.003
черный 0.002 1.301 0.003
обанкротится 0.001 1.699 0.002
государство 0.001 0.854 0.001
некоторый 0.002 1.523 0.003
стоит 0.001 0.509 0.001
иметь 0.001 0.824 0.001
значениях 0.001 1.523 0.002
порядком 0.001 2.0 0.002
пилюлю 0.001 2.0 0.002
рекламаmeduza 0.001 0.066 0.0
сильнее 0.002 0.959 0.002
неожиданностью 0.001 2.0 0.002
инструменты 0.001 1.222 0.001
моей 0.001 1.0 0.001
портфель 0.001 2.0 0.002
маленького 0.001 1.301 0.001
лицом 0.001 0.102 0.0
дискуссии 0.001 1.523 0.002
вероятность 0.002 0.721 0.001
выше 0.001 0.509 0.001
сверхжестких 0.001 2.0 0.002
умерла 0.001 1.097 0.001
промежуточное 0.001 2.0 0.002
функции 0.002 0.097 0.0
постоянно 0.001 0.62 0.001
площадках 0.001 1.301 0.001
депозит 0.001 2.0 0.002
среди 0.001 0.42 0.0
банк 0.002 1.523 0.003
решения 0.002 0.638 0.001
никакого 0.001 0.824 0.001
паузу 0.001 1.523 0.002
прежде 0.001 0.62 0.001
надежно 0.001 1.222 0.001
высокая 0.002 1.046 0.002
максим 0.001 0.824 0.001
покупку 0.001 1.699 0.002
проходили 0.001 1.097 0.001
сюрпризов 0.001 2.0 0.002
зарплату 0.001 1.523 0.002
издание 0.001 0.721 0.001
порядка 0.001 1.523 0.002
назад 0.005 0.18 0.001
вашему 0.001 1.699 0.002
первое 0.002 0.921 0.002
целый 0.001 1.0 0.001
экономист 0.002 1.046 0.002
перейти 0.001 0.066 0.0
поддержать 0.001 0.066 0.0
этапе 0.001 1.222 0.001
улетели 0.001 1.699 0.002
источник 0.001 0.174 0.0
выдачи 0.001 1.699 0.002
больших 0.001 1.097 0.001
степень 0.002 1.046 0.002
компаний 0.001 0.959 0.001
снизит 0.001 1.523 0.002
схема 0.001 1.523 0.002
кодекс 0.001 0.066 0.0
суровее 0.001 2.0 0.002
безработицы 0.002 1.699 0.003
хочу 0.002 0.137 0.0
нащупывает 0.001 2.0 0.002
также 0.002 0.237 0.0
сбалансированный 0.001 1.699 0.002
скоро 0.002 0.796 0.002
самым 0.001 0.921 0.001
десятилетия 0.001 1.301 0.001
четко 0.001 1.0 0.001
экономики 0.002 1.155 0.002
выход 0.001 1.097 0.001
понятный 0.001 2.0 0.002
политику 0.001 1.046 0.001
способ 0.001 0.921 0.001
исследователь 0.002 1.155 0.002
фондовый 0.001 2.0 0.002
юкос 0.001 2.0 0.002
ближайшее 0.001 0.959 0.001
откроется 0.001 1.699 0.002
люди 0.004 0.276 0.001
запрещено 0.001 1.398 0.001
данное 0.001 0.097 0.0
ближайшие 0.002 1.097 0.002
потребительские 0.001 2.0 0.002
произойдет 0.002 1.699 0.003
типичным 0.001 2.0 0.002
какой-то 0.001 0.538 0.001
подготовиться 0.001 1.155 0.001
находится 0.001 0.678 0.001
слова 0.002 0.678 0.001
кризиса 0.002 1.222 0.002
будем 0.002 0.886 0.002
звали 0.001 2.0 0.002
введения 0.001 0.796 0.001
торговый 0.001 1.699 0.002
серьезного 0.001 1.699 0.002
вышли 0.001 1.0 0.001
пор 0.001 0.387 0.0
правила 0.001 0.066 0.0
недавнего 0.002 1.398 0.003
дирижизмом 0.001 2.0 0.002
формирование 0.001 1.699 0.002
использовать 0.002 0.585 0.001
игроков 0.001 1.699 0.002
остановятся 0.002 1.699 0.003
валюте 0.002 2.0 0.004
спорить 0.001 2.0 0.002
требование 0.001 1.155 0.001
часть 0.002 0.456 0.001
умеют 0.001 1.398 0.001
вконтакте 0.001 0.066 0.0
альтернативных 0.001 1.301 0.001
одновременно 0.001 0.796 0.001
финансовых 0.001 1.699 0.002
велики 0.001 1.301 0.001
сложилось 0.001 2.0 0.002
live 0.001 0.022 0.0
подсказывает 0.001 1.523 0.002
подождать 0.001 1.523 0.002
приспособления 0.001 2.0 0.002
блог 0.001 0.066 0.0
инстаграм 0.001 0.066 0.0
проживет 0.002 1.699 0.003
© 0.001 0.0 0.0
вопросы 0.001 0.481 0.0
заметным 0.001 2.0 0.002
выделите 0.001 0.066 0.0
условиях 0.006 0.569 0.003
власти 0.003 0.387 0.001
режиссировал 0.001 2.0 0.002
ситуация 0.001 0.569 0.001
нежелательно 0.001 1.523 0.002
регионалист 0.002 1.699 0.003
курсов 0.001 1.398 0.001
косвенно 0.001 1.155 0.001
свободности 0.001 2.0 0.002
пожертвовать 0.001 1.523 0.002
гимпельсон 0.002 1.523 0.003
легко 0.002 0.824 0.002
meduzacare 0.001 0.066 0.0
говоря 0.001 0.77 0.001
продавать 0.002 1.155 0.002
автоматически 0.001 1.222 0.001
инструментов 0.002 1.222 0.002
граждан 0.001 0.638 0.001
решению 0.001 1.523 0.002
суммами 0.001 2.0 0.002
закредитованности 0.002 2.0 0.004
слитков 0.001 2.0 0.002
резервами 0.001 2.0 0.002
валюты 0.004 1.699 0.007
кнопка 0.001 0.066 0.0
центрального 0.001 1.398 0.001
армия 0.001 0.959 0.001
рассматривать 0.001 1.398 0.001
хотя 0.002 0.276 0.001
правительство 0.002 0.824 0.002
центробанк 0.002 1.523 0.003
надежности 0.001 2.0 0.002
вечерняя 0.001 0.066 0.0
стоят 0.001 1.301 0.001
котировок 0.001 1.699 0.002
1990-е 0.002 1.398 0.003
это 0.011 0.066 0.001
долларах 0.001 1.699 0.002
черным 0.001 1.523 0.002
сильно 0.001 0.509 0.001
будь 0.001 1.398 0.001
готовы 0.001 0.678 0.001
постарается 0.001 1.699 0.002
смогут 0.002 0.745 0.001
поддержки 0.001 0.066 0.0
назвать 0.001 0.959 0.001
приспособятся 0.001 2.0 0.002
курс 0.002 1.155 0.002
растут 0.001 2.0 0.002
помощь 0.002 0.097 0.0
инвесторы 0.001 1.699 0.002
устанавливает 0.001 2.0 0.002
какое-то 0.001 0.959 0.001
читателей 0.001 0.658 0.001
валютных 0.002 2.0 0.004
непонятно 0.001 0.921 0.001
страшных 0.001 1.398 0.001
жестким 0.001 1.523 0.002
состоятельные 0.001 1.699 0.002
работаем 0.002 0.161 0.0
крупного 0.002 1.699 0.003
спасти 0.001 1.155 0.001
слабый 0.001 2.0 0.002
вновь 0.001 1.155 0.001
твердых 0.001 2.0 0.002
дня 0.003 0.523 0.002
труда 0.003 1.046 0.003
такая 0.002 0.553 0.001
ответ 0.001 0.602 0.001
двух 0.001 0.377 0.0
год-два 0.001 2.0 0.002
большинство 0.001 0.796 0.001
настроения 0.001 1.222 0.001
упал 0.002 1.398 0.003
открытия 0.001 1.523 0.002
берут 0.001 1.046 0.001
позициях 0.001 2.0 0.002
общем 0.001 1.097 0.001
минимум 0.001 0.796 0.001
независимое 0.001 0.721 0.001
24/7 0.001 0.102 0.0
android 0.001 0.066 0.0
евро 0.002 1.301 0.003
english 0.001 0.06 0.0
инфляция 0.002 1.699 0.003
ввел 0.001 1.398 0.001
валютного 0.002 2.0 0.004
отсутствие 0.001 0.921 0.001
трудностей 0.001 1.523 0.002
идиотские 0.001 2.0 0.002
шанс 0.001 1.0 0.001
поддержка 0.001 0.167 0.0
нужна 0.002 0.092 0.0
марта 0.001 0.319 0.0
людям 0.001 0.678 0.001
простой 0.001 1.097 0.001
экспертизы 0.002 1.222 0.002
вызовет 0.002 1.301 0.003
цена 0.001 1.398 0.001
акций 0.001 1.398 0.001
прошла 0.001 1.097 0.001
события 0.002 0.745 0.001
процентам 0.001 2.0 0.002
рыночных 0.001 1.699 0.002
зарплаты 0.002 1.523 0.003
минфине 0.002 1.699 0.003
отпадает 0.001 2.0 0.002
подешевевших 0.001 2.0 0.002
годы 0.002 0.745 0.001
всем 0.001 0.252 0.0
агентство 0.001 1.155 0.001
те 0.002 0.357 0.001
оно 0.002 0.444 0.001
каждым 0.001 0.854 0.001
требования 0.001 0.066 0.0
связаться 0.001 0.066 0.0
самом 0.001 0.481 0.0
времени 0.002 0.523 0.001
минфина 0.001 2.0 0.002
закрыть 0.001 1.523 0.002
россию 0.002 0.678 0.001
панические 0.001 2.0 0.002
информации 0.001 0.102 0.0
нормальный 0.001 1.699 0.002
ужаться 0.001 2.0 0.002
имеет 0.001 0.602 0.001
гораздо 0.002 0.699 0.001
тех 0.004 0.26 0.001
смысл 0.002 0.959 0.002
соответственно 0.002 0.921 0.002
директивно 0.001 2.0 0.002
россиян 0.002 0.62 0.001
важно 0.001 0.509 0.001
определением 0.001 2.0 0.002
столкнемся 0.001 2.0 0.002
работала 0.001 1.046 0.001
уверенным 0.001 2.0 0.002
продавали 0.001 2.0 0.002
профицитом 0.001 2.0 0.002
сформируются 0.001 2.0 0.002
появится 0.001 1.398 0.001
долгосрочные 0.001 1.398 0.001
геополитические 0.002 2.0 0.004
объема 0.001 1.398 0.001
доходность 0.001 1.699 0.002
формальное 0.001 2.0 0.002
риски 0.002 0.77 0.002
инвесторов 0.002 1.699 0.003
велик 0.001 1.523 0.002
мобилизационно-распределительного 0.001 2.0 0.002
медузе 0.002 0.066 0.0
равновесие 0.001 1.699 0.002
сократилась 0.001 1.699 0.002
первый 0.001 0.481 0.0
размахом 0.001 2.0 0.002
значительная 0.001 1.699 0.002
поскольку 0.002 0.678 0.001
кризисы 0.001 1.699 0.002
стратегией 0.001 2.0 0.002
ограничивает 0.001 1.699 0.002
уверенность 0.001 1.523 0.002
собой 0.001 0.62 0.001
facebook 0.001 0.0 0.0
медузу 0.002 0.066 0.0
принимали 0.001 1.301 0.001
обработки 0.001 0.066 0.0
ниже 0.001 0.77 0.001
вселяют 0.002 1.699 0.003
станет 0.001 0.678 0.001
двукратная 0.001 1.699 0.002
хочет 0.002 0.854 0.002
экспорта 0.001 1.398 0.001
простых 0.001 1.301 0.001
стороны 0.001 0.432 0.0
россия 0.002 0.398 0.001
массовой 0.001 0.097 0.0
дивидендная 0.001 2.0 0.002
останется 0.001 1.155 0.001
прекрасно 0.001 1.222 0.001
кто-то 0.002 0.602 0.001
евробонды 0.001 2.0 0.002
сложно 0.001 0.538 0.001
является 0.001 0.745 0.001
золота 0.002 2.0 0.004
каждый 0.001 0.509 0.001
небольшим 0.001 1.523 0.002
наступит 0.001 1.699 0.002
рациональные 0.001 2.0 0.002
правоохранительных 0.001 2.0 0.002
сумм 0.001 2.0 0.002
scanpix 0.001 0.301 0.0
виде 0.001 0.745 0.001
сложнее 0.001 0.921 0.001
сбережения 0.002 1.699 0.003
движение 0.002 1.222 0.002
показывать 0.001 0.066 0.0
оправдана 0.001 2.0 0.002
стоить 0.001 1.699 0.002
спасибоgiphyза 0.001 0.066 0.0
потихоньку 0.001 2.0 0.002
банка 0.002 1.398 0.003
каких-то 0.001 0.921 0.001
twitter 0.001 0.0 0.0
рублевой 0.001 2.0 0.002
раньше 0.001 0.432 0.0
транзакции 0.001 1.699 0.002
заводы 0.002 1.523 0.003
пожалуйста 0.001 0.102 0.0
девальвации 0.002 1.699 0.003
глубина 0.001 2.0 0.002
представить 0.001 0.959 0.001
субъектов 0.001 2.0 0.002
формироваться 0.001 1.699 0.002
платформы 0.002 0.066 0.0
некоторое 0.001 1.222 0.001
связаны 0.001 0.959 0.001
именно 0.001 0.244 0.0
капиталом 0.001 1.699 0.002
персональные 0.001 0.066 0.0
годовую 0.001 2.0 0.002
станут 0.002 1.046 0.002
очень 0.001 0.149 0.0
которые 0.002 0.119 0.0
многих 0.002 0.658 0.001
meduza 0.002 0.0 0.0
кого 0.001 0.509 0.001
размером 0.001 1.699 0.002
простые 0.001 1.699 0.002
меняющегося 0.001 2.0 0.002
остается 0.002 0.638 0.001
одна 0.001 0.42 0.0
продать 0.002 1.523 0.003
уровне 0.002 0.638 0.001
страхованию 0.001 2.0 0.002
крупным 0.001 1.699 0.002
накоплений 0.001 2.0 0.002
черного 0.002 2.0 0.004
год 0.002 0.409 0.001
введение 0.001 1.222 0.001
органов 0.001 1.222 0.001
опыт 0.001 0.886 0.001
внимание 0.001 0.658 0.001
составила 0.001 0.959 0.001
попросту 0.001 1.301 0.001
бизнеса 0.004 1.222 0.005
эта 0.002 0.367 0.001
российским 0.001 0.092 0.0
регулятор 0.001 1.398 0.001
невозможно 0.001 0.602 0.001
тому 0.001 0.509 0.001
необходимость 0.001 1.155 0.001
прошлый 0.001 1.699 0.002
возникновение 0.001 1.398 0.001
реклама 0.002 0.066 0.0
делать 0.004 0.276 0.001
из-за 0.003 0.229 0.001
интересах 0.002 0.167 0.0
начала 0.001 0.398 0.0
укрепится 0.001 2.0 0.002
товаров 0.001 1.398 0.001
подхода 0.001 1.155 0.001
подход 0.002 0.959 0.002
плавающий 0.001 2.0 0.002
сообщение 0.001 0.102 0.0
защитить 0.001 1.0 0.001
