существуют 0.001 1.222 0.001
преследования 0.001 1.523 0.002
российские 0.001 0.328 0.0
польшу 0.001 1.301 0.001
проблемой 0.001 1.097 0.001
редакции 0.001 0.066 0.0
нацией 0.001 1.523 0.002
присутствии 0.001 2.0 0.002
репрессиям 0.001 2.0 0.002
баннерам 0.001 0.066 0.0
целых 0.001 1.301 0.001
находился 0.001 1.222 0.001
действий 0.001 0.699 0.001
действии 0.001 1.699 0.002
россии 0.003 0.119 0.0
народ 0.001 0.886 0.001
американская 0.001 1.046 0.001
важности 0.001 1.398 0.001
распространяет 0.001 1.398 0.001
личная 0.001 2.0 0.002
сталкивается 0.001 2.0 0.002
гифки 0.001 0.066 0.0
санкций 0.001 0.745 0.001
агента 0.001 0.097 0.0
людей 0.002 0.161 0.0
институтов 0.001 1.699 0.002
эмоционально 0.001 1.046 0.001
пять 0.001 0.509 0.001
говорит 0.001 0.409 0.0
возникающих 0.001 1.699 0.002
представление 0.002 1.523 0.003
политического 0.001 1.155 0.001
for 0.001 0.77 0.001
детям 0.001 1.0 0.001
мемориальной 0.001 2.0 0.002
режима 0.001 1.0 0.001
солдата 0.001 1.301 0.001
польши 0.001 1.097 0.001
плохом 0.001 2.0 0.002
смысла 0.001 0.699 0.001
in 0.001 0.0 0.0
коллективном 0.001 2.0 0.002
приговор 0.001 2.0 0.002
несчастий 0.001 2.0 0.002
бывших 0.001 1.523 0.002
становились 0.001 1.699 0.002
плашов 0.001 2.0 0.002
нарушениях 0.001 2.0 0.002
допустить 0.001 1.097 0.001
деда 0.001 2.0 0.002
суждение 0.001 1.699 0.002
всякую 0.001 1.699 0.002
разграничивает 0.001 2.0 0.002
оказываются 0.001 1.301 0.001
ведет 0.001 1.097 0.001
библии 0.001 2.0 0.002
работах 0.001 1.398 0.001
конкретному 0.001 2.0 0.002
режимами 0.001 1.523 0.002
насыщенной 0.001 2.0 0.002
коллективную 0.001 1.699 0.002
отличие 0.001 0.886 0.001
some 0.001 0.921 0.001
убийство 0.001 1.523 0.002
несправедливости 0.001 1.523 0.002
который 0.001 0.194 0.0
анонимно 0.001 0.066 0.0
немка 0.001 2.0 0.002
израильских 0.001 1.523 0.002
второй 0.001 0.42 0.0
конца 0.001 0.77 0.001
манипуляциями 0.001 2.0 0.002
reuters 0.001 0.745 0.001
человеческого 0.001 1.398 0.001
просто 0.001 0.194 0.0
ваша 0.001 0.102 0.0
l. 0.001 2.0 0.002
вехи 0.001 2.0 0.002
деятелей 0.001 1.523 0.002
ответственности 0.016 1.046 0.017
проговаривает 0.001 2.0 0.002
уголовного 0.001 1.523 0.002
подлинно 0.001 2.0 0.002
распространение 0.001 0.854 0.001
responsibility 0.001 1.523 0.002
отличающемся 0.001 2.0 0.002
противодействия 0.001 1.699 0.002
немецкая 0.001 1.523 0.002
наказание 0.001 1.699 0.002
государствам 0.001 1.699 0.002
слабости 0.001 1.699 0.002
институты 0.001 1.398 0.001
соцопросам 0.001 1.699 0.002
читателейнам 0.001 0.174 0.0
сразу 0.001 0.553 0.001
куки 0.001 0.066 0.0
наказывали 0.001 2.0 0.002
страны 0.001 0.444 0.0
общественных 0.001 1.222 0.001
преступления 0.007 1.301 0.009
сосредоточится 0.001 1.699 0.002
антивоенная 0.001 2.0 0.002
дублинского 0.001 2.0 0.002
позиция 0.001 1.0 0.001
использование 0.001 0.066 0.0
европа 0.001 0.886 0.001
возможные 0.001 1.222 0.001
стотысячных 0.001 1.523 0.002
две 0.001 0.553 0.001
распространяться 0.001 1.222 0.001
воинских 0.001 2.0 0.002
исследовательница 0.001 2.0 0.002
четвертого 0.001 2.0 0.002
порядку 0.001 0.066 0.0
дженниффер 0.001 2.0 0.002
которую 0.001 0.469 0.0
свобода 0.001 1.398 0.001
собратьев 0.001 2.0 0.002
утихают 0.001 2.0 0.002
года 0.001 0.167 0.0
арабского 0.001 2.0 0.002
значения 0.001 1.155 0.001
en 0.001 0.066 0.0
ответственностью 0.001 1.699 0.002
расстрелом 0.001 2.0 0.002
внучки 0.001 1.699 0.002
ведома 0.001 2.0 0.002
заканчивается 0.001 1.398 0.001
обществ 0.001 2.0 0.002
массы 0.001 1.301 0.001
каяться 0.001 2.0 0.002
оккупации 0.001 1.523 0.002
виды 0.001 1.699 0.002
моральной 0.001 2.0 0.002
разница 0.001 0.886 0.001
отстранен 0.001 2.0 0.002
одним 0.001 0.569 0.001
будучи 0.001 1.398 0.001
другого 0.001 0.824 0.001
представляет 0.001 1.046 0.001
делает 0.001 0.886 0.001
активном 0.001 2.0 0.002
лишающих 0.001 2.0 0.002
вины 0.008 2.0 0.016
дней 0.003 0.337 0.001
заповедей 0.001 2.0 0.002
распространено 0.001 0.102 0.0
гета 0.001 2.0 0.002
военной 0.001 0.921 0.001
teege 0.001 2.0 0.002
страницы 0.001 1.301 0.001
мартина 0.001 2.0 0.002
насколько 0.002 0.42 0.001
вернувшись 0.001 1.699 0.002
спецопераций 0.001 2.0 0.002
лекций 0.001 2.0 0.002
затем 0.001 0.678 0.001
ios 0.001 0.066 0.0
происхождения 0.001 1.398 0.001
p. 0.001 2.0 0.002
mein 0.001 2.0 0.002
человека 0.004 0.328 0.001
vol 0.001 2.0 0.002
отцов 0.001 2.0 0.002
политическая 0.001 1.301 0.001
группой 0.002 1.155 0.002
причина 0.001 0.959 0.001
сознания 0.002 1.301 0.003
войну 0.002 0.638 0.001
активным 0.001 1.398 0.001
распространить 0.001 2.0 0.002
общность 0.001 2.0 0.002
многочисленные 0.001 1.398 0.001
преступлениями 0.001 1.699 0.002
деяниям 0.001 2.0 0.002
христа 0.001 2.0 0.002
могут 0.001 0.187 0.0
остальных 0.001 1.097 0.001
немец 0.001 2.0 0.002
мысль 0.001 1.523 0.002
ваганов 0.001 2.0 0.002
хайдеггера 0.001 2.0 0.002
поддерживать 0.001 0.886 0.001
групповой 0.001 1.699 0.002
ссср 0.001 1.155 0.001
ответственны 0.001 1.398 0.001
этих 0.001 0.337 0.0
холокостом 0.001 1.699 0.002
прошлое 0.001 1.398 0.001
писал 0.001 1.046 0.001
россиянин 0.001 2.0 0.002
эйхман 0.001 2.0 0.002
важнейшего 0.001 1.699 0.002
история 0.001 0.745 0.001
безнравственно 0.001 2.0 0.002
глупость 0.001 2.0 0.002
справедливости 0.001 1.398 0.001
нашем 0.001 0.959 0.001
вопросом 0.001 1.046 0.001
данном 0.001 1.097 0.001
человеком 0.001 1.155 0.001
сих 0.001 0.481 0.0
немцами 0.001 2.0 0.002
вообще 0.001 0.066 0.0
großvater 0.001 2.0 0.002
оказались 0.001 0.886 0.001
главой 0.001 1.398 0.001
творимых 0.001 2.0 0.002
осуждение 0.001 2.0 0.002
лишь 0.001 0.481 0.0
государственным 0.001 1.398 0.001
коллективной 0.008 2.0 0.016
объясняет 0.001 0.658 0.001
чувством 0.001 2.0 0.002
реакции 0.001 0.854 0.001
франции 0.001 1.0 0.001
ситуации 0.001 0.721 0.001
истории 0.001 0.337 0.0
hätte 0.001 2.0 0.002
закрытых 0.001 1.398 0.001
подготовил 0.001 2.0 0.002
позицией 0.001 1.523 0.002
нынешние 0.001 1.523 0.002
потомков 0.001 2.0 0.002
очищения 0.001 2.0 0.002
прежнего 0.001 2.0 0.002
совершаемом 0.001 2.0 0.002
определенной 0.001 1.523 0.002
усиливает 0.001 2.0 0.002
митингов 0.001 1.523 0.002
силу 0.001 1.0 0.001
тоталитарными 0.001 1.699 0.002
alweiss 0.001 2.0 0.002
вскрытый 0.001 2.0 0.002
тоталитаризма 0.001 2.0 0.002
расстрелял 0.001 2.0 0.002
индивидуальна 0.001 2.0 0.002
предательством 0.001 2.0 0.002
своем 0.001 0.745 0.001
мною 0.001 2.0 0.002
ключевые 0.001 1.398 0.001
преступлении 0.001 1.699 0.002
представлена 0.001 1.222 0.001
нашли 0.001 0.066 0.0
связи 0.001 0.0 0.0
матерью 0.001 1.398 0.001
университете 0.001 1.155 0.001
поддерживают 0.001 1.301 0.001
одного 0.001 0.432 0.0
цитата 0.001 1.301 0.001
медуза 0.002 0.066 0.0
нам 0.001 0.086 0.0
суда 0.001 1.301 0.001
помимо 0.001 0.796 0.001
показывая 0.001 1.398 0.001
помочь 0.001 0.131 0.0
нацистского 0.001 1.699 0.002
идентификацией 0.001 2.0 0.002
благодаря 0.001 0.77 0.001
правды 0.001 1.699 0.002
этому 0.001 0.432 0.0
отмечает 0.001 1.155 0.001
борцом 0.001 2.0 0.002
единственно 0.001 1.523 0.002
разные 0.001 0.721 0.001
кризис 0.001 1.097 0.001
текста 0.001 1.222 0.001
роль 0.001 0.796 0.001
психиатр 0.001 2.0 0.002
виновности 0.004 2.0 0.008
обращена 0.001 2.0 0.002
юридическим 0.001 0.102 0.0
следует 0.001 0.77 0.001
акции 0.001 0.921 0.001
виной 0.001 2.0 0.002
оказалась 0.001 0.796 0.001
обвинении 0.001 2.0 0.002
задается 0.001 1.699 0.002
гоморры 0.001 2.0 0.002
местах 0.001 1.222 0.001
материалам 0.001 0.066 0.0
предков 0.003 2.0 0.006
срочно 0.001 0.167 0.0
guilt 0.001 2.0 0.002
абсурдным 0.001 2.0 0.002
другим 0.001 0.62 0.001
мифе 0.001 2.0 0.002
несмотря 0.001 0.456 0.0
концлагерь 0.001 1.699 0.002
случае 0.004 0.357 0.001
индивидуальную 0.001 2.0 0.002
чувство 0.003 1.301 0.004
1940-м 0.001 2.0 0.002
принадлежа 0.001 2.0 0.002
послевоенному 0.001 2.0 0.002
комментируя 0.001 2.0 0.002
стали 0.001 0.42 0.0
нормы 0.001 1.398 0.001
статье 0.001 0.854 0.001
членом 0.001 1.398 0.001
сталинские 0.001 1.523 0.002
остро 0.001 1.523 0.002
индивидуальными 0.001 2.0 0.002
иностранным 0.001 0.097 0.0
ареста 0.001 2.0 0.002
победителей 0.001 2.0 0.002
жертвам 0.001 2.0 0.002
практике 0.001 1.0 0.001
минимальное 0.001 2.0 0.002
последовавшего 0.001 2.0 0.002
случаи 0.001 0.721 0.001
вина 0.004 1.398 0.006
ханна 0.001 2.0 0.002
центре 0.001 0.886 0.001
сознанием 0.001 2.0 0.002
вариантом 0.001 0.921 0.001
взрослом 0.001 2.0 0.002
банальность 0.001 2.0 0.002
своих 0.002 0.398 0.001
моральное 0.001 1.699 0.002
констатирует 0.001 2.0 0.002
живучем 0.001 2.0 0.002
принадлежности 0.001 2.0 0.002
становится 0.001 0.721 0.001
жизни 0.001 0.432 0.0
практиковали 0.001 2.0 0.002
ученица 0.001 2.0 0.002
нацистов 0.001 1.301 0.001
юдин 0.001 1.523 0.002
трибунала 0.001 1.699 0.002
ctrl+enter 0.001 0.066 0.0
преступлений 0.001 1.523 0.002
февраля 0.001 0.387 0.0
безопасно 0.001 0.066 0.0
новостиисторииразборшапитокоронавирусмагаз 0.001 0.066 0.0
обычно 0.001 0.523 0.001
рф 0.001 0.745 0.001
рано 0.001 0.921 0.001
репрессии 0.001 1.222 0.001
практики 0.001 1.301 0.001
играет 0.001 1.0 0.001
youtube 0.001 0.06 0.0
всей 0.001 0.699 0.001
тринити-колледжа 0.001 2.0 0.002
книга 0.001 1.523 0.002
должны 0.001 0.432 0.0
притеснения 0.001 1.699 0.002
создано 0.001 0.097 0.0
жизнь 0.001 0.538 0.001
контексте 0.001 1.222 0.001
израильтянин 0.001 2.0 0.002
занималась 0.001 1.301 0.001
оказался 0.001 0.886 0.001
арендт 0.009 1.699 0.015
rowohlt 0.001 2.0 0.002
поддержите 0.001 0.102 0.0
во-вторых 0.001 0.854 0.001
соответствует 0.001 1.097 0.001
частях 0.001 1.699 0.002
пользователей 0.001 1.301 0.001
european 0.001 1.155 0.001
социальная 0.001 1.523 0.002
украины 0.001 0.569 0.001
которого 0.001 0.585 0.001
york 0.001 1.222 0.001
дано 0.001 2.0 0.002
зрения 0.001 0.602 0.001
любые 0.001 0.854 0.001
социальной 0.001 1.222 0.001
преобразуется 0.001 2.0 0.002
уточнение 0.001 2.0 0.002
граждане 0.001 1.222 0.001
j. 0.001 1.699 0.002
политической 0.006 1.222 0.007
коллектив 0.001 2.0 0.002
школах-интернатах 0.001 2.0 0.002
многие 0.001 0.284 0.0
средством 0.001 0.102 0.0
взгляд 0.001 1.398 0.001
мешая 0.001 2.0 0.002
выполняющим 0.001 0.097 0.0
возможно 0.001 0.398 0.0
настроены 0.001 1.523 0.002
прав 0.001 1.097 0.001
разбирает 0.001 1.398 0.001
году 0.002 0.367 0.001
проблемами 0.001 1.523 0.002
ошибку 0.001 0.066 0.0
отсутствием 0.001 1.523 0.002
участия 0.001 1.222 0.001
гражданина 0.001 2.0 0.002
членства 0.001 2.0 0.002
обычного 0.001 1.523 0.002
кому-либо 0.001 2.0 0.002
невиновен 0.001 2.0 0.002
добыть 0.001 1.699 0.002
семейную 0.001 2.0 0.002
погибнуть 0.001 2.0 0.002
изоляции 0.001 1.523 0.002
стыда 0.002 2.0 0.004
культуры 0.001 1.046 0.001
превратить 0.001 1.398 0.001
стремлении 0.001 1.699 0.002
of 0.001 0.721 0.001
дебаты 0.001 2.0 0.002
обратился 0.001 1.155 0.001
вопрос 0.004 0.42 0.002
проблем 0.001 0.796 0.001
с. 0.001 1.699 0.002
народов 0.001 1.699 0.002
убийстве 0.001 1.523 0.002
книге 0.001 1.398 0.001
представители 0.001 1.097 0.001
своей 0.002 0.42 0.001
позволяет 0.001 0.854 0.001
собственных 0.001 1.155 0.001
ответы 0.001 1.0 0.001
напоминает 0.001 1.155 0.001
затрудняет 0.001 2.0 0.002
данные 0.001 0.066 0.0
деде 0.001 2.0 0.002
каралось 0.001 2.0 0.002
айрис 0.001 2.0 0.002
группу 0.001 1.046 0.001
компенсаций 0.001 2.0 0.002
сотрудничества 0.001 1.301 0.001
коллективная 0.001 1.699 0.002
россияне 0.001 0.678 0.001
младенчестве 0.001 2.0 0.002
неличной 0.001 2.0 0.002
преступлением 0.001 2.0 0.002
представления 0.001 1.222 0.001
государством 0.001 1.398 0.001
отдельные 0.001 1.0 0.001
угрозой 0.001 1.301 0.001
израильтян 0.001 2.0 0.002
разбор 0.001 0.387 0.0
амона 0.001 2.0 0.002
возложить 0.001 2.0 0.002
мире 0.001 0.553 0.001
антон 0.001 1.301 0.001
поступки 0.002 1.699 0.003
сознание 0.001 2.0 0.002
нажмите 0.001 0.066 0.0
сохранился 0.001 2.0 0.002
благополучие 0.001 2.0 0.002
невозможна 0.001 2.0 0.002
переставать 0.001 2.0 0.002
депортации 0.001 1.699 0.002
идет 0.001 0.367 0.0
общности 0.001 2.0 0.002
идущего 0.001 1.699 0.002
общины 0.001 2.0 0.002
числе 0.001 0.31 0.0
имени 0.002 0.796 0.002
юридическая 0.001 2.0 0.002
отвечает 0.001 0.854 0.001
других 0.001 0.26 0.0
иностранного 0.001 0.102 0.0
реализацией 0.001 2.0 0.002
идентификации 0.001 2.0 0.002
подобных 0.001 1.0 0.001
человек 0.002 0.215 0.0
выражает 0.001 2.0 0.002
материал 0.001 0.086 0.0
непосредственного 0.001 2.0 0.002
делающем 0.001 2.0 0.002
легенда 0.001 2.0 0.002
сообщества 0.001 1.097 0.001
признание 0.001 1.398 0.001
приписывая 0.001 2.0 0.002
таким 0.001 0.658 0.001
жесточайших 0.001 2.0 0.002
дом 0.001 0.824 0.001
поставили 0.001 1.523 0.002
женатый 0.001 1.699 0.002
члена 0.001 1.699 0.002
– 0.001 0.06 0.0
young 0.001 1.222 0.001
века 0.001 1.398 0.001
глубинного 0.001 2.0 0.002
оба 0.001 0.959 0.001
1945-м 0.001 2.0 0.002
время 0.001 0.102 0.0
различение 0.001 2.0 0.002
leta 0.001 0.301 0.0
совершаемые 0.001 2.0 0.002
применительно 0.001 2.0 0.002
нами 0.001 0.066 0.0
детский 0.001 1.301 0.001
чревато 0.001 1.699 0.002
эмоции 0.001 1.301 0.001
категории 0.002 1.222 0.002
горькой 0.001 2.0 0.002
дает 0.001 0.796 0.001
уточняя 0.001 1.699 0.002
вынести 0.001 1.699 0.002
сотен 0.001 1.222 0.001
осмысления 0.001 2.0 0.002
антивоенной 0.001 1.0 0.001
основанием 0.001 2.0 0.002
рекламаmeduza 0.001 0.066 0.0
никто 0.001 0.523 0.001
говорить 0.004 0.602 0.002
justice 0.001 1.523 0.002
морали 0.001 1.699 0.002
войне 0.001 0.62 0.001
лицом 0.001 0.102 0.0
дискуссии 0.001 1.523 0.002
террора 0.001 1.699 0.002
функции 0.001 0.097 0.0
ибо 0.001 1.699 0.002
германии 0.004 0.854 0.003
постоянно 0.001 0.62 0.001
ответить 0.001 0.886 0.001
немки 0.001 2.0 0.002
разного 0.001 1.222 0.001
reflections 0.001 2.0 0.002
древних 0.001 2.0 0.002
зла 0.001 2.0 0.002
практического 0.001 2.0 0.002
благополучных 0.001 2.0 0.002
среди 0.001 0.42 0.0
получившее 0.001 2.0 0.002
локализуем 0.001 2.0 0.002
вине 0.005 2.0 0.01
прежде 0.001 0.62 0.001
угрозу 0.001 1.398 0.001
касается 0.001 0.602 0.001
сданная 0.001 2.0 0.002
теме 0.001 1.301 0.001
нюрнбергского 0.001 1.699 0.002
ключевых 0.001 1.155 0.001
издан 0.001 2.0 0.002
стыдно 0.001 2.0 0.002
органично 0.001 1.699 0.002
обозначим 0.001 2.0 0.002
индивидуальном 0.001 1.699 0.002
возрасте 0.001 1.222 0.001
назад 0.003 0.18 0.001
едет 0.001 1.699 0.002
категория 0.001 1.523 0.002
родоплеменных 0.001 2.0 0.002
системная 0.001 2.0 0.002
общечеловеческий 0.001 2.0 0.002
взять 0.001 0.959 0.001
дочь 0.001 1.0 0.001
преодоления 0.001 1.699 0.002
узнала 0.001 1.699 0.002
перейти 0.001 0.066 0.0
широк 0.001 2.0 0.002
заслуживает 0.001 2.0 0.002
поддержать 0.001 0.066 0.0
феминистка 0.001 2.0 0.002
источник 0.001 0.174 0.0
неизбежно 0.001 1.398 0.001
господь 0.001 2.0 0.002
пишет 0.001 0.824 0.001
жалуются 0.001 1.0 0.001
окончания 0.001 1.301 0.001
307–318 0.001 2.0 0.002
политические 0.001 1.155 0.001
злодеяния 0.001 2.0 0.002
преступником 0.001 2.0 0.002
лилиан 0.001 2.0 0.002
oxford 0.001 2.0 0.002
уничтожении 0.001 2.0 0.002
стране 0.001 0.523 0.001
война 0.001 0.469 0.0
аномалии 0.001 2.0 0.002
очищение 0.001 1.301 0.001
кодекс 0.001 0.066 0.0
хочу 0.001 0.137 0.0
проступок 0.001 2.0 0.002
также 0.001 0.237 0.0
прошлого 0.001 1.222 0.001
рассказывает 0.001 0.569 0.001
задействованы 0.001 2.0 0.002
sellmair 0.001 2.0 0.002
механизма 0.001 1.398 0.001
приходится 0.001 0.886 0.001
метафизическая 0.001 2.0 0.002
способ 0.001 0.921 0.001
исследователь 0.001 1.155 0.001
корпорации 0.001 1.699 0.002
качестве 0.001 0.678 0.001
виновны 0.002 1.398 0.003
государства 0.001 0.824 0.001
пособниками 0.001 2.0 0.002
еврейке 0.001 2.0 0.002
виновность 0.001 2.0 0.002
популярна 0.001 1.699 0.002
быт 0.001 1.699 0.002
данное 0.001 0.097 0.0
принцип 0.001 1.301 0.001
героически 0.001 2.0 0.002
императив 0.001 2.0 0.002
идущий 0.001 2.0 0.002
непосредственной 0.001 1.699 0.002
полной 0.001 1.155 0.001
идеи 0.001 1.155 0.001
немцу 0.001 2.0 0.002
главной 0.001 1.398 0.001
неблагополучных 0.001 2.0 0.002
формулируем 0.001 2.0 0.002
потомками 0.001 2.0 0.002
new 0.001 0.699 0.001
общества 0.004 0.824 0.003
оправдания 0.001 2.0 0.002
ответственная 0.001 2.0 0.002
знаменитой 0.001 2.0 0.002
пор 0.001 0.387 0.0
ответственность 0.011 0.824 0.009
ясперса 0.001 2.0 0.002
восстановление 0.001 1.398 0.001
проговаривании 0.001 2.0 0.002
совершавшиеся 0.001 2.0 0.002
коллективистский 0.001 2.0 0.002
деяние 0.001 2.0 0.002
будущем 0.001 0.745 0.001
твой 0.001 1.523 0.002
правила 0.001 0.066 0.0
посвящена 0.001 1.699 0.002
сообществе 0.001 1.523 0.002
автобиографии 0.001 2.0 0.002
антифашистскую 0.001 2.0 0.002
вконтакте 0.001 0.066 0.0
erschossen 0.001 2.0 0.002
примитивным 0.001 2.0 0.002
поступку 0.001 1.699 0.002
опосредованное 0.001 2.0 0.002
могу 0.001 0.658 0.001
прогресс 0.001 1.523 0.002
напротив 0.001 1.222 0.001
live 0.001 0.022 0.0
ином 0.001 1.699 0.002
жертв 0.001 1.097 0.001
линии 0.001 1.222 0.001
часто 0.001 0.456 0.0
образом 0.001 0.602 0.001
массовых 0.001 1.301 0.001
ненавидящих 0.001 2.0 0.002
подвигая 0.001 2.0 0.002
детей 0.001 0.523 0.001
повторения 0.001 2.0 0.002
блог 0.001 0.066 0.0
инстаграм 0.001 0.066 0.0
© 0.001 0.0 0.0
примитивного 0.001 2.0 0.002
вопросы 0.001 0.481 0.0
арендтовское 0.001 2.0 0.002
выделите 0.001 0.066 0.0
графиков 0.001 1.699 0.002
collective 0.001 1.699 0.002
власти 0.001 0.387 0.0
нескольких 0.002 0.699 0.001
вовлечена 0.001 2.0 0.002
дженнифер 0.001 2.0 0.002
связана 0.001 1.0 0.001
meduzacare 0.001 0.066 0.0
ответственным 0.001 2.0 0.002
соучастие 0.001 2.0 0.002
иллюстрация 0.001 2.0 0.002
наказания 0.001 1.398 0.001
граждан 0.002 0.638 0.001
строк 0.001 1.699 0.002
против 0.004 0.229 0.001
наказывающий 0.001 2.0 0.002
извинений 0.001 1.699 0.002
акция 0.001 1.301 0.001
кнопка 0.001 0.066 0.0
школьников 0.001 1.523 0.002
хотя 0.002 0.276 0.001
анализа 0.001 1.097 0.001
посетить 0.001 1.699 0.002
моральная 0.001 2.0 0.002
государственных 0.001 1.0 0.001
вечерняя 0.001 0.066 0.0
хрестоматийная 0.001 2.0 0.002
во-первых 0.001 0.796 0.001
речь 0.001 0.432 0.0
уголовная 0.001 2.0 0.002
это 0.004 0.066 0.0
францию 0.001 1.523 0.002
чувствовать 0.001 1.523 0.002
связь 0.001 0.721 0.001
янг 0.007 2.0 0.014
петербурге 0.001 1.222 0.001
пер 0.001 1.699 0.002
философ 0.001 2.0 0.002
основанной 0.001 1.699 0.002
мэрион 0.001 2.0 0.002
press 0.001 0.824 0.001
массовые 0.001 1.046 0.001
сильно 0.001 0.509 0.001
поддержки 0.001 0.066 0.0
совершил 0.001 2.0 0.002
называть 0.001 1.0 0.001
курс 0.001 1.155 0.001
n. 0.001 2.0 0.002
нашего 0.001 1.0 0.001
нравственно 0.001 2.0 0.002
различия 0.001 1.398 0.001
помощь 0.001 0.097 0.0
эмоцией 0.001 2.0 0.002
беспомощности 0.001 2.0 0.002
собственную 0.001 1.398 0.001
мероприятие 0.001 1.523 0.002
xx 0.001 1.398 0.001
давно 0.001 0.77 0.001
тюрьмах 0.001 2.0 0.002
political 0.001 1.155 0.001
народа 0.001 1.222 0.001
чтению 0.001 2.0 0.002
х. 0.001 2.0 0.002
индивидуум 0.001 2.0 0.002
разделяет 0.001 1.398 0.001
феномену 0.001 2.0 0.002
российского 0.002 0.62 0.001
hamburg 0.001 2.0 0.002
работаем 0.001 0.161 0.0
различии 0.001 2.0 0.002
кому-то 0.001 1.046 0.001
советского 0.001 1.301 0.001
ревнитель 0.001 2.0 0.002
обернулось 0.001 2.0 0.002
кровная 0.001 2.0 0.002
такая 0.001 0.553 0.001
страну 0.001 0.796 0.001
большинство 0.001 0.796 0.001
службе 0.001 1.523 0.002
theory 0.001 1.699 0.002
войны 0.004 0.42 0.002
действия 0.001 0.721 0.001
существу 0.001 1.699 0.002
отсюда 0.001 1.097 0.001
reinbek 0.001 2.0 0.002
развитие 0.001 1.155 0.001
// 0.001 1.699 0.002
втор 0.001 2.0 0.002
опосредованно 0.001 1.699 0.002
ясперсу 0.001 2.0 0.002
mich 0.001 2.0 0.002
больнице 0.001 0.886 0.001
философии 0.001 2.0 0.002
права 0.001 0.854 0.001
нежели 0.001 1.523 0.002
отношению 0.001 1.398 0.001
одну 0.001 0.77 0.001
проблематичное 0.001 2.0 0.002
принимал 0.001 1.523 0.002
24/7 0.001 0.102 0.0
очевидно 0.001 0.959 0.001
android 0.001 0.066 0.0
споры 0.001 1.398 0.001
посвященный 0.001 1.523 0.002
николай 0.002 1.097 0.002
english 0.001 0.06 0.0
политическом 0.001 1.699 0.002
библейская 0.001 2.0 0.002
испытывают 0.001 1.523 0.002
содома 0.001 2.0 0.002
располагался 0.001 2.0 0.002
несправедливость 0.003 1.398 0.004
преподавания 0.001 2.0 0.002
протестует 0.001 2.0 0.002
важнейших 0.001 2.0 0.002
палачей 0.001 2.0 0.002
особенно 0.002 0.553 0.001
алвейсс 0.001 2.0 0.002
поступить 0.001 1.301 0.001
системную 0.001 1.699 0.002
нужна 0.001 0.092 0.0
действовать 0.001 1.0 0.001
марта 0.001 0.319 0.0
поддержка 0.001 0.167 0.0
вынуждена 0.001 1.398 0.001
григорий 0.001 1.523 0.002
невозможным 0.001 1.699 0.002
еврейского 0.001 2.0 0.002
события 0.001 0.745 0.001
превратились 0.001 1.523 0.002
university 0.001 1.301 0.001
разговора 0.001 1.301 0.001
мере 0.001 0.569 0.001
выглядеть 0.001 1.398 0.001
имеют 0.001 0.678 0.001
интересует 0.001 1.699 0.002
journal 0.001 1.398 0.001
членов 0.003 1.097 0.003
принятие 0.001 2.0 0.002
почему-то 0.001 1.222 0.001
and 0.001 0.721 0.001
бог 0.001 1.398 0.001
совершал 0.001 2.0 0.002
требования 0.001 0.066 0.0
преступные 0.001 2.0 0.002
связаться 0.001 0.066 0.0
самом 0.001 0.481 0.0
времени 0.001 0.523 0.001
адекватной 0.001 2.0 0.002
информации 0.001 0.102 0.0
вполне 0.001 0.699 0.001
имеет 0.001 0.602 0.001
апта 0.001 2.0 0.002
противоречивость 0.001 2.0 0.002
тиге 0.004 2.0 0.008
тех 0.003 0.26 0.001
смысл 0.001 0.959 0.001
активного 0.001 1.398 0.001
россиян 0.001 0.62 0.001
унижения 0.001 2.0 0.002
пути 0.001 1.0 0.001
представлениям 0.001 2.0 0.002
реального 0.001 2.0 0.002
важно 0.001 0.509 0.001
массовым 0.001 1.523 0.002
деяния 0.001 2.0 0.002
непрямой 0.001 2.0 0.002
огромные 0.001 1.398 0.001
неспособности 0.001 2.0 0.002
рубрики 0.001 1.699 0.002
демонстрацией 0.001 1.699 0.002
размыванием 0.001 2.0 0.002
причастности 0.001 1.699 0.002
ощущаемой 0.001 2.0 0.002
могла 0.001 0.886 0.001
нигерийца 0.001 2.0 0.002
бежать 0.001 0.959 0.001
продолжают 0.001 1.097 0.001
мемориалу 0.001 2.0 0.002
последняя 0.001 1.301 0.001
почему 0.001 0.337 0.0
социолог 0.001 1.523 0.002
соцсетей 0.001 1.301 0.001
ключевую 0.001 1.222 0.001
коллективное 0.001 2.0 0.002
участвуют 0.001 0.959 0.001
верить 0.003 0.959 0.003
ними 0.001 0.585 0.001
цветы 0.001 1.523 0.002
медузе 0.001 0.066 0.0
творил 0.001 2.0 0.002
отдельный 0.001 1.222 0.001
метафизической 0.001 2.0 0.002
немецкий 0.001 1.301 0.001
третьего 0.001 1.523 0.002
этики 0.001 1.699 0.002
выражение 0.001 1.523 0.002
выплата 0.001 2.0 0.002
требуют 0.001 1.398 0.001
собой 0.001 0.62 0.001
facebook 0.001 0.0 0.0
ясперс 0.006 2.0 0.012
медузу 0.001 0.066 0.0
началу 0.001 1.301 0.001
принесение 0.001 2.0 0.002
обработки 0.001 0.066 0.0
соотечественников 0.001 1.699 0.002
книги 0.001 1.097 0.001
этим 0.001 0.337 0.0
вину 0.004 1.699 0.007
стороны 0.001 0.432 0.0
коменданта 0.001 2.0 0.002
массовой 0.001 0.097 0.0
шансов 0.001 1.398 0.001
точки 0.001 0.638 0.001
кто-то 0.001 0.602 0.001
является 0.001 0.745 0.001
возможной 0.001 1.301 0.001
творимые 0.001 2.0 0.002
теории 0.001 1.097 0.001
проблеме 0.001 2.0 0.002
юридической 0.001 1.523 0.002
солидарности 0.001 1.699 0.002
поколению 0.001 2.0 0.002
гражданская 0.001 1.699 0.002
scanpix 0.001 0.301 0.0
реально 0.001 0.959 0.001
деятельность 0.001 1.398 0.001
оказывается 0.001 0.886 0.001
виде 0.001 0.745 0.001
разговор 0.001 1.222 0.001
испанский 0.001 2.0 0.002
спасибоgiphyза 0.001 0.066 0.0
показывать 0.001 0.066 0.0
иерусалиме 0.001 2.0 0.002
покаяние 0.001 2.0 0.002
стыд 0.007 2.0 0.014
м. 0.001 1.699 0.002
мировой 0.001 0.886 0.001
принятия 0.001 1.155 0.001
twitter 0.001 0.0 0.0
обычных 0.001 1.097 0.001
рейха 0.001 2.0 0.002
концлагеря 0.001 1.699 0.002
избавить 0.001 2.0 0.002
историю 0.001 0.721 0.001
будущее 0.001 1.155 0.001
пожалуйста 0.001 0.102 0.0
означает 0.001 0.62 0.001
держится 0.001 1.155 0.001
совершенное 0.001 2.0 0.002
фактическое 0.001 2.0 0.002
платформы 0.001 0.066 0.0
тоталитарные 0.001 1.699 0.002
i 0.001 0.745 0.001
нацистами 0.001 1.523 0.002
сначала 0.001 0.602 0.001
именно 0.002 0.244 0.0
понять 0.001 0.721 0.001
отношении 0.001 0.824 0.001
собственной 0.001 1.222 0.001
персональные 0.001 0.066 0.0
такое 0.001 0.347 0.0
пассивное 0.001 2.0 0.002
несение 0.001 2.0 0.002
место 0.001 0.678 0.001
внукам 0.001 2.0 0.002
которые 0.002 0.119 0.0
подчеркивается 0.001 1.699 0.002
перекладывать 0.001 2.0 0.002
недостаточно 0.001 0.921 0.001
вовсе 0.001 0.921 0.001
предполагающей 0.001 2.0 0.002
meduza 0.002 0.0 0.0
bei 0.001 2.0 0.002
десяти 0.001 0.921 0.001
кого 0.001 0.509 0.001
нацизма 0.001 1.222 0.001
режимы 0.001 1.523 0.002
погиб 0.001 1.398 0.001
германия 0.001 1.046 0.001
уровне 0.002 0.638 0.001
карл 0.001 2.0 0.002
поляков 0.001 1.523 0.002
помогают 0.001 0.886 0.001
немецкого 0.001 1.301 0.001
программу 0.001 1.155 0.001
рода 0.001 0.854 0.001
категориях 0.001 2.0 0.002
зовут 0.001 1.699 0.002
жертвы 0.001 1.523 0.002
разделенной 0.001 1.699 0.002
гейдельберга 0.001 2.0 0.002
круг 0.001 1.699 0.002
покаянии 0.001 2.0 0.002
велся 0.001 2.0 0.002
общество 0.001 0.886 0.001
строго 0.001 1.398 0.001
существует 0.001 0.745 0.001
училась 0.001 1.301 0.001
эта 0.001 0.367 0.0
российским 0.001 0.092 0.0
одной 0.001 0.398 0.0
которых 0.002 0.237 0.0
оккупированной 0.001 2.0 0.002
невозможно 0.001 0.602 0.001
потомки 0.001 1.699 0.002
утверждает 0.001 1.0 0.001
потомком 0.001 2.0 0.002
украине 0.002 0.444 0.001
ожидая 0.001 1.523 0.002
расширение 0.001 1.523 0.002
вместе 0.001 0.602 0.001
реклама 0.001 0.066 0.0
времен 0.001 1.222 0.001
из-за 0.001 0.229 0.0
последствий 0.001 0.959 0.001
мыслителя 0.001 2.0 0.002
интересах 0.001 0.167 0.0
к. 0.001 1.699 0.002
возникает 0.001 0.959 0.001
нацию 0.001 1.523 0.002
сша 0.001 0.469 0.0
понимания 0.001 1.398 0.001
ответственен 0.001 1.699 0.002
постыдные 0.001 2.0 0.002
дед 0.001 1.699 0.002
сообщение 0.001 0.102 0.0
эппле 0.002 1.398 0.003
учреждениях 0.001 1.398 0.001
