использованием 0.002 1.301 0.003
вакцинами 0.001 0.921 0.001
оценивается 0.001 1.699 0.002
компонентов 0.001 1.301 0.001
первой 0.002 0.678 0.001
заболели 0.001 1.0 0.001
редакции 0.002 0.066 0.0
опубликовала 0.001 1.523 0.002
lancet 0.001 1.301 0.001
вектор 0.002 1.301 0.003
гемостазу 0.001 1.699 0.002
прививок 0.002 0.824 0.002
баннерам 0.001 0.066 0.0
действий 0.001 0.699 0.001
диагностировали 0.001 2.0 0.002
россии 0.002 0.119 0.0
действительно 0.001 0.377 0.0
редкие 0.002 1.301 0.003
times 0.001 0.699 0.001
раскрыть 0.001 1.699 0.002
считают 0.001 0.721 0.001
заметны 0.001 2.0 0.002
обнаружено 0.002 1.155 0.002
гифки 0.001 0.066 0.0
петицию 0.001 1.699 0.002
намного 0.002 0.959 0.002
агента 0.002 0.097 0.0
людей 0.001 0.161 0.0
могущественной 0.001 2.0 0.002
омикрона 0.001 0.921 0.001
25–500 0.001 2.0 0.002
sinopharm 0.001 1.398 0.001
ковиде 0.001 1.155 0.001
головная 0.001 1.301 0.001
in 0.001 0.0 0.0
онемение 0.001 2.0 0.002
тромбоцитопенией 0.002 2.0 0.004
патологических 0.001 2.0 0.002
производства 0.001 0.77 0.001
китайской 0.001 1.155 0.001
financial 0.001 1.222 0.001
сделана 0.001 1.097 0.001
скандинавских 0.001 1.699 0.002
включая 0.001 0.959 0.001
предположения 0.001 2.0 0.002
наша 0.001 0.77 0.001
молекулярные 0.001 2.0 0.002
тромбозам 0.001 2.0 0.002
развивающихся 0.001 2.0 0.002
тромбов 0.003 1.699 0.005
системы 0.005 0.585 0.003
веществ 0.001 1.222 0.001
показали 0.001 1.0 0.001
нехватка 0.001 2.0 0.002
таких 0.002 0.347 0.001
заряженным 0.001 2.0 0.002
образуют 0.001 1.699 0.002
тромбоцитарным 0.002 2.0 0.004
избавиться 0.001 1.523 0.002
притягивают 0.001 2.0 0.002
правда 0.001 0.509 0.001
который 0.002 0.194 0.0
риск 0.001 0.538 0.001
анонимно 0.001 0.066 0.0
потерпите 0.001 2.0 0.002
второй 0.002 0.42 0.001
просто 0.001 0.194 0.0
ваша 0.001 0.102 0.0
чаще 0.001 0.602 0.001
нацелены 0.001 2.0 0.002
тромбы 0.001 1.398 0.001
векторными 0.001 2.0 0.002
лечение 0.001 1.097 0.001
распространение 0.001 0.854 0.001
участки 0.001 1.523 0.002
шансы 0.001 0.959 0.001
тромбоцитопения 0.002 2.0 0.004
вакцинированных 0.001 0.678 0.001
высокой 0.001 0.959 0.001
стараются 0.001 1.155 0.001
доступностью 0.001 2.0 0.002
появления 0.001 0.854 0.001
иммунных 0.001 1.301 0.001
заболевания 0.002 0.62 0.001
труднее 0.001 0.721 0.001
изучая 0.001 1.523 0.002
куки 0.001 0.066 0.0
диапазоне 0.001 1.523 0.002
гепарин-тромбоцитарный 0.001 2.0 0.002
британского 0.001 1.398 0.001
фактором 0.002 2.0 0.004
нежелательные 0.002 1.155 0.002
недавно 0.001 0.62 0.001
никаких 0.001 0.602 0.001
реакций 0.001 1.222 0.001
удалось 0.002 0.523 0.001
общая 0.001 1.155 0.001
кровоизлияния 0.001 2.0 0.002
использование 0.001 0.066 0.0
приводят 0.001 1.222 0.001
возможные 0.001 1.222 0.001
осложнение 0.001 1.699 0.002
сходство 0.001 2.0 0.002
играть 0.001 1.398 0.001
вакцина 0.001 0.721 0.001
поверхностного 0.001 2.0 0.002
видны 0.001 1.699 0.002
регистрируемых 0.002 2.0 0.004
больного 0.001 2.0 0.002
кажется 0.001 0.469 0.0
порядку 0.001 0.066 0.0
тяжелое 0.001 1.097 0.001
редко 0.002 1.301 0.003
которую 0.001 0.469 0.0
октябре 0.001 1.222 0.001
ученые 0.005 0.678 0.003
препаратом 0.002 1.097 0.002
года 0.003 0.167 0.001
фактор 0.001 1.398 0.001
мусабекова 0.001 2.0 0.002
повышение 0.001 1.301 0.001
en 0.001 0.066 0.0
ученых 0.001 1.046 0.001
эффективностью 0.002 0.921 0.002
вен 0.001 1.699 0.002
открытых 0.001 1.222 0.001
предполагалось 0.001 1.398 0.001
процесс 0.001 0.921 0.001
работает 0.001 0.367 0.0
раскрыли 0.001 1.398 0.001
проводить 0.001 0.824 0.001
явления 0.005 1.222 0.006
открытость 0.001 2.0 0.002
разница 0.002 0.886 0.002
одним 0.001 0.569 0.001
пациентов 0.002 0.796 0.002
резонанса 0.001 2.0 0.002
начали 0.001 0.481 0.0
отвергнуты 0.001 2.0 0.002
дней 0.001 0.337 0.0
вакцине 0.001 0.886 0.001
распространено 0.001 0.102 0.0
структуры 0.001 1.301 0.001
провести 0.001 0.745 0.001
нетипичными 0.001 2.0 0.002
диагноза 0.002 1.699 0.003
насколько 0.001 0.42 0.0
ios 0.001 0.066 0.0
затем 0.002 0.678 0.001
учеными 0.001 1.222 0.001
происхождения 0.001 1.398 0.001
производством 0.001 1.222 0.001
напомните 0.001 2.0 0.002
промежуточные 0.001 1.398 0.001
будут 0.001 0.301 0.0
человека 0.002 0.328 0.001
российской 0.001 0.432 0.0
неясного 0.001 2.0 0.002
большинства 0.001 1.097 0.001
несколько 0.002 0.201 0.0
c 0.001 1.046 0.001
факторы 0.001 1.222 0.001
вырабатываются 0.001 1.523 0.002
расследования 0.001 1.155 0.001
прививочной 0.001 1.222 0.001
сопутствующего 0.001 2.0 0.002
регулированию 0.001 2.0 0.002
распознавать 0.001 2.0 0.002
механизме 0.002 1.523 0.003
могут 0.005 0.187 0.001
очистки 0.001 1.699 0.002
своего 0.001 0.721 0.001
рекомендации 0.001 0.824 0.001
векторной 0.002 1.523 0.003
сопровождались 0.001 1.523 0.002
отрицательным 0.001 1.523 0.002
аутоантител 0.001 2.0 0.002
довольно 0.001 0.523 0.001
этих 0.001 0.337 0.0
огромна 0.001 2.0 0.002
коронавируса 0.002 0.509 0.001
следующей 0.001 1.301 0.001
ввиду 0.001 2.0 0.002
верен 0.001 2.0 0.002
пока 0.002 0.208 0.0
найти 0.002 0.602 0.001
профилактике 0.001 1.046 0.001
данном 0.001 1.097 0.001
которой 0.001 0.377 0.0
противникам 0.001 1.699 0.002
форму 0.001 1.398 0.001
векторных 0.003 1.301 0.004
доказательность 0.001 2.0 0.002
вообще 0.001 0.066 0.0
первую 0.001 0.638 0.001
поймать 0.001 1.699 0.002
состояние 0.001 0.921 0.001
приводили 0.001 2.0 0.002
лишь 0.001 0.481 0.0
коронавирусных 0.001 1.699 0.002
нового 0.001 0.638 0.001
реакция 0.001 1.301 0.001
реакции 0.002 0.854 0.002
начале 0.001 0.602 0.001
предполагают 0.001 1.398 0.001
приводить 0.001 1.222 0.001
момент 0.001 0.481 0.0
интервал 0.001 1.301 0.001
буквам 0.001 2.0 0.002
степени 0.001 0.721 0.001
миллионов 0.005 0.638 0.003
временем 0.002 0.921 0.002
остатков 0.001 2.0 0.002
европейские 0.001 1.222 0.001
редкое 0.001 1.699 0.002
возможным 0.001 1.523 0.002
гипотез 0.001 1.699 0.002
период 0.002 0.796 0.002
февральской 0.001 2.0 0.002
связи 0.001 0.0 0.0
задачей 0.001 1.699 0.002
нашли 0.001 0.066 0.0
предложено 0.001 2.0 0.002
медуза 0.002 0.066 0.0
одного 0.001 0.432 0.0
нам 0.001 0.086 0.0
кодируют 0.001 2.0 0.002
согласуется 0.001 1.699 0.002
благодаря 0.002 0.77 0.002
этому 0.001 0.432 0.0
международного 0.001 1.155 0.001
октябрь 0.001 1.398 0.001
нежелательных 0.001 1.046 0.001
проверили 0.001 1.523 0.002
животной 0.001 2.0 0.002
роль 0.001 0.796 0.001
причины 0.001 1.046 0.001
зафиксированы 0.001 1.523 0.002
юридическим 0.001 0.102 0.0
образованию 0.003 1.398 0.004
выработку 0.001 1.398 0.001
группе 0.001 0.745 0.001
аргентины 0.001 1.046 0.001
оказалась 0.001 0.796 0.001
контролю 0.001 1.046 0.001
начались 0.001 0.921 0.001
отражает 0.001 1.523 0.002
мирерасследование 0.001 2.0 0.002
использовано 0.002 2.0 0.004
материалам 0.001 0.066 0.0
судороги 0.001 2.0 0.002
привести 0.001 1.0 0.001
глубоких 0.001 1.699 0.002
другим 0.001 0.62 0.001
возникновения 0.005 1.046 0.005
несмотря 0.001 0.456 0.0
случае 0.001 0.357 0.0
проявляются 0.001 2.0 0.002
воздуха 0.001 1.222 0.001
семь 0.002 0.796 0.002
covid-19 0.003 0.77 0.002
гепарин 0.001 1.699 0.002
получающих 0.001 1.699 0.002
десятого 0.001 2.0 0.002
строения 0.001 1.699 0.002
данный 0.001 0.824 0.001
статье 0.001 0.854 0.001
примеру 0.001 1.222 0.001
путь 0.001 0.886 0.001
ученым 0.002 1.301 0.003
якобы 0.001 0.854 0.001
являются 0.002 1.155 0.002
иностранным 0.001 0.097 0.0
предотвратить 0.001 1.0 0.001
astrazeneca 0.003 0.959 0.003
нужно 0.003 0.237 0.001
случаи 0.001 0.721 0.001
относительно 0.001 0.721 0.001
иммунная 0.002 1.523 0.003
например 0.001 0.229 0.0
зарядом 0.001 2.0 0.002
первым 0.001 0.854 0.001
коронавирусом 0.001 0.699 0.001
госпитализированного 0.001 2.0 0.002
решение 0.001 0.509 0.001
становится 0.001 0.721 0.001
конечности 0.001 1.699 0.002
которое 0.001 0.337 0.0
живом 0.001 1.523 0.002
по-прежнему 0.002 0.824 0.002
вида 0.001 1.523 0.002
сравнить 0.001 1.155 0.001
ctrl+enter 0.001 0.066 0.0
безопасно 0.001 0.066 0.0
наблюдались 0.001 1.398 0.001
новостиисторииразборшапитокоронавирусмагаз 0.001 0.066 0.0
аденовирусный 0.001 2.0 0.002
механизмов 0.001 1.301 0.001
обнаруженные 0.001 1.699 0.002
обычно 0.001 0.523 0.001
иммуноглобулин 0.001 2.0 0.002
зарегистрированы 0.001 1.097 0.001
позволило 0.001 1.222 0.001
youtube 0.001 0.06 0.0
молекула 0.001 1.699 0.002
advances 0.001 2.0 0.002
вакцинах 0.001 1.046 0.001
чем-то 0.001 1.097 0.001
марте 0.001 1.046 0.001
должны 0.002 0.432 0.001
стимулируют 0.001 1.699 0.002
компонентом 0.001 1.301 0.001
низкой 0.001 1.301 0.001
описывает 0.001 1.222 0.001
создано 0.001 0.097 0.0
возможных 0.001 1.097 0.001
особой 0.001 1.097 0.001
комплексы 0.002 2.0 0.004
средств 0.001 0.854 0.001
группы 0.001 0.62 0.001
которая 0.003 0.301 0.001
компоненте 0.001 1.699 0.002
поддержите 0.001 0.102 0.0
достаточно 0.001 0.444 0.0
зрения 0.001 0.602 0.001
сложность 0.001 1.523 0.002
груди 0.001 1.222 0.001
антител 0.005 0.854 0.004
спутнику 0.001 1.097 0.001
поэтому 0.004 0.328 0.001
августа 0.001 1.222 0.001
средством 0.001 0.102 0.0
science 0.001 1.398 0.001
клеток 0.001 1.155 0.001
выполняющим 0.002 0.097 0.0
агентством 0.001 1.523 0.002
противопоказанием 0.001 1.699 0.002
лекарствами 0.001 1.398 0.001
аденовируса 0.005 1.523 0.008
заряженные 0.001 2.0 0.002
ошибку 0.001 0.066 0.0
cansinobio 0.002 1.699 0.003
электронной 0.001 1.523 0.002
лет 0.001 0.252 0.0
приводит 0.002 0.824 0.002
используется 0.001 0.796 0.001
глюкокортикостероиды 0.001 2.0 0.002
зарегистрированных 0.001 1.155 0.001
впервые 0.002 0.824 0.002
источником 0.001 1.155 0.001
выращиваются 0.001 2.0 0.002
пользу 0.001 0.886 0.001
тромбоциты 0.001 2.0 0.002
подробные 0.001 1.398 0.001
прививки 0.002 0.638 0.001
побочной 0.001 2.0 0.002
компании 0.001 0.523 0.001
указан 0.001 1.699 0.002
взаимодействия 0.002 1.523 0.003
активируют 0.001 2.0 0.002
спутника 0.004 0.796 0.003
указывают 0.001 1.097 0.001
своей 0.002 0.42 0.001
позволяет 0.001 0.854 0.001
редких 0.001 1.155 0.001
признаки 0.001 1.398 0.001
составляет 0.002 0.921 0.002
данные 0.002 0.066 0.0
добиться 0.001 1.222 0.001
комплексу 0.001 1.699 0.002
гепарином 0.002 2.0 0.004
говорилось 0.001 1.398 0.001
возникновении 0.001 1.699 0.002
популяциях 0.001 1.523 0.002
разбор 0.001 0.387 0.0
шесть 0.001 1.0 0.001
аналогичные 0.001 1.301 0.001
относятся 0.001 1.155 0.001
приводя 0.001 2.0 0.002
данным 0.002 0.444 0.001
основан 0.001 1.523 0.002
нажмите 0.001 0.066 0.0
случаев 0.01 0.658 0.007
концов 0.001 1.301 0.001
стран 0.001 0.469 0.0
официально 0.002 0.959 0.002
ухудшение 0.001 1.523 0.002
инактивированной 0.001 1.699 0.002
некоторых 0.002 0.523 0.001
антиген 0.002 1.523 0.003
числе 0.001 0.31 0.0
гипотезы 0.001 1.699 0.002
других 0.001 0.26 0.0
иностранного 0.002 0.102 0.0
александр 0.001 0.538 0.001
человек 0.003 0.215 0.001
антикоагулянтов 0.001 1.699 0.002
связываться 0.001 1.398 0.001
материал 0.001 0.086 0.0
понятно 0.001 0.699 0.001
противоковидных 0.001 1.301 0.001
сообщества 0.001 1.097 0.001
исследований 0.001 0.585 0.001
запомнить 0.001 2.0 0.002
каскад 0.001 2.0 0.002
таким 0.002 0.658 0.001
кампании 0.001 0.854 0.001
коммерсантъ 0.001 1.523 0.002
отек 0.001 2.0 0.002
s-белок 0.002 1.301 0.003
белки 0.002 1.699 0.003
смертельным 0.001 1.699 0.002
– 0.001 0.06 0.0
время 0.005 0.102 0.001
публикации 0.002 0.886 0.002
ковида 0.001 0.444 0.0
скучиванию 0.001 2.0 0.002
результате 0.002 0.62 0.001
нами 0.001 0.066 0.0
стала 0.001 0.569 0.001
возникать 0.001 2.0 0.002
5-го 0.001 1.523 0.002
аденовекторы 0.001 2.0 0.002
chadox1 0.001 1.699 0.002
чревато 0.001 1.699 0.002
белка 0.002 1.301 0.003
заключалось 0.001 2.0 0.002
старше 0.001 1.0 0.001
испытаний 0.002 0.921 0.002
узнать 0.001 0.959 0.001
соответствовать 0.001 1.398 0.001
ту 0.001 0.921 0.001
детальную 0.001 2.0 0.002
серотипа 0.001 1.523 0.002
модели 0.001 1.0 0.001
показано 0.001 1.155 0.001
новые 0.001 0.602 0.001
примерно 0.002 0.585 0.001
аденовирусных 0.001 1.398 0.001
указанием 0.001 2.0 0.002
вакцино-индуцированная 0.001 2.0 0.002
миллион 0.002 1.155 0.002
конце 0.001 0.745 0.001
избыток 0.001 1.699 0.002
мелкие 0.001 1.523 0.002
отличия 0.001 1.222 0.001
рекламаmeduza 0.001 0.066 0.0
говорить 0.001 0.602 0.001
открытую 0.001 1.699 0.002
боль 0.002 0.959 0.002
принимать 0.001 0.721 0.001
указана 0.001 1.699 0.002
нежелательной 0.001 1.222 0.001
работы 0.002 0.553 0.001
роли 0.001 1.155 0.001
придем 0.001 1.222 0.001
лицом 0.001 0.102 0.0
мониторинга 0.004 1.523 0.006
выше 0.001 0.509 0.001
вероятность 0.001 0.721 0.001
организм 0.001 1.222 0.001
функции 0.002 0.097 0.0
белок-шип 0.001 2.0 0.002
astrazenеca 0.002 2.0 0.004
тысяч 0.002 0.337 0.001
сложные 0.001 1.301 0.001
аденовирус 0.001 1.523 0.002
сильным 0.001 1.301 0.001
фазы 0.001 0.959 0.001
используются 0.001 0.921 0.001
дозами 0.001 1.301 0.001
ампутировать 0.001 1.523 0.002
связываются 0.001 1.699 0.002
известно 0.001 0.481 0.0
казалось 0.001 0.886 0.001
касается 0.002 0.602 0.001
микроскопии 0.001 2.0 0.002
высокая 0.001 1.046 0.001
мрнк-вакцины 0.001 1.222 0.001
частое 0.001 2.0 0.002
компанией 0.001 1.222 0.001
международные 0.001 1.398 0.001
привитых 0.001 0.824 0.001
тромбозами 0.001 2.0 0.002
явлениям 0.001 1.699 0.002
факторам 0.001 2.0 0.002
безопасности 0.001 0.481 0.0
первое 0.001 0.921 0.001
целый 0.001 1.0 0.001
johnson 0.003 1.155 0.003
добровольцев 0.001 0.886 0.001
кровотечений 0.001 2.0 0.002
перейти 0.001 0.066 0.0
поддержать 0.001 0.066 0.0
американские 0.001 1.097 0.001
витт 0.014 2.0 0.028
источник 0.001 0.174 0.0
весной 0.001 1.699 0.002
опаснее 0.001 1.523 0.002
открытой 0.001 1.301 0.001
усилился 0.001 2.0 0.002
стране 0.001 0.523 0.001
значительном 0.001 2.0 0.002
состав 0.002 0.959 0.002
кодекс 0.001 0.066 0.0
подобного 0.002 1.523 0.003
случая 0.002 1.301 0.003
moderna 0.001 1.0 0.001
также 0.006 0.237 0.001
побочных 0.002 0.959 0.002
привито 0.001 1.523 0.002
клинических 0.001 0.796 0.001
разной 0.001 1.097 0.001
входящим 0.001 2.0 0.002
задача 0.001 0.959 0.001
медицинским 0.001 1.398 0.001
механизма 0.001 1.398 0.001
снижением 0.001 1.398 0.001
препаратах 0.001 1.301 0.001
государства 0.001 0.824 0.001
опасные 0.001 1.699 0.002
старта 0.001 1.301 0.001
очередь 0.001 0.62 0.001
данное 0.001 0.097 0.0
26-го 0.001 1.523 0.002
равные 0.001 2.0 0.002
частоте 0.002 1.523 0.003
введения 0.002 0.796 0.002
hadv-c5 0.001 2.0 0.002
регистрации 0.002 1.046 0.002
правила 0.001 0.066 0.0
будущем 0.001 0.745 0.001
механизм 0.003 1.222 0.004
сделанная 0.001 2.0 0.002
антитела 0.002 0.959 0.002
подтверждено 0.002 1.523 0.003
редки 0.001 1.523 0.002
вакцинации 0.011 0.553 0.006
использовать 0.001 0.585 0.001
ано 0.001 1.523 0.002
прописать 0.001 1.699 0.002
триггером 0.001 1.699 0.002
вконтакте 0.001 0.066 0.0
добавьте 0.001 2.0 0.002
гепарина 0.002 2.0 0.004
вторым 0.001 1.155 0.001
live 0.001 0.022 0.0
тренд 0.001 1.699 0.002
pfizer 0.001 0.886 0.001
болеть 0.001 1.398 0.001
синдромом 0.001 1.699 0.002
часто 0.002 0.456 0.001
образом 0.002 0.602 0.001
пострегистрационного 0.002 2.0 0.004
hadv-d26 0.001 2.0 0.002
pf4 0.008 2.0 0.016
запускают 0.001 1.699 0.002
блог 0.001 0.066 0.0
инстаграм 0.001 0.066 0.0
основное 0.001 1.699 0.002
© 0.001 0.0 0.0
частоту 0.002 1.523 0.003
важным 0.001 1.097 0.001
статистикой 0.001 1.699 0.002
принимаем 0.001 1.523 0.002
группа 0.001 0.886 0.001
проблема 0.002 0.721 0.001
регистрируется 0.001 1.699 0.002
встречаемости 0.001 2.0 0.002
разных 0.002 0.398 0.001
коллективный 0.001 1.222 0.001
выделите 0.001 0.066 0.0
тяжелые 0.001 1.046 0.001
нежелательно 0.001 1.523 0.002
ema 0.001 1.523 0.002
протестировать 0.001 1.699 0.002
закончилось 0.001 1.301 0.001
данных 0.003 0.481 0.001
читайте 0.001 0.745 0.001
врач 0.001 1.046 0.001
связана 0.002 1.0 0.002
индии 0.002 1.222 0.002
реагировать 0.001 1.301 0.001
легко 0.001 0.824 0.001
тромбозах 0.001 2.0 0.002
meduzacare 0.001 0.066 0.0
тромбофилия 0.001 2.0 0.002
равной 0.001 1.699 0.002
данного 0.001 2.0 0.002
сайте 0.001 0.886 0.001
тромбообразования 0.002 2.0 0.004
против 0.001 0.229 0.0
частоты 0.001 1.222 0.001
система 0.002 0.77 0.002
результаты 0.001 0.62 0.001
метода 0.001 1.301 0.001
начинают 0.002 0.886 0.002
разработать 0.001 1.523 0.002
побочным 0.001 1.699 0.002
той 0.002 0.62 0.001
великобритании 0.002 0.745 0.001
кнопка 0.001 0.066 0.0
синдром 0.001 1.699 0.002
чужеродный 0.001 2.0 0.002
хотя 0.001 0.276 0.0
количества 0.002 1.0 0.002
возникновению 0.001 1.699 0.002
проявляться 0.001 1.699 0.002
предрасположенности 0.001 2.0 0.002
мрнк-вакцинами 0.001 1.699 0.002
фармацевтической 0.001 1.523 0.002
эффективность 0.001 0.569 0.001
вечерняя 0.001 0.066 0.0
риска 0.001 0.699 0.001
основе 0.004 0.745 0.003
это 0.009 0.066 0.001
the 0.001 0.481 0.0
вакцин 0.006 0.62 0.004
препятствует 0.001 1.699 0.002
понятных 0.001 2.0 0.002
которому 0.001 1.0 0.001
другие 0.002 0.268 0.001
следствием 0.001 2.0 0.002
напрямую 0.001 1.0 0.001
тромботическая 0.001 2.0 0.002
пандемии 0.003 0.658 0.002
клинические 0.001 1.097 0.001
риском 0.001 1.222 0.001
поддержки 0.001 0.066 0.0
прививкой 0.001 1.301 0.001
самой 0.001 0.699 0.001
спутник 0.003 0.721 0.002
помощь 0.001 0.097 0.0
двумя 0.001 0.678 0.001
вакцинаций 0.002 1.398 0.003
гепарин-индуцированной 0.002 2.0 0.004
ковидной 0.001 2.0 0.002
запускающим 0.001 2.0 0.002
постковидный 0.001 2.0 0.002
воздействием 0.001 2.0 0.002
первые 0.001 0.585 0.001
предположение 0.001 1.398 0.001
послевакцинные 0.001 2.0 0.002
внутривенный 0.001 1.699 0.002
биологический 0.001 1.699 0.002
точку 0.001 1.097 0.001
примере 0.001 1.222 0.001
v 0.008 0.699 0.006
итоге 0.001 0.62 0.001
тромбоцитов 0.002 2.0 0.004
распознавали 0.001 2.0 0.002
выявления 0.001 1.523 0.002
различие 0.001 1.398 0.001
векторная 0.001 1.699 0.002
событий 0.001 0.921 0.001
прививаться 0.002 0.921 0.002
новой 0.001 0.585 0.001
объяснения 0.002 1.398 0.003
обращает 0.001 1.523 0.002
исследовании 0.002 0.824 0.002
иммунитет 0.001 0.854 0.001
вакциной 0.001 0.886 0.001
ежедневно 0.001 1.155 0.001
тромбозов 0.005 1.398 0.007
некоторые 0.002 0.469 0.001
снижение 0.001 1.0 0.001
android 0.001 0.066 0.0
ключевой 0.001 1.523 0.002
установки 0.001 1.398 0.001
english 0.001 0.06 0.0
отсутствие 0.002 0.921 0.002
гипотеза 0.001 1.699 0.002
реагирует 0.001 1.523 0.002
белков 0.001 1.699 0.002
создание 0.001 1.523 0.002
доставили 0.001 2.0 0.002
самое 0.001 0.638 0.001
будущего 0.001 1.097 0.001
воспринимает 0.001 2.0 0.002
нужна 0.002 0.092 0.0
такого 0.001 0.509 0.001
подтвержденных 0.002 1.699 0.003
нарушений 0.001 1.699 0.002
оказалось 0.001 0.824 0.001
векторы 0.002 1.699 0.003
норвегии 0.002 1.523 0.003
тромбозы 0.005 1.523 0.008
ногу 0.001 1.301 0.001
тромбоцитопении 0.001 1.523 0.002
медицине 0.001 1.398 0.001
т 0.002 1.222 0.002
постановки 0.001 1.699 0.002
особенности 0.001 1.398 0.001
аббревиатуры 0.001 2.0 0.002
отчеты 0.001 1.523 0.002
наблюдать 0.001 1.301 0.001
редким 0.001 1.699 0.002
опубликованном 0.002 1.398 0.003
связаться 0.001 0.066 0.0
требования 0.001 0.066 0.0
времени 0.001 0.523 0.001
крови 0.002 0.959 0.002
распознают 0.001 2.0 0.002
векторные 0.001 1.523 0.002
информации 0.001 0.102 0.0
подписали 0.001 1.398 0.001
состояния 0.001 0.959 0.001
явлений 0.002 1.046 0.002
гораздо 0.001 0.699 0.001
общим 0.001 1.301 0.001
тех 0.001 0.26 0.0
ковидом 0.001 0.658 0.001
европейским 0.001 1.523 0.002
важно 0.002 0.509 0.001
перенесенные 0.001 2.0 0.002
диаграмму 0.001 2.0 0.002
измерить 0.001 1.301 0.001
видно 0.001 0.921 0.001
отрицательно 0.001 2.0 0.002
спутником 0.002 0.921 0.002
главным 0.001 1.155 0.001
подкожные 0.001 2.0 0.002
наличием 0.001 1.523 0.002
борются 0.001 1.046 0.001
тромбоза 0.002 1.523 0.003
асель 0.001 2.0 0.002
ключевую 0.001 1.222 0.001
участвуют 0.001 0.959 0.001
причиной 0.001 1.301 0.001
собственные 0.001 1.046 0.001
журнале 0.002 0.921 0.002
ними 0.002 0.585 0.001
отчете 0.002 1.699 0.003
риски 0.002 0.77 0.002
побочное 0.002 2.0 0.004
медузе 0.002 0.066 0.0
самих 0.001 0.921 0.001
системе 0.001 1.097 0.001
побочные 0.002 1.398 0.003
точно 0.001 0.481 0.0
непросто 0.001 1.155 0.001
бывает 0.001 1.0 0.001
сторонникам 0.001 2.0 0.002
агентства 0.002 1.097 0.002
обсуждаемой 0.001 2.0 0.002
феномена 0.001 2.0 0.002
разработчики 0.001 1.0 0.001
facebook 0.001 0.0 0.0
защищают 0.001 1.0 0.001
медузу 0.002 0.066 0.0
явление 0.002 1.699 0.003
частота 0.002 1.301 0.003
обработки 0.001 0.066 0.0
ниже 0.001 0.77 0.001
описывают 0.001 1.523 0.002
симптомы 0.001 0.959 0.001
собственного 0.001 1.523 0.002
массовой 0.002 0.097 0.0
австрии 0.001 1.301 0.001
знаем 0.002 0.585 0.001
вроде 0.001 0.658 0.001
аутоантитела 0.001 2.0 0.002
сложно 0.002 0.538 0.001
является 0.002 0.745 0.001
заряженная 0.001 2.0 0.002
зарегистрировано 0.001 1.222 0.001
главная 0.001 0.796 0.001
комплекса 0.002 1.699 0.003
миллиона 0.001 0.77 0.001
показала 0.001 1.222 0.001
такие 0.005 0.444 0.002
резкое 0.001 1.699 0.002
информация 0.001 0.824 0.001
используемых 0.001 1.398 0.001
состоит 0.001 1.398 0.001
спасибоgiphyза 0.001 0.066 0.0
показывать 0.001 0.066 0.0
обнаружены 0.002 1.301 0.003
поверхности 0.001 1.301 0.001
дозы 0.002 0.886 0.002
лекарственных 0.001 1.155 0.001
twitter 0.001 0.0 0.0
раньше 0.001 0.432 0.0
реанимации 0.001 1.699 0.002
аденовектора 0.003 2.0 0.006
болезни 0.001 0.62 0.001
случай 0.002 0.921 0.002
пожалуйста 0.001 0.102 0.0
аутоиммунной 0.001 2.0 0.002
должен 0.001 0.585 0.001
означает 0.001 0.62 0.001
предполагаемый 0.001 1.699 0.002
аргентине 0.002 1.097 0.002
антикоагулянты 0.001 1.523 0.002
платформы 0.002 0.066 0.0
тромбозу 0.001 1.699 0.002
можем 0.001 0.62 0.001
описанный 0.001 2.0 0.002
каждого 0.001 0.678 0.001
входящих 0.001 1.398 0.001
ненужных 0.001 2.0 0.002
исследования 0.002 0.481 0.001
связаны 0.002 0.959 0.002
именно 0.004 0.244 0.001
сначала 0.001 0.602 0.001
организме 0.001 1.301 0.001
казаков 0.001 2.0 0.002
осложнения 0.002 1.301 0.003
понять 0.001 0.721 0.001
вакцины 0.008 0.585 0.005
причину 0.001 1.222 0.001
персональные 0.001 0.066 0.0
такое 0.001 0.347 0.0
25–40 0.001 2.0 0.002
очень 0.008 0.149 0.001
которые 0.007 0.119 0.001
варикоз 0.001 2.0 0.002
доз 0.005 1.155 0.006
meduza 0.002 0.0 0.0
третьей 0.001 1.097 0.001
зафиксирована 0.001 2.0 0.002
иммунного 0.001 1.301 0.001
зафиксировать 0.001 1.301 0.001
лечить 0.001 1.301 0.001
обнаружение 0.001 1.222 0.001
уровне 0.001 0.638 0.001
иммунной 0.002 0.959 0.002
исходом 0.001 2.0 0.002
организма 0.001 0.921 0.001
последовательность 0.001 2.0 0.002
рода 0.002 0.854 0.002
откройте 0.001 1.523 0.002
закончиться 0.001 1.097 0.001
шимпанзе 0.001 1.523 0.002
обоснованный 0.001 2.0 0.002
странах 0.002 0.495 0.001
связанное 0.001 1.523 0.002
сильная 0.001 1.155 0.001
согласовывалась 0.001 2.0 0.002
определить 0.001 1.523 0.002
проиллюстрировать 0.001 1.699 0.002
прививаются 0.001 1.523 0.002
внимание 0.001 0.658 0.001
первом 0.001 0.824 0.001
самая 0.001 0.854 0.001
эта 0.002 0.367 0.001
5–14 0.001 2.0 0.002
российским 0.001 0.092 0.0
которых 0.002 0.237 0.0
алгоритм 0.001 1.699 0.002
одной 0.001 0.398 0.0
декабря 0.002 0.824 0.002
спойлер 0.001 0.796 0.001
свертывания 0.002 2.0 0.004
тому 0.001 0.509 0.001
неудивительно 0.001 1.699 0.002
плазмонного 0.001 2.0 0.002
вместе 0.001 0.602 0.001
однако 0.002 0.337 0.001
делать 0.001 0.276 0.0
оказаться 0.001 0.796 0.001
из-за 0.002 0.229 0.0
реклама 0.002 0.066 0.0
возникают 0.002 1.222 0.002
возникает 0.003 0.959 0.003
смертью 0.001 1.523 0.002
производиться 0.001 1.398 0.001
сша 0.001 0.469 0.0
положительно 0.002 1.523 0.003
сообщение 0.001 0.102 0.0
плохо 0.001 0.569 0.001
использовались 0.001 1.301 0.001
