существуют 0.001 1.222 0.001
числа 0.001 0.745 0.001
ждем 0.002 1.301 0.003
российские 0.001 0.328 0.0
ходе 0.001 0.921 0.001
редакции 0.002 0.066 0.0
наличие 0.001 1.0 0.001
днях 0.001 1.699 0.002
список 0.001 0.658 0.001
баннерам 0.001 0.066 0.0
наблюдения 0.001 1.155 0.001
изменились 0.003 1.398 0.004
россии 0.002 0.119 0.0
действительно 0.001 0.377 0.0
натуральный 0.001 1.699 0.002
гифки 0.001 0.066 0.0
инфекции 0.001 0.77 0.001
зависит 0.001 0.638 0.001
агента 0.002 0.097 0.0
людей 0.003 0.161 0.0
соблюдении 0.001 2.0 0.002
рекомендует 0.001 0.886 0.001
способности 0.001 1.046 0.001
врачом 0.001 1.301 0.001
обновляемого 0.001 2.0 0.002
попросили 0.001 1.097 0.001
главных 0.001 0.678 0.001
крысят 0.001 2.0 0.002
in 0.001 0.0 0.0
европе 0.001 0.658 0.001
применению 0.001 1.699 0.002
рекомендовать 0.002 1.301 0.003
производства 0.001 0.77 0.001
необходимые 0.001 0.959 0.001
эксперты 0.003 0.959 0.003
использованию 0.001 1.523 0.002
полного 0.001 1.222 0.001
приведет 0.002 1.097 0.002
хронических 0.001 1.301 0.001
системы 0.002 0.585 0.001
таких 0.003 0.347 0.001
изменения 0.002 1.097 0.002
угрожать 0.001 1.699 0.002
обзора 0.001 1.398 0.001
минздрав 0.001 0.824 0.001
правда 0.004 0.509 0.002
который 0.001 0.194 0.0
риск 0.005 0.538 0.003
переболевших 0.001 0.886 0.001
тревожит 0.001 2.0 0.002
анонимно 0.001 0.066 0.0
s-белком 0.001 1.699 0.002
конца 0.001 0.77 0.001
беременных 0.004 1.398 0.006
рисков 0.001 0.959 0.001
уровень 0.001 0.824 0.001
просто 0.001 0.194 0.0
вызвать 0.002 1.155 0.002
сотрудником 0.001 1.523 0.002
возраст 0.001 1.097 0.001
ваша 0.002 0.102 0.0
вызывать 0.001 0.921 0.001
прививку 0.007 0.77 0.005
лактации 0.001 2.0 0.002
снижении 0.001 1.301 0.001
физическое 0.001 2.0 0.002
никак 0.002 0.886 0.002
популярность 0.001 2.0 0.002
индекс 0.001 1.699 0.002
заболевания 0.004 0.62 0.002
людях 0.001 1.155 0.001
ближнего 0.001 1.301 0.001
читателейнам 0.001 0.174 0.0
куки 0.001 0.066 0.0
эффективной 0.001 1.222 0.001
опубликованы 0.001 1.0 0.001
заболевание 0.001 0.854 0.001
используют 0.001 0.921 0.001
никаких 0.001 0.602 0.001
родственников 0.001 1.301 0.001
безопасна 0.001 1.222 0.001
вакцину 0.001 0.824 0.001
использование 0.001 0.066 0.0
возможные 0.001 1.222 0.001
ухудшает 0.001 1.699 0.002
распространяться 0.001 1.222 0.001
популяции 0.003 1.097 0.003
вакцина 0.001 0.721 0.001
в-третьих 0.001 1.301 0.001
испытаниями 0.001 1.523 0.002
появились 0.002 0.854 0.002
порядку 0.001 0.066 0.0
малыша 0.001 1.398 0.001
карточек 0.001 0.62 0.001
тяжелое 0.001 1.097 0.001
импотенции 0.002 2.0 0.004
октябре 0.001 1.222 0.001
потомства 0.001 2.0 0.002
года 0.002 0.167 0.0
несут 0.001 1.523 0.002
ершов 0.001 0.796 0.001
соблюсти 0.001 2.0 0.002
en 0.001 0.066 0.0
работает 0.002 0.367 0.001
плода 0.003 2.0 0.006
матери 0.005 1.097 0.005
массы 0.001 1.301 0.001
инструкциях 0.001 1.699 0.002
будучи 0.001 1.398 0.001
одним 0.002 0.569 0.001
кормящих 0.001 1.699 0.002
сторону 0.001 0.796 0.001
сожалению 0.002 0.569 0.001
самый 0.001 0.721 0.001
социального 0.001 1.301 0.001
предлагает 0.001 0.959 0.001
распространено 0.001 0.102 0.0
ios 0.001 0.066 0.0
специальных 0.001 1.301 0.001
клиническое 0.001 2.0 0.002
будут 0.001 0.301 0.0
систему 0.001 1.222 0.001
инактивированный 0.001 2.0 0.002
описаны 0.001 1.046 0.001
полноценных 0.001 1.699 0.002
возраста 0.001 0.886 0.001
несколько 0.001 0.201 0.0
однозначно 0.001 0.959 0.001
группой 0.001 1.155 0.001
причина 0.001 0.959 0.001
факторы 0.001 1.222 0.001
вируса 0.002 0.721 0.001
контактов 0.001 1.699 0.002
мамы 0.001 1.097 0.001
соцсетях 0.001 1.046 0.001
проникать 0.001 1.398 0.001
повлияло 0.002 1.699 0.003
могут 0.005 0.187 0.001
выживаемость 0.001 2.0 0.002
рекомендации 0.004 0.824 0.003
любом 0.001 0.854 0.001
международными 0.001 1.301 0.001
медузы 0.001 0.268 0.0
плоду 0.002 2.0 0.004
прогноз 0.001 1.301 0.001
довольно 0.001 0.523 0.001
этих 0.002 0.337 0.001
зафиксировано 0.001 1.301 0.001
писали 0.001 0.824 0.001
коронавирус 0.001 0.854 0.001
коронавируса 0.002 0.509 0.001
миф 0.001 1.699 0.002
пока 0.003 0.208 0.001
профилактике 0.001 1.046 0.001
яичников 0.001 2.0 0.002
которой 0.001 0.377 0.0
работать 0.001 0.409 0.0
анализе 0.001 1.301 0.001
обойдешься 0.001 2.0 0.002
сих 0.003 0.481 0.001
вообще 0.001 0.066 0.0
шаг 0.001 1.046 0.001
первую 0.001 0.638 0.001
pfizer/biontech 0.001 1.046 0.001
состояние 0.001 0.921 0.001
лишь 0.001 0.481 0.0
вирусоподобные 0.001 1.523 0.002
реакции 0.001 0.854 0.001
по-видимому 0.001 0.959 0.001
родов 0.001 1.523 0.002
вирус-вектор 0.001 2.0 0.002
ковид-скептиком 0.001 2.0 0.002
весомый 0.001 2.0 0.002
приводить 0.003 1.222 0.004
проведены 0.001 1.301 0.001
закрытых 0.001 1.398 0.001
понимать 0.001 0.886 0.001
аргумент 0.001 1.301 0.001
йидоном 0.001 2.0 0.002
последовательностей 0.001 1.523 0.002
заразиться 0.001 1.398 0.001
утверждать 0.001 1.155 0.001
пандемия 0.001 1.097 0.001
способность 0.001 0.959 0.001
гарантий 0.001 1.523 0.002
нашли 0.001 0.066 0.0
связи 0.002 0.0 0.0
определенные 0.001 1.155 0.001
жизненных 0.002 2.0 0.004
медуза 0.003 0.066 0.0
месяцев 0.002 0.602 0.001
нам 0.001 0.086 0.0
помимо 0.001 0.796 0.001
согласно 0.001 0.745 0.001
помочь 0.001 0.131 0.0
инструкция 0.002 0.796 0.002
влияние 0.002 1.046 0.002
скорее 0.003 0.509 0.002
людьми 0.001 0.745 0.001
uptodate 0.001 1.523 0.002
соблюдены 0.001 1.699 0.002
разные 0.001 0.721 0.001
нежелательных 0.001 1.046 0.001
такую 0.001 0.824 0.001
стало 0.001 0.481 0.0
зависимости 0.001 0.796 0.001
инфекция 0.001 1.0 0.001
юридическим 0.001 0.102 0.0
следует 0.003 0.77 0.002
опасны 0.001 1.398 0.001
контролю 0.001 1.046 0.001
материалам 0.001 0.066 0.0
прививка 0.002 1.046 0.002
агентств 0.001 2.0 0.002
срочно 0.001 0.167 0.0
реальным 0.001 2.0 0.002
беременными 0.002 1.699 0.003
репродукцию 0.001 2.0 0.002
другим 0.001 0.62 0.001
меньше 0.003 0.444 0.001
случае 0.002 0.357 0.001
ограничения 0.001 0.745 0.001
воздуха 0.001 1.222 0.001
четверти 0.001 1.699 0.002
доказана 0.001 1.301 0.001
covid-19 0.001 0.77 0.001
содержащийся 0.001 2.0 0.002
помещениях 0.001 1.699 0.002
обстоятельств 0.003 1.301 0.004
предпосылки 0.001 2.0 0.002
майком 0.001 2.0 0.002
особых 0.001 1.301 0.001
личных 0.002 1.222 0.002
якобы 0.001 0.854 0.001
иностранным 0.001 0.097 0.0
нужно 0.005 0.237 0.001
конечном 0.001 1.398 0.001
ожидаемая 0.001 2.0 0.002
основном… 0.001 2.0 0.002
например 0.001 0.229 0.0
2021-го 0.001 1.155 0.001
указано 0.001 1.0 0.001
организму 0.001 1.699 0.002
становится 0.001 0.721 0.001
решение 0.001 0.509 0.001
бессимптомно 0.001 2.0 0.002
инфицированных 0.001 1.222 0.001
вакцинам 0.002 0.959 0.002
частицы 0.001 1.301 0.001
ctrl+enter 0.001 0.066 0.0
вакцинацией 0.002 0.959 0.002
безопасно 0.001 0.066 0.0
новостиисторииразборшапитокоронавирусмагаз 0.001 0.066 0.0
пару 0.001 0.77 0.001
обнаруженные 0.001 1.699 0.002
обычно 0.001 0.523 0.001
рук 0.001 1.398 0.001
рано 0.002 0.921 0.002
однажды 0.001 1.301 0.001
youtube 0.001 0.06 0.0
пользоваться 0.001 1.046 0.001
получили 0.001 0.745 0.001
300-кратной 0.001 2.0 0.002
риску 0.001 1.398 0.001
либо 0.003 0.569 0.002
марте 0.001 1.046 0.001
создано 0.001 0.097 0.0
семьи 0.001 1.046 0.001
группы 0.001 0.62 0.001
которая 0.002 0.301 0.001
поддержите 0.001 0.102 0.0
во-вторых 0.001 0.854 0.001
случилось 0.002 0.658 0.001
окончена 0.001 2.0 0.002
какие-либо 0.001 1.398 0.001
противопоказаний 0.003 1.301 0.004
антител 0.001 0.854 0.001
описанными 0.001 1.699 0.002
спутнику 0.003 1.097 0.003
вдвое 0.001 1.222 0.001
генетический 0.001 1.699 0.002
роберта 0.001 1.699 0.002
ухудшающих 0.001 2.0 0.002
многие 0.001 0.284 0.0
средством 0.001 0.102 0.0
выполняющим 0.002 0.097 0.0
возможность 0.001 0.569 0.001
появятся 0.001 1.398 0.001
идеальной 0.001 1.699 0.002
ошибку 0.001 0.066 0.0
круга 0.001 2.0 0.002
ничем 0.001 1.155 0.001
неделе 0.001 1.398 0.001
распространения 0.001 0.678 0.001
опасность 0.002 1.046 0.002
пузырьки 0.001 1.699 0.002
синцитин-1 0.001 2.0 0.002
июля 0.001 1.0 0.001
говорят 0.002 0.432 0.001
пользу 0.002 0.886 0.002
безопасность 0.001 0.921 0.001
прививки 0.001 0.638 0.001
компании 0.001 0.523 0.001
вопрос 0.002 0.42 0.001
контрольной 0.001 1.523 0.002
невынашивания 0.001 2.0 0.002
друзей 0.001 0.959 0.001
указывают 0.001 1.097 0.001
сделали 0.002 0.886 0.002
данные 0.002 0.066 0.0
восприимчивость 0.001 2.0 0.002
единственного 0.001 1.523 0.002
негативные 0.001 2.0 0.002
противопоказания 0.002 1.155 0.002
инициированной 0.001 2.0 0.002
общую 0.001 1.301 0.001
разбор 0.001 0.387 0.0
физических 0.001 1.699 0.002
повышенному 0.001 2.0 0.002
данным 0.001 0.444 0.0
проверяется 0.001 1.699 0.002
нажмите 0.001 0.066 0.0
поведение 0.001 1.699 0.002
случаев 0.002 0.658 0.001
признают 0.001 1.301 0.001
похож 0.001 1.398 0.001
сравнения 0.001 0.921 0.001
стран 0.001 0.469 0.0
считать 0.001 0.854 0.001
некоторых 0.001 0.523 0.001
делается 0.001 1.301 0.001
выработка 0.001 2.0 0.002
российских 0.001 0.337 0.0
других 0.003 0.26 0.001
беременности 0.005 1.222 0.006
иностранного 0.002 0.102 0.0
лишенный 0.001 2.0 0.002
преждевременных 0.001 2.0 0.002
александр 0.001 0.538 0.001
никем 0.001 2.0 0.002
материал 0.002 0.086 0.0
здоровья 0.001 0.959 0.001
по-разному 0.001 1.222 0.001
мер 0.001 1.046 0.001
целом 0.002 0.585 0.001
повышена 0.001 1.699 0.002
исследований 0.005 0.585 0.003
превышает 0.001 1.398 0.001
центров 0.001 1.222 0.001
опасен 0.002 1.222 0.002
инструкции 0.002 1.155 0.002
третьем 0.001 1.699 0.002
рассмотреть 0.002 1.398 0.003
идеям 0.001 2.0 0.002
s-белок 0.001 1.301 0.001
– 0.001 0.06 0.0
вакцинироваться 0.002 1.0 0.002
время 0.002 0.102 0.0
публикации 0.001 0.886 0.001
ковида 0.006 0.444 0.003
исчезают 0.001 1.301 0.001
результате 0.001 0.62 0.001
нами 0.001 0.066 0.0
ура 0.002 1.097 0.002
хотят 0.003 0.745 0.002
белка 0.001 1.301 0.001
старше 0.001 1.0 0.001
убрав 0.001 2.0 0.002
дает 0.001 0.796 0.001
абсолютные 0.001 2.0 0.002
сравнивать 0.001 0.959 0.001
примерно 0.001 0.585 0.001
транспортом 0.001 1.523 0.002
молодых 0.001 1.222 0.001
рекламаmeduza 0.001 0.066 0.0
говорить 0.001 0.602 0.001
бесплодию 0.004 1.699 0.007
причин 0.001 0.921 0.001
плаценту 0.002 2.0 0.004
лицом 0.001 0.102 0.0
обязательно 0.001 0.959 0.001
выше 0.002 0.509 0.001
вероятность 0.001 0.721 0.001
функции 0.002 0.097 0.0
ребенка 0.002 0.824 0.002
корни 0.001 2.0 0.002
заболеть 0.002 0.921 0.002
высокий 0.002 1.046 0.002
разнятся 0.001 1.699 0.002
оснований 0.001 1.046 0.001
половое 0.001 2.0 0.002
гипертензия 0.001 2.0 0.002
известно 0.001 0.481 0.0
быстро 0.003 0.495 0.001
дети 0.001 0.721 0.001
противоэпидемических 0.001 2.0 0.002
назад 0.002 0.18 0.0
польза 0.001 1.398 0.001
другими 0.001 0.495 0.0
обязательной 0.001 1.523 0.002
опровергнута 0.001 1.699 0.002
американских 0.001 1.046 0.001
течение 0.002 0.699 0.001
следовательно 0.001 1.155 0.001
перейти 0.001 0.066 0.0
поддержать 0.001 0.066 0.0
утверждавшим 0.001 2.0 0.002
опаснее 0.001 1.523 0.002
все-таки 0.001 0.553 0.001
рекомендаций 0.001 1.155 0.001
аргументов 0.001 1.301 0.001
репродуктивной 0.001 2.0 0.002
кодекс 0.001 0.066 0.0
отказывались 0.001 1.699 0.002
повышает 0.001 1.301 0.001
хочу 0.001 0.137 0.0
рост 0.001 1.046 0.001
побочных 0.001 0.959 0.001
ковид 0.004 0.796 0.003
матки 0.001 2.0 0.002
только-только 0.002 2.0 0.004
клинических 0.002 0.796 0.002
описан 0.001 2.0 0.002
содержимое 0.001 1.699 0.002
статьи 0.001 0.854 0.001
клетку 0.001 1.301 0.001
поможет 0.001 0.854 0.001
старта 0.001 1.301 0.001
очередь 0.001 0.62 0.001
данное 0.001 0.097 0.0
влиять 0.001 1.155 0.001
тканей 0.001 1.699 0.002
беременностью 0.001 2.0 0.002
подготовиться 0.002 1.155 0.002
вопросе 0.001 1.523 0.002
потенциальный 0.001 1.523 0.002
воз 0.001 0.796 0.001
заражения 0.001 0.796 0.001
белок 0.001 1.398 0.001
подробно 0.001 0.921 0.001
остались 0.001 0.921 0.001
пор 0.003 0.387 0.001
сравнению 0.003 0.796 0.002
правила 0.001 0.066 0.0
институте 0.001 1.222 0.001
вакцинации 0.01 0.553 0.006
использовать 0.001 0.585 0.001
вконтакте 0.001 0.066 0.0
введением 0.001 1.301 0.001
находиться 0.001 1.301 0.001
общественным 0.001 1.523 0.002
советуете 0.002 2.0 0.004
способов 0.001 1.523 0.002
live 0.001 0.022 0.0
решили 0.002 0.658 0.001
рассказать 0.001 0.959 0.001
pfizer 0.001 0.886 0.001
подождать 0.002 1.523 0.003
возможности 0.001 0.77 0.001
небеременными 0.001 2.0 0.002
плаценте 0.001 2.0 0.002
блог 0.001 0.066 0.0
инстаграм 0.001 0.066 0.0
© 0.001 0.0 0.0
ответите 0.002 2.0 0.004
беременным 0.007 1.699 0.012
угрожает 0.002 1.699 0.003
артериальная 0.001 2.0 0.002
вопросы 0.002 0.481 0.001
выделите 0.001 0.066 0.0
регистрируется 0.001 1.699 0.002
разных 0.001 0.398 0.0
власти 0.002 0.387 0.001
идущая 0.001 2.0 0.002
выяснилось 0.002 1.523 0.003
данных 0.001 0.481 0.0
тела 0.001 1.0 0.001
разный 0.001 1.699 0.002
вакцинировать 0.002 1.398 0.003
meduzacare 0.001 0.066 0.0
прививкам 0.001 1.699 0.002
против 0.003 0.229 0.001
частоты 0.001 1.222 0.001
женщин 0.002 1.155 0.002
описано 0.001 1.398 0.001
послеродовая 0.001 2.0 0.002
оценить 0.001 0.796 0.001
откладывать 0.001 2.0 0.002
рекомендуют 0.002 0.796 0.002
болезнью 0.001 1.523 0.002
мифа 0.001 2.0 0.002
кнопка 0.001 0.066 0.0
хотя 0.003 0.276 0.001
проходит 0.001 1.0 0.001
петиции 0.001 1.699 0.002
вечерняя 0.001 0.066 0.0
содержащие 0.001 1.523 0.002
во-первых 0.001 0.796 0.001
это 0.009 0.066 0.001
повышения 0.001 1.699 0.002
вакцин 0.007 0.62 0.004
другие 0.004 0.268 0.001
пандемии 0.001 0.658 0.001
риском 0.001 1.222 0.001
поддержки 0.001 0.066 0.0
заболеваемости 0.001 0.959 0.001
спутник 0.001 0.721 0.001
помощь 0.001 0.097 0.0
двумя 0.001 0.678 0.001
инструкцию 0.001 1.398 0.001
читателей 0.001 0.658 0.001
вопросу 0.001 1.301 0.001
работаем 0.001 0.161 0.0
v 0.001 0.699 0.001
итоге 0.001 0.62 0.001
животных 0.002 0.854 0.002
ответ 0.002 0.602 0.001
сказано 0.001 0.921 0.001
планируем 0.002 1.222 0.002
снизить 0.002 1.301 0.003
опосредованно 0.001 1.699 0.002
прививаться 0.003 0.921 0.003
наоборот 0.003 0.824 0.002
около 0.001 0.432 0.0
схожесть 0.001 2.0 0.002
нейрофункциональное 0.001 2.0 0.002
общих 0.001 1.699 0.002
триместре 0.001 2.0 0.002
некоторые 0.001 0.469 0.0
24/7 0.001 0.102 0.0
хронические 0.002 1.523 0.003
подавляющем 0.001 1.699 0.002
android 0.001 0.066 0.0
cdc 0.001 1.301 0.001
english 0.001 0.06 0.0
планируемая 0.001 2.0 0.002
сервисе 0.001 1.699 0.002
отсутствие 0.001 0.921 0.001
самое 0.001 0.638 0.001
беременность 0.005 1.222 0.006
фертильность 0.001 2.0 0.002
комитет 0.001 1.222 0.001
шанс 0.002 1.0 0.002
поддержка 0.001 0.167 0.0
нужна 0.002 0.092 0.0
вакцинация 0.003 0.699 0.002
параметры 0.002 1.523 0.003
увеличивается 0.001 1.699 0.002
аргументы 0.002 0.77 0.002
мрнк 0.001 1.155 0.001
случаях 0.002 0.658 0.001
sars-cov-2 0.002 0.824 0.002
забывать 0.001 1.222 0.001
всем 0.001 0.252 0.0
меры 0.001 0.854 0.001
бывшим 0.001 1.523 0.002
почему-то 0.002 1.222 0.002
требования 0.001 0.066 0.0
связаться 0.001 0.066 0.0
информации 0.002 0.102 0.0
имеет 0.002 0.602 0.001
вполне 0.001 0.699 0.001
ситуацией 0.001 1.301 0.001
карточка 0.001 1.523 0.002
явлений 0.002 1.046 0.002
матерей 0.001 1.523 0.002
крысах 0.001 1.699 0.002
тех 0.001 0.26 0.0
множество 0.002 0.959 0.002
спутнике 0.001 1.301 0.001
смысл 0.001 0.959 0.001
ребенку 0.001 1.222 0.001
содержат 0.002 1.398 0.003
важно 0.001 0.509 0.001
проникнуть 0.001 1.398 0.001
подкрепленным 0.001 2.0 0.002
одобренные 0.001 2.0 0.002
медицинских 0.001 0.959 0.001
женщины 0.002 1.046 0.002
женщинами 0.001 1.699 0.002
почему 0.004 0.337 0.001
ссылаясь 0.001 1.523 0.002
живого 0.002 1.523 0.003
существовать 0.001 1.699 0.002
потомство 0.001 2.0 0.002
гармонизации 0.001 1.699 0.002
привиться 0.002 0.796 0.002
собственные 0.001 1.046 0.001
ними 0.001 0.585 0.001
риски 0.004 0.77 0.003
подхваченный 0.001 2.0 0.002
самого 0.001 0.77 0.001
медузе 0.002 0.066 0.0
самих 0.001 0.921 0.001
немецкий 0.001 1.301 0.001
ковиваке 0.001 1.699 0.002
facebook 0.001 0.0 0.0
медузу 0.002 0.066 0.0
обработки 0.001 0.066 0.0
связанные 0.001 1.046 0.001
прошлой 0.001 1.301 0.001
этим 0.001 0.337 0.0
крысам 0.001 2.0 0.002
будущей 0.001 1.699 0.002
диабет 0.001 1.523 0.002
массовой 0.001 0.097 0.0
вроде 0.001 0.658 0.001
проверяют 0.001 1.222 0.001
заменяют 0.001 1.699 0.002
является 0.001 0.745 0.001
убитый 0.001 2.0 0.002
главное 0.001 0.658 0.001
главная 0.001 0.796 0.001
большинстве 0.001 1.0 0.001
атаке 0.001 1.398 0.001
коха 0.001 1.699 0.002
последствия 0.002 0.796 0.002
авторы 0.001 0.921 0.001
s-белку 0.001 2.0 0.002
репродуктивную 0.001 1.699 0.002
думают 0.001 1.222 0.001
показывать 0.001 0.066 0.0
спасибоgiphyза 0.001 0.066 0.0
дозы 0.001 0.886 0.001
twitter 0.001 0.0 0.0
обычных 0.001 1.097 0.001
спариванием 0.001 2.0 0.002
болезни 0.001 0.62 0.001
липидные 0.001 1.699 0.002
пожалуйста 0.001 0.102 0.0
заболеваний 0.003 0.745 0.002
означает 0.001 0.62 0.001
платформы 0.002 0.066 0.0
каждого 0.001 0.678 0.001
новорожденных 0.001 1.523 0.002
внес 0.001 1.699 0.002
персональный 0.001 1.699 0.002
именно 0.002 0.244 0.0
полная 0.001 1.398 0.001
вакцины 0.012 0.585 0.007
персональные 0.001 0.066 0.0
связанных 0.001 1.155 0.001
такое 0.001 0.347 0.0
вакцинирование 0.001 1.699 0.002
очень 0.002 0.149 0.0
способами 0.001 1.222 0.001
которые 0.003 0.119 0.0
консультация 0.001 2.0 0.002
преимущественно 0.001 1.222 0.001
обсудить 0.001 1.523 0.002
meduza 0.002 0.0 0.0
декабре 0.001 1.222 0.001
одна 0.001 0.42 0.0
уровне 0.001 0.638 0.001
иммунный 0.002 1.155 0.002
эксперимент 0.001 1.523 0.002
иммунной 0.001 0.959 0.001
помнить 0.001 1.046 0.001
.pdf 0.001 1.398 0.001
мытья 0.001 1.523 0.002
знать 0.002 0.824 0.002
размножаться 0.002 1.222 0.002
самоизоляции 0.001 2.0 0.002
дополнительные 0.001 1.301 0.001
вряд 0.001 0.854 0.001
различием 0.001 2.0 0.002
заставляет 0.001 1.398 0.001
российским 0.002 0.092 0.0
которых 0.002 0.237 0.0
одной 0.001 0.398 0.0
результат 0.001 0.77 0.001
необходимость 0.001 1.155 0.001
вакцинацию 0.002 0.824 0.002
материалами 0.001 2.0 0.002
реклама 0.002 0.066 0.0
делать 0.003 0.276 0.001
оказаться 0.001 0.796 0.001
из-за 0.002 0.229 0.0
последствий 0.001 0.959 0.001
британок 0.001 2.0 0.002
интересах 0.001 0.167 0.0
обновленные 0.001 2.0 0.002
включают 0.001 1.699 0.002
недель 0.001 0.77 0.001
стратегию 0.001 1.523 0.002
сообщение 0.001 0.102 0.0
сыворотки 0.001 1.222 0.001
пациента 0.001 1.097 0.001
синтицином-1 0.001 2.0 0.002
долговременные 0.001 1.523 0.002
сделать 0.002 0.357 0.001
