редакции 0.002 0.066 0.0
другаэто 0.001 2.0 0.002
зловещая 0.001 2.0 0.002
специальную 0.001 1.523 0.002
баннерам 0.001 0.066 0.0
священника 0.001 2.0 0.002
протестующих 0.001 1.699 0.002
паспорта 0.001 1.301 0.001
россии 0.001 0.119 0.0
народ 0.001 0.886 0.001
смотрите 0.001 1.699 0.002
президент 0.001 0.854 0.001
читать 0.003 0.854 0.003
гифки 0.002 0.066 0.0
свободного 0.001 1.398 0.001
теда 0.001 2.0 0.002
агента 0.001 0.097 0.0
20-долларовый 0.001 2.0 0.002
людей 0.001 0.161 0.0
омикрона 0.001 0.921 0.001
подарок 0.001 1.699 0.002
пять 0.001 0.509 0.001
законспирированные 0.001 2.0 0.002
терк 0.001 2.0 0.002
винтами 0.001 2.0 0.002
in 0.001 0.0 0.0
чертежах 0.001 2.0 0.002
голова-камера 0.001 2.0 0.002
ждут 0.001 1.155 0.001
страницахлюбуемся 0.001 2.0 0.002
узнали 0.001 1.0 0.001
взял 0.001 1.222 0.001
настолько 0.001 0.886 0.001
современниковэто 0.001 2.0 0.002
серий 0.001 1.699 0.002
руки-манипул… 0.001 2.0 0.002
показали 0.001 1.0 0.001
3d-визуализацию 0.001 2.0 0.002
годом 0.001 1.398 0.001
принцессы 0.001 2.0 0.002
пингвин 0.001 2.0 0.002
ездить 0.001 1.301 0.001
правда 0.001 0.509 0.001
озвучивший 0.001 2.0 0.002
который 0.002 0.194 0.0
леонида 0.001 1.523 0.002
выглядят 0.001 1.301 0.001
уверенно 0.001 1.699 0.002
киану 0.001 2.0 0.002
анонимно 0.001 0.066 0.0
cybertruck 0.001 2.0 0.002
головой 0.001 1.523 0.002
дре 0.001 2.0 0.002
просто 0.002 0.194 0.0
последователи 0.001 1.699 0.002
привыкли 0.001 1.398 0.001
ест 0.001 1.301 0.001
кусто 0.001 2.0 0.002
игра 0.001 1.699 0.002
получается 0.001 0.824 0.001
мир 0.002 0.553 0.001
нео 0.001 2.0 0.002
красавица 0.001 2.0 0.002
инстаграме 0.001 1.222 0.001
космического 0.001 1.523 0.002
денег 0.001 0.886 0.001
ручищи 0.001 2.0 0.002
сезам 0.001 2.0 0.002
гаспачо 0.001 2.0 0.002
прикрепили 0.002 1.699 0.003
премьера 0.001 2.0 0.002
куки 0.001 0.066 0.0
падают 0.001 1.523 0.002
шапито 0.049 2.0 0.098
воспроизведении 0.001 2.0 0.002
бурундуках-спасателях 0.001 2.0 0.002
родственников 0.001 1.301 0.001
удалось 0.001 0.523 0.001
крокодил 0.001 2.0 0.002
ходом 0.001 1.699 0.002
джей 0.002 2.0 0.004
кейт 0.001 2.0 0.002
плакать 0.001 2.0 0.002
рельефу 0.001 2.0 0.002
голлум 0.001 2.0 0.002
использование 0.001 0.066 0.0
местного 0.001 1.097 0.001
охранника 0.001 2.0 0.002
оригинала 0.001 2.0 0.002
выиграв 0.001 2.0 0.002
пушкин 0.001 1.699 0.002
теледроид 0.001 2.0 0.002
появились 0.001 0.854 0.001
флориды 0.001 2.0 0.002
дальше 0.002 0.523 0.001
порядку 0.002 0.066 0.0
игры 0.003 1.222 0.004
gabbana 0.001 2.0 0.002
ученые 0.002 0.678 0.001
руки-манипуляторы 0.001 2.0 0.002
лодку 0.001 2.0 0.002
en 0.001 0.066 0.0
героинями 0.001 2.0 0.002
посмотрите 0.004 1.0 0.004
сардин 0.002 2.0 0.004
рассказали 0.001 1.523 0.002
такому 0.001 1.301 0.001
проводить 0.001 0.824 0.001
дайте 0.001 1.699 0.002
доступные 0.001 1.523 0.002
терпи 0.001 2.0 0.002
самые 0.001 0.602 0.001
начали 0.001 0.481 0.0
jaxa 0.001 2.0 0.002
выдавать 0.001 1.699 0.002
социального 0.001 1.301 0.001
лифта 0.001 2.0 0.002
песен 0.001 1.699 0.002
пускает 0.001 2.0 0.002
дней 0.003 0.337 0.001
беверли-хиллз 0.001 2.0 0.002
ios 0.001 0.066 0.0
откатить 0.001 2.0 0.002
эйфории 0.001 2.0 0.002
трехмерный 0.001 2.0 0.002
фильма 0.001 2.0 0.002
несколько 0.002 0.201 0.0
робота 0.006 1.699 0.01
создала 0.002 2.0 0.004
колец 0.001 2.0 0.002
аппарат 0.001 1.222 0.001
частушки 0.001 2.0 0.002
воссоединяются 0.001 2.0 0.002
кого-то 0.001 1.097 0.001
вместо 0.001 0.77 0.001
сыграла 0.001 2.0 0.002
защиты 0.001 0.824 0.001
погоду 0.001 2.0 0.002
картине 0.002 1.699 0.003
крайней 0.001 0.721 0.001
гостей 0.001 1.523 0.002
могут 0.001 0.187 0.0
снято 0.001 1.699 0.002
хоббита 0.001 2.0 0.002
присылает 0.001 2.0 0.002
день 0.002 0.328 0.001
объясняем 0.001 1.523 0.002
титрах 0.001 1.699 0.002
поддерживать 0.001 0.886 0.001
любят 0.001 1.523 0.002
владимир 0.001 0.62 0.001
раза 0.001 0.602 0.001
пингвину 0.001 2.0 0.002
коронавируса 0.001 0.509 0.001
толстой 0.001 2.0 0.002
пока 0.001 0.208 0.0
показывает 0.001 0.854 0.001
история 0.002 0.745 0.001
найти 0.001 0.602 0.001
поднялся 0.001 1.699 0.002
нашем 0.001 0.959 0.001
легендарно 0.001 2.0 0.002
красную 0.001 2.0 0.002
глина 0.001 2.0 0.002
везет 0.001 1.398 0.001
гостинецэто 0.001 2.0 0.002
спустя 0.001 0.886 0.001
йода 0.001 1.699 0.002
генри 0.001 2.0 0.002
кот 0.002 1.699 0.003
китайским 0.001 1.301 0.001
вообще 0.001 0.066 0.0
злой 0.001 1.699 0.002
bugatti 0.001 2.0 0.002
супербоуле-2022 0.001 2.0 0.002
чувств 0.001 2.0 0.002
нового 0.001 0.638 0.001
зависла 0.001 2.0 0.002
сплин 0.001 2.0 0.002
несите 0.001 2.0 0.002
простого 0.001 2.0 0.002
кошка 0.001 2.0 0.002
четвертой 0.001 1.699 0.002
матрице 0.001 2.0 0.002
макет 0.001 2.0 0.002
решила 0.001 1.0 0.001
охотится 0.001 2.0 0.002
японских 0.001 2.0 0.002
футурамы 0.001 2.0 0.002
зрителей 0.001 1.523 0.002
появилась 0.001 0.886 0.001
нашли 0.003 0.066 0.0
шварценеггер-зевсвот 0.001 2.0 0.002
связи 0.001 0.0 0.0
полным 0.001 2.0 0.002
майкла 0.001 2.0 0.002
нем 0.001 0.602 0.001
медуза 0.003 0.066 0.0
бизнесмена 0.001 2.0 0.002
гребенщиков 0.001 2.0 0.002
етиртомсоп 0.001 2.0 0.002
любуется 0.001 2.0 0.002
кое-кто 0.001 2.0 0.002
хотели 0.002 1.097 0.002
слушает 0.001 1.699 0.002
грунта 0.001 2.0 0.002
взлетел 0.001 2.0 0.002
наших 0.002 0.658 0.001
стало 0.001 0.481 0.0
японского 0.001 1.523 0.002
беспилотник 0.001 2.0 0.002
интеллекта 0.001 2.0 0.002
макияжа 0.001 2.0 0.002
полиэтилен 0.001 2.0 0.002
metronomy 0.001 2.0 0.002
преемник 0.001 1.699 0.002
москву 0.001 1.398 0.001
материалам 0.001 0.066 0.0
актер 0.001 1.523 0.002
видео 0.001 0.678 0.001
изображения 0.001 1.523 0.002
тесте 0.002 1.699 0.003
сцене 0.001 1.699 0.002
хотим 0.001 0.921 0.001
семь 0.001 0.796 0.001
невероятные 0.001 2.0 0.002
ельцин-центра 0.001 2.0 0.002
принимает 0.001 1.046 0.001
кент 0.001 2.0 0.002
угадаете 0.001 2.0 0.002
создали 0.001 1.398 0.001
молодого 0.001 1.699 0.002
головы 0.001 1.301 0.001
главный 0.001 0.638 0.001
борис 0.001 1.523 0.002
заменит 0.001 1.699 0.002
например 0.002 0.229 0.0
шиной 0.001 2.0 0.002
деятели 0.001 1.398 0.001
ривзаэто 0.001 2.0 0.002
дейл 0.001 2.0 0.002
становится 0.001 0.721 0.001
маска 0.001 1.398 0.001
лассо 0.001 2.0 0.002
цитировал 0.001 2.0 0.002
плесень 0.001 2.0 0.002
как-то 0.001 0.699 0.001
инстаграм-аккаунте 0.001 2.0 0.002
ctrl+enter 0.001 0.066 0.0
февраля 0.002 0.387 0.001
безопасно 0.001 0.066 0.0
трекера 0.001 2.0 0.002
новостиисторииразборшапитокоронавирусмагаз 0.001 0.066 0.0
проще 0.001 1.0 0.001
искусственный 0.001 2.0 0.002
ким 0.001 1.699 0.002
неотличим 0.001 2.0 0.002
художника 0.001 2.0 0.002
youtube 0.001 0.06 0.0
мем 0.002 2.0 0.004
стрэндж 0.001 2.0 0.002
onefairyfail 0.001 2.0 0.002
видит 0.001 1.523 0.002
создано 0.001 0.097 0.0
купить 0.001 0.886 0.001
луны 0.001 1.699 0.002
персонажи 0.001 2.0 0.002
камеру 0.002 1.523 0.003
группы 0.001 0.62 0.001
трейлер 0.001 2.0 0.002
лучше¡сачйес 0.001 2.0 0.002
столицы 0.001 1.222 0.001
макарену 0.001 2.0 0.002
чип 0.001 2.0 0.002
которого 0.004 0.585 0.002
отвечаем 0.001 1.155 0.001
мои 0.001 0.854 0.001
художник 0.001 2.0 0.002
выбрала 0.001 1.523 0.002
перевоплощается 0.001 2.0 0.002
многие 0.001 0.284 0.0
хочется 0.001 0.921 0.001
выполняющим 0.001 0.097 0.0
возможно 0.001 0.398 0.0
четыре 0.001 0.569 0.001
зрелище 0.001 2.0 0.002
джексонаотличить 0.001 2.0 0.002
бланта 0.001 2.0 0.002
ошибку 0.001 0.066 0.0
узнает 0.001 1.301 0.001
наперед 0.001 2.0 0.002
пробу 0.001 2.0 0.002
правильно 0.001 0.824 0.001
демонстранты 0.001 2.0 0.002
лет 0.004 0.252 0.001
блайдж 0.001 2.0 0.002
представьте 0.001 1.523 0.002
лунной 0.001 1.699 0.002
искать 0.001 0.854 0.001
превратить 0.001 1.398 0.001
топонимов-рекордсменов 0.001 2.0 0.002
месяц 0.036 0.745 0.027
apple 0.001 1.523 0.002
вопрос 0.001 0.42 0.0
gitai 0.003 2.0 0.006
друзей 0.001 0.959 0.001
понадобятся 0.001 2.0 0.002
показал 0.001 0.921 0.001
начнут 0.001 1.155 0.001
колесах 0.001 2.0 0.002
подобие 0.001 1.699 0.002
данные 0.001 0.066 0.0
понимаете 0.001 1.046 0.001
хотите 0.001 0.921 0.001
бесконечно 0.001 1.398 0.001
малыш 0.001 2.0 0.002
pixar 0.001 2.0 0.002
перерыве 0.001 2.0 0.002
г 0.001 2.0 0.002
идеальный 0.001 1.699 0.002
снуп 0.001 2.0 0.002
мультфильм 0.001 2.0 0.002
исполненный 0.001 2.0 0.002
быстры 0.001 2.0 0.002
дню 0.001 1.699 0.002
деле 0.001 0.553 0.001
своими 0.001 0.854 0.001
поохотиться 0.001 2.0 0.002
сумка 0.001 1.523 0.002
снегом 0.001 2.0 0.002
рязаникажется 0.001 2.0 0.002
рыбами 0.001 2.0 0.002
нажмите 0.001 0.066 0.0
рангах 0.001 2.0 0.002
екатеринбурге 0.001 1.699 0.002
потребовалось 0.001 1.523 0.002
кендрик 0.001 2.0 0.002
тетушка 0.001 2.0 0.002
заваливает 0.001 2.0 0.002
роскошный 0.001 2.0 0.002
дуньдунь 0.001 2.0 0.002
пришлось 0.001 0.959 0.001
солнечной 0.001 1.699 0.002
аль 0.001 2.0 0.002
сварочный 0.001 2.0 0.002
идет 0.001 0.367 0.0
подписчиковвсе 0.001 2.0 0.002
оскара 0.001 2.0 0.002
интрига 0.001 2.0 0.002
проехал 0.001 2.0 0.002
спасли 0.001 1.523 0.002
превращаются 0.001 1.699 0.002
понятно 0.001 0.699 0.001
огромный 0.001 1.398 0.001
диснеевские 0.001 2.0 0.002
бендера 0.001 2.0 0.002
колеса 0.001 1.699 0.002
обычная 0.001 1.155 0.001
месяца 0.004 0.745 0.003
сделать 0.002 0.357 0.001
стрит-арт 0.001 2.0 0.002
настроек 0.001 2.0 0.002
заводских 0.001 2.0 0.002
– 0.001 0.06 0.0
эклеров 0.001 2.0 0.002
куриц 0.001 2.0 0.002
жителей 0.001 0.569 0.001
смешным 0.001 2.0 0.002
время 0.001 0.102 0.0
снять 0.001 1.301 0.001
нами 0.001 0.066 0.0
которыми 0.001 0.854 0.001
порой 0.001 1.398 0.001
смотреть 0.001 1.0 0.001
бердвотчером 0.001 2.0 0.002
пропавшего 0.001 2.0 0.002
длинный 0.001 1.398 0.001
мкс 0.001 1.699 0.002
рекламаmeduza 0.001 0.066 0.0
мебели 0.001 1.699 0.002
прошел 0.002 1.155 0.002
бельгийцам 0.001 2.0 0.002
работы 0.003 0.553 0.002
лапше 0.001 2.0 0.002
остатки 0.001 1.398 0.001
выше 0.001 0.509 0.001
функции 0.001 0.097 0.0
покорил 0.001 2.0 0.002
четырех 0.001 1.046 0.001
baby 0.001 1.523 0.002
игрушка 0.001 2.0 0.002
длиной 0.001 2.0 0.002
лапшу 0.001 2.0 0.002
казалось 0.001 0.886 0.001
аргентина 0.001 1.222 0.001
доктор 0.002 2.0 0.004
олимпиады 0.001 1.699 0.002
дети 0.001 0.721 0.001
мэри 0.001 2.0 0.002
назад 0.049 0.18 0.009
другими 0.003 0.495 0.001
ковер 0.001 2.0 0.002
свадьбой 0.001 2.0 0.002
открывающих 0.001 2.0 0.002
первое 0.001 0.921 0.001
влюбленных 0.001 2.0 0.002
пасхалка 0.001 2.0 0.002
квадрокоптер 0.001 2.0 0.002
перейти 0.001 0.066 0.0
длиннее 0.001 2.0 0.002
поддержать 0.001 0.066 0.0
милые 0.001 2.0 0.002
ангелы 0.002 1.699 0.003
ходил 0.001 1.301 0.001
все-таки 0.001 0.553 0.001
спине 0.001 1.699 0.002
медаль 0.001 2.0 0.002
кодекс 0.001 0.066 0.0
постом 0.001 1.523 0.002
собрали 0.001 1.222 0.001
выясняем 0.001 2.0 0.002
приплыли 0.001 2.0 0.002
спецслужбы 0.001 2.0 0.002
совместное 0.001 1.398 0.001
добрый 0.001 2.0 0.002
хмурый 0.001 2.0 0.002
героя 0.001 1.699 0.002
десятилетия 0.001 1.301 0.001
хорошие 0.001 1.0 0.001
всерьез 0.001 1.699 0.002
страшно 0.001 1.097 0.001
выступили 0.001 1.301 0.001
надеемся 0.001 1.301 0.001
работу 0.001 0.658 0.001
тинтином 0.001 2.0 0.002
минута 0.002 2.0 0.004
магазина 0.001 2.0 0.002
народные 0.001 1.523 0.002
люди 0.002 0.276 0.001
героями 0.001 1.699 0.002
данное 0.001 0.097 0.0
ближайшие 0.001 1.097 0.001
джеймса 0.001 2.0 0.002
операция 0.001 1.301 0.001
прогуливается 0.001 1.699 0.002
кошачьего 0.001 2.0 0.002
грибы 0.001 2.0 0.002
ко 0.001 0.745 0.001
будем 0.001 0.886 0.001
японская 0.002 2.0 0.004
двумерный 0.001 2.0 0.002
завидуем 0.001 2.0 0.002
очков 0.001 2.0 0.002
правила 0.001 0.066 0.0
обнаруживать 0.001 2.0 0.002
испытание 0.001 1.523 0.002
ловок 0.001 2.0 0.002
талисман 0.001 2.0 0.002
аспирант 0.001 2.0 0.002
поздравляет 0.001 2.0 0.002
вконтакте 0.001 0.066 0.0
лаконично 0.002 1.699 0.003
shark 0.001 2.0 0.002
live 0.001 0.022 0.0
решили 0.001 0.658 0.001
стол 0.001 1.398 0.001
пухлые 0.001 2.0 0.002
название 0.001 0.921 0.001
далеко 0.001 0.745 0.001
собрал 0.001 2.0 0.002
танк 0.001 1.155 0.001
блог 0.001 0.066 0.0
бин 0.001 2.0 0.002
ди 0.001 1.699 0.002
инстаграм 0.001 0.066 0.0
© 0.001 0.0 0.0
равно 0.003 0.638 0.002
сериалаобычная 0.001 2.0 0.002
выделите 0.001 0.066 0.0
кафе 0.001 1.097 0.001
земле 0.001 1.222 0.001
закончилось 0.001 1.301 0.001
изображении 0.001 2.0 0.002
beach 0.001 2.0 0.002
рассчитывают 0.001 1.523 0.002
недели 0.002 0.42 0.001
исторические 0.001 1.398 0.001
meduzacare 0.001 0.066 0.0
минелли 0.001 2.0 0.002
потерянные 0.001 2.0 0.002
dolce 0.001 2.0 0.002
ласты 0.001 2.0 0.002
против 0.001 0.229 0.0
тирамису 0.001 2.0 0.002
стола 0.001 1.523 0.002
улицу 0.001 1.155 0.001
ящерицы 0.001 1.699 0.002
мощны 0.001 2.0 0.002
кнопка 0.001 0.066 0.0
хватало 0.001 1.699 0.002
airtag 0.001 2.0 0.002
интеллект 0.001 2.0 0.002
поверхность 0.001 1.523 0.002
мизантроп 0.001 2.0 0.002
вечерняя 0.001 0.066 0.0
это 0.008 0.066 0.001
связь 0.001 0.721 0.001
супербоулаполучилось 0.001 2.0 0.002
пасху 0.001 2.0 0.002
настоящей 0.001 1.301 0.001
могло 0.001 1.222 0.001
поддержки 0.001 0.066 0.0
ход 0.002 1.523 0.003
кардашьян 0.001 2.0 0.002
историю 0.002 0.721 0.001
самой 0.001 0.699 0.001
властелину 0.001 2.0 0.002
цинциннати 0.001 2.0 0.002
леонардо 0.001 2.0 0.002
клюв 0.001 2.0 0.002
коробка 0.001 2.0 0.002
японии 0.001 2.0 0.002
роз 0.001 2.0 0.002
советского 0.001 1.301 0.001
пачино 0.001 2.0 0.002
сняли 0.001 1.699 0.002
двух 0.001 0.377 0.0
дня 0.004 0.523 0.002
пингвина 0.003 2.0 0.006
хи 0.001 2.0 0.002
букв 0.001 1.699 0.002
игуанывпрочем 0.001 2.0 0.002
жак-ив 0.001 2.0 0.002
общем 0.001 1.097 0.001
аргентинские 0.001 1.523 0.002
минимум 0.001 0.796 0.001
спортсменовполучить 0.001 2.0 0.002
крыльями 0.001 2.0 0.002
house 0.001 1.301 0.001
панда 0.001 2.0 0.002
россииа 0.001 2.0 0.002
задом 0.001 2.0 0.002
гигантских 0.001 1.699 0.002
тайная 0.001 2.0 0.002
android 0.001 0.066 0.0
english 0.001 0.06 0.0
лучших 0.002 1.523 0.003
новости 0.001 0.481 0.0
йоко 0.001 2.0 0.002
правильнои 0.001 2.0 0.002
шанс 0.002 1.0 0.002
острова 0.001 1.398 0.001
нужна 0.001 0.092 0.0
вокруг 0.001 0.721 0.001
рекорды 0.001 1.523 0.002
оказалось 0.001 0.824 0.001
мере 0.001 0.569 0.001
папуанского 0.002 2.0 0.004
басу 0.001 2.0 0.002
поющие 0.001 2.0 0.002
открыток-гифок 0.001 2.0 0.002
копию 0.001 1.699 0.002
кальмара 0.001 2.0 0.002
базилике 0.001 2.0 0.002
легче 0.001 1.0 0.001
зимой 0.001 1.301 0.001
сделал 0.001 0.854 0.001
имитирующему 0.001 2.0 0.002
лиззисрочно 0.001 2.0 0.002
лучшей 0.001 1.523 0.002
омярп 0.001 2.0 0.002
глаза 0.001 0.886 0.001
оно 0.001 0.444 0.0
требования 0.001 0.066 0.0
посмотреть 0.002 0.721 0.001
сложному 0.001 2.0 0.002
связаться 0.001 0.066 0.0
самом 0.001 0.481 0.0
руками 0.002 1.301 0.003
вернется 0.001 1.523 0.002
времени 0.001 0.523 0.001
живых 0.001 1.523 0.002
творчество 0.001 1.699 0.002
полигоне 0.001 2.0 0.002
папуанский 0.001 2.0 0.002
арией 0.001 2.0 0.002
таиланда 0.001 2.0 0.002
мартильо 0.001 2.0 0.002
выдержали 0.001 1.699 0.002
батареи 0.001 1.699 0.002
сыграть 0.001 1.699 0.002
кавилл 0.001 2.0 0.002
тетрисе 0.001 2.0 0.002
супермен 0.001 2.0 0.002
федора 0.001 1.699 0.002
смурфами 0.001 2.0 0.002
очей 0.001 2.0 0.002
последняя 0.001 1.301 0.001
издания 0.001 0.959 0.001
будете 0.001 1.398 0.001
матерные 0.001 2.0 0.002
уинслет 0.001 2.0 0.002
нескоро 0.001 2.0 0.002
медузе 0.003 0.066 0.0
лайзу 0.001 2.0 0.002
погружаться 0.001 2.0 0.002
агентства 0.001 1.097 0.001
клипов 0.001 2.0 0.002
facebook 0.001 0.0 0.0
илона 0.001 1.699 0.002
традициях 0.001 2.0 0.002
медузу 0.002 0.066 0.0
бигл 0.001 2.0 0.002
обработки 0.001 0.066 0.0
этим 0.001 0.337 0.0
станет 0.001 0.678 0.001
тикток 0.001 2.0 0.002
незабываемое 0.001 2.0 0.002
стороны 0.001 0.432 0.0
шее 0.001 1.699 0.002
блогер 0.001 1.699 0.002
сериал 0.001 2.0 0.002
знаем 0.001 0.585 0.001
бьет 0.001 1.523 0.002
помощью 0.002 0.538 0.001
ворчите 0.001 2.0 0.002
мультфильмов 0.002 2.0 0.004
каждый 0.002 0.509 0.001
фотографией 0.001 2.0 0.002
воду 0.001 1.097 0.001
догг 0.001 2.0 0.002
главная 0.001 0.796 0.001
выдр 0.001 2.0 0.002
каневскоговпрочем 0.001 2.0 0.002
оказывается 0.001 0.886 0.001
знакомьтесь 0.001 2.0 0.002
трибьют 0.001 2.0 0.002
спасибоgiphyза 0.001 0.066 0.0
показывать 0.002 0.066 0.0
поверхности 0.001 1.301 0.001
ламар 0.001 2.0 0.002
огненной 0.001 2.0 0.002
компания 0.002 1.0 0.002
многим 0.001 1.097 0.001
twitter 0.001 0.0 0.0
приходите 0.001 1.699 0.002
рой 0.001 2.0 0.002
искусственного 0.001 2.0 0.002
любви 0.003 1.0 0.003
улице 0.001 0.886 0.001
опасается 0.001 1.699 0.002
студии 0.001 1.398 0.001
ведьмак 0.001 2.0 0.002
r1 0.004 2.0 0.008
пририсовал 0.001 2.0 0.002
представить 0.001 0.959 0.001
клавиатуре 0.001 2.0 0.002
глазами 0.004 1.301 0.005
платформы 0.002 0.066 0.0
средства 0.001 1.0 0.001
зато 0.001 0.886 0.001
похорошела 0.001 2.0 0.002
можем 0.001 0.62 0.001
ответили 0.001 1.155 0.001
трудом 0.001 1.222 0.001
аргентин… 0.001 2.0 0.002
винчиудивительно 0.001 2.0 0.002
именно 0.002 0.244 0.0
эминем 0.001 2.0 0.002
полиция 0.002 1.301 0.003
первая 0.001 0.77 0.001
персональные 0.001 0.066 0.0
такое 0.002 0.347 0.001
луне 0.003 1.699 0.005
очень 0.004 0.149 0.001
это… 0.002 2.0 0.004
игрушку 0.001 2.0 0.002
которые 0.002 0.119 0.0
прикрытием 0.001 1.699 0.002
путин 0.003 0.658 0.002
meduza 0.002 0.0 0.0
🌲 0.001 1.301 0.001
проливе 0.001 2.0 0.002
удар 0.001 0.886 0.001
одна 0.001 0.42 0.0
новым 0.001 0.796 0.001
клиники 0.001 1.222 0.001
итальянской 0.001 2.0 0.002
назвали 0.002 1.222 0.002
другая 0.001 0.886 0.001
год 0.002 0.409 0.001
авто 0.001 2.0 0.002
внимание 0.001 0.658 0.001
эта 0.001 0.367 0.0
пустила 0.001 2.0 0.002
сердца 0.001 1.398 0.001
одной 0.001 0.398 0.0
немножко 0.001 1.222 0.001
вещи 0.001 0.796 0.001
титанике 0.001 2.0 0.002
которым 0.001 0.658 0.001
вместе 0.001 0.602 0.001
новозеландская 0.001 2.0 0.002
делать 0.001 0.276 0.0
комиксов 0.001 2.0 0.002
реклама 0.002 0.066 0.0
глэм-металом 0.001 2.0 0.002
конгрессвумен 0.001 2.0 0.002
становятся 0.002 1.155 0.002
табель 0.001 2.0 0.002
предмете 0.001 2.0 0.002
защитить 0.001 1.0 0.001
