редакции 0.001 0.066 0.0
техника 0.001 1.155 0.001
республиканские 0.001 2.0 0.002
баннерам 0.001 0.066 0.0
казани 0.001 1.523 0.002
сама 0.001 0.658 0.001
действительно 0.002 0.377 0.001
народ 0.001 0.886 0.001
относится 0.001 1.0 0.001
настаивает 0.001 1.699 0.002
оценивают 0.001 2.0 0.002
постов 0.001 1.523 0.002
политических 0.001 1.097 0.001
рисует 0.001 2.0 0.002
пропагандистских 0.001 1.222 0.001
столице 0.001 1.097 0.001
работал 0.001 1.046 0.001
пропаганда 0.001 1.046 0.001
ивановской 0.001 2.0 0.002
совершенно 0.001 0.678 0.001
соболь 0.001 2.0 0.002
советником 0.001 1.699 0.002
шевелева 0.001 2.0 0.002
союз 0.001 1.097 0.001
потребовала 0.001 1.523 0.002
хештегах 0.001 2.0 0.002
подписей 0.001 2.0 0.002
чиновниками 0.001 1.523 0.002
хештега 0.001 2.0 0.002
reuters 0.001 0.745 0.001
одетые 0.001 1.523 0.002
федерации 0.001 1.155 0.001
чаще 0.002 0.602 0.001
сайта 0.001 1.046 0.001
флагах 0.001 2.0 0.002
партии 0.001 1.046 0.001
тема 0.001 1.222 0.001
заученными 0.001 2.0 0.002
школах 0.001 1.523 0.002
названия 0.001 1.222 0.001
лояльное 0.001 2.0 0.002
готовыми 0.001 2.0 0.002
никаких 0.001 0.602 0.001
регионе 0.001 1.398 0.001
руку 0.001 1.155 0.001
мгер 0.001 2.0 0.002
zаканчиваем 0.001 2.0 0.002
манежной 0.001 2.0 0.002
навязывают 0.001 1.523 0.002
триумфальной 0.001 2.0 0.002
местное 0.001 1.699 0.002
сохранить 0.001 0.921 0.001
гимнастики 0.001 2.0 0.002
международная 0.001 1.301 0.001
одним 0.001 0.569 0.001
мазками 0.001 2.0 0.002
дней 0.001 0.337 0.0
государственного 0.001 1.0 0.001
военной 0.002 0.921 0.002
организовали 0.001 1.699 0.002
вуза 0.001 2.0 0.002
затем 0.001 0.678 0.001
ужасно 0.001 1.398 0.001
поставило 0.001 1.699 0.002
организованы 0.001 2.0 0.002
ряда 0.001 1.301 0.001
рсва 0.001 2.0 0.002
c 0.001 1.046 0.001
вместо 0.001 0.77 0.001
сергею 0.001 2.0 0.002
буква 0.003 1.301 0.004
депутат 0.001 1.699 0.002
частности 0.001 0.678 0.001
медузы 0.008 0.268 0.002
этих 0.001 0.337 0.0
вопросом 0.001 1.046 0.001
автор 0.001 1.0 0.001
отрицают 0.001 1.699 0.002
абакане 0.001 2.0 0.002
православного 0.001 1.699 0.002
близкие 0.001 1.097 0.001
телеграм-канала 0.001 1.699 0.002
истории 0.001 0.337 0.0
грубо 0.001 1.046 0.001
прочитала 0.001 1.699 0.002
элементов 0.001 1.699 0.002
силу 0.001 1.0 0.001
сотрудники 0.002 0.824 0.002
версии 0.001 1.0 0.001
своем 0.001 0.745 0.001
оружие 0.001 1.155 0.001
запрос 0.001 1.398 0.001
нашли 0.001 0.066 0.0
связи 0.001 0.0 0.0
кемеровской 0.001 2.0 0.002
понятнее 0.001 1.155 0.001
сотрудничающих 0.001 2.0 0.002
медуза 0.004 0.066 0.0
переписки 0.001 1.398 0.001
нам 0.001 0.086 0.0
предпринимателей 0.001 1.699 0.002
буквы 0.004 1.398 0.006
армии 0.002 0.886 0.002
поводы 0.001 1.398 0.001
центр 0.001 0.77 0.001
называла 0.001 2.0 0.002
властей 0.001 0.824 0.001
наших 0.001 0.658 0.001
придумали 0.001 1.155 0.001
ильи 0.001 2.0 0.002
флаги 0.001 1.699 0.002
взяли 0.001 1.222 0.001
материалам 0.001 0.066 0.0
срочно 0.001 0.167 0.0
объяснений 0.001 1.523 0.002
обстоятельств 0.001 1.301 0.001
заявил 0.001 0.658 0.001
сергей 0.002 0.886 0.002
хакасии 0.002 2.0 0.004
предположил 0.001 1.699 0.002
комментарием 0.001 2.0 0.002
пиджака 0.001 1.699 0.002
своих 0.003 0.398 0.001
завиляло 0.001 2.0 0.002
газета 0.001 1.301 0.001
ctrl+enter 0.001 0.066 0.0
баннеры 0.001 1.699 0.002
официальную 0.001 1.523 0.002
действовавший 0.001 2.0 0.002
андрея 0.001 1.523 0.002
гордиться 0.001 1.699 0.002
ильницким 0.001 2.0 0.002
понравилась 0.001 1.699 0.002
смешали 0.001 2.0 0.002
особой 0.001 1.097 0.001
получилось 0.001 0.886 0.001
украины 0.001 0.569 0.001
организаторы 0.001 1.523 0.002
чиновников 0.001 1.523 0.002
внутренней 0.001 1.523 0.002
тематикой 0.001 2.0 0.002
фабрики 0.001 2.0 0.002
появлялось 0.001 1.699 0.002
отреагировал 0.001 1.523 0.002
официального 0.001 1.301 0.001
вторжение 0.001 1.097 0.001
публичных 0.001 1.398 0.001
выстраивались 0.001 2.0 0.002
предполагает 0.001 1.222 0.001
законодательное 0.001 2.0 0.002
источником 0.001 1.155 0.001
аккаунтов 0.001 1.699 0.002
иван 0.001 1.523 0.002
антивоенные 0.001 1.301 0.001
фактически 0.001 0.721 0.001
показал 0.001 0.921 0.001
напечатать 0.001 2.0 0.002
буквально 0.001 0.886 0.001
военная 0.001 1.301 0.001
подконтрольных 0.001 2.0 0.002
украину 0.001 0.523 0.001
нажмите 0.001 0.066 0.0
материалах 0.001 1.523 0.002
российский 0.001 0.638 0.001
rt 0.002 0.824 0.002
знание 0.001 1.523 0.002
других 0.002 0.26 0.001
числе 0.001 0.31 0.0
думы 0.001 2.0 0.002
пропустивших 0.001 2.0 0.002
иностранного 0.001 0.102 0.0
придумал 0.003 1.097 0.003
газманова 0.001 1.699 0.002
– 0.001 0.06 0.0
восхищение 0.001 2.0 0.002
краснодаре 0.001 2.0 0.002
leta 0.002 0.301 0.001
катастрофе 0.001 1.222 0.001
нами 0.001 0.066 0.0
стала 0.001 0.569 0.001
которыми 0.001 0.854 0.001
организаторами 0.001 2.0 0.002
кириллическая 0.001 2.0 0.002
детский 0.001 1.301 0.001
управления 0.002 1.097 0.002
имидж 0.001 2.0 0.002
студентами 0.001 2.0 0.002
кириллические 0.001 2.0 0.002
лицом 0.001 0.102 0.0
функции 0.001 0.097 0.0
автомобильный 0.001 2.0 0.002
догадываться 0.001 1.699 0.002
фазы 0.001 0.959 0.001
zорок 0.001 2.0 0.002
отказа 0.001 1.097 0.001
отношения 0.001 0.921 0.001
селе 0.001 1.398 0.001
касается 0.001 0.602 0.001
ключевых 0.001 1.155 0.001
выступил 0.001 1.0 0.001
mall 0.001 1.699 0.002
проходили 0.001 1.097 0.001
широкими 0.001 1.699 0.002
„ 0.002 0.62 0.001
перейти 0.001 0.066 0.0
ставили 0.001 1.699 0.002
поддержать 0.001 0.066 0.0
президента 0.002 0.745 0.001
ведомства 0.001 1.222 0.001
какие-то 0.001 0.538 0.001
обороны 0.004 1.046 0.004
выстроил 0.001 1.699 0.002
соратницы 0.001 2.0 0.002
тасс 0.002 0.699 0.001
качестве 0.002 0.678 0.001
одежде 0.001 1.523 0.002
советник 0.001 1.699 0.002
крутая 0.001 2.0 0.002
вовремя 0.001 1.398 0.001
данное 0.001 0.097 0.0
партией 0.001 1.398 0.001
флагами 0.001 1.523 0.002
упоминанием 0.001 2.0 0.002
гражданами 0.001 1.699 0.002
ростове-на-дону 0.001 2.0 0.002
томской 0.001 2.0 0.002
live 0.001 0.022 0.0
решили 0.001 0.658 0.001
флешмоб 0.002 2.0 0.004
официальным 0.001 2.0 0.002
блог 0.001 0.066 0.0
гаубицы 0.001 1.699 0.002
железной 0.001 1.523 0.002
разных 0.001 0.398 0.0
условиях 0.002 0.569 0.001
официальный 0.001 1.222 0.001
читайте 0.001 0.745 0.001
meduzacare 0.001 0.066 0.0
государственная 0.001 1.523 0.002
кнопка 0.001 0.066 0.0
жестко 0.001 1.301 0.001
души 0.001 2.0 0.002
партий 0.001 1.523 0.002
другие 0.001 0.268 0.0
созданы 0.001 2.0 0.002
интернет-исследований 0.001 2.0 0.002
сотрудника 0.001 1.398 0.001
предположение 0.001 1.398 0.001
самим 0.001 1.0 0.001
пожелавший 0.001 2.0 0.002
v 0.003 0.699 0.002
армией 0.001 1.699 0.002
выучить 0.001 2.0 0.002
букв 0.001 1.699 0.002
работа 0.001 0.886 0.001
одинаковую 0.001 2.0 0.002
вячеслав 0.001 1.699 0.002
кузбассом 0.001 2.0 0.002
принадлежала 0.001 1.699 0.002
народного 0.001 1.398 0.001
собеседники 0.001 1.398 0.001
24/7 0.001 0.102 0.0
представился 0.001 2.0 0.002
путина 0.001 0.721 0.001
личные 0.001 1.699 0.002
акций 0.003 1.398 0.004
штаба 0.001 2.0 0.002
принадлежность 0.001 1.699 0.002
прошла 0.001 1.097 0.001
zороков 0.001 2.0 0.002
корреспондента 0.001 1.222 0.001
исполнителями 0.001 2.0 0.002
ermochenko 0.001 1.699 0.002
эпизод 0.001 1.398 0.001
политтехнолог 0.001 2.0 0.002
москвы 0.001 0.824 0.001
требования 0.001 0.066 0.0
казанский 0.001 2.0 0.002
связаться 0.001 0.066 0.0
отсылка 0.001 1.699 0.002
волновахского 0.001 2.0 0.002
москве 0.001 0.745 0.001
профессий 0.001 2.0 0.002
информации 0.001 0.102 0.0
несколькими 0.001 1.699 0.002
начало 0.001 1.097 0.001
жалоб 0.001 1.523 0.002
немецкому 0.001 1.222 0.001
скрыть 0.001 1.398 0.001
главным 0.001 1.155 0.001
объяснили 0.001 1.222 0.001
продаются 0.001 1.699 0.002
продвижения 0.001 2.0 0.002
танки 0.001 1.046 0.001
товарищ 0.001 1.699 0.002
деканата 0.001 2.0 0.002
ильницкий 0.001 2.0 0.002
россия 0.001 0.398 0.0
ветеранов 0.001 2.0 0.002
эфир 0.001 1.097 0.001
такие 0.001 0.444 0.0
дисциплинарное 0.001 2.0 0.002
1940-х 0.001 1.222 0.001
виде 0.001 0.745 0.001
региона 0.001 1.301 0.001
спасибоgiphyза 0.001 0.066 0.0
ресурсов 0.001 1.523 0.002
любви 0.001 1.0 0.001
пожалуйста 0.001 0.102 0.0
можем 0.001 0.62 0.001
ответили 0.001 1.155 0.001
именно 0.003 0.244 0.001
сначала 0.002 0.602 0.001
донецкой 0.001 1.301 0.001
официальных 0.001 0.921 0.001
связанных 0.001 1.155 0.001
пост 0.002 0.796 0.002
студентам 0.001 1.523 0.002
властями 0.001 1.301 0.001
место 0.001 0.678 0.001
остается 0.001 0.638 0.001
уровне 0.001 0.638 0.001
связывают 0.001 1.699 0.002
идут 0.001 0.699 0.001
билборд 0.001 2.0 0.002
эстетика 0.001 2.0 0.002
чиновники 0.002 1.398 0.003
российским 0.001 0.092 0.0
тому 0.001 0.509 0.001
которым 0.001 0.658 0.001
заменой 0.001 2.0 0.002
вместе 0.001 0.602 0.001
евгением 0.001 1.699 0.002
интересах 0.001 0.167 0.0
казгик 0.001 2.0 0.002
появился 0.001 0.921 0.001
недель 0.001 0.77 0.001
стратегию 0.001 1.523 0.002
мероприятий 0.001 1.398 0.001
игоря 0.001 1.523 0.002
приколотыми 0.001 2.0 0.002
национального 0.001 1.222 0.001
владимира 0.001 0.959 0.001
идей 0.001 1.523 0.002
района 0.001 1.155 0.001
стихийных 0.001 2.0 0.002
команды 0.001 1.699 0.002
знают 0.001 1.097 0.001
попросили 0.001 1.097 0.001
участниками 0.001 1.699 0.002
смысла 0.001 0.699 0.001
нанесенная 0.001 2.0 0.002
признании 0.001 1.699 0.002
исключает 0.001 1.523 0.002
in 0.001 0.0 0.0
округов 0.001 2.0 0.002
польши 0.001 1.097 0.001
регионов 0.001 0.921 0.001
ленточками 0.001 2.0 0.002
эксперты 0.001 0.959 0.001
ресурса 0.001 1.523 0.002
собираемся 0.001 2.0 0.002
таких 0.001 0.347 0.0
каких 0.001 0.854 0.001
белой 0.002 1.523 0.003
мосгордуму 0.001 2.0 0.002
участвующих 0.001 2.0 0.002
онлайн-флешмобе 0.001 2.0 0.002
просто 0.002 0.194 0.0
близкого 0.001 1.523 0.002
инстаграме 0.002 1.222 0.002
прекратить 0.001 1.097 0.001
квадрате 0.001 2.0 0.002
личной 0.001 1.398 0.001
организовал 0.001 2.0 0.002
федерального 0.001 1.222 0.001
местный 0.002 1.523 0.003
хакасия 0.001 1.699 0.002
старостам 0.001 2.0 0.002
центры 0.001 1.222 0.001
которую 0.001 0.469 0.0
слову 0.001 1.523 0.002
площади 0.001 1.301 0.001
часов 0.001 0.678 0.001
краской 0.002 2.0 0.004
опубликованным 0.001 2.0 0.002
представляет 0.001 1.046 0.001
кузбасс 0.001 2.0 0.002
сожалению 0.001 0.569 0.001
сверху 0.001 1.155 0.001
пришла 0.001 1.155 0.001
распространено 0.001 0.102 0.0
автопробегов 0.001 2.0 0.002
ios 0.001 0.066 0.0
руки 0.001 0.921 0.001
ознакомили 0.001 2.0 0.002
активной 0.001 1.699 0.002
несколько 0.003 0.201 0.001
всеми 0.001 0.824 0.001
федерация 0.001 1.523 0.002
позднее 0.001 1.155 0.001
скриншот 0.001 1.699 0.002
флешмобы 0.001 2.0 0.002
пиарщиков 0.001 2.0 0.002
полный 0.001 0.77 0.001
цивилева 0.001 2.0 0.002
пришло 0.001 1.398 0.001
медузой 0.001 0.921 0.001
студенты 0.002 1.523 0.003
символом 0.001 1.398 0.001
первого 0.001 0.658 0.001
правительства 0.003 0.921 0.003
перепиской 0.001 2.0 0.002
политики 0.001 0.854 0.001
небрежно 0.001 1.699 0.002
музея 0.001 1.699 0.002
одного 0.002 0.432 0.001
республики 0.002 1.301 0.003
написании 0.001 2.0 0.002
всеобщую 0.001 2.0 0.002
международного 0.001 1.155 0.001
отмечает 0.001 1.155 0.001
открыть 0.001 1.155 0.001
разные 0.001 0.721 0.001
министра 0.001 1.301 0.001
причины 0.001 1.046 0.001
обработку 0.001 2.0 0.002
заказали 0.001 2.0 0.002
юридическим 0.001 0.102 0.0
акции 0.004 0.921 0.004
группе 0.001 0.745 0.001
сотрудниками 0.001 2.0 0.002
формальными 0.001 2.0 0.002
военные 0.002 0.796 0.002
видео 0.001 0.678 0.001
бросить 0.001 1.523 0.002
увидел 0.001 1.222 0.001
попеременно 0.001 2.0 0.002
навального 0.001 1.398 0.001
санкциях 0.001 1.398 0.001
спецоперации 0.004 1.398 0.006
стали 0.002 0.42 0.001
якобы 0.001 0.854 0.001
изобразить 0.001 2.0 0.002
утром 0.001 1.046 0.001
настаивать 0.001 1.699 0.002
уроки 0.001 1.699 0.002
весь 0.001 0.638 0.001
российскую 0.001 0.745 0.001
безопасно 0.001 0.066 0.0
рф 0.005 0.745 0.004
инициатива 0.002 1.398 0.003
песни 0.001 1.222 0.001
административного 0.001 1.523 0.002
youtube 0.001 0.06 0.0
согласен 0.001 1.398 0.001
называется 0.001 1.0 0.001
создано 0.001 0.097 0.0
телеграме 0.001 1.222 0.001
кириллических 0.001 2.0 0.002
группы 0.001 0.62 0.001
негативно 0.001 1.398 0.001
символики 0.001 1.699 0.002
мои 0.001 0.854 0.001
сегодня 0.001 0.638 0.001
холмогоров 0.001 2.0 0.002
средством 0.001 0.102 0.0
алексей 0.001 0.886 0.001
публикуют 0.001 1.398 0.001
районных 0.001 1.699 0.002
буквой 0.003 1.699 0.005
пытались 0.001 1.046 0.001
представители 0.001 1.097 0.001
блоку 0.001 1.699 0.002
добровольно 0.001 1.301 0.001
скандировали 0.001 2.0 0.002
ставить 0.001 1.523 0.002
стикерах 0.001 2.0 0.002
правую 0.001 2.0 0.002
казанского 0.001 2.0 0.002
принадлежит 0.001 1.301 0.001
российских 0.002 0.337 0.001
значении 0.001 1.699 0.002
области 0.003 0.602 0.002
использовались 0.001 1.301 0.001
майор 0.001 2.0 0.002
творения 0.001 2.0 0.002
жителей 0.001 0.569 0.001
alexander 0.001 1.155 0.001
время 0.003 0.102 0.0
обозначают 0.001 2.0 0.002
городской 0.001 1.523 0.002
краях 0.001 2.0 0.002
центра 0.001 0.77 0.001
причастных 0.001 2.0 0.002
амурской 0.001 2.0 0.002
государство 0.001 0.854 0.001
кулаком 0.001 2.0 0.002
каналов 0.001 1.523 0.002
рекламаmeduza 0.001 0.066 0.0
беседе 0.002 1.699 0.003
руководству 0.001 1.523 0.002
создают 0.001 1.301 0.001
ответить 0.001 0.886 0.001
обсуждаемыми 0.001 2.0 0.002
одобрил 0.001 1.523 0.002
намалеванную 0.001 2.0 0.002
среди 0.002 0.42 0.001
канал 0.001 1.097 0.001
организаторов 0.001 1.398 0.001
позволил 0.001 1.699 0.002
донбасса 0.001 1.398 0.001
постановлениям 0.001 2.0 0.002
региональных 0.001 1.301 0.001
издание 0.001 0.721 0.001
назад 0.002 0.18 0.0
прошедший 0.001 2.0 0.002
игорь 0.002 1.398 0.003
знак 0.001 1.699 0.002
мог 0.001 0.824 0.001
машины 0.001 1.398 0.001
телеканала 0.001 1.046 0.001
ответа 0.001 0.886 0.001
различать 0.001 2.0 0.002
обнаружить 0.001 1.097 0.001
война 0.001 0.469 0.0
вспоминает 0.001 1.301 0.001
кодекс 0.001 0.066 0.0
также 0.004 0.237 0.001
анонимности 0.002 1.699 0.003
горящих 0.001 2.0 0.002
егор 0.001 1.523 0.002
ковалев 0.001 1.523 0.002
освещать 0.001 1.699 0.002
собеседник 0.002 1.301 0.003
администрации 0.001 1.046 0.001
идеи 0.002 1.155 0.002
подтверждения 0.001 1.523 0.002
институте 0.001 1.222 0.001
поговорила 0.001 0.886 0.001
абаканских 0.001 2.0 0.002
цур 0.003 2.0 0.006
вконтакте 0.001 0.066 0.0
одновременно 0.001 0.796 0.001
государственный 0.001 1.097 0.001
название 0.002 0.921 0.002
групп 0.001 0.77 0.001
выделите 0.001 0.066 0.0
власти 0.002 0.387 0.001
нескольких 0.002 0.699 0.001
коновалов 0.001 2.0 0.002
думать 0.001 1.222 0.001
сайте 0.001 0.886 0.001
версией 0.001 1.523 0.002
нанесенной 0.001 2.0 0.002
против 0.001 0.229 0.0
фигуры 0.001 2.0 0.002
блок 0.001 1.398 0.001
публицист 0.001 2.0 0.002
той 0.001 0.62 0.001
флешмобов 0.001 2.0 0.002
упростить 0.001 1.699 0.002
информационное 0.001 1.699 0.002
сергея 0.001 1.301 0.001
областях 0.001 1.523 0.002
хоспис 0.001 2.0 0.002
государственных 0.001 1.0 0.001
вечерняя 0.001 0.066 0.0
делали 0.001 1.222 0.001
радикального 0.001 2.0 0.002
мониторинг 0.001 2.0 0.002
поддержки 0.002 0.066 0.0
самой 0.001 0.699 0.001
собственную 0.001 1.398 0.001
называют 0.001 0.699 0.001
российского 0.001 0.62 0.001
первые 0.001 0.585 0.001
повару 0.001 2.0 0.002
организатором 0.001 2.0 0.002
дня 0.003 0.523 0.002
шокирующим 0.001 2.0 0.002
мероприятия 0.001 1.398 0.001
берут 0.001 1.046 0.001
мэрий 0.001 2.0 0.002
объяснения 0.001 1.398 0.001
сочувствовать 0.001 2.0 0.002
организаций 0.001 1.046 0.001
android 0.001 0.066 0.0
собеседников 0.002 1.301 0.003
республиканских 0.002 2.0 0.004
коллеги 0.001 1.0 0.001
согласованные 0.001 2.0 0.002
объявил 0.001 1.0 0.001
особенно 0.001 0.553 0.001
нужна 0.001 0.092 0.0
марта 0.009 0.319 0.003
антивоенном 0.001 2.0 0.002
предлагают 0.001 1.046 0.001
журналистов 0.002 1.046 0.002
близких 0.002 1.222 0.002
z 0.024 1.046 0.025
z-автопробег 0.001 2.0 0.002
политике 0.001 1.222 0.001
агентство 0.001 1.155 0.001
непонятной 0.001 2.0 0.002
институт 0.002 1.301 0.003
минобороны 0.003 1.046 0.003
получали 0.001 1.222 0.001
kazan 0.001 1.523 0.002
несет 0.001 1.222 0.001
оппозиционных 0.001 2.0 0.002
провокаторов 0.001 2.0 0.002
глава 0.001 0.824 0.001
причастности 0.001 1.699 0.002
регулярно 0.001 1.0 0.001
губернаторов 0.001 1.523 0.002
онф 0.001 2.0 0.002
технику 0.001 1.398 0.001
собрание 0.001 2.0 0.002
уверен 0.001 0.959 0.001
медузе 0.005 0.066 0.0
точно 0.001 0.481 0.0
сказали 0.001 0.959 0.001
ополченцами 0.001 2.0 0.002
агентства 0.001 1.097 0.001
медузу 0.001 0.066 0.0
обработки 0.001 0.066 0.0
бугас 0.001 2.0 0.002
правде 0.001 2.0 0.002
сотрудник 0.002 1.398 0.003
регионом 0.001 2.0 0.002
курировал 0.001 2.0 0.002
источников 0.001 1.0 0.001
массовой 0.001 0.097 0.0
аватары 0.001 2.0 0.002
точки 0.001 0.638 0.001
непосредственно 0.001 0.959 0.001
госдумы 0.001 1.155 0.001
хвостом 0.001 2.0 0.002
патриотические 0.001 2.0 0.002
ресурс 0.001 1.398 0.001
словам 0.003 0.658 0.002
центрах 0.001 1.301 0.001
ученикам 0.001 2.0 0.002
вперед 0.001 1.398 0.001
каждом 0.001 1.097 0.001
наше 0.001 0.921 0.001
названиях 0.001 2.0 0.002
расчеловечивания 0.001 1.699 0.002
деятельности 0.001 1.097 0.001
окружение 0.001 1.523 0.002
олега 0.001 2.0 0.002
сувенирном 0.001 2.0 0.002
бросать 0.001 2.0 0.002
местными 0.001 1.523 0.002
многих 0.001 0.658 0.001
имя 0.001 1.046 0.001
путин 0.001 0.658 0.001
v. 0.001 2.0 0.002
важное 0.001 1.046 0.001
внедряют 0.001 2.0 0.002
утечке 0.001 2.0 0.002
иначе 0.001 0.745 0.001
опыт 0.001 0.886 0.001
георгиевскими 0.001 2.0 0.002
свое 0.001 0.721 0.001
дать 0.001 0.854 0.001
здания 0.001 1.097 0.001
вузов 0.001 1.523 0.002
стихийном 0.001 2.0 0.002
реклама 0.002 0.066 0.0
рекомендацию 0.001 2.0 0.002
местных 0.001 1.097 0.001
перцева 0.001 2.0 0.002
поводу 0.001 0.824 0.001
студентов 0.001 1.301 0.001
поведением 0.001 1.699 0.002
следующий 0.001 0.796 0.001
россии 0.006 0.119 0.001
президент 0.001 0.854 0.001
кандидатуру 0.001 1.699 0.002
агента 0.001 0.097 0.0
вышел 0.001 1.0 0.001
крыму 0.001 1.523 0.002
горазд 0.001 2.0 0.002
маркировка 0.001 2.0 0.002
любови 0.001 2.0 0.002
участники 0.001 0.921 0.001
участвовали 0.001 1.155 0.001
министерства 0.001 1.155 0.001
треугольник 0.001 2.0 0.002
выдвигали 0.001 2.0 0.002
маргарита 0.001 1.301 0.001
представителя 0.001 1.222 0.001
автопробег 0.001 2.0 0.002
сотрудником 0.001 1.523 0.002
афганистана 0.001 1.699 0.002
привела 0.001 1.046 0.001
вторжения 0.002 0.77 0.002
мир 0.001 0.553 0.001
бывший 0.001 0.921 0.001
литера 0.001 2.0 0.002
встречалась 0.001 2.0 0.002
читателейнам 0.001 0.174 0.0
куляка 0.001 2.0 0.002
заключает 0.001 1.301 0.001
удалось 0.001 0.523 0.001
вскидывали 0.001 2.0 0.002
связанного 0.001 2.0 0.002
справедливость 0.001 1.699 0.002
появились 0.001 0.854 0.001
остался 0.001 0.854 0.001
порядку 0.001 0.066 0.0
сохранена 0.001 2.0 0.002
футболок 0.001 1.699 0.002
администраций 0.001 1.523 0.002
организовать 0.001 1.155 0.001
понимают 0.001 1.097 0.001
омон 0.001 2.0 0.002
провести 0.001 0.745 0.001
окна 0.001 0.959 0.001
российской 0.002 0.432 0.001
магазине 0.001 1.398 0.001
спортсмены 0.001 1.699 0.002
обычном 0.001 1.523 0.002
объясняли 0.001 2.0 0.002
вступили 0.001 1.523 0.002
з 0.001 2.0 0.002
соцсетях 0.003 1.046 0.003
одному 0.001 0.921 0.001
должно 0.001 0.658 0.001
день 0.002 0.328 0.001
мывместе 0.001 2.0 0.002
фонтанке 0.001 2.0 0.002
народную 0.001 2.0 0.002
репетиции 0.001 2.0 0.002
объясняет 0.001 0.658 0.001
пригожиным 0.001 2.0 0.002
лацкане 0.001 1.699 0.002
реальности 0.001 0.921 0.001
молодой 0.001 1.398 0.001
шли 0.001 1.222 0.001
полезное 0.001 2.0 0.002
неизвестно 0.001 0.77 0.001
латинская 0.002 2.0 0.004
активисты 0.001 1.523 0.002
клипе 0.001 2.0 0.002
разместила 0.001 1.699 0.002
стало 0.001 0.481 0.0
редакция 0.001 1.046 0.001
соревнованиях 0.001 2.0 0.002
zа 0.001 2.0 0.002
структурами 0.001 1.398 0.001
программы 0.001 1.046 0.001
символ 0.001 1.222 0.001
smm-специалисты 0.001 2.0 0.002
букву 0.001 1.523 0.002
шествие 0.001 2.0 0.002
местной 0.001 1.398 0.001
само 0.002 0.921 0.002
оформить 0.001 1.523 0.002
иностранным 0.001 0.097 0.0
лнр 0.001 1.0 0.001
хакасских 0.001 2.0 0.002
делают 0.001 0.745 0.001
перегибает 0.001 2.0 0.002
например 0.002 0.229 0.0
сообщил 0.001 0.959 0.001
военную 0.001 1.046 0.001
организованные 0.001 2.0 0.002
что-то 0.001 0.569 0.001
мнению 0.001 0.638 0.001
февраля 0.001 0.387 0.0
zeit 0.001 1.699 0.002
приватизировать 0.001 2.0 0.002
андрей 0.001 1.155 0.001
шойгу 0.001 1.398 0.001
epa 0.001 0.959 0.001
жизнь 0.001 0.538 0.001
эрик 0.001 1.523 0.002
левую 0.001 1.699 0.002
автопробеги 0.002 2.0 0.004
поддержите 0.001 0.102 0.0
передана 0.001 2.0 0.002
заметили 0.001 1.398 0.001
зрения 0.001 0.602 0.001
напрягает 0.001 1.699 0.002
отметил 0.001 1.699 0.002
предприниматели 0.001 1.699 0.002
официальной 0.001 1.046 0.001
телеграм-канал 0.001 1.699 0.002
никого 0.001 1.097 0.001
устраивает 0.001 1.046 0.001
году 0.002 0.367 0.001
неожиданные 0.001 2.0 0.002
востоке 0.001 1.155 0.001
zамир 0.001 1.699 0.002
айдентику 0.001 2.0 0.002
администрацией 0.001 2.0 0.002
предупреждение 0.001 1.301 0.001
министерство 0.003 1.301 0.004
третье 0.001 1.523 0.002
вопрос 0.001 0.42 0.0
пожелавшие 0.001 2.0 0.002
мангушев 0.004 2.0 0.008
данные 0.001 0.066 0.0
пригожин 0.001 2.0 0.002
министр 0.001 1.301 0.001
палку 0.001 2.0 0.002
вечером 0.001 1.398 0.001
дают 0.001 0.721 0.001
санкт-петербурга 0.001 1.523 0.002
наши 0.001 0.721 0.001
получила 0.001 1.301 0.001
спасение 0.001 2.0 0.002
добавлять 0.001 1.699 0.002
синхронно 0.001 2.0 0.002
пресс-службе 0.001 1.222 0.001
методам 0.001 2.0 0.002
мальцев 0.001 1.699 0.002
кампании 0.001 0.854 0.001
вдаваясь 0.001 2.0 0.002
изображен 0.001 2.0 0.002
симоньян 0.002 1.398 0.003
подтверждал 0.001 2.0 0.002
отвечают 0.001 1.097 0.001
акцией 0.001 1.699 0.002
попытались 0.001 1.155 0.001
яриным 0.001 2.0 0.002
уточняя 0.001 1.699 0.002
зданий 0.001 2.0 0.002
женского 0.001 2.0 0.002
никто 0.002 0.523 0.001
запроса 0.001 2.0 0.002
причин 0.001 0.921 0.001
активистов 0.001 1.398 0.001
госсовета 0.001 1.523 0.002
никакого 0.001 0.824 0.001
литерой 0.001 2.0 0.002
сафоновой 0.001 1.222 0.001
фойе 0.001 2.0 0.002
разработали 0.001 2.0 0.002
находящееся 0.001 2.0 0.002
властью 0.001 1.523 0.002
сорок 0.001 1.699 0.002
фальсификации 0.001 1.699 0.002
видела 0.001 0.959 0.001
источник 0.003 0.174 0.001
шло 0.001 1.523 0.002
балахоны 0.001 2.0 0.002
“ 0.002 0.432 0.001
хочу 0.001 0.137 0.0
примазался 0.001 2.0 0.002
аватарки 0.001 2.0 0.002
рассказывает 0.001 0.569 0.001
имел 0.001 1.523 0.002
работу 0.001 0.658 0.001
участии 0.001 0.959 0.001
авторов 0.001 1.046 0.001
типа 0.001 0.959 0.001
находится 0.001 0.678 0.001
слова 0.001 0.678 0.001
накануне 0.001 1.046 0.001
большие 0.001 0.796 0.001
правила 0.001 0.066 0.0
подпольную 0.001 2.0 0.002
губернатор 0.001 1.699 0.002
независимых 0.001 1.046 0.001
баллотировавшейся 0.001 2.0 0.002
кириенко 0.001 1.699 0.002
логотип 0.001 1.699 0.002
© 0.001 0.0 0.0
лозунг 0.001 2.0 0.002
сила 0.001 1.155 0.001
южный 0.001 1.523 0.002
сотрудница 0.001 1.398 0.001
бойцов 0.001 1.523 0.002
продавать 0.001 1.155 0.001
хижняк 0.001 2.0 0.002
акция 0.001 1.301 0.001
орфография 0.001 2.0 0.002
телеграм-каналов 0.001 1.523 0.002
захотели 0.001 2.0 0.002
сил 0.001 1.046 0.001
многом 0.001 1.222 0.001
шипенков 0.001 2.0 0.002
помощь 0.001 0.097 0.0
отделения 0.001 1.523 0.002
текст 0.001 0.886 0.001
использовалась 0.001 2.0 0.002
исполняли 0.001 2.0 0.002
сообщило 0.001 1.301 0.001
войны 0.004 0.42 0.002
минимум 0.001 0.796 0.001
антивоенную 0.001 1.523 0.002
вооружение 0.001 1.699 0.002
троллей 0.001 2.0 0.002
протесты 0.001 1.097 0.001
ведомство 0.001 1.155 0.001
николай 0.001 1.097 0.001
песню 0.001 1.699 0.002
самое 0.001 0.638 0.001
маргаритой 0.001 2.0 0.002
серафимова 0.001 2.0 0.002
пиар-блок 0.001 2.0 0.002
выпустило 0.001 1.699 0.002
заменять 0.001 2.0 0.002
названии 0.001 2.0 0.002
ветвей 0.001 2.0 0.002
сороков 0.001 2.0 0.002
проспекте 0.001 2.0 0.002
местные 0.001 0.959 0.001
здание 0.001 1.097 0.001
бизнесмен 0.001 1.699 0.002
всем 0.001 0.252 0.0
довольны 0.001 1.699 0.002
те 0.001 0.357 0.0
оно 0.001 0.444 0.0
гимнаст 0.001 2.0 0.002
происходит 0.001 0.387 0.0
говном 0.001 2.0 0.002
массовым 0.001 1.523 0.002
технолог 0.001 2.0 0.002
призывом 0.001 1.222 0.001
пророссийских 0.001 1.699 0.002
дизайнеры 0.001 2.0 0.002
соцсетей 0.001 1.301 0.001
собственные 0.001 1.046 0.001
самого 0.001 0.77 0.001
районе 0.001 0.886 0.001
поддержку 0.005 0.921 0.005
дороги 0.001 1.398 0.001
вскидывающими 0.001 2.0 0.002
образ 0.001 1.222 0.001
публике 0.001 1.699 0.002
будущей 0.001 1.699 0.002
работников 0.001 1.222 0.001
кто-то 0.001 0.602 0.001
сторонников 0.001 1.398 0.001
ознакомилась 0.001 2.0 0.002
слов 0.001 1.301 0.001
показывать 0.001 0.066 0.0
документах 0.001 1.222 0.001
уважение 0.001 2.0 0.002
знал 0.001 1.523 0.002
дедлайн 0.001 1.699 0.002
петербургской 0.001 2.0 0.002
twitter 0.001 0.0 0.0
томске 0.001 2.0 0.002
действующий 0.001 1.699 0.002
высказать 0.001 1.523 0.002
футболки 0.001 1.699 0.002
означает 0.001 0.62 0.001
платформы 0.001 0.066 0.0
контролем 0.001 1.398 0.001
шлемах 0.001 2.0 0.002
куzбасс 0.001 2.0 0.002
подается 0.001 2.0 0.002
которые 0.002 0.119 0.0
истинном 0.001 2.0 0.002
ранее 0.001 0.62 0.001
meduza 0.002 0.0 0.0
периоду 0.001 2.0 0.002
рассказывают 0.001 0.959 0.001
подопечных 0.001 1.699 0.002
мвд 0.001 1.398 0.001
пишется 0.001 2.0 0.002
инициативу 0.001 1.699 0.002
повара 0.001 2.0 0.002
символы 0.001 1.699 0.002
субъектах 0.001 2.0 0.002
креативных 0.001 2.0 0.002
светящиеся 0.001 2.0 0.002
кристины 0.001 1.222 0.001
русского 0.001 1.523 0.002
взяла 0.001 1.398 0.001
подчеркнуло 0.001 2.0 0.002
продвижение 0.001 1.301 0.001
зловещий 0.001 1.523 0.002
борту 0.002 1.699 0.003
использованием 0.001 1.301 0.001
говорим 0.001 0.959 0.001
внутриполитическому 0.001 1.699 0.002
отказали 0.001 1.398 0.001
какая-то 0.001 0.959 0.001
поставить 0.001 1.398 0.001
умеет 0.001 1.155 0.001
значит 0.001 0.444 0.0
прокуратуры 0.001 1.699 0.002
редакциям 0.001 2.0 0.002
считают 0.001 0.721 0.001
гифки 0.001 0.066 0.0
людей 0.001 0.161 0.0
говорит 0.002 0.409 0.001
подлинность 0.001 1.699 0.002
поручили 0.001 1.699 0.002
фразами 0.001 2.0 0.002
миграционной 0.001 1.222 0.001
операции 0.002 0.886 0.002
бьются 0.001 1.699 0.002
выяснить 0.001 1.301 0.001
пиджаке 0.001 2.0 0.002
правда 0.001 0.509 0.001
который 0.001 0.194 0.0
торговом 0.001 2.0 0.002
анонимно 0.001 0.066 0.0
темное 0.001 1.699 0.002
запечатлевшие 0.001 2.0 0.002
ваша 0.001 0.102 0.0
изначально 0.001 0.959 0.001
романенко 0.001 2.0 0.002
цензурное 0.001 2.0 0.002
западный 0.001 1.699 0.002
сразу 0.001 0.553 0.001
куки 0.001 0.066 0.0
позволяющая 0.001 2.0 0.002
вскоре 0.001 1.0 0.001
использование 0.001 0.066 0.0
прошло 0.001 1.046 0.001
европа 0.001 0.886 0.001
местного 0.001 1.097 0.001
руководит 0.001 1.699 0.002
инициативой 0.001 1.699 0.002
года 0.004 0.167 0.001
понимает 0.001 1.155 0.001
заявлениям 0.001 1.398 0.001
фотографии 0.001 0.638 0.001
остановить 0.001 0.638 0.001
en 0.001 0.066 0.0
бутина 0.001 2.0 0.002
занявший 0.001 2.0 0.002
расследование 0.001 1.301 0.001
недоумевает 0.001 1.699 0.002
начали 0.001 0.481 0.0
насколько 0.001 0.42 0.0
латинские 0.001 2.0 0.002
будут 0.001 0.301 0.0
человека 0.001 0.328 0.0
ап 0.004 1.523 0.006
украсили 0.001 2.0 0.002
госпропаганде 0.001 2.0 0.002
техники 0.002 1.301 0.003
зеленского 0.001 1.0 0.001
инициативе 0.001 2.0 0.002
войну 0.001 0.638 0.001
националистов 0.001 1.699 0.002
свой 0.001 0.585 0.001
наклейки 0.001 1.699 0.002
получил 0.001 0.959 0.001
томска 0.001 2.0 0.002
стилизованной 0.001 2.0 0.002
мангушева 0.001 2.0 0.002
сжатым 0.001 2.0 0.002
z. 0.001 1.398 0.001
доверили 0.001 2.0 0.002
которой 0.001 0.377 0.0
вообще 0.001 0.066 0.0
тактическая 0.001 1.699 0.002
разыскала 0.001 2.0 0.002
отставной 0.001 2.0 0.002
писаться 0.001 2.0 0.002
награждения 0.001 2.0 0.002
пошло 0.001 1.155 0.001
rammstein 0.001 1.699 0.002
сказал 0.001 0.77 0.001
среду 0.001 1.699 0.002
кировской 0.001 2.0 0.002
организовавших 0.001 2.0 0.002
гвардии 0.001 1.699 0.002
мария 0.001 1.097 0.001
государственной 0.001 1.046 0.001
выступали 0.001 2.0 0.002
новая 0.001 0.678 0.001
помочь 0.001 0.131 0.0
скорее 0.001 0.509 0.001
людьми 0.001 0.745 0.001
воздух 0.001 1.523 0.002
символику 0.002 2.0 0.004
неформальным 0.001 2.0 0.002
рассказал 0.002 0.796 0.002
источники 0.002 0.959 0.002
неизбежность 0.001 2.0 0.002
руководства 0.001 1.699 0.002
суток 0.001 1.222 0.001
организаторам 0.001 2.0 0.002
заверили 0.001 2.0 0.002
аппарата 0.001 1.523 0.002
политтехнологий 0.001 2.0 0.002
новосибирской 0.001 1.699 0.002
мальгавко 0.001 1.699 0.002
управление 0.001 1.097 0.001
значки 0.001 1.699 0.002
центре 0.001 0.886 0.001
устроена 0.001 1.699 0.002
сми 0.003 0.602 0.002
свои 0.001 0.481 0.0
которое 0.001 0.337 0.0
технологов 0.001 2.0 0.002
задержали 0.001 1.097 0.001
масштабировать 0.001 2.0 0.002
новостиисторииразборшапитокоронавирусмагаз 0.001 0.066 0.0
совместно 0.001 1.301 0.001
кандидатов 0.001 2.0 0.002
записки 0.001 1.699 0.002
сотрудников 0.001 1.0 0.001
униформе 0.001 2.0 0.002
белые 0.001 1.523 0.002
анатолий 0.001 1.523 0.002
символов 0.001 2.0 0.002
мира 0.001 0.824 0.001
анонимность 0.001 1.301 0.001
фронта 0.001 1.523 0.002
z-символикой 0.001 2.0 0.002
идея 0.001 1.155 0.001
выполняющим 0.001 0.097 0.0
ошибку 0.001 0.066 0.0
заявлениях 0.001 1.523 0.002
республик 0.001 1.523 0.002
республиках 0.001 2.0 0.002
горожан 0.001 1.523 0.002
культуры 0.002 1.046 0.002
грузовики 0.001 1.699 0.002
проблемы 0.001 0.62 0.001
сделали 0.001 0.886 0.001
берем 0.001 1.398 0.001
авторского 0.001 2.0 0.002
отдала 0.001 1.222 0.001
пропаганды 0.001 1.0 0.001
объясняя 0.001 1.301 0.001
канала 0.001 0.959 0.001
появление 0.001 0.959 0.001
написали 0.001 1.301 0.001
военных 0.001 0.699 0.001
некоторых 0.001 0.523 0.001
материал 0.001 0.086 0.0
замечена 0.001 2.0 0.002
губернаторы 0.001 2.0 0.002
таким 0.001 0.658 0.001
устраивали 0.001 1.699 0.002
российская 0.001 0.658 0.001
товары 0.001 1.523 0.002
казzгик 0.001 2.0 0.002
миллион 0.001 1.155 0.001
андреем 0.001 1.699 0.002
значение 0.001 1.097 0.001
властям 0.001 1.301 0.001
разослали 0.001 2.0 0.002
ворвалась 0.001 1.523 0.002
областного 0.001 2.0 0.002
отношение 0.001 1.0 0.001
института 0.002 1.301 0.003
разгоняющих 0.001 2.0 0.002
соратниками 0.001 1.699 0.002
неделю 0.001 0.721 0.001
изображение 0.001 1.699 0.002
шапке 0.001 2.0 0.002
выяснила 0.001 1.097 0.001
появляться 0.002 1.222 0.002
онлайн-магазине 0.001 2.0 0.002
известно 0.001 0.481 0.0
обеспечению 0.001 1.398 0.001
редактором 0.001 1.398 0.001
максим 0.001 0.824 0.001
автопробега 0.001 2.0 0.002
протестов 0.001 1.222 0.001
тактической 0.001 1.699 0.002
провели 0.001 1.222 0.001
значком 0.001 2.0 0.002
лозунгах 0.001 2.0 0.002
кистью 0.001 2.0 0.002
бронемашины 0.001 2.0 0.002
задача 0.001 0.959 0.001
судить 0.001 0.959 0.001
мэрии 0.001 1.699 0.002
люди 0.001 0.276 0.0
операция 0.001 1.301 0.001
торговый 0.001 1.699 0.002
регистрации 0.001 1.046 0.001
использовать 0.001 0.585 0.001
куляк 0.001 2.0 0.002
украиной 0.002 0.921 0.002
главе 0.001 1.398 0.001
часто 0.001 0.456 0.0
образом 0.001 0.602 0.001
форме 0.002 0.886 0.002
инстаграм 0.001 0.066 0.0
единомышленникам 0.001 2.0 0.002
латинских 0.001 2.0 0.002
выборах 0.001 1.398 0.001
снимки 0.001 1.523 0.002
вопросы 0.002 0.481 0.001
скриншоты 0.001 2.0 0.002
внедрение 0.001 1.699 0.002
отказ 0.001 0.959 0.001
единой 0.002 1.301 0.003
хотя 0.001 0.276 0.0
флешмоба 0.001 2.0 0.002
акцию 0.003 1.222 0.004
20–21 0.001 2.0 0.002
это 0.01 0.066 0.001
петербурге 0.001 1.222 0.001
тоталитарная 0.001 2.0 0.002
навязывает 0.001 2.0 0.002
дело 0.001 0.509 0.001
непонятно 0.001 0.921 0.001
регионах 0.004 0.886 0.004
работаем 0.001 0.161 0.0
церемонию 0.001 2.0 0.002
томских 0.001 2.0 0.002
дохе 0.001 2.0 0.002
двое 0.001 1.222 0.001
права 0.001 0.854 0.001
участников 0.001 0.824 0.001
котором 0.001 0.495 0.0
некоторые 0.001 0.469 0.0
english 0.001 0.06 0.0
указывается 0.001 1.699 0.002
поддержка 0.001 0.167 0.0
выкладывали 0.001 2.0 0.002
действовать 0.001 1.0 0.001
журналисты 0.001 0.886 0.001
людям 0.001 0.678 0.001
события 0.001 0.745 0.001
коммуникацию 0.001 1.699 0.002
квартиру 0.001 1.222 0.001
августе 0.001 1.0 0.001
сделал 0.001 0.854 0.001
евгений 0.001 1.222 0.001
восточный 0.001 1.523 0.002
неясным 0.001 2.0 0.002
имеет 0.001 0.602 0.001
общероссийского 0.001 2.0 0.002
комментирует 0.001 1.523 0.002
считает 0.001 0.678 0.001
боли 0.001 1.0 0.001
репортаж 0.001 0.699 0.001
собой 0.001 0.62 0.001
facebook 0.001 0.0 0.0
собирается 0.001 0.921 0.001
воронежской 0.001 2.0 0.002
акциям 0.001 2.0 0.002
возможной 0.001 1.301 0.001
уверяет 0.001 1.699 0.002
scanpix 0.002 0.301 0.001
маркировкой 0.002 2.0 0.004
окнами 0.001 1.699 0.002
цивилев 0.001 2.0 0.002
обычных 0.001 1.097 0.001
креативу 0.001 2.0 0.002
прокофьев 0.001 2.0 0.002
давало 0.001 1.699 0.002
народных 0.001 2.0 0.002
билбордах 0.001 2.0 0.002
общей 0.001 0.959 0.001
выполнена 0.001 2.0 0.002
валентин 0.001 1.699 0.002
персональные 0.001 0.066 0.0
такое 0.001 0.347 0.0
самодельные 0.001 1.699 0.002
десяти 0.001 0.921 0.001
прошли 0.002 0.796 0.002
немного 0.001 0.77 0.001
движения 0.001 1.155 0.001
называет 0.001 1.046 0.001
назвали 0.001 1.222 0.001
близкий 0.003 1.222 0.004
символикой 0.002 1.523 0.003
победы… 0.001 2.0 0.002
склонялись 0.001 2.0 0.002
идти 0.001 1.046 0.001
авантюриста 0.001 2.0 0.002
сперва 0.001 1.523 0.002
школу 0.001 1.097 0.001
продвинуть 0.001 1.699 0.002
эта 0.001 0.367 0.0
которых 0.001 0.237 0.0
утверждает 0.001 1.0 0.001
украине 0.003 0.444 0.001
никнеймам 0.001 2.0 0.002
лиговском 0.001 2.0 0.002
однако 0.002 0.337 0.001
начала 0.002 0.398 0.001
сообщение 0.001 0.102 0.0
капитан 0.001 1.699 0.002
алексея 0.001 1.699 0.002
признаются 0.001 1.699 0.002
сделать 0.001 0.357 0.0
пытавшийся 0.001 2.0 0.002
