российские 0.002 0.328 0.001
проблемой 0.001 1.097 0.001
редакции 0.002 0.066 0.0
войска 0.001 0.721 0.001
днях 0.002 1.699 0.003
какая-то 0.001 0.959 0.001
ждать 0.001 0.745 0.001
баннерам 0.001 0.066 0.0
действий 0.001 0.699 0.001
мирных 0.004 0.959 0.004
прокуратуры 0.001 1.699 0.002
россии 0.008 0.119 0.001
действительно 0.001 0.377 0.0
оккупированном 0.001 1.699 0.002
президент 0.002 0.854 0.002
считают 0.001 0.721 0.001
телевидения 0.001 1.699 0.002
гифки 0.001 0.066 0.0
агента 0.002 0.097 0.0
людей 0.002 0.161 0.0
херсоне 0.001 1.699 0.002
политических 0.001 1.097 0.001
района 0.001 1.155 0.001
кроме 0.001 0.387 0.0
политического 0.001 1.155 0.001
пыталась 0.001 1.097 0.001
признании 0.001 1.699 0.002
тысячи 0.002 0.721 0.001
in 0.001 0.0 0.0
дошло 0.001 1.699 0.002
ходят 0.001 1.398 0.001
днр 0.006 0.959 0.006
причем 0.001 0.62 0.001
занятом 0.001 1.523 0.002
операции 0.001 0.886 0.001
включая 0.001 0.959 0.001
держать 0.001 1.155 0.001
выяснить 0.001 1.301 0.001
служба 0.002 1.222 0.002
киевские 0.001 2.0 0.002
разведчика 0.001 2.0 0.002
гибель 0.001 1.699 0.002
счел 0.001 2.0 0.002
ввели 0.001 1.0 0.001
анонимно 0.001 0.066 0.0
аресты 0.001 1.523 0.002
кирилла 0.001 1.523 0.002
просто 0.004 0.194 0.001
вагнера 0.001 1.699 0.002
информацию 0.001 0.62 0.001
отправлен 0.001 2.0 0.002
ваша 0.002 0.102 0.0
проекта 0.001 1.222 0.001
россией 0.002 0.824 0.002
утверждается 0.001 1.155 0.001
ответственности 0.002 1.046 0.002
ирины 0.001 2.0 0.002
возбуждении 0.001 2.0 0.002
долгами 0.001 2.0 0.002
вторжения 0.001 0.77 0.001
интервью 0.001 0.745 0.001
содействие 0.001 1.699 0.002
перебраться 0.001 1.523 0.002
замглавы 0.001 1.699 0.002
ближнего 0.001 1.301 0.001
людях 0.001 1.155 0.001
5-й 0.001 1.699 0.002
читателейнам 0.001 0.174 0.0
путину 0.002 0.959 0.002
куки 0.001 0.066 0.0
реальных 0.001 1.222 0.001
вскоре 0.001 1.0 0.001
недавно 0.001 0.62 0.001
удалось 0.001 0.523 0.001
предоставление 0.001 1.699 0.002
использование 0.002 0.066 0.0
самопровозглашенных 0.001 2.0 0.002
две 0.001 0.553 0.001
помощи 0.001 0.77 0.001
кадрового 0.001 2.0 0.002
порядку 0.001 0.066 0.0
мариуполя 0.001 1.155 0.001
площади 0.001 1.301 0.001
приехать 0.001 1.222 0.001
павла 0.001 2.0 0.002
en 0.001 0.066 0.0
мариуполь 0.001 0.824 0.001
происходить 0.001 1.155 0.001
навстречу 0.001 1.523 0.002
жилых 0.001 1.155 0.001
сожалению 0.001 0.569 0.001
мелитополе 0.004 1.699 0.007
мелитополь 0.001 1.699 0.002
предлагает 0.001 0.959 0.001
распространено 0.001 0.102 0.0
луганскую 0.001 2.0 0.002
ios 0.001 0.066 0.0
правозащитного 0.001 2.0 0.002
сообщили 0.001 1.097 0.001
депутатов 0.001 1.523 0.002
ранения 0.001 1.523 0.002
будут 0.002 0.301 0.001
человека 0.002 0.328 0.001
танковой 0.001 1.699 0.002
российской 0.002 0.432 0.001
оставаться 0.001 0.921 0.001
выделенных 0.001 2.0 0.002
крыма 0.001 1.0 0.001
c 0.001 1.046 0.001
открывают 0.001 1.301 0.001
прямо 0.002 0.357 0.001
войну 0.002 0.638 0.001
оккупантам 0.001 2.0 0.002
коридоров 0.001 1.699 0.002
призывами 0.001 2.0 0.002
офиса 0.001 1.222 0.001
организацией 0.002 1.398 0.003
мэрам 0.001 1.699 0.002
могут 0.001 0.187 0.0
происходящем 0.001 1.301 0.001
день 0.001 0.328 0.0
лица 0.001 0.824 0.001
владимир 0.002 0.62 0.001
частности 0.001 0.678 0.001
шестнадцатый 0.001 1.699 0.002
боев 0.001 1.398 0.001
опытом 0.001 1.699 0.002
отказалась 0.001 0.959 0.001
этих 0.002 0.337 0.001
street 0.001 1.301 0.001
аргументировал 0.001 1.699 0.002
поддерживал 0.001 1.699 0.002
сектор 0.001 1.523 0.002
пока 0.001 0.208 0.0
тысячах 0.001 1.398 0.001
снабжала 0.001 2.0 0.002
мариуполе 0.002 0.824 0.002
инстаграма 0.002 1.301 0.003
форму 0.001 1.398 0.001
границах 0.001 1.699 0.002
вообще 0.002 0.066 0.0
материнскую 0.001 2.0 0.002
справки 0.001 1.699 0.002
прокомментировал 0.001 1.699 0.002
дни 0.001 0.721 0.001
разговаривает 0.001 2.0 0.002
рекламодатели 0.001 2.0 0.002
комментируют 0.001 1.699 0.002
момент 0.001 0.481 0.0
сказал 0.001 0.77 0.001
правам 0.001 1.398 0.001
рассуждения 0.001 1.523 0.002
владимиру 0.002 1.398 0.003
боясь 0.001 1.699 0.002
русским 0.001 1.398 0.001
называем 0.001 1.523 0.002
сбу 0.001 1.699 0.002
уголовное 0.001 1.301 0.001
неизвестно 0.001 0.77 0.001
городе 0.001 0.678 0.001
генерал 0.001 1.699 0.002
смерть 0.001 1.097 0.001
возбудил 0.001 2.0 0.002
нашли 0.001 0.066 0.0
связи 0.001 0.0 0.0
какие 0.001 0.569 0.001
освободительном 0.001 2.0 0.002
отправки 0.001 1.699 0.002
медуза 0.004 0.066 0.0
республики 0.001 1.301 0.001
военными 0.001 1.301 0.001
месте 0.001 0.921 0.001
интересов 0.001 1.222 0.001
нам 0.001 0.086 0.0
согласно 0.001 0.745 0.001
помочь 0.002 0.131 0.0
whatsapp 0.002 1.398 0.003
хотели 0.001 1.097 0.001
смыслах 0.001 1.699 0.002
международного 0.001 1.155 0.001
разведка 0.001 1.523 0.002
властей 0.001 0.824 0.001
говорили 0.001 0.796 0.001
церковь 0.001 1.699 0.002
текста 0.001 1.222 0.001
совершении 0.001 2.0 0.002
зарегистрировало 0.001 2.0 0.002
нанимать 0.001 2.0 0.002
юридическим 0.001 0.102 0.0
город 0.002 0.699 0.001
ночь 0.001 1.0 0.001
следует 0.001 0.77 0.001
акции 0.001 0.921 0.001
взяли 0.001 1.222 0.001
несудимости 0.001 2.0 0.002
военные 0.001 0.796 0.001
материалам 0.001 0.066 0.0
кварталов 0.001 1.523 0.002
видео 0.001 0.678 0.001
рассказал 0.001 0.796 0.001
срочно 0.001 0.167 0.0
парламента 0.001 1.699 0.002
частью 0.001 1.301 0.001
улицам 0.001 2.0 0.002
городов 0.002 0.796 0.002
домашний 0.002 2.0 0.004
источники 0.001 0.959 0.001
случае 0.001 0.357 0.0
сообщении 0.002 1.301 0.003
убивать 0.001 1.097 0.001
картину 0.001 1.0 0.001
генпрокуратура 0.001 1.523 0.002
пройти 0.001 0.854 0.001
заявил 0.002 0.658 0.001
сергей 0.002 0.886 0.002
ходит 0.001 1.398 0.001
якобы 0.002 0.854 0.002
иностранным 0.001 0.097 0.0
управление 0.001 1.097 0.001
похищен 0.002 1.699 0.003
лнр 0.007 1.0 0.007
вспомним 0.001 2.0 0.002
организации 0.002 0.658 0.001
например 0.002 0.229 0.0
погибших 0.001 1.097 0.001
должна 0.001 0.538 0.001
своих 0.001 0.398 0.0
первым 0.001 0.854 0.001
терроризму 0.002 2.0 0.004
подразделении 0.001 1.699 0.002
которое 0.001 0.337 0.0
преступным 0.001 2.0 0.002
альтернативную 0.001 1.398 0.001
чикова 0.001 2.0 0.002
ctrl+enter 0.001 0.066 0.0
преступлений 0.001 1.523 0.002
мнению 0.001 0.638 0.001
безопасно 0.001 0.066 0.0
новостиисторииразборшапитокоронавирусмагаз 0.001 0.066 0.0
департамента 0.001 1.398 0.001
рф 0.004 0.745 0.003
рук 0.001 1.398 0.001
репрессии 0.001 1.222 0.001
путать 0.001 2.0 0.002
андрея 0.001 1.523 0.002
предыстория 0.001 2.0 0.002
сотрудников 0.001 1.0 0.001
youtube 0.001 0.06 0.0
оперативно 0.001 1.301 0.001
получили 0.001 0.745 0.001
шойгу 0.001 1.398 0.001
мариупольского 0.001 2.0 0.002
называется 0.001 1.0 0.001
создано 0.001 0.097 0.0
ограничений 0.001 0.824 0.001
разрушены 0.001 1.301 0.001
средств 0.001 0.854 0.001
сепаратисты 0.001 1.699 0.002
ракеты 0.001 1.097 0.001
занималась 0.001 1.301 0.001
которая 0.001 0.301 0.0
протеста 0.001 1.222 0.001
поддержите 0.001 0.102 0.0
пользователей 0.001 1.301 0.001
наемники 0.002 2.0 0.004
открыт 0.001 1.523 0.002
украины 0.004 0.569 0.002
суд 0.001 1.301 0.001
зрения 0.001 0.602 0.001
какие-либо 0.001 1.398 0.001
идею 0.001 1.0 0.001
оказывал 0.001 2.0 0.002
набор 0.001 1.155 0.001
различают 0.001 1.699 0.002
распространяют 0.001 1.699 0.002
гуманитарный 0.001 1.398 0.001
средством 0.001 0.102 0.0
пацанами 0.001 2.0 0.002
выполняющим 0.002 0.097 0.0
возможно 0.001 0.398 0.0
происходящее 0.001 1.0 0.001
партию 0.001 1.398 0.001
ошибку 0.001 0.066 0.0
уточнялось 0.001 2.0 0.002
республик 0.001 1.523 0.002
постсоветском 0.001 2.0 0.002
задержание 0.001 1.523 0.002
четкий 0.001 1.398 0.001
лет 0.001 0.252 0.0
действовавших 0.001 2.0 0.002
удалять 0.001 1.523 0.002
иван 0.001 1.523 0.002
недавние 0.001 1.398 0.001
похитили 0.001 1.699 0.002
компании 0.001 0.523 0.001
западные 0.001 1.222 0.001
украинцам 0.001 1.398 0.001
данные 0.001 0.066 0.0
разведкой 0.001 2.0 0.002
министр 0.001 1.301 0.001
запорожской 0.001 1.398 0.001
написало 0.001 2.0 0.002
сотрудничества 0.001 1.301 0.001
объявили 0.001 0.921 0.001
украинской 0.002 1.155 0.002
планах 0.001 1.222 0.001
отправляют 0.001 2.0 0.002
деле 0.001 0.553 0.001
едут 0.001 1.301 0.001
относятся 0.002 1.155 0.002
контроль 0.001 1.0 0.001
украину 0.004 0.523 0.002
данным 0.002 0.444 0.001
отвечала 0.001 1.699 0.002
наши 0.001 0.721 0.001
нажмите 0.001 0.066 0.0
блокады 0.001 1.523 0.002
военных 0.001 0.699 0.001
население 0.001 0.959 0.001
официально 0.001 0.959 0.001
несогласных 0.001 2.0 0.002
авиабомбы 0.001 1.699 0.002
всякий 0.001 1.523 0.002
идет 0.002 0.367 0.001
российских 0.006 0.337 0.002
числе 0.004 0.31 0.001
иностранного 0.002 0.102 0.0
области 0.001 0.602 0.001
человек 0.001 0.215 0.0
материал 0.001 0.086 0.0
сообщениям 0.002 1.699 0.003
большой 0.001 0.569 0.001
домах 0.001 1.301 0.001
maloletka 0.001 1.301 0.001
обстрел 0.001 1.046 0.001
мэры 0.001 2.0 0.002
б 0.001 1.523 0.002
всякими 0.001 2.0 0.002
– 0.001 0.06 0.0
оккупированных 0.001 1.301 0.001
жителей 0.005 0.569 0.003
генеральные 0.001 2.0 0.002
время 0.002 0.102 0.0
публикации 0.001 0.886 0.001
leta 0.001 0.301 0.0
признать 0.001 1.0 0.001
нами 0.001 0.066 0.0
сброд 0.001 2.0 0.002
видно 0.001 0.921 0.001
участвует 0.001 1.222 0.001
гражданское 0.001 1.699 0.002
реализации 0.001 1.301 0.001
сообщают 0.001 1.398 0.001
дает 0.001 0.796 0.001
устанавливают 0.001 1.523 0.002
блокировки 0.001 1.398 0.001
событиях 0.001 1.222 0.001
мэр 0.002 1.097 0.002
плохую 0.001 2.0 0.002
сирийские 0.001 2.0 0.002
рекламаmeduza 0.001 0.066 0.0
издеваться 0.001 1.699 0.002
пренебрегая 0.001 2.0 0.002
контакты 0.001 1.0 0.001
войне 0.001 0.62 0.001
националистической 0.001 2.0 0.002
пользователи 0.001 1.398 0.001
причин 0.001 0.921 0.001
лицом 0.001 0.102 0.0
набирается 0.001 2.0 0.002
специализируются 0.001 1.699 0.002
пытается 0.001 0.921 0.001
функции 0.002 0.097 0.0
совета 0.001 0.959 0.001
среди 0.001 0.42 0.0
языке 0.001 1.222 0.001
запретили 0.001 1.097 0.001
решения 0.002 0.638 0.001
днем 0.001 0.886 0.001
оснований 0.001 1.046 0.001
касается 0.001 0.602 0.001
кремлевских 0.001 1.699 0.002
федорова 0.004 2.0 0.008
донбасса 0.001 1.398 0.001
чужой 0.002 2.0 0.004
пишут 0.001 0.77 0.001
заявили 0.001 1.0 0.001
боевых 0.001 1.0 0.001
чвк 0.002 1.699 0.003
представляется 0.001 1.523 0.002
„ 0.001 0.62 0.001
фейсбуком 0.001 2.0 0.002
заявок 0.001 1.523 0.002
добровольцев 0.001 0.886 0.001
российскими 0.002 0.854 0.002
перейти 0.001 0.066 0.0
поддержать 0.001 0.066 0.0
украинских 0.001 0.824 0.001
расстреливают 0.001 1.523 0.002
источник 0.002 0.174 0.0
призывы 0.001 1.523 0.002
президента 0.001 0.745 0.001
проверить 0.001 1.097 0.001
оон 0.001 1.222 0.001
обороны 0.001 1.046 0.001
война 0.001 0.469 0.0
состав 0.001 0.959 0.001
кодекс 0.001 0.066 0.0
русской 0.001 1.222 0.001
“ 0.001 0.432 0.0
вон 0.001 1.699 0.002
сотрудничать 0.001 1.699 0.002
хочу 0.001 0.137 0.0
также 0.004 0.237 0.001
подступы 0.001 2.0 0.002
попавших 0.001 1.699 0.002
самым 0.001 0.921 0.001
руководством 0.001 1.046 0.001
гуманитарных 0.001 1.699 0.002
судить 0.001 0.959 0.001
основной 0.001 1.046 0.001
солдатов 0.001 2.0 0.002
беспощадный 0.001 2.0 0.002
мелитополя 0.001 1.523 0.002
заблокирован 0.001 1.523 0.002
деталь 0.001 2.0 0.002
руководителя 0.001 1.222 0.001
признания 0.001 1.398 0.001
штрафбатами 0.001 2.0 0.002
люди 0.001 0.276 0.0
сенаторов 0.001 2.0 0.002
народные 0.001 1.523 0.002
заявило 0.001 1.398 0.001
данное 0.001 0.097 0.0
стороной 0.001 1.699 0.002
находится 0.001 0.678 0.001
бердянске 0.002 1.398 0.003
доступ 0.001 0.921 0.001
слова 0.001 0.678 0.001
накануне 0.001 1.046 0.001
вынуждая 0.001 2.0 0.002
коридор 0.001 1.097 0.001
ответственность 0.001 0.824 0.001
экстремистской 0.002 1.301 0.003
правила 0.001 0.066 0.0
отправить 0.001 1.301 0.001
уголовных 0.001 2.0 0.002
финансовую 0.001 1.523 0.002
правый 0.001 1.699 0.002
обвинения 0.001 2.0 0.002
отказываются 0.001 1.523 0.002
вконтакте 0.001 0.066 0.0
какую 0.002 1.301 0.003
полторы 0.001 1.301 0.001
вслед 0.001 1.523 0.002
напротив 0.002 1.222 0.002
live 0.001 0.022 0.0
жители 0.001 0.745 0.001
форме 0.001 0.886 0.001
блог 0.001 0.066 0.0
инстаграм 0.002 0.066 0.0
игнорирование 0.001 2.0 0.002
© 0.001 0.0 0.0
заблокируют 0.001 1.523 0.002
подозревают 0.001 2.0 0.002
ведомству 0.001 2.0 0.002
планы 0.001 1.097 0.001
бороган 0.002 2.0 0.004
выделите 0.001 0.066 0.0
условиях 0.001 0.569 0.001
власти 0.002 0.387 0.001
земле 0.001 1.222 0.001
читайте 0.001 0.745 0.001
недели 0.001 0.42 0.0
тимошенко 0.002 2.0 0.004
хотел 0.001 1.0 0.001
meduzacare 0.001 0.066 0.0
члены 0.001 1.155 0.001
против 0.005 0.229 0.001
би-би-си 0.002 1.523 0.003
кнопка 0.001 0.066 0.0
насилию 0.001 1.699 0.002
хотя 0.001 0.276 0.0
донбассу 0.001 1.699 0.002
нормами 0.001 2.0 0.002
спонсоры 0.001 2.0 0.002
вечерняя 0.001 0.066 0.0
речь 0.001 0.432 0.0
это 0.004 0.066 0.0
которому 0.001 1.0 0.001
the 0.001 0.481 0.0
происходящего 0.001 1.523 0.002
поддержки 0.001 0.066 0.0
стрельбу 0.001 2.0 0.002
отвечавшего 0.001 2.0 0.002
националистами 0.001 1.699 0.002
основателя 0.001 2.0 0.002
участвовать 0.001 1.301 0.001
помощь 0.002 0.097 0.0
начал 0.001 0.796 0.001
сектору 0.001 2.0 0.002
называют 0.001 0.699 0.001
дело 0.001 0.509 0.001
российского 0.001 0.62 0.001
движении 0.001 2.0 0.002
распространять 0.001 1.699 0.002
работаем 0.001 0.161 0.0
мнение 0.001 1.046 0.001
писателей 0.001 1.699 0.002
добровольцами 0.001 1.398 0.001
meta 0.005 1.222 0.006
войны 0.002 0.42 0.001
действия 0.001 0.721 0.001
дел 0.001 1.046 0.001
права 0.001 0.854 0.001
наемников 0.004 2.0 0.008
вооруженные 0.001 1.398 0.001
каком 0.001 1.0 0.001
террористических 0.001 1.699 0.002
24/7 0.001 0.102 0.0
android 0.001 0.066 0.0
фейсбука 0.001 1.699 0.002
собеседников 0.001 1.301 0.001
english 0.001 0.06 0.0
отсутствие 0.001 0.921 0.001
новости 0.001 0.481 0.0
разозлить 0.001 2.0 0.002
путина 0.002 0.721 0.001
назван 0.001 2.0 0.002
evgeniy 0.001 1.301 0.001
сирийцев 0.001 2.0 0.002
комитет 0.001 1.222 0.001
поддержка 0.001 0.167 0.0
выходят 0.001 1.155 0.001
нужна 0.002 0.092 0.0
марта 0.005 0.319 0.002
города 0.002 0.638 0.001
запретить 0.001 1.398 0.001
городу 0.001 1.222 0.001
людям 0.001 0.678 0.001
поддержал 0.001 1.699 0.002
оказалось 0.001 0.824 0.001
мере 0.001 0.569 0.001
задействовать 0.001 1.699 0.002
журналистов 0.001 1.046 0.001
местные 0.001 0.959 0.001
wall 0.001 1.398 0.001
поставлена 0.001 1.523 0.002
привлекаться 0.001 2.0 0.002
journal 0.001 1.398 0.001
подробнее 0.001 0.699 0.001
требования 0.001 0.066 0.0
опубликованном 0.001 1.398 0.001
уголовной 0.001 2.0 0.002
связаться 0.001 0.066 0.0
самом 0.001 0.481 0.0
мэра 0.001 1.097 0.001
информации 0.002 0.102 0.0
силой 0.001 1.301 0.001
услышать 0.001 1.699 0.002
экстремизму 0.001 2.0 0.002
минобороны 0.002 1.046 0.002
приказ 0.001 1.398 0.001
содействии 0.001 2.0 0.002
россиян 0.001 0.62 0.001
правому 0.001 1.699 0.002
важно 0.001 0.509 0.001
попросила 0.001 1.301 0.001
следственный 0.001 1.523 0.002
глава 0.001 0.824 0.001
регулярно 0.001 1.0 0.001
издания 0.001 0.959 0.001
опубликованных 0.001 1.699 0.002
способствовать 0.001 1.699 0.002
причиной 0.001 1.301 0.001
верить 0.001 0.959 0.001
ведут 0.001 1.046 0.001
медузе 0.004 0.066 0.0
спецслужбах 0.001 2.0 0.002
отвечавшем 0.001 1.699 0.002
собой 0.001 0.62 0.001
facebook 0.002 0.0 0.0
медузу 0.002 0.066 0.0
обработки 0.001 0.066 0.0
хочет 0.001 0.854 0.001
окруженный 0.001 2.0 0.002
местонахождение 0.001 2.0 0.002
фсб 0.004 1.155 0.005
стороны 0.002 0.432 0.001
россия 0.002 0.398 0.001
источников 0.001 1.0 0.001
массовой 0.001 0.097 0.0
точки 0.001 0.638 0.001
неясно 0.001 1.097 0.001
госдумы 0.001 1.155 0.001
помощью 0.002 0.538 0.001
является 0.001 0.745 0.001
агора 0.001 2.0 0.002
гуманитарной 0.001 1.398 0.001
главное 0.001 0.658 0.001
службы 0.002 0.959 0.002
пойти 0.001 1.097 0.001
заблуждение 0.001 1.398 0.001
похоже 0.001 0.886 0.001
цитирует 0.001 1.301 0.001
атаке 0.001 1.398 0.001
scanpix 0.001 0.301 0.0
последствия 0.001 0.796 0.001
докладе 0.001 1.398 0.001
городского 0.001 2.0 0.002
словам 0.001 0.658 0.001
выражения 0.001 1.398 0.001
спасибоgiphyза 0.001 0.066 0.0
показывать 0.001 0.066 0.0
twitter 0.001 0.0 0.0
привлечены 0.001 2.0 0.002
компанию 0.002 1.301 0.003
пожалуйста 0.001 0.102 0.0
гибели 0.001 1.523 0.002
платформы 0.002 0.066 0.0
можем 0.001 0.62 0.001
деятельности 0.001 1.097 0.001
русскоязычным 0.001 2.0 0.002
беспорядочную 0.001 2.0 0.002
иную 0.001 1.523 0.002
именно 0.001 0.244 0.0
беседа 0.002 2.0 0.004
отношении 0.001 0.824 0.001
нецелевое 0.001 2.0 0.002
персональные 0.001 0.066 0.0
властями 0.001 1.301 0.001
заместитель 0.001 1.301 0.001
артиллерия 0.001 1.398 0.001
зеленский 0.002 0.959 0.002
отметим 0.001 2.0 0.002
федоров 0.001 1.699 0.002
которые 0.006 0.119 0.001
листовках 0.001 2.0 0.002
путин 0.001 0.658 0.001
meduza 0.004 0.0 0.0
instagram 0.001 0.745 0.001
колонна 0.001 1.398 0.001
закрыли 0.001 1.301 0.001
арест 0.002 2.0 0.004
помнить 0.001 1.046 0.001
странах 0.001 0.495 0.0
пресс-секретаря 0.001 2.0 0.002
зону 0.001 1.398 0.001
террористической 0.001 2.0 0.002
попросту 0.001 1.301 0.001
пространстве 0.001 1.523 0.002
присутствия 0.001 1.699 0.002
донецкую 0.001 2.0 0.002
российским 0.001 0.092 0.0
пропаганду 0.001 1.155 0.001
помещены 0.001 2.0 0.002
разведывательную 0.001 2.0 0.002
собираются 0.001 0.921 0.001
украине 0.002 0.444 0.001
востока 0.001 1.301 0.001
меньшей 0.001 1.046 0.001
5-я 0.002 2.0 0.004
реклама 0.002 0.066 0.0
из-за 0.001 0.229 0.0
интересах 0.001 0.167 0.0
начала 0.001 0.398 0.0
материалов 0.001 1.097 0.001
городах 0.001 1.0 0.001
солдатова 0.001 2.0 0.002
содействием 0.001 2.0 0.002
ap 0.001 0.854 0.001
сообщение 0.001 0.102 0.0
заложниках 0.001 1.523 0.002
плохо 0.001 0.569 0.001
важная 0.001 1.155 0.001
заминированы 0.001 1.523 0.002
