редакции 0.003 0.066 0.0
войска 0.001 0.721 0.001
союзников 0.001 2.0 0.002
поставить 0.001 1.398 0.001
виду 0.003 0.745 0.002
баннерам 0.001 0.066 0.0
страна 0.001 0.796 0.001
заблокирована 0.001 0.824 0.001
россии 0.015 0.119 0.002
американская 0.001 1.046 0.001
гифки 0.001 0.066 0.0
агента 0.003 0.097 0.0
отдельно 0.001 1.097 0.001
человеческим 0.001 2.0 0.002
извлекает 0.001 2.0 0.002
политического 0.001 1.155 0.001
главных 0.001 0.678 0.001
александра 0.001 1.155 0.001
in 0.001 0.0 0.0
цк 0.001 2.0 0.002
союз 0.001 1.097 0.001
европе 0.003 0.658 0.002
вспоминать 0.001 2.0 0.002
настолько 0.001 0.886 0.001
оставлять 0.001 1.301 0.001
финляндия 0.001 1.699 0.002
верит 0.003 1.155 0.003
инструмент 0.001 1.398 0.001
отличие 0.001 0.886 0.001
задолго 0.001 1.523 0.002
который 0.001 0.194 0.0
сработают 0.001 1.699 0.002
коллаборациониста 0.001 2.0 0.002
анонимно 0.001 0.066 0.0
книг 0.001 1.222 0.001
просто 0.003 0.194 0.001
афганистана 0.001 1.699 0.002
ваша 0.004 0.102 0.0
россией 0.001 0.824 0.001
опора 0.003 2.0 0.006
шансы 0.003 0.959 0.003
прочитать 0.003 0.959 0.003
советский 0.001 1.523 0.002
интервью 0.004 0.745 0.003
партии 0.001 1.046 0.001
оккупационный 0.001 2.0 0.002
налажены 0.001 2.0 0.002
труднее 0.001 0.721 0.001
читателейнам 0.001 0.174 0.0
куки 0.001 0.066 0.0
путину 0.001 0.959 0.001
чехословакии 0.001 1.699 0.002
страны 0.001 0.444 0.0
цзы 0.001 2.0 0.002
внимательно 0.001 1.301 0.001
отважный 0.001 2.0 0.002
крахе 0.003 1.699 0.005
использование 0.001 0.066 0.0
технологий 0.001 1.301 0.001
блестящими 0.001 2.0 0.002
дальше 0.001 0.523 0.001
порядку 0.001 0.066 0.0
терять 0.001 1.699 0.002
которую 0.001 0.469 0.0
превратиться 0.001 2.0 0.002
тома 0.001 2.0 0.002
бомбу 0.001 1.699 0.002
остановить 0.001 0.638 0.001
en 0.001 0.066 0.0
работает 0.001 0.367 0.0
ядерную 0.001 2.0 0.002
касаться 0.001 2.0 0.002
самые 0.001 0.602 0.001
нужен 0.001 1.222 0.001
военный 0.001 1.097 0.001
сожалению 0.003 0.569 0.002
украина 0.001 0.699 0.001
дней 0.001 0.337 0.0
распространено 0.001 0.102 0.0
кармаля 0.001 2.0 0.002
устроено 0.003 1.0 0.003
ios 0.001 0.066 0.0
придется 0.001 0.854 0.001
1970–2000 0.001 2.0 0.002
человека 0.001 0.328 0.0
cтивен 0.001 1.699 0.002
выживут 0.001 1.699 0.002
трудолюбов 0.003 1.523 0.005
российской 0.003 0.432 0.001
серьезную 0.001 1.301 0.001
несколько 0.001 0.201 0.0
способны 0.001 1.301 0.001
прямо 0.001 0.357 0.0
войну 0.001 0.638 0.001
большое 0.001 0.854 0.001
выступить 0.001 1.699 0.002
крайней 0.001 0.721 0.001
поддерживать 0.001 0.886 0.001
владимир 0.001 0.62 0.001
частности 0.001 0.678 0.001
кратко 0.001 1.699 0.002
подконтрольны 0.001 2.0 0.002
ссср 0.004 1.155 0.005
мост 0.001 1.301 0.001
кеннану 0.001 2.0 0.002
довольно 0.001 0.523 0.001
украинцы 0.001 0.886 0.001
пока 0.003 0.208 0.001
самыми 0.001 1.523 0.002
стивен 0.003 1.398 0.004
отключить 0.001 1.699 0.002
работать 0.001 0.409 0.0
автор 0.001 1.0 0.001
удивительно 0.001 1.398 0.001
вообще 0.001 0.066 0.0
вся 0.001 1.0 0.001
нужной 0.001 1.699 0.002
оказывают 0.001 1.523 0.002
крупнейший 0.001 1.398 0.001
дипломатия 0.001 2.0 0.002
оружием 0.001 1.523 0.002
истории 0.003 0.337 0.001
механизмы 0.001 1.523 0.002
нации 0.001 1.523 0.002
деэскалации 0.001 2.0 0.002
понимать 0.001 0.886 0.001
давайте 0.001 1.097 0.001
армагеддон 0.001 2.0 0.002
школы 0.001 0.886 0.001
первого 0.001 0.658 0.001
сталинизма 0.001 1.699 0.002
утверждать 0.001 1.155 0.001
вероятности 0.001 1.523 0.002
правительства 0.001 0.921 0.001
политики 0.001 0.854 0.001
помогут 0.001 1.301 0.001
отхода 0.001 2.0 0.002
нашли 0.001 0.066 0.0
связи 0.003 0.0 0.0
долей 0.001 1.097 0.001
рассказах 0.001 2.0 0.002
медуза 0.007 0.066 0.0
одного 0.001 0.432 0.0
месяцев 0.003 0.602 0.002
интересов 0.001 1.222 0.001
нам 0.004 0.086 0.0
помочь 0.003 0.131 0.0
скорее 0.003 0.509 0.002
людьми 0.001 0.745 0.001
политическую 0.001 1.699 0.002
этому 0.003 0.432 0.001
разведка 0.001 1.523 0.002
дойной 0.001 2.0 0.002
советует 0.003 1.301 0.004
продолжаем 0.001 0.699 0.001
русских 0.001 1.222 0.001
стало 0.001 0.481 0.0
юридическим 0.001 0.102 0.0
уничтожала 0.001 2.0 0.002
материалам 0.001 0.066 0.0
рассказал 0.001 0.796 0.001
срочно 0.001 0.167 0.0
сумасшедшим 0.001 1.699 0.002
тяжко 0.001 2.0 0.002
управляют 0.001 2.0 0.002
несмотря 0.001 0.456 0.0
меньше 0.001 0.444 0.0
режиму 0.001 1.523 0.002
усилия 0.001 1.155 0.001
мировых 0.001 1.301 0.001
силовой 0.001 1.523 0.002
переворот 0.003 1.301 0.004
западных 0.001 0.854 0.001
иностранным 0.001 0.097 0.0
нападение 0.001 2.0 0.002
нужно 0.001 0.237 0.0
российском 0.001 0.921 0.001
путинский 0.003 2.0 0.006
кстати 0.003 0.886 0.003
бабрака 0.001 2.0 0.002
богатым 0.001 2.0 0.002
должна 0.001 0.538 0.001
своих 0.001 0.398 0.0
ошибках 0.001 2.0 0.002
которое 0.001 0.337 0.0
полицейское 0.001 1.699 0.002
ctrl+enter 0.001 0.066 0.0
фронт 0.001 1.398 0.001
безопасно 0.001 0.066 0.0
общественного 0.001 1.155 0.001
новостиисторииразборшапитокоронавирусмагаз 0.001 0.066 0.0
десять 0.001 0.824 0.001
успешно 0.001 1.097 0.001
играет 0.001 1.0 0.001
youtube 0.001 0.06 0.0
должны 0.003 0.432 0.001
создано 0.001 0.097 0.0
epa 0.001 0.959 0.001
введены 0.001 1.699 0.002
контексте 0.001 1.222 0.001
мира 0.001 0.824 0.001
поддержите 0.001 0.102 0.0
установил 0.001 2.0 0.002
во-вторых 0.001 0.854 0.001
случилось 0.001 0.658 0.001
которого 0.001 0.585 0.001
реальными 0.001 1.699 0.002
телевизора 0.001 1.699 0.002
обеспечить 0.001 1.097 0.001
совпадали 0.001 2.0 0.002
богатой 0.001 2.0 0.002
средством 0.001 0.102 0.0
противнику 0.001 1.699 0.002
выполняющим 0.003 0.097 0.0
возможно 0.001 0.398 0.0
происходящее 0.001 1.0 0.001
поворот 0.001 1.699 0.002
гениальные 0.001 2.0 0.002
готов 0.001 0.921 0.001
свободу 0.001 1.0 0.001
ошибку 0.001 0.066 0.0
обычной 0.001 1.097 0.001
лет 0.001 0.252 0.0
передышка 0.001 2.0 0.002
секретаря 0.001 1.699 0.002
максималистская 0.001 2.0 0.002
предельно 0.001 2.0 0.002
ключе 0.001 2.0 0.002
договора 0.001 1.301 0.001
дал 0.003 1.222 0.004
ваших 0.001 1.155 0.001
хороши 0.001 2.0 0.002
деспотия 0.001 2.0 0.002
социализма 0.001 1.523 0.002
шантажа 0.001 2.0 0.002
предотвращенный 0.001 2.0 0.002
данные 0.001 0.066 0.0
двум 0.001 1.523 0.002
экономический 0.003 1.699 0.005
помочьхочу 0.001 0.886 0.001
обратной 0.001 1.523 0.002
коткин 0.004 1.699 0.007
учимся 0.001 2.0 0.002
украину 0.001 0.523 0.001
нажмите 0.001 0.066 0.0
автократией 0.001 2.0 0.002
переворотах 0.001 2.0 0.002
режиме 0.001 1.222 0.001
джорджу 0.001 2.0 0.002
противостоит 0.001 2.0 0.002
делал 0.001 1.222 0.001
зависеть 0.001 1.155 0.001
иностранного 0.003 0.102 0.0
материал 0.001 0.086 0.0
знаете 0.001 0.796 0.001
режим 0.006 0.921 0.006
строительство 0.001 1.523 0.002
лидер 0.001 1.301 0.001
– 0.001 0.06 0.0
время 0.001 0.102 0.0
leta 0.001 0.301 0.0
настоящая 0.001 1.699 0.002
советские 0.001 1.699 0.002
окружил 0.001 2.0 0.002
восточной 0.003 1.301 0.004
нами 0.001 0.066 0.0
сталин 0.001 2.0 0.002
российская 0.001 0.658 0.001
китай 0.001 1.046 0.001
шут 0.001 2.0 0.002
выглядит 0.001 0.62 0.001
ставки 0.001 1.699 0.002
государство 0.001 0.854 0.001
трехтомной 0.001 2.0 0.002
рекламаmeduza 0.001 0.066 0.0
искусном 0.001 2.0 0.002
контакты 0.001 1.0 0.001
историк-русист 0.001 2.0 0.002
причислять 0.001 2.0 0.002
нежелательной 0.001 1.222 0.001
роли 0.001 1.155 0.001
игру 0.001 1.523 0.002
коммунистической 0.001 1.699 0.002
лицом 0.003 0.102 0.0
корове 0.001 2.0 0.002
намеренно 0.001 1.222 0.001
остаются 0.001 1.0 0.001
заговорах 0.001 2.0 0.002
функции 0.003 0.097 0.0
увяз 0.001 2.0 0.002
сильным 0.001 1.301 0.001
наблюдает 0.001 2.0 0.002
сосредоточены 0.001 1.699 0.002
кошелек 0.001 2.0 0.002
декадентский 0.001 2.0 0.002
никакого 0.001 0.824 0.001
прежде 0.001 0.62 0.001
быстро 0.001 0.495 0.0
максим 0.003 0.824 0.002
амбиции 0.001 1.523 0.002
издание 0.001 0.721 0.001
назад 0.003 0.18 0.001
нация 0.001 1.699 0.002
властью 0.001 1.523 0.002
сторителлинге 0.001 2.0 0.002
yorker 0.003 1.523 0.005
макроэкономическую 0.001 2.0 0.002
перейти 0.001 0.066 0.0
поддержать 0.001 0.066 0.0
источник 0.001 0.174 0.0
следом 0.001 1.398 0.001
союза 0.001 1.301 0.001
отключения 0.001 1.523 0.002
стране 0.001 0.523 0.001
президентами 0.001 2.0 0.002
война 0.001 0.469 0.0
кодекс 0.001 0.066 0.0
повышает 0.001 1.301 0.001
вышедшая 0.001 2.0 0.002
требовать 0.001 1.699 0.002
хочу 0.003 0.137 0.0
рост 0.003 1.046 0.003
также 0.003 0.237 0.001
прагу 0.001 2.0 0.002
скоро 0.001 0.796 0.001
рассказывает 0.003 0.569 0.002
самым 0.001 0.921 0.001
цензура 0.001 1.222 0.001
расцвете 0.003 2.0 0.006
стабильность 0.001 1.523 0.002
качестве 0.001 0.678 0.001
исследователь 0.003 1.155 0.003
сокрытии 0.001 2.0 0.002
люди 0.001 0.276 0.0
готового 0.001 2.0 0.002
данное 0.001 0.097 0.0
историческим 0.001 2.0 0.002
пустыню 0.001 2.0 0.002
налогов 0.001 2.0 0.002
пражская 0.001 2.0 0.002
спровоцировали 0.001 2.0 0.002
new 0.003 0.699 0.002
метафору 0.001 2.0 0.002
проявляется 0.001 1.523 0.002
восстановление 0.001 1.398 0.001
правила 0.001 0.066 0.0
увязла 0.001 2.0 0.002
уверены 0.001 1.097 0.001
резко 0.001 0.854 0.001
вконтакте 0.001 0.066 0.0
сказать 0.001 0.495 0.0
счета 0.001 1.699 0.002
государственный 0.004 1.097 0.004
live 0.001 0.022 0.0
американский 0.001 1.155 0.001
замену 0.001 1.699 0.002
дубчека 0.001 2.0 0.002
процессу 0.001 1.699 0.002
джону 0.001 2.0 0.002
санкции 0.004 0.77 0.003
кибервойне 0.001 2.0 0.002
блог 0.001 0.066 0.0
инстаграм 0.001 0.066 0.0
© 0.001 0.0 0.0
встает 0.001 1.398 0.001
проблема 0.001 0.721 0.001
выделите 0.001 0.066 0.0
власти 0.003 0.387 0.001
ресурсно 0.001 2.0 0.002
meduzacare 0.001 0.066 0.0
версией 0.001 1.523 0.002
европу 0.001 1.155 0.001
кнопка 0.001 0.066 0.0
армия 0.001 0.959 0.001
изданию 0.001 1.398 0.001
правительство 0.001 0.824 0.001
продвижении 0.001 1.699 0.002
сил 0.001 1.046 0.001
сталинизм 0.001 2.0 0.002
государственных 0.001 1.0 0.001
вечерняя 0.001 0.066 0.0
обеспечили 0.001 2.0 0.002
целиком 0.001 1.301 0.001
во-первых 0.001 0.796 0.001
это 0.012 0.066 0.001
the 0.003 0.481 0.001
непредсказуемым 0.001 2.0 0.002
другие 0.001 0.268 0.0
готовы 0.001 0.678 0.001
величии 0.001 2.0 0.002
происходящего 0.001 1.523 0.002
поддержки 0.001 0.066 0.0
реальной 0.001 1.046 0.001
полномасштабный 0.001 2.0 0.002
акторами 0.001 2.0 0.002
болезненные 0.001 1.699 0.002
помощь 0.003 0.097 0.0
израиль 0.001 1.097 0.001
собственную 0.001 1.398 0.001
географию 0.001 2.0 0.002
читателей 0.001 0.658 0.001
притворяется 0.001 2.0 0.002
тему 0.003 0.959 0.003
договор 0.001 1.222 0.001
стал 0.001 0.658 0.001
работаем 0.003 0.161 0.0
исключительности 0.001 2.0 0.002
советского 0.001 1.301 0.001
комплексом 0.001 2.0 0.002
запада 0.003 1.301 0.004
негражданское 0.004 2.0 0.008
сдерживания 0.001 1.699 0.002
итоге 0.001 0.62 0.001
страну 0.001 0.796 0.001
сунь 0.001 2.0 0.002
действия 0.001 0.721 0.001
стороне 0.001 1.046 0.001
вооруженные 0.001 1.398 0.001
независимое 0.001 0.721 0.001
технологическую 0.001 2.0 0.002
котором 0.001 0.495 0.0
представителям 0.001 2.0 0.002
методично 0.001 2.0 0.002
24/7 0.001 0.102 0.0
android 0.001 0.066 0.0
english 0.001 0.06 0.0
ценности 0.001 1.523 0.002
выступать 0.001 1.398 0.001
миршаймеру 0.001 2.0 0.002
культурой 0.001 1.398 0.001
путина 0.006 0.721 0.004
нато 0.003 0.959 0.003
пересказывает 0.001 1.301 0.001
подключиться 0.001 1.523 0.002
поддержка 0.001 0.167 0.0
нужна 0.006 0.092 0.001
такого 0.001 0.509 0.001
марта 0.003 0.319 0.001
консолидированный 0.001 2.0 0.002
позволить 0.001 1.222 0.001
можете 0.001 0.699 0.001
оказалось 0.001 0.824 0.001
мере 0.001 0.569 0.001
афганистане 0.001 2.0 0.002
всем 0.001 0.252 0.0
оно 0.003 0.444 0.001
весна 0.001 1.523 0.002
каждым 0.001 0.854 0.001
связаться 0.001 0.066 0.0
требования 0.001 0.066 0.0
золотой 0.001 1.699 0.002
информации 0.004 0.102 0.0
вполне 0.001 0.699 0.001
изданы 0.001 2.0 0.002
большим 0.001 1.046 0.001
успешной 0.001 1.699 0.002
пути 0.001 1.0 0.001
главными 0.001 2.0 0.002
силы 0.001 0.796 0.001
могла 0.001 0.886 0.001
обратимся 0.001 1.699 0.002
олигархи 0.001 1.301 0.001
путинская 0.001 2.0 0.002
осуществить 0.001 1.699 0.002
медузе 0.003 0.066 0.0
запад 0.003 1.523 0.005
марионеточное 0.001 2.0 0.002
танки 0.001 1.046 0.001
поддержку 0.001 0.921 0.001
распад 0.001 1.523 0.002
точно 0.001 0.481 0.0
facebook 0.001 0.0 0.0
медузу 0.003 0.066 0.0
обработки 0.001 0.066 0.0
книги 0.003 1.097 0.003
сделает 0.001 1.699 0.002
останавливают 0.001 2.0 0.002
россия 0.009 0.398 0.004
массовой 0.001 0.097 0.0
знаем 0.003 0.585 0.002
отпор 0.001 2.0 0.002
имею 0.003 1.523 0.005
автократиям 0.001 2.0 0.002
главная 0.003 0.796 0.002
воинственной 0.001 1.699 0.002
шагом 0.001 1.523 0.002
scanpix 0.001 0.301 0.0
возможностями 0.001 1.699 0.002
оказывается 0.001 0.886 0.001
обмен 0.001 1.301 0.001
спасибоgiphyза 0.001 0.066 0.0
показывать 0.001 0.066 0.0
относился 0.001 2.0 0.002
сбросить 0.001 1.699 0.002
сюрпризом 0.001 2.0 0.002
мировой 0.001 0.886 0.001
twitter 0.001 0.0 0.0
реализма 0.001 2.0 0.002
моста 0.001 1.523 0.002
пожалуйста 0.001 0.102 0.0
переросло 0.001 2.0 0.002
академических 0.001 2.0 0.002
пример 0.001 0.824 0.001
держится 0.001 1.155 0.001
основные 0.001 1.222 0.001
платформы 0.003 0.066 0.0
можем 0.001 0.62 0.001
удобный 0.001 2.0 0.002
чувствуя 0.001 2.0 0.002
старую 0.001 1.699 0.002
экономикой 0.001 1.155 0.001
отношении 0.001 0.824 0.001
собственной 0.001 1.222 0.001
персональные 0.001 0.066 0.0
станут 0.001 1.046 0.001
конфликт 0.001 1.097 0.001
очень 0.001 0.149 0.0
место 0.001 0.678 0.001
зеленский 0.001 0.959 0.001
которые 0.001 0.119 0.0
путин 0.003 0.658 0.002
вовсе 0.001 0.921 0.001
meduza 0.004 0.0 0.0
кого 0.001 0.509 0.001
говорю 0.001 0.959 0.001
биографии 0.001 1.699 0.002
остается 0.001 0.638 0.001
появилось 0.001 0.854 0.001
агрессивном 0.001 2.0 0.002
помогают 0.001 0.886 0.001
другая 0.001 0.886 0.001
пересказ 0.001 1.398 0.001
год 0.001 0.409 0.0
опыт 0.001 0.886 0.001
входят 0.001 1.301 0.001
свергают 0.001 2.0 0.002
общество 0.004 0.886 0.004
риторика 0.001 1.301 0.001
российским 0.001 0.092 0.0
возможен 0.003 1.398 0.004
пропаганду 0.001 1.155 0.001
которых 0.001 0.237 0.0
невозможно 0.001 0.602 0.001
некого 0.001 1.523 0.002
примерам 0.001 2.0 0.002
путинском 0.001 1.699 0.002
украине 0.007 0.444 0.003
которым 0.001 0.658 0.001
меньшей 0.001 1.046 0.001
реклама 0.003 0.066 0.0
подконтрольного 0.001 2.0 0.002
сталина 0.001 2.0 0.002
интересах 0.003 0.167 0.001
сша 0.003 0.469 0.001
сообщение 0.001 0.102 0.0
основывается 0.001 2.0 0.002
