российские 0.008 0.328 0.003
редакции 0.003 0.066 0.0
рынке 0.001 1.0 0.001
войска 0.004 0.721 0.003
окровавленную 0.001 2.0 0.002
баннерам 0.001 0.066 0.0
действий 0.001 0.699 0.001
авиаудару 0.001 2.0 0.002
осаде 0.004 0.854 0.003
мирных 0.001 0.959 0.001
сама 0.001 0.658 0.001
следующий 0.001 0.796 0.001
действительно 0.001 0.377 0.0
президент 0.001 0.854 0.001
гифки 0.001 0.066 0.0
половиной 0.001 1.523 0.002
узкую 0.001 2.0 0.002
патрона 0.001 2.0 0.002
агента 0.003 0.097 0.0
людей 0.001 0.161 0.0
пропагандистских 0.001 1.222 0.001
говорит 0.003 0.409 0.001
друзьями 0.001 1.222 0.001
совершенно 0.001 0.678 0.001
танковый 0.001 1.699 0.002
главных 0.001 0.678 0.001
тысячи 0.001 0.721 0.001
другую 0.001 0.959 0.001
in 0.001 0.0 0.0
раздроблен 0.001 2.0 0.002
днр 0.003 0.959 0.003
операции 0.001 0.886 0.001
страха 0.001 1.398 0.001
держать 0.001 1.155 0.001
оставлять 0.001 1.301 0.001
войсками 0.003 1.301 0.004
илья 0.001 1.301 0.001
гибель 0.001 1.699 0.002
который 0.001 0.194 0.0
срывалась 0.001 2.0 0.002
анонимно 0.001 0.066 0.0
погибли 0.001 1.046 0.001
головой 0.001 1.523 0.002
кирилла 0.001 1.523 0.002
информацию 0.001 0.62 0.001
захвачен 0.003 1.699 0.005
ваша 0.001 0.102 0.0
чаще 0.001 0.602 0.001
полуторагодовалого 0.001 2.0 0.002
жилые 0.001 1.301 0.001
поле 0.001 1.301 0.001
продуктовых 0.001 1.699 0.002
вторжения 0.001 0.77 0.001
подвергаются 0.001 1.523 0.002
фото 0.001 0.959 0.001
стараются 0.001 1.155 0.001
цель 0.001 1.301 0.001
куки 0.001 0.066 0.0
вскоре 0.001 1.0 0.001
удалось 0.003 0.523 0.002
свидетельства 0.001 1.523 0.002
местный 0.001 1.523 0.002
чувствовала 0.001 1.699 0.002
гражданские 0.003 1.301 0.004
использование 0.001 0.066 0.0
город-порт 0.001 2.0 0.002
произошло 0.001 0.796 0.001
играть 0.001 1.398 0.001
раненый 0.001 2.0 0.002
меняться 0.001 1.398 0.001
наш 0.001 0.699 0.001
порядку 0.001 0.066 0.0
машин 0.001 1.301 0.001
мариуполя 0.008 1.155 0.009
пусть 0.001 0.921 0.001
года 0.001 0.167 0.0
фотографии 0.001 0.638 0.001
жилому 0.001 1.699 0.002
значения 0.001 1.155 0.001
en 0.001 0.066 0.0
мариуполь 0.009 0.824 0.007
проводить 0.001 0.824 0.001
полки 0.001 1.699 0.002
ночью 0.001 1.301 0.001
организовать 0.001 1.155 0.001
эвакуация 0.001 1.699 0.002
самые 0.001 0.602 0.001
перевязанной 0.001 2.0 0.002
украина 0.001 0.699 0.001
умирают 0.001 1.398 0.001
дней 0.001 0.337 0.0
распространено 0.001 0.102 0.0
военной 0.001 0.921 0.001
ios 0.001 0.066 0.0
сухопутный 0.001 2.0 0.002
затем 0.001 0.678 0.001
транслируют 0.001 1.699 0.002
легковых 0.001 1.699 0.002
окраине 0.001 1.222 0.001
опасно 0.001 0.921 0.001
будут 0.003 0.301 0.001
российской 0.001 0.432 0.0
коридоры 0.001 1.301 0.001
анна 0.001 1.097 0.001
крыма 0.001 1.0 0.001
несколько 0.001 0.201 0.0
отключены 0.001 2.0 0.002
мертвым 0.001 1.523 0.002
прямо 0.003 0.357 0.001
пришелся 0.001 2.0 0.002
наспех 0.001 2.0 0.002
пропитания 0.001 2.0 0.002
безуспешно 0.001 1.398 0.001
могут 0.003 0.187 0.001
траншею 0.001 2.0 0.002
происходящем 0.001 1.301 0.001
день 0.001 0.328 0.0
лица 0.001 0.824 0.001
владимир 0.003 0.62 0.002
заявляя 0.001 2.0 0.002
свидетелями 0.001 1.699 0.002
просят 0.001 1.523 0.002
ранением 0.001 2.0 0.002
порт 0.001 1.699 0.002
пока 0.004 0.208 0.001
сотрудничающие 0.001 2.0 0.002
история 0.001 0.745 0.001
высоты 0.001 1.699 0.002
готовят 0.001 1.523 0.002
вырытую 0.001 2.0 0.002
мариуполе 0.011 0.824 0.009
пошел 0.001 1.097 0.001
мстислав 0.001 2.0 0.002
бьюти-блогер 0.001 2.0 0.002
спустя 0.001 0.886 0.001
обстреле 0.001 1.301 0.001
вообще 0.001 0.066 0.0
кварталы 0.001 1.523 0.002
осаждают 0.001 1.699 0.002
фиксировать 0.001 1.523 0.002
роддом 0.004 1.398 0.006
объясняет 0.001 0.658 0.001
дни 0.001 0.721 0.001
разжиться 0.001 2.0 0.002
пророссийские 0.001 1.699 0.002
выбираются 0.001 2.0 0.002
постановкой 0.001 1.699 0.002
паники 0.004 1.523 0.006
морозе 0.001 2.0 0.002
слишком 0.003 0.553 0.002
школы 0.001 0.886 0.001
неужели 0.001 1.155 0.001
городскую 0.001 2.0 0.002
братскую 0.001 2.0 0.002
пижаме 0.003 2.0 0.006
городе 0.007 0.678 0.005
детскую 0.001 1.699 0.002
ежедневным 0.001 2.0 0.002
наружу 0.001 1.699 0.002
нашли 0.001 0.066 0.0
связи 0.003 0.0 0.0
тотальной 0.001 2.0 0.002
ребенок 0.001 1.222 0.001
разбомбленного 0.001 2.0 0.002
медуза 0.004 0.066 0.0
одного 0.001 0.432 0.0
обстрелам 0.004 1.301 0.005
единственное 0.001 1.301 0.001
нам 0.004 0.086 0.0
армии 0.001 0.886 0.001
центр 0.001 0.77 0.001
стирают 0.001 1.301 0.001
этому 0.003 0.432 0.001
родила 0.001 2.0 0.002
властей 0.001 0.824 0.001
такую 0.001 0.824 0.001
стало 0.001 0.481 0.0
плачущих 0.003 1.301 0.004
бомбят 0.003 1.0 0.003
подверглись 0.001 2.0 0.002
юридическим 0.001 0.102 0.0
город 0.012 0.699 0.008
дому 0.001 2.0 0.002
авиаударам 0.001 2.0 0.002
убежищах 0.001 1.699 0.002
уехали 0.001 1.222 0.001
военные 0.001 0.796 0.001
материалам 0.001 0.066 0.0
срочно 0.001 0.167 0.0
выбраться 0.001 1.0 0.001
гуманитарную 0.001 1.523 0.002
бомбила 0.001 1.699 0.002
украинская 0.001 1.046 0.001
покажите 0.003 1.301 0.004
городов 0.001 0.796 0.001
беременными 0.001 1.699 0.002
картину 0.001 1.0 0.001
оторвало 0.001 2.0 0.002
жертвах 0.001 2.0 0.002
стали 0.007 0.42 0.003
самых 0.001 0.62 0.001
заявил 0.001 0.658 0.001
выругался 0.001 2.0 0.002
сергей 0.001 0.886 0.001
иностранным 0.001 0.097 0.0
радио 0.001 1.222 0.001
снимал 0.001 2.0 0.002
лнр 0.001 1.0 0.001
горошек 0.001 2.0 0.002
головы 0.001 1.301 0.001
повезло 0.001 0.921 0.001
случаи 0.001 0.721 0.001
несли 0.001 1.523 0.002
например 0.001 0.229 0.0
складывают 0.001 2.0 0.002
своих 0.001 0.398 0.0
привезли 0.003 1.398 0.004
происходящему 0.001 1.523 0.002
выездные 0.001 2.0 0.002
пустеют 0.001 2.0 0.002
азовским 0.001 2.0 0.002
ctrl+enter 0.001 0.066 0.0
февраля 0.003 0.387 0.001
безопасно 0.001 0.066 0.0
драматического 0.001 1.699 0.002
новостиисторииразборшапитокоронавирусмагаз 0.001 0.066 0.0
позже 0.001 0.886 0.001
мирные 0.001 1.097 0.001
рф 0.003 0.745 0.002
окровавленной 0.001 2.0 0.002
youtube 0.001 0.06 0.0
магазинов 0.001 1.222 0.001
чернов 0.001 2.0 0.002
создано 0.001 0.097 0.0
жительница 0.001 1.699 0.002
дипломаты 0.001 1.523 0.002
врачи 0.001 0.886 0.001
камеру 0.001 1.523 0.002
возможных 0.001 1.097 0.001
подсчетам 0.001 1.523 0.002
сепаратисты 0.001 1.699 0.002
оказался 0.001 0.886 0.001
поддержите 0.001 0.102 0.0
мародерства 0.001 1.699 0.002
массированных 0.001 2.0 0.002
украины 0.004 0.569 0.002
которого 0.001 0.585 0.001
использовали 0.001 1.046 0.001
думаю 0.001 0.721 0.001
получать 0.001 1.097 0.001
обеспечить 0.001 1.097 0.001
associated 0.004 1.155 0.005
средством 0.001 0.102 0.0
жесткой 0.001 1.699 0.002
воды 0.004 0.745 0.003
выполняющим 0.003 0.097 0.0
агентством 0.001 1.523 0.002
году 0.003 0.367 0.001
марианна 0.001 2.0 0.002
ошибку 0.001 0.066 0.0
обстрела 0.001 1.155 0.001
затеяли 0.001 2.0 0.002
четкий 0.001 1.398 0.001
морем 0.001 2.0 0.002
добыть 0.001 1.699 0.002
впервые 0.001 0.824 0.001
свидетельству 0.001 2.0 0.002
прокляты 0.001 2.0 0.002
пытались 0.003 1.046 0.003
нептун 0.001 2.0 0.002
оторвано 0.001 2.0 0.002
составляет 0.001 0.921 0.001
продуктов 0.001 1.097 0.001
данные 0.001 0.066 0.0
кадры 0.001 1.699 0.002
бомбить 0.001 1.222 0.001
осколочным 0.001 2.0 0.002
местном 0.001 1.523 0.002
общую 0.001 1.301 0.001
полета 0.001 1.523 0.002
больницу 0.005 1.097 0.005
контроль 0.001 1.0 0.001
выматывающую 0.001 2.0 0.002
данным 0.001 0.444 0.0
захватывали 0.001 2.0 0.002
отец 0.001 1.222 0.001
нажмите 0.001 0.066 0.0
корреспонденту 0.001 1.398 0.001
публиковали 0.001 2.0 0.002
16-летний 0.001 2.0 0.002
население 0.003 0.959 0.003
сжигая 0.001 2.0 0.002
поскорее 0.001 1.523 0.002
продолжает 0.001 0.658 0.001
числе 0.001 0.31 0.0
противоположную 0.001 2.0 0.002
бассейна 0.001 2.0 0.002
иностранного 0.003 0.102 0.0
области 0.001 0.602 0.001
человек 0.001 0.215 0.0
сирии 0.001 1.699 0.002
материал 0.001 0.086 0.0
защищать 0.001 0.854 0.001
захватить 0.001 1.222 0.001
сообщалось 0.001 1.155 0.001
maloletka 0.004 1.301 0.005
обстрел 0.001 1.046 0.001
дом 0.001 0.824 0.001
– 0.001 0.06 0.0
постоянных 0.001 1.699 0.002
жителей 0.004 0.569 0.002
тепла 0.001 1.301 0.001
время 0.001 0.102 0.0
подвергся 0.001 1.699 0.002
leta 0.004 0.301 0.001
шестилетнюю 0.001 2.0 0.002
нами 0.001 0.066 0.0
стала 0.001 0.569 0.001
российская 0.003 0.658 0.002
выглядит 0.001 0.62 0.001
юге 0.001 1.398 0.001
полчаса 0.001 1.301 0.001
футбол 0.001 2.0 0.002
рекламаmeduza 0.001 0.066 0.0
издеваться 0.001 1.699 0.002
мебели 0.001 1.699 0.002
бедро 0.001 2.0 0.002
лицом 0.001 0.102 0.0
рабочие 0.001 1.301 0.001
остатки 0.001 1.398 0.001
умерла 0.001 1.097 0.001
рабочий 0.001 1.523 0.002
функции 0.003 0.097 0.0
похоронить 0.001 1.699 0.002
ребенка 0.004 0.824 0.003
фотограф 0.001 1.699 0.002
тысяч 0.005 0.337 0.002
постоянно 0.003 0.62 0.002
четырех 0.001 1.046 0.001
днем 0.001 0.886 0.001
известно 0.003 0.481 0.001
растапливают 0.001 2.0 0.002
греются 0.001 1.699 0.002
рядом 0.001 0.854 0.001
быстро 0.001 0.495 0.0
хоронят 0.001 1.155 0.001
обстреливать 0.003 1.155 0.003
боевых 0.001 1.0 0.001
власть 0.001 0.959 0.001
российскими 0.003 0.854 0.003
перейти 0.001 0.066 0.0
электричества 0.003 1.0 0.003
птичьего 0.001 1.523 0.002
поддержать 0.001 0.066 0.0
источник 0.001 0.174 0.0
путинскому 0.003 1.301 0.004
наскоро 0.001 2.0 0.002
кодекс 0.001 0.066 0.0
разбираем 0.001 1.097 0.001
хочу 0.001 0.137 0.0
договориться 0.001 1.523 0.002
также 0.001 0.237 0.0
могилах 0.001 1.155 0.001
таз 0.001 2.0 0.002
качестве 0.001 0.678 0.001
заблокирован 0.001 1.523 0.002
находились 0.001 1.222 0.001
подгурская 0.001 2.0 0.002
везли 0.001 2.0 0.002
люди 0.005 0.276 0.001
ноги 0.001 1.222 0.001
подвергаться 0.001 2.0 0.002
данное 0.001 0.097 0.0
массированным 0.001 2.0 0.002
ближайшие 0.001 1.097 0.001
сотни 0.001 1.0 0.001
сфальсифицировала 0.001 1.301 0.001
доставляют 0.001 1.523 0.002
будем 0.001 0.886 0.001
важнейший 0.001 2.0 0.002
коридор 0.001 1.097 0.001
разлетелись 0.001 1.523 0.002
базы 0.001 1.222 0.001
символами 0.001 2.0 0.002
правила 0.001 0.066 0.0
резко 0.001 0.854 0.001
вконтакте 0.001 0.066 0.0
ста 0.001 1.398 0.001
освободила 0.001 2.0 0.002
ар 0.004 2.0 0.008
live 0.001 0.022 0.0
жители 0.004 0.745 0.003
выходы 0.001 2.0 0.002
покинули 0.001 1.222 0.001
блог 0.001 0.066 0.0
детей 0.001 0.523 0.001
инстаграм 0.001 0.066 0.0
© 0.001 0.0 0.0
снимки 0.001 1.523 0.002
выделите 0.001 0.066 0.0
власти 0.004 0.387 0.002
ситуация 0.001 0.569 0.001
нескольких 0.001 0.699 0.001
закончилось 0.001 1.301 0.001
смертей 0.003 0.959 0.003
тела 0.003 1.0 0.003
практически 0.001 0.602 0.001
недели 0.001 0.42 0.0
meduzacare 0.001 0.066 0.0
питания 0.001 1.301 0.001
попало 0.001 1.097 0.001
женщин 0.001 1.155 0.001
взрывом 0.001 1.699 0.002
носилках 0.001 2.0 0.002
разбомбили 0.001 1.523 0.002
говорила 0.001 1.222 0.001
кнопка 0.001 0.066 0.0
врачам 0.001 1.523 0.002
армия 0.003 0.959 0.003
еды 0.001 1.097 0.001
приходилось 0.001 1.301 0.001
вечерняя 0.001 0.066 0.0
умер 0.001 1.046 0.001
придавать 0.001 2.0 0.002
это 0.005 0.066 0.0
еду 0.001 0.886 0.001
другие 0.001 0.268 0.0
press 0.004 0.824 0.003
смогут 0.001 0.745 0.001
поддержки 0.001 0.066 0.0
некуда 0.001 1.301 0.001
националистами 0.001 1.699 0.002
двумя 0.001 0.678 0.001
помощь 0.003 0.097 0.0
ефимова 0.001 2.0 0.002
женщина 0.001 1.222 0.001
металлургический 0.001 2.0 0.002
давно 0.001 0.77 0.001
первые 0.001 0.585 0.001
самим 0.001 1.0 0.001
спасти 0.001 1.155 0.001
мифов 0.001 1.301 0.001
двух 0.001 0.377 0.0
неоднократно 0.001 1.398 0.001
войны 0.004 0.42 0.002
больнице 0.001 0.886 0.001
крутят 0.001 2.0 0.002
чечне 0.001 2.0 0.002
большого 0.001 1.155 0.001
около 0.003 0.432 0.001
убейте 0.001 2.0 0.002
орлов 0.001 1.699 0.002
пытаются 0.001 0.745 0.001
братских 0.001 1.155 0.001
одну 0.001 0.77 0.001
android 0.001 0.066 0.0
english 0.001 0.06 0.0
могилу 0.001 2.0 0.002
фейком 0.003 1.523 0.005
новости 0.003 0.481 0.001
evgeniy 0.004 1.301 0.005
обстрелов 0.001 1.301 0.001
пересказывает 0.001 1.301 0.001
бомбоубежищах 0.001 1.155 0.001
нужна 0.001 0.092 0.0
автомобильных 0.001 2.0 0.002
марта 0.011 0.319 0.004
города 0.003 0.638 0.002
журналисты 0.001 0.886 0.001
стратегически 0.001 1.301 0.001
похороны 0.001 2.0 0.002
аргументы 0.001 0.77 0.001
журналистов 0.003 1.046 0.003
использоваться 0.001 1.523 0.002
утверждают 0.001 1.398 0.001
объекты 0.003 1.155 0.003
врачей 0.004 0.745 0.003
выдержал 0.001 2.0 0.002
приходом 0.001 1.398 0.001
здание 0.001 1.097 0.001
сделал 0.001 0.854 0.001
специальной 0.001 1.222 0.001
называли 0.003 1.699 0.005
те 0.001 0.357 0.0
глаза 0.003 0.886 0.003
требования 0.001 0.066 0.0
связаться 0.001 0.066 0.0
евгений 0.003 1.222 0.004
роддома 0.003 1.155 0.003
происходит 0.001 0.387 0.0
мэра 0.001 1.097 0.001
задокументировали 0.001 2.0 0.002
информации 0.001 0.102 0.0
минобороны 0.003 1.046 0.003
бомбит 0.001 1.155 0.001
приказ 0.001 1.398 0.001
эвакуации 0.001 1.398 0.001
россиян 0.001 0.62 0.001
важно 0.001 0.509 0.001
попасть 0.001 0.921 0.001
малолетка 0.003 2.0 0.006
прячутся 0.001 1.523 0.002
телевидение 0.001 2.0 0.002
трупы 0.001 1.398 0.001
женщины 0.001 1.046 0.001
бежать 0.003 0.959 0.003
творится 0.001 2.0 0.002
женщинами 0.001 1.699 0.002
подземных 0.001 2.0 0.002
самого 0.001 0.77 0.001
медузе 0.003 0.066 0.0
репортаж 0.004 0.699 0.003
дороги 0.001 1.398 0.001
реанимировать 0.001 2.0 0.002
кричала 0.001 2.0 0.002
facebook 0.001 0.0 0.0
медузу 0.003 0.066 0.0
родители 0.001 1.097 0.001
обработки 0.001 0.066 0.0
причастность 0.001 1.699 0.002
девочку 0.003 1.699 0.005
последнего 0.001 1.046 0.001
россия 0.001 0.398 0.0
жителям 0.001 1.398 0.001
возле 0.001 1.097 0.001
дальнейшего 0.001 1.523 0.002
массовой 0.001 0.097 0.0
чувствую 0.001 1.523 0.002
нику 0.001 2.0 0.002
воду 0.001 1.097 0.001
земли 0.001 0.959 0.001
главная 0.001 0.796 0.001
тактику 0.001 1.523 0.002
scanpix 0.004 0.301 0.001
лекарств 0.001 0.824 0.001
скрываться 0.001 2.0 0.002
спасибоgiphyза 0.001 0.066 0.0
показывать 0.001 0.066 0.0
сбросить 0.001 1.699 0.002
twitter 0.001 0.0 0.0
отрицает 0.003 1.398 0.004
улице 0.001 0.886 0.001
стереосистем 0.001 2.0 0.002
пожалуйста 0.001 0.102 0.0
всему 0.001 0.699 0.001
платформы 0.003 0.066 0.0
миру 0.001 0.796 0.001
обстреливаются 0.001 2.0 0.002
родных 0.001 1.222 0.001
обе 0.001 1.097 0.001
донецкой 0.001 1.301 0.001
персональные 0.001 0.066 0.0
заместитель 0.001 1.301 0.001
зеленский 0.001 0.959 0.001
которые 0.004 0.119 0.0
имя 0.001 1.046 0.001
ранее 0.001 0.62 0.001
meduza 0.003 0.0 0.0
удар 0.001 0.886 0.001
одна 0.001 0.42 0.0
детских 0.001 1.222 0.001
снег 0.001 1.699 0.002
пострадавших 0.001 1.155 0.001
другая 0.001 0.886 0.001
театра 0.001 1.398 0.001
укрывались 0.001 1.523 0.002
вначале 0.001 1.699 0.002
держат 0.001 1.523 0.002
российским 0.001 0.092 0.0
захватят 0.001 1.699 0.002
спойлер 0.001 0.796 0.001
минометных 0.001 1.222 0.001
родился 0.001 1.301 0.001
гуманитарные 0.001 1.699 0.002
осажденного 0.001 2.0 0.002
реклама 0.003 0.066 0.0
из-за 0.003 0.229 0.001
быковский 0.001 2.0 0.002
снаряда 0.001 1.046 0.001
начала 0.001 0.398 0.0
быстрее 0.001 0.886 0.001
местных 0.001 1.097 0.001
ap 0.004 0.854 0.003
сообщение 0.001 0.102 0.0
корреспондент 0.003 1.301 0.004
заложниках 0.001 1.523 0.002
заминированы 0.003 1.523 0.005
