числа 0.002 0.745 0.001
оценивается 0.001 1.699 0.002
легкому 0.0 1.699 0.0
какую-то 0.0 1.097 0.0
редакции 0.001 0.066 0.0
наблюдаемое 0.0 2.0 0.0
великобританией 0.0 1.699 0.0
первыелабораторные 0.0 2.0 0.0
небольшой 0.001 1.046 0.001
прививок 0.0 0.824 0.0
долгосрочным 0.0 2.0 0.0
цепочки 0.0 1.222 0.0
численно 0.0 1.699 0.0
получивших 0.0 1.097 0.0
баннерам 0.0 0.066 0.0
страна 0.0 0.796 0.0
следующий 0.0 0.796 0.0
значит 0.001 0.444 0.0
каждая 0.0 1.398 0.0
конечным 0.0 2.0 0.0
действительно 0.002 0.377 0.001
россии 0.0 0.119 0.0
ближе 0.0 1.046 0.0
натуральный 0.0 1.699 0.0
считают 0.0 0.721 0.0
гифки 0.0 0.066 0.0
инфекции 0.002 0.77 0.002
отмечаются 0.0 2.0 0.0
зависит 0.003 0.638 0.002
намного 0.0 0.959 0.0
агента 0.001 0.097 0.0
людей 0.003 0.161 0.0
омикрона 0.007 0.921 0.006
предположить 0.0 0.959 0.0
полное 0.0 1.301 0.0
заражений 0.012 1.097 0.013
заражают 0.0 1.699 0.0
порогу 0.0 1.699 0.0
отдельно 0.0 1.097 0.0
масштабы 0.0 1.699 0.0
естественного 0.0 1.398 0.0
эффективное 0.0 1.699 0.0
говорит 0.0 0.409 0.0
прервалась 0.0 1.699 0.0
учетом 0.0 0.921 0.0
кроме 0.0 0.387 0.0
способности 0.0 1.046 0.0
ближневосточной 0.0 2.0 0.0
восприятия 0.0 1.699 0.0
нейтрализации 0.0 1.222 0.0
преимущества 0.0 1.523 0.0
прекратились 0.0 2.0 0.0
in 0.0 0.0 0.0
обеспечивает 0.001 1.097 0.001
крайне 0.0 0.721 0.0
тяжелых 0.001 0.921 0.001
велика 0.001 1.301 0.001
масштаба 0.0 1.699 0.0
причем 0.0 0.62 0.0
потребуются 0.0 1.523 0.0
способы 0.0 1.222 0.0
преимуществе 0.0 2.0 0.0
необходимые 0.0 0.959 0.0
единственным 0.0 1.398 0.0
природного 0.0 1.398 0.0
обретение 0.0 2.0 0.0
настолько 0.0 0.886 0.0
доле 0.0 1.222 0.0
эффективности 0.002 0.678 0.001
полного 0.0 1.222 0.0
распостранения 0.0 2.0 0.0
системы 0.0 0.585 0.0
накопления 0.0 1.398 0.0
заразного 0.001 1.699 0.002
показали 0.0 1.0 0.0
избавление 0.0 2.0 0.0
единицы 0.0 2.0 0.0
нынешняя 0.0 1.398 0.0
таких 0.001 0.347 0.0
разными 0.0 0.824 0.0
месяцы 0.002 1.155 0.002
изменения 0.001 1.097 0.001
трудно 0.0 0.824 0.0
переболевших 0.002 0.886 0.002
который 0.0 0.194 0.0
процесса 0.0 1.222 0.0
предсказать 0.0 1.301 0.0
использовании 0.0 1.222 0.0
любых 0.001 1.046 0.001
ясны 0.0 1.699 0.0
структура 0.001 1.301 0.001
риск 0.001 0.538 0.001
нуля 0.0 1.222 0.0
второй 0.0 0.42 0.0
конца 0.0 0.77 0.0
оценкам 0.0 1.398 0.0
неизвестных 0.0 2.0 0.0
анонимно 0.0 0.066 0.0
ожидавшийся 0.0 2.0 0.0
вспышек 0.001 1.523 0.002
просто 0.001 0.194 0.0
южная 0.0 1.523 0.0
летальности 0.001 1.699 0.002
60-66 0.0 2.0 0.0
ваша 0.001 0.102 0.0
завершению 0.0 2.0 0.0
вызывать 0.0 0.921 0.0
прививку 0.0 0.77 0.0
platt 0.0 2.0 0.0
оценке 0.0 1.222 0.0
распространение 0.002 0.854 0.002
изначально 0.0 0.959 0.0
шансы 0.0 0.959 0.0
мир 0.0 0.553 0.0
вакцинированных 0.001 0.678 0.001
слагаемых 0.0 1.699 0.0
высокой 0.002 0.959 0.002
умеренной 0.0 2.0 0.0
высоким 0.0 1.046 0.0
цель 0.0 1.301 0.0
появления 0.0 0.854 0.0
труднее 0.0 0.721 0.0
заболевания 0.002 0.62 0.001
иммунных 0.0 1.301 0.0
месячная 0.0 2.0 0.0
увеличении 0.0 1.699 0.0
читателейнам 0.0 0.174 0.0
сразу 0.0 0.553 0.0
куки 0.0 0.066 0.0
уход 0.002 1.523 0.003
смертоносными 0.0 2.0 0.0
беспокоиться 0.0 1.699 0.0
убывания 0.0 2.0 0.0
страны 0.001 0.444 0.0
заболевание 0.001 0.854 0.001
83-85 0.0 2.0 0.0
недавно 0.0 0.62 0.0
процессов 0.0 1.523 0.0
вскоре 0.0 1.0 0.0
исследованных 0.0 1.398 0.0
вклад 0.001 1.398 0.001
свидетельства 0.0 1.523 0.0
r0 0.003 2.0 0.006
общая 0.001 1.155 0.001
использование 0.0 0.066 0.0
вызвана 0.0 2.0 0.0
возможные 0.0 1.222 0.0
сохранится 0.0 2.0 0.0
произошло 0.0 0.796 0.0
лета 0.0 2.0 0.0
важный 0.0 1.222 0.0
распространяться 0.0 1.222 0.0
популяции 0.001 1.097 0.001
небольшом 0.0 1.155 0.0
в-третьих 0.0 1.301 0.0
смертность 0.0 1.301 0.0
разнонаправленных 0.0 2.0 0.0
кажется 0.001 0.469 0.0
порядку 0.0 0.066 0.0
высоту 0.0 2.0 0.0
заражением 0.001 1.301 0.001
сколько-нибудь 0.0 2.0 0.0
заражать 0.0 1.523 0.0
пусть 0.0 0.921 0.0
сохранятся 0.0 1.699 0.0
периодически 0.0 1.046 0.0
странами 0.0 1.046 0.0
года 0.001 0.167 0.0
способах 0.0 2.0 0.0
ершов 0.0 0.796 0.0
сочетание 0.0 1.301 0.0
почитать 0.0 1.699 0.0
остановить 0.001 0.638 0.001
en 0.0 0.066 0.0
окончание 0.0 1.523 0.0
преодолевает 0.0 2.0 0.0
называются 0.0 1.155 0.0
значения 0.0 1.155 0.0
юар 0.005 1.222 0.006
взрывной 0.0 2.0 0.0
необходимо 0.0 0.585 0.0
хуже 0.001 0.699 0.001
консервативной 0.0 2.0 0.0
разница 0.0 0.886 0.0
доступные 0.0 1.523 0.0
самые 0.0 0.602 0.0
очередной 0.0 1.097 0.0
продолжительности 0.0 2.0 0.0
сочетании 0.0 1.398 0.0
заражении 0.002 1.398 0.003
сожалению 0.0 0.569 0.0
нынешнюю 0.0 1.523 0.0
дней 0.0 0.337 0.0
распространено 0.0 0.102 0.0
конечная 0.0 1.699 0.0
насколько 0.001 0.42 0.0
существенно 0.0 0.721 0.0
неизвестны 0.0 1.699 0.0
сколько 0.0 0.585 0.0
ios 0.0 0.066 0.0
источника 0.0 1.097 0.0
учеными 0.0 1.222 0.0
цепочек 0.0 2.0 0.0
далекое 0.0 1.699 0.0
летального 0.001 1.699 0.002
поменяться 0.0 1.699 0.0
будут 0.003 0.301 0.001
заразности 0.002 1.523 0.003
темпах 0.0 1.523 0.0
уничтожить 0.001 1.301 0.001
осенью 0.0 1.046 0.0
вероятен 0.0 2.0 0.0
умирает 0.001 2.0 0.002
тяжести 0.001 1.155 0.001
заражает 0.001 1.699 0.002
вытеснения 0.0 2.0 0.0
несколько 0.001 0.201 0.0
xxi 0.0 1.523 0.0
больший 0.0 1.398 0.0
среднем 0.001 0.886 0.001
разным 0.001 1.097 0.001
общее 0.0 1.046 0.0
вируса 0.008 0.721 0.006
сопровождаться 0.0 1.699 0.0
будущему 0.0 1.699 0.0
группах 0.0 1.0 0.0
большое 0.0 0.854 0.0
параметра 0.0 1.523 0.0
отрывочные 0.0 2.0 0.0
картине 0.0 1.699 0.0
крайней 0.002 0.721 0.001
условии 0.0 1.699 0.0
основном 0.001 0.553 0.001
могут 0.001 0.187 0.0
годах 0.0 1.155 0.0
коллективному 0.0 1.699 0.0
должно 0.001 0.658 0.001
реинфекции 0.0 2.0 0.0
выработалась 0.0 2.0 0.0
частности 0.0 0.678 0.0
медузы 0.0 0.268 0.0
полностью 0.002 0.538 0.001
эволюции 0.001 1.398 0.001
раза 0.002 0.602 0.001
деталей 0.001 1.699 0.002
прогноз 0.0 1.301 0.0
этих 0.002 0.337 0.001
получит 0.0 1.523 0.0
коронавирус 0.002 0.854 0.002
коронавируса 0.001 0.509 0.001
нулю 0.0 1.699 0.0
пока 0.007 0.208 0.001
долго 0.0 0.745 0.0
история 0.0 0.745 0.0
показывает 0.001 0.854 0.001
закончатся 0.0 2.0 0.0
изначального 0.001 1.523 0.002
работать 0.0 0.409 0.0
далее 0.0 0.959 0.0
срок 0.0 1.046 0.0
вариантам 0.0 1.523 0.0
столь 0.0 1.046 0.0
свойство 0.0 2.0 0.0
свойств 0.0 1.699 0.0
векторных 0.0 1.301 0.0
легким 0.0 1.699 0.0
обстоятельствах 0.001 1.699 0.002
вообще 0.001 0.066 0.0
выросла 0.0 1.523 0.0
основании 0.0 0.854 0.0
ухода 0.0 1.523 0.0
лишь 0.003 0.481 0.001
надежда 0.0 1.155 0.0
вирусам 0.0 1.699 0.0
лабораторным 0.0 1.699 0.0
нового 0.002 0.638 0.001
по-видимому 0.0 0.959 0.0
кончится 0.0 1.699 0.0
момент 0.001 0.481 0.0
болезнь 0.0 1.155 0.0
обходит 0.0 2.0 0.0
эпидемии 0.005 1.097 0.005
значительной 0.0 1.155 0.0
жесткие 0.0 1.222 0.0
слишком 0.001 0.553 0.001
ухани 0.0 1.699 0.0
изменится 0.0 1.523 0.0
передача 0.0 1.699 0.0
утверждать 0.0 1.155 0.0
пандемия 0.0 1.097 0.0
степени 0.001 0.721 0.001
пцр-тестов 0.0 1.699 0.0
способность 0.001 0.959 0.001
неизвестно 0.0 0.77 0.0
безо 0.0 2.0 0.0
получен 0.0 1.699 0.0
вирусом 0.002 0.921 0.002
иммунитета 0.016 0.886 0.014
временем 0.001 0.921 0.001
превышать 0.0 2.0 0.0
предыдущих 0.0 1.398 0.0
нашли 0.0 0.066 0.0
перехода 0.003 1.699 0.005
связи 0.0 0.0 0.0
остановки 0.0 2.0 0.0
долей 0.0 1.097 0.0
коронавирусы 0.0 1.699 0.0
повышенной 0.002 1.398 0.003
накопленного 0.0 2.0 0.0
новая 0.0 0.678 0.0
медуза 0.001 0.066 0.0
новому 0.0 1.301 0.0
требуется 0.001 0.959 0.001
дельты 0.004 1.097 0.004
месяцев 0.001 0.602 0.001
вирусы 0.003 1.301 0.004
нам 0.001 0.086 0.0
наблюдающаяся 0.0 2.0 0.0
сообщество 0.0 1.398 0.0
согласно 0.001 0.745 0.001
помочь 0.0 0.131 0.0
возрастных 0.0 1.398 0.0
равновесии 0.0 1.699 0.0
следующего 0.0 2.0 0.0
скорее 0.0 0.509 0.0
последние 0.002 0.456 0.001
доли 0.001 1.398 0.001
значений 0.0 1.155 0.0
сможем 0.001 1.222 0.001
конкретных 0.0 1.523 0.0
д. 0.0 1.0 0.0
различным 0.0 1.699 0.0
мало 0.0 0.538 0.0
продолжительный 0.0 2.0 0.0
приспособление 0.0 2.0 0.0
летальность 0.004 1.523 0.006
разные 0.001 0.721 0.001
естественно 0.0 1.155 0.0
мутаций 0.0 1.222 0.0
приспособиться 0.0 1.699 0.0
причины 0.0 1.046 0.0
повсеместно 0.0 1.699 0.0
высказано 0.0 2.0 0.0
последствиям 0.0 1.699 0.0
юридическим 0.0 0.102 0.0
группе 0.001 0.745 0.001
достигнуть 0.0 1.699 0.0
развилась 0.0 2.0 0.0
images 0.0 0.796 0.0
расти 0.0 1.301 0.0
заразнее 0.002 1.699 0.003
уничтожены 0.0 2.0 0.0
планете 0.0 1.398 0.0
материалам 0.0 0.066 0.0
привести 0.001 1.0 0.001
срочно 0.0 0.167 0.0
мощными 0.0 2.0 0.0
снижения 0.0 1.155 0.0
радикально 0.001 1.301 0.001
0,9-0,97 0.0 2.0 0.0
число 0.001 0.658 0.001
отсутствует 0.0 1.523 0.0
2002-2004 0.0 2.0 0.0
неустранимые 0.0 2.0 0.0
ясно 0.003 0.886 0.003
меньше 0.001 0.444 0.0
случае 0.002 0.357 0.001
выходит 0.0 0.959 0.0
развития 0.002 0.886 0.002
единице 0.001 2.0 0.002
вести 0.0 0.824 0.0
усилия 0.0 1.155 0.0
обстоятельств 0.0 1.301 0.0
пройти 0.0 0.854 0.0
увидеть 0.0 1.097 0.0
данный 0.001 0.824 0.001
вакцинный 0.0 1.523 0.0
факторов 0.0 1.097 0.0
путь 0.002 0.886 0.002
повторных 0.001 1.398 0.001
вышеозначенные 0.0 2.0 0.0
являются 0.0 1.155 0.0
плавный 0.0 2.0 0.0
иностранным 0.0 0.097 0.0
обновляющиеся 0.0 2.0 0.0
эндемическое 0.001 2.0 0.002
mers 0.001 2.0 0.002
0,63-0,8 0.0 2.0 0.0
получится 0.001 1.222 0.001
осложнений 0.0 1.155 0.0
человеческой 0.0 1.523 0.0
нужно 0.002 0.237 0.0
вечерняя 0.0 0.066 0.0
главный 0.0 0.638 0.0
относительно 0.002 0.721 0.001
например 0.002 0.229 0.0
вариантом 0.003 0.921 0.003
момента 0.0 0.886 0.0
течения 0.003 0.921 0.003
геномов 0.0 1.699 0.0
началась 0.0 0.678 0.0
должна 0.001 0.538 0.001
волне 0.0 1.301 0.0
вспышкам 0.001 1.699 0.002
коронавирусом 0.001 0.699 0.001
борьбы 0.0 1.097 0.0
10-15 0.0 1.699 0.0
становится 0.0 0.721 0.0
стойкий 0.001 1.523 0.002
жизни 0.0 0.432 0.0
установить 0.001 1.155 0.001
неточные 0.0 2.0 0.0
инфицированных 0.001 1.222 0.001
6-7 0.0 2.0 0.0
ctrl+enter 0.0 0.066 0.0
вакцинацией 0.0 0.959 0.0
ввести 0.0 1.301 0.0
безопасно 0.0 0.066 0.0
новостиисторииразборшапитокоронавирусмагаз 0.0 0.066 0.0
обычно 0.0 0.523 0.0
рано 0.0 0.921 0.0
переболело 0.0 1.523 0.0
десять 0.0 0.824 0.0
вероятно 0.003 0.699 0.002
продолжится 0.0 1.398 0.0
детали 0.0 1.301 0.0
позволило 0.0 1.222 0.0
youtube 0.0 0.06 0.0
всей 0.0 0.699 0.0
spencer 0.0 2.0 0.0
предположим 0.0 1.699 0.0
вакцинированными 0.001 1.301 0.001
низкой 0.001 1.301 0.001
вариант 0.003 0.796 0.002
сравнимо 0.0 1.699 0.0
создано 0.0 0.097 0.0
путем 0.001 1.301 0.001
пневмонии 0.001 1.398 0.001
консенсус 0.0 2.0 0.0
локдаунов 0.0 1.398 0.0
значительно 0.0 0.959 0.0
мира 0.0 0.824 0.0
уходе 0.0 1.699 0.0
поддержите 0.0 0.102 0.0
соответствует 0.0 1.097 0.0
во-вторых 0.0 0.854 0.0
магистральный 0.0 2.0 0.0
оценках 0.0 2.0 0.0
населения 0.001 0.658 0.001
достаточно 0.001 0.444 0.0
защиту 0.0 1.097 0.0
распространиться 0.0 2.0 0.0
родившихся 0.001 2.0 0.002
вдвое 0.0 1.222 0.0
поэтому 0.001 0.328 0.0
1890-е 0.0 2.0 0.0
средством 0.0 0.102 0.0
выполняющим 0.001 0.097 0.0
возможно 0.002 0.398 0.001
внутри 0.0 0.745 0.0
эффективный 0.0 1.097 0.0
возможность 0.0 0.569 0.0
повышенные 0.0 2.0 0.0
году 0.0 0.367 0.0
омикроне 0.0 1.523 0.0
бремя 0.001 1.699 0.002
преодолевать 0.0 1.699 0.0
атипичной 0.001 1.699 0.002
ошибку 0.0 0.066 0.0
основным 0.0 1.222 0.0
устал 0.0 2.0 0.0
спадут 0.0 2.0 0.0
условно 0.0 1.398 0.0
давления 0.001 1.0 0.001
правильно 0.0 0.824 0.0
лет 0.001 0.252 0.0
приводит 0.0 0.824 0.0
распространения 0.004 0.678 0.003
очередных 0.0 2.0 0.0
преимущество 0.003 2.0 0.006
специальные 0.0 1.523 0.0
невероятным 0.0 2.0 0.0
говорят 0.001 0.432 0.0
скорости 0.002 2.0 0.004
волны 0.001 1.301 0.001
пользу 0.0 0.886 0.0
необходимая 0.0 1.699 0.0
этапу 0.001 1.699 0.002
ускорить 0.0 1.699 0.0
месяц 0.001 0.745 0.001
увеличения 0.0 1.699 0.0
вопрос 0.002 0.42 0.001
фактически 0.0 0.721 0.0
умерших 0.0 1.398 0.0
многократно 0.0 1.523 0.0
штамм 0.0 1.398 0.0
существованию 0.001 1.699 0.002
наиболее 0.0 0.745 0.0
подобие 0.0 1.699 0.0
составляет 0.0 0.921 0.0
данные 0.003 0.066 0.0
дают 0.0 0.721 0.0
оценками 0.0 2.0 0.0
кори 0.001 1.523 0.002
научный 0.0 0.959 0.0
популяциях 0.0 1.523 0.0
стать 0.001 0.699 0.001
успешность 0.0 2.0 0.0
разбор 0.0 0.387 0.0
появление 0.001 0.959 0.001
деле 0.0 0.553 0.0
коронавирусами 0.0 2.0 0.0
минимальных 0.0 1.699 0.0
заразность 0.0 1.699 0.0
растет 0.001 1.155 0.001
передачи 0.0 1.398 0.0
данным 0.001 0.444 0.0
заразностью 0.001 2.0 0.002
нажмите 0.0 0.066 0.0
студенческом 0.0 2.0 0.0
пожизненный 0.0 2.0 0.0
стран 0.0 0.469 0.0
считать 0.0 0.854 0.0
каждом 0.0 1.097 0.0
умереть 0.0 1.301 0.0
эндемическому 0.002 2.0 0.004
принадлежит 0.0 1.301 0.0
rt 0.002 0.824 0.002
некоторых 0.001 0.523 0.001
знание 0.0 1.523 0.0
продолжает 0.0 0.658 0.0
других 0.003 0.26 0.001
числе 0.0 0.31 0.0
частично 0.0 1.301 0.0
новых 0.003 0.678 0.002
обещает 0.0 1.523 0.0
заражаться 0.001 2.0 0.002
вытеснил 0.0 1.699 0.0
зависеть 0.0 1.155 0.0
иностранного 0.001 0.102 0.0
хватает 0.0 1.046 0.0
вырабатывает 0.0 2.0 0.0
сможет 0.0 0.721 0.0
приведенным 0.0 2.0 0.0
человек 0.002 0.215 0.0
александр 0.0 0.538 0.0
материал 0.0 0.086 0.0
эпидемию 0.0 1.523 0.0
поздно 0.0 1.301 0.0
большой 0.0 0.569 0.0
курса 0.0 1.398 0.0
по-разному 0.0 1.222 0.0
целом 0.0 0.585 0.0
подробности 0.0 1.155 0.0
натурального 0.0 2.0 0.0
свойствах 0.0 2.0 0.0
иммунитету 0.0 1.699 0.0
защищать 0.0 0.854 0.0
надежду 0.0 1.301 0.0
увеличивают 0.0 2.0 0.0
кампании 0.001 0.854 0.001
кампаний 0.0 1.699 0.0
таким 0.0 0.658 0.0
рассмотреть 0.0 1.398 0.0
б 0.001 1.523 0.002
судьба 0.0 1.222 0.0
– 0.0 0.06 0.0
новый 0.001 0.658 0.001
всякой 0.0 2.0 0.0
доля 0.005 0.959 0.005
юаромикрон 0.0 2.0 0.0
совместному 0.0 1.699 0.0
время 0.002 0.102 0.0
leta 0.0 0.301 0.0
вспышки 0.004 1.155 0.005
результате 0.002 0.62 0.001
восточной 0.0 1.301 0.0
защита 0.001 1.097 0.001
летальностью 0.0 2.0 0.0
которыми 0.0 0.854 0.0
нами 0.0 0.066 0.0
эндемической 0.0 2.0 0.0
слизистую 0.0 1.699 0.0
sars-1 0.0 1.699 0.0
добавить 0.0 1.523 0.0
ту 0.0 0.921 0.0
старше 0.0 1.0 0.0
дает 0.001 0.796 0.001
массово 0.0 1.097 0.0
hcov-oc43 0.001 2.0 0.002
научное 0.0 2.0 0.0
периодами 0.0 2.0 0.0
выглядит 0.001 0.62 0.001
примерно 0.001 0.585 0.001
новые 0.001 0.602 0.001
показано 0.0 1.155 0.0
испытывает 0.0 1.523 0.0
веке 0.0 1.398 0.0
похожа 0.0 1.222 0.0
вирус 0.001 0.678 0.001
модели 0.0 1.0 0.0
граница 0.0 1.699 0.0
медленнее 0.0 1.523 0.0
иметь 0.001 0.824 0.001
длинный 0.001 1.398 0.001
смертельная 0.0 2.0 0.0
заражению 0.0 1.523 0.0
значение 0.0 1.097 0.0
рекламаmeduza 0.0 0.066 0.0
карантинные 0.0 2.0 0.0
вариантами 0.001 1.046 0.001
равна 0.001 1.398 0.001
выяснило 0.0 2.0 0.0
говорить 0.0 0.602 0.0
придем 0.0 1.222 0.0
лицом 0.0 0.102 0.0
относительную 0.0 1.699 0.0
выше 0.004 0.509 0.002
вероятность 0.0 0.721 0.0
getty 0.0 0.886 0.0
заразившихся 0.001 1.398 0.001
функции 0.001 0.097 0.0
цели 0.0 1.222 0.0
приобретенный 0.001 1.699 0.002
вызванный 0.0 1.699 0.0
замедлиться 0.0 2.0 0.0
смерти 0.001 0.921 0.001
условия 0.0 1.155 0.0
эффективностей 0.0 2.0 0.0
видимая 0.0 2.0 0.0
высокий 0.0 1.046 0.0
среди 0.002 0.42 0.001
никакого 0.0 0.824 0.0
известно 0.001 0.481 0.0
казалось 0.001 0.886 0.001
касается 0.0 0.602 0.0
роста 0.0 1.301 0.0
структурой 0.0 2.0 0.0
быстро 0.001 0.495 0.0
вырастет 0.001 1.523 0.002
кузнец 0.0 1.398 0.0
прогнозы 0.001 1.398 0.001
привитых 0.001 0.824 0.001
омикрон 0.009 1.046 0.009
другими 0.001 0.495 0.0
отличий 0.0 1.301 0.0
препаратами 0.0 1.097 0.0
лимфы 0.0 2.0 0.0
снова 0.0 0.678 0.0
принципе 0.0 0.796 0.0
подсчитать 0.0 1.523 0.0
американских 0.0 1.046 0.0
течение 0.0 0.699 0.0
следовательно 0.0 1.155 0.0
мощной 0.0 1.699 0.0
перейти 0.0 0.066 0.0
подсчитано 0.0 1.523 0.0
поддержать 0.0 0.066 0.0
источник 0.0 0.174 0.0
короткий 0.001 1.699 0.002
вспышка 0.001 1.301 0.001
степень 0.0 1.046 0.0
эпидемией 0.0 1.699 0.0
все-таки 0.0 0.553 0.0
хозяин 0.0 1.699 0.0
снизит 0.001 1.523 0.002
стране 0.001 0.523 0.001
разную 0.0 2.0 0.0
предпринять 0.0 2.0 0.0
размытой 0.0 2.0 0.0
мала 0.0 1.699 0.0
строить 0.0 1.398 0.0
ответа 0.0 0.886 0.0
указания 0.0 1.523 0.0
зараженных 0.0 1.046 0.0
кодекс 0.0 0.066 0.0
кампусе 0.0 2.0 0.0
0,8 0.0 1.523 0.0
наблюдаемого 0.0 2.0 0.0
унесшая 0.0 2.0 0.0
хочу 0.0 0.137 0.0
рост 0.001 1.046 0.001
также 0.001 0.237 0.0
переболели 0.0 1.222 0.0
вырабатывается 0.0 1.523 0.0
отличиями 0.0 2.0 0.0
известные 0.0 1.301 0.0
дельтой 0.004 1.301 0.005
сосуществовать 0.0 2.0 0.0
скоро 0.0 0.796 0.0
рассказывает 0.0 0.569 0.0
самым 0.0 0.921 0.0
четверых 0.0 2.0 0.0
убывает 0.002 1.699 0.003
судить 0.0 0.959 0.0
столетия 0.0 2.0 0.0
лимфа 0.0 2.0 0.0
оценок 0.0 1.222 0.0
происходили 0.0 1.699 0.0
полученный 0.0 1.222 0.0
люди 0.001 0.276 0.0
данное 0.0 0.097 0.0
ближайшие 0.001 1.097 0.001
вирусов 0.003 1.155 0.003
заключаться 0.001 2.0 0.002
возрастная 0.0 2.0 0.0
какой-то 0.0 0.538 0.0
типа 0.0 0.959 0.0
какое 0.001 1.222 0.001
заражения 0.005 0.796 0.004
ко 0.0 0.745 0.0
антителами 0.0 1.398 0.0
точные 0.0 1.699 0.0
провинции 0.0 1.699 0.0
передавался 0.0 2.0 0.0
предварительные 0.0 1.155 0.0
базы 0.0 1.222 0.0
явна 0.0 2.0 0.0
старым 0.0 1.699 0.0
большие 0.0 0.796 0.0
сравнению 0.002 0.796 0.002
окажется 0.0 1.097 0.0
хозяина 0.0 1.699 0.0
зараженный 0.001 2.0 0.002
правила 0.0 0.066 0.0
повышен 0.0 1.523 0.0
уверены 0.0 1.097 0.0
меняет 0.0 1.523 0.0
вакцинации 0.002 0.553 0.001
мрнк-вакцин 0.0 1.398 0.0
вконтакте 0.0 0.066 0.0
часть 0.001 0.456 0.0
переболевшими 0.001 2.0 0.002
вызвавший 0.0 2.0 0.0
какую 0.001 1.301 0.001
стремительно 0.0 1.523 0.0
одновременно 0.0 0.796 0.0
предыдущими 0.0 1.398 0.0
сказать 0.001 0.495 0.0
live 0.0 0.022 0.0
объясняться 0.0 1.699 0.0
ясна 0.0 2.0 0.0
жители 0.0 0.745 0.0
объяснялось 0.0 1.699 0.0
уходить 0.003 1.301 0.004
образом 0.0 0.602 0.0
смениться 0.0 2.0 0.0
надежных 0.0 1.398 0.0
блог 0.0 0.066 0.0
детей 0.002 0.523 0.001
заветной 0.0 2.0 0.0
выражений 0.0 1.699 0.0
инстаграм 0.0 0.066 0.0
© 0.0 0.0 0.0
групп 0.001 0.77 0.001
сценария 0.0 1.523 0.0
дании 0.001 1.523 0.002
бустеризации 0.0 1.699 0.0
выделите 0.0 0.066 0.0
вытеснить 0.0 2.0 0.0
быстрое 0.001 2.0 0.002
разных 0.004 0.398 0.002
власти 0.0 0.387 0.0
условиях 0.0 0.569 0.0
распространялись 0.0 1.699 0.0
данных 0.001 0.481 0.0
статистике 0.0 1.301 0.0
ситуация 0.001 0.569 0.001
практически 0.001 0.602 0.001
патоген 0.0 2.0 0.0
читайте 0.0 0.745 0.0
смертей 0.002 0.959 0.002
велико 0.001 1.699 0.002
недели 0.001 0.42 0.0
дельту 0.001 1.523 0.002
омикроном 0.002 1.155 0.002
коронавирусу 0.001 1.097 0.001
вакцинировать 0.0 1.398 0.0
осени 0.0 1.398 0.0
связана 0.0 1.0 0.0
meduzacare 0.0 0.066 0.0
специфического 0.0 1.699 0.0
вакцинировано 0.0 2.0 0.0
граждан 0.0 0.638 0.0
против 0.009 0.229 0.002
уменьшает 0.0 1.398 0.0
доминирующим 0.001 2.0 0.002
оценить 0.001 0.796 0.001
результаты 0.0 0.62 0.0
фиксируется 0.0 1.699 0.0
той 0.0 0.62 0.0
великобритании 0.001 0.745 0.001
кнопка 0.0 0.066 0.0
простуд 0.0 2.0 0.0
изменить 0.0 1.046 0.0
хотя 0.0 0.276 0.0
штаммами 0.0 1.523 0.0
дмитрий 0.0 0.658 0.0
эффективность 0.007 0.569 0.004
равновесия 0.0 2.0 0.0
гриппа 0.002 1.046 0.002
называемым 0.0 2.0 0.0
существующих 0.0 1.222 0.0
риска 0.0 0.699 0.0
во-первых 0.0 0.796 0.0
основе 0.0 0.745 0.0
это 0.009 0.066 0.001
варианты 0.001 1.097 0.001
вакцин 0.001 0.62 0.001
бустеры 0.0 1.699 0.0
смертностью 0.002 2.0 0.004
другие 0.001 0.268 0.0
пандемии 0.001 0.658 0.001
сильно 0.0 0.509 0.0
другое 0.0 0.886 0.0
циклов 0.0 1.699 0.0
поддержки 0.0 0.066 0.0
тяжелого 0.004 0.921 0.004
обзорныхстатьях 0.0 2.0 0.0
порога 0.001 1.699 0.002
редактор 0.0 1.0 0.0
afp 0.0 0.854 0.0
самой 0.0 0.699 0.0
двумя 0.0 0.678 0.0
помощь 0.0 0.097 0.0
равномерно 0.0 1.699 0.0
эффективно 0.001 1.046 0.001
предопределенным 0.0 2.0 0.0
повторяющиеся 0.001 2.0 0.002
дело 0.001 0.509 0.001
сосуществованию 0.0 2.0 0.0
заноса 0.0 2.0 0.0
первые 0.001 0.585 0.001
предположение 0.0 1.398 0.0
регионах 0.0 0.886 0.0
работаем 0.0 0.161 0.0
точку 0.0 1.097 0.0
способностью 0.001 1.523 0.002
адекватный 0.0 1.699 0.0
примере 0.0 1.222 0.0
статей 0.0 1.398 0.0
двух 0.002 0.377 0.001
вновь 0.0 1.155 0.0
оценивалось 0.0 2.0 0.0
ответ 0.003 0.602 0.002
косвенные 0.0 1.301 0.0
дельта 0.004 0.854 0.003
развитие 0.001 1.155 0.001
верблюдов 0.0 2.0 0.0
событий 0.0 0.921 0.0
повышая 0.0 2.0 0.0
вакцинного 0.0 1.398 0.0
эпидемия 0.001 1.301 0.001
новой 0.001 0.585 0.001
наоборот 0.0 0.824 0.0
нежели 0.0 1.523 0.0
мощные 0.001 2.0 0.002
варианту 0.0 1.398 0.0
объяснения 0.0 1.398 0.0
неопределенности 0.0 2.0 0.0
фаза 0.0 1.301 0.0
иммунитет 0.009 0.854 0.008
бразилии 0.0 1.301 0.0
котором 0.001 0.495 0.0
мощным 0.0 2.0 0.0
24/7 0.0 0.102 0.0
снижение 0.001 1.0 0.001
× 0.002 1.398 0.003
обоих 0.0 1.398 0.0
природной 0.0 2.0 0.0
заболеванию 0.0 1.398 0.0
инфекций 0.001 1.097 0.001
android 0.0 0.066 0.0
ограничены 0.0 1.523 0.0
сравнивались 0.0 2.0 0.0
english 0.0 0.06 0.0
препятствующий 0.0 2.0 0.0
ссылке 0.0 1.523 0.0
одинаково 0.0 1.301 0.0
уничтожен 0.0 1.523 0.0
большая 0.001 0.77 0.001
будущего 0.001 1.097 0.001
планеты 0.0 1.523 0.0
уханьского 0.0 2.0 0.0
шанс 0.0 1.0 0.0
португалии 0.0 2.0 0.0
особенно 0.001 0.553 0.001
вариантов 0.001 0.854 0.001
поддержка 0.0 0.167 0.0
нужна 0.001 0.092 0.0
такого 0.001 0.509 0.001
вакцинация 0.0 0.699 0.0
снизится 0.0 1.699 0.0
нынешним 0.0 2.0 0.0
вызовет 0.0 1.301 0.0
вытеснит 0.0 2.0 0.0
уничтожение 0.0 2.0 0.0
мере 0.002 0.569 0.001
нагрузкой 0.0 1.523 0.0
возможный 0.0 1.301 0.0
норвегии 0.0 1.523 0.0
переход 0.004 1.699 0.007
заражение 0.001 1.398 0.001
выглядеть 0.001 1.398 0.001
закрепление 0.0 1.699 0.0
случаях 0.0 0.658 0.0
sars-cov-2 0.001 0.824 0.001
имеют 0.0 0.678 0.0
переносить 0.0 1.699 0.0
факт 0.0 0.77 0.0
росли 0.0 2.0 0.0
некоторыми 0.0 1.398 0.0
меры 0.0 0.854 0.0
возможна 0.0 1.222 0.0
подробнее 0.0 0.699 0.0
способноcть 0.0 2.0 0.0
многое 0.0 1.301 0.0
повышенным 0.0 1.699 0.0
те 0.0 0.357 0.0
этапом 0.001 2.0 0.002
наблюдать 0.0 1.301 0.0
оно 0.0 0.444 0.0
каждым 0.0 0.854 0.0
связаться 0.0 0.066 0.0
требования 0.0 0.066 0.0
самом 0.0 0.481 0.0
приведем 0.0 2.0 0.0
пожилых 0.002 1.222 0.002
лежит 0.0 1.155 0.0
крови 0.0 0.959 0.0
времени 0.0 0.523 0.0
максимальными 0.0 2.0 0.0
россию 0.0 0.678 0.0
0,08 0.0 1.699 0.0
происходит 0.0 0.387 0.0
информации 0.0 0.102 0.0
варианта 0.008 0.745 0.006
высока 0.0 1.699 0.0
имеет 0.002 0.602 0.001
вполне 0.001 0.699 0.001
тех 0.001 0.26 0.0
тяжелой 0.0 0.959 0.0
оценивалась 0.0 1.523 0.0
ковидом 0.0 0.658 0.0
снижена 0.0 1.523 0.0
пути 0.0 1.0 0.0
рождения 0.001 1.097 0.001
эффективная 0.0 1.699 0.0
продолжит 0.0 1.398 0.0
заразен 0.0 1.699 0.0
эволюция 0.0 1.523 0.0
широко 0.0 1.097 0.0
способом 0.0 1.155 0.0
могла 0.0 0.886 0.0
больницы 0.0 0.77 0.0
тремя 0.0 1.301 0.0
имитирующими 0.0 2.0 0.0
сложился 0.0 2.0 0.0
регулярно 0.0 1.0 0.0
почему 0.001 0.337 0.0
долгосрочные 0.0 1.398 0.0
стойкости 0.0 2.0 0.0
разброс 0.0 1.699 0.0
противоположных 0.0 2.0 0.0
риски 0.001 0.77 0.001
процессе 0.0 1.046 0.0
исключить 0.0 1.222 0.0
медузе 0.001 0.066 0.0
самих 0.0 0.921 0.0
эбола 0.0 1.523 0.0
объяснить 0.0 0.921 0.0
точно 0.002 0.481 0.001
маловероятно 0.0 1.699 0.0
респираторных 0.0 2.0 0.0
преобладает 0.0 2.0 0.0
facebook 0.0 0.0 0.0
таком 0.001 0.921 0.001
медузу 0.001 0.066 0.0
обсуждая 0.0 2.0 0.0
обработки 0.0 0.066 0.0
связанные 0.0 1.046 0.0
ниже 0.002 0.77 0.002
этим 0.0 0.337 0.0
станет 0.0 0.678 0.0
отбора 0.001 1.398 0.001
неопределенностиогромны 0.0 2.0 0.0
менее 0.001 0.432 0.0
стороны 0.001 0.432 0.0
молодежь 0.0 2.0 0.0
массовой 0.0 0.097 0.0
возвращается 0.0 1.398 0.0
знаем 0.0 0.585 0.0
вроде 0.0 0.658 0.0
способен 0.0 1.398 0.0
помощью 0.0 0.538 0.0
обществом 0.0 1.523 0.0
сложно 0.001 0.538 0.001
коллективного 0.002 1.523 0.003
повышенная 0.0 1.155 0.0
прибавку 0.0 2.0 0.0
теории 0.0 1.097 0.0
главное 0.001 0.658 0.001
эпидемиологов 0.0 1.523 0.0
каждый 0.001 0.509 0.001
запутанной 0.0 2.0 0.0
миллиона 0.0 0.77 0.0
такие 0.001 0.444 0.0
scanpix 0.0 0.301 0.0
последствия 0.0 0.796 0.0
виде 0.0 0.745 0.0
сложнее 0.0 0.921 0.0
слизистой 0.0 1.699 0.0
гуатенг 0.0 2.0 0.0
движение 0.0 1.222 0.0
показывать 0.0 0.066 0.0
бесконечной 0.0 1.523 0.0
спасибоgiphyза 0.0 0.066 0.0
дозы 0.0 0.886 0.0
спокойно 0.0 0.824 0.0
ускориться 0.0 2.0 0.0
заболеваниях 0.0 1.398 0.0
распространялся 0.0 2.0 0.0
данией 0.0 2.0 0.0
twitter 0.0 0.0 0.0
раньше 0.0 0.432 0.0
обычных 0.0 1.097 0.0
быстрым 0.0 1.523 0.0
болезни 0.003 0.62 0.002
изменяющих 0.0 2.0 0.0
будущее 0.001 1.155 0.001
пожалуйста 0.0 0.102 0.0
стерилизующий 0.0 1.699 0.0
должен 0.0 0.585 0.0
человечество 0.0 1.523 0.0
пример 0.001 0.824 0.001
означает 0.0 0.62 0.0
наше 0.0 0.921 0.0
приобретаемых 0.0 2.0 0.0
европы 0.001 0.796 0.001
основные 0.0 1.222 0.0
заболеваний 0.001 0.745 0.001
объяснение 0.0 1.301 0.0
конкурентное 0.0 2.0 0.0
платформы 0.001 0.066 0.0
ревакцинации 0.0 1.699 0.0
зато 0.0 0.886 0.0
течением 0.0 2.0 0.0
можем 0.0 0.62 0.0
достаточного 0.0 1.523 0.0
вызванные 0.0 2.0 0.0
исследования 0.001 0.481 0.0
именно 0.001 0.244 0.0
близка 0.001 1.301 0.001
сгладить 0.0 2.0 0.0
представителей 0.0 1.0 0.0
отношении 0.0 0.824 0.0
смертности 0.002 1.155 0.002
вакцины 0.001 0.585 0.001
сценарии 0.0 1.301 0.0
персональные 0.0 0.066 0.0
такое 0.001 0.347 0.0
отодвинуть 0.0 2.0 0.0
очень 0.004 0.149 0.001
признаку 0.0 1.699 0.0
вносит 0.001 2.0 0.002
этапа 0.0 1.222 0.0
которые 0.0 0.119 0.0
оценки 0.001 1.155 0.001
многих 0.001 0.658 0.001
прорывных 0.001 1.699 0.002
током 0.0 2.0 0.0
скорость 0.0 1.398 0.0
отчасти 0.0 1.398 0.0
ранее 0.002 0.62 0.001
заразных 0.0 1.523 0.0
полученного 0.0 1.398 0.0
meduza 0.001 0.0 0.0
сочетаний 0.0 2.0 0.0
т. 0.0 0.921 0.0
изменениях 0.0 1.699 0.0
кого 0.0 0.509 0.0
распространяется 0.0 0.854 0.0
новым 0.002 0.796 0.002
зафиксировать 0.0 1.301 0.0
случайных 0.0 1.523 0.0
прошли 0.0 0.796 0.0
остается 0.001 0.638 0.001
эпидемиологические 0.0 1.523 0.0
б. 0.0 2.0 0.0
каким 0.0 1.155 0.0
изолированных 0.0 2.0 0.0
организма 0.0 0.921 0.0
падали 0.0 2.0 0.0
иначе 0.001 0.745 0.001
закончиться 0.0 1.097 0.0
кровь 0.0 1.398 0.0
пересказ 0.0 1.398 0.0
высокую 0.001 1.523 0.002
знать 0.001 0.824 0.001
случиться 0.0 1.523 0.0
странах 0.006 0.495 0.003
доминировал 0.0 2.0 0.0
органов 0.0 1.222 0.0
эндемическими 0.0 2.0 0.0
вряд 0.001 0.854 0.001
позволяют 0.0 0.886 0.0
общество 0.001 0.886 0.001
счет 0.002 0.824 0.002
огромной 0.0 1.523 0.0
дать 0.0 0.854 0.0
существует 0.0 0.745 0.0
учитывать 0.001 1.046 0.001
распространении 0.0 1.523 0.0
эта 0.001 0.367 0.0
российским 0.0 0.092 0.0
которых 0.001 0.237 0.0
заразным 0.0 2.0 0.0
одной 0.001 0.398 0.0
невозможно 0.001 0.602 0.001
декабря 0.0 0.824 0.0
результат 0.001 0.77 0.001
некого 0.0 1.523 0.0
спойлер 0.0 0.796 0.0
африка 0.0 1.699 0.0
краткий 0.0 1.699 0.0
которым 0.0 0.658 0.0
меньшей 0.0 1.046 0.0
реклама 0.001 0.066 0.0
однако 0.002 0.337 0.001
оказаться 0.001 0.796 0.001
делать 0.0 0.276 0.0
имеющих 0.005 1.301 0.007
численных 0.0 2.0 0.0
интересах 0.0 0.167 0.0
быстрее 0.001 0.886 0.001
начала 0.0 0.398 0.0
русского 0.0 1.523 0.0
понимания 0.001 1.398 0.001
фазе 0.0 1.097 0.0
ответственен 0.0 1.699 0.0
сообщение 0.0 0.102 0.0
