высказываются 0.001 2.0 0.002
отделах 0.001 2.0 0.002
преследования 0.001 1.523 0.002
российские 0.006 0.328 0.002
митингах 0.001 2.0 0.002
редакции 0.002 0.066 0.0
выдвигало 0.001 2.0 0.002
операцией 0.001 1.699 0.002
список 0.001 0.658 0.001
разгонять 0.001 2.0 0.002
специальную 0.001 1.523 0.002
студентов 0.002 1.301 0.003
баннерам 0.001 0.066 0.0
действий 0.004 0.699 0.003
россии 0.009 0.119 0.001
беседы 0.001 1.523 0.002
недопустимости 0.001 1.699 0.002
гифки 0.001 0.066 0.0
агента 0.002 0.097 0.0
людей 0.004 0.161 0.001
заблокировал 0.001 2.0 0.002
овд 0.001 2.0 0.002
фонды 0.001 1.398 0.001
александра 0.001 1.155 0.001
in 0.001 0.0 0.0
расценено 0.001 2.0 0.002
становились 0.001 1.699 0.002
тнт 0.001 2.0 0.002
госпитализация 0.001 1.398 0.001
ркн 0.001 2.0 0.002
закону 0.001 1.523 0.002
предупредила 0.001 2.0 0.002
разблокировать 0.001 1.699 0.002
надписей 0.001 2.0 0.002
отключили 0.001 1.301 0.001
закона 0.002 1.301 0.003
служба 0.001 1.222 0.001
порче 0.001 2.0 0.002
временно 0.001 1.301 0.001
представителя 0.001 1.222 0.001
поставив 0.001 1.699 0.002
отмене 0.001 2.0 0.002
анонимно 0.001 0.066 0.0
просто 0.001 0.194 0.0
информацию 0.001 0.62 0.001
ваша 0.002 0.102 0.0
опознавательных 0.001 2.0 0.002
автомобилей 0.001 1.523 0.002
ответственности 0.001 1.046 0.001
угрожая 0.001 2.0 0.002
уголовного 0.001 1.523 0.002
распространение 0.001 0.854 0.001
поводом 0.001 1.398 0.001
подвергаются 0.002 1.523 0.003
задержания 0.001 2.0 0.002
лукашенко 0.001 2.0 0.002
читателейнам 0.001 0.174 0.0
школах 0.001 1.523 0.002
куки 0.001 0.066 0.0
путину 0.001 0.959 0.001
публично 0.001 1.046 0.001
дождь 0.002 2.0 0.004
снегу 0.001 1.699 0.002
инициативам 0.001 2.0 0.002
внутренние 0.001 1.097 0.001
заблокированных 0.001 2.0 0.002
использование 0.002 0.066 0.0
десятки 0.003 0.745 0.002
дискредитации 0.003 1.301 0.004
две 0.001 0.553 0.001
порядку 0.001 0.066 0.0
карточек 0.001 0.62 0.001
сроки 0.001 1.398 0.001
свобода 0.001 1.398 0.001
en 0.001 0.066 0.0
записала 0.001 1.155 0.001
противном 0.002 1.523 0.003
благотворительной 0.001 2.0 0.002
письма 0.002 1.301 0.003
сообщали 0.002 1.523 0.003
bloomberg 0.001 1.046 0.001
возросшими 0.001 2.0 0.002
давлению 0.001 1.699 0.002
одежда 0.001 2.0 0.002
ложной 0.002 2.0 0.004
распространением 0.001 1.699 0.002
артистов 0.001 1.523 0.002
начали 0.001 0.481 0.0
deutsche 0.001 1.699 0.002
самый 0.001 0.721 0.001
беспрецедентную 0.001 2.0 0.002
прекращении 0.001 1.398 0.001
дней 0.002 0.337 0.001
распространено 0.001 0.102 0.0
разорвали 0.001 2.0 0.002
ios 0.001 0.066 0.0
затем 0.001 0.678 0.001
отличной 0.001 2.0 0.002
будут 0.001 0.301 0.0
высказавшимися 0.001 2.0 0.002
заблокировавшей 0.001 2.0 0.002
вне 0.001 0.886 0.001
несколько 0.002 0.201 0.0
мотивируя 0.001 2.0 0.002
прямо 0.001 0.357 0.0
преследованию 0.001 2.0 0.002
войну 0.002 0.638 0.001
потребовал 0.002 2.0 0.004
организацией 0.001 1.398 0.001
соцсетях 0.002 1.046 0.002
основном 0.001 0.553 0.001
происходящем 0.001 1.301 0.001
день 0.001 0.328 0.0
делах 0.001 1.699 0.002
медузы 0.002 0.268 0.001
отказалась 0.001 0.959 0.001
разблокировке 0.001 2.0 0.002
рассмотрена 0.001 2.0 0.002
коронавируса 0.001 0.509 0.001
подразумевающие 0.001 2.0 0.002
пока 0.002 0.208 0.0
эхо 0.001 2.0 0.002
митинги 0.001 1.398 0.001
инстаграма 0.001 1.301 0.001
соцсеть 0.001 1.699 0.002
попали 0.001 0.886 0.001
вообще 0.001 0.066 0.0
моего 0.001 1.097 0.001
поговорили 0.001 1.155 0.001
оказывают 0.002 1.523 0.003
проведении 0.001 1.523 0.002
выкладывать 0.001 2.0 0.002
проведены 0.001 1.301 0.001
владимиру 0.001 1.398 0.001
неполный 0.001 1.699 0.002
количество 0.001 0.62 0.001
политики 0.001 0.854 0.001
стеклах 0.001 2.0 0.002
миллионов 0.002 0.638 0.001
крупных 0.001 0.959 0.001
крах 0.001 1.523 0.002
знаков 0.001 2.0 0.002
нашли 0.001 0.066 0.0
связи 0.001 0.0 0.0
заблокировать 0.001 1.222 0.001
медуза 0.006 0.066 0.0
новая 0.002 0.678 0.001
государственной 0.001 1.046 0.001
новому 0.001 1.301 0.001
интересов 0.001 1.222 0.001
нам 0.001 0.086 0.0
обвиняют 0.001 1.301 0.001
помочь 0.001 0.131 0.0
whatsapp 0.001 1.398 0.001
генпрокуратуры 0.001 2.0 0.002
армии 0.002 0.886 0.002
беспрецедентное 0.001 2.0 0.002
этому 0.001 0.432 0.0
отмечает 0.001 1.155 0.001
властей 0.001 0.824 0.001
шоу 0.001 2.0 0.002
каналы 0.001 1.301 0.001
штрафами 0.001 2.0 0.002
заведомо 0.002 1.523 0.003
стало 0.001 0.481 0.0
юридическим 0.001 0.102 0.0
акции 0.003 0.921 0.003
массовое 0.001 1.523 0.002
оказалась 0.001 0.796 0.001
начались 0.001 0.921 0.001
противодействуют 0.001 2.0 0.002
материалам 0.001 0.066 0.0
видео 0.001 0.678 0.001
срочно 0.001 0.167 0.0
предшествовала 0.001 2.0 0.002
городов 0.001 0.796 0.001
родителей 0.001 1.155 0.001
стримы 0.001 1.699 0.002
оттуда 0.001 1.097 0.001
republic 0.001 1.222 0.001
программы 0.001 1.046 0.001
недостоверной 0.002 2.0 0.004
случае 0.003 0.357 0.001
антивоенным 0.001 1.301 0.001
антивоенных 0.007 1.523 0.011
заводятся 0.001 2.0 0.002
выселением 0.001 2.0 0.002
блокировать 0.001 1.523 0.002
генпрокуратура 0.001 1.523 0.002
нападением 0.001 2.0 0.002
стали 0.002 0.42 0.001
статье 0.001 0.854 0.001
заявил 0.001 0.658 0.001
пятилетнего 0.001 1.523 0.002
спбгу 0.001 2.0 0.002
репрессивную 0.001 2.0 0.002
личных 0.001 1.222 0.001
вещей 0.001 1.301 0.001
девушка 0.001 1.222 0.001
нко 0.002 1.699 0.003
выступающие 0.001 2.0 0.002
иностранным 0.001 0.097 0.0
блокировке 0.002 1.398 0.003
радио 0.001 1.222 0.001
распоряжении 0.001 1.301 0.001
возбуждены 0.002 2.0 0.004
организации 0.002 0.658 0.001
tiktok 0.001 2.0 0.002
деятели 0.002 1.398 0.003
вторжением 0.001 2.0 0.002
сми 0.012 0.602 0.007
хулиганстве 0.001 2.0 0.002
военную 0.001 1.046 0.001
решение 0.001 0.509 0.001
освещения 0.001 2.0 0.002
призывах 0.001 2.0 0.002
отчислением 0.001 2.0 0.002
формы 0.001 1.046 0.001
газета 0.001 1.301 0.001
задержали 0.001 1.097 0.001
ctrl+enter 0.001 0.066 0.0
февраля 0.001 0.387 0.0
безопасно 0.001 0.066 0.0
новостиисторииразборшапитокоронавирусмагаз 0.001 0.066 0.0
`` 0.004 1.523 0.006
иностранные 0.001 1.155 0.001
проект 0.001 1.046 0.001
десять 0.001 0.824 0.001
блокирует 0.001 1.699 0.002
инициатива 0.001 1.398 0.001
вероятно 0.001 0.699 0.001
сотрудников 0.001 1.0 0.001
пользовались 0.001 1.699 0.002
youtube 0.003 0.06 0.0
отличающиеся 0.001 1.699 0.002
получили 0.001 0.745 0.001
вынужденно 0.001 2.0 0.002
создано 0.001 0.097 0.0
ограничений 0.001 0.824 0.001
жизнь 0.001 0.538 0.001
потребовалась 0.001 1.699 0.002
которая 0.001 0.301 0.0
требований 0.001 1.523 0.002
протеста 0.002 1.222 0.002
поддержите 0.001 0.102 0.0
символики 0.001 1.699 0.002
использовали 0.001 1.046 0.001
зрения 0.001 0.602 0.001
любые 0.002 0.854 0.002
требованиям 0.001 1.699 0.002
официальной 0.002 1.046 0.002
начата 0.001 2.0 0.002
средством 0.001 0.102 0.0
многие 0.002 0.284 0.001
выполняющим 0.002 0.097 0.0
четыре 0.001 0.569 0.001
происходящее 0.001 1.0 0.001
алексей 0.001 0.886 0.001
ошибку 0.001 0.066 0.0
давления 0.001 1.0 0.001
участия 0.001 1.222 0.001
заблокированы 0.002 1.301 0.003
цветов 0.001 2.0 0.002
удалять 0.001 1.523 0.002
аккаунтов 0.002 1.699 0.003
владельца 0.001 1.398 0.001
отказались 0.001 1.699 0.002
антивоенные 0.004 1.301 0.005
культуры 0.001 1.046 0.001
антивоенными 0.001 1.699 0.002
подчеркивает 0.001 1.398 0.001
вопрос 0.001 0.42 0.0
cnn 0.001 1.699 0.002
фактически 0.001 0.721 0.001
крупнейших 0.001 1.222 0.001
открытые 0.001 2.0 0.002
наиболее 0.001 0.745 0.001
данные 0.001 0.066 0.0
открытое 0.001 1.699 0.002
bell 0.001 1.699 0.002
избивают 0.002 2.0 0.004
независимые 0.003 1.301 0.004
угрозой 0.002 1.301 0.003
шесть 0.001 1.0 0.001
деле 0.001 0.553 0.001
задержаниях 0.001 2.0 0.002
проанализировал 0.001 2.0 0.002
продолжающейся 0.001 2.0 0.002
нажмите 0.001 0.066 0.0
военных 0.007 0.699 0.005
случаев 0.001 0.658 0.001
братеево 0.001 2.0 0.002
роскомнадзор 0.003 1.301 0.004
работникам 0.001 1.398 0.001
благотворительные 0.001 1.699 0.002
принадлежит 0.001 1.301 0.001
некоторых 0.001 0.523 0.001
высказывать 0.001 1.699 0.002
российских 0.007 0.337 0.002
числе 0.002 0.31 0.001
других 0.001 0.26 0.0
диктофон 0.001 2.0 0.002
вгтрк 0.001 1.699 0.002
иностранного 0.002 0.102 0.0
области 0.001 0.602 0.001
человек 0.002 0.215 0.0
позиций 0.001 2.0 0.002
материал 0.001 0.086 0.0
надписи 0.001 1.699 0.002
выступают 0.002 1.222 0.002
сообщалось 0.001 1.155 0.001
– 0.001 0.06 0.0
читатели 0.001 1.046 0.001
провластных 0.001 1.523 0.002
время 0.001 0.102 0.0
leta 0.001 0.301 0.0
искусства 0.001 1.699 0.002
признать 0.001 1.0 0.001
нами 0.001 0.066 0.0
отвечают 0.001 1.097 0.001
массово 0.001 1.097 0.001
блокировки 0.002 1.398 0.003
новые 0.002 0.602 0.001
работают 0.001 0.553 0.001
антивоенной 0.001 1.0 0.001
модерации 0.001 2.0 0.002
каналов 0.002 1.523 0.003
отчислили 0.001 2.0 0.002
рекламаmeduza 0.001 0.066 0.0
уголовно 0.001 1.699 0.002
войне 0.002 0.62 0.001
работы 0.001 0.553 0.001
лицом 0.001 0.102 0.0
функции 0.002 0.097 0.0
активистов 0.001 1.398 0.001
тысяч 0.002 0.337 0.001
предписывали 0.001 2.0 0.002
священники 0.001 2.0 0.002
калужских 0.001 2.0 0.002
смерти 0.001 0.921 0.001
претензии 0.001 1.523 0.002
блокировок 0.001 1.523 0.002
запретили 0.002 1.097 0.002
отношения 0.001 0.921 0.001
операцию 0.001 1.699 0.002
известно 0.003 0.481 0.001
предложили 0.001 1.222 0.001
президенту 0.001 1.222 0.001
доклада 0.001 1.301 0.001
нанесение 0.001 2.0 0.002
боевых 0.001 1.0 0.001
назад 0.002 0.18 0.0
позицию 0.001 1.222 0.001
заведений 0.001 1.523 0.002
общежитий 0.001 2.0 0.002
перейти 0.001 0.066 0.0
фейках 0.001 1.523 0.002
поддержать 0.001 0.066 0.0
украинских 0.001 0.824 0.001
пишет 0.001 0.824 0.001
источник 0.001 0.174 0.0
театров 0.001 1.523 0.002
медиазона 0.001 1.699 0.002
развернули 0.001 2.0 0.002
позиции 0.001 1.097 0.001
кодекс 0.001 0.066 0.0
одиночных 0.001 2.0 0.002
хочу 0.001 0.137 0.0
также 0.016 0.237 0.004
высказываться 0.001 1.523 0.002
пожелания 0.001 2.0 0.002
известные 0.001 1.301 0.001
учителей 0.001 1.699 0.002
россиянам 0.001 1.0 0.001
давление 0.003 1.0 0.003
украинского 0.001 0.959 0.001
соцсети 0.002 1.398 0.003
письмо 0.001 1.097 0.001
увольнения 0.001 1.523 0.002
выступили 0.001 1.301 0.001
кампанию 0.002 1.222 0.002
заблокирован 0.001 1.523 0.002
блокировками 0.001 2.0 0.002
пригрозив 0.001 2.0 0.002
дела 0.003 1.0 0.003
связанном 0.001 2.0 0.002
десятках 0.002 2.0 0.004
ряд 0.001 1.046 0.001
данное 0.001 0.097 0.0
администрации 0.003 1.046 0.003
избиениях 0.001 2.0 0.002
доступ 0.001 0.921 0.001
телеканалы 0.001 1.699 0.002
публичной 0.001 1.301 0.001
рекордные 0.001 1.699 0.002
наказуемы 0.001 1.699 0.002
экстремистской 0.003 1.301 0.004
пользователям 0.001 1.699 0.002
правила 0.002 0.066 0.0
вооруженных 0.001 1.523 0.002
дискриминационные 0.001 2.0 0.002
'' 0.004 1.699 0.007
отказываются 0.001 1.523 0.002
требовали 0.001 1.523 0.002
вконтакте 0.001 0.066 0.0
журналистам 0.001 1.398 0.001
live 0.001 0.022 0.0
согласовывать 0.001 1.699 0.002
объяснялось 0.001 1.699 0.002
звонках 0.001 2.0 0.002
изменит 0.001 1.398 0.001
часто 0.001 0.456 0.0
блог 0.001 0.066 0.0
инстаграм 0.001 0.066 0.0
ограничить 0.001 1.699 0.002
© 0.001 0.0 0.0
тезисно 0.001 2.0 0.002
выделите 0.001 0.066 0.0
задержаны 0.001 2.0 0.002
власти 0.01 0.387 0.004
нескольких 0.001 0.699 0.001
практически 0.001 0.602 0.001
читайте 0.007 0.745 0.005
недели 0.001 0.42 0.0
meduzacare 0.001 0.066 0.0
сайте 0.001 0.886 0.001
против 0.012 0.229 0.003
би-би-си 0.002 1.523 0.003
оказывать 0.001 1.523 0.002
полицейские 0.002 1.222 0.002
призывал 0.001 2.0 0.002
кнопка 0.001 0.066 0.0
правовыми 0.001 1.699 0.002
школьников 0.001 1.523 0.002
жестко 0.001 1.301 0.001
рассказывали 0.001 1.155 0.001
дмитрий 0.001 0.658 0.001
методичка 0.001 2.0 0.002
сил 0.001 1.046 0.001
государственных 0.001 1.0 0.001
телефонов 0.001 1.699 0.002
запрете 0.001 1.699 0.002
подготовили 0.001 1.398 0.001
вечерняя 0.001 0.066 0.0
это 0.01 0.066 0.001
the 0.002 0.481 0.001
продюсерами 0.001 2.0 0.002
цветах 0.001 2.0 0.002
другие 0.003 0.268 0.001
навальный 0.001 1.699 0.002
массовые 0.002 1.046 0.002
поддержки 0.002 0.066 0.0
запретила 0.001 2.0 0.002
александру 0.001 1.699 0.002
называть 0.001 1.0 0.001
мешают 0.001 1.301 0.001
участвовать 0.001 1.301 0.001
самой 0.001 0.699 0.001
помощь 0.001 0.097 0.0
ловецкий 0.001 2.0 0.002
давно 0.001 0.77 0.001
называют 0.001 0.699 0.001
высказывания 0.001 1.699 0.002
учебных 0.001 2.0 0.002
проводили 0.001 1.0 0.001
вандализме 0.001 2.0 0.002
первые 0.001 0.585 0.001
работаем 0.001 0.161 0.0
отделения 0.001 1.523 0.002
выступающих 0.001 2.0 0.002
пикетов 0.001 2.0 0.002
двух 0.002 0.377 0.001
дня 0.002 0.523 0.001
полицейскими 0.001 1.699 0.002
труда 0.001 1.046 0.001
задержанные 0.002 2.0 0.004
meta 0.003 1.222 0.004
мероприятия 0.001 1.398 0.001
войны 0.01 0.42 0.004
действия 0.001 0.721 0.001
фейки 0.002 1.398 0.003
событий 0.001 0.921 0.001
списокновые 0.001 2.0 0.002
дел 0.001 1.046 0.001
угрозами 0.001 2.0 0.002
участников 0.002 0.824 0.002
минимум 0.002 0.796 0.002
котором 0.001 0.495 0.0
некоторые 0.001 0.469 0.0
24/7 0.001 0.102 0.0
заблокировали 0.001 1.222 0.001
разбитых 0.001 1.699 0.002
android 0.001 0.066 0.0
cbs 0.001 2.0 0.002
ведомство 0.001 1.155 0.001
english 0.001 0.06 0.0
уголовные 0.001 2.0 0.002
насилия 0.002 2.0 0.004
участию 0.001 1.398 0.001
village 0.001 1.301 0.001
новости 0.001 0.481 0.0
угрозы 0.001 1.301 0.001
войной 0.002 1.097 0.002
объявил 0.001 1.0 0.001
пересказывает 0.001 1.301 0.001
фейсбук 0.001 1.523 0.002
дискредитация 0.002 1.699 0.003
поддержка 0.001 0.167 0.0
нужна 0.002 0.092 0.0
марта 0.008 0.319 0.003
пятница 0.001 2.0 0.002
отчислении 0.001 2.0 0.002
хостинга 0.001 2.0 0.002
перформансы 0.001 2.0 0.002
избыточной 0.001 1.155 0.001
акций 0.002 1.398 0.003
блокировка 0.001 1.523 0.002
подписывал 0.001 2.0 0.002
москвы 0.002 0.824 0.002
протестами 0.001 1.398 0.001
специальной 0.001 1.222 0.001
те 0.001 0.357 0.0
требования 0.002 0.066 0.0
связаться 0.001 0.066 0.0
гостелерадиофонда 0.001 2.0 0.002
отказывают 0.001 1.523 0.002
мэра 0.001 1.097 0.001
информации 0.006 0.102 0.001
подписали 0.001 1.398 0.001
закон 0.002 1.0 0.002
просьба 0.001 1.523 0.002
рисками 0.001 1.523 0.002
россиян 0.002 0.62 0.001
высказываний 0.001 1.523 0.002
лишать 0.001 2.0 0.002
госдума 0.001 2.0 0.002
историки 0.001 2.0 0.002
высказывание 0.001 2.0 0.002
нарушением 0.001 2.0 0.002
широко 0.001 1.097 0.001
силы 0.001 0.796 0.001
борются 0.001 1.046 0.001
силовики 0.001 1.398 0.001
временном 0.001 1.699 0.002
полиции 0.001 1.699 0.002
соцсетей 0.001 1.301 0.001
овд-инфо 0.006 1.398 0.008
проповеди 0.001 1.699 0.002
причиной 0.001 1.301 0.001
медузе 0.002 0.066 0.0
параллельно 0.001 1.097 0.001
первый 0.001 0.481 0.0
русская 0.001 1.398 0.001
facebook 0.003 0.0 0.0
возложение 0.001 2.0 0.002
вопреки 0.001 1.699 0.002
медузу 0.002 0.066 0.0
обработки 0.001 0.066 0.0
описании 0.001 1.523 0.002
этим 0.001 0.337 0.0
изданий 0.001 1.699 0.002
приняли 0.002 1.046 0.002
выступлений 0.001 2.0 0.002
источников 0.001 1.0 0.001
массовой 0.001 0.097 0.0
тайга.инфо 0.001 2.0 0.002
точки 0.001 0.638 0.001
непосредственно 0.001 0.959 0.001
преследуют 0.001 1.523 0.002
объяснив 0.002 2.0 0.004
проходят 0.001 1.0 0.001
главное 0.002 0.658 0.001
насчитывается 0.001 1.699 0.002
пандемией 0.001 1.301 0.001
такие 0.001 0.444 0.0
scanpix 0.001 0.301 0.0
возбуждаются 0.001 2.0 0.002
докладе 0.001 1.398 0.001
госдуме 0.001 1.699 0.002
приняла 0.001 1.523 0.002
выражения 0.001 1.398 0.001
публичном 0.001 1.699 0.002
выступивших 0.001 2.0 0.002
показывать 0.001 0.066 0.0
спасибоgiphyза 0.001 0.066 0.0
уничтожает 0.001 1.523 0.002
twitter 0.002 0.0 0.0
избитым 0.001 2.0 0.002
флага 0.001 1.398 0.001
компанию 0.001 1.301 0.001
детально 0.001 1.699 0.002
скопление 0.001 1.699 0.002
пожалуйста 0.001 0.102 0.0
всему 0.001 0.699 0.001
акциях 0.004 1.222 0.005
платформы 0.002 0.066 0.0
применении 0.002 1.046 0.002
миру 0.001 0.796 0.001
реакцией 0.001 1.301 0.001
деятельности 0.002 1.097 0.002
znak.com 0.001 2.0 0.002
ультимативных 0.001 2.0 0.002
связаны 0.001 0.959 0.001
сначала 0.001 0.602 0.001
отношении 0.002 0.824 0.002
действиях 0.001 1.155 0.001
официальных 0.001 0.921 0.001
персональные 0.001 0.066 0.0
студентам 0.001 1.523 0.002
задержаний 0.002 1.699 0.003
которые 0.006 0.119 0.001
многих 0.001 0.658 0.001
путин 0.001 0.658 0.001
участие 0.002 0.959 0.002
meduza 0.003 0.0 0.0
instagram 0.003 0.745 0.002
угрожают 0.001 1.398 0.001
поводами 0.001 2.0 0.002
закрыли 0.001 1.301 0.001
welle 0.001 1.699 0.002
распространении 0.001 1.523 0.002
вузов 0.002 1.523 0.003
эта 0.001 0.367 0.0
российским 0.002 0.092 0.0
которых 0.001 0.237 0.0
отрицании 0.001 2.0 0.002
украине 0.006 0.444 0.003
которым 0.001 0.658 0.001
приказы 0.001 2.0 0.002
математики 0.001 2.0 0.002
реклама 0.002 0.066 0.0
из-за 0.001 0.229 0.0
интересах 0.001 0.167 0.0
начала 0.001 0.398 0.0
городах 0.001 1.0 0.001
ap 0.001 0.854 0.001
сообщение 0.001 0.102 0.0
десятков 0.001 1.046 0.001
уголовном 0.001 1.523 0.002
