компонентов 0.001 1.301 0.001
российские 0.001 0.328 0.0
реакцию 0.002 1.155 0.002
редакции 0.002 0.066 0.0
наличие 0.003 1.0 0.003
страхования 0.002 2.0 0.004
сделан 0.001 1.155 0.001
список 0.001 0.658 0.001
хлорида 0.002 2.0 0.004
помните 0.001 1.301 0.001
частных 0.002 1.301 0.003
баннерам 0.001 0.066 0.0
требуются 0.001 1.398 0.001
россии 0.011 0.119 0.001
прийти 0.001 1.398 0.001
относится 0.001 1.0 0.001
медицинскими 0.001 1.523 0.002
гифки 0.001 0.066 0.0
вышла 0.001 0.959 0.001
агента 0.002 0.097 0.0
регистр 0.001 2.0 0.002
снилс 0.002 2.0 0.004
полное 0.001 1.301 0.001
кроме 0.002 0.387 0.001
документ 0.001 1.523 0.002
рекомендует 0.002 0.886 0.002
этикетки 0.001 2.0 0.002
врачом 0.003 1.301 0.004
приемлемо 0.001 2.0 0.002
головная 0.001 1.301 0.001
смысла 0.001 0.699 0.001
настороженность 0.001 2.0 0.002
другую 0.001 0.959 0.001
in 0.001 0.0 0.0
пограничной 0.001 2.0 0.002
тяжелых 0.001 0.921 0.001
проводят 0.001 1.0 0.001
доступны 0.001 1.398 0.001
аллергическую 0.001 2.0 0.002
эндокардит 0.001 2.0 0.002
документы 0.002 0.796 0.002
рекомендовать 0.001 1.301 0.001
производства 0.001 0.77 0.001
право 0.001 0.824 0.001
потребуются 0.001 1.523 0.002
сделана 0.001 1.097 0.001
алкоголь 0.002 1.222 0.002
эффективности 0.002 0.678 0.001
хронических 0.001 1.301 0.001
системы 0.003 0.585 0.002
участвовали 0.001 1.155 0.001
эпиваккороны 0.002 1.301 0.003
таких 0.002 0.347 0.001
рекомендуетсяиспользоватьнестероидные 0.001 2.0 0.002
разными 0.002 0.824 0.002
научная 0.001 1.301 0.001
законам 0.001 1.398 0.001
похожи 0.001 1.097 0.001
минздрав 0.002 0.824 0.002
правда 0.002 0.509 0.001
который 0.002 0.194 0.0
риск 0.001 0.538 0.001
прививались 0.001 1.398 0.001
анонимно 0.001 0.066 0.0
перенесенной 0.001 2.0 0.002
второй 0.002 0.42 0.001
медицинскую 0.001 1.699 0.002
уровень 0.001 0.824 0.001
просто 0.002 0.194 0.0
информацию 0.001 0.62 0.001
ваша 0.002 0.102 0.0
снимаю 0.001 1.523 0.002
прививку 0.004 0.77 0.003
эпиваккороной 0.002 1.222 0.002
евросоюз 0.001 1.155 0.001
прочитать 0.001 0.959 0.001
вакцинированных 0.001 0.678 0.001
полиса 0.001 2.0 0.002
паспорт 0.001 2.0 0.002
имеете 0.001 1.523 0.002
новостей 0.001 0.886 0.001
заболевания 0.011 0.62 0.007
бронхолегочной 0.001 2.0 0.002
читателейнам 0.001 0.174 0.0
сразу 0.001 0.553 0.001
куки 0.001 0.066 0.0
повод 0.002 1.301 0.003
названия 0.001 1.222 0.001
опубликованы 0.001 1.0 0.001
нежелательные 0.002 1.155 0.002
недавно 0.002 0.62 0.001
инактивированного 0.001 1.699 0.002
реакций 0.001 1.222 0.001
внутренние 0.001 1.097 0.001
вызвало 0.001 1.398 0.001
общая 0.001 1.155 0.001
бокалов 0.001 2.0 0.002
предыдущее 0.001 2.0 0.002
вакцину 0.003 0.824 0.002
алюминия 0.002 1.699 0.003
позиция 0.001 1.0 0.001
удостоверяющий 0.001 1.699 0.002
использование 0.001 0.066 0.0
бегу 0.001 2.0 0.002
проверьте 0.001 2.0 0.002
гражданин 0.001 1.699 0.002
две 0.001 0.553 0.001
вакцина 0.001 0.721 0.001
считаются 0.002 1.398 0.003
разделах 0.001 1.699 0.002
s 0.002 0.796 0.002
появились 0.001 0.854 0.001
остановкой 0.001 2.0 0.002
кажется 0.001 0.469 0.0
порядку 0.001 0.066 0.0
предупреждения 0.001 1.699 0.002
карточек 0.002 0.62 0.001
комбинации 0.001 1.398 0.001
маску 0.002 1.301 0.003
пусть 0.001 0.921 0.001
тракта 0.001 2.0 0.002
года 0.001 0.167 0.0
en 0.001 0.066 0.0
работает 0.002 0.367 0.001
эпиваккорона 0.001 1.046 0.001
эпиваккороне 0.001 1.301 0.001
карантине 0.001 2.0 0.002
длительный 0.001 1.699 0.002
проверять 0.001 1.097 0.001
медицинской 0.001 0.921 0.001
пациентов 0.002 0.796 0.002
личность 0.002 1.398 0.003
эффективна 0.001 1.301 0.001
правилах 0.002 1.523 0.003
другого 0.001 0.824 0.001
начали 0.001 0.481 0.0
сожалению 0.002 0.569 0.001
какому-то 0.001 1.699 0.002
рисках 0.001 1.699 0.002
вакцине 0.001 0.886 0.001
распространено 0.001 0.102 0.0
структуры 0.001 1.301 0.001
немногофактчек 0.001 1.699 0.002
причинам 0.001 0.959 0.001
ios 0.001 0.066 0.0
человека 0.001 0.328 0.0
вслух 0.002 2.0 0.004
описаны 0.001 1.046 0.001
тяжести 0.001 1.155 0.001
разделе 0.001 1.699 0.002
возраста 0.001 0.886 0.001
клещевого 0.001 1.699 0.002
узнайте 0.001 2.0 0.002
выделяется 0.001 2.0 0.002
причина 0.001 0.959 0.001
общее 0.001 1.046 0.001
сопровождаться 0.001 1.699 0.002
парацетамол 0.001 1.398 0.001
соблюдать 0.002 1.301 0.003
защиты 0.002 0.824 0.002
небывалую 0.001 2.0 0.002
основном 0.001 0.553 0.001
вечеринку 0.001 2.0 0.002
могут 0.002 0.187 0.0
улучшается 0.001 2.0 0.002
остальных 0.002 1.097 0.002
рекомендации 0.002 0.824 0.002
доказательства 0.001 1.155 0.001
медузы 0.002 0.268 0.001
вспышку 0.001 1.699 0.002
довольно 0.001 0.523 0.001
этих 0.003 0.337 0.001
коронавируса 0.003 0.509 0.002
пока 0.003 0.208 0.001
посоветоваться 0.001 2.0 0.002
выдержать 0.001 1.699 0.002
переживает 0.001 1.097 0.001
пептидные 0.001 1.699 0.002
аллергических 0.001 1.699 0.002
срок 0.002 1.046 0.002
человеком 0.001 1.155 0.001
оплата 0.001 2.0 0.002
иностранцев 0.001 1.699 0.002
полисорбат 0.002 2.0 0.004
компенсацию 0.001 1.699 0.002
сих 0.001 0.481 0.0
самонаблюдения 0.001 2.0 0.002
вообще 0.002 0.066 0.0
правилам 0.002 2.0 0.004
дигидрат 0.002 2.0 0.004
дистанцию 0.001 1.699 0.002
иммунодефицит 0.002 1.699 0.003
состояние 0.001 0.921 0.001
лишь 0.001 0.481 0.0
первичные 0.001 2.0 0.002
поствакцинальных 0.001 1.699 0.002
профильным 0.001 1.699 0.002
реакции 0.005 0.854 0.004
знайте 0.001 2.0 0.002
эпилепсия 0.001 2.0 0.002
начале 0.001 0.602 0.001
записи 0.002 1.398 0.003
поменьше 0.001 1.699 0.002
интервал 0.001 1.301 0.001
мочи 0.001 1.699 0.002
отговорить 0.001 1.699 0.002
магния 0.002 2.0 0.004
комбинацию 0.001 2.0 0.002
госуслугах 0.001 2.0 0.002
полгода 0.001 0.886 0.001
cansino 0.001 1.301 0.001
неизвестно 0.001 0.77 0.001
обязательного 0.002 2.0 0.004
дозу 0.001 1.222 0.001
центральной 0.001 2.0 0.002
период 0.001 0.796 0.001
нашли 0.001 0.066 0.0
связи 0.001 0.0 0.0
аденовирусные 0.002 1.523 0.003
какие 0.001 0.569 0.001
иммунодефициты 0.001 2.0 0.002
медуза 0.003 0.066 0.0
злокачественные 0.002 2.0 0.004
различные 0.001 1.301 0.001
новая 0.001 0.678 0.001
дигидрофосфат 0.002 2.0 0.004
требуется 0.001 0.959 0.001
месяцев 0.001 0.602 0.001
месте 0.001 0.921 0.001
нам 0.001 0.086 0.0
помочь 0.001 0.131 0.0
инструкция 0.002 0.796 0.002
всемирная 0.001 1.046 0.001
показать 0.002 1.155 0.002
документа 0.001 1.699 0.002
благодаря 0.001 0.77 0.001
этому 0.001 0.432 0.0
следите 0.001 1.699 0.002
законной 0.001 2.0 0.002
мало 0.002 0.538 0.001
попытаются 0.001 1.699 0.002
разные 0.001 0.721 0.001
такую 0.001 0.824 0.001
юридическим 0.001 0.102 0.0
развиться 0.001 1.699 0.002
непривитые 0.001 2.0 0.002
истек 0.001 2.0 0.002
местах 0.001 1.222 0.001
материалам 0.001 0.066 0.0
прививка 0.001 1.046 0.001
срочно 0.001 0.167 0.0
баню 0.002 1.699 0.003
болели 0.001 1.301 0.001
тяжелую 0.001 1.699 0.002
избыточными 0.001 2.0 0.002
другим 0.001 0.62 0.001
источники 0.001 0.959 0.001
вода 0.003 1.222 0.004
случае 0.001 0.357 0.0
противопоказаниями 0.001 1.523 0.002
covid-19 0.002 0.77 0.002
откладывайте 0.001 2.0 0.002
вести 0.002 0.824 0.002
печени 0.001 1.523 0.002
пройти 0.001 0.854 0.001
заявил 0.001 0.658 0.001
ученым 0.001 1.301 0.001
анафилаксии 0.002 2.0 0.004
подтвердился 0.001 2.0 0.002
иностранным 0.001 0.097 0.0
astrazeneca 0.002 0.959 0.002
практике 0.001 1.0 0.001
нужно 0.002 0.237 0.0
общего 0.001 1.0 0.001
организации 0.002 0.658 0.001
например 0.005 0.229 0.001
необходимости 0.002 0.854 0.002
должна 0.001 0.538 0.001
сми 0.001 0.602 0.001
будьте 0.001 1.699 0.002
решение 0.001 0.509 0.001
нееинструкция 0.001 2.0 0.002
указаниях 0.001 1.699 0.002
отеком 0.001 2.0 0.002
следствие 0.001 1.699 0.002
что-то 0.001 0.569 0.001
частицы 0.002 1.301 0.003
газета 0.001 1.301 0.001
ctrl+enter 0.001 0.066 0.0
знаний 0.001 1.523 0.002
вакцинацией 0.001 0.959 0.001
безопасно 0.002 0.066 0.0
исследованиях 0.002 0.854 0.002
новостиисторииразборшапитокоронавирусмагаз 0.001 0.066 0.0
ввести 0.001 1.301 0.001
пару 0.001 0.77 0.001
обычно 0.001 0.523 0.001
рф 0.001 0.745 0.001
вероятно 0.001 0.699 0.001
youtube 0.001 0.06 0.0
должны 0.002 0.432 0.001
желудочно-кишечного 0.001 2.0 0.002
нервной 0.001 1.398 0.001
объективных 0.001 2.0 0.002
либо 0.002 0.569 0.001
компонентом 0.001 1.301 0.001
суставах 0.001 2.0 0.002
создано 0.001 0.097 0.0
гриппоподобные 0.001 2.0 0.002
здравоохранения 0.001 0.658 0.001
вторую 0.001 1.222 0.001
которая 0.002 0.301 0.001
определитесь 0.001 2.0 0.002
поддержите 0.001 0.102 0.0
институтом 0.001 1.523 0.002
которого 0.002 0.585 0.001
антигены 0.001 1.699 0.002
заметили 0.001 1.398 0.001
врачу 0.001 1.222 0.001
любые 0.001 0.854 0.001
опасных 0.001 1.699 0.002
вижу 0.001 0.745 0.001
противопоказаний 0.004 1.301 0.005
антител 0.002 0.854 0.002
российскимправилам 0.001 2.0 0.002
вводятся 0.001 1.699 0.002
поэтому 0.002 0.328 0.001
идея 0.001 1.155 0.001
хлорид 0.004 2.0 0.008
средством 0.001 0.102 0.0
прием 0.001 1.398 0.001
противопоказанием 0.001 1.699 0.002
выполняющим 0.002 0.097 0.0
медицинские 0.002 0.796 0.002
запишитесь 0.001 2.0 0.002
возможно 0.001 0.398 0.0
устраивает 0.001 1.046 0.001
эффекты 0.001 1.523 0.002
ошибку 0.001 0.066 0.0
первичный 0.001 2.0 0.002
июня 0.002 0.854 0.002
методических 0.001 1.301 0.001
компонент 0.004 1.222 0.005
штаммов 0.001 1.097 0.001
препарат 0.002 0.959 0.002
сами 0.002 0.538 0.001
первых 0.001 0.959 0.001
давления 0.001 1.0 0.001
лет 0.001 0.252 0.0
распространения 0.001 0.678 0.001
считалось 0.001 2.0 0.002
отложить 0.001 1.699 0.002
используется 0.001 0.796 0.001
противовоспалительные 0.001 1.523 0.002
искать 0.001 0.854 0.001
выясняется 0.001 1.699 0.002
говорят 0.001 0.432 0.0
противоречат 0.001 1.222 0.001
где-то 0.001 0.721 0.001
пиарят 0.001 1.699 0.002
прививки 0.002 0.638 0.001
подчеркивает 0.001 1.398 0.001
месяц 0.001 0.745 0.001
указывает 0.001 1.301 0.001
пренебречь 0.001 2.0 0.002
спутника 0.003 0.796 0.002
феврале 0.001 1.097 0.001
этикетке 0.001 2.0 0.002
данные 0.002 0.066 0.0
связанная 0.001 2.0 0.002
сердечно-сосудистой 0.001 1.699 0.002
дают 0.001 0.721 0.001
поговорить 0.001 1.222 0.001
противопоказания 0.004 1.155 0.005
кормление 0.001 2.0 0.002
ходить 0.002 1.222 0.002
ковиваком 0.002 1.398 0.003
специально 0.001 0.959 0.001
разбор 0.002 0.387 0.001
навредить 0.001 1.398 0.001
данным 0.001 0.444 0.0
уточнить 0.001 1.699 0.002
нажмите 0.001 0.066 0.0
осторожностью 0.002 1.699 0.003
этилендиаминтетраацетат 0.002 2.0 0.004
рассказываем 0.001 0.886 0.001
современным 0.001 2.0 0.002
производителю 0.001 1.301 0.001
удостоверяющего 0.001 2.0 0.002
работникам 0.001 1.398 0.001
ситуацию 0.001 0.796 0.001
соглашались 0.001 1.699 0.002
российский 0.001 0.638 0.001
некоторых 0.003 0.523 0.002
нормальной 0.001 1.097 0.001
вторичным 0.001 2.0 0.002
учтите 0.001 2.0 0.002
антиген 0.001 1.523 0.002
российских 0.001 0.337 0.0
других 0.004 0.26 0.001
числе 0.001 0.31 0.0
новых 0.001 0.678 0.001
первичных 0.001 2.0 0.002
иностранного 0.002 0.102 0.0
упомянуты 0.001 2.0 0.002
подобных 0.001 1.0 0.001
полис 0.001 2.0 0.002
материал 0.001 0.086 0.0
здоровья 0.002 0.959 0.002
симптомов 0.002 0.886 0.002
рака 0.001 1.523 0.002
обратиться 0.001 1.046 0.001
целом 0.001 0.585 0.001
недоступны 0.001 1.523 0.002
главные 0.001 0.921 0.001
поймут 0.001 2.0 0.002
клиниках 0.002 1.398 0.003
инструкции 0.004 1.155 0.005
госуслуги 0.001 1.523 0.002
мерами 0.001 1.523 0.002
быстрой 0.001 1.699 0.002
дыхания 0.001 1.523 0.002
улучшить 0.001 1.699 0.002
– 0.001 0.06 0.0
новый 0.001 0.658 0.001
применимой 0.001 2.0 0.002
привитые 0.002 1.222 0.002
вакцинироваться 0.002 1.0 0.002
жителей 0.001 0.569 0.001
время 0.002 0.102 0.0
ковида 0.004 0.444 0.002
смогутпринять 0.001 2.0 0.002
пациентам 0.001 1.301 0.001
нами 0.001 0.066 0.0
стала 0.001 0.569 0.001
ура 0.002 1.097 0.002
5-го 0.001 1.523 0.002
испытаний 0.001 0.921 0.001
белка 0.002 1.301 0.003
тяжело 0.001 0.796 0.001
ампулу 0.002 2.0 0.004
серотипа 0.002 1.523 0.003
новые 0.001 0.602 0.001
стоит 0.003 0.509 0.002
вирус 0.001 0.678 0.001
московских 0.001 1.523 0.002
недомогание 0.001 2.0 0.002
вреда 0.002 1.523 0.003
выраженные 0.001 1.699 0.002
гидроксид 0.002 2.0 0.004
рекламаmeduza 0.001 0.066 0.0
никто 0.001 0.523 0.001
боль 0.002 0.959 0.002
любого 0.002 1.398 0.003
вводят 0.001 1.398 0.001
неблагоприятный 0.001 1.699 0.002
медицинский 0.002 1.523 0.003
нежелательной 0.001 1.222 0.001
мочить 0.002 1.523 0.003
лицом 0.001 0.102 0.0
проведена 0.001 1.699 0.002
принимается 0.001 1.155 0.001
инфекционные 0.001 2.0 0.002
лечении 0.001 1.301 0.001
функции 0.002 0.097 0.0
кабинетах 0.001 2.0 0.002
постоянно 0.001 0.62 0.001
статья 0.001 1.0 0.001
вторичные 0.001 1.699 0.002
узнавать 0.001 1.699 0.002
соблюдайте 0.001 2.0 0.002
среди 0.002 0.42 0.001
ситуациях 0.001 1.155 0.001
оснований 0.001 1.046 0.001
ковивак 0.002 1.155 0.002
известно 0.001 0.481 0.0
варианте 0.001 1.222 0.001
эндокринные 0.001 2.0 0.002
пишут 0.002 0.77 0.002
назад 0.002 0.18 0.0
снова 0.001 0.678 0.001
препаратами 0.002 1.097 0.002
учреждении 0.001 2.0 0.002
британским 0.001 1.699 0.002
безопасности 0.003 0.481 0.001
укола 0.002 1.155 0.002
johnson 0.002 1.155 0.002
российскими 0.001 0.854 0.001
перейти 0.001 0.066 0.0
совпадают 0.001 1.523 0.002
поддержать 0.001 0.066 0.0
пишет 0.001 0.824 0.001
источник 0.002 0.174 0.0
протекающие 0.001 2.0 0.002
применяются 0.001 1.301 0.001
проверить 0.001 1.097 0.001
прививать 0.001 1.0 0.001
стране 0.001 0.523 0.001
рекомендаций 0.001 1.155 0.001
кодекс 0.001 0.066 0.0
кроветворения 0.001 1.699 0.002
исчезновения 0.001 2.0 0.002
хочу 0.002 0.137 0.0
также 0.008 0.237 0.002
ковид 0.002 0.796 0.002
официальные 0.001 1.097 0.001
калия 0.002 2.0 0.004
известные 0.001 1.301 0.001
отказаться 0.002 1.046 0.002
осмотр 0.001 1.699 0.002
хорошие 0.001 1.0 0.001
медицинским 0.001 1.398 0.001
почек 0.001 1.523 0.002
снижением 0.001 1.398 0.001
средней 0.001 1.222 0.001
номер 0.001 1.398 0.001
общие 0.001 1.523 0.002
чьего 0.001 1.699 0.002
бесплатна 0.001 2.0 0.002
государствовыплачивает 0.001 2.0 0.002
данное 0.001 0.097 0.0
штаммы 0.001 1.398 0.001
26-го 0.001 1.523 0.002
какой-то 0.001 0.538 0.001
подготовиться 0.002 1.155 0.002
гексагидрат 0.002 2.0 0.004
вопросе 0.001 1.523 0.002
носить 0.001 1.097 0.001
воз 0.005 0.796 0.004
аллергия 0.001 1.699 0.002
употреблять 0.002 2.0 0.004
единственная 0.001 1.046 0.001
ко 0.001 0.745 0.001
общались 0.001 1.301 0.001
введения 0.002 0.796 0.002
коротко 0.001 0.824 0.001
ожидать 0.001 1.097 0.001
базы 0.001 1.222 0.001
тамназываюттолько 0.001 2.0 0.002
пор 0.001 0.387 0.0
сообщила 0.001 1.398 0.001
сработать 0.001 1.699 0.002
правила 0.002 0.066 0.0
минздравом 0.001 1.398 0.001
температура 0.002 1.0 0.002
основного 0.001 1.699 0.002
антитела 0.001 0.959 0.001
одобрили 0.001 2.0 0.002
вакцинации 0.007 0.553 0.004
отличаются 0.001 1.046 0.001
вконтакте 0.001 0.066 0.0
компоненту 0.001 1.699 0.002
прививками 0.001 1.301 0.001
введением 0.001 1.301 0.001
натрия 0.006 2.0 0.012
какую 0.001 1.301 0.001
препарата 0.002 0.886 0.002
возьмите 0.001 1.699 0.002
вторым 0.001 1.155 0.001
live 0.001 0.022 0.0
решили 0.002 0.658 0.001
нетяжелых 0.001 2.0 0.002
часто 0.002 0.456 0.001
блог 0.001 0.066 0.0
детей 0.001 0.523 0.001
инстаграм 0.001 0.066 0.0
© 0.001 0.0 0.0
безосновательно 0.001 2.0 0.002
вопросы 0.001 0.481 0.0
проблема 0.002 0.721 0.001
выделите 0.001 0.066 0.0
разных 0.001 0.398 0.0
вич-инфекции 0.001 2.0 0.002
получить 0.001 0.553 0.001
тяжелые 0.002 1.046 0.002
данных 0.002 0.481 0.001
миокардит 0.001 2.0 0.002
читайте 0.001 0.745 0.001
ею 0.001 1.0 0.001
недели 0.001 0.42 0.0
легко 0.001 0.824 0.001
использования 0.001 0.921 0.001
посоветовал 0.001 1.523 0.002
meduzacare 0.001 0.066 0.0
годности 0.001 2.0 0.002
обоснованных 0.001 2.0 0.002
находитесь 0.001 2.0 0.002
фосфат 0.001 2.0 0.002
против 0.002 0.229 0.0
исход 0.001 1.097 0.001
попросить 0.002 1.222 0.002
вскармливания 0.001 1.699 0.002
рекомендуют 0.002 0.796 0.002
саркисян 0.001 0.959 0.001
отказывается 0.001 1.523 0.002
кнопка 0.001 0.066 0.0
работник 0.002 2.0 0.004
хотя 0.003 0.276 0.001
анализа 0.001 1.097 0.001
эпиваккорону 0.001 1.398 0.001
бронхиальная 0.001 2.0 0.002
обстоятельство 0.001 2.0 0.002
дарья 0.001 0.959 0.001
иммунизации 0.001 1.398 0.001
заниматься 0.001 0.886 0.001
анафилаксия 0.001 2.0 0.002
вечерняя 0.001 0.066 0.0
содержащие 0.002 1.523 0.003
речь 0.001 0.432 0.0
это 0.009 0.066 0.001
вакцин 0.002 0.62 0.001
еду 0.001 0.886 0.001
этанол 0.002 2.0 0.004
другие 0.002 0.268 0.001
аллергической 0.002 1.699 0.003
пандемии 0.001 0.658 0.001
названием 0.001 1.155 0.001
готовы 0.001 0.678 0.001
злокачественных 0.001 2.0 0.002
аутоиммунные 0.001 1.523 0.002
поддержки 0.001 0.066 0.0
смогут 0.001 0.745 0.001
положенную 0.001 1.699 0.002
спутник 0.005 0.721 0.004
помощь 0.001 0.097 0.0
дело 0.002 0.509 0.001
настоять 0.001 2.0 0.002
изучите 0.001 2.0 0.002
процедуру 0.001 1.523 0.002
выясните 0.001 2.0 0.002
прививает 0.001 2.0 0.002
работаем 0.001 0.161 0.0
простимулировав 0.001 2.0 0.002
отследить 0.001 2.0 0.002
v 0.007 0.699 0.005
своим 0.001 0.658 0.001
призывающих 0.001 2.0 0.002
астма 0.001 2.0 0.002
ответ 0.001 0.602 0.001
внести 0.001 1.398 0.001
большинство 0.001 0.796 0.001
истолкованы 0.001 2.0 0.002
дельта 0.001 0.854 0.001
развитие 0.001 1.155 0.001
неинфекционные 0.001 2.0 0.002
пригодится 0.001 2.0 0.002
записываться 0.001 2.0 0.002
прививаться 0.002 0.921 0.002
достаточных 0.001 1.699 0.002
кишечных 0.001 2.0 0.002
определиться 0.001 2.0 0.002
прорывах 0.001 2.0 0.002
новообразования 0.002 2.0 0.004
вакциной 0.001 0.886 0.001
24/7 0.001 0.102 0.0
хронические 0.002 1.523 0.003
организаций 0.001 1.046 0.001
android 0.001 0.066 0.0
выжидая 0.001 2.0 0.002
english 0.001 0.06 0.0
любое 0.001 1.222 0.001
аллергические 0.002 1.523 0.003
состоянием 0.001 1.523 0.002
схож 0.001 2.0 0.002
аминометан 0.002 2.0 0.004
пограничных 0.001 1.699 0.002
консультативный 0.001 2.0 0.002
энцефалита 0.001 1.699 0.002
новости 0.001 0.481 0.0
большая 0.001 0.77 0.001
беременность 0.002 1.222 0.002
отметить 0.001 1.097 0.001
комитет 0.001 1.222 0.001
хорошая 0.001 0.886 0.001
поддержка 0.001 0.167 0.0
нужна 0.002 0.092 0.0
такого 0.002 0.509 0.001
вакцинация 0.002 0.699 0.001
передать 0.001 1.301 0.001
работники 0.001 1.222 0.001
две-четыре 0.001 1.699 0.002
задала 0.001 1.398 0.001
ковидаплохих 0.001 2.0 0.002
можете 0.002 0.699 0.001
флакон 0.002 1.699 0.003
предлагают 0.002 1.046 0.002
случаях 0.005 0.658 0.003
sars-cov-2 0.003 0.824 0.002
имеют 0.001 0.678 0.001
ведутся 0.001 1.523 0.002
всем 0.001 0.252 0.0
росздравнадзор 0.001 1.699 0.002
грудью 0.001 2.0 0.002
меры 0.002 0.854 0.002
подробнее 0.001 0.699 0.001
разработчику 0.001 1.222 0.001
те 0.001 0.357 0.0
требования 0.001 0.066 0.0
посмотреть 0.001 0.721 0.001
связаться 0.001 0.066 0.0
прямые 0.001 2.0 0.002
динатрия 0.001 2.0 0.002
крови 0.002 0.959 0.002
информации 0.002 0.102 0.0
источниках 0.001 1.699 0.002
состояния 0.001 0.959 0.001
ситуацией 0.001 1.301 0.001
грудного 0.001 1.699 0.002
потребоваться 0.001 1.523 0.002
орви 0.001 1.301 0.001
тех 0.002 0.26 0.001
тяжелой 0.001 0.959 0.001
активного 0.001 1.398 0.001
считает 0.002 0.678 0.001
медицинского 0.002 1.222 0.002
силы 0.001 0.796 0.001
медицинских 0.001 0.959 0.001
спутником 0.001 0.921 0.001
тремя 0.002 1.301 0.003
выработались 0.001 1.699 0.002
определенности 0.001 2.0 0.002
почему 0.002 0.337 0.001
зарегистрированные 0.001 1.523 0.002
новообразованиях 0.001 2.0 0.002
указаны 0.001 1.523 0.002
бабушке 0.001 1.301 0.001
привиться 0.006 0.796 0.005
верить 0.001 0.959 0.001
насторожиться 0.001 2.0 0.002
процессе 0.001 1.046 0.001
медузе 0.002 0.066 0.0
острых 0.001 2.0 0.002
первый 0.002 0.481 0.001
организация 0.001 0.886 0.001
совмещать 0.001 2.0 0.002
собой 0.002 0.62 0.001
facebook 0.001 0.0 0.0
медузу 0.002 0.066 0.0
обработки 0.001 0.066 0.0
менее 0.001 0.432 0.0
гидроксиметил 0.002 2.0 0.004
идите 0.001 2.0 0.002
качественную 0.001 2.0 0.002
обострения 0.001 2.0 0.002
россия 0.001 0.398 0.0
исключительных 0.001 1.699 0.002
формальных 0.001 2.0 0.002
симптомы 0.002 0.959 0.002
написано 0.002 1.155 0.002
массовой 0.001 0.097 0.0
выздоровления 0.002 1.398 0.003
спортом 0.001 1.523 0.002
вроде 0.001 0.658 0.001
непосредственно 0.001 0.959 0.001
проведенной 0.001 1.699 0.002
заменяют 0.001 1.699 0.002
кто-то 0.002 0.602 0.001
повышенная 0.001 1.155 0.001
гам-ковид-вак 0.002 1.301 0.003
теории 0.002 1.097 0.002
двукратно 0.001 2.0 0.002
таковы 0.001 2.0 0.002
упоминаются 0.001 1.699 0.002
возникнуть 0.001 1.155 0.001
эдта 0.002 2.0 0.004
находятся 0.001 0.854 0.001
такие 0.002 0.444 0.001
конкретном 0.001 2.0 0.002
спасибоgiphyза 0.001 0.066 0.0
показывать 0.001 0.066 0.0
прививают 0.002 1.222 0.002
додекагидрат 0.001 2.0 0.002
сахароза 0.002 2.0 0.004
заболеваниях 0.002 1.398 0.003
twitter 0.001 0.0 0.0
приходите 0.001 1.699 0.002
раньше 0.001 0.432 0.0
гиперчувствительность 0.001 1.699 0.002
рекомбинантные 0.002 2.0 0.004
болезни 0.002 0.62 0.001
пожалуйста 0.001 0.102 0.0
должен 0.002 0.585 0.001
заболеваний 0.002 0.745 0.001
связано 0.001 0.854 0.001
озноб 0.001 2.0 0.002
платформы 0.002 0.066 0.0
средства 0.002 1.0 0.002
утвержденным 0.001 2.0 0.002
изучен 0.001 1.523 0.002
прививочных 0.001 1.699 0.002
исследования 0.001 0.481 0.0
именно 0.001 0.244 0.0
осложнения 0.001 1.301 0.001
понять 0.002 0.721 0.001
прошлом 0.002 0.921 0.002
официальных 0.002 0.921 0.002
вакцины 0.011 0.585 0.006
персональные 0.001 0.066 0.0
очень 0.001 0.149 0.0
посоветуйтесь 0.001 1.699 0.002
неопределенность 0.001 1.699 0.002
место 0.002 0.678 0.001
которые 0.004 0.119 0.0
активно 0.001 0.77 0.001
недостаточно 0.001 0.921 0.001
врача 0.001 1.097 0.001
meduza 0.003 0.0 0.0
гидрофосфата 0.001 2.0 0.002
трис 0.002 2.0 0.004
важное 0.001 1.046 0.001
дневник 0.001 1.699 0.002
отводами 0.001 2.0 0.002
иммунный 0.001 1.155 0.001
взвесить 0.001 1.699 0.002
организма 0.001 0.921 0.001
компоненты 0.001 1.097 0.001
рода 0.001 0.854 0.001
серьезных 0.001 1.155 0.001
проявить 0.001 2.0 0.002
опыта 0.001 1.398 0.001
странах 0.002 0.495 0.001
компонентами 0.001 2.0 0.002
год 0.002 0.409 0.001
введение 0.001 1.222 0.001
фоне 0.001 0.796 0.001
болезней 0.001 1.222 0.001
минздраве 0.001 1.523 0.002
зарегистрирован 0.001 1.398 0.001
счет 0.001 0.824 0.001
эта 0.002 0.367 0.001
чему 0.001 1.301 0.001
российским 0.002 0.092 0.0
которых 0.001 0.237 0.0
мышцах 0.001 2.0 0.002
какой-либо 0.001 1.155 0.001
спойлер 0.001 0.796 0.001
тому 0.002 0.509 0.001
незаконно 0.001 1.699 0.002
вещество 0.001 1.398 0.001
вакцинацию 0.002 0.824 0.002
собираются 0.001 0.921 0.001
заранее 0.001 0.959 0.001
острые 0.002 2.0 0.004
вводить 0.001 1.222 0.001
вместе 0.001 0.602 0.001
однако 0.002 0.337 0.001
реклама 0.002 0.066 0.0
из-за 0.002 0.229 0.0
интересах 0.001 0.167 0.0
ген 0.002 1.523 0.003
артериального 0.001 2.0 0.002
сша 0.001 0.469 0.0
осложнениях 0.001 2.0 0.002
сообщение 0.001 0.102 0.0
сделать 0.003 0.357 0.001
учреждениях 0.001 1.398 0.001
