влияет 0.002 1.155 0.002
вывести 0.001 1.523 0.002
говорим 0.001 0.959 0.001
расползание 0.001 2.0 0.002
коррупцией 0.001 2.0 0.002
редакции 0.001 0.066 0.0
положительное 0.001 2.0 0.002
войска 0.001 0.721 0.001
недемократических 0.001 2.0 0.002
внутренним 0.001 2.0 0.002
перестал 0.001 1.301 0.001
какая-то 0.002 0.959 0.002
обыденную 0.001 2.0 0.002
виду 0.001 0.745 0.001
ждать 0.001 0.745 0.001
баннерам 0.001 0.066 0.0
всяких 0.001 1.699 0.002
значит 0.001 0.444 0.0
россии 0.007 0.119 0.001
поменялась 0.001 1.523 0.002
вероятный 0.001 2.0 0.002
предприниматель 0.001 1.523 0.002
действительно 0.001 0.377 0.0
национального 0.001 1.222 0.001
девяностыми 0.001 1.699 0.002
сторонники 0.001 1.222 0.001
боятся 0.001 1.0 0.001
гифки 0.001 0.066 0.0
сахары 0.001 2.0 0.002
сергеем 0.002 1.699 0.003
лжи 0.001 1.699 0.002
санкций 0.002 0.745 0.001
агента 0.001 0.097 0.0
владимира 0.001 0.959 0.001
людей 0.007 0.161 0.001
институтов 0.001 1.699 0.002
годов 0.001 1.0 0.001
зависит 0.001 0.638 0.001
говорит 0.001 0.409 0.0
работал 0.001 1.046 0.001
знаменитое 0.001 2.0 0.002
кроме 0.001 0.387 0.0
пропаганда 0.003 1.046 0.003
ссорятся 0.002 1.699 0.003
точный 0.001 1.523 0.002
специальный 0.001 1.097 0.001
совершенно 0.001 0.678 0.001
режима 0.003 1.0 0.003
70–75 0.001 2.0 0.002
in 0.001 0.0 0.0
поступили 0.001 1.699 0.002
бывают 0.001 1.155 0.001
уместно 0.001 2.0 0.002
опубликовали 0.001 1.222 0.001
документы 0.001 0.796 0.001
днр 0.001 0.959 0.001
бархатная 0.001 2.0 0.002
скандинавских 0.001 1.699 0.002
проецировать 0.001 2.0 0.002
работе 0.001 0.824 0.001
постарались 0.001 1.398 0.001
благополучия 0.001 1.699 0.002
бросает 0.001 2.0 0.002
эффективности 0.001 0.678 0.001
полного 0.001 1.222 0.001
блицкрига 0.001 1.523 0.002
сложный 0.001 1.301 0.001
чему-то 0.001 1.699 0.002
территории 0.001 0.796 0.001
таких 0.001 0.347 0.0
верит 0.001 1.155 0.001
годом 0.001 1.398 0.001
адама 0.001 2.0 0.002
крымского 0.001 2.0 0.002
похожи 0.001 1.097 0.001
маргарита 0.001 1.301 0.001
рустамовой 0.001 2.0 0.002
который 0.003 0.194 0.001
ввели 0.001 1.0 0.001
забыть 0.001 1.301 0.001
несправедливости 0.001 1.523 0.002
структура 0.001 1.301 0.001
анонимно 0.001 0.066 0.0
нуля 0.001 1.222 0.001
второй 0.001 0.42 0.0
уровень 0.005 0.824 0.004
просто 0.001 0.194 0.0
привыкли 0.001 1.398 0.001
ваша 0.001 0.102 0.0
ложь 0.001 1.301 0.001
чаще 0.001 0.602 0.001
проекта 0.001 1.222 0.001
values 0.001 1.699 0.002
прикладных 0.001 1.523 0.002
вторжения 0.001 0.77 0.001
слагаемых 0.001 1.699 0.002
заняло 0.001 1.301 0.001
внешнеполитических 0.001 2.0 0.002
получается 0.001 0.824 0.001
параметрам 0.001 1.398 0.001
рейтинг 0.003 1.0 0.003
слово 0.001 0.959 0.001
высоким 0.001 1.046 0.001
денег 0.005 0.886 0.004
прекратить 0.001 1.097 0.001
удастся 0.001 1.155 0.001
ваши 0.001 1.046 0.001
дорого 0.001 1.523 0.002
наличии 0.001 1.155 0.001
повышением 0.001 1.699 0.002
читателейнам 0.001 0.174 0.0
президентского 0.001 2.0 0.002
куки 0.001 0.066 0.0
нефти 0.001 1.699 0.002
сократилось 0.001 2.0 0.002
чехословакии 0.001 1.699 0.002
страны 0.002 0.444 0.001
недавно 0.001 0.62 0.001
обернется 0.001 2.0 0.002
общая 0.001 1.155 0.001
гельман 0.001 1.301 0.001
использование 0.001 0.066 0.0
ищут 0.001 1.523 0.002
пытаясь 0.001 1.523 0.002
отвечали 0.001 1.398 0.001
продолжаться 0.001 1.398 0.001
заслугой 0.001 2.0 0.002
наш 0.001 0.699 0.001
технологий 0.001 1.301 0.001
политолога 0.001 2.0 0.002
кажется 0.002 0.469 0.001
порядку 0.001 0.066 0.0
дальше 0.001 0.523 0.001
сомневаться 0.001 1.699 0.002
которую 0.001 0.469 0.0
оправдываются 0.001 2.0 0.002
страх 0.001 1.046 0.001
удавалось 0.001 1.155 0.001
пусть 0.001 0.921 0.001
вашей 0.001 1.097 0.001
ученые 0.001 0.678 0.001
персоналистский 0.001 2.0 0.002
года 0.004 0.167 0.001
плотность 0.001 1.699 0.002
вотсапе 0.001 2.0 0.002
потребления 0.001 2.0 0.002
неочевидных 0.001 1.155 0.001
странами 0.001 1.046 0.001
вциома 0.001 2.0 0.002
en 0.001 0.066 0.0
атомизировать 0.001 2.0 0.002
готовых 0.001 1.523 0.002
мнений 0.001 1.523 0.002
процесс 0.002 0.921 0.002
работает 0.001 0.367 0.0
такому 0.001 1.301 0.001
вами 0.001 1.0 0.001
хуже 0.001 0.699 0.001
сравнивают 0.001 1.155 0.001
отвечать 0.002 1.301 0.003
длительный 0.001 1.699 0.002
большей 0.001 1.046 0.001
понимают 0.001 1.097 0.001
повлиять 0.001 1.398 0.001
понести 0.001 1.699 0.002
идеальным 0.001 1.699 0.002
бедность 0.001 1.699 0.002
несправедливо 0.001 2.0 0.002
социального 0.002 1.301 0.003
дней 0.003 0.337 0.001
распространено 0.001 0.102 0.0
звонят 0.001 1.523 0.002
введено 0.001 1.699 0.002
другом 0.001 0.721 0.001
организовали 0.001 1.699 0.002
сколько 0.002 0.585 0.001
насколько 0.002 0.42 0.001
неизвестны 0.001 1.699 0.002
ios 0.001 0.066 0.0
эмпирический 0.001 2.0 0.002
контрагента 0.001 2.0 0.002
будут 0.001 0.301 0.0
заметить 0.001 1.301 0.001
российской 0.001 0.432 0.0
справедливости 0.001 1.398 0.001
бросают 0.001 1.699 0.002
8–10 0.001 2.0 0.002
политическая 0.001 1.301 0.001
политолог 0.001 1.523 0.002
возраста 0.001 0.886 0.001
несколько 0.001 0.201 0.0
подкаста 0.001 1.699 0.002
премьер-министром 0.001 1.699 0.002
сценарий 0.002 1.398 0.003
аппарат 0.001 1.222 0.001
покупаете 0.001 2.0 0.002
больший 0.001 1.398 0.001
разным 0.001 1.097 0.001
viber 0.001 2.0 0.002
факторы 0.001 1.222 0.001
войну 0.001 0.638 0.001
процентных 0.001 1.699 0.002
нечего 0.001 1.523 0.002
огонь 0.001 1.398 0.001
эмбарго 0.002 1.699 0.003
2017-му 0.001 2.0 0.002
деньги 0.002 0.77 0.002
могут 0.001 0.187 0.0
своего 0.001 0.721 0.001
отключение 0.001 2.0 0.002
авторитарное 0.001 2.0 0.002
социальных 0.003 1.155 0.003
поддерживать 0.002 0.886 0.002
популярного 0.001 1.523 0.002
владимир 0.001 0.62 0.001
частности 0.001 0.678 0.001
ссср 0.001 1.155 0.001
крымом 0.001 2.0 0.002
подкастов 0.001 1.699 0.002
прислушивается 0.001 2.0 0.002
выявили 0.001 1.699 0.002
писал 0.001 1.046 0.001
довольно 0.001 0.523 0.001
латинской 0.001 1.699 0.002
трех 0.001 0.638 0.001
трансформационный 0.001 2.0 0.002
долго 0.001 0.745 0.001
угроз 0.001 1.398 0.001
боевые 0.001 1.222 0.001
поднялся 0.001 1.699 0.002
отключить 0.001 1.699 0.002
найти 0.002 0.602 0.001
автор 0.001 1.0 0.001
далее 0.001 0.959 0.001
революции 0.001 2.0 0.002
полный 0.001 0.77 0.001
политический 0.001 1.398 0.001
коллапс 0.001 2.0 0.002
пойду 0.001 1.398 0.001
пошел 0.001 1.097 0.001
анализе 0.001 1.301 0.001
ввп 0.001 2.0 0.002
задавать 0.001 1.523 0.002
книжку 0.001 2.0 0.002
вообще 0.006 0.066 0.0
включает 0.001 1.398 0.001
еда 0.001 1.699 0.002
олег 0.001 1.398 0.001
изучали 0.001 1.398 0.001
что-нибудь 0.001 1.398 0.001
объясняет 0.001 0.658 0.001
острым 0.001 2.0 0.002
поговорили 0.001 1.155 0.001
заставить 0.001 1.523 0.002
гонконге 0.001 2.0 0.002
ситуации 0.003 0.721 0.002
подходящая 0.001 1.699 0.002
истории 0.001 0.337 0.0
падения 0.001 1.301 0.001
механизмы 0.001 1.523 0.002
сети 0.001 1.0 0.001
увеличивался 0.001 2.0 0.002
понимать 0.001 0.886 0.001
долгий 0.001 1.222 0.001
жесткие 0.001 1.222 0.001
нефтегазового 0.001 2.0 0.002
винить 0.001 2.0 0.002
первого 0.001 0.658 0.001
экономика 0.005 1.398 0.007
количество 0.002 0.62 0.001
политики 0.001 0.854 0.001
пандемия 0.001 1.097 0.001
показывали 0.001 1.699 0.002
неизвестно 0.001 0.77 0.001
смягчена 0.001 2.0 0.002
процессы 0.001 1.523 0.002
период 0.001 0.796 0.001
нашли 0.001 0.066 0.0
связи 0.002 0.0 0.0
какие 0.002 0.569 0.001
нем 0.001 0.602 0.001
медуза 0.002 0.066 0.0
военными 0.001 1.301 0.001
спрашивают 0.001 1.523 0.002
месте 0.001 0.921 0.001
ленты 0.001 1.699 0.002
нам 0.001 0.086 0.0
исполнить 0.001 2.0 0.002
рот 0.001 1.699 0.002
имеем 0.001 1.398 0.001
помочь 0.001 0.131 0.0
позднесоветское 0.001 2.0 0.002
влияние 0.001 1.046 0.001
рогов 0.001 1.699 0.002
скорее 0.002 0.509 0.001
последние 0.001 0.456 0.0
диктаторы 0.001 2.0 0.002
людьми 0.001 0.745 0.001
сможем 0.001 1.222 0.001
выплаты 0.001 1.699 0.002
whatsapp 0.001 1.398 0.001
смыслах 0.001 1.699 0.002
этому 0.001 0.432 0.0
оранжевая 0.001 2.0 0.002
мало 0.001 0.538 0.001
открыть 0.001 1.155 0.001
кризис 0.002 1.097 0.002
ощущения 0.001 1.301 0.001
зависимости 0.001 0.796 0.001
стало 0.001 0.481 0.0
близкими 0.001 1.398 0.001
юридическим 0.001 0.102 0.0
вверх 0.001 1.398 0.001
делами 0.001 2.0 0.002
придумали 0.001 1.155 0.001
весну 0.001 2.0 0.002
исчерпывается 0.001 1.523 0.002
расти 0.001 1.301 0.001
отражает 0.001 1.523 0.002
обратный 0.001 1.699 0.002
материалам 0.001 0.066 0.0
срочно 0.001 0.167 0.0
институциональных 0.001 2.0 0.002
снижения 0.001 1.155 0.001
аналитиков 0.001 2.0 0.002
постсоветские 0.001 2.0 0.002
динамика 0.001 1.699 0.002
шок 0.001 1.699 0.002
социальный 0.007 1.699 0.012
мирятся 0.001 1.699 0.002
контракт 0.001 1.523 0.002
меньше 0.002 0.444 0.001
telegram 0.001 1.222 0.001
случае 0.001 0.357 0.0
нынешней 0.001 1.155 0.001
необходима 0.001 1.398 0.001
непредсказуемая 0.001 2.0 0.002
развития 0.002 0.886 0.002
связан 0.001 1.398 0.001
режиму 0.001 1.523 0.002
доверять 0.002 1.699 0.003
хорошего 0.001 1.523 0.002
стали 0.001 0.42 0.0
силовой 0.001 1.523 0.002
память 0.001 2.0 0.002
статье 0.001 0.854 0.001
капитала 0.002 1.523 0.003
сталинские 0.001 1.523 0.002
вещей 0.001 1.301 0.001
иностранным 0.001 0.097 0.0
лнр 0.001 1.0 0.001
связей 0.002 1.301 0.003
предотвратить 0.001 1.0 0.001
общего 0.001 1.0 0.001
богатого 0.001 2.0 0.002
нужно 0.001 0.237 0.0
российском 0.001 0.921 0.001
организации 0.001 0.658 0.001
относительно 0.002 0.721 0.001
главный 0.001 0.638 0.001
случаи 0.001 0.721 0.001
конечном 0.001 1.398 0.001
например 0.007 0.229 0.002
мнения 0.001 1.222 0.001
пытаться 0.001 1.398 0.001
ведут 0.001 1.046 0.001
границу 0.001 1.097 0.001
элиты 0.001 1.699 0.002
свои 0.001 0.481 0.0
российскую 0.001 0.745 0.001
военного 0.001 1.097 0.001
более-менее 0.001 1.155 0.001
решение 0.001 0.509 0.001
сонин 0.001 1.699 0.002
которое 0.001 0.337 0.0
жизни 0.002 0.432 0.001
как-то 0.001 0.699 0.001
что-то 0.002 0.569 0.001
материале 0.001 1.155 0.001
трудности 0.001 1.523 0.002
окажемся 0.001 1.699 0.002
прокисшее 0.002 2.0 0.004
ханны 0.001 2.0 0.002
мнению 0.001 0.638 0.001
следствие 0.001 1.699 0.002
пострадали 0.001 1.523 0.002
февраля 0.001 0.387 0.0
общественного 0.001 1.155 0.001
новостиисторииразборшапитокоронавирусмагаз 0.001 0.066 0.0
безопасно 0.001 0.066 0.0
составленной 0.001 2.0 0.002
механизмов 0.001 1.301 0.001
превратился 0.001 1.523 0.002
десять 0.001 0.824 0.001
существование 0.001 1.155 0.001
создательницей 0.001 2.0 0.002
youtube 0.001 0.06 0.0
запомнилось 0.001 2.0 0.002
суммарный 0.001 1.699 0.002
риску 0.001 1.398 0.001
экономическом 0.001 1.398 0.001
молоко 0.003 1.699 0.005
называется 0.001 1.0 0.001
создано 0.001 0.097 0.0
происходят 0.001 1.398 0.001
epa 0.001 0.959 0.001
купить 0.001 0.886 0.001
жизнь 0.001 0.538 0.001
эксперт 0.001 1.699 0.002
семьи 0.001 1.046 0.001
работодателями 0.001 2.0 0.002
получилось 0.001 0.886 0.001
тоталитарное 0.001 2.0 0.002
которая 0.002 0.301 0.001
арендт 0.001 1.699 0.002
поддержите 0.001 0.102 0.0
негативно 0.001 1.398 0.001
коллекцию 0.001 2.0 0.002
внутриэлитные 0.001 2.0 0.002
экономического 0.005 1.699 0.008
случилось 0.001 0.658 0.001
потери 0.001 1.097 0.001
населения 0.001 0.658 0.001
думаю 0.001 0.721 0.001
развиты 0.001 2.0 0.002
зрения 0.001 0.602 0.001
гаазе 0.001 1.699 0.002
буклемишев 0.001 1.699 0.002
идею 0.001 1.0 0.001
предпосылок 0.001 2.0 0.002
политической 0.001 1.222 0.001
пространство 0.001 1.523 0.002
чатиках 0.001 2.0 0.002
поэтому 0.001 0.328 0.0
многие 0.001 0.284 0.0
средством 0.001 0.102 0.0
транзакций 0.001 2.0 0.002
взгляд 0.001 1.398 0.001
стремится 0.001 1.301 0.001
выполняющим 0.001 0.097 0.0
возможно 0.002 0.398 0.001
четыре 0.001 0.569 0.001
внутри 0.002 0.745 0.001
возможность 0.001 0.569 0.001
эффективнее 0.001 1.222 0.001
году 0.002 0.367 0.001
вашего 0.001 1.046 0.001
покупаю 0.001 1.699 0.002
кочетков 0.001 2.0 0.002
телеграм 0.001 1.398 0.001
ошибку 0.001 0.066 0.0
ничем 0.001 1.155 0.001
побеждала 0.001 2.0 0.002
технологических 0.001 1.699 0.002
лет 0.002 0.252 0.001
потоков 0.001 1.699 0.002
сохраняться 0.001 2.0 0.002
недавние 0.001 1.398 0.001
спрашивать 0.001 2.0 0.002
диктатуру 0.001 1.699 0.002
абсолютно 0.001 0.721 0.001
вопрос 0.002 0.42 0.001
проблем 0.001 0.796 0.001
элиту 0.001 1.523 0.002
пшеворского 0.001 2.0 0.002
наиболее 0.001 0.745 0.001
позволяет 0.001 0.854 0.001
военная 0.001 1.301 0.001
режимах 0.001 1.699 0.002
ответы 0.001 1.0 0.001
данные 0.002 0.066 0.0
понимаете 0.001 1.046 0.001
хотите 0.001 0.921 0.001
чьи 0.001 1.699 0.002
бесконечно 0.001 1.398 0.001
экономический 0.002 1.699 0.003
ожидаемо 0.001 1.699 0.002
группу 0.001 1.046 0.001
скажется 0.001 1.523 0.002
россияне 0.003 0.678 0.002
долгом 0.001 2.0 0.002
пропаганды 0.001 1.0 0.001
идеальный 0.001 1.699 0.002
украинской 0.001 1.155 0.001
научный 0.001 0.959 0.001
революция 0.001 2.0 0.002
общую 0.001 1.301 0.001
поражения 0.001 1.301 0.001
большими 0.001 2.0 0.002
ожидания 0.001 1.523 0.002
график 0.001 1.699 0.002
перестало 0.001 1.699 0.002
девяностых 0.002 1.398 0.003
газа 0.001 1.222 0.001
режимов 0.001 1.523 0.002
украину 0.002 0.523 0.001
данным 0.001 0.444 0.0
ухудшаться 0.001 1.699 0.002
базовые 0.001 1.523 0.002
наши 0.001 0.721 0.001
динамике 0.001 1.699 0.002
нажмите 0.001 0.066 0.0
дефолта 0.001 1.699 0.002
нарисовано 0.001 2.0 0.002
трубку 0.001 1.699 0.002
state 0.001 0.959 0.001
разумно 0.001 2.0 0.002
роскомнадзор 0.001 1.301 0.001
ситуацию 0.001 0.796 0.001
российский 0.001 0.638 0.001
режиме 0.001 1.222 0.001
некоторых 0.001 0.523 0.001
идет 0.001 0.367 0.0
наверстает 0.001 1.222 0.001
российских 0.001 0.337 0.0
отвечает 0.001 0.854 0.001
поставки 0.001 1.155 0.001
чеченской 0.001 2.0 0.002
иностранного 0.001 0.102 0.0
благополучии 0.001 2.0 0.002
понижать 0.001 2.0 0.002
человек 0.002 0.215 0.0
материал 0.001 0.086 0.0
агрессивнее 0.001 1.523 0.002
лидера 0.001 1.301 0.001
по-разному 0.001 1.222 0.001
понятно 0.001 0.699 0.001
вашем 0.001 1.523 0.002
темы 0.001 1.301 0.001
целом 0.002 0.585 0.001
исследований 0.001 0.585 0.001
европейских 0.001 1.046 0.001
режим 0.002 0.921 0.002
какого-то 0.001 1.398 0.001
знаете 0.001 0.796 0.001
буквальном 0.001 2.0 0.002
кампании 0.001 0.854 0.001
пытался 0.001 1.301 0.001
отвечу 0.001 1.699 0.002
лидер 0.001 1.301 0.001
– 0.001 0.06 0.0
респондентов 0.001 2.0 0.002
доля 0.001 0.959 0.001
любой 0.001 0.745 0.001
survey 0.001 1.699 0.002
время 0.002 0.102 0.0
видим 0.001 0.921 0.001
leta 0.001 0.301 0.0
социальным 0.001 1.699 0.002
признать 0.001 1.0 0.001
текущую 0.001 2.0 0.002
нами 0.001 0.066 0.0
стала 0.001 0.569 0.001
экономических 0.001 1.097 0.001
отвечают 0.001 1.097 0.001
посадят 0.001 2.0 0.002
лихие 0.002 1.699 0.003
экономике 0.002 1.301 0.003
видно 0.001 0.921 0.001
ctrl+enter 0.001 0.066 0.0
российская 0.001 0.658 0.001
сравнивать 0.001 0.959 0.001
сказывается 0.001 1.523 0.002
рынком 0.001 1.523 0.002
второго 0.001 1.0 0.001
стоит 0.001 0.509 0.001
глубоким 0.001 1.699 0.002
государство 0.001 0.854 0.001
андреем 0.001 1.699 0.002
отключать 0.001 1.699 0.002
либерализации 0.001 2.0 0.002
конституцией 0.001 2.0 0.002
вероятностью 0.001 1.097 0.001
молодых 0.001 1.222 0.001
медленнее 0.001 1.523 0.002
конце 0.001 0.745 0.001
рекламаmeduza 0.001 0.066 0.0
говорить 0.004 0.602 0.002
социально 0.001 1.699 0.002
узнаете 0.001 2.0 0.002
диктатура 0.002 1.523 0.003
сильнее 0.002 0.959 0.002
вводят 0.001 1.398 0.001
останутся 0.001 1.398 0.001
кирилл 0.001 1.398 0.001
законодательств 0.001 1.699 0.002
работы 0.001 0.553 0.001
лицом 0.001 0.102 0.0
юрий 0.001 1.699 0.002
института 0.001 1.301 0.001
умерла 0.001 1.097 0.001
соответствие 0.001 2.0 0.002
выше 0.001 0.509 0.001
силовую 0.001 2.0 0.002
функции 0.001 0.097 0.0
боялись 0.001 1.398 0.001
германии 0.001 0.854 0.001
уехать 0.001 1.0 0.001
вызванный 0.001 1.699 0.002
тысяч 0.001 0.337 0.0
налоги 0.001 1.523 0.002
сложной 0.001 2.0 0.002
цветные 0.001 2.0 0.002
отношения 0.001 0.921 0.001
считал 0.001 1.699 0.002
решения 0.001 0.638 0.001
подешевле 0.001 2.0 0.002
единения 0.001 2.0 0.002
теряют 0.001 1.699 0.002
резкого 0.001 2.0 0.002
russian 0.001 0.824 0.001
лютова 0.001 1.699 0.002
касается 0.001 0.602 0.001
газового 0.001 2.0 0.002
роста 0.001 1.301 0.001
быстро 0.001 0.495 0.0
сетей 0.001 1.699 0.002
максим 0.001 0.824 0.001
примеров 0.001 1.398 0.001
региональных 0.001 1.301 0.001
вопросов 0.001 1.046 0.001
южнее 0.001 1.523 0.002
победа 0.001 1.699 0.002
хватит 0.001 1.398 0.001
власть 0.001 0.959 0.001
категория 0.001 1.523 0.002
назад 0.003 0.18 0.001
другими 0.001 0.495 0.0
фактическая 0.001 2.0 0.002
протестов 0.001 1.222 0.001
экономист 0.002 1.046 0.002
точных 0.001 2.0 0.002
пенсионного 0.001 2.0 0.002
следовательно 0.001 1.155 0.001
перейти 0.001 0.066 0.0
сравнении 0.001 1.523 0.002
поддержать 0.001 0.066 0.0
мельбурнского 0.001 2.0 0.002
источник 0.001 0.174 0.0
технологически 0.001 1.699 0.002
президента 0.001 0.745 0.001
2000-х 0.001 1.523 0.002
социальные 0.001 1.699 0.002
все-таки 0.001 0.553 0.001
какие-то 0.002 0.538 0.001
подозрительности 0.001 2.0 0.002
экономические 0.001 1.523 0.002
отключения 0.001 1.523 0.002
отношений 0.001 1.222 0.001
война 0.001 0.469 0.0
влияют 0.002 1.523 0.003
кодекс 0.001 0.066 0.0
собрали 0.001 1.222 0.001
среднесрочном 0.001 2.0 0.002
хочу 0.001 0.137 0.0
рост 0.001 1.046 0.001
также 0.001 0.237 0.0
исключать 0.002 1.699 0.003
уровня 0.001 0.959 0.001
долг 0.001 1.699 0.002
необходим 0.001 1.523 0.002
доверии 0.001 2.0 0.002
экономики 0.003 1.155 0.003
увеличивает 0.001 1.699 0.002
приходится 0.001 0.886 0.001
политику 0.001 1.046 0.001
основной 0.001 1.046 0.001
соцсети 0.001 1.398 0.001
шоков 0.001 1.699 0.002
механизма 0.001 1.398 0.001
ближайшее 0.001 0.959 0.001
срока 0.001 1.699 0.002
большему 0.001 1.523 0.002
работу 0.003 0.658 0.002
нежелательный 0.001 2.0 0.002
государства 0.001 0.824 0.001
количеству 0.001 1.301 0.001
ударит 0.001 1.699 0.002
вырос 0.001 1.155 0.001
люди 0.004 0.276 0.001
читаю 0.001 2.0 0.002
обществе 0.003 1.398 0.004
последствиях 0.001 0.921 0.001
данное 0.001 0.097 0.0
фаридой 0.001 2.0 0.002
нефтяного 0.001 2.0 0.002
помним 0.001 2.0 0.002
италию 0.001 2.0 0.002
влиять 0.001 1.155 0.001
обменять 0.001 2.0 0.002
самоорганизоваться 0.001 2.0 0.002
ждал 0.001 2.0 0.002
какой-то 0.002 0.538 0.001
стагнация 0.001 2.0 0.002
лишний 0.001 1.523 0.002
типа 0.001 0.959 0.001
теоретически 0.001 1.046 0.001
соглашаются 0.001 2.0 0.002
продолжатся 0.001 2.0 0.002
сферах 0.001 2.0 0.002
посмотрим 0.001 1.398 0.001
коллапса 0.001 2.0 0.002
кризиса 0.002 1.222 0.002
сказаться 0.001 2.0 0.002
бизнес 0.001 1.0 0.001
последних 0.001 1.0 0.001
долгосрочном 0.001 2.0 0.002
ожидать 0.001 1.097 0.001
восстанавливается 0.001 1.699 0.002
опрос 0.001 1.699 0.002
восстановление 0.001 1.398 0.001
большие 0.001 0.796 0.001
правила 0.001 0.066 0.0
механизм 0.002 1.222 0.002
серьезный 0.001 1.523 0.002
известном 0.001 2.0 0.002
процентов 0.001 1.699 0.002
западом 0.001 1.155 0.001
пунктов 0.001 0.959 0.001
резко 0.001 0.854 0.001
технологического 0.001 2.0 0.002
собирать 0.001 1.097 0.001
часть 0.001 0.456 0.0
нашей 0.001 0.699 0.001
вконтакте 0.001 0.066 0.0
верят 0.001 1.155 0.001
перцевым 0.001 2.0 0.002
опираться 0.001 1.398 0.001
награждать 0.001 2.0 0.002
сказать 0.003 0.495 0.001
способов 0.001 1.523 0.002
live 0.001 0.022 0.0
позволит 0.001 1.398 0.001
инвестируете 0.001 2.0 0.002
образом 0.001 0.602 0.001
госуправления 0.001 2.0 0.002
санкции 0.002 0.77 0.002
бегают 0.001 2.0 0.002
проживет 0.001 1.699 0.002
блог 0.001 0.066 0.0
инстаграм 0.001 0.066 0.0
врасплох 0.001 2.0 0.002
совместной 0.001 2.0 0.002
качество 0.001 1.155 0.001
© 0.001 0.0 0.0
равно 0.001 0.638 0.001
вопросы 0.002 0.481 0.001
сменяется 0.001 1.699 0.002
выделите 0.001 0.066 0.0
world 0.001 1.0 0.001
шкале 0.001 1.222 0.001
разных 0.001 0.398 0.0
60–65 0.001 2.0 0.002
повести 0.001 2.0 0.002
ситуация 0.002 0.569 0.001
данных 0.001 0.481 0.0
протестировать 0.001 1.699 0.002
корреляция 0.001 1.523 0.002
сила 0.001 1.155 0.001
практически 0.001 0.602 0.001
застойный 0.001 2.0 0.002
ею 0.001 1.0 0.001
скроллить 0.001 2.0 0.002
meduzacare 0.001 0.066 0.0
полицию 0.001 1.523 0.002
наказания 0.001 1.398 0.001
персоналистская 0.001 2.0 0.002
проводился 0.001 1.523 0.002
склонны 0.001 2.0 0.002
инструментов 0.001 1.222 0.001
против 0.002 0.229 0.0
уменьшает 0.001 1.398 0.001
выделяют 0.001 2.0 0.002
капитал 0.007 1.523 0.011
текущий 0.001 1.523 0.002
разрушительные 0.001 1.699 0.002
экономисты 0.001 1.699 0.002
начинают 0.002 0.886 0.002
воюют 0.001 1.523 0.002
трагическая 0.001 2.0 0.002
окончательно 0.001 1.301 0.001
увидим 0.001 1.222 0.001
отказывается 0.001 1.523 0.002
кнопка 0.001 0.066 0.0
ерунды 0.001 2.0 0.002
хотя 0.001 0.276 0.0
изменить 0.001 1.046 0.001
ребята 0.001 1.301 0.001
показывают 0.001 1.097 0.001
политбюро 0.001 2.0 0.002
льгот 0.001 2.0 0.002
девяностые 0.001 1.699 0.002
начаться 0.001 1.699 0.002
доверия 0.004 1.301 0.005
правительство 0.002 0.824 0.002
нормализации 0.001 2.0 0.002
настоящий 0.001 1.155 0.001
государственных 0.001 1.0 0.001
непредсказуемой 0.001 2.0 0.002
нужны 0.002 0.745 0.001
речь 0.001 0.432 0.0
во-первых 0.001 0.796 0.001
эффективность 0.001 0.569 0.001
основе 0.001 0.745 0.001
это 0.026 0.066 0.002
делали 0.001 1.222 0.001
вечерняя 0.001 0.066 0.0
независимой 0.001 1.222 0.001
… 0.001 1.301 0.001
сильно 0.001 0.509 0.001
ресурсами 0.001 2.0 0.002
поддержки 0.001 0.066 0.0
увеличилось 0.001 1.699 0.002
децентрализация 0.001 2.0 0.002
помощь 0.001 0.097 0.0
начал 0.001 0.796 0.001
выпуск 0.001 1.301 0.001
фома 0.001 2.0 0.002
какое-то 0.001 0.959 0.001
даете 0.001 2.0 0.002
тему 0.001 0.959 0.001
непонятно 0.001 0.921 0.001
видна 0.001 1.398 0.001
одобряемо 0.001 2.0 0.002
вопросу 0.001 1.301 0.001
разделяет 0.001 1.398 0.001
регионах 0.001 0.886 0.001
выправится 0.001 2.0 0.002
последний 0.001 0.824 0.001
работаем 0.001 0.161 0.0
спада 0.001 2.0 0.002
примере 0.002 1.222 0.002
финансирование 0.001 1.398 0.001
рейтинга 0.001 1.699 0.002
итоге 0.002 0.62 0.001
параметров 0.001 1.699 0.002
такая 0.001 0.553 0.001
ответ 0.001 0.602 0.001
страну 0.001 0.796 0.001
консенсуса 0.001 1.699 0.002
национальной 0.001 1.155 0.001
войны 0.003 0.42 0.001
действия 0.001 0.721 0.001
формулируется 0.001 2.0 0.002
наоборот 0.001 0.824 0.001
дел 0.001 1.046 0.001
демографическая 0.001 2.0 0.002
каком 0.002 1.0 0.002
процветании 0.001 2.0 0.002
котором 0.001 0.495 0.0
изменений 0.001 1.398 0.001
эмиграции 0.001 1.699 0.002
росгвардию 0.001 2.0 0.002
гуриевым 0.001 2.0 0.002
снижение 0.001 1.0 0.001
монетизация 0.001 2.0 0.002
средненько 0.001 2.0 0.002
24/7 0.001 0.102 0.0
android 0.001 0.066 0.0
протесты 0.002 1.097 0.002
english 0.001 0.06 0.0
семей 0.001 1.699 0.002
бо́льшая 0.001 2.0 0.002
испытывают 0.001 1.523 0.002
африки 0.001 1.398 0.001
культурой 0.001 1.398 0.001
глобальный 0.001 1.699 0.002
путина 0.003 0.721 0.002
приведение 0.001 2.0 0.002
ценностями 0.001 1.699 0.002
особенно 0.001 0.553 0.001
поддержка 0.001 0.167 0.0
нужна 0.001 0.092 0.0
такого 0.002 0.509 0.001
марта 0.001 0.319 0.0
вокруг 0.001 0.721 0.001
города 0.001 0.638 0.001
людям 0.002 0.678 0.001
политика 0.001 1.0 0.001
чатах 0.001 1.523 0.002
самоорганизовываться 0.001 2.0 0.002
увеличивается 0.001 1.699 0.002
разрушаться 0.001 2.0 0.002
события 0.001 0.745 0.001
квартиру 0.001 1.222 0.001
предлагают 0.001 1.046 0.001
общий 0.001 1.301 0.001
современных 0.001 1.523 0.002
минфине 0.001 1.699 0.002
координация 0.001 2.0 0.002
годы 0.001 0.745 0.001
плане 0.001 1.155 0.001
блокировка 0.001 1.523 0.002
ждут-ждут 0.001 2.0 0.002
результатам 0.001 1.0 0.001
политике 0.001 1.222 0.001
подробнее 0.001 0.699 0.001
ожидал 0.002 1.523 0.003
те 0.001 0.357 0.0
оно 0.001 0.444 0.0
подошел 0.001 2.0 0.002
весна 0.001 1.523 0.002
каждым 0.001 0.854 0.001
связаться 0.001 0.066 0.0
требования 0.001 0.066 0.0
процветания 0.001 2.0 0.002
происходит 0.002 0.387 0.001
россию 0.001 0.678 0.001
2014-м 0.001 1.699 0.002
информации 0.001 0.102 0.0
состояния 0.001 0.959 0.001
вполне 0.001 0.699 0.001
дальнейшие 0.001 1.699 0.002
происходил 0.001 2.0 0.002
большим 0.001 1.046 0.001
гораздо 0.002 0.699 0.001
избиратели 0.001 1.699 0.002
высказываний 0.001 1.523 0.002
важно 0.001 0.509 0.001
считает 0.001 0.678 0.001
прогресса 0.001 2.0 0.002
самоорганизация 0.001 2.0 0.002
восстановиться 0.001 1.523 0.002
арабская 0.001 2.0 0.002
оранжевую 0.001 2.0 0.002
измерить 0.001 1.301 0.001
отложен 0.001 2.0 0.002
меняется 0.001 1.523 0.002
интенсивный 0.001 2.0 0.002
почему 0.002 0.337 0.001
атомизирует 0.001 2.0 0.002
времена 0.001 1.155 0.001
уволили 0.001 1.699 0.002
снизиться 0.001 2.0 0.002
периоде 0.002 1.699 0.003
верить 0.001 0.959 0.001
уверен 0.001 0.959 0.001
полагает 0.001 2.0 0.002
медузе 0.001 0.066 0.0
самого 0.002 0.77 0.002
глубине 0.001 1.699 0.002
field 0.001 2.0 0.002
определяется 0.001 1.398 0.001
человеку 0.001 1.0 0.001
учитывая 0.001 1.222 0.001
поддержку 0.001 0.921 0.001
распад 0.001 1.523 0.002
равновесие 0.001 1.699 0.002
качественная 0.001 2.0 0.002
точно 0.001 0.481 0.0
методы 0.001 1.301 0.001
америки 0.001 1.301 0.001
исследования 0.001 0.481 0.0
facebook 0.002 0.0 0.0
медузу 0.001 0.066 0.0
обработки 0.001 0.066 0.0
связанные 0.001 1.046 0.001
менее 0.001 0.432 0.0
этим 0.001 0.337 0.0
станет 0.001 0.678 0.001
сотрудник 0.001 1.398 0.001
запомнили 0.001 2.0 0.002
большинству 0.001 1.699 0.002
преступность 0.001 2.0 0.002
стороны 0.001 0.432 0.0
россия 0.001 0.398 0.0
массовой 0.001 0.097 0.0
заставил 0.001 1.523 0.002
знаем 0.003 0.585 0.002
заставало 0.001 2.0 0.002
точки 0.001 0.638 0.001
арабскую 0.001 2.0 0.002
помощью 0.001 0.538 0.001
сложно 0.003 0.538 0.002
написать 0.001 1.523 0.002
кризисное 0.001 2.0 0.002
дольше 0.001 1.155 0.001
литература 0.001 1.222 0.001
понимаю 0.001 0.796 0.001
пандемией 0.001 1.301 0.001
больно 0.001 1.398 0.001
эффект 0.001 1.097 0.001
scanpix 0.001 0.301 0.0
евромайдана 0.001 2.0 0.002
40–50 0.001 1.523 0.002
продолжать 0.001 0.921 0.001
сделок 0.001 2.0 0.002
контролировать 0.001 1.301 0.001
побеждает 0.002 1.523 0.003
показывать 0.001 0.066 0.0
перцев 0.001 1.523 0.002
возникнет 0.001 2.0 0.002
спасибоgiphyза 0.001 0.066 0.0
политологов 0.001 2.0 0.002
мировой 0.001 0.886 0.001
каких-то 0.001 0.921 0.001
22–23 0.001 2.0 0.002
жить 0.001 0.824 0.001
twitter 0.001 0.0 0.0
значительное 0.001 1.398 0.001
слабое 0.001 1.699 0.002
транзакции 0.001 1.699 0.002
пожалуйста 0.001 0.102 0.0
европы 0.001 0.796 0.001
нехорошо 0.001 2.0 0.002
представить 0.001 0.959 0.001
оказывались 0.001 1.699 0.002
должен 0.001 0.585 0.001
держится 0.001 1.155 0.001
константин 0.001 1.523 0.002
влияния 0.001 1.398 0.001
vpn 0.001 1.301 0.001
платформы 0.001 0.066 0.0
общей 0.001 0.959 0.001
наверное 0.002 0.921 0.002
партийная 0.001 2.0 0.002
capacity 0.001 2.0 0.002
запрета 0.001 1.398 0.001
цитировали 0.001 2.0 0.002
именно 0.002 0.244 0.0
наблюдали 0.001 1.301 0.001
общественной 0.001 1.398 0.001
надеялся 0.001 1.699 0.002
отдал 0.001 2.0 0.002
разрушается 0.001 2.0 0.002
экономикой 0.002 1.155 0.002
совместный 0.001 1.398 0.001
капиталом 0.001 1.699 0.002
персональные 0.001 0.066 0.0
связанных 0.001 1.155 0.001
такое 0.001 0.347 0.0
очень 0.005 0.149 0.001
бегут 0.001 1.699 0.002
содержать 0.001 1.523 0.002
которые 0.003 0.119 0.0
эпизоды 0.001 2.0 0.002
многих 0.001 0.658 0.001
состоянии 0.002 1.222 0.002
путин 0.001 0.658 0.001
душу 0.001 1.699 0.002
meduza 0.002 0.0 0.0
изменениях 0.001 1.699 0.002
кого 0.001 0.509 0.001
пропаганде 0.001 1.222 0.001
неизвестен 0.001 1.523 0.002
смысле 0.002 1.301 0.003
остается 0.001 0.638 0.001
ананьев 0.001 1.222 0.001
уровне 0.002 0.638 0.001
вспомнить 0.001 1.398 0.001
помогают 0.001 0.886 0.001
смягчить 0.001 1.699 0.002
территория 0.001 2.0 0.002
утверждение 0.001 2.0 0.002
иначе 0.001 0.745 0.001
занимались 0.001 1.523 0.002
закончиться 0.001 1.097 0.001
странах 0.002 0.495 0.001
год 0.001 0.409 0.0
фоне 0.001 0.796 0.001
сильная 0.001 1.155 0.001
мобилизация 0.001 2.0 0.002
алгоритмически 0.001 2.0 0.002
мобилизации 0.001 2.0 0.002
найдете 0.001 2.0 0.002
опыт 0.002 0.886 0.002
свое 0.001 0.721 0.001
самоорганизации 0.003 2.0 0.006
вряд 0.001 0.854 0.001
свежих 0.001 1.301 0.001
позволяют 0.001 0.886 0.001
общество 0.001 0.886 0.001
счет 0.002 0.824 0.002
существует 0.001 0.745 0.001
каком-то 0.001 1.398 0.001
эта 0.002 0.367 0.001
российским 0.001 0.092 0.0
пропаганду 0.001 1.155 0.001
повышать 0.001 1.699 0.002
одной 0.001 0.398 0.0
невозможно 0.001 0.602 0.001
вещи 0.001 0.796 0.001
тому 0.002 0.509 0.001
порядок 0.001 1.155 0.001
теми 0.001 0.886 0.001
страхе 0.001 1.699 0.002
бедные 0.001 2.0 0.002
украине 0.001 0.444 0.0
которым 0.001 0.658 0.001
аккуратным 0.001 2.0 0.002
реклама 0.001 0.066 0.0
зять 0.001 1.523 0.002
делать 0.001 0.276 0.0
из-за 0.005 0.229 0.001
последствий 0.001 0.959 0.001
интересах 0.001 0.167 0.0
доверие 0.002 1.301 0.003
начала 0.001 0.398 0.0
быстрее 0.001 0.886 0.001
самоуправления 0.001 2.0 0.002
тоталитаризм 0.001 1.398 0.001
упадет 0.001 1.155 0.001
сша 0.001 0.469 0.0
ищете 0.001 2.0 0.002
положительно 0.001 1.523 0.002
революцию 0.001 2.0 0.002
сообщение 0.001 0.102 0.0
плохо 0.001 0.569 0.001
важная 0.001 1.155 0.001
куплю 0.001 2.0 0.002
