цб 0.001 1.301 0.001
погибнем 0.001 1.523 0.002
российские 0.002 0.328 0.001
глушить 0.001 1.699 0.002
рассылка 0.001 1.699 0.002
редакции 0.003 0.066 0.0
скачать 0.001 1.699 0.002
кремлю 0.001 1.301 0.001
час 0.005 1.0 0.005
независимого 0.001 1.046 0.001
нобелевскую 0.001 1.523 0.002
перестал 0.001 1.301 0.001
честь 0.001 1.301 0.001
баннерам 0.001 0.066 0.0
греция 0.001 1.398 0.001
действий 0.001 0.699 0.001
заблокирована 0.001 0.824 0.001
осаде 0.001 0.854 0.001
россии 0.011 0.119 0.001
народ 0.002 0.886 0.002
шварценеггер 0.001 1.523 0.002
читать 0.004 0.854 0.003
гифки 0.001 0.066 0.0
украинские 0.001 0.886 0.001
байдена 0.001 1.699 0.002
санкций 0.004 0.745 0.003
людей 0.002 0.161 0.0
дворкович 0.001 1.523 0.002
шлосбергу 0.001 1.699 0.002
района 0.001 1.155 0.001
пропаганда 0.001 1.046 0.001
террористический 0.001 1.699 0.002
презервативы 0.001 1.699 0.002
драмтеатр 0.001 1.398 0.001
смысла 0.001 0.699 0.001
солдата 0.001 1.301 0.001
in 0.001 0.0 0.0
ставку 0.001 1.523 0.002
европе 0.001 0.658 0.001
документы 0.001 0.796 0.001
имейл-рассылку 0.001 1.699 0.002
диктаторе 0.001 1.699 0.002
ближайшего 0.001 1.523 0.002
такгалина 0.001 1.523 0.002
старая 0.001 1.155 0.001
оксимирона 0.001 1.398 0.001
правда 0.001 0.509 0.001
который 0.001 0.194 0.0
весеннего 0.001 1.699 0.002
анонимно 0.001 0.066 0.0
второй 0.003 0.42 0.001
конца 0.001 0.77 0.001
погибли 0.001 1.046 0.001
британский 0.001 1.301 0.001
точке 0.001 1.301 0.001
просто 0.001 0.194 0.0
забытьи 0.001 1.523 0.002
ложь 0.001 1.301 0.001
бывшего 0.001 1.301 0.001
россией 0.002 0.824 0.002
ответственности 0.001 1.046 0.001
карта 0.001 1.155 0.001
делу 0.001 1.523 0.002
италия 0.001 1.222 0.001
помогать 0.001 0.959 0.001
интервью 0.001 0.745 0.001
рейтинг 0.001 1.0 0.001
денег 0.001 0.886 0.001
возведении 0.001 1.523 0.002
куки 0.001 0.066 0.0
путину 0.001 0.959 0.001
минут 0.003 0.854 0.003
киновозможно 0.001 1.699 0.002
недавно 0.001 0.62 0.001
убили 0.001 1.523 0.002
подпишитесь 0.001 1.699 0.002
гельман 0.001 1.301 0.001
использование 0.001 0.066 0.0
границе 0.001 1.046 0.001
местного 0.001 1.097 0.001
наш 0.001 0.699 0.001
остался 0.002 0.854 0.002
дальше 0.002 0.523 0.001
порядку 0.002 0.066 0.0
кажется 0.002 0.469 0.001
карточек 0.002 0.62 0.001
аварии 0.001 1.398 0.001
мариуполя 0.001 1.155 0.001
вашей 0.001 1.097 0.001
министром 0.001 1.523 0.002
года 0.001 0.167 0.0
остановился 0.001 1.523 0.002
неочевидных 0.001 1.155 0.001
конкурсе 0.001 1.699 0.002
лондоне 0.001 1.155 0.001
фотографии 0.001 0.638 0.001
остановить 0.001 0.638 0.001
en 0.001 0.066 0.0
виновным 0.001 1.699 0.002
сдвиг 0.001 1.398 0.001
посмотрите 0.001 1.0 0.001
работает 0.001 0.367 0.0
часов 0.016 0.678 0.011
мариуполь 0.003 0.824 0.002
матери 0.001 1.097 0.001
льву 0.001 1.699 0.002
bloomberg 0.001 1.046 0.001
происходить 0.001 1.155 0.001
рассказывал 0.001 1.222 0.001
разница 0.001 0.886 0.001
закончился 0.001 1.222 0.001
скрываюсь 0.001 1.398 0.001
очередной 0.001 1.097 0.001
начали 0.001 0.481 0.0
колонну 0.001 1.301 0.001
фонда 0.001 1.301 0.001
украина 0.001 0.699 0.001
самый 0.002 0.721 0.001
объяснил 0.001 1.222 0.001
вторжении 0.001 1.398 0.001
дней 0.003 0.337 0.001
жесткими 0.001 1.301 0.001
вход 0.001 1.523 0.002
ios 0.001 0.066 0.0
дверях 0.001 1.523 0.002
придется 0.001 0.854 0.001
губернатора 0.001 1.699 0.002
будут 0.001 0.301 0.0
космос 0.001 1.301 0.001
заставляли 0.001 1.699 0.002
российской 0.001 0.432 0.0
чернигове 0.001 1.301 0.001
рестик 0.001 1.398 0.001
оставаться 0.001 0.921 0.001
зеленского 0.003 1.0 0.003
многообещающей 0.001 1.523 0.002
возраста 0.001 0.886 0.001
крыма 0.002 1.0 0.002
несколько 0.001 0.201 0.0
спорта 0.001 1.699 0.002
польские 0.001 1.523 0.002
однозначно 0.001 0.959 0.001
мертвым 0.001 1.523 0.002
прямо 0.002 0.357 0.001
войну 0.001 0.638 0.001
дошкольного 0.001 1.699 0.002
дипломатам 0.001 1.699 0.002
высылке 0.001 1.699 0.002
свой 0.001 0.585 0.001
офиса 0.001 1.222 0.001
исчезновении 0.001 1.523 0.002
пришли 0.001 0.921 0.001
лицензию 0.001 1.301 0.001
буква 0.001 1.301 0.001
присяжные 0.001 1.699 0.002
могут 0.002 0.187 0.0
прямой 0.001 1.046 0.001
расширили 0.001 1.699 0.002
день 0.014 0.328 0.005
лица 0.001 0.824 0.001
владимир 0.003 0.62 0.002
медузы 0.004 0.268 0.001
задержала 0.001 1.398 0.001
отказалась 0.001 0.959 0.001
ответственны 0.001 1.398 0.001
довольно 0.001 0.523 0.001
работатьотправьте 0.001 1.699 0.002
следующей 0.001 1.301 0.001
пока 0.001 0.208 0.0
авиаударом 0.001 1.523 0.002
история 0.001 0.745 0.001
z. 0.002 1.398 0.003
эмиль 0.001 1.699 0.002
дезертир 0.001 1.699 0.002
территориях 0.001 1.398 0.001
сомнительно 0.001 1.523 0.002
работать 0.001 0.409 0.0
которой 0.002 0.377 0.001
жадные 0.001 1.523 0.002
мариуполе 0.002 0.824 0.002
семьисотрудница 0.001 1.523 0.002
полный 0.001 0.77 0.001
вообще 0.002 0.066 0.0
шаг 0.001 1.046 0.001
медузой 0.001 0.921 0.001
третий 0.001 0.921 0.001
роддом 0.001 1.398 0.001
виктории 0.001 1.523 0.002
речью 0.001 1.301 0.001
объясняет 0.001 0.658 0.001
польский 0.001 1.523 0.002
спрос 0.001 1.398 0.001
франции 0.001 1.0 0.001
истории 0.019 0.337 0.006
пояснения 0.001 1.699 0.002
юзефович 0.001 1.398 0.001
ес 0.001 1.0 0.001
давайте 0.001 1.097 0.001
символом 0.002 1.398 0.003
первого 0.002 0.658 0.001
мишустина 0.001 1.398 0.001
политики 0.001 0.854 0.001
сотрудники 0.001 0.824 0.001
союзник 0.001 1.398 0.001
мария 0.001 1.097 0.001
европейские 0.001 1.222 0.001
лаврова 0.001 1.523 0.002
смерть 0.001 1.097 0.001
нашли 0.001 0.066 0.0
связи 0.002 0.0 0.0
подмосковья 0.001 1.398 0.001
нашу 0.001 1.046 0.001
сферой 0.001 1.398 0.001
мировойречь 0.001 1.699 0.002
заблокировать 0.001 1.222 0.001
концерт 0.001 1.222 0.001
концерте 0.002 1.523 0.003
новая 0.001 0.678 0.001
медуза 0.003 0.066 0.0
главу 0.001 1.523 0.002
нам 0.001 0.086 0.0
помочь 0.001 0.131 0.0
стреляйте 0.001 1.523 0.002
буквы 0.001 1.398 0.001
инструкция 0.002 0.796 0.002
обновление 0.001 1.097 0.001
армии 0.001 0.886 0.001
минуту 0.001 1.398 0.001
стирают 0.001 1.301 0.001
этому 0.002 0.432 0.001
байден 0.001 1.523 0.002
продолжаем 0.001 0.699 0.001
изменила 0.001 1.301 0.001
роль 0.001 0.796 0.001
журналу 0.001 1.398 0.001
плачущих 0.001 1.301 0.001
бомбят 0.002 1.0 0.002
оккупацию 0.001 1.523 0.002
часа 0.009 0.77 0.007
акции 0.004 0.921 0.004
город 0.002 0.699 0.001
объявила 0.001 1.222 0.001
актриса 0.001 1.699 0.002
материалам 0.001 0.066 0.0
назарова 0.001 1.699 0.002
рассказал 0.002 0.796 0.002
видео 0.002 0.678 0.001
выбраться 0.001 1.0 0.001
покажите 0.001 1.301 0.001
городов 0.001 0.796 0.001
выходит 0.002 0.959 0.002
пекин 0.001 1.301 0.001
ограничения 0.001 0.745 0.001
вещание 0.001 1.398 0.001
плену 0.001 1.699 0.002
держали 0.001 1.523 0.002
обвинению 0.001 1.699 0.002
тишине 0.001 1.523 0.002
рассказала 0.001 1.222 0.001
речи 0.001 1.222 0.001
букву 0.002 1.523 0.003
трансляцию 0.001 1.523 0.002
присоединилась 0.001 1.699 0.002
стали 0.001 0.42 0.0
примеру 0.001 1.222 0.001
самых 0.001 0.62 0.001
заявил 0.001 0.658 0.001
новую 0.001 0.921 0.001
путине 0.001 1.699 0.002
лилии 0.001 1.046 0.001
радио 0.001 1.222 0.001
отличить 0.001 1.222 0.001
сегодняпоследнее 0.001 1.699 0.002
нужно 0.001 0.237 0.0
повезло 0.001 0.921 0.001
объясним 0.001 1.523 0.002
главный 0.001 0.638 0.001
делают 0.001 0.745 0.001
австралия 0.001 1.301 0.001
ставит 0.001 1.301 0.001
неутешительны 0.001 1.523 0.002
сообщил 0.001 0.959 0.001
сми 0.002 0.602 0.001
российскую 0.002 0.745 0.001
решение 0.001 0.509 0.001
жизни 0.002 0.432 0.001
которое 0.001 0.337 0.0
советника 0.001 1.301 0.001
страной 0.001 0.959 0.001
назвал 0.001 1.155 0.001
ctrl+enter 0.001 0.066 0.0
рощиной 0.001 1.523 0.002
безопасно 0.001 0.066 0.0
новостиисторииразборшапитокоронавирусмагаз 0.001 0.066 0.0
обстрелами 0.001 1.155 0.001
оперы 0.001 1.699 0.002
мирные 0.001 1.097 0.001
присоединения 0.002 1.398 0.003
надежный 0.001 1.523 0.002
япония 0.001 1.523 0.002
youtube 0.003 0.06 0.0
культуру 0.001 1.523 0.002
всей 0.002 0.699 0.001
бундестаге 0.001 1.301 0.001
шойгу 0.001 1.398 0.001
артдокфесте 0.001 1.699 0.002
ограничений 0.001 0.824 0.001
жизнь 0.001 0.538 0.001
кадрами 0.001 1.398 0.001
документального 0.001 1.699 0.002
мира 0.001 0.824 0.001
банки 0.001 1.398 0.001
которая 0.001 0.301 0.0
доступа 0.001 1.097 0.001
ласицкене 0.001 1.699 0.002
военкомат 0.001 1.398 0.001
убежища 0.001 1.301 0.001
повестки 0.001 1.699 0.002
украины 0.006 0.569 0.003
ранений 0.001 1.699 0.002
вижу 0.001 0.745 0.001
тоталитаризмполитолог 0.001 1.523 0.002
получать 0.001 1.097 0.001
дацишин 0.001 1.699 0.002
сегодня 0.001 0.638 0.001
важных 0.001 1.097 0.001
associated 0.001 1.155 0.001
многие 0.001 0.284 0.0
медиарегулятор 0.001 1.699 0.002
покинуть 0.001 1.0 0.001
сокращений 0.001 1.301 0.001
четыре 0.001 0.569 0.001
внутри 0.001 0.745 0.001
устраивает 0.001 1.046 0.001
разбирает 0.001 1.398 0.001
овсянникова 0.002 1.301 0.003
году 0.001 0.367 0.0
принять 0.001 0.921 0.001
выпустила 0.001 1.222 0.001
сын 0.002 1.097 0.002
ошибку 0.001 0.066 0.0
любовницы 0.001 1.699 0.002
обстрела 0.001 1.155 0.001
сами 0.001 0.538 0.001
наталья 0.001 1.097 0.001
клевете 0.001 1.699 0.002
грозит 0.001 1.155 0.001
лет 0.001 0.252 0.0
доллары 0.001 1.699 0.002
фридман 0.001 1.523 0.002
десантники 0.001 1.523 0.002
восстановить 0.002 1.222 0.002
обратился 0.001 1.155 0.001
нашему 0.001 1.222 0.001
утомляемости 0.001 1.699 0.002
ваших 0.001 1.155 0.001
проблем 0.001 0.796 0.001
друзей 0.001 0.959 0.001
убийстве 0.001 1.523 0.002
показал 0.001 0.921 0.001
сделали 0.002 0.886 0.002
своей 0.002 0.42 0.001
позвольте 0.001 1.523 0.002
украиневот 0.001 1.699 0.002
напоминает 0.001 1.155 0.001
постойте 0.001 1.398 0.001
оправдали 0.001 1.699 0.002
приложение 0.001 1.301 0.001
данные 0.001 0.066 0.0
принятых 0.001 1.523 0.002
россияне 0.001 0.678 0.001
заложниками 0.001 1.398 0.001
пропаганды 0.001 1.0 0.001
местном 0.001 1.523 0.002
солист 0.001 1.523 0.002
волонтеров 0.001 1.222 0.001
киев 0.002 0.77 0.002
канала 0.002 0.959 0.002
безграмотные 0.001 1.699 0.002
спортсменов 0.001 1.523 0.002
разбор 0.004 0.387 0.002
вынуждают 0.001 1.523 0.002
забывчивости 0.001 1.699 0.002
публикуем 0.001 1.222 0.001
независимые 0.001 1.301 0.001
эвакуируется 0.001 1.523 0.002
аэс 0.001 1.398 0.001
украину 0.001 0.523 0.001
данным 0.002 0.444 0.001
нажмите 0.001 0.066 0.0
пскове 0.001 1.699 0.002
военных 0.003 0.699 0.002
сравнения 0.001 0.921 0.001
роскомнадзор 0.001 1.301 0.001
подкасты 0.002 1.398 0.003
rt 0.001 0.824 0.001
наверстает 0.001 1.222 0.001
российских 0.004 0.337 0.001
западе 0.001 0.959 0.001
рыхлой 0.001 1.523 0.002
отвечает 0.001 0.854 0.001
киевлян 0.001 1.097 0.001
сможет 0.001 0.721 0.001
лужниках 0.001 1.523 0.002
патриотов 0.001 1.523 0.002
человек 0.001 0.215 0.0
чернобыльской 0.001 1.222 0.001
материал 0.001 0.086 0.0
заявила 0.001 1.155 0.001
случаю 0.001 1.699 0.002
знаете 0.001 0.796 0.001
захватить 0.001 1.222 0.001
кампании 0.003 0.854 0.003
заблокированные 0.001 1.699 0.002
дом 0.001 0.824 0.001
отказываюсь 0.001 1.398 0.001
– 0.001 0.06 0.0
оккупированных 0.002 1.301 0.003
составили 0.001 1.222 0.001
время 0.002 0.102 0.0
исчезают 0.001 1.301 0.001
исторической 0.001 1.398 0.001
нами 0.001 0.066 0.0
стала 0.001 0.569 0.001
песков 0.001 1.155 0.001
российская 0.001 0.658 0.001
китай 0.001 1.046 0.001
категории 0.001 1.222 0.001
ждет 0.001 0.959 0.001
сохранил 0.001 1.523 0.002
смотреть 0.001 1.0 0.001
выглядит 0.003 0.62 0.002
готовности 0.001 1.699 0.002
мэр 0.001 1.097 0.001
гибнут 0.001 1.222 0.001
антивоенной 0.002 1.0 0.002
рекордном 0.001 1.699 0.002
играло 0.001 1.398 0.001
рекламаmeduza 0.001 0.066 0.0
ядерной 0.001 1.398 0.001
мск 0.001 1.523 0.002
прошел 0.001 1.155 0.001
войне 0.003 0.62 0.002
умерла 0.001 1.097 0.001
der 0.001 1.301 0.001
германию 0.001 1.097 0.001
ребенка 0.001 0.824 0.001
властямипростая 0.001 1.699 0.002
тысяч 0.001 0.337 0.0
совета 0.001 0.959 0.001
борьбе 0.001 0.796 0.001
михаил 0.001 0.959 0.001
журналистки 0.001 1.699 0.002
запретили 0.001 1.097 0.001
соцопроса 0.001 1.523 0.002
обысками 0.001 1.699 0.002
предложили 0.001 1.222 0.001
встречи 0.001 1.301 0.001
дипломатов 0.001 1.398 0.001
переговорах 0.001 1.301 0.001
ближайшем 0.001 1.222 0.001
выступил 0.003 1.0 0.003
громадське 0.001 1.523 0.002
максим 0.001 0.824 0.001
беларусь 0.001 1.699 0.002
боевых 0.001 1.0 0.001
яблока 0.001 1.699 0.002
назад 0.057 0.18 0.01
очищению 0.001 1.523 0.002
власть 0.001 0.959 0.001
минске 0.001 1.699 0.002
„ 0.001 0.62 0.001
спецкора 0.001 1.046 0.001
безопасности 0.001 0.481 0.0
доживем 0.001 1.301 0.001
единственной 0.001 1.097 0.001
экономист 0.001 1.046 0.001
мог 0.001 0.824 0.001
предателей 0.001 1.398 0.001
российскими 0.001 0.854 0.001
кровавым 0.001 1.699 0.002
перейти 0.001 0.066 0.0
гордостью 0.001 1.301 0.001
поддержать 0.001 0.066 0.0
пишет 0.001 0.824 0.001
телеканала 0.001 1.046 0.001
президента 0.001 0.745 0.001
путинскому 0.001 1.301 0.001
стране 0.001 0.523 0.001
да… 0.001 1.699 0.002
война 0.002 0.469 0.001
очищение 0.002 1.301 0.003
кодекс 0.001 0.066 0.0
собрали 0.001 1.222 0.001
давний 0.001 1.523 0.002
“ 0.001 0.432 0.0
хочу 0.002 0.137 0.0
масштабный 0.001 1.699 0.002
официальные 0.001 1.097 0.001
рассказывает 0.001 0.569 0.001
идуттри 0.001 1.523 0.002
разрушенный 0.002 1.301 0.003
освоении 0.001 1.398 0.001
украинского 0.001 0.959 0.001
россиянам 0.002 1.0 0.002
балета 0.001 1.699 0.002
мелитополя 0.001 1.523 0.002
способ 0.001 0.921 0.001
сомневаемся 0.001 1.301 0.001
дела 0.001 1.0 0.001
виновны 0.002 1.398 0.003
поможет 0.001 0.854 0.001
вырос 0.001 1.155 0.001
люди 0.001 0.276 0.0
последствиях 0.001 0.921 0.001
администрации 0.001 1.046 0.001
носят 0.001 1.398 0.001
слова 0.001 0.678 0.001
отозвал 0.001 1.523 0.002
общества 0.002 0.824 0.002
коротко 0.001 0.824 0.001
пор 0.001 0.387 0.0
антивоенный 0.001 1.301 0.001
правила 0.001 0.066 0.0
будущем 0.002 0.745 0.001
увы 0.001 1.097 0.001
западом 0.001 1.155 0.001
арестиккак 0.001 1.523 0.002
полуслове 0.001 1.699 0.002
когда-либо 0.001 1.523 0.002
космонавтику 0.001 1.398 0.001
пунктов 0.001 0.959 0.001
монолог 0.001 1.398 0.001
резко 0.001 0.854 0.001
вконтакте 0.001 0.066 0.0
журналистам 0.001 1.398 0.001
олимпийская 0.001 1.699 0.002
нашей 0.001 0.699 0.001
пересмотра 0.001 1.699 0.002
начиная 0.001 1.523 0.002
украиной 0.002 0.921 0.002
чистейшим 0.001 1.699 0.002
сказать 0.002 0.495 0.001
могу 0.001 0.658 0.001
live 0.001 0.022 0.0
жители 0.002 0.745 0.001
двадцать 0.002 0.959 0.002
санкции 0.001 0.77 0.001
заставляют 0.001 1.523 0.002
детей 0.002 0.523 0.001
блог 0.001 0.066 0.0
инстаграм 0.001 0.066 0.0
© 0.001 0.0 0.0
болгария 0.001 1.523 0.002
предателейпутин 0.001 1.523 0.002
выделите 0.001 0.066 0.0
условиях 0.001 0.569 0.001
власти 0.003 0.387 0.001
spiegel 0.001 1.301 0.001
лидерство 0.001 1.222 0.001
прервали 0.001 1.699 0.002
районах 0.001 1.301 0.001
доминирующую 0.001 1.398 0.001
недели 0.003 0.42 0.001
чемпионка 0.001 1.699 0.002
разрушила 0.001 1.398 0.001
интернет 0.002 1.097 0.002
meduzacare 0.001 0.066 0.0
попало 0.001 1.097 0.001
против 0.004 0.229 0.001
зеландия 0.001 1.523 0.002
кровавом 0.001 1.699 0.002
система 0.001 0.77 0.001
клип 0.001 1.398 0.001
аркадий 0.001 1.523 0.002
марина 0.002 1.301 0.003
кнопка 0.001 0.066 0.0
армия 0.001 0.959 0.001
невыносимо 0.001 1.222 0.001
войнадвадцать 0.001 1.398 0.001
хотя 0.001 0.276 0.0
изданию 0.001 1.398 0.001
дмитрий 0.001 0.658 0.001
музыканты 0.001 1.398 0.001
воевать 0.001 1.097 0.001
вечерняя 0.001 0.066 0.0
речь 0.002 0.432 0.001
умер 0.001 1.046 0.001
звуков 0.001 1.301 0.001
связь 0.001 0.721 0.001
это 0.008 0.066 0.001
другие 0.001 0.268 0.0
прогнозов 0.001 1.398 0.001
готовы 0.001 0.678 0.001
другое 0.001 0.886 0.001
press 0.001 0.824 0.001
поддержки 0.002 0.066 0.0
белорусским 0.001 1.523 0.002
участвовать 0.001 1.301 0.001
самой 0.001 0.699 0.001
оценивает 0.001 1.046 0.001
годам 0.001 1.523 0.002
чечко 0.001 1.699 0.002
клиентов 0.001 1.301 0.001
шестые 0.001 1.398 0.001
народа 0.001 1.222 0.001
российского 0.001 0.62 0.001
лидеру 0.001 1.699 0.002
земфира 0.001 1.523 0.002
годовщины 0.002 1.523 0.003
впечатляющее 0.001 1.523 0.002
текст 0.001 0.886 0.001
смена 0.001 1.301 0.001
привлекли 0.002 1.523 0.003
двух 0.001 0.377 0.0
дня 0.011 0.523 0.006
артем 0.001 1.046 0.001
ответ 0.001 0.602 0.001
национальной 0.001 1.155 0.001
индустрии 0.001 1.222 0.001
войны 0.009 0.42 0.004
действия 0.001 0.721 0.001
больнице 0.001 0.886 0.001
убивает 0.001 1.398 0.001
новой 0.001 0.585 0.001
станции 0.001 1.155 0.001
пытаются 0.001 0.745 0.001
раменского 0.001 1.699 0.002
переводить 0.001 1.523 0.002
навсегда 0.002 0.854 0.002
ввела 0.001 1.699 0.002
напомнил 0.001 1.398 0.001
являться 0.001 1.699 0.002
атака 0.001 1.398 0.001
android 0.001 0.066 0.0
николай 0.001 1.097 0.001
english 0.001 0.06 0.0
поверили 0.001 1.523 0.002
коллеги 0.001 1.0 0.001
пятую 0.001 1.523 0.002
новости 0.011 0.481 0.005
культурной 0.001 1.301 0.001
несправедливость 0.001 1.398 0.001
путина 0.005 0.721 0.004
ресурсы 0.001 1.097 0.001
начался 0.001 0.921 0.001
крупнейшей 0.001 1.097 0.001
нато 0.001 0.959 0.001
готовится 0.001 1.046 0.001
обвинил 0.001 1.523 0.002
марта 0.002 0.319 0.001
изменили 0.001 1.097 0.001
норвегия 0.001 1.301 0.001
стратегически 0.001 1.301 0.001
яппаровой 0.001 1.046 0.001
аргументы 0.001 0.77 0.001
советуем 0.001 1.301 0.001
харьков 0.001 0.886 0.001
врачей 0.001 0.745 0.001
здание 0.001 1.097 0.001
z 0.001 1.046 0.001
уволилась 0.001 1.523 0.002
меры 0.001 0.854 0.001
признали 0.001 1.398 0.001
глаза 0.001 0.886 0.001
требования 0.001 0.066 0.0
связаться 0.001 0.066 0.0
времени 0.001 0.523 0.001
происходит 0.001 0.387 0.0
москве 0.001 0.745 0.001
уместность 0.001 1.398 0.001
тех 0.001 0.26 0.0
россиян 0.001 0.62 0.001
важно 0.001 0.509 0.001
считает 0.001 0.678 0.001
выстраиваться 0.001 1.699 0.002
немецкому 0.001 1.222 0.001
приговорили 0.001 1.523 0.002
гимн 0.001 1.398 0.001
глава 0.001 0.824 0.001
бежать 0.001 0.959 0.001
силовики 0.002 1.398 0.003
почему 0.002 0.337 0.001
риа 0.001 1.301 0.001
ключевую 0.001 1.222 0.001
олигархи 0.001 1.301 0.001
стены 0.001 1.155 0.001
михаила 0.001 1.222 0.001
костромские 0.001 1.699 0.002
медузе 0.002 0.066 0.0
поддержку 0.003 0.921 0.003
кремль 0.001 1.155 0.001
первый 0.001 0.481 0.0
репортаж 0.002 0.699 0.001
долин 0.001 1.523 0.002
facebook 0.001 0.0 0.0
медузу 0.003 0.066 0.0
собирается 0.001 0.921 0.001
обработки 0.001 0.066 0.0
победим 0.001 1.301 0.001
премию 0.001 1.523 0.002
онлайн 0.001 0.959 0.001
друг 0.001 0.699 0.001
простых 0.001 1.301 0.001
фсб 0.002 1.155 0.002
россия 0.002 0.398 0.001
сутки 0.001 1.0 0.001
призыва 0.001 1.699 0.002
диктатором 0.001 1.699 0.002
помощью 0.001 0.538 0.001
пакет 0.001 1.222 0.001
стамбуле 0.001 1.398 0.001
проходят 0.002 1.0 0.002
литература 0.001 1.222 0.001
земли 0.001 0.959 0.001
европарламента 0.001 1.523 0.002
сражается 0.001 1.398 0.001
эфир 0.001 1.097 0.001
живой 0.001 1.0 0.001
правду 0.001 1.155 0.001
виде 0.001 0.745 0.001
похищают 0.001 1.523 0.002
думают 0.002 1.222 0.002
показывать 0.002 0.066 0.0
спасибоgiphyза 0.001 0.066 0.0
подоляка 0.001 1.398 0.001
twitter 0.001 0.0 0.0
санкциям 0.001 1.301 0.001
подписывать 0.001 1.155 0.001
всему 0.001 0.699 0.001
минуты 0.002 1.097 0.002
европы 0.001 0.796 0.001
платформы 0.002 0.066 0.0
миру 0.001 0.796 0.001
та 0.001 0.824 0.001
пострадала 0.001 1.301 0.001
молчите 0.001 1.523 0.002
сначала 0.001 0.602 0.001
сколково 0.001 1.301 0.001
головорезом 0.001 1.699 0.002
арнольд 0.001 1.523 0.002
ваш 0.001 1.155 0.001
экономикой 0.001 1.155 0.001
персональные 0.001 0.066 0.0
такое 0.001 0.347 0.0
пост 0.001 0.796 0.001
очень 0.001 0.149 0.0
бои 0.001 1.097 0.001
зеленский 0.002 0.959 0.002
горячей 0.001 1.301 0.001
путин 0.002 0.658 0.001
характер 0.001 1.398 0.001
meduza 0.002 0.0 0.0
кого 0.001 0.509 0.001
десяти 0.001 0.921 0.001
🌲 0.002 1.301 0.003
конгрессу 0.001 1.222 0.001
одна 0.002 0.42 0.001
колонии 0.001 1.699 0.002
ананьев 0.001 1.222 0.001
уровне 0.001 0.638 0.001
пострадавших 0.001 1.155 0.001
идут 0.001 0.699 0.001
выступает 0.001 1.0 0.001
сбер 0.001 1.699 0.002
показываем 0.001 1.523 0.002
насчитало 0.001 1.699 0.002
мвд 0.001 1.398 0.001
гитлером 0.001 1.222 0.001
пяти 0.001 0.959 0.001
пожаловался 0.001 1.523 0.002
победы 0.001 1.222 0.001
российским 0.001 0.092 0.0
найден 0.001 1.699 0.002
которых 0.001 0.237 0.0
пропаганду 0.001 1.155 0.001
e-mail 0.001 1.699 0.002
спойлер 0.001 0.796 0.001
собираются 0.001 0.921 0.001
минометных 0.001 1.222 0.001
украине 0.005 0.444 0.002
реклама 0.002 0.066 0.0
делать 0.001 0.276 0.0
из-за 0.002 0.229 0.0
снаряда 0.001 1.046 0.001
предатели 0.001 1.523 0.002
главы 0.001 1.155 0.001
сизо 0.001 1.699 0.002
упадет 0.001 1.155 0.001
сша 0.002 0.469 0.001
обсуждать 0.001 1.398 0.001
выдвинуть 0.001 1.523 0.002
эппле 0.001 1.398 0.001
