урон 0.001 2.0 0.002
пропадает 0.004 2.0 0.008
какую-то 0.001 1.097 0.001
редакции 0.003 0.066 0.0
доме 0.001 1.097 0.001
виду 0.001 0.745 0.001
ждать 0.001 0.745 0.001
баннерам 0.001 0.066 0.0
россии 0.001 0.119 0.0
нарушается 0.001 1.523 0.002
гифки 0.001 0.066 0.0
инфекции 0.001 0.77 0.001
агента 0.003 0.097 0.0
людей 0.001 0.161 0.0
кроме 0.003 0.387 0.001
восприятия 0.001 1.699 0.002
понюхайте 0.001 2.0 0.002
кварцевание 0.001 2.0 0.002
in 0.001 0.0 0.0
эвкалиптом 0.001 2.0 0.002
растения 0.001 2.0 0.002
искажаются 0.001 2.0 0.002
учуять 0.001 2.0 0.002
депрессии 0.001 1.699 0.002
настоящее 0.001 1.155 0.001
необходимые 0.001 0.959 0.001
судя 0.001 0.721 0.001
кислый 0.001 2.0 0.002
восстанавливаются 0.001 2.0 0.002
держать 0.001 1.155 0.001
веществ 0.001 1.222 0.001
небольшими 0.001 1.523 0.002
тошнотворно 0.001 2.0 0.002
изредка 0.001 1.699 0.002
теорией 0.001 2.0 0.002
который 0.001 0.194 0.0
риск 0.001 0.538 0.001
обоняния 0.004 2.0 0.008
появляется 0.001 1.398 0.001
паросмией 0.001 2.0 0.002
анонимно 0.001 0.066 0.0
заболевших 0.001 0.824 0.001
ест 0.001 1.301 0.001
сбалансированным 0.001 2.0 0.002
ваша 0.003 0.102 0.0
напомним 0.001 1.155 0.001
чаще 0.001 0.602 0.001
рту 0.001 1.523 0.002
нередкая 0.001 2.0 0.002
каким-то 0.001 1.046 0.001
любимое 0.001 1.699 0.002
блокироваться 0.001 2.0 0.002
ворот 0.001 2.0 0.002
читателейнам 0.001 0.174 0.0
куки 0.001 0.066 0.0
используют 0.001 0.921 0.001
внимательно 0.001 1.301 0.001
обонятельной 0.003 2.0 0.006
клетки 0.01 1.222 0.012
вплоть 0.001 1.222 0.001
использование 0.001 0.066 0.0
метод 0.003 1.398 0.004
оцените 0.001 1.699 0.002
глубоко 0.001 1.398 0.001
небольшом 0.001 1.155 0.001
дыма 0.001 1.699 0.002
запаха 0.003 2.0 0.006
порядку 0.001 0.066 0.0
представляя 0.001 2.0 0.002
карточек 0.001 0.62 0.001
ученые 0.001 0.678 0.001
начинаете 0.001 2.0 0.002
фотографии 0.001 0.638 0.001
en 0.001 0.066 0.0
мозга 0.003 2.0 0.006
необходимо 0.001 0.585 0.001
хуже 0.004 0.699 0.003
проводить 0.001 0.824 0.001
упражнениях 0.001 2.0 0.002
внимания 0.003 1.0 0.003
пациентов 0.005 0.796 0.004
другого 0.001 0.824 0.001
замечать 0.001 2.0 0.002
попавшие 0.001 2.0 0.002
сожалению 0.003 0.569 0.002
отвратительно 0.001 1.699 0.002
дней 0.003 0.337 0.001
распространено 0.001 0.102 0.0
онлайн-переводчики 0.001 1.699 0.002
насколько 0.001 0.42 0.0
причинам 0.003 0.959 0.003
ios 0.001 0.066 0.0
руки 0.001 0.921 0.001
нормальное 0.001 2.0 0.002
октября 0.001 1.0 0.001
мыло 0.001 1.523 0.002
человека 0.003 0.328 0.001
вещества 0.001 1.523 0.002
большинства 0.001 1.097 0.001
несколько 0.004 0.201 0.001
надолго 0.004 1.222 0.005
вкус 0.001 2.0 0.002
среднем 0.003 0.886 0.003
чувствуются 0.001 2.0 0.002
кого-то 0.001 1.097 0.001
вместо 0.001 0.77 0.001
краткая 0.001 1.699 0.002
cc 0.001 1.046 0.001
воздухе 0.001 1.301 0.001
тренировок 0.001 2.0 0.002
проникать 0.001 1.398 0.001
могут 0.003 0.187 0.001
специфичных 0.001 2.0 0.002
остальных 0.001 1.097 0.001
день 0.003 0.328 0.001
большому 0.001 1.398 0.001
медузы 0.001 0.268 0.0
раза 0.001 0.602 0.001
довольно 0.001 0.523 0.001
этих 0.001 0.337 0.0
проведенном 0.001 2.0 0.002
коронавирус 0.001 0.854 0.001
коронавируса 0.001 0.509 0.001
одном 0.003 0.699 0.002
утечки 0.001 1.523 0.002
история 0.001 0.745 0.001
молекул 0.001 1.699 0.002
найти 0.001 0.602 0.001
везет 0.001 1.398 0.001
подписанных 0.001 1.699 0.002
сих 0.001 0.481 0.0
вообще 0.005 0.066 0.0
первую 0.001 0.638 0.001
еда 0.004 1.699 0.007
состояние 0.003 0.921 0.003
лишь 0.001 0.481 0.0
нового 0.001 0.638 0.001
пахнущие 0.001 2.0 0.002
записи 0.001 1.398 0.001
зацепиться 0.001 2.0 0.002
момент 0.001 0.481 0.0
закрытых 0.001 1.398 0.001
чувствовался 0.001 2.0 0.002
сюда 0.001 1.097 0.001
решила 0.001 1.0 0.001
пахнет 0.005 2.0 0.01
тревожатся 0.001 2.0 0.002
неизвестно 0.001 0.77 0.001
зоны 0.001 1.523 0.002
нюансы 0.001 1.398 0.001
нашли 0.001 0.066 0.0
связи 0.001 0.0 0.0
нюхайте 0.003 2.0 0.006
медуза 0.005 0.066 0.0
объект 0.001 1.699 0.002
выбрать 0.001 1.301 0.001
ряде 0.001 1.523 0.002
нам 0.001 0.086 0.0
откуда 0.001 1.046 0.001
помочь 0.001 0.131 0.0
паросмии 0.001 2.0 0.002
мозг 0.001 1.523 0.002
мало 0.001 0.538 0.001
тошнотворного 0.001 2.0 0.002
разные 0.001 0.721 0.001
by 0.001 0.658 0.001
такую 0.001 0.824 0.001
функцию 0.001 1.523 0.002
юридическим 0.001 0.102 0.0
заложенность 0.001 2.0 0.002
италии 0.001 1.398 0.001
материалам 0.001 0.066 0.0
срочно 0.001 0.167 0.0
говорится 0.001 0.824 0.001
поддерживающих 0.001 2.0 0.002
другим 0.001 0.62 0.001
меньше 0.004 0.444 0.002
дым 0.001 1.398 0.001
соленый 0.001 2.0 0.002
сохранились 0.001 1.523 0.002
случае 0.001 0.357 0.0
воздуха 0.003 1.222 0.004
развития 0.003 0.886 0.003
единственный 0.001 0.824 0.001
стали 0.003 0.42 0.001
данный 0.001 0.824 0.001
сможете 0.001 1.523 0.002
иностранным 0.001 0.097 0.0
commons 0.001 1.0 0.001
например 0.001 0.229 0.0
жизни 0.001 0.432 0.0
отклонения 0.001 2.0 0.002
что-то 0.004 0.569 0.002
ctrl+enter 0.001 0.066 0.0
очиститель 0.001 2.0 0.002
безопасно 0.001 0.066 0.0
новостиисторииразборшапитокоронавирусмагаз 0.001 0.066 0.0
обычно 0.005 0.523 0.003
восприятие 0.003 2.0 0.006
части 0.003 0.854 0.003
youtube 0.001 0.06 0.0
многого 0.001 1.699 0.002
должны 0.001 0.432 0.0
либо 0.003 0.569 0.002
называется 0.001 1.0 0.001
создано 0.001 0.097 0.0
соплей 0.001 2.0 0.002
купить 0.001 0.886 0.001
врачи 0.001 0.886 0.001
средств 0.001 0.854 0.001
удовольствие 0.001 1.523 0.002
значительно 0.001 0.959 0.001
поддержите 0.001 0.102 0.0
обонянием 0.004 2.0 0.008
случилось 0.003 0.658 0.002
зрения 0.001 0.602 0.001
рекордная 0.001 1.699 0.002
получать 0.001 1.097 0.001
нередко 0.001 1.222 0.001
поэтому 0.001 0.328 0.0
многие 0.001 0.284 0.0
средством 0.001 0.102 0.0
клеток 0.001 1.155 0.001
выполняющим 0.003 0.097 0.0
возможно 0.001 0.398 0.0
четыре 0.001 0.569 0.001
возможность 0.003 0.569 0.002
чувствует 0.003 1.398 0.004
восемь-девять 0.001 2.0 0.002
искажение 0.001 1.699 0.002
ошибку 0.001 0.066 0.0
делая 0.001 1.699 0.002
материалы 0.001 0.824 0.001
напоминаем 0.003 2.0 0.006
сладкий 0.001 2.0 0.002
распространения 0.001 0.678 0.001
используется 0.001 0.796 0.001
заболевшие 0.001 1.699 0.002
где-то 0.001 0.721 0.001
повреждения 0.001 1.699 0.002
безопасность 0.001 0.921 0.001
насморка 0.001 2.0 0.002
проблемы 0.004 0.62 0.002
creative 0.001 0.921 0.001
показал 0.003 0.921 0.003
забудьте 0.001 1.699 0.002
редких 0.001 1.155 0.001
обоняние 0.008 2.0 0.016
причинах 0.001 1.699 0.002
данные 0.001 0.066 0.0
понимаете 0.001 1.046 0.001
позволили 0.001 1.155 0.001
рекомендуютиспользовать 0.001 2.0 0.002
привычных 0.001 2.0 0.002
разбор 0.001 0.387 0.0
деле 0.001 0.553 0.001
газа 0.003 1.222 0.004
ухудшаться 0.001 1.699 0.002
рецепторы 0.001 2.0 0.002
прогнозах 0.001 2.0 0.002
нажмите 0.001 0.066 0.0
горький 0.001 2.0 0.002
анализов 0.001 1.699 0.002
ситуацию 0.001 0.796 0.001
важные 0.001 0.854 0.001
порядке 0.001 1.046 0.001
малоприятные 0.001 2.0 0.002
иностранного 0.003 0.102 0.0
области 0.001 0.602 0.001
человек 0.005 0.215 0.001
материал 0.001 0.086 0.0
большой 0.001 0.569 0.001
гипосмия 0.003 2.0 0.006
паросмия 0.004 2.0 0.008
поподробнее 0.003 2.0 0.006
нюхали 0.001 2.0 0.002
подробности 0.001 1.155 0.001
исследований 0.001 0.585 0.001
знаете 0.001 0.796 0.001
опасен 0.001 1.222 0.001
имеющихся 0.001 1.301 0.001
полезно 0.001 1.699 0.002
наслаждаться 0.001 2.0 0.002
– 0.001 0.06 0.0
время 0.001 0.102 0.0
ковида 0.003 0.444 0.001
пациентам 0.001 1.301 0.001
результате 0.006 0.62 0.004
признать 0.001 1.0 0.001
нами 0.001 0.066 0.0
отвечают 0.003 1.097 0.003
отвечающие 0.001 2.0 0.002
слизистую 0.001 1.699 0.002
порой 0.001 1.398 0.001
симптома 0.001 2.0 0.002
испытывает 0.001 1.523 0.002
розой 0.001 2.0 0.002
работают 0.003 0.553 0.002
вирус 0.004 0.678 0.003
гибнут 0.001 1.222 0.001
давали 0.001 1.523 0.002
жирный 0.001 2.0 0.002
рекламаmeduza 0.001 0.066 0.0
рекомендуется 0.001 1.046 0.001
причин 0.001 0.921 0.001
лицом 0.001 0.102 0.0
выше 0.001 0.509 0.001
функции 0.003 0.097 0.0
запахов 0.006 2.0 0.012
вкусов 0.001 2.0 0.002
аносмией 0.001 2.0 0.002
известно 0.004 0.481 0.002
касается 0.001 0.602 0.001
теме 0.001 1.301 0.001
продолжительность 0.001 1.523 0.002
запишите 0.001 2.0 0.002
быстро 0.001 0.495 0.0
удаляют 0.001 2.0 0.002
уходит 0.001 1.0 0.001
польза 0.001 1.398 0.001
контейнеры 0.001 2.0 0.002
пожара 0.001 2.0 0.002
перестает 0.001 1.398 0.001
перейти 0.001 0.066 0.0
поддержать 0.001 0.066 0.0
этапе 0.001 1.222 0.001
отвращение 0.001 2.0 0.002
жалуются 0.001 1.0 0.001
какие-то 0.001 0.538 0.001
воспринимают 0.001 1.699 0.002
датчик 0.001 2.0 0.002
различает 0.001 2.0 0.002
кодекс 0.001 0.066 0.0
перепечатать 0.001 1.097 0.001
повторять 0.001 1.699 0.002
хочу 0.001 0.137 0.0
также 0.006 0.237 0.001
посоветовать 0.003 2.0 0.006
масштабным 0.001 2.0 0.002
интересны 0.001 1.699 0.002
выполняют 0.001 1.523 0.002
содержимое 0.001 1.699 0.002
количеству 0.001 1.301 0.001
начать 0.001 1.046 0.001
люди 0.004 0.276 0.001
создаются 0.001 1.523 0.002
рецепторов 0.001 2.0 0.002
очередь 0.001 0.62 0.001
данное 0.001 0.097 0.0
развиваются 0.001 1.699 0.002
утечку 0.001 1.699 0.002
какой-то 0.001 0.538 0.001
доступ 0.001 0.921 0.001
теоретически 0.001 1.046 0.001
ко 0.001 0.745 0.001
питательных 0.001 2.0 0.002
европейцев 0.001 1.523 0.002
избытка 0.001 2.0 0.002
последних 0.001 1.0 0.001
восстанавливается 0.001 1.699 0.002
вирусных 0.001 1.301 0.001
пор 0.001 0.387 0.0
правила 0.001 0.066 0.0
умами 0.001 2.0 0.002
уделяется 0.001 2.0 0.002
вконтакте 0.001 0.066 0.0
контейнера 0.003 2.0 0.006
потерю 0.001 1.523 0.002
возьмите 0.001 1.699 0.002
прогресс 0.001 1.523 0.002
live 0.001 0.022 0.0
рассказать 0.001 0.959 0.001
лицензии 0.001 1.0 0.001
возможности 0.001 0.77 0.001
часто 0.004 0.456 0.002
приводящих 0.001 2.0 0.002
некоторым 0.001 1.222 0.001
запахи 0.012 1.699 0.02
докторов 0.001 2.0 0.002
блог 0.001 0.066 0.0
инстаграм 0.001 0.066 0.0
© 0.001 0.0 0.0
качество 0.001 1.155 0.001
небольшие 0.001 1.301 0.001
вопросы 0.001 0.481 0.0
проблема 0.003 0.721 0.002
выделите 0.001 0.066 0.0
шкале 0.001 1.222 0.001
плохо 0.001 0.569 0.001
получить 0.001 0.553 0.001
ситуация 0.001 0.569 0.001
данных 0.001 0.481 0.0
инфекциях 0.001 2.0 0.002
meduzacare 0.001 0.066 0.0
тренироваться 0.001 2.0 0.002
достоверно 0.001 1.155 0.001
специфического 0.001 1.699 0.002
поступает 0.001 2.0 0.002
нервные 0.006 2.0 0.012
метода 0.001 1.301 0.001
рекомендуют 0.001 0.796 0.001
перерывами 0.001 2.0 0.002
саркисян 0.001 0.959 0.001
оболочку 0.001 1.699 0.002
кнопка 0.001 0.066 0.0
дарья 0.001 0.959 0.001
любознательности 0.001 2.0 0.002
едой 0.001 1.222 0.001
эффективность 0.003 0.569 0.002
вечерняя 0.001 0.066 0.0
запахе 0.001 2.0 0.002
чувствовать 0.004 1.523 0.006
это 0.021 0.066 0.001
другие 0.003 0.268 0.001
пахнуть 0.003 2.0 0.006
сильно 0.003 0.509 0.002
поддержки 0.001 0.066 0.0
помощь 0.001 0.097 0.0
патологическую 0.001 2.0 0.002
секунд 0.001 1.301 0.001
работаем 0.001 0.161 0.0
строя 0.001 1.699 0.002
симптом 0.001 1.699 0.002
мучительно 0.001 2.0 0.002
уходят 0.001 1.523 0.002
итоге 0.001 0.62 0.001
сделайте 0.001 1.699 0.002
работа 0.001 0.886 0.001
аносмия 0.003 2.0 0.006
пытаются 0.001 0.745 0.001
исследовании 0.003 0.824 0.002
остальные 0.001 0.854 0.001
некоторые 0.003 0.469 0.001
24/7 0.001 0.102 0.0
android 0.001 0.066 0.0
зашли 0.001 1.699 0.002
english 0.001 0.06 0.0
теорий 0.001 1.699 0.002
передачу 0.001 1.398 0.001
отсутствие 0.001 0.921 0.001
соответствующе 0.001 2.0 0.002
выходят 0.001 1.155 0.001
поддержка 0.001 0.167 0.0
пропадают 0.003 1.699 0.005
нужна 0.003 0.092 0.0
лимоном 0.001 2.0 0.002
людям 0.003 0.678 0.002
запах 0.003 1.699 0.005
можете 0.004 0.699 0.003
отвечающих 0.001 1.699 0.002
случается 0.001 1.398 0.001
попадает 0.001 1.398 0.001
случаях 0.001 0.658 0.001
забывать 0.001 1.222 0.001
исследованию 0.001 1.097 0.001
всем 0.001 0.252 0.0
те 0.003 0.357 0.001
каждым 0.001 0.854 0.001
требования 0.001 0.066 0.0
половины 0.001 1.0 0.001
связаться 0.001 0.066 0.0
самом 0.003 0.481 0.001
пятибальной 0.001 2.0 0.002
происходит 0.003 0.387 0.001
информации 0.003 0.102 0.0
лицензия 0.001 1.097 0.001
уделяют 0.001 2.0 0.002
лечения 0.001 1.0 0.001
гораздо 0.001 0.699 0.001
тех 0.003 0.26 0.001
ковидом 0.004 0.658 0.003
попасть 0.001 0.921 0.001
носа 0.003 2.0 0.006
восстановиться 0.003 1.523 0.005
чувствуют 0.003 1.301 0.004
проникает 0.001 1.523 0.002
лечится 0.003 1.699 0.005
почему 0.004 0.337 0.001
детектор 0.001 2.0 0.002
сомнительна 0.001 2.0 0.002
участвуют 0.001 0.959 0.001
цветы 0.001 1.523 0.002
казаться 0.001 1.398 0.001
медузе 0.003 0.066 0.0
системе 0.001 1.097 0.001
следить 0.001 1.0 0.001
первый 0.001 0.481 0.0
любая 0.001 1.222 0.001
небезопасно 0.003 1.398 0.004
facebook 0.001 0.0 0.0
устранять 0.001 2.0 0.002
медузу 0.003 0.066 0.0
обработки 0.001 0.066 0.0
этим 0.001 0.337 0.0
домой 0.001 0.824 0.001
рацион 0.001 1.699 0.002
пропало 0.001 1.523 0.002
симптомы 0.001 0.959 0.001
прицелом 0.001 1.699 0.002
отека 0.001 2.0 0.002
массовой 0.001 0.097 0.0
возвращается 0.004 1.398 0.006
знаем 0.001 0.585 0.001
точки 0.001 0.638 0.001
кто-то 0.003 0.602 0.002
сложно 0.001 0.538 0.001
теории 0.001 1.097 0.001
каждый 0.003 0.509 0.002
юридической 0.001 1.523 0.002
вызывает 0.001 0.886 0.001
возникнуть 0.003 1.155 0.003
открыты 0.001 1.0 0.001
информация 0.001 0.824 0.001
такие 0.003 0.444 0.001
пациентами 0.001 1.301 0.001
слизистой 0.001 1.699 0.002
спасибоgiphyза 0.001 0.066 0.0
показывать 0.001 0.066 0.0
поочередно 0.001 2.0 0.002
twitter 0.001 0.0 0.0
чувствуете 0.001 1.523 0.002
раньше 0.001 0.432 0.0
чувствовали 0.001 1.398 0.001
поддерживающую 0.001 2.0 0.002
пожалуйста 0.001 0.102 0.0
всему 0.001 0.699 0.001
объяснение 0.001 1.301 0.001
пресной 0.001 2.0 0.002
платформы 0.003 0.066 0.0
клеткам 0.001 2.0 0.002
коронавирусе 0.001 1.0 0.001
исследования 0.001 0.481 0.0
наблюдали 0.001 1.301 0.001
понять 0.001 0.721 0.001
участием 0.001 1.222 0.001
причину 0.001 1.222 0.001
персональные 0.001 0.066 0.0
неприятными 0.003 2.0 0.006
насморку 0.001 2.0 0.002
очень 0.003 0.149 0.0
которые 0.008 0.119 0.001
вовсе 0.001 0.921 0.001
meduza 0.003 0.0 0.0
кого 0.001 0.509 0.001
гвоздикой 0.001 2.0 0.002
распространяется 0.001 0.854 0.001
тренировки 0.001 1.699 0.002
помогают 0.001 0.886 0.001
рецепторам 0.001 2.0 0.002
организма 0.001 0.921 0.001
версия 0.001 1.222 0.001
откройте 0.001 1.523 0.002
комнатные 0.001 2.0 0.002
странах 0.001 0.495 0.0
плюс 0.001 1.046 0.001
вряд 0.001 0.854 0.001
моет 0.001 2.0 0.002
счет 0.001 0.824 0.001
первом 0.003 0.824 0.002
существует 0.001 0.745 0.001
эта 0.001 0.367 0.0
российским 0.001 0.092 0.0
которых 0.003 0.237 0.001
результат 0.001 0.77 0.001
невозможно 0.001 0.602 0.001
повреждаются 0.001 1.699 0.002
нервным 0.001 2.0 0.002
становилось 0.001 1.699 0.002
вместе 0.001 0.602 0.001
однако 0.003 0.337 0.001
делать 0.003 0.276 0.001
сухость 0.001 2.0 0.002
из-за 0.003 0.229 0.001
реклама 0.003 0.066 0.0
интересах 0.001 0.167 0.0
возникают 0.003 1.222 0.004
быстрее 0.001 0.886 0.001
датой 0.001 2.0 0.002
азии 0.001 1.523 0.002
сообщение 0.001 0.102 0.0
назначать 0.001 1.523 0.002
сомнения 0.001 1.155 0.001
едят 0.001 1.523 0.002
препараты 0.001 0.824 0.001
сделать 0.001 0.357 0.0
