экспертов 0.001 1.097 0.001
метр-два 0.001 2.0 0.002
влияет 0.001 1.155 0.001
редакции 0.002 0.066 0.0
сопоставимы 0.001 2.0 0.002
помещении 0.001 0.959 0.001
капли 0.005 1.523 0.008
помните 0.001 1.301 0.001
виду 0.001 0.745 0.001
баннерам 0.001 0.066 0.0
сама 0.001 0.658 0.001
значит 0.001 0.444 0.0
занимающиеся 0.001 2.0 0.002
увеличивалось 0.001 2.0 0.002
медицинскими 0.001 1.523 0.002
настаивает 0.001 1.699 0.002
помогает 0.001 0.77 0.001
распространяет 0.001 1.398 0.001
считают 0.001 0.721 0.001
влажная 0.001 2.0 0.002
гифки 0.001 0.066 0.0
агента 0.002 0.097 0.0
людей 0.002 0.161 0.0
металлический 0.001 2.0 0.002
носу 0.001 2.0 0.002
кроме 0.001 0.387 0.0
специальный 0.001 1.097 0.001
прилегала 0.001 2.0 0.002
случайно 0.001 1.222 0.001
снимаете 0.001 2.0 0.002
in 0.001 0.0 0.0
крайне 0.001 0.721 0.001
фланели 0.001 2.0 0.002
призваны 0.002 1.699 0.003
причем 0.002 0.62 0.001
сделана 0.002 1.097 0.002
судя 0.001 0.721 0.001
эффективности 0.002 0.678 0.001
дробила 0.001 2.0 0.002
сумме 0.001 1.699 0.002
обзора 0.004 1.398 0.006
закрывающийся 0.001 2.0 0.002
положить 0.001 1.523 0.002
который 0.002 0.194 0.0
нейлонового 0.001 2.0 0.002
пересчете 0.001 2.0 0.002
анонимно 0.001 0.066 0.0
второй 0.001 0.42 0.0
сухая 0.001 2.0 0.002
ваша 0.002 0.102 0.0
исключение 0.001 1.398 0.001
напыления 0.001 2.0 0.002
чаще 0.002 0.602 0.001
полиэтиленовый 0.002 2.0 0.004
свет 0.001 1.523 0.002
изначально 0.001 0.959 0.001
выдыхаемый 0.001 2.0 0.002
сотканных 0.001 2.0 0.002
учреждений 0.002 1.523 0.003
читателейнам 0.001 0.174 0.0
куки 0.001 0.066 0.0
падают 0.001 1.523 0.002
эффективной 0.001 1.222 0.001
извинения 0.001 2.0 0.002
вдохе 0.001 2.0 0.002
использование 0.001 0.066 0.0
важный 0.001 1.222 0.001
изучены 0.001 1.301 0.001
небольшом 0.001 1.155 0.001
ближайший 0.001 1.523 0.002
оставалась 0.001 1.523 0.002
порядку 0.001 0.066 0.0
центры 0.002 1.222 0.002
маску 0.008 1.301 0.01
упомянутого 0.003 1.699 0.005
хлопок 0.002 2.0 0.004
ученые 0.001 0.678 0.001
года 0.001 0.167 0.0
плотность 0.001 1.699 0.002
°c 0.001 1.523 0.002
фотографии 0.001 0.638 0.001
сочетание 0.001 1.301 0.001
грязная 0.001 2.0 0.002
называются 0.001 1.155 0.001
en 0.001 0.066 0.0
значения 0.001 1.155 0.001
надеваете 0.001 2.0 0.002
температуре 0.001 1.523 0.002
каким-либо 0.001 1.699 0.002
необходимо 0.001 0.585 0.001
хуже 0.005 0.699 0.003
сантиметр 0.003 2.0 0.006
сумку 0.001 1.699 0.002
сидеть 0.001 1.097 0.001
медицинской 0.001 0.921 0.001
ухаживающим 0.001 2.0 0.002
носящих 0.001 2.0 0.002
делает 0.001 0.886 0.001
сверху 0.001 1.155 0.001
предлагает 0.001 0.959 0.001
распространено 0.001 0.102 0.0
онлайн-переводчики 0.001 1.699 0.002
эстетической 0.001 2.0 0.002
сколько 0.001 0.585 0.001
насколько 0.002 0.42 0.001
ios 0.001 0.066 0.0
демонстрируется 0.001 2.0 0.002
руки 0.002 0.921 0.002
маской 0.001 2.0 0.002
октября 0.002 1.0 0.002
сообщили 0.001 1.097 0.001
мыло 0.001 1.523 0.002
человека 0.002 0.328 0.001
советы 0.001 1.398 0.001
нитей 0.006 2.0 0.012
вне 0.002 0.886 0.002
несколько 0.001 0.201 0.0
покашлять 0.001 2.0 0.002
аппарат 0.001 1.222 0.001
факторы 0.001 1.222 0.001
ухаживать 0.002 1.523 0.003
соблюдать 0.002 1.301 0.003
защиты 0.001 0.824 0.001
cc 0.001 1.046 0.001
воздухе 0.001 1.301 0.001
сложности 0.001 1.398 0.001
основном 0.002 0.553 0.001
могут 0.003 0.187 0.001
безопасное 0.001 1.699 0.002
должно 0.001 0.658 0.001
рекомендации 0.006 0.824 0.005
положенной 0.001 2.0 0.002
медузы 0.001 0.268 0.0
davidova 0.001 2.0 0.002
довольно 0.002 0.523 0.001
этих 0.001 0.337 0.0
одном 0.002 0.699 0.001
пока 0.001 0.208 0.0
самому 0.001 1.097 0.001
одно 0.001 0.699 0.001
профилактике 0.004 1.046 0.004
которой 0.001 0.377 0.0
автор 0.001 1.0 0.001
имеющиеся 0.001 2.0 0.002
игнорируют 0.001 1.398 0.001
спустя 0.001 0.886 0.001
вообще 0.002 0.066 0.0
дистанцию 0.001 1.699 0.002
симптомами 0.001 1.523 0.002
поменяйте 0.001 2.0 0.002
тканевых 0.002 2.0 0.004
момент 0.001 0.481 0.0
слишком 0.001 0.553 0.001
определенной 0.001 1.523 0.002
стирке 0.001 2.0 0.002
исправление 0.001 2.0 0.002
количество 0.002 0.62 0.001
способность 0.001 0.959 0.001
вирусом 0.001 0.921 0.001
стирайте 0.001 2.0 0.002
нашли 0.001 0.066 0.0
связи 0.001 0.0 0.0
какие 0.001 0.569 0.001
долей 0.001 1.097 0.001
читателям 0.001 1.699 0.002
медуза 0.004 0.066 0.0
одного 0.002 0.432 0.001
различные 0.001 1.301 0.001
класть 0.001 2.0 0.002
намокают 0.001 2.0 0.002
рот 0.001 1.699 0.002
нам 0.001 0.086 0.0
итоговую 0.001 1.699 0.002
помочь 0.001 0.131 0.0
всемирная 0.002 1.046 0.002
центр 0.001 0.77 0.001
мало 0.001 0.538 0.001
воздух 0.003 1.523 0.005
by 0.001 0.658 0.001
стало 0.001 0.481 0.0
юридическим 0.001 0.102 0.0
следует 0.002 0.77 0.002
контролю 0.004 1.046 0.004
марли 0.002 2.0 0.004
материалам 0.001 0.066 0.0
чулка 0.001 2.0 0.002
срочно 0.001 0.167 0.0
пределами 0.001 1.097 0.001
число 0.001 0.658 0.001
свежего 0.001 2.0 0.002
ткани 0.008 1.301 0.01
повлияют 0.001 1.699 0.002
меньше 0.001 0.444 0.0
сантиметры 0.001 2.0 0.002
указать 0.001 2.0 0.002
доказана 0.001 1.301 0.001
хлопка 0.001 2.0 0.002
плотно 0.001 1.699 0.002
ученым 0.001 1.301 0.001
подойдет 0.001 1.699 0.002
иностранным 0.001 0.097 0.0
основываются 0.001 2.0 0.002
европейский 0.001 1.097 0.001
нужно 0.012 0.237 0.003
организации 0.001 0.658 0.001
commons 0.001 1.0 0.001
делают 0.001 0.745 0.001
например 0.006 0.229 0.001
приносит 0.001 1.699 0.002
должна 0.002 0.538 0.001
волне 0.001 1.301 0.001
коронавирусом 0.001 0.699 0.001
маска 0.014 1.398 0.02
решение 0.001 0.509 0.001
жизни 0.002 0.432 0.001
вещь 0.001 1.398 0.001
ctrl+enter 0.001 0.066 0.0
мнению 0.001 0.638 0.001
исследованиях 0.002 0.854 0.002
общественного 0.001 1.155 0.001
новостиисторииразборшапитокоронавирусмагаз 0.001 0.066 0.0
безопасно 0.001 0.066 0.0
указали 0.001 2.0 0.002
вероятно 0.001 0.699 0.001
youtube 0.001 0.06 0.0
вариант 0.001 0.796 0.001
либо 0.003 0.569 0.002
создано 0.001 0.097 0.0
купить 0.001 0.886 0.001
сидит 0.001 1.155 0.001
средств 0.001 0.854 0.001
здравоохранения 0.003 0.658 0.002
да-да 0.001 1.523 0.002
рекомендациях 0.001 1.0 0.001
поддержите 0.001 0.102 0.0
гигиенические 0.001 2.0 0.002
которого 0.001 0.585 0.001
использовали 0.001 1.046 0.001
достаточно 0.001 0.444 0.0
зрения 0.001 0.602 0.001
любые 0.002 0.854 0.002
делаются 0.001 1.699 0.002
какие-либо 0.001 1.398 0.001
коронавирусаносить 0.001 2.0 0.002
поэтому 0.001 0.328 0.0
индивидуальной 0.001 1.699 0.002
многие 0.001 0.284 0.0
средством 0.001 0.102 0.0
внешний 0.001 2.0 0.002
самодельной 0.002 2.0 0.004
выполняющим 0.002 0.097 0.0
медицинские 0.01 0.796 0.008
возможно 0.001 0.398 0.0
крупные 0.001 1.301 0.001
мокрой 0.002 2.0 0.004
эффективнее 0.001 1.222 0.001
нос 0.001 1.398 0.001
ошибку 0.001 0.066 0.0
материалы 0.002 0.824 0.002
пропускать 0.002 2.0 0.004
человеке 0.001 1.398 0.001
окружающих 0.002 1.699 0.003
обычной 0.001 1.097 0.001
правильно 0.003 0.824 0.002
распространения 0.001 0.678 0.001
источником 0.002 1.155 0.002
бумажный 0.002 2.0 0.004
вмешиваться 0.001 2.0 0.002
фильтрует 0.001 2.0 0.002
смотрели 0.001 1.398 0.001
creative 0.001 0.921 0.001
неудобно 0.001 1.523 0.002
благодарит 0.001 1.301 0.001
изучалась 0.001 1.699 0.002
выходить 0.001 1.046 0.001
данные 0.001 0.066 0.0
дают 0.002 0.721 0.001
позволили 0.001 1.155 0.001
письме 0.001 1.301 0.001
показатель 0.001 1.301 0.001
выборе 0.001 1.523 0.002
разбор 0.001 0.387 0.0
пишем 0.001 1.699 0.002
навредить 0.001 1.398 0.001
данным 0.001 0.444 0.0
нажмите 0.001 0.066 0.0
правил 0.001 1.222 0.001
случаев 0.001 0.658 0.001
рассказываем 0.001 0.886 0.001
работникам 0.001 1.398 0.001
словами 0.001 0.824 0.001
предлагается 0.001 1.398 0.001
идет 0.001 0.367 0.0
вдохнул 0.001 2.0 0.002
одинаковые 0.001 1.699 0.002
иностранного 0.002 0.102 0.0
хватает 0.001 1.046 0.001
сможет 0.001 0.721 0.001
области 0.001 0.602 0.001
человек 0.001 0.215 0.0
клапана 0.001 2.0 0.002
материал 0.001 0.086 0.0
симптомов 0.002 0.886 0.002
мер 0.001 1.046 0.001
сравнивали 0.001 2.0 0.002
целом 0.001 0.585 0.001
исследований 0.002 0.585 0.001
центров 0.001 1.222 0.001
сделать 0.002 0.357 0.001
– 0.001 0.06 0.0
время 0.002 0.102 0.0
ковида 0.001 0.444 0.0
муслина 0.001 2.0 0.002
результате 0.001 0.62 0.001
снять 0.001 1.301 0.001
нами 0.001 0.066 0.0
стала 0.002 0.569 0.001
тяжело 0.002 0.796 0.002
выбирать 0.001 1.398 0.001
работают 0.001 0.553 0.001
вирус 0.002 0.678 0.001
формально 0.001 1.398 0.001
давали 0.001 1.523 0.002
испачкали 0.001 1.699 0.002
мелкие 0.001 1.523 0.002
рекламаmeduza 0.001 0.066 0.0
говорить 0.001 0.602 0.001
сдерживании 0.001 2.0 0.002
никто 0.001 0.523 0.001
рекомендуется 0.002 1.046 0.002
лицом 0.001 0.102 0.0
намеренно 0.001 1.222 0.001
остаются 0.001 1.0 0.001
функции 0.002 0.097 0.0
эффективными 0.001 1.699 0.002
заболеть 0.001 0.921 0.001
имеющимся 0.001 1.523 0.002
порошок 0.001 2.0 0.002
используются 0.001 0.921 0.001
беречь 0.001 2.0 0.002
фильтруя 0.001 2.0 0.002
дышать 0.004 1.398 0.006
обязал 0.001 2.0 0.002
отфильтрованный 0.001 2.0 0.002
днем 0.001 0.886 0.001
известно 0.002 0.481 0.001
прежде 0.001 0.62 0.001
быстро 0.002 0.495 0.001
одноразовые 0.001 1.699 0.002
находящимся 0.001 1.699 0.002
нитями 0.001 2.0 0.002
средний 0.001 1.398 0.001
другими 0.001 0.495 0.0
снова 0.003 0.678 0.002
заболевают 0.001 1.222 0.001
американских 0.001 1.046 0.001
перейти 0.001 0.066 0.0
поддержать 0.001 0.066 0.0
американские 0.003 1.097 0.003
источник 0.001 0.174 0.0
рекомендаций 0.001 1.155 0.001
кодекс 0.001 0.066 0.0
перепечатать 0.001 1.097 0.001
хочу 0.001 0.137 0.0
также 0.003 0.237 0.001
плотнее 0.003 2.0 0.006
масок 0.003 1.097 0.003
рассказывает 0.001 0.569 0.001
надеть 0.001 1.523 0.002
медицинским 0.001 1.398 0.001
люди 0.002 0.276 0.001
создаются 0.001 1.523 0.002
очередь 0.001 0.62 0.001
данное 0.001 0.097 0.0
вирусов 0.001 1.155 0.001
испачкана 0.001 2.0 0.002
носят 0.001 1.398 0.001
какой-то 0.001 0.538 0.001
носить 0.009 1.097 0.01
воз 0.003 0.796 0.002
теоретически 0.001 1.046 0.001
заражения 0.002 0.796 0.002
ко 0.001 0.745 0.001
стирать 0.001 1.699 0.002
воспринимать 0.001 2.0 0.002
правила 0.003 0.066 0.0
натягиваться 0.001 2.0 0.002
принимаете 0.001 1.699 0.002
лицу 0.001 1.523 0.002
использовать 0.005 0.585 0.003
вконтакте 0.001 0.066 0.0
часть 0.001 0.456 0.0
проволоки 0.001 2.0 0.002
live 0.001 0.022 0.0
лицензии 0.001 1.0 0.001
часто 0.001 0.456 0.0
образом 0.001 0.602 0.001
редакцию 0.001 1.301 0.001
блог 0.001 0.066 0.0
инстаграм 0.001 0.066 0.0
© 0.001 0.0 0.0
масках 0.004 2.0 0.008
групп 0.001 0.77 0.001
спанбонда 0.001 2.0 0.002
проблема 0.001 0.721 0.001
выделите 0.001 0.066 0.0
разных 0.001 0.398 0.0
слоя 0.005 2.0 0.01
данных 0.001 0.481 0.0
разный 0.001 1.699 0.002
эффективны 0.001 1.301 0.001
meduzacare 0.001 0.066 0.0
сайте 0.003 0.886 0.003
тканевая 0.002 1.699 0.003
результаты 0.001 0.62 0.001
рекомендуют 0.002 0.796 0.002
саркисян 0.001 0.959 0.001
великобритании 0.001 0.745 0.001
кнопка 0.001 0.066 0.0
полиэстер 0.001 2.0 0.002
хотя 0.001 0.276 0.0
дарья 0.001 0.959 0.001
многом 0.001 1.222 0.001
нужны 0.001 0.745 0.001
поверхность 0.001 1.523 0.002
эффективность 0.004 0.569 0.002
вечерняя 0.001 0.066 0.0
риска 0.001 0.699 0.001
речь 0.001 0.432 0.0
это 0.009 0.066 0.001
расстояние 0.001 2.0 0.002
другие 0.001 0.268 0.0
англии 0.001 1.398 0.001
другое 0.001 0.886 0.001
положенную 0.001 1.699 0.002
поддержки 0.001 0.066 0.0
мойте 0.001 1.699 0.002
реальной 0.002 1.046 0.002
помощь 0.001 0.097 0.0
роспотребнадзор 0.001 1.699 0.002
подобрать 0.001 2.0 0.002
давно 0.001 0.77 0.001
какое-то 0.001 0.959 0.001
неплотно 0.001 1.699 0.002
впитывать 0.001 2.0 0.002
клапан 0.001 2.0 0.002
трогайте 0.001 2.0 0.002
работаем 0.001 0.161 0.0
двух 0.003 0.377 0.001
потенциальным 0.001 1.699 0.002
такая 0.001 0.553 0.001
сказано 0.001 0.921 0.001
чистая 0.001 2.0 0.002
наоборот 0.001 0.824 0.001
около 0.001 0.432 0.0
минимум 0.004 0.796 0.003
здравоохранением 0.001 2.0 0.002
исследовании 0.002 0.824 0.002
ежедневно 0.001 1.155 0.001
некоторые 0.001 0.469 0.0
туда 0.001 0.921 0.001
24/7 0.001 0.102 0.0
подавляющем 0.001 1.699 0.002
отмечают 0.001 1.222 0.001
организаций 0.001 1.046 0.001
принципиальная 0.001 2.0 0.002
инфекций 0.001 1.097 0.001
android 0.001 0.066 0.0
одинаково 0.001 1.301 0.001
english 0.001 0.06 0.0
очевидная 0.001 1.699 0.002
самое 0.001 0.638 0.001
vera 0.001 1.699 0.002
составляют 0.001 1.523 0.002
поддержка 0.001 0.167 0.0
нужна 0.002 0.092 0.0
такого 0.001 0.509 0.001
строгие 0.001 1.523 0.002
людям 0.003 0.678 0.002
специального 0.001 1.699 0.002
скепсиса 0.001 2.0 0.002
можете 0.001 0.699 0.001
характерными 0.001 1.699 0.002
слоев 0.003 2.0 0.006
предлагают 0.003 1.046 0.003
неткаными 0.001 2.0 0.002
влагу 0.001 2.0 0.002
фиксатор 0.001 2.0 0.002
тканевые 0.014 2.0 0.028
тестов 0.001 1.155 0.001
хлопковой 0.001 2.0 0.002
всем 0.001 0.252 0.0
забывать 0.001 1.222 0.001
легче 0.001 1.0 0.001
дома 0.001 0.638 0.001
те 0.001 0.357 0.0
выбору 0.001 2.0 0.002
unsplash 0.001 1.699 0.002
каждым 0.001 0.854 0.001
посмотреть 0.001 0.721 0.001
глаза 0.001 0.886 0.001
связаться 0.001 0.066 0.0
требования 0.001 0.066 0.0
информации 0.001 0.102 0.0
неэффективной 0.001 1.699 0.002
лицензия 0.001 1.097 0.001
условной 0.002 2.0 0.004
многослойные 0.001 2.0 0.002
тканевую 0.001 2.0 0.002
ковидом 0.001 0.658 0.001
конкретные 0.001 1.398 0.001
дюйм 0.001 2.0 0.002
важно 0.003 0.509 0.002
плотная 0.001 2.0 0.002
три-четыре 0.001 1.523 0.002
считает 0.002 0.678 0.001
медицинских 0.008 0.959 0.008
плотной 0.003 1.699 0.005
указал 0.001 1.699 0.002
ними 0.001 0.585 0.001
состава 0.001 1.398 0.001
процессе 0.001 1.046 0.001
медузе 0.002 0.066 0.0
точно 0.002 0.481 0.001
организация 0.002 0.886 0.002
агентства 0.001 1.097 0.001
facebook 0.001 0.0 0.0
защищают 0.001 1.0 0.001
медузу 0.002 0.066 0.0
мыть 0.001 1.222 0.001
менее 0.001 0.432 0.0
обработки 0.001 0.066 0.0
станет 0.001 0.678 0.001
ткань 0.006 1.398 0.008
стороны 0.001 0.432 0.0
массовой 0.001 0.097 0.0
точки 0.001 0.638 0.001
кто-то 0.001 0.602 0.001
помощью 0.001 0.538 0.001
сложно 0.001 0.538 0.001
пакет 0.004 1.222 0.005
плоскую 0.001 2.0 0.002
дольше 0.001 1.155 0.001
теории 0.002 1.097 0.002
главное 0.001 0.658 0.001
причине 0.001 1.155 0.001
большинстве 0.001 1.0 0.001
открыты 0.001 1.0 0.001
находятся 0.001 0.854 0.001
такие 0.003 0.444 0.001
пациентами 0.001 1.301 0.001
авторы 0.004 0.921 0.004
сотней 0.001 2.0 0.002
показывать 0.001 0.066 0.0
спасибоgiphyза 0.001 0.066 0.0
спокойно 0.001 0.824 0.001
живущим 0.001 2.0 0.002
используйте 0.001 1.301 0.001
twitter 0.001 0.0 0.0
положите 0.002 2.0 0.004
болезни 0.001 0.62 0.001
некорректное 0.001 2.0 0.002
пожалуйста 0.001 0.102 0.0
всему 0.001 0.699 0.001
должен 0.001 0.585 0.001
заболеваний 0.004 0.745 0.003
дистанцией 0.001 2.0 0.002
бокам 0.001 2.0 0.002
платформы 0.002 0.066 0.0
коронавирусе 0.001 1.0 0.001
применении 0.001 1.046 0.001
капель 0.002 1.699 0.003
общей 0.001 0.959 0.001
именно 0.002 0.244 0.0
понять 0.001 0.721 0.001
официальных 0.001 0.921 0.001
персональные 0.001 0.066 0.0
такое 0.001 0.347 0.0
ошибки 0.001 1.097 0.001
очень 0.003 0.149 0.0
место 0.001 0.678 0.001
содержать 0.001 1.523 0.002
которые 0.003 0.119 0.0
ношения 0.001 1.699 0.002
пропускает 0.002 2.0 0.004
состоящие 0.001 2.0 0.002
meduza 0.003 0.0 0.0
распространяется 0.001 0.854 0.001
разговоре 0.001 1.097 0.001
кусок 0.001 1.398 0.001
ниток 0.001 2.0 0.002
пренебрегать 0.001 2.0 0.002
помнить 0.001 1.046 0.001
маски 0.03 1.301 0.039
рода 0.001 0.854 0.001
выступает 0.001 1.0 0.001
задерживает 0.001 2.0 0.002
знать 0.001 0.824 0.001
отверстия 0.001 2.0 0.002
дать 0.001 0.854 0.001
учитывать 0.001 1.046 0.001
эта 0.001 0.367 0.0
российским 0.001 0.092 0.0
результат 0.001 0.77 0.001
выдоха 0.002 2.0 0.004
невозможно 0.001 0.602 0.001
закрывается 0.001 1.523 0.002
становилось 0.001 1.699 0.002
маске 0.002 2.0 0.004
реклама 0.002 0.066 0.0
однако 0.003 0.337 0.001
делать 0.005 0.276 0.001
интересах 0.001 0.167 0.0
мелтблауна 0.001 2.0 0.002
становятся 0.001 1.155 0.001
сообщение 0.001 0.102 0.0
плохо 0.001 0.569 0.001
защитить 0.002 1.0 0.002
учреждениях 0.002 1.398 0.003
