российские 0.001 0.328 0.0
надеждой 0.001 2.0 0.002
бога 0.001 1.523 0.002
первой 0.001 0.678 0.001
редакции 0.002 0.066 0.0
воли 0.001 1.699 0.002
мы-то 0.001 2.0 0.002
нацией 0.001 1.523 0.002
войска 0.001 0.721 0.001
агрессора 0.001 1.699 0.002
выходил 0.001 1.699 0.002
падающих 0.001 2.0 0.002
баннерам 0.001 0.066 0.0
сама 0.001 0.658 0.001
осаде 0.001 0.854 0.001
значит 0.001 0.444 0.0
россии 0.003 0.119 0.0
врывались 0.001 2.0 0.002
учиться 0.001 2.0 0.002
народ 0.001 0.886 0.001
действительно 0.001 0.377 0.0
россиянах 0.001 1.523 0.002
кричали 0.001 1.699 0.002
мирных 0.001 0.959 0.001
президент 0.001 0.854 0.001
помогает 0.003 0.77 0.002
боятся 0.001 1.0 0.001
гифки 0.001 0.066 0.0
снах 0.001 2.0 0.002
агента 0.002 0.097 0.0
людей 0.004 0.161 0.001
владимира 0.002 0.959 0.002
сердце 0.001 1.523 0.002
остаться 0.002 1.097 0.002
мужей 0.001 2.0 0.002
детям 0.002 1.0 0.002
невроза 0.001 2.0 0.002
смысла 0.003 0.699 0.002
солдата 0.001 1.301 0.001
польши 0.001 1.097 0.001
восстали 0.001 1.699 0.002
in 0.001 0.0 0.0
ждут 0.001 1.155 0.001
масштаба 0.001 1.699 0.002
миграционной 0.001 1.222 0.001
настоящее 0.001 1.155 0.001
границей 0.001 1.523 0.002
сторон 0.001 1.523 0.002
верю 0.001 1.301 0.001
постарались 0.001 1.398 0.001
заботится 0.001 2.0 0.002
чему-то 0.001 1.699 0.002
верит 0.001 1.155 0.001
суматоха 0.001 2.0 0.002
правда 0.002 0.509 0.001
который 0.001 0.194 0.0
убийство 0.001 1.523 0.002
ворвались 0.001 1.699 0.002
свободных 0.001 1.523 0.002
написала 0.001 1.097 0.001
анонимно 0.001 0.066 0.0
просто 0.001 0.194 0.0
точке 0.001 1.301 0.001
единым 0.001 2.0 0.002
ваша 0.002 0.102 0.0
ответственности 0.001 1.046 0.001
помогать 0.002 0.959 0.002
привела 0.001 1.046 0.001
мужественных 0.001 2.0 0.002
мир 0.001 0.553 0.001
тревожно 0.001 2.0 0.002
невероятно 0.001 1.699 0.002
опускает 0.001 2.0 0.002
новостей 0.001 0.886 0.001
прекратить 0.001 1.097 0.001
спасет 0.002 1.523 0.003
победит 0.001 2.0 0.002
братьев 0.001 2.0 0.002
сразу 0.001 0.553 0.001
читателейнам 0.001 0.174 0.0
куки 0.001 0.066 0.0
путину 0.001 0.959 0.001
минимальные 0.001 1.699 0.002
помогаем 0.001 1.699 0.002
страны 0.001 0.444 0.0
твою 0.001 1.699 0.002
оторваться 0.001 2.0 0.002
случится 0.001 1.398 0.001
зазвучала 0.001 2.0 0.002
использование 0.001 0.066 0.0
европа 0.001 0.886 0.001
лучшему 0.001 1.699 0.002
бунт 0.001 2.0 0.002
наш 0.002 0.699 0.001
остался 0.001 0.854 0.001
кажется 0.001 0.469 0.0
порядку 0.001 0.066 0.0
советское 0.001 2.0 0.002
опускаться 0.001 2.0 0.002
страх 0.003 1.046 0.003
детях 0.001 1.398 0.001
тобой 0.001 1.301 0.001
брат 0.001 1.301 0.001
года 0.004 0.167 0.001
умеющими 0.001 2.0 0.002
сестры 0.001 1.523 0.002
остановить 0.002 0.638 0.001
en 0.001 0.066 0.0
снилось 0.001 2.0 0.002
записала 0.001 1.155 0.001
заканчивается 0.001 1.398 0.001
мариуполь 0.003 0.824 0.002
матери 0.001 1.097 0.001
сына 0.001 1.301 0.001
внимания 0.001 1.0 0.001
обнаружили 0.001 1.222 0.001
военный 0.002 1.097 0.002
сплотились 0.001 2.0 0.002
украина 0.002 0.699 0.001
объяснил 0.002 1.222 0.002
страху 0.001 2.0 0.002
приходит 0.001 1.398 0.001
отвлекаешься 0.001 2.0 0.002
пришла 0.002 1.155 0.002
жесткими 0.001 1.301 0.001
распространено 0.001 0.102 0.0
звонят 0.001 1.523 0.002
сколько 0.001 0.585 0.001
ios 0.001 0.066 0.0
руки 0.002 0.921 0.002
окна 0.001 0.959 0.001
такими 0.001 1.155 0.001
поняли 0.001 1.046 0.001
человека 0.001 0.328 0.0
уничтожить 0.001 1.301 0.001
оставаться 0.001 0.921 0.001
христианской 0.001 2.0 0.002
зеленского 0.002 1.0 0.002
единый 0.001 1.699 0.002
сидят 0.001 1.301 0.001
нежелание 0.001 1.301 0.001
xxi 0.001 1.523 0.002
сирена 0.001 1.699 0.002
допустил 0.001 1.699 0.002
войну 0.001 0.638 0.001
дисциплинированный 0.001 2.0 0.002
свой 0.001 0.585 0.001
изгнать 0.001 2.0 0.002
могут 0.001 0.187 0.0
иллюзии 0.001 1.699 0.002
немало 0.001 1.398 0.001
освободить 0.001 1.523 0.002
должно 0.001 0.658 0.001
день 0.004 0.328 0.001
своего 0.001 0.721 0.001
младших 0.001 1.523 0.002
медузы 0.001 0.268 0.0
полностью 0.001 0.538 0.001
ссср 0.002 1.155 0.002
безразличие 0.002 1.699 0.003
писали 0.002 0.824 0.002
украинцы 0.001 0.886 0.001
одном 0.001 0.699 0.001
пока 0.002 0.208 0.0
трех 0.001 0.638 0.001
долго 0.001 0.745 0.001
самому 0.001 1.097 0.001
история 0.001 0.745 0.001
голыми 0.001 2.0 0.002
высоты 0.001 1.699 0.002
совестью 0.001 2.0 0.002
справедливости 0.001 1.398 0.001
нашем 0.001 0.959 0.001
проснулись 0.001 1.699 0.002
мариуполе 0.004 0.824 0.003
пошел 0.001 1.097 0.001
полный 0.001 0.77 0.001
бросаются 0.001 2.0 0.002
помогали 0.001 1.222 0.001
вообще 0.001 0.066 0.0
осаждают 0.001 1.699 0.002
первую 0.002 0.638 0.001
прожили 0.001 1.699 0.002
вся 0.001 1.0 0.001
точек 0.001 1.398 0.001
ситуации 0.001 0.721 0.001
успокоиться 0.001 1.699 0.002
истории 0.002 0.337 0.001
мужчины 0.001 1.523 0.002
момент 0.002 0.481 0.001
сказал 0.002 0.77 0.002
выжить 0.002 1.398 0.003
шли 0.001 1.222 0.001
школы 0.001 0.886 0.001
волонтерской 0.001 2.0 0.002
силу 0.001 1.0 0.001
фразеологизм 0.001 2.0 0.002
сестрой 0.001 1.301 0.001
перекладывание 0.001 2.0 0.002
помогут 0.001 1.301 0.001
ударить 0.001 1.699 0.002
жив 0.001 1.523 0.002
миллионов 0.001 0.638 0.001
учу 0.001 1.699 0.002
временем 0.001 0.921 0.001
учит 0.001 1.523 0.002
молиться 0.002 1.523 0.003
смерть 0.002 1.097 0.002
выхожу 0.001 1.699 0.002
утвердилась 0.001 2.0 0.002
нашли 0.001 0.066 0.0
связи 0.002 0.0 0.0
какие 0.001 0.569 0.001
медуза 0.004 0.066 0.0
солдат 0.001 1.301 0.001
новому 0.001 1.301 0.001
тяжелее 0.001 1.523 0.002
нам 0.004 0.086 0.0
площадке 0.001 1.398 0.001
помочь 0.002 0.131 0.0
жены 0.001 1.301 0.001
людьми 0.001 0.745 0.001
психологическую 0.001 2.0 0.002
сможем 0.001 1.222 0.001
чувствуем 0.001 2.0 0.002
приемных 0.001 2.0 0.002
понимаешь 0.001 1.398 0.001
далеких 0.001 1.699 0.002
сбежать 0.001 1.699 0.002
говорили 0.002 0.796 0.002
наших 0.001 0.658 0.001
продолжаем 0.002 0.699 0.001
изменила 0.001 1.301 0.001
русских 0.001 1.222 0.001
близкими 0.001 1.398 0.001
бомбят 0.002 1.0 0.002
юридическим 0.001 0.102 0.0
город 0.002 0.699 0.001
лестничной 0.001 2.0 0.002
образованию 0.001 1.398 0.001
добавляет 0.001 1.398 0.001
вера 0.004 1.699 0.007
взяли 0.003 1.222 0.004
прозванивали 0.001 2.0 0.002
обращаем 0.001 2.0 0.002
психолог 0.001 2.0 0.002
материалам 0.001 0.066 0.0
видео 0.002 0.678 0.001
срочно 0.001 0.167 0.0
выбраться 0.001 1.0 0.001
бросить 0.003 1.523 0.005
пассивными 0.001 2.0 0.002
городов 0.002 0.796 0.002
другим 0.001 0.62 0.001
выходит 0.003 0.959 0.003
боге 0.001 2.0 0.002
убивать 0.001 1.097 0.001
стрелять 0.001 1.398 0.001
старшему 0.001 1.523 0.002
самых 0.003 0.62 0.002
бури 0.001 2.0 0.002
утром 0.001 1.046 0.001
иностранным 0.001 0.097 0.0
западных 0.001 0.854 0.001
нужно 0.003 0.237 0.001
повезло 0.001 0.921 0.001
организации 0.001 0.658 0.001
подвале 0.001 1.398 0.001
весь 0.001 0.638 0.001
ставит 0.002 1.301 0.003
началась 0.001 0.678 0.001
своих 0.004 0.398 0.002
сми 0.001 0.602 0.001
украинкой 0.001 2.0 0.002
становится 0.001 0.721 0.001
жизни 0.004 0.432 0.002
по-прежнему 0.001 0.824 0.001
которое 0.002 0.337 0.001
что-то 0.002 0.569 0.001
бездушными 0.001 2.0 0.002
поверить 0.001 1.523 0.002
ctrl+enter 0.001 0.066 0.0
февраля 0.002 0.387 0.001
ирина 0.002 1.398 0.003
упование 0.001 2.0 0.002
новостиисторииразборшапитокоронавирусмагаз 0.001 0.066 0.0
единство 0.001 2.0 0.002
осажденном 0.001 1.699 0.002
обстрелами 0.001 1.155 0.001
материнской 0.001 1.523 0.002
безопасно 0.001 0.066 0.0
моих 0.001 1.301 0.001
рано 0.001 0.921 0.001
однажды 0.001 1.301 0.001
youtube 0.001 0.06 0.0
добраться 0.001 1.523 0.002
познала 0.001 2.0 0.002
создано 0.001 0.097 0.0
находить 0.001 1.699 0.002
сидит 0.001 1.155 0.001
жизнь 0.003 0.538 0.002
катастрофа 0.001 1.398 0.001
смотрю 0.001 1.398 0.001
которая 0.001 0.301 0.0
мужьям 0.001 2.0 0.002
оказался 0.002 0.886 0.002
поддержите 0.001 0.102 0.0
во-вторых 0.001 0.854 0.001
поддержка 0.001 0.167 0.0
украины 0.004 0.569 0.002
поражает 0.001 2.0 0.002
думаю 0.001 0.721 0.001
населения 0.001 0.658 0.001
вижу 0.004 0.745 0.003
полномасштабную 0.001 2.0 0.002
поэтому 0.003 0.328 0.001
многие 0.001 0.284 0.0
средством 0.001 0.102 0.0
турбота 0.001 2.0 0.002
воды 0.001 0.745 0.001
выполняющим 0.002 0.097 0.0
укрываем 0.001 2.0 0.002
сокращений 0.002 1.301 0.003
происходящее 0.002 1.0 0.002
возможность 0.001 0.569 0.001
кузнецова 0.001 1.699 0.002
бояться 0.001 1.398 0.001
готов 0.001 0.921 0.001
свободу 0.001 1.0 0.001
ошибку 0.001 0.066 0.0
сын 0.004 1.097 0.004
продукты 0.001 1.097 0.001
сами 0.002 0.538 0.001
лет 0.002 0.252 0.001
народом 0.001 1.523 0.002
вынужден 0.001 1.699 0.002
поняла 0.002 1.222 0.002
настрое 0.001 2.0 0.002
поддержать 0.001 0.066 0.0
наклонности 0.001 2.0 0.002
листовки 0.001 2.0 0.002
осуждаю 0.001 2.0 0.002
абсолютно 0.001 0.721 0.001
чести 0.001 2.0 0.002
показал 0.002 0.921 0.002
своей 0.004 0.42 0.002
добровольно 0.001 1.301 0.001
данные 0.001 0.066 0.0
бесспорно 0.001 2.0 0.002
украинский 0.001 0.959 0.001
отдала 0.001 1.222 0.001
отчаиваться 0.001 2.0 0.002
россияне 0.002 0.678 0.001
отсидеть 0.001 2.0 0.002
полета 0.001 1.523 0.002
представления 0.001 1.222 0.001
стараюсь 0.001 1.523 0.002
киев 0.001 0.77 0.001
ира 0.001 2.0 0.002
вероника 0.001 1.523 0.002
публикуем 0.002 1.222 0.002
беда 0.001 2.0 0.002
своими 0.001 0.854 0.001
контроль 0.002 1.0 0.002
проявлять 0.001 1.699 0.002
украину 0.001 0.523 0.001
наши 0.001 0.721 0.001
нажмите 0.001 0.066 0.0
спецоперация 0.001 1.699 0.002
ситуацию 0.001 0.796 0.001
спешно 0.001 1.699 0.002
продолжает 0.001 0.658 0.001
украинка 0.001 1.398 0.001
других 0.001 0.26 0.0
сообщения 0.001 1.097 0.001
иностранного 0.002 0.102 0.0
человек 0.002 0.215 0.0
площадь 0.001 1.699 0.002
материал 0.001 0.086 0.0
звуки 0.001 1.398 0.001
темы 0.001 1.301 0.001
наказанием 0.001 2.0 0.002
большую 0.001 1.046 0.001
детства 0.001 2.0 0.002
maloletka 0.001 1.301 0.001
дом 0.002 0.824 0.002
несем 0.002 2.0 0.004
странно 0.001 1.301 0.001
– 0.001 0.06 0.0
слоям 0.001 2.0 0.002
любой 0.001 0.745 0.001
время 0.001 0.102 0.0
видим 0.001 0.921 0.001
leta 0.001 0.301 0.0
зацикливаться 0.001 2.0 0.002
катастрофе 0.001 1.222 0.001
нами 0.002 0.066 0.0
стала 0.001 0.569 0.001
пастор 0.001 2.0 0.002
горжусь 0.001 2.0 0.002
испытаний 0.001 0.921 0.001
дает 0.001 0.796 0.001
тяжело 0.002 0.796 0.002
светлое 0.001 2.0 0.002
смотреть 0.002 1.0 0.002
выглядит 0.001 0.62 0.001
преодолеть 0.001 1.699 0.002
работают 0.001 0.553 0.001
веке 0.001 1.398 0.001
гибнут 0.001 1.222 0.001
рекламаmeduza 0.001 0.066 0.0
никто 0.001 0.523 0.001
принимать 0.002 0.721 0.001
сильнее 0.001 0.959 0.001
войне 0.004 0.62 0.002
вернуться 0.001 0.921 0.001
хотелось 0.002 1.155 0.002
моей 0.001 1.0 0.001
кончилось 0.001 2.0 0.002
лицом 0.001 0.102 0.0
родственники 0.001 0.921 0.001
придем 0.001 1.222 0.001
равнодушными 0.001 2.0 0.002
организм 0.001 1.222 0.001
функции 0.002 0.097 0.0
обязательства 0.001 1.398 0.001
уехать 0.001 1.0 0.001
постоянно 0.002 0.62 0.001
изменились 0.001 1.398 0.001
хватали 0.001 2.0 0.002
неделю 0.001 0.721 0.001
сосредоточены 0.002 1.699 0.003
среди 0.001 0.42 0.0
надеяться 0.001 1.097 0.001
сафоновой 0.001 1.222 0.001
сдаться 0.001 1.523 0.002
актуальнее 0.001 2.0 0.002
быстро 0.001 0.495 0.0
пишут 0.001 0.77 0.001
хоронят 0.001 1.155 0.001
обстреливать 0.001 1.155 0.001
желание 0.003 1.155 0.003
дети 0.002 0.721 0.001
назад 0.002 0.18 0.0
другими 0.001 0.495 0.0
власть 0.002 0.959 0.002
единственной 0.001 1.097 0.001
доживем 0.001 1.301 0.001
дочь 0.002 1.0 0.002
взять 0.002 0.959 0.002
режимом 0.001 2.0 0.002
профилактика 0.001 2.0 0.002
перейти 0.001 0.066 0.0
видела 0.002 0.959 0.002
птичьего 0.001 1.523 0.002
электричества 0.001 1.0 0.001
пишет 0.002 0.824 0.002
источник 0.001 0.174 0.0
героические 0.001 2.0 0.002
порядочный 0.001 2.0 0.002
врут 0.001 1.398 0.001
пришел 0.001 1.222 0.001
поддержу 0.001 2.0 0.002
президента 0.002 0.745 0.001
одни 0.001 1.046 0.001
все-таки 0.001 0.553 0.001
детьми 0.001 1.301 0.001
какие-то 0.002 0.538 0.001
вдохновляющая 0.002 2.0 0.004
война 0.005 0.469 0.002
кодекс 0.001 0.066 0.0
стеной 0.001 1.523 0.002
террориста 0.001 2.0 0.002
планов 0.001 1.398 0.001
мусор 0.001 1.699 0.002
моем 0.001 1.398 0.001
хочу 0.002 0.137 0.0
кому 0.001 0.824 0.001
уровня 0.001 0.959 0.001
понимали 0.001 1.155 0.001
проходила 0.001 1.398 0.001
могилах 0.001 1.155 0.001
задача 0.001 0.959 0.001
сыновей 0.001 1.699 0.002
украинского 0.001 0.959 0.001
верующий 0.001 2.0 0.002
защищены 0.001 1.523 0.002
отстреливаешься 0.001 2.0 0.002
занимается 0.001 1.155 0.001
сомневаемся 0.001 1.301 0.001
воспитана 0.001 2.0 0.002
сне 0.001 2.0 0.002
братьям 0.001 2.0 0.002
тебе 0.001 1.155 0.001
поможет 0.001 0.854 0.001
люди 0.005 0.276 0.001
решил 0.001 0.959 0.001
очередь 0.002 0.62 0.001
данное 0.001 0.097 0.0
сдались 0.001 2.0 0.002
отслужил 0.001 2.0 0.002
врага 0.001 1.523 0.002
слова 0.001 0.678 0.001
увидела 0.001 1.523 0.002
будем 0.002 0.886 0.002
поднимают 0.001 2.0 0.002
коротко 0.002 0.824 0.002
младшими 0.001 2.0 0.002
ответственность 0.002 0.824 0.002
взрывы 0.001 1.155 0.001
любить 0.001 2.0 0.002
правила 0.002 0.066 0.0
испытание 0.001 1.523 0.002
папа 0.001 1.222 0.001
монолог 0.001 1.398 0.001
вконтакте 0.001 0.066 0.0
часть 0.001 0.456 0.0
нашей 0.002 0.699 0.001
могу 0.004 0.658 0.003
live 0.001 0.022 0.0
решили 0.001 0.658 0.001
жители 0.001 0.745 0.001
украинцев 0.003 1.222 0.004
часто 0.002 0.456 0.001
ириной 0.001 2.0 0.002
муж 0.002 1.301 0.003
разумеется 0.001 1.398 0.001
лекарства 0.001 0.854 0.001
детей 0.006 0.523 0.003
узнают 0.001 1.523 0.002
блог 0.001 0.066 0.0
инстаграм 0.001 0.066 0.0
© 0.001 0.0 0.0
незащищенным 0.001 2.0 0.002
выделите 0.001 0.066 0.0
валяются 0.001 1.523 0.002
условиях 0.001 0.569 0.001
лидерство 0.002 1.222 0.002
готовим 0.001 2.0 0.002
приснился 0.001 2.0 0.002
практически 0.001 0.602 0.001
молитва 0.001 2.0 0.002
могли 0.002 0.699 0.001
недели 0.001 0.42 0.0
meduzacare 0.001 0.066 0.0
думать 0.004 1.222 0.005
бежали 0.001 1.398 0.001
попало 0.001 1.097 0.001
безнаказанным 0.001 2.0 0.002
старшая 0.001 1.699 0.002
против 0.002 0.229 0.0
оказывать 0.001 1.523 0.002
женщин 0.001 1.155 0.001
улицу 0.002 1.155 0.002
четверо 0.001 1.523 0.002
поддается 0.001 1.699 0.002
кнопка 0.001 0.066 0.0
танкам 0.001 2.0 0.002
невыносимо 0.002 1.222 0.002
хотя 0.001 0.276 0.0
беженцами 0.001 2.0 0.002
заниматься 0.001 0.886 0.001
сражаются 0.001 2.0 0.002
бучи 0.001 2.0 0.002
вечерняя 0.001 0.066 0.0
речь 0.004 0.432 0.002
занят 0.001 1.699 0.002
кормим 0.001 2.0 0.002
во-первых 0.001 0.796 0.001
связь 0.004 0.721 0.003
это 0.02 0.066 0.001
беде 0.001 2.0 0.002
охранял 0.001 2.0 0.002
еду 0.001 0.886 0.001
другие 0.001 0.268 0.0
пребывать 0.001 2.0 0.002
учили 0.002 1.699 0.003
призыв 0.001 2.0 0.002
поддержки 0.001 0.066 0.0
называть 0.001 1.0 0.001
снарядов 0.001 1.699 0.002
самой 0.001 0.699 0.001
помощь 0.003 0.097 0.0
нему 0.001 1.155 0.001
использовала 0.001 2.0 0.002
давно 0.001 0.77 0.001
какое-то 0.001 0.959 0.001
средневековье 0.001 2.0 0.002
дело 0.001 0.509 0.001
шестые 0.002 1.398 0.003
страшных 0.001 1.398 0.001
писать 0.001 1.155 0.001
незадолго 0.001 1.699 0.002
толпами 0.001 2.0 0.002
самим 0.001 1.0 0.001
травмировать 0.001 2.0 0.002
работаем 0.001 0.161 0.0
сознательно 0.001 1.699 0.002
христианских 0.001 2.0 0.002
слышим 0.001 1.301 0.001
дня 0.004 0.523 0.002
значимое 0.001 1.699 0.002
страну 0.001 0.796 0.001
службе 0.001 1.523 0.002
войны 0.005 0.42 0.002
конгрессом 0.002 1.523 0.003
воссоединения 0.001 2.0 0.002
новой 0.001 0.585 0.001
молюсь 0.002 2.0 0.004
двое 0.002 1.222 0.002
пытаются 0.002 0.745 0.001
братских 0.001 1.155 0.001
стороне 0.001 1.046 0.001
харькове 0.001 1.222 0.001
молчат 0.002 2.0 0.004
24/7 0.001 0.102 0.0
расклеивать 0.001 2.0 0.002
android 0.001 0.066 0.0
преступник 0.001 2.0 0.002
english 0.001 0.06 0.0
удобно 0.001 2.0 0.002
воспринимаю 0.001 2.0 0.002
новости 0.001 0.481 0.0
самое 0.001 0.638 0.001
войной 0.001 1.097 0.001
evgeniy 0.001 1.301 0.001
буду 0.001 1.046 0.001
ресурсы 0.001 1.097 0.001
особенно 0.001 0.553 0.001
армию 0.001 1.301 0.001
бомбоубежищах 0.001 1.155 0.001
хорошая 0.001 0.886 0.001
нужна 0.003 0.092 0.0
такого 0.001 0.509 0.001
марта 0.002 0.319 0.001
поступить 0.001 1.301 0.001
выходят 0.001 1.155 0.001
людям 0.002 0.678 0.001
важна 0.001 1.155 0.001
началось 0.001 1.097 0.001
можешь 0.001 2.0 0.002
развиваться 0.001 1.699 0.002
позволить 0.003 1.222 0.004
вспоминали 0.001 2.0 0.002
основательница 0.001 2.0 0.002
случается 0.001 1.398 0.001
волонтерством 0.002 2.0 0.004
харьков 0.001 0.886 0.001
плане 0.001 1.155 0.001
факт 0.001 0.77 0.001
возможна 0.001 1.222 0.001
богом 0.001 1.699 0.002
дома 0.001 0.638 0.001
близко 0.001 1.301 0.001
бог 0.003 1.398 0.004
те 0.002 0.357 0.001
рубежи 0.001 2.0 0.002
оно 0.001 0.444 0.0
глаза 0.001 0.886 0.001
связаться 0.001 0.066 0.0
требования 0.001 0.066 0.0
проснуться 0.001 1.523 0.002
руками 0.001 1.301 0.001
происходит 0.001 0.387 0.0
информации 0.001 0.102 0.0
связалась 0.001 2.0 0.002
открыл 0.001 1.699 0.002
воспитали 0.001 2.0 0.002
волонтерами 0.001 2.0 0.002
спрашивал 0.001 1.699 0.002
матерей 0.001 1.523 0.002
тех 0.003 0.26 0.001
смысл 0.001 0.959 0.001
волнуемся 0.001 2.0 0.002
егорченко 0.002 2.0 0.004
ненависти 0.001 1.301 0.001
три-четыре 0.001 1.523 0.002
паникой 0.001 2.0 0.002
живем 0.001 1.301 0.001
терроризм 0.001 1.699 0.002
киеве 0.001 1.0 0.001
силы 0.001 0.796 0.001
боли 0.001 1.0 0.001
женщины 0.002 1.046 0.002
бежать 0.002 0.959 0.002
больницы 0.001 0.77 0.001
продолжают 0.001 1.097 0.001
почему 0.004 0.337 0.001
знаю 0.001 0.721 0.001
верить 0.001 0.959 0.001
ними 0.001 0.585 0.001
языки 0.001 2.0 0.002
медузе 0.002 0.066 0.0
самих 0.002 0.921 0.002
моему 0.001 1.222 0.001
освобождение 0.001 2.0 0.002
танки 0.001 1.046 0.001
репортаж 0.002 0.699 0.001
уберечь 0.001 1.523 0.002
сказали 0.001 0.959 0.001
точно 0.001 0.481 0.0
любая 0.001 1.222 0.001
знает 0.001 0.854 0.001
много-много 0.001 2.0 0.002
собой 0.001 0.62 0.001
facebook 0.001 0.0 0.0
осознали 0.001 2.0 0.002
медузу 0.002 0.066 0.0
обработки 0.001 0.066 0.0
продолжить 0.001 1.222 0.001
соотечественников 0.001 1.699 0.002
станет 0.001 0.678 0.001
победим 0.001 1.301 0.001
домой 0.001 0.824 0.001
последнего 0.001 1.046 0.001
выйти 0.001 1.0 0.001
бомба 0.001 1.523 0.002
хата 0.001 1.699 0.002
стороны 0.001 0.432 0.0
россия 0.002 0.398 0.001
сутки 0.002 1.0 0.002
сирен 0.001 2.0 0.002
биологических 0.001 1.699 0.002
массовой 0.001 0.097 0.0
деятельностью 0.001 1.523 0.002
спокойствие 0.001 1.699 0.002
каждый 0.004 0.509 0.002
сражается 0.002 1.398 0.003
понимаю 0.004 0.796 0.003
умоляли 0.001 2.0 0.002
главная 0.001 0.796 0.001
живой 0.002 1.0 0.002
правду 0.002 1.155 0.002
scanpix 0.001 0.301 0.0
выходили 0.001 1.398 0.001
лекарств 0.001 0.824 0.001
1940-х 0.001 1.222 0.001
продолжать 0.001 0.921 0.001
мужем 0.002 1.523 0.003
краю 0.001 1.523 0.002
очередное 0.001 2.0 0.002
побеждает 0.001 1.523 0.002
показывать 0.001 0.066 0.0
никакое 0.001 2.0 0.002
понимал 0.001 1.699 0.002
спасибоgiphyза 0.001 0.066 0.0
церкви 0.001 1.398 0.001
потеряли 0.001 1.301 0.001
каких-то 0.001 0.921 0.001
многим 0.001 1.097 0.001
жить 0.002 0.824 0.002
twitter 0.001 0.0 0.0
раньше 0.001 0.432 0.0
воюет 0.001 2.0 0.002
любви 0.002 1.0 0.002
выживать 0.001 1.523 0.002
будущее 0.002 1.155 0.002
пожалуйста 0.001 0.102 0.0
должен 0.002 0.585 0.001
минуты 0.001 1.097 0.001
пример 0.001 0.824 0.001
стремился 0.001 2.0 0.002
дверь 0.001 1.222 0.001
наше 0.001 0.921 0.001
откроют 0.001 1.699 0.002
победить 0.001 1.301 0.001
глазами 0.001 1.301 0.001
платформы 0.002 0.066 0.0
средства 0.001 1.0 0.001
сыну 0.002 1.699 0.003
реакцией 0.001 1.301 0.001
можем 0.002 0.62 0.001
никуда 0.001 1.097 0.001
та 0.001 0.824 0.001
зависят 0.001 1.699 0.002
сначала 0.001 0.602 0.001
общественной 0.001 1.398 0.001
именно 0.001 0.244 0.0
даем 0.001 1.699 0.002
развозим 0.001 2.0 0.002
ценностях 0.002 2.0 0.004
сутками 0.001 2.0 0.002
персональные 0.001 0.066 0.0
такое 0.002 0.347 0.001
милосердя 0.001 2.0 0.002
очень 0.004 0.149 0.001
уезжать 0.001 1.222 0.001
религиозный 0.001 2.0 0.002
зеленский 0.002 0.959 0.002
горячей 0.001 1.301 0.001
шума 0.001 1.699 0.002
вызвались 0.001 2.0 0.002
meduza 0.003 0.0 0.0
говорю 0.001 0.959 0.001
конгрессу 0.002 1.222 0.002
просьбами 0.001 2.0 0.002
одна 0.002 0.42 0.001
остается 0.001 0.638 0.001
общественный 0.001 2.0 0.002
пострадавших 0.002 1.155 0.002
рода 0.001 0.854 0.001
поначалу 0.001 1.222 0.001
мыслей 0.001 1.699 0.002
горячих 0.001 2.0 0.002
звучит 0.001 1.398 0.001
человечность 0.001 1.699 0.002
самая 0.001 0.854 0.001
победы 0.001 1.222 0.001
собирали 0.001 1.398 0.001
российским 0.001 0.092 0.0
одной 0.001 0.398 0.0
которых 0.001 0.237 0.0
написал 0.001 1.0 0.001
наказан 0.001 1.699 0.002
третьи 0.001 1.398 0.001
вещи 0.001 0.796 0.001
минометных 0.001 1.222 0.001
собираются 0.001 0.921 0.001
страхе 0.002 1.699 0.003
задания 0.001 1.699 0.002
украине 0.004 0.444 0.002
которым 0.001 0.658 0.001
начинаешь 0.001 2.0 0.002
деятель 0.001 2.0 0.002
вместе 0.003 0.602 0.002
сохранять 0.001 1.301 0.001
делать 0.002 0.276 0.001
реклама 0.002 0.066 0.0
снаряда 0.001 1.046 0.001
интересах 0.001 0.167 0.0
начала 0.001 0.398 0.0
кристины 0.001 1.222 0.001
сша 0.004 0.469 0.002
пережили 0.001 1.523 0.002
становятся 0.001 1.155 0.001
ap 0.001 0.854 0.001
сообщение 0.001 0.102 0.0
плохо 0.003 0.569 0.002
