числа 0.001 0.745 0.001
вакцинами 0.0 0.921 0.0
ходе 0.001 0.921 0.001
первой 0.002 0.678 0.001
титры 0.0 1.523 0.0
редакции 0.0 0.066 0.0
lancet 0.001 1.301 0.001
вносить 0.0 1.398 0.0
выделило 0.0 2.0 0.0
вектор 0.001 1.301 0.001
небольшой 0.0 1.046 0.0
ждать 0.0 0.745 0.0
получивших 0.0 1.097 0.0
баннерам 0.0 0.066 0.0
сама 0.0 0.658 0.0
требуются 0.0 1.398 0.0
договорились 0.0 1.523 0.0
голикова 0.0 2.0 0.0
договоре 0.0 2.0 0.0
основных 0.0 0.959 0.0
научные 0.0 1.523 0.0
torreya 0.0 2.0 0.0
сочетанию 0.0 2.0 0.0
способности 0.0 1.046 0.0
разрабатывается 0.0 2.0 0.0
денис 0.0 1.398 0.0
обновлена 0.0 2.0 0.0
союз 0.0 1.097 0.0
тяжелых 0.0 0.921 0.0
рабочих 0.0 1.523 0.0
повлияет 0.0 1.523 0.0
чиновниками 0.0 1.523 0.0
документы 0.002 0.796 0.002
ожидается 0.0 1.301 0.0
причем 0.0 0.62 0.0
китайской 0.001 1.155 0.001
судя 0.0 0.721 0.0
подробному 0.0 1.699 0.0
сейшельские 0.0 1.699 0.0
закона 0.0 1.301 0.0
льдом 0.0 2.0 0.0
старая 0.0 1.155 0.0
использовании 0.0 1.222 0.0
потенциальных 0.0 1.523 0.0
потенциально 0.001 1.046 0.001
конца 0.0 0.77 0.0
уполномоченный 0.0 2.0 0.0
информацию 0.0 0.62 0.0
профиль 0.0 1.699 0.0
сайта 0.0 1.046 0.0
шансы 0.0 0.959 0.0
вакцинированных 0.001 0.678 0.001
вспомогательные 0.0 2.0 0.0
производстве 0.0 1.222 0.0
новостям 0.0 1.523 0.0
будущий 0.0 1.699 0.0
новостей 0.0 0.886 0.0
людях 0.0 1.155 0.0
точностью 0.0 1.523 0.0
клетки 0.0 1.222 0.0
стимулов 0.0 2.0 0.0
долю 0.0 1.222 0.0
площадок 0.0 1.222 0.0
запланирована 0.0 1.699 0.0
схожая 0.0 2.0 0.0
ad5-ncov 0.001 1.699 0.002
холодильников 0.0 2.0 0.0
продолжаться 0.0 1.398 0.0
наш 0.0 0.699 0.0
astrazeneсa 0.0 2.0 0.0
специфических 0.0 2.0 0.0
пусть 0.0 0.921 0.0
отличительным 0.0 2.0 0.0
низкую 0.0 1.523 0.0
формулами 0.0 2.0 0.0
ученые 0.0 0.678 0.0
вектора 0.001 1.398 0.001
юар 0.0 1.222 0.0
эпиваккорона 0.001 1.046 0.001
эпиваккороне 0.0 1.301 0.0
поликлинику 0.0 1.699 0.0
пересекаются 0.0 1.523 0.0
сравнивают 0.0 1.155 0.0
bloomberg 0.0 1.046 0.0
распространением 0.0 1.699 0.0
потребуется 0.0 1.398 0.0
лег 0.0 2.0 0.0
эффективна 0.001 1.301 0.001
препринт 0.0 1.699 0.0
химических 0.0 2.0 0.0
привезти 0.0 1.699 0.0
дней 0.001 0.337 0.0
рнк-вакцина 0.0 2.0 0.0
убитого 0.0 2.0 0.0
ландшафте 0.0 2.0 0.0
государственного 0.0 1.0 0.0
коммунарке 0.0 1.699 0.0
реальные 0.0 1.222 0.0
рецензируемые 0.0 2.0 0.0
затем 0.0 0.678 0.0
промышленное 0.0 1.699 0.0
производством 0.003 1.222 0.004
действие 0.0 1.398 0.0
аденовирусов 0.0 1.699 0.0
вещества 0.0 1.523 0.0
классу 0.0 2.0 0.0
отмечается 0.0 1.699 0.0
явлениях 0.0 1.523 0.0
редкий 0.0 1.699 0.0
продвинулись 0.0 2.0 0.0
статус 0.001 1.222 0.001
класса 0.0 1.523 0.0
ожидались 0.0 1.699 0.0
иностранный 0.0 2.0 0.0
иностранная 0.0 2.0 0.0
c 0.0 1.046 0.0
среднем 0.0 0.886 0.0
достаточное 0.0 1.523 0.0
качества 0.0 1.398 0.0
исходно 0.0 1.398 0.0
слизистых 0.0 2.0 0.0
проникать 0.0 1.398 0.0
восемь 0.0 1.0 0.0
считается 0.0 0.959 0.0
logunov 0.0 2.0 0.0
частности 0.0 0.678 0.0
медузы 0.001 0.268 0.0
отказалась 0.0 0.959 0.0
ишмухаметова 0.0 2.0 0.0
настоящую 0.0 1.523 0.0
вакцинированного 0.0 1.301 0.0
этих 0.0 0.337 0.0
трех 0.0 0.638 0.0
соотношение 0.0 1.398 0.0
пептидные 0.0 1.699 0.0
похожей 0.0 2.0 0.0
странички 0.0 2.0 0.0
далее 0.0 0.959 0.0
середину 0.0 2.0 0.0
результатах 0.001 1.155 0.001
абсолютных 0.0 1.699 0.0
подвержена 0.0 2.0 0.0
близкие 0.0 1.097 0.0
появляются 0.0 1.097 0.0
bnt162b2 0.0 2.0 0.0
договорилась 0.0 1.699 0.0
по-видимому 0.0 0.959 0.0
грубо 0.0 1.046 0.0
отличается 0.002 0.886 0.002
момент 0.001 0.481 0.0
ес 0.0 1.0 0.0
2–8 0.001 2.0 0.002
наблюдалось 0.0 2.0 0.0
научных 0.001 1.155 0.001
заседание 0.0 1.699 0.0
трудностями 0.0 1.699 0.0
силу 0.0 1.0 0.0
соответствующей 0.0 1.699 0.0
сотрудники 0.0 0.824 0.0
дозу 0.0 1.222 0.0
своем 0.0 0.745 0.0
миллионов 0.004 0.638 0.003
совмещенными 0.0 2.0 0.0
версии 0.001 1.0 0.001
безопасной 0.0 1.523 0.0
нашли 0.0 0.066 0.0
вице-премьера 0.0 2.0 0.0
связи 0.001 0.0 0.0
аденовирусные 0.0 1.523 0.0
какие 0.003 0.569 0.002
медуза 0.001 0.066 0.0
рублей 0.0 1.097 0.0
цитата 0.0 1.301 0.0
попадет 0.0 1.222 0.0
требуется 0.0 0.959 0.0
израиля 0.0 1.222 0.0
месяцев 0.001 0.602 0.001
нам 0.0 0.086 0.0
премьер-министра 0.0 1.523 0.0
отражаются 0.0 2.0 0.0
центр 0.001 0.77 0.001
этому 0.0 0.432 0.0
стимулирует 0.0 1.699 0.0
закупки 0.0 1.699 0.0
неизвестное 0.0 2.0 0.0
никакими 0.0 2.0 0.0
объявила 0.0 1.222 0.0
материалам 0.0 0.066 0.0
срочно 0.0 0.167 0.0
экспертной 0.0 1.699 0.0
миллилитра 0.0 2.0 0.0
наилучшие 0.0 1.699 0.0
объяснений 0.0 1.523 0.0
исполнительной 0.0 2.0 0.0
сообщению 0.0 2.0 0.0
другим 0.0 0.62 0.0
меньше 0.001 0.444 0.0
горилл 0.0 2.0 0.0
ограничения 0.0 0.745 0.0
бангладеш 0.0 1.699 0.0
сообщении 0.0 1.301 0.0
получающих 0.0 1.699 0.0
переоформлено 0.0 2.0 0.0
пройти 0.0 0.854 0.0
самых 0.0 0.62 0.0
статье 0.0 0.854 0.0
заявил 0.0 0.658 0.0
наибольшей 0.0 1.699 0.0
западных 0.0 0.854 0.0
европейский 0.0 1.097 0.0
отнести 0.0 2.0 0.0
главный 0.001 0.638 0.001
commons 0.0 1.0 0.0
вариантом 0.0 0.921 0.0
своих 0.0 0.398 0.0
должна 0.0 0.538 0.0
отбирались 0.0 2.0 0.0
формы 0.0 1.046 0.0
лимфоциты 0.0 1.699 0.0
выбором 0.0 1.699 0.0
вакцинам 0.001 0.959 0.001
ctrl+enter 0.0 0.066 0.0
мая 0.0 1.155 0.0
реестр 0.0 1.699 0.0
механизмов 0.0 1.301 0.0
зарегистрированы 0.0 1.097 0.0
двухэтапную 0.0 2.0 0.0
особенность 0.0 1.301 0.0
орган 0.0 1.699 0.0
играет 0.0 1.0 0.0
проблему 0.0 1.155 0.0
низкой 0.0 1.301 0.0
турции 0.0 1.523 0.0
одинакова 0.0 1.699 0.0
значительно 0.0 0.959 0.0
наступления 0.0 1.222 0.0
регистрацией 0.0 1.398 0.0
во-вторых 0.0 0.854 0.0
испытавшей 0.0 2.0 0.0
определяли 0.0 2.0 0.0
половине 0.0 1.699 0.0
интеллектуальной 0.0 1.699 0.0
биобезопасности 0.0 1.699 0.0
антител 0.003 0.854 0.003
предприятиями 0.0 1.699 0.0
обнаруживаются 0.0 2.0 0.0
кувейт 0.0 1.699 0.0
прошедшая 0.0 2.0 0.0
получившая 0.0 2.0 0.0
сами 0.0 0.538 0.0
предполагает 0.0 1.222 0.0
правильно 0.0 0.824 0.0
лекарство 0.0 1.155 0.0
зарегистрированных 0.0 1.155 0.0
говорил 0.0 0.959 0.0
приняло 0.0 1.699 0.0
экстренной 0.0 1.699 0.0
исследователи 0.001 1.046 0.001
статистика 0.0 1.398 0.0
creative 0.0 0.921 0.0
рассматривают 0.0 1.699 0.0
анонсировал 0.0 1.699 0.0
фактически 0.001 0.721 0.001
препаратов 0.001 1.0 0.001
штамм 0.0 1.398 0.0
льда 0.0 2.0 0.0
замечено 0.0 2.0 0.0
группу 0.0 1.046 0.0
подходят 0.0 1.699 0.0
похожая 0.0 1.523 0.0
россияне 0.0 0.678 0.0
общую 0.0 1.301 0.0
гарантирует 0.0 1.155 0.0
конечные 0.0 2.0 0.0
исключенных 0.0 2.0 0.0
нажмите 0.0 0.066 0.0
добровольном 0.0 2.0 0.0
размножению 0.0 1.699 0.0
порядке 0.0 1.046 0.0
делается 0.0 1.301 0.0
китайская 0.0 1.523 0.0
других 0.004 0.26 0.001
числе 0.001 0.31 0.0
одинаковые 0.0 1.699 0.0
иностранного 0.0 0.102 0.0
человек 0.004 0.215 0.001
оцениваться 0.0 1.699 0.0
заявила 0.0 1.155 0.0
совещании 0.0 1.699 0.0
швейцарии 0.0 1.699 0.0
главные 0.001 0.921 0.001
исследований 0.006 0.585 0.004
подробности 0.0 1.155 0.0
хранения 0.0 1.523 0.0
айдара 0.0 2.0 0.0
зарубежные 0.0 1.155 0.0
– 0.0 0.06 0.0
вакцинироваться 0.0 1.0 0.0
формулировке 0.0 2.0 0.0
ковида 0.0 0.444 0.0
нами 0.0 0.066 0.0
стала 0.001 0.569 0.001
участвует 0.0 1.222 0.0
старше 0.001 1.0 0.001
формально 0.0 1.398 0.0
имелось 0.0 2.0 0.0
зависела 0.0 1.699 0.0
испытывается 0.0 2.0 0.0
хватить 0.0 1.523 0.0
мишустиным 0.0 2.0 0.0
миллиарда 0.001 1.155 0.001
роли 0.0 1.155 0.0
доза 0.0 1.523 0.0
лицом 0.0 0.102 0.0
р-фарм 0.0 1.699 0.0
промежуточных 0.0 2.0 0.0
завершено 0.0 1.699 0.0
промежутком 0.0 2.0 0.0
функции 0.0 0.097 0.0
массовая 0.0 1.155 0.0
площадках 0.0 1.301 0.0
аденовирус 0.0 1.523 0.0
инфицироваться 0.0 2.0 0.0
завершения 0.0 1.222 0.0
фазы 0.007 0.959 0.007
нейтрализующих 0.001 1.523 0.002
дозой 0.0 1.523 0.0
решения 0.0 0.638 0.0
днем 0.0 0.886 0.0
заболело 0.0 1.699 0.0
касается 0.0 0.602 0.0
страничкой 0.0 2.0 0.0
реестре 0.0 1.301 0.0
апреле 0.0 1.222 0.0
проходили 0.0 1.097 0.0
подробностей 0.001 1.222 0.001
фрагменты 0.0 1.699 0.0
укола 0.0 1.155 0.0
„ 0.0 0.62 0.0
другими 0.0 0.495 0.0
повторной 0.0 1.699 0.0
добровольцев 0.005 0.886 0.004
перейти 0.0 0.066 0.0
израиле 0.0 1.301 0.0
работам 0.0 1.523 0.0
поддержать 0.0 0.066 0.0
пишет 0.0 0.824 0.0
титром 0.0 1.699 0.0
напомнить 0.0 1.097 0.0
какие-то 0.0 0.538 0.0
чертам 0.0 2.0 0.0
потребуют 0.0 2.0 0.0
клеточных 0.0 1.699 0.0
планов 0.0 1.398 0.0
заявлением 0.0 1.699 0.0
переболели 0.0 1.222 0.0
концу 0.0 1.097 0.0
основной 0.0 1.046 0.0
тасс 0.0 0.699 0.0
качестве 0.0 0.678 0.0
защитный 0.0 1.523 0.0
клетку 0.0 1.301 0.0
интерфаксом 0.0 2.0 0.0
поставке 0.0 1.523 0.0
данное 0.0 0.097 0.0
какой-то 0.0 0.538 0.0
оаэ 0.0 1.301 0.0
разрабатываются 0.0 2.0 0.0
патентом 0.0 1.699 0.0
теоретически 0.001 1.046 0.001
здоровых 0.0 1.398 0.0
принципам 0.0 2.0 0.0
окажется 0.0 1.097 0.0
сравнению 0.0 0.796 0.0
будущем 0.0 0.745 0.0
серьезный 0.0 1.523 0.0
известна 0.0 2.0 0.0
вакцинации 0.003 0.553 0.002
рнк-вакцин 0.0 2.0 0.0
reithera/leukocare/univercells 0.0 2.0 0.0
делались 0.0 1.699 0.0
вторым 0.0 1.155 0.0
live 0.0 0.022 0.0
производственному 0.0 2.0 0.0
патенте 0.0 1.699 0.0
типов 0.0 1.523 0.0
разделен 0.0 2.0 0.0
доклинических 0.0 1.699 0.0
iga 0.0 2.0 0.0
блог 0.0 0.066 0.0
локализацией 0.0 2.0 0.0
живым 0.0 1.523 0.0
планы 0.0 1.097 0.0
условиях 0.0 0.569 0.0
разных 0.002 0.398 0.001
официальный 0.0 1.222 0.0
начинает 0.0 0.959 0.0
принял 0.0 1.523 0.0
meduzacare 0.0 0.066 0.0
осени 0.0 1.398 0.0
говоря 0.0 0.77 0.0
проводился 0.0 1.523 0.0
измеряют 0.0 2.0 0.0
рискованной 0.0 1.699 0.0
приматах 0.0 2.0 0.0
кнопка 0.0 0.066 0.0
произведено 0.001 2.0 0.002
шести 0.0 1.0 0.0
правительство 0.0 0.824 0.0
план 0.0 1.301 0.0
основе 0.004 0.745 0.003
the 0.001 0.481 0.0
другие 0.002 0.268 0.001
напрямую 0.0 1.0 0.0
пандемии 0.0 0.658 0.0
подала 0.0 1.699 0.0
реальной 0.0 1.046 0.0
прерывать 0.0 2.0 0.0
сопряжено 0.0 2.0 0.0
самим 0.0 1.0 0.0
достижима 0.0 2.0 0.0
v 0.005 0.699 0.003
дошли 0.001 2.0 0.002
измененные 0.0 2.0 0.0
ответ 0.0 0.602 0.0
пептидов 0.001 1.699 0.002
планируем 0.0 1.222 0.0
поставляться 0.0 2.0 0.0
меняются 0.0 1.301 0.0
зарегистрировать 0.0 1.301 0.0
создателями 0.0 1.523 0.0
иммунитет 0.001 0.854 0.001
исследование 0.003 0.658 0.002
предприятии 0.0 1.699 0.0
24/7 0.0 0.102 0.0
повторить 0.0 1.155 0.0
ограничены 0.0 1.523 0.0
участию 0.0 1.398 0.0
заключил 0.0 2.0 0.0
дошедшие 0.0 2.0 0.0
белков 0.0 1.699 0.0
техническим 0.0 1.301 0.0
bnt162b1 0.0 2.0 0.0
обновлен 0.0 2.0 0.0
рнк 0.001 1.301 0.001
завершенным 0.0 2.0 0.0
оказалось 0.001 0.824 0.001
факт 0.0 0.77 0.0
интересует 0.0 1.699 0.0
выдающиеся 0.0 2.0 0.0
подробнее 0.0 0.699 0.0
инактивированная 0.0 2.0 0.0
требования 0.0 0.066 0.0
связаться 0.0 0.066 0.0
самом 0.0 0.481 0.0
москве 0.0 0.745 0.0
россию 0.001 0.678 0.001
информации 0.001 0.102 0.0
варианта 0.0 0.745 0.0
лицензия 0.0 1.097 0.0
обязательные 0.0 2.0 0.0
начало 0.0 1.097 0.0
долларов 0.0 1.155 0.0
карточка 0.001 1.523 0.002
содержатся 0.0 1.523 0.0
тех 0.002 0.26 0.001
титр 0.001 1.523 0.002
слабо 0.0 1.398 0.0
флаконе 0.0 2.0 0.0
компенсировать 0.0 2.0 0.0
спутником 0.0 0.921 0.0
почему 0.001 0.337 0.0
зарегистрированные 0.0 1.523 0.0
января 0.001 1.0 0.001
способствовать 0.0 1.699 0.0
biontech 0.0 1.699 0.0
больных 0.0 1.398 0.0
пояснили 0.0 2.0 0.0
covishield 0.0 2.0 0.0
началу 0.0 1.301 0.0
принимали 0.0 1.301 0.0
вторая 0.0 1.046 0.0
этим 0.0 0.337 0.0
станет 0.0 0.678 0.0
завершатся 0.0 2.0 0.0
последнего 0.0 1.046 0.0
экспорта 0.0 1.398 0.0
клиническим 0.0 1.523 0.0
предсказывают 0.0 2.0 0.0
россия 0.0 0.398 0.0
детектирован 0.0 2.0 0.0
написано 0.0 1.155 0.0
знаем 0.004 0.585 0.002
форма 0.0 1.523 0.0
проверяют 0.0 1.222 0.0
помощью 0.0 0.538 0.0
наряду 0.0 1.398 0.0
дополняться 0.0 2.0 0.0
открыты 0.0 1.0 0.0
такие 0.001 0.444 0.0
отдельного 0.0 1.699 0.0
недостаточной 0.0 1.699 0.0
людях-добровольцах 0.0 2.0 0.0
опубликовано 0.0 1.523 0.0
спасибоgiphyза 0.0 0.066 0.0
обновляемый 0.0 1.523 0.0
дозы 0.0 0.886 0.0
м. 0.0 1.699 0.0
лекарственных 0.002 1.155 0.002
микрограмма 0.0 2.0 0.0
компания 0.002 1.0 0.002
раньше 0.0 0.432 0.0
липидные 0.0 1.699 0.0
болезни 0.0 0.62 0.0
пожалуйста 0.0 0.102 0.0
должен 0.0 0.585 0.0
стерилизующий 0.0 1.699 0.0
долгого 0.0 2.0 0.0
аргентине 0.0 1.097 0.0
образование 0.0 1.155 0.0
канадой 0.0 2.0 0.0
содержащая 0.0 1.699 0.0
та 0.0 0.824 0.0
итогом 0.0 2.0 0.0
именно 0.002 0.244 0.0
сначала 0.0 0.602 0.0
заключила 0.0 1.398 0.0
созданием 0.0 1.523 0.0
первая 0.001 0.77 0.001
очень 0.003 0.149 0.0
добравшаяся 0.0 2.0 0.0
федеральный 0.001 1.523 0.002
преимущественно 0.0 1.222 0.0
доз 0.007 1.155 0.008
полученного 0.0 1.398 0.0
третьей 0.0 1.097 0.0
энцефалитом 0.0 2.0 0.0
неизвестен 0.0 1.523 0.0
распространяется 0.0 0.854 0.0
одна 0.001 0.42 0.0
уровне 0.0 0.638 0.0
каким 0.0 1.155 0.0
исследуются 0.0 1.699 0.0
иммунный 0.0 1.155 0.0
ожидаем 0.0 1.523 0.0
серьезных 0.001 1.155 0.001
проводится 0.0 1.398 0.0
год 0.001 0.409 0.0
иностранных 0.0 1.046 0.0
додонов 0.0 2.0 0.0
минздрава 0.001 0.886 0.001
разработчик 0.0 1.523 0.0
заболевшим 0.0 1.699 0.0
доклиники 0.0 2.0 0.0
противоречия 0.0 2.0 0.0
двухкомпонентных 0.0 1.699 0.0
российским 0.001 0.092 0.0
одной 0.0 0.398 0.0
неизвестна 0.001 1.523 0.002
создаваемую 0.0 2.0 0.0
тому 0.001 0.509 0.001
доклинические 0.0 2.0 0.0
меньшей 0.0 1.046 0.0
интересах 0.0 0.167 0.0
фазе 0.0 1.097 0.0
недель 0.001 0.77 0.001
сомнения 0.0 1.155 0.0
et 0.0 1.699 0.0
российские 0.0 0.328 0.0
обезвредить 0.0 2.0 0.0
исследованности 0.0 2.0 0.0
прививок 0.0 0.824 0.0
мальдивские 0.0 2.0 0.0
распространенных 0.0 2.0 0.0
сделанные 0.0 1.398 0.0
редкие 0.0 1.301 0.0
полные 0.0 1.398 0.0
выяснили 0.0 1.301 0.0
исключений 0.0 2.0 0.0
появлении 0.0 1.699 0.0
представление 0.0 1.523 0.0
специальный 0.0 1.097 0.0
подобным 0.0 1.398 0.0
смотрят 0.0 1.155 0.0
попросили 0.0 1.097 0.0
in 0.0 0.0 0.0
крайне 0.0 0.721 0.0
опубликовали 0.001 1.222 0.001
ждут 0.0 1.155 0.0
vero 0.0 2.0 0.0
медицинское 0.0 1.222 0.0
эффективности 0.004 0.678 0.003
касаются 0.001 1.398 0.001
эпиваккороны 0.0 1.301 0.0
перспективным 0.0 2.0 0.0
таких 0.001 0.347 0.0
sanofi 0.0 2.0 0.0
разными 0.0 0.824 0.0
полугодии 0.0 2.0 0.0
насекомых 0.0 2.0 0.0
каких 0.0 0.854 0.0
отличие 0.001 0.886 0.001
десятилетиерассказываем 0.0 2.0 0.0
оценкам 0.0 1.398 0.0
рисков 0.0 0.959 0.0
просто 0.0 0.194 0.0
bio 0.0 1.699 0.0
средство 0.0 1.301 0.0
татьяны 0.0 2.0 0.0
евросоюз 0.0 1.155 0.0
прочитать 0.0 0.959 0.0
стараются 0.0 1.155 0.0
появления 0.0 0.854 0.0
заболеют 0.0 1.523 0.0
носителем 0.0 2.0 0.0
разработки 0.0 1.301 0.0
хранение 0.001 2.0 0.002
публично 0.0 1.046 0.0
эффективной 0.0 1.222 0.0
типы 0.0 1.699 0.0
инактивированного 0.001 1.699 0.002
федеральным 0.0 1.523 0.0
рамок 0.0 1.523 0.0
вакцину 0.004 0.824 0.003
независимыми 0.0 1.301 0.0
количеством 0.001 1.301 0.001
протокол 0.0 1.523 0.0
две 0.001 0.553 0.001
получат 0.001 2.0 0.002
десятка 0.0 1.523 0.0
японию 0.0 2.0 0.0
технологий 0.0 1.301 0.0
дальше 0.0 0.523 0.0
которую 0.001 0.469 0.0
вакцинныхскептиков 0.0 2.0 0.0
регионы 0.0 1.222 0.0
производители 0.0 1.222 0.0
тяжелобольных 0.0 1.699 0.0
sinovac 0.001 1.523 0.002
раскрыли 0.0 1.398 0.0
обеих 0.0 1.222 0.0
представляет 0.0 1.046 0.0
сожалению 0.0 0.569 0.0
распространено 0.0 0.102 0.0
другом 0.0 0.721 0.0
ios 0.0 0.066 0.0
учеными 0.0 1.222 0.0
защитная 0.0 2.0 0.0
последнем 0.0 1.699 0.0
вектору 0.0 1.699 0.0
перезарядки 0.0 2.0 0.0
описаны 0.0 1.046 0.0
обзору 0.0 2.0 0.0
вне 0.0 0.886 0.0
ковивака 0.001 1.699 0.002
заражает 0.0 1.699 0.0
несколько 0.001 0.201 0.0
поставку 0.0 1.523 0.0
вспомогательном 0.0 2.0 0.0
cc 0.0 1.046 0.0
позднее 0.0 1.155 0.0
остальных 0.0 1.097 0.0
t-лимфоцитов 0.0 2.0 0.0
добавлена 0.001 2.0 0.002
международном 0.0 1.301 0.0
вывод 0.0 0.959 0.0
протоколы 0.0 1.523 0.0
любом 0.0 0.854 0.0
подчеркну 0.0 2.0 0.0
вакцинирования 0.0 2.0 0.0
клетках 0.0 1.398 0.0
достигала 0.0 1.699 0.0
п. 0.0 1.523 0.0
тонкостей 0.0 2.0 0.0
группам 0.0 1.523 0.0
обновляемой 0.0 2.0 0.0
коронавируса 0.003 0.509 0.002
пока 0.004 0.208 0.001
особенностях 0.0 2.0 0.0
сделаны 0.0 1.523 0.0
карточки 0.0 1.155 0.0
сих 0.001 0.481 0.0
отгружено 0.0 2.0 0.0
векторных 0.0 1.301 0.0
линиях 0.0 1.398 0.0
испытанная 0.0 2.0 0.0
выработки 0.001 2.0 0.002
pfizer/biontech 0.003 1.046 0.003
протоколу 0.0 2.0 0.0
займет 0.0 2.0 0.0
18–20-й 0.0 2.0 0.0
нового 0.0 0.638 0.0
предполагают 0.0 1.398 0.0
спайк 0.0 2.0 0.0
упаковки 0.0 2.0 0.0
двухкомпонентной 0.0 1.699 0.0
значительной 0.0 1.155 0.0
приходят 0.0 1.398 0.0
первого 0.001 0.658 0.001
пообщался 0.0 2.0 0.0
правительства 0.0 0.921 0.0
важную 0.0 1.523 0.0
вирусом 0.0 0.921 0.0
сербию 0.0 1.699 0.0
одного 0.001 0.432 0.0
вирусы 0.0 1.301 0.0
согласно 0.001 0.745 0.001
инструкция 0.001 0.796 0.001
сегодняшний 0.001 1.523 0.002
последние 0.0 0.456 0.0
gsk 0.0 2.0 0.0
международного 0.0 1.155 0.0
разные 0.001 0.721 0.001
нежелательных 0.0 1.046 0.0
холодильниках 0.0 2.0 0.0
текста 0.0 1.222 0.0
роль 0.0 0.796 0.0
юридическим 0.0 0.102 0.0
канаде 0.0 1.699 0.0
группе 0.002 0.745 0.001
исчерпывается 0.0 1.523 0.0
контракты 0.0 1.398 0.0
несмотря 0.0 0.456 0.0
covid-19 0.001 0.77 0.001
комиссии 0.001 1.699 0.002
китайские 0.0 1.301 0.0
стали 0.0 0.42 0.0
клинического 0.0 1.046 0.0
данный 0.0 0.824 0.0
филиппины 0.0 1.699 0.0
безопасны 0.0 1.699 0.0
заявку 0.0 1.398 0.0
слабость 0.0 1.699 0.0
нужно 0.0 0.237 0.0
российском 0.0 0.921 0.0
обновлены 0.0 2.0 0.0
антона 0.0 1.699 0.0
задаваемыми 0.0 2.0 0.0
момента 0.0 0.886 0.0
первым 0.0 0.854 0.0
заболевшем 0.0 2.0 0.0
дальнейших 0.0 2.0 0.0
борьбы 0.0 1.097 0.0
становится 0.0 0.721 0.0
светланы 0.0 1.523 0.0
взаимозаменяемы 0.0 2.0 0.0
по-прежнему 0.0 0.824 0.0
рубеж 0.0 1.699 0.0
инфицированных 0.0 1.222 0.0
советника 0.0 1.301 0.0
трудности 0.0 1.523 0.0
исследованиях 0.001 0.854 0.001
безопасно 0.0 0.066 0.0
роспотребнадзора 0.001 1.523 0.002
оксфордского 0.0 2.0 0.0
рф 0.0 0.745 0.0
индукция 0.0 2.0 0.0
коронавирусамы 0.0 2.0 0.0
youtube 0.0 0.06 0.0
морских 0.0 2.0 0.0
стимулируют 0.0 1.699 0.0
компонентом 0.0 1.301 0.0
вариант 0.0 0.796 0.0
называется 0.0 1.0 0.0
журналы 0.0 2.0 0.0
создано 0.0 0.097 0.0
западной 0.0 1.222 0.0
экстренная 0.0 2.0 0.0
телеграме 0.0 1.222 0.0
группы 0.001 0.62 0.001
ii/iii 0.0 2.0 0.0
ad26.cov2.s 0.0 2.0 0.0
желающий 0.0 1.699 0.0
выделил 0.0 2.0 0.0
которого 0.0 0.585 0.0
планирует 0.0 1.398 0.0
друга 0.0 0.854 0.0
отдельная 0.0 1.523 0.0
сегодня 0.001 0.638 0.001
непал 0.0 1.699 0.0
генетический 0.0 1.699 0.0
многие 0.0 0.284 0.0
средством 0.0 0.102 0.0
темпам 0.0 1.699 0.0
соответствии 0.0 1.0 0.0
возможность 0.0 0.569 0.0
определенного 0.0 1.699 0.0
компонент 0.001 1.222 0.001
научном 0.0 1.222 0.0
обнаружена 0.0 2.0 0.0
приводит 0.0 0.824 0.0
зафиксированных 0.0 2.0 0.0
впервые 0.0 0.824 0.0
июля 0.0 1.0 0.0
говорят 0.0 0.432 0.0
где-то 0.0 0.721 0.0
подробные 0.0 1.398 0.0
создает 0.0 1.222 0.0
абсолютно 0.0 0.721 0.0
своей 0.0 0.42 0.0
наиболее 0.0 0.745 0.0
доступно 0.0 1.699 0.0
поставлять 0.0 1.398 0.0
добровольно 0.0 1.301 0.0
разработок 0.0 1.699 0.0
кроликах 0.0 2.0 0.0
нестабильна 0.0 2.0 0.0
подходящую 0.0 2.0 0.0
стать 0.0 0.699 0.0
разбор 0.0 0.387 0.0
мире 0.002 0.553 0.001
королевство 0.0 2.0 0.0
аналогичные 0.0 1.301 0.0
разрабатывающихся 0.0 2.0 0.0
данным 0.001 0.444 0.0
проверяется 0.0 1.699 0.0
потребовалось 0.0 1.523 0.0
чили 0.0 1.301 0.0
недостатком 0.0 2.0 0.0
важные 0.0 0.854 0.0
планируемый 0.0 2.0 0.0
российских 0.001 0.337 0.0
минус 0.0 1.398 0.0
кислота 0.0 1.699 0.0
поставки 0.001 1.155 0.001
александр 0.0 0.538 0.0
испытуемых 0.0 1.523 0.0
боливию 0.0 1.699 0.0
симптомов 0.0 0.886 0.0
обратиться 0.0 1.046 0.0
защищать 0.0 0.854 0.0
режим 0.0 0.921 0.0
s-белок 0.001 1.301 0.001
любой 0.0 0.745 0.0
время 0.0 0.102 0.0
публикации 0.001 0.886 0.001
ухань 0.0 2.0 0.0
анализ 0.0 0.921 0.0
обороте 0.0 2.0 0.0
разбирала 0.0 2.0 0.0
входил 0.0 1.699 0.0
центра 0.002 0.77 0.002
аденовирусных 0.001 1.398 0.001
сопоставляя 0.0 2.0 0.0
стоит 0.0 0.509 0.0
конце 0.001 0.745 0.001
рекламаmeduza 0.0 0.066 0.0
боль 0.0 0.959 0.0
выпускать 0.0 1.097 0.0
связанную 0.0 2.0 0.0
гидроксида 0.0 2.0 0.0
технологии 0.0 1.155 0.0
постоянно 0.0 0.62 0.0
четырех 0.0 1.046 0.0
статья 0.0 1.0 0.0
планируются 0.0 1.699 0.0
михаил 0.0 0.959 0.0
разрабатывалась 0.0 2.0 0.0
используются 0.0 0.921 0.0
среди 0.002 0.42 0.001
организаторов 0.0 1.398 0.0
пола 0.0 1.398 0.0
прежде 0.001 0.62 0.001
темпы 0.0 1.523 0.0
ближайшем 0.0 1.222 0.0
омс 0.0 2.0 0.0
международные 0.0 1.398 0.0
индивидуальном 0.0 1.699 0.0
заявили 0.0 1.0 0.0
побочкой 0.0 2.0 0.0
вопросов 0.0 1.046 0.0
назад 0.0 0.18 0.0
препаратами 0.0 1.097 0.0
первое 0.001 0.921 0.001
вирусный 0.0 1.523 0.0
johnson 0.001 1.155 0.001
мог 0.0 0.824 0.0
применяются 0.0 1.301 0.0
компаний 0.0 0.959 0.0
ответа 0.0 0.886 0.0
тихонова 0.0 2.0 0.0
схема 0.0 1.523 0.0
текущим 0.0 2.0 0.0
инактивируется 0.0 2.0 0.0
кодекс 0.0 0.066 0.0
добровольцем 0.0 1.699 0.0
moderna 0.001 1.0 0.001
проходить 0.0 1.155 0.0
случая 0.0 1.301 0.0
также 0.002 0.237 0.0
совместное 0.0 1.398 0.0
клинических 0.003 0.796 0.002
хорошие 0.0 1.0 0.0
размещает 0.0 2.0 0.0
описанные 0.0 1.523 0.0
статьи 0.0 0.854 0.0
бутан 0.0 1.699 0.0
народные 0.0 1.523 0.0
сниженной 0.0 1.699 0.0
влиять 0.0 1.155 0.0
выпущено 0.0 1.699 0.0
пройдет 0.0 1.523 0.0
подробно 0.0 0.921 0.0
пор 0.001 0.387 0.0
турецкого 0.0 2.0 0.0
антитела 0.002 0.959 0.002
отличаются 0.001 1.046 0.001
собирать 0.0 1.097 0.0
требование 0.0 1.155 0.0
вконтакте 0.0 0.066 0.0
выращивается 0.0 2.0 0.0
препарата 0.002 0.886 0.002
одновременно 0.0 0.796 0.0
проанализированы 0.0 2.0 0.0
реестрах 0.0 1.699 0.0
pfizer 0.0 0.886 0.0
название 0.0 0.921 0.0
температуры 0.0 1.155 0.0
групп 0.0 0.77 0.0
небольшие 0.0 1.301 0.0
цельную 0.0 2.0 0.0
выделите 0.0 0.066 0.0
власти 0.001 0.387 0.0
логистику 0.0 1.699 0.0
получить 0.0 0.553 0.0
адъюванта 0.0 1.699 0.0
планируют 0.001 1.301 0.001
использования 0.0 0.921 0.0
комплектов 0.002 1.699 0.003
рнк-молекул 0.0 2.0 0.0
предприятия 0.0 1.046 0.0
сайте 0.0 0.886 0.0
против 0.001 0.229 0.0
той 0.0 0.62 0.0
великобритании 0.001 0.745 0.001
публикация 0.0 1.222 0.0
нуклеиновая 0.0 1.699 0.0
-ной 0.0 2.0 0.0
всякая 0.0 1.699 0.0
упростить 0.0 1.699 0.0
рассматривать 0.0 1.398 0.0
эпиваккорону 0.0 1.398 0.0
нужны 0.0 0.745 0.0
эффективность 0.006 0.569 0.003
вечерняя 0.0 0.066 0.0
во-первых 0.0 0.796 0.0
испытаниях 0.0 1.222 0.0
логунов 0.0 1.523 0.0
назвать 0.0 0.959 0.0
сроках 0.0 2.0 0.0
поддержки 0.0 0.066 0.0
тяжелого 0.0 0.921 0.0
самой 0.0 0.699 0.0
спутник 0.003 0.721 0.002
двумя 0.0 0.678 0.0
eua 0.0 1.523 0.0
называют 0.0 0.699 0.0
публикаций 0.0 1.398 0.0
подготовка 0.0 1.699 0.0
первые 0.001 0.585 0.001
00234-8 0.0 2.0 0.0
проводящей 0.0 2.0 0.0
генетической 0.0 2.0 0.0
дня 0.0 0.523 0.0
животных 0.002 0.854 0.002
тяжелый 0.0 1.301 0.0
сказано 0.0 0.921 0.0
большинство 0.0 0.796 0.0
развитие 0.0 1.155 0.0
журналах 0.0 1.523 0.0
двукратной 0.0 2.0 0.0
фаза 0.001 1.301 0.001
остальные 0.001 0.854 0.001
вакциной 0.001 0.886 0.001
приводится 0.0 2.0 0.0
android 0.0 0.066 0.0
последнюю 0.0 1.155 0.0
результатами 0.003 1.301 0.004
мишустин 0.0 1.523 0.0
июле 0.0 1.523 0.0
начнется 0.0 1.222 0.0
патенты 0.0 2.0 0.0
нужна 0.0 0.092 0.0
проводились 0.0 1.222 0.0
вакцинация 0.002 0.699 0.001
добровольца 0.0 1.699 0.0
города 0.0 0.638 0.0
пресс-релиза 0.0 1.699 0.0
позволить 0.0 1.222 0.0
проводившиеся 0.0 2.0 0.0
норвегия 0.0 1.301 0.0
обещанной 0.0 2.0 0.0
мрнк 0.0 1.155 0.0
оптимальным 0.0 1.523 0.0
особенности 0.001 1.398 0.001
адъювант 0.0 2.0 0.0
экраном 0.0 1.699 0.0
обрывкам 0.0 2.0 0.0
системных 0.0 2.0 0.0
сухого 0.0 1.699 0.0
источникам 0.0 1.699 0.0
агентство 0.0 1.155 0.0
надлежащей 0.0 1.699 0.0
ран 0.0 1.523 0.0
институт 0.0 1.301 0.0
явлений 0.0 1.046 0.0
ограничено 0.0 1.398 0.0
общим 0.0 1.301 0.0
получали 0.0 1.222 0.0
спрея 0.0 2.0 0.0
стоите 0.0 1.699 0.0
форм 0.0 1.523 0.0
испытывали 0.0 1.699 0.0
несет 0.0 1.222 0.0
содержат 0.0 1.398 0.0
агрегатов 0.0 2.0 0.0
вирусологии 0.0 1.699 0.0
глава 0.0 0.824 0.0
способом 0.0 1.155 0.0
даниила 0.0 2.0 0.0
biologics 0.0 2.0 0.0
больницы 0.0 0.77 0.0
выработались 0.0 1.699 0.0
адъюванте 0.0 2.0 0.0
издания 0.0 0.959 0.0
предполагала 0.0 2.0 0.0
участвуют 0.0 0.959 0.0
горлышком 0.0 2.0 0.0
привиться 0.001 0.796 0.001
отправка 0.0 2.0 0.0
медузе 0.001 0.066 0.0
экспортных 0.0 1.523 0.0
следить 0.0 1.0 0.0
точно 0.0 0.481 0.0
первый 0.0 0.481 0.0
проверки 0.0 1.222 0.0
вопросами 0.0 1.699 0.0
договорах 0.0 1.699 0.0
медузу 0.0 0.066 0.0
гамалеи 0.001 1.155 0.001
обработки 0.0 0.066 0.0
конкурентов 0.0 1.523 0.0
стороны 0.0 0.432 0.0
массовой 0.0 0.097 0.0
точки 0.001 0.638 0.001
экспорт 0.0 1.523 0.0
однократной 0.0 2.0 0.0
регулирует 0.0 2.0 0.0
сложно 0.0 0.538 0.0
активации 0.0 2.0 0.0
эпидемиологов 0.0 1.523 0.0
каждый 0.0 0.509 0.0
эксперименты 0.0 1.301 0.0
зарегистрировано 0.001 1.222 0.001
находятся 0.001 0.854 0.001
запланировано 0.0 1.699 0.0
словам 0.001 0.658 0.001
обмен 0.0 1.301 0.0
61-фз 0.0 2.0 0.0
предотвращать 0.0 1.523 0.0
компанию 0.0 1.301 0.0
заболеваний 0.0 0.745 0.0
великобританию 0.0 1.699 0.0
петроваксе 0.0 1.699 0.0
хадасса 0.0 1.523 0.0
всякое 0.0 1.523 0.0
i 0.0 0.745 0.0
уровню 0.0 1.523 0.0
субъединичного 0.0 2.0 0.0
сколково 0.0 1.301 0.0
организме 0.0 1.301 0.0
мышах 0.0 2.0 0.0
вакцины 0.021 0.585 0.012
пептидных 0.0 1.699 0.0
этапа 0.0 1.222 0.0
многих 0.0 0.658 0.0
лайт 0.0 1.301 0.0
исходя 0.0 1.398 0.0
новым 0.0 0.796 0.0
объем 0.0 1.398 0.0
заморозки 0.0 2.0 0.0
продолжилось 0.0 2.0 0.0
постоянной 0.0 2.0 0.0
30,5 0.0 2.0 0.0
недоступных 0.0 2.0 0.0
рейтер 0.0 1.155 0.0
странах 0.001 0.495 0.0
al. 0.0 2.0 0.0
таиланд 0.0 1.699 0.0
вырабатываемых 0.0 2.0 0.0
кем 0.0 1.222 0.0
зарегистрирован 0.0 1.398 0.0
дать 0.0 0.854 0.0
получения 0.0 1.398 0.0
мировые 0.0 2.0 0.0
мексике 0.001 1.699 0.002
теми 0.001 0.886 0.001
заранее 0.0 0.959 0.0
реклама 0.0 0.066 0.0
biological 0.001 1.699 0.002
делать 0.0 0.276 0.0
оказаться 0.0 0.796 0.0
сша 0.002 0.469 0.001
плохо 0.0 0.569 0.0
бразилия 0.0 1.523 0.0
озвучиваемых 0.0 2.0 0.0
рынок 0.0 0.921 0.0
neo7logic 0.0 2.0 0.0
список 0.0 0.658 0.0
иммунизацию 0.0 2.0 0.0
белок-носитель 0.0 1.699 0.0
наблюдения 0.0 1.155 0.0
россии 0.007 0.119 0.001
исследованиям 0.0 1.398 0.0
агента 0.0 0.097 0.0
пять 0.0 0.509 0.0
адъювантом 0.0 2.0 0.0
иммунизация 0.0 2.0 0.0
июне 0.0 1.097 0.0
sinopharm 0.001 1.398 0.001
подбирают 0.0 2.0 0.0
тысячи 0.0 0.721 0.0
дошло 0.0 1.699 0.0
рекомендовать 0.0 1.301 0.0
создатель 0.0 1.523 0.0
обещают 0.0 1.301 0.0
узнали 0.0 1.0 0.0
природного 0.0 1.398 0.0
способна 0.0 1.398 0.0
пункта 0.0 1.699 0.0
лечебных 0.0 2.0 0.0
системы 0.0 0.585 0.0
самоорганизовавшихся 0.0 2.0 0.0
постепенно 0.0 1.222 0.0
представителя 0.0 1.222 0.0
рассматривается 0.0 2.0 0.0
видимо 0.0 0.824 0.0
человеческого 0.0 1.398 0.0
китае 0.0 1.222 0.0
южная 0.0 1.523 0.0
однократная 0.0 2.0 0.0
удачной 0.0 1.699 0.0
novavax 0.0 1.699 0.0
похожих 0.0 1.699 0.0
высокой 0.0 0.959 0.0
наночастицами 0.0 2.0 0.0
удастся 0.0 1.155 0.0
заболевания 0.0 0.62 0.0
интерфаксу 0.0 2.0 0.0
гражданам 0.0 1.699 0.0
увеличении 0.0 1.699 0.0
исследуемый 0.0 2.0 0.0
учреждений 0.0 1.523 0.0
читателейнам 0.0 0.174 0.0
босфора 0.0 2.0 0.0
субъединичные 0.0 2.0 0.0
страны 0.001 0.444 0.0
опубликованы 0.002 1.0 0.002
реакций 0.0 1.222 0.0
десятки 0.0 0.745 0.0
алюминия 0.001 1.699 0.002
старой 0.0 1.523 0.0
популяции 0.0 1.097 0.0
появились 0.0 0.854 0.0
порядку 0.0 0.066 0.0
комбинации 0.0 1.398 0.0
заражать 0.0 1.523 0.0
дополнительно 0.0 1.398 0.0
несут 0.0 1.523 0.0
лоб 0.0 1.699 0.0
ершов 0.0 0.796 0.0
исландия 0.0 1.699 0.0
работает 0.0 0.367 0.0
необходимо 0.0 0.585 0.0
третья 0.0 1.301 0.0
фундаментальный 0.0 1.699 0.0
самые 0.0 0.602 0.0
прекращении 0.0 1.398 0.0
сколько 0.0 0.585 0.0
провести 0.0 0.745 0.0
соответствующий 0.0 1.523 0.0
окна 0.0 0.959 0.0
важнейшей 0.0 2.0 0.0
российской 0.001 0.432 0.0
рассчитывать 0.0 1.398 0.0
нежелание 0.0 1.301 0.0
применимости 0.0 2.0 0.0
biotech 0.001 2.0 0.002
группой 0.0 1.155 0.0
общее 0.0 1.046 0.0
вируса 0.002 0.721 0.001
группах 0.001 1.0 0.001
создатели 0.0 1.398 0.0
регуляторных 0.0 2.0 0.0
претендовать 0.0 2.0 0.0
составе 0.0 1.301 0.0
могут 0.001 0.187 0.0
запущены 0.0 2.0 0.0
конвиденцию 0.0 2.0 0.0
должно 0.0 0.658 0.0
день 0.002 0.328 0.001
подробных 0.0 1.699 0.0
довольно 0.001 0.523 0.001
писали 0.0 0.824 0.0
коронавирус 0.0 0.854 0.0
пептидная 0.0 1.523 0.0
найти 0.0 0.602 0.0
работать 0.0 0.409 0.0
первую 0.0 0.638 0.0
типом 0.0 2.0 0.0
способного 0.0 1.699 0.0
аналитическая 0.0 2.0 0.0
начале 0.0 0.602 0.0
университета 0.001 0.959 0.001
биореакторах 0.0 2.0 0.0
добровольцы 0.0 1.398 0.0
интервал 0.0 1.301 0.0
бахрейн 0.0 1.699 0.0
ограничились 0.0 2.0 0.0
михаилом 0.0 1.699 0.0
полгода 0.0 0.886 0.0
мишустина 0.0 1.398 0.0
количество 0.002 0.62 0.001
cansino 0.002 1.301 0.003
признана 0.0 1.699 0.0
высокому 0.0 1.699 0.0
критикуют 0.0 1.699 0.0
нем 0.0 0.602 0.0
военными 0.0 1.301 0.0
создания 0.0 1.398 0.0
помимо 0.0 0.796 0.0
изменчивости 0.0 1.699 0.0
последним 0.0 1.523 0.0
проникая 0.0 2.0 0.0
проведено 0.0 1.523 0.0
контрактов 0.0 1.523 0.0
ощущения 0.0 1.301 0.0
направлены 0.0 1.222 0.0
кандидата 0.0 2.0 0.0
стало 0.0 0.481 0.0
расширяется 0.0 2.0 0.0
максимально 0.0 0.721 0.0
число 0.001 0.658 0.001
значительным 0.0 1.699 0.0
частью 0.0 1.301 0.0
половину 0.0 1.523 0.0
градусах 0.0 1.699 0.0
гидроксиде 0.0 2.0 0.0
случае 0.002 0.357 0.001
прибегают 0.0 1.699 0.0
реальное 0.0 1.523 0.0
выполняются 0.0 2.0 0.0
иммуногенности 0.001 1.301 0.001
рнк-вакцинами 0.0 2.0 0.0
параметру 0.0 2.0 0.0
fda 0.0 1.222 0.0
само 0.0 0.921 0.0
иностранным 0.0 0.097 0.0
реестра 0.0 1.398 0.0
astrazeneca 0.001 0.959 0.001
правилу 0.0 1.699 0.0
петровакса 0.0 2.0 0.0
относительно 0.001 0.721 0.001
делают 0.0 0.745 0.0
совки 0.0 2.0 0.0
например 0.002 0.229 0.0
накопленным 0.0 1.699 0.0
началась 0.001 0.678 0.001
сообщил 0.001 0.959 0.001
указано 0.0 1.0 0.0
решение 0.0 0.509 0.0
установить 0.0 1.155 0.0
мнению 0.0 0.638 0.0
февраля 0.003 0.387 0.001
чумакова 0.003 1.523 0.005
2021//https 0.0 2.0 0.0
части 0.0 0.854 0.0
отличающиеся 0.0 1.699 0.0
вакцинах 0.001 1.046 0.001
львиная 0.0 2.0 0.0
получили 0.001 0.745 0.001
марте 0.0 1.046 0.0
китая 0.0 1.155 0.0
схемой 0.0 2.0 0.0
средств 0.001 0.854 0.001
конвиденцией 0.0 2.0 0.0
стартовала 0.0 1.699 0.0
поддержите 0.0 0.102 0.0
населения 0.0 0.658 0.0
зрения 0.0 0.602 0.0
любые 0.0 0.854 0.0
канаду 0.0 1.699 0.0
//doi.org/10.1016/s0140-6736 0.0 2.0 0.0
количествах 0.0 1.699 0.0
завершились 0.0 1.523 0.0
поэтому 0.001 0.328 0.0
августа 0.0 1.222 0.0
n+1 0.0 2.0 0.0
аденовируса 0.002 1.523 0.003
особенностью 0.0 2.0 0.0
году 0.0 0.367 0.0
препарат 0.001 0.959 0.001
первых 0.0 0.959 0.0
провакцинированных 0.0 2.0 0.0
лет 0.001 0.252 0.0
лицензирования 0.0 2.0 0.0
распространения 0.0 0.678 0.0
используется 0.0 0.796 0.0
°с 0.001 2.0 0.002
дату 0.0 2.0 0.0
заключаются 0.0 1.523 0.0
мексика 0.0 1.523 0.0
проводятся 0.001 1.097 0.001
вопрос 0.0 0.42 0.0
т-клеток 0.0 1.699 0.0
мухлеж 0.0 1.523 0.0
составляет 0.001 0.921 0.001
данные 0.002 0.066 0.0
заболевший 0.0 1.398 0.0
дают 0.0 0.721 0.0
планах 0.001 1.222 0.001
окно 0.0 1.398 0.0
короткими 0.0 2.0 0.0
отдельные 0.0 1.0 0.0
синтезированной 0.0 2.0 0.0
рфпи 0.001 1.523 0.002
возможностью 0.0 1.699 0.0
получила 0.0 1.301 0.0
литературе 0.0 1.222 0.0
отстает 0.0 2.0 0.0
28-й 0.0 1.699 0.0
находящимися 0.0 2.0 0.0
предлагается 0.0 1.398 0.0
nature 0.0 1.523 0.0
подают 0.0 2.0 0.0
пресс-службе 0.0 1.222 0.0
светлана 0.0 1.222 0.0
частично 0.0 1.301 0.0
имени 0.0 0.796 0.0
известны 0.001 1.222 0.001
глубокой 0.0 2.0 0.0
краммера 0.0 2.0 0.0
обращении 0.0 2.0 0.0
понятно 0.001 0.699 0.001
высокие 0.0 1.398 0.0
ожидаемые 0.0 2.0 0.0
по-разному 0.0 1.222 0.0
целом 0.0 0.585 0.0
сообщалось 0.0 1.155 0.0
mrna-1273 0.0 2.0 0.0
тюбингена 0.0 2.0 0.0
следующих 0.0 1.301 0.0
скоре 0.0 2.0 0.0
стадии 0.0 1.301 0.0
закрепленных 0.0 1.699 0.0
уточнили 0.0 1.699 0.0
экономических 0.0 1.097 0.0
нейтрализующие 0.0 1.523 0.0
полную 0.0 1.046 0.0
сравнивать 0.0 0.959 0.0
открытым 0.0 1.699 0.0
похожа 0.002 1.222 0.002
новые 0.0 0.602 0.0
бутылочным 0.0 2.0 0.0
значениях 0.0 1.523 0.0
отличия 0.0 1.222 0.0
решить 0.0 1.097 0.0
составит 0.0 1.523 0.0
суммарно 0.0 1.523 0.0
причин 0.0 0.921 0.0
документов 0.0 1.222 0.0
эффектов 0.001 1.046 0.001
вероятность 0.0 0.721 0.0
природный 0.0 2.0 0.0
тысяч 0.002 0.337 0.001
схемы 0.0 1.523 0.0
одинаковыми 0.0 1.523 0.0
высокий 0.0 1.046 0.0
ковивак 0.0 1.155 0.0
применяемый 0.0 2.0 0.0
соединенное 0.0 2.0 0.0
варианте 0.0 1.222 0.0
разрабатывают 0.0 2.0 0.0
свинках 0.0 2.0 0.0
научного 0.0 1.699 0.0
хвалят 0.0 2.0 0.0
принципе 0.0 0.796 0.0
локального 0.0 2.0 0.0
вырабатывались 0.001 2.0 0.002
источник 0.001 0.174 0.0
технологически 0.0 1.699 0.0
одни 0.0 1.046 0.0
все-таки 0.001 0.553 0.001
мощности 0.0 1.699 0.0
исполняется 0.0 2.0 0.0
наблюдалась 0.0 1.523 0.0
“ 0.0 0.432 0.0
хочу 0.0 0.137 0.0
побочных 0.001 0.959 0.001
проходила 0.0 1.398 0.0
делятся 0.0 1.523 0.0
отражается 0.0 1.699 0.0
торговым 0.0 1.699 0.0
иммунобиологических 0.0 2.0 0.0
приходится 0.0 0.886 0.0
игнорируется 0.0 2.0 0.0
испытываются 0.001 2.0 0.002
март 0.0 1.699 0.0
формализована 0.0 2.0 0.0
участии 0.0 0.959 0.0
ряд 0.0 1.046 0.0
лишний 0.0 1.523 0.0
типа 0.001 0.959 0.001
находится 0.0 0.678 0.0
публичной 0.0 1.301 0.0
endpoints 0.0 2.0 0.0
остались 0.0 0.921 0.0
вирусных 0.0 1.301 0.0
действует 0.0 1.097 0.0
активируются 0.0 2.0 0.0
правила 0.0 0.066 0.0
минздравом 0.0 1.398 0.0
отправлены 0.0 2.0 0.0
нишу 0.0 2.0 0.0
голиковой 0.0 1.699 0.0
заседании 0.0 1.301 0.0
уточнена 0.0 2.0 0.0
мае 0.0 1.523 0.0
датами 0.0 2.0 0.0
дистрибуцию 0.0 2.0 0.0
сказать 0.0 0.495 0.0
снижено 0.0 1.699 0.0
добровольцах 0.0 1.301 0.0
запустится 0.0 2.0 0.0
© 0.0 0.0 0.0
обычный 0.0 1.398 0.0
сингапуре 0.0 2.0 0.0
разработчиков 0.001 1.097 0.001
кукурузной 0.0 2.0 0.0
показатели 0.0 1.0 0.0
данных 0.0 0.481 0.0
сказываться 0.0 1.523 0.0
индии 0.0 1.222 0.0
интернет 0.0 1.097 0.0
вторые 0.0 1.523 0.0
эффективным 0.0 1.398 0.0
частой 0.0 2.0 0.0
необходимы 0.0 1.398 0.0
партнеров 0.0 1.398 0.0
пептиды 0.0 1.699 0.0
переписаны 0.0 2.0 0.0
иммунизации 0.0 1.398 0.0
тип 0.001 1.699 0.002
доклады 0.0 1.523 0.0
сильно 0.0 0.509 0.0
клинические 0.002 1.097 0.002
вводная 0.0 2.0 0.0
различия 0.0 1.398 0.0
помощь 0.0 0.097 0.0
gcp 0.0 2.0 0.0
израиль 0.0 1.097 0.0
итоги 0.0 1.301 0.0
договор 0.0 1.222 0.0
текст 0.0 0.886 0.0
t-клеток 0.0 2.0 0.0
шиповидного 0.0 2.0 0.0
прививаться 0.001 0.921 0.001
около 0.0 0.432 0.0
индия 0.0 1.523 0.0
конвидеция 0.0 1.699 0.0
прочитайте 0.0 1.301 0.0
туркмении 0.0 2.0 0.0
разработке 0.0 1.222 0.0
николай 0.0 1.097 0.0
исключением 0.0 1.301 0.0
известного 0.0 1.523 0.0
статью 0.001 1.155 0.001
новости 0.0 0.481 0.0
добавлены 0.0 2.0 0.0
казахстанские 0.0 1.699 0.0
изменениями 0.0 2.0 0.0
отправили 0.0 1.155 0.0
защитное 0.0 2.0 0.0
онкопациентов 0.0 2.0 0.0
началось 0.0 1.097 0.0
шри-ланка 0.0 1.699 0.0
оригинальному 0.0 2.0 0.0
измерениями 0.0 2.0 0.0
sars-cov-2 0.002 0.824 0.002
сегодняшнюю 0.0 2.0 0.0
подачи 0.0 1.523 0.0
имеют 0.0 0.678 0.0
всем 0.001 0.252 0.0
поставкой 0.0 2.0 0.0
некоторыми 0.0 1.398 0.0
картины 0.0 1.699 0.0
доказывает 0.0 2.0 0.0
аденовирусам 0.0 1.398 0.0
почему-то 0.0 1.222 0.0
штамма 0.0 1.301 0.0
те 0.0 0.357 0.0
оно 0.0 0.444 0.0
происходит 0.001 0.387 0.0
закон 0.0 1.0 0.0
квартале 0.0 2.0 0.0
поговорив 0.0 2.0 0.0
moderna/nih 0.0 2.0 0.0
бразилию 0.0 1.523 0.0
россиян 0.001 0.62 0.001
директора 0.0 1.097 0.0
оценили 0.0 1.301 0.0
упакованной 0.0 2.0 0.0
журнале 0.001 0.921 0.001
михаила 0.0 1.222 0.0
ними 0.0 0.585 0.0
самого 0.0 0.77 0.0
отдельный 0.0 1.222 0.0
локализовано 0.0 2.0 0.0
разработчики 0.001 1.0 0.001
официальном 0.0 2.0 0.0
публикуются 0.0 1.523 0.0
лекарственное 0.0 2.0 0.0
друг 0.0 0.699 0.0
произошла 0.0 1.523 0.0
профилактики 0.0 1.398 0.0
обновления 0.0 1.699 0.0
стойким 0.0 2.0 0.0
является 0.001 0.745 0.001
проведение 0.001 1.155 0.001
практическим 0.0 2.0 0.0
гам-ковид-вак 0.0 1.301 0.0
главное 0.0 0.658 0.0
вызывает 0.0 0.886 0.0
показала 0.0 1.222 0.0
информация 0.001 0.824 0.001
эффект 0.0 1.097 0.0
сроков 0.0 1.699 0.0
неудовлетворительными 0.0 2.0 0.0
показывать 0.0 0.066 0.0
поверхности 0.0 1.301 0.0
проведением 0.0 2.0 0.0
i—ii 0.0 1.699 0.0
инактивации 0.0 2.0 0.0
twitter 0.0 0.0 0.0
заключения 0.0 1.398 0.0
планируется 0.001 1.398 0.001
включение 0.0 1.699 0.0
петровакс 0.0 1.523 0.0
означает 0.0 0.62 0.0
платформы 0.0 0.066 0.0
зато 0.0 0.886 0.0
перерывом 0.0 2.0 0.0
вектором 0.0 2.0 0.0
спецкор 0.0 1.523 0.0
марокко 0.0 1.699 0.0
иммунную 0.001 1.398 0.001
понять 0.001 0.721 0.001
обнадеживающие 0.0 2.0 0.0
последнему 0.0 2.0 0.0
которые 0.004 0.119 0.0
участие 0.002 0.959 0.002
ранее 0.0 0.62 0.0
достижении 0.0 2.0 0.0
т. 0.0 0.921 0.0
инактивированные 0.002 1.699 0.003
meduza 0.0 0.0 0.0
иммунного 0.0 1.301 0.0
соединенных 0.0 1.523 0.0
расы 0.0 1.699 0.0
регуляторный 0.0 1.699 0.0
версия 0.0 1.222 0.0
произвести 0.001 1.523 0.002
выступает 0.0 1.0 0.0
шимпанзе 0.0 1.523 0.0
плацебо 0.002 0.959 0.002
поставок 0.001 1.222 0.001
экспериментах 0.0 1.699 0.0
позволяют 0.0 0.886 0.0
собственностью 0.0 2.0 0.0
веществе 0.0 2.0 0.0
самая 0.0 0.854 0.0
декабря 0.002 0.824 0.002
третьи 0.0 1.398 0.0
д 0.0 1.398 0.0
вещи 0.0 0.796 0.0
необходимость 0.0 1.155 0.0
вакцинацию 0.0 0.824 0.0
минимальны 0.0 1.699 0.0
африка 0.0 1.699 0.0
из-за 0.001 0.229 0.0
расширения 0.0 2.0 0.0
быстрее 0.0 0.886 0.0
австралию 0.0 2.0 0.0
эффективность:82,4 0.0 2.0 0.0
настоящего 0.0 2.0 0.0
населением 0.0 1.398 0.0
цельсия 0.0 2.0 0.0
корею 0.0 2.0 0.0
реакцию 0.001 1.155 0.001
высушенной 0.0 2.0 0.0
нашим 0.0 1.155 0.0
объемы 0.0 1.523 0.0
планам 0.0 2.0 0.0
клинической 0.0 1.699 0.0
значит 0.001 0.444 0.0
отличаться 0.0 1.301 0.0
экспертные 0.0 2.0 0.0
проведения 0.0 1.301 0.0
гифки 0.0 0.066 0.0
отслеживанием 0.0 2.0 0.0
людей 0.001 0.161 0.0
говорит 0.0 0.409 0.0
отдельно 0.0 1.097 0.0
республика 0.0 1.301 0.0
кроме 0.001 0.387 0.0
рекомендует 0.0 0.886 0.0
клиника 0.0 1.398 0.0
головная 0.0 1.301 0.0
обсуждения 0.0 1.398 0.0
доступны 0.0 1.398 0.0
проводят 0.0 1.0 0.0
ограничиваясь 0.0 2.0 0.0
производства 0.002 0.77 0.002
сделана 0.0 1.097 0.0
включая 0.0 0.959 0.0
единичной 0.0 2.0 0.0
сделано 0.0 1.222 0.0
веществ 0.0 1.222 0.0
показали 0.001 1.0 0.001
небольшими 0.0 1.523 0.0
территории 0.0 0.796 0.0
открытого 0.0 2.0 0.0
вирус-возбудитель 0.0 2.0 0.0
производить 0.0 1.523 0.0
содержит 0.001 1.155 0.001
максютов 0.0 2.0 0.0
египет 0.0 1.523 0.0
похожи 0.0 1.097 0.0
который 0.002 0.194 0.0
риск 0.0 0.538 0.0
ясны 0.0 1.699 0.0
уколе 0.0 2.0 0.0
анонимно 0.0 0.066 0.0
второй 0.001 0.42 0.0
заболевших 0.002 0.824 0.002
ваша 0.0 0.102 0.0
вызывать 0.0 0.921 0.0
прививку 0.0 0.77 0.0
распространенным 0.0 2.0 0.0
утверждается 0.0 1.155 0.0
продолжаются 0.0 1.398 0.0
обновлять 0.0 2.0 0.0
медучреждений 0.0 1.523 0.0
интервью 0.001 0.745 0.001
измерен 0.0 2.0 0.0
особый 0.0 1.523 0.0
органом 0.0 2.0 0.0
доминиканская 0.0 1.699 0.0
ранних 0.001 1.398 0.001
куки 0.0 0.066 0.0
вскоре 0.0 1.0 0.0
ноября 0.003 0.745 0.002
безопасна 0.0 1.222 0.0
использование 0.0 0.066 0.0
pasteur 0.0 2.0 0.0
вакцина 0.011 0.721 0.008
испытаниями 0.0 1.523 0.0
карточек 0.0 0.62 0.0
гидроксидом 0.0 2.0 0.0
октябре 0.0 1.222 0.0
препаратом 0.0 1.097 0.0
года 0.004 0.167 0.001
давыдова 0.0 2.0 0.0
°c 0.0 1.523 0.0
разбивки 0.0 1.699 0.0
фотографии 0.0 0.638 0.0
en 0.0 0.066 0.0
эффективностью 0.0 0.921 0.0
алжир 0.0 1.699 0.0
температуре 0.0 1.523 0.0
проводить 0.0 0.824 0.0
экстренную 0.0 2.0 0.0
повлиять 0.0 1.398 0.0
пациентов 0.0 0.796 0.0
начали 0.0 0.481 0.0
отличительной 0.0 2.0 0.0
законе 0.0 1.699 0.0
вакцине 0.001 0.886 0.001
японией 0.0 2.0 0.0
501y.v2 0.0 2.0 0.0
насколько 0.001 0.42 0.0
существенно 0.001 0.721 0.001
специальных 0.001 1.301 0.001
сообщили 0.0 1.097 0.0
промежуточные 0.0 1.398 0.0
будут 0.001 0.301 0.0
человека 0.001 0.328 0.0
экспертизу 0.0 1.523 0.0
возраста 0.0 0.886 0.0
премьер-министром 0.0 1.699 0.0
способны 0.0 1.301 0.0
вырабатываются 0.0 1.523 0.0
катаром 0.0 2.0 0.0
процентных 0.0 1.699 0.0
большое 0.0 0.854 0.0
стартовало 0.0 2.0 0.0
генетические 0.0 1.699 0.0
пришли 0.0 0.921 0.0
спросили 0.0 1.699 0.0
иммунолога 0.0 2.0 0.0
наконец-то 0.0 1.222 0.0
получил 0.0 0.959 0.0
−18 0.0 2.0 0.0
вырабатывалось 0.0 2.0 0.0
исчерпываются 0.0 2.0 0.0
полностью 0.0 0.538 0.0
раза 0.0 0.602 0.0
сообщала 0.0 1.398 0.0
предусмотрено 0.0 2.0 0.0
зафиксировано 0.0 1.301 0.0
одинаковы 0.0 2.0 0.0
одно 0.0 0.699 0.0
производству 0.001 1.699 0.002
которой 0.002 0.377 0.001
данном 0.0 1.097 0.0
плохие 0.0 1.699 0.0
обнаружилось 0.0 1.699 0.0
0,5 0.0 1.699 0.0
вообще 0.001 0.066 0.0
основании 0.001 0.854 0.001
сообщений 0.0 1.398 0.0
третий 0.0 0.921 0.0
национальном 0.0 1.523 0.0
лишь 0.0 0.481 0.0
рбк 0.0 1.523 0.0
объявлено 0.0 1.523 0.0
погрешностью 0.0 2.0 0.0
сети 0.0 1.0 0.0
ирак 0.0 1.699 0.0
испытания 0.002 1.046 0.002
оценка 0.0 1.398 0.0
заявки 0.0 1.398 0.0
флориана 0.0 2.0 0.0
инактивация 0.0 2.0 0.0
степени 0.0 0.721 0.0
доверительный 0.0 1.699 0.0
государственной 0.0 1.046 0.0
новая 0.0 0.678 0.0
химическим 0.0 2.0 0.0
месте 0.0 0.921 0.0
помочь 0.0 0.131 0.0
возрастных 0.0 1.398 0.0
скорее 0.0 0.509 0.0
венгрию 0.0 2.0 0.0
включающей 0.0 2.0 0.0
матричной 0.0 2.0 0.0
холодильники 0.0 2.0 0.0
продолжаем 0.0 0.699 0.0
by 0.0 0.658 0.0
аргентины 0.0 1.046 0.0
оказалась 0.0 0.796 0.0
субстанции 0.0 2.0 0.0
лично 0.0 0.959 0.0
начались 0.0 0.921 0.0
-й 0.0 2.0 0.0
рассказал 0.0 0.796 0.0
полиомиелитом 0.0 2.0 0.0
принципиально 0.0 0.959 0.0
выходит 0.0 0.959 0.0
ясно 0.001 0.886 0.001
картину 0.0 1.0 0.0
грлс 0.001 1.398 0.001
аргентину 0.0 1.398 0.0
удачном 0.0 2.0 0.0
частном 0.0 1.523 0.0
рецензируются 0.0 2.0 0.0
представитель 0.0 1.398 0.0
кластер 0.0 2.0 0.0
последовательности 0.0 1.523 0.0
являются 0.0 1.155 0.0
необычные 0.0 2.0 0.0
общего 0.0 1.0 0.0
организации 0.0 0.658 0.0
центре 0.001 0.886 0.001
австралия 0.0 1.301 0.0
озвучены 0.0 2.0 0.0
осуществлением 0.0 2.0 0.0
активацию 0.0 1.699 0.0
производитель 0.001 1.222 0.001
свои 0.0 0.481 0.0
аденовирусными 0.0 2.0 0.0
регистрацию 0.001 1.155 0.001
которое 0.0 0.337 0.0
обязательном 0.0 2.0 0.0
страной 0.0 0.959 0.0
новостиисторииразборшапитокоронавирусмагаз 0.0 0.066 0.0
аденовирус-26 0.0 2.0 0.0
сентябрю 0.0 1.523 0.0
обычно 0.001 0.523 0.001
промежуточного 0.0 2.0 0.0
разрешений 0.0 1.699 0.0
южноафриканского 0.0 2.0 0.0
хранить 0.0 1.699 0.0
примут 0.0 1.523 0.0
практики 0.0 1.301 0.0
успешно 0.0 1.097 0.0
карте 0.0 1.301 0.0
должны 0.0 0.432 0.0
многого 0.0 1.699 0.0
либо 0.001 0.569 0.001
белком-носителем 0.0 2.0 0.0
поправки 0.0 1.699 0.0
clinicaltrials.gov 0.0 2.0 0.0
которая 0.001 0.301 0.0
стимулировании 0.0 2.0 0.0
великобритания 0.0 1.301 0.0
вакцинной 0.0 1.699 0.0
выложили 0.0 1.523 0.0
инактивированных 0.001 1.699 0.002
технология 0.0 2.0 0.0
природная 0.0 1.699 0.0
bharat 0.0 2.0 0.0
важных 0.0 1.097 0.0
искусственно 0.0 2.0 0.0
выполняющим 0.0 0.097 0.0
возможно 0.001 0.398 0.0
принять 0.0 0.921 0.0
ошибку 0.0 0.066 0.0
разрабатывали 0.0 2.0 0.0
материалы 0.0 0.824 0.0
следующая 0.0 1.523 0.0
записывать 0.0 1.699 0.0
пузырьки 0.0 1.699 0.0
доберется 0.0 2.0 0.0
безопасность 0.001 0.921 0.001
прививки 0.0 0.638 0.0
дал 0.0 1.222 0.0
чаво 0.0 2.0 0.0
иммунизацией 0.0 2.0 0.0
компании 0.002 0.523 0.001
участками 0.0 1.699 0.0
проблемы 0.0 0.62 0.0
спутника 0.002 0.796 0.002
указывают 0.0 1.097 0.0
свыше 0.0 1.699 0.0
регистрируются 0.0 1.699 0.0
объявили 0.0 0.921 0.0
65+ 0.0 2.0 0.0
фазу 0.0 1.699 0.0
появление 0.0 0.959 0.0
деле 0.0 0.553 0.0
ожидаемыми 0.0 2.0 0.0
производимых 0.0 1.699 0.0
требует 0.001 0.824 0.001
подчеркнуть 0.0 2.0 0.0
индию 0.0 2.0 0.0
стран 0.0 0.469 0.0
мармозетках 0.0 2.0 0.0
основу 0.0 1.523 0.0
идет 0.001 0.367 0.0
регистрация 0.0 1.222 0.0
зависеть 0.0 1.155 0.0
сможет 0.0 0.721 0.0
материал 0.001 0.086 0.0
процедуре 0.0 1.699 0.0
производят 0.0 1.523 0.0
временную 0.0 2.0 0.0
обычная 0.0 1.155 0.0
сделки 0.0 1.523 0.0
месяца 0.0 0.745 0.0
инструкции 0.0 1.155 0.0
имеющихся 0.0 1.301 0.0
таким 0.0 0.658 0.0
соответствующую 0.0 1.523 0.0
новый 0.0 0.658 0.0
предварительном 0.0 2.0 0.0
доля 0.001 0.959 0.001
источниками 0.0 1.699 0.0
аденовирусная 0.001 1.699 0.002
вступившая 0.0 2.0 0.0
пакистане 0.001 1.699 0.002
chadox1 0.0 1.699 0.0
испытаний 0.007 0.921 0.006
отдельных 0.001 1.046 0.001
белка 0.0 1.301 0.0
примерно 0.001 0.585 0.001
сотен 0.0 1.222 0.0
второго 0.001 1.0 0.001
вирус 0.0 0.678 0.0
набора 0.0 2.0 0.0
полугодия 0.0 2.0 0.0
мобильным 0.0 2.0 0.0
интерес 0.0 1.301 0.0
принимается 0.0 1.155 0.0
выше 0.0 0.509 0.0
германии 0.0 0.854 0.0
заболеть 0.0 0.921 0.0
обработаны 0.0 2.0 0.0
ii 0.0 2.0 0.0
компонента 0.001 1.301 0.001
привлечь 0.0 1.398 0.0
известно 0.001 0.481 0.0
аргентина 0.0 1.222 0.0
s-белка 0.001 1.523 0.002
мрнк-вакцины 0.0 1.222 0.0
интересно 0.0 1.398 0.0
повторная 0.0 2.0 0.0
компанией 0.0 1.222 0.0
аденовирусы 0.0 1.699 0.0
средний 0.0 1.398 0.0
фаз 0.0 1.699 0.0
безопасности 0.0 0.481 0.0
московские 0.0 1.523 0.0
премьер 0.0 1.523 0.0
сухим 0.0 1.699 0.0
упрощает 0.0 1.699 0.0
больших 0.0 1.097 0.0
корея 0.0 1.699 0.0
результатов 0.001 0.886 0.001
стране 0.0 0.523 0.0
перепечатать 0.0 1.097 0.0
задача 0.0 0.959 0.0
судить 0.0 0.959 0.0
ближайшее 0.0 0.959 0.0
препаратах 0.0 1.301 0.0
занимается 0.0 1.155 0.0
люди 0.0 0.276 0.0
выводы 0.0 1.155 0.0
полной 0.0 1.155 0.0
воз 0.001 0.796 0.001
единственная 0.001 1.046 0.001
белок 0.0 1.398 0.0
тест-системами 0.0 2.0 0.0
ожидать 0.001 1.097 0.001
регистрации 0.002 1.046 0.002
температура 0.0 1.0 0.0
зарегистрирована 0.002 1.398 0.003
сообществе 0.0 1.523 0.0
использовать 0.0 0.585 0.0
обзор 0.0 1.222 0.0
пунктов 0.0 0.959 0.0
часть 0.001 0.456 0.0
львиную 0.0 2.0 0.0
способов 0.0 1.523 0.0
лицензии 0.0 1.0 0.0
проводит 0.0 1.155 0.0
путеводителя 0.0 2.0 0.0
часто 0.0 0.456 0.0
образом 0.0 0.602 0.0
процессу 0.0 1.699 0.0
форме 0.001 0.886 0.001
инстаграм 0.0 0.066 0.0
ими 0.0 1.222 0.0
карту 0.0 1.523 0.0
вопросы 0.0 0.481 0.0
пресс-релизами 0.0 2.0 0.0
государственные 0.0 1.398 0.0
аравии 0.0 1.699 0.0
опубликован 0.0 1.523 0.0
косвенно 0.0 1.155 0.0
практически 0.0 0.602 0.0
публиковать 0.0 1.155 0.0
рассчитывают 0.0 1.523 0.0
практикой 0.0 1.699 0.0
i/ii 0.001 1.523 0.002
частоты 0.0 1.222 0.0
результаты 0.005 0.62 0.003
оценить 0.0 0.796 0.0
ринат 0.0 2.0 0.0
какого 0.0 1.523 0.0
пятая 0.0 2.0 0.0
дозирования 0.0 2.0 0.0
хотя 0.001 0.276 0.0
публикуется 0.0 1.699 0.0
анализа 0.0 1.097 0.0
индийские 0.0 1.699 0.0
фазах 0.0 2.0 0.0
это 0.01 0.066 0.001
вакцин 0.007 0.62 0.004
замороженной 0.0 2.0 0.0
названием 0.0 1.155 0.0
12.04.2010 0.0 2.0 0.0
монголия 0.0 1.699 0.0
англо-шведская 0.0 2.0 0.0
дело 0.0 0.509 0.0
непонятно 0.0 0.921 0.0
исчерпывающий 0.0 1.301 0.0
процедуру 0.0 1.523 0.0
регионах 0.0 0.886 0.0
сведения 0.0 1.155 0.0
работаем 0.0 0.161 0.0
локализованным 0.0 2.0 0.0
двух 0.001 0.377 0.0
параметров 0.0 1.699 0.0
снижает 0.0 1.046 0.0
высушенная 0.0 2.0 0.0
такая 0.0 0.553 0.0
пресс-релизе 0.001 2.0 0.002
основанных 0.0 2.0 0.0
векторная 0.0 1.699 0.0
большого 0.0 1.155 0.0
новой 0.0 0.585 0.0
получившего 0.0 1.699 0.0
правительственной 0.0 2.0 0.0
отработанная 0.0 2.0 0.0
участников 0.0 0.824 0.0
пытаются 0.0 0.745 0.0
саудовской 0.0 1.699 0.0
исследовании 0.001 0.824 0.001
добралась 0.0 2.0 0.0
аденовируса-5 0.0 2.0 0.0
объемов 0.0 2.0 0.0
котором 0.0 0.495 0.0
бразилии 0.0 1.301 0.0
некоторые 0.001 0.469 0.0
выделенный 0.0 2.0 0.0
обоих 0.0 1.398 0.0
атаки 0.0 1.523 0.0
english 0.0 0.06 0.0
отсутствие 0.0 0.921 0.0
испытываемые 0.0 2.0 0.0
научной 0.0 1.046 0.0
отметить 0.0 1.097 0.0
рекомбинантных 0.0 2.0 0.0
применение 0.0 1.155 0.0
поддержка 0.0 0.167 0.0
острова 0.0 1.398 0.0
такого 0.0 0.509 0.0
состоящая 0.0 1.699 0.0
сведений 0.0 1.523 0.0
экспертизы 0.001 1.222 0.001
перерыва 0.0 1.699 0.0
можете 0.0 0.699 0.0
типами 0.0 1.523 0.0
абсолютное 0.0 2.0 0.0
врачей 0.0 0.745 0.0
производителей 0.001 1.0 0.001
августе 0.0 1.0 0.0
результатам 0.002 1.0 0.002
стимулировать 0.0 1.398 0.0
векторные 0.001 1.523 0.002
имеет 0.0 0.602 0.0
сальвадор 0.0 1.699 0.0
множество 0.0 0.959 0.0
спутнике 0.0 1.301 0.0
соответственно 0.0 0.921 0.0
синтетических 0.0 2.0 0.0
важно 0.001 0.509 0.001
попасть 0.0 0.921 0.0
схеме 0.0 1.699 0.0
iii 0.004 1.222 0.005
европейское 0.0 1.699 0.0
тысяча 0.0 2.0 0.0
2020-го 0.0 1.097 0.0
иной 0.0 1.222 0.0
самих 0.0 0.921 0.0
определяется 0.0 1.398 0.0
поскольку 0.001 0.678 0.001
дошедших 0.0 2.0 0.0
собой 0.0 0.62 0.0
пакистан 0.0 1.699 0.0
facebook 0.0 0.0 0.0
менее 0.0 0.432 0.0
ниже 0.0 0.77 0.0
хочет 0.0 0.854 0.0
вроде 0.0 0.658 0.0
инъекции 0.001 1.523 0.002
исследованием 0.0 1.523 0.0
предотвращения 0.0 1.523 0.0
проходят 0.001 1.0 0.001
мишенью 0.0 1.523 0.0
большинстве 0.0 1.0 0.0
миллиона 0.003 0.77 0.002
середине 0.0 0.886 0.0
доступна 0.001 1.523 0.002
стадиях 0.0 1.699 0.0
мировой 0.0 0.886 0.0
формах 0.0 1.398 0.0
размножения 0.0 1.523 0.0
azd1222 0.0 2.0 0.0
приматов 0.0 2.0 0.0
коронавирусе 0.0 1.0 0.0
производство 0.002 1.222 0.002
путеводитель 0.0 1.523 0.0
общей 0.0 0.959 0.0
гендиректор 0.0 1.699 0.0
прививочных 0.0 1.699 0.0
обе 0.0 1.097 0.0
исследования 0.006 0.481 0.003
штатов 0.0 1.699 0.0
стандартах 0.0 1.699 0.0
персональные 0.0 0.066 0.0
такое 0.0 0.347 0.0
станут 0.0 1.046 0.0
южную 0.0 1.699 0.0
последнее 0.0 1.097 0.0
точечными 0.0 2.0 0.0
белками 0.0 2.0 0.0
немного 0.0 0.77 0.0
называет 0.0 1.046 0.0
взвесить 0.0 1.699 0.0
компоненты 0.0 1.097 0.0
полугодие 0.0 2.0 0.0
150–250 0.0 2.0 0.0
.pdf 0.0 1.398 0.0
выпускается 0.0 2.0 0.0
дополнительные 0.0 1.301 0.0
добровольцам 0.0 1.523 0.0
присутствует 0.0 1.523 0.0
составила 0.001 0.959 0.001
факта 0.0 1.699 0.0
уполномоченным 0.0 1.699 0.0
первом 0.001 0.824 0.001
моменту 0.0 1.097 0.0
эта 0.001 0.367 0.0
которых 0.001 0.237 0.0
ближайшую 0.0 2.0 0.0
сотнях 0.0 1.699 0.0
татьяна 0.0 1.398 0.0
невозможно 0.0 0.602 0.0
обсуждаемых 0.0 1.699 0.0
ожидая 0.0 1.523 0.0
однако 0.003 0.337 0.001
главы 0.0 1.155 0.0
начала 0.001 0.398 0.0
импортируемой 0.0 2.0 0.0
сообщение 0.0 0.102 0.0
препараты 0.0 0.824 0.0
сделать 0.0 0.357 0.0
учреждениях 0.0 1.398 0.0
