пожар 0.001 1.301 0.001
числа 0.001 0.745 0.001
российские 0.001 0.328 0.0
нуждается 0.001 1.699 0.002
первой 0.001 0.678 0.001
стабильно 0.001 1.699 0.002
редакции 0.001 0.066 0.0
час 0.001 1.0 0.001
продает 0.001 1.398 0.001
войска 0.001 0.721 0.001
санитарных 0.001 1.699 0.002
рынке 0.001 1.0 0.001
собаке 0.001 2.0 0.002
выходил 0.001 1.699 0.002
одноклассниках 0.001 1.699 0.002
шквал 0.001 2.0 0.002
список 0.001 0.658 0.001
sergey 0.002 1.097 0.002
живы 0.001 1.398 0.001
гуманитарку 0.001 2.0 0.002
баннерам 0.001 0.066 0.0
друзья 0.001 1.222 0.001
следующий 0.001 0.796 0.001
осаде 0.001 0.854 0.001
мирных 0.001 0.959 0.001
позвонила 0.001 1.523 0.002
предприниматель 0.001 1.523 0.002
народ 0.001 0.886 0.001
поисках 0.001 2.0 0.002
сама 0.002 0.658 0.001
поуезжали 0.001 2.0 0.002
быстрого 0.001 1.523 0.002
считают 0.001 0.721 0.001
помогает 0.001 0.77 0.001
боятся 0.001 1.0 0.001
гифки 0.001 0.066 0.0
украинские 0.001 0.886 0.001
намного 0.001 0.959 0.001
агента 0.001 0.097 0.0
сути 0.001 0.959 0.001
людей 0.005 0.161 0.001
пожары 0.001 1.699 0.002
пять 0.001 0.509 0.001
столице 0.001 1.097 0.001
восьмом 0.001 1.699 0.002
говорит 0.001 0.409 0.0
района 0.002 1.155 0.002
кроме 0.002 0.387 0.001
вынуждены 0.001 1.097 0.001
знают 0.001 1.097 0.001
горячее 0.001 1.699 0.002
совершенно 0.001 0.678 0.001
разрушен 0.001 1.155 0.001
пропаганда 0.001 1.046 0.001
пыталась 0.001 1.097 0.001
крыму 0.001 1.523 0.002
попросили 0.001 1.097 0.001
слабая 0.001 1.523 0.002
подвал 0.001 1.523 0.002
светомаскировки 0.001 2.0 0.002
смысла 0.001 0.699 0.001
нажарить 0.001 2.0 0.002
in 0.001 0.0 0.0
собирает 0.001 1.523 0.002
польши 0.001 1.097 0.001
документы 0.001 0.796 0.001
набрала 0.001 2.0 0.002
знала 0.001 1.523 0.002
миграционной 0.001 1.222 0.001
шумно 0.001 1.699 0.002
настолько 0.001 0.886 0.001
министерстве 0.001 2.0 0.002
поеду 0.001 2.0 0.002
работе 0.001 0.824 0.001
массового 0.001 2.0 0.002
отключили 0.001 1.301 0.001
прекращено 0.001 1.699 0.002
водочку 0.001 2.0 0.002
теплосетей 0.001 2.0 0.002
наша 0.001 0.77 0.001
туалет 0.001 1.523 0.002
ракетами 0.001 1.398 0.001
комендантский 0.001 1.301 0.001
русские 0.001 1.046 0.001
таких 0.001 0.347 0.0
министерства 0.001 1.155 0.001
анкету 0.001 2.0 0.002
правда 0.001 0.509 0.001
приезжает 0.001 2.0 0.002
союзе 0.001 1.301 0.001
старые 0.001 1.398 0.001
неадекватно 0.001 2.0 0.002
написала 0.002 1.097 0.002
анонимно 0.001 0.066 0.0
темное 0.001 1.699 0.002
погибли 0.001 1.046 0.001
конца 0.001 0.77 0.001
ответил 0.001 1.046 0.001
второй 0.001 0.42 0.0
видимо 0.001 0.824 0.001
просто 0.003 0.194 0.001
reuters 0.001 0.745 0.001
имеющийся 0.001 2.0 0.002
долгоиграющие 0.001 2.0 0.002
градов 0.001 2.0 0.002
несложный 0.001 2.0 0.002
ест 0.001 1.301 0.001
ваша 0.001 0.102 0.0
снимаю 0.001 1.523 0.002
эвакуировались 0.001 1.699 0.002
свет 0.002 1.523 0.003
жилые 0.001 1.301 0.001
продуктами 0.001 1.398 0.001
очереди 0.001 1.046 0.001
россией 0.001 0.824 0.001
продуктовых 0.001 1.699 0.002
перебиты 0.001 2.0 0.002
привела 0.001 1.046 0.001
вторжения 0.001 0.77 0.001
никак 0.001 0.886 0.001
ходьбы 0.001 1.699 0.002
приезжают 0.001 1.523 0.002
уехала 0.001 1.301 0.001
советском 0.001 1.699 0.002
стараются 0.001 1.155 0.001
машина 0.001 1.046 0.001
исторический 0.001 1.699 0.002
часам 0.001 2.0 0.002
прекратить 0.001 1.097 0.001
звонишь 0.001 2.0 0.002
заканчиваются 0.001 2.0 0.002
слава 0.001 1.398 0.001
читателейнам 0.001 0.174 0.0
постель 0.001 2.0 0.002
куки 0.001 0.066 0.0
прилетает 0.001 2.0 0.002
мастерскую 0.001 2.0 0.002
возможное 0.001 1.523 0.002
утреннего 0.001 2.0 0.002
минут 0.001 0.854 0.001
страны 0.001 0.444 0.0
помогаем 0.001 1.699 0.002
парк 0.001 1.699 0.002
утра 0.001 1.301 0.001
наливает 0.001 2.0 0.002
сильные 0.001 2.0 0.002
следят 0.001 1.699 0.002
жилмассив 0.001 2.0 0.002
европа 0.001 0.886 0.001
устраняют 0.001 2.0 0.002
мясо 0.001 1.699 0.002
использование 0.001 0.066 0.0
две 0.001 0.553 0.001
успели 0.001 1.097 0.001
ближайший 0.001 1.523 0.002
помощи 0.001 0.77 0.001
наш 0.001 0.699 0.001
остался 0.001 0.854 0.001
кажется 0.001 0.469 0.0
порядку 0.001 0.066 0.0
дальше 0.001 0.523 0.001
тяжелое 0.001 1.097 0.001
которую 0.001 0.469 0.0
страх 0.001 1.046 0.001
рухнул 0.001 1.523 0.002
поврежденных 0.001 1.699 0.002
года 0.002 0.167 0.0
приехать 0.001 1.222 0.001
произойти 0.001 1.523 0.002
сестры 0.001 1.523 0.002
фотографии 0.001 0.638 0.001
бросайте 0.001 2.0 0.002
коридоре 0.001 1.699 0.002
en 0.001 0.066 0.0
друзья-мужчины 0.001 2.0 0.002
трехкомнатная 0.001 2.0 0.002
минутах 0.001 1.699 0.002
работает 0.002 0.367 0.001
такому 0.001 1.301 0.001
часов 0.001 0.678 0.001
сына 0.001 1.301 0.001
ночью 0.001 1.301 0.001
девяти 0.001 1.523 0.002
максимуму 0.001 2.0 0.002
перебили 0.001 2.0 0.002
серьезная 0.001 1.398 0.001
начали 0.001 0.481 0.0
сожалению 0.001 0.569 0.001
этаже 0.001 1.523 0.002
самый 0.001 0.721 0.001
пункт 0.001 1.301 0.001
поддерживаем 0.001 1.523 0.002
украина 0.001 0.699 0.001
дней 0.002 0.337 0.001
показалось 0.001 1.523 0.002
жесткими 0.001 1.301 0.001
распространено 0.001 0.102 0.0
водопровод 0.001 2.0 0.002
лекарственным 0.001 2.0 0.002
другом 0.001 0.721 0.001
подруге 0.001 2.0 0.002
сколько 0.001 0.585 0.001
ios 0.001 0.066 0.0
руки 0.001 0.921 0.001
придется 0.001 0.854 0.001
окна 0.001 0.959 0.001
чинят 0.001 2.0 0.002
направлен 0.001 2.0 0.002
ранения 0.001 1.523 0.002
поняли 0.001 1.046 0.001
опасно 0.001 0.921 0.001
будут 0.001 0.301 0.0
человека 0.001 0.328 0.0
писала 0.001 1.523 0.002
приобретать 0.001 1.699 0.002
отремонтировать 0.001 2.0 0.002
окраине 0.001 1.222 0.001
российской 0.001 0.432 0.0
магазине 0.001 1.398 0.001
бросают 0.001 1.699 0.002
бабушкой 0.001 2.0 0.002
анна 0.001 1.097 0.001
вступили 0.001 1.523 0.002
себестоимости 0.001 1.699 0.002
территориальной 0.001 1.222 0.001
несколько 0.001 0.201 0.0
крыма 0.001 1.0 0.001
общения 0.001 1.523 0.002
проникают 0.001 2.0 0.002
заняты 0.001 1.222 0.001
прямо 0.001 0.357 0.0
забывали 0.001 2.0 0.002
поздороваться 0.001 2.0 0.002
огонь 0.001 1.398 0.001
департаменте 0.001 1.699 0.002
мамы 0.001 1.097 0.001
деньги 0.001 0.77 0.001
спит 0.001 1.523 0.002
мультиками 0.001 2.0 0.002
могут 0.001 0.187 0.0
по-другому 0.001 1.155 0.001
своего 0.001 0.721 0.001
день 0.003 0.328 0.001
повреждены 0.001 1.523 0.002
ремонтируют 0.002 2.0 0.004
горького 0.001 1.699 0.002
медузы 0.003 0.268 0.001
солдаты 0.001 1.222 0.001
раза 0.001 0.602 0.001
полностью 0.001 0.538 0.001
жилого 0.001 1.699 0.002
marienko 0.001 2.0 0.002
мальчик 0.001 1.398 0.001
украинцы 0.001 0.886 0.001
одном 0.001 0.699 0.001
пока 0.003 0.208 0.001
трех 0.001 0.638 0.001
долго 0.001 0.745 0.001
спасаются 0.001 2.0 0.002
история 0.001 0.745 0.001
dorogoy 0.001 2.0 0.002
телефон 0.001 1.301 0.001
найти 0.001 0.602 0.001
работать 0.001 0.409 0.0
которой 0.001 0.377 0.0
нашем 0.001 0.959 0.001
боевые 0.001 1.222 0.001
проснулись 0.001 1.699 0.002
территориях 0.001 1.398 0.001
везет 0.001 1.398 0.001
сомнительно 0.001 1.523 0.002
полный 0.001 0.77 0.001
сих 0.001 0.481 0.0
попали 0.001 0.886 0.001
комфорт 0.001 1.699 0.002
вообще 0.002 0.066 0.0
кварталы 0.001 1.523 0.002
помогали 0.001 1.222 0.001
елена 0.001 1.0 0.001
оказались 0.001 0.886 0.001
беженцы 0.002 1.699 0.003
третий 0.001 0.921 0.001
надежда 0.001 1.155 0.001
моего 0.001 1.097 0.001
перевалочный 0.001 2.0 0.002
аптек 0.002 1.523 0.003
по-видимому 0.001 0.959 0.001
начале 0.001 0.602 0.001
xinhua 0.001 1.398 0.001
разбираются 0.001 1.699 0.002
истории 0.001 0.337 0.0
подъезд 0.001 1.699 0.002
роганский 0.001 2.0 0.002
выдерживают 0.001 1.699 0.002
разбирать 0.001 2.0 0.002
закупать 0.001 1.523 0.002
комендантским 0.001 2.0 0.002
сказал 0.001 0.77 0.001
сети 0.001 1.0 0.001
предприятиями 0.001 1.699 0.002
давайте 0.001 1.097 0.001
расположена 0.001 1.699 0.002
подавленных 0.001 2.0 0.002
приходят 0.001 1.398 0.001
харьковские 0.001 2.0 0.002
заявки 0.001 1.398 0.001
школы 0.001 0.886 0.001
первого 0.001 0.658 0.001
фабрикой 0.001 2.0 0.002
столько 0.001 0.921 0.001
подавать 0.001 1.699 0.002
спускаюсь 0.001 2.0 0.002
метро 0.001 1.222 0.001
мама 0.001 1.0 0.001
бомбоубежищах 0.001 1.155 0.001
сотрудники 0.001 0.824 0.001
повыезжали 0.001 2.0 0.002
городе 0.003 0.678 0.002
куча 0.001 1.222 0.001
своем 0.001 0.745 0.001
обстреливают 0.001 1.523 0.002
уклад 0.001 2.0 0.002
разу 0.001 1.398 0.001
готовили 0.001 1.301 0.001
выхожу 0.001 1.699 0.002
появилась 0.001 0.886 0.001
нормально 0.001 1.097 0.001
связи 0.001 0.0 0.0
сортировать 0.001 2.0 0.002
нашли 0.001 0.066 0.0
какие 0.001 0.569 0.001
государственной 0.001 1.046 0.001
медуза 0.002 0.066 0.0
нужного 0.001 1.523 0.002
львове 0.001 1.523 0.002
семи 0.001 1.398 0.001
диверсионные 0.001 2.0 0.002
нам 0.003 0.086 0.0
хотим 0.001 0.921 0.001
ночевали 0.001 2.0 0.002
помочь 0.001 0.131 0.0
жены 0.001 1.301 0.001
настроение 0.001 1.523 0.002
последние 0.001 0.456 0.0
людьми 0.001 0.745 0.001
бесплатные 0.001 2.0 0.002
центр 0.001 0.77 0.001
хотели 0.001 1.097 0.001
громко 0.001 1.699 0.002
начальных 0.001 2.0 0.002
понимаешь 0.001 1.398 0.001
подвал… 0.001 2.0 0.002
нарушениями 0.001 1.699 0.002
спать 0.001 1.222 0.001
сегодняшнего 0.001 1.699 0.002
линию 0.001 1.523 0.002
стало 0.001 0.481 0.0
конкретной 0.001 1.398 0.001
юридическим 0.001 0.102 0.0
город 0.005 0.699 0.003
короче 0.001 1.699 0.002
часа 0.001 0.77 0.001
держаться 0.001 1.398 0.001
душ 0.001 2.0 0.002
ночь 0.001 1.0 0.001
убежищах 0.001 1.699 0.002
оказалась 0.001 0.796 0.001
вернут 0.001 2.0 0.002
начались 0.001 0.921 0.001
уехали 0.001 1.222 0.001
лично 0.001 0.959 0.001
материалам 0.001 0.066 0.0
блокпосты 0.001 1.699 0.002
срочно 0.001 0.167 0.0
гуманитарную 0.001 1.523 0.002
слышны 0.001 1.523 0.002
привозят 0.001 1.699 0.002
начальника 0.001 1.523 0.002
посмотри 0.001 1.699 0.002
другим 0.001 0.62 0.001
отсиживаться 0.001 2.0 0.002
меньше 0.002 0.444 0.001
дым 0.001 1.398 0.001
вода 0.001 1.222 0.001
смог 0.001 1.155 0.001
воздуха 0.001 1.222 0.001
занимать 0.001 1.523 0.002
развития 0.001 0.886 0.001
маленьким 0.001 1.699 0.002
развозила 0.001 2.0 0.002
квартира 0.003 1.699 0.005
суток 0.001 1.222 0.001
стали 0.001 0.42 0.0
образования 0.001 1.301 0.001
магазин 0.001 1.222 0.001
новую 0.001 0.921 0.001
сбрасывают 0.001 1.699 0.002
сплотил 0.001 2.0 0.002
катастрофе 0.001 1.222 0.001
девушка 0.001 1.222 0.001
медикаменты 0.001 1.699 0.002
средствам 0.001 2.0 0.002
утром 0.001 1.046 0.001
иностранным 0.001 0.097 0.0
лилии 0.001 1.046 0.001
познакомил 0.001 2.0 0.002
мясокомбинатом 0.001 2.0 0.002
нужно 0.003 0.237 0.001
работающих 0.001 1.699 0.002
просьбе 0.001 2.0 0.002
щетки 0.001 2.0 0.002
предполагали 0.001 1.699 0.002
подвале 0.001 1.398 0.001
центре 0.001 0.886 0.001
весь 0.001 0.638 0.001
делают 0.001 0.745 0.001
например 0.002 0.229 0.0
располагающие 0.001 2.0 0.002
момента 0.001 0.886 0.001
классов 0.001 1.699 0.002
погибших 0.001 1.097 0.001
своих 0.001 0.398 0.0
свои 0.001 0.481 0.0
простая 0.001 1.301 0.001
выжили 0.001 1.699 0.002
жизни 0.002 0.432 0.001
как-то 0.001 0.699 0.001
что-то 0.001 0.569 0.001
нацистов 0.001 1.301 0.001
зрение 0.001 2.0 0.002
страдают 0.001 1.523 0.002
ctrl+enter 0.001 0.066 0.0
февраля 0.002 0.387 0.001
безопасно 0.001 0.066 0.0
новостиисторииразборшапитокоронавирусмагаз 0.001 0.066 0.0
обстрелами 0.002 1.155 0.002
посмотрел 0.001 2.0 0.002
проще 0.001 1.0 0.001
пару 0.002 0.77 0.002
собака 0.001 1.699 0.002
финансировать 0.001 1.398 0.001
моих 0.001 1.301 0.001
спросила 0.001 1.523 0.002
десять 0.001 0.824 0.001
ловят 0.001 2.0 0.002
стариками 0.001 2.0 0.002
куда-то 0.001 1.222 0.001
андрей 0.001 1.155 0.001
ремонтировать 0.001 2.0 0.002
воздушная 0.001 2.0 0.002
youtube 0.001 0.06 0.0
чем-то 0.002 1.097 0.002
получили 0.001 0.745 0.001
магазинов 0.001 1.222 0.001
либо 0.001 0.569 0.001
отца 0.001 1.699 0.002
создано 0.001 0.097 0.0
купить 0.001 0.886 0.001
epa 0.001 0.959 0.001
разрушены 0.001 1.301 0.001
средств 0.001 0.854 0.001
здравоохранения 0.002 0.658 0.001
жизнь 0.001 0.538 0.001
собирают 0.001 1.222 0.001
сидит 0.001 1.155 0.001
ракеты 0.001 1.097 0.001
семьи 0.001 1.046 0.001
которая 0.001 0.301 0.0
врачи 0.001 0.886 0.001
группы 0.001 0.62 0.001
вчера 0.002 1.222 0.002
наступления 0.001 1.222 0.001
учитель 0.001 1.523 0.002
поддержите 0.001 0.102 0.0
трясется 0.001 2.0 0.002
птицефабрикой 0.001 2.0 0.002
поддержка 0.001 0.167 0.0
мародерства 0.001 1.699 0.002
украины 0.003 0.569 0.002
которого 0.001 0.585 0.001
волонтер 0.001 1.699 0.002
харькова 0.003 1.301 0.004
думаю 0.001 0.721 0.001
бабах-бабах 0.001 2.0 0.002
достаточно 0.001 0.444 0.0
вижу 0.002 0.745 0.001
гуманитарная 0.001 1.523 0.002
друга 0.001 0.854 0.001
прекращают 0.001 1.699 0.002
анкет 0.001 2.0 0.002
старики 0.001 2.0 0.002
ремонт 0.001 1.523 0.002
мои 0.001 0.854 0.001
аптеке 0.001 2.0 0.002
войнадвадцать 0.001 1.398 0.001
поэтому 0.001 0.328 0.0
многие 0.003 0.284 0.001
средством 0.001 0.102 0.0
хочется 0.001 0.921 0.001
психологически 0.001 2.0 0.002
воды 0.001 0.745 0.001
выполняющим 0.001 0.097 0.0
возможно 0.001 0.398 0.0
четыре 0.001 0.569 0.001
маникюра 0.002 2.0 0.004
никого 0.001 1.097 0.001
настроены 0.002 1.523 0.003
позитивно 0.001 1.523 0.002
готов 0.001 0.921 0.001
подозрительными 0.001 2.0 0.002
году 0.001 0.367 0.0
маленькими 0.001 1.398 0.001
сын 0.001 1.097 0.001
ошибку 0.001 0.066 0.0
девочка 0.001 1.301 0.001
обстрела 0.001 1.155 0.001
развозят 0.001 2.0 0.002
продукты 0.002 1.097 0.002
неделе 0.001 1.398 0.001
сами 0.001 0.538 0.001
отопление 0.001 1.523 0.002
лет 0.002 0.252 0.001
лекарство 0.001 1.155 0.001
мобилизовывать 0.001 2.0 0.002
бабушки 0.001 1.398 0.001
коммунальщики 0.001 2.0 0.002
помещение 0.001 1.699 0.002
поняла 0.001 1.222 0.001
говорят 0.001 0.432 0.0
актуализировать 0.001 2.0 0.002
где-то 0.001 0.721 0.001
бутылки 0.001 2.0 0.002
дал 0.001 1.222 0.001
перезванивать 0.001 2.0 0.002
район 0.001 1.301 0.001
министерство 0.001 1.301 0.001
абсолютно 0.001 0.721 0.001
оставшиеся 0.001 1.301 0.001
попросил 0.001 1.155 0.001
дали 0.001 1.155 0.001
жена 0.001 1.398 0.001
крупнейших 0.001 1.222 0.001
знакомым 0.001 1.523 0.002
своей 0.001 0.42 0.0
праздник 0.001 2.0 0.002
волонтерил 0.001 2.0 0.002
сырое 0.001 2.0 0.002
двор 0.001 1.523 0.002
выходить 0.001 1.046 0.001
выехали 0.001 1.699 0.002
продуктов 0.001 1.097 0.001
данные 0.001 0.066 0.0
хотите 0.001 0.921 0.001
фирмы 0.001 1.523 0.002
убежище 0.002 1.301 0.003
дружный 0.001 2.0 0.002
сбили 0.001 1.699 0.002
бомбить 0.001 1.222 0.001
привозили 0.001 2.0 0.002
трусы 0.001 2.0 0.002
объявили 0.001 0.921 0.001
россияне 0.001 0.678 0.001
отдала 0.001 1.222 0.001
клиенты 0.001 1.523 0.002
волонтеров 0.001 1.222 0.001
киев 0.001 0.77 0.001
сдаваться 0.001 2.0 0.002
чего-то 0.001 1.523 0.002
16-х 0.001 2.0 0.002
газа 0.001 1.222 0.001
покидать 0.001 1.398 0.001
двигаться 0.001 1.222 0.001
бахало 0.001 2.0 0.002
бабах 0.001 2.0 0.002
каждой 0.001 0.959 0.001
кушают 0.001 2.0 0.002
районов 0.001 1.398 0.001
украину 0.001 0.523 0.001
нажмите 0.001 0.066 0.0
донецке 0.001 1.398 0.001
страшные 0.001 1.523 0.002
отправили 0.001 1.155 0.001
пострадавший 0.001 1.523 0.002
покупались 0.001 2.0 0.002
стараемся 0.001 1.699 0.002
покупали 0.001 1.301 0.001
помогал 0.001 1.398 0.001
уме 0.001 2.0 0.002
дрожью 0.001 2.0 0.002
продолжает 0.001 0.658 0.001
раскрасками 0.001 2.0 0.002
других 0.001 0.26 0.0
вечера 0.001 1.523 0.002
частично 0.001 1.301 0.001
киевлян 0.001 1.097 0.001
претензий 0.001 1.301 0.001
проявляет 0.001 1.699 0.002
иностранного 0.001 0.102 0.0
хватает 0.001 1.046 0.001
урывками 0.001 2.0 0.002
человек 0.003 0.215 0.001
площадь 0.001 1.699 0.002
материал 0.001 0.086 0.0
спасли 0.001 1.523 0.002
большой 0.001 0.569 0.001
понятно 0.001 0.699 0.001
донецка 0.001 1.398 0.001
слышишь 0.001 1.398 0.001
огромный 0.001 1.398 0.001
целом 0.001 0.585 0.001
режим 0.001 0.921 0.001
сообщалось 0.001 1.155 0.001
дети-подростки 0.001 2.0 0.002
нагрузка 0.001 1.523 0.002
домах 0.001 1.301 0.001
дом 0.001 0.824 0.001
обстрел 0.001 1.046 0.001
подстанции 0.001 2.0 0.002
– 0.001 0.06 0.0
другу 0.001 1.523 0.002
оккупированных 0.001 1.301 0.001
знакомых 0.001 1.222 0.001
жителей 0.001 0.569 0.001
горячую 0.001 1.699 0.002
время 0.003 0.102 0.0
тепла 0.001 1.301 0.001
leta 0.005 0.301 0.002
результате 0.001 0.62 0.001
нами 0.002 0.066 0.0
восточной 0.001 1.301 0.001
взаимовыручки 0.001 2.0 0.002
стала 0.001 0.569 0.001
ура 0.001 1.097 0.001
видно 0.001 0.921 0.001
ракета 0.001 1.398 0.001
квартирах 0.001 1.699 0.002
хотят 0.002 0.745 0.001
комфортно 0.001 1.699 0.002
заявке 0.001 1.699 0.002
эмоции 0.001 1.301 0.001
водителем 0.001 2.0 0.002
узнать 0.001 0.959 0.001
магазинам 0.001 1.523 0.002
находимся 0.001 1.398 0.001
выглядит 0.001 0.62 0.001
товары 0.001 1.523 0.002
передано 0.001 2.0 0.002
государство 0.001 0.854 0.001
полчаса 0.001 1.301 0.001
рекламаmeduza 0.001 0.066 0.0
говорить 0.001 0.602 0.001
никто 0.001 0.523 0.001
истребители 0.001 2.0 0.002
волонтером 0.001 2.0 0.002
контакты 0.001 1.0 0.001
работы 0.001 0.553 0.001
моей 0.001 1.0 0.001
лицом 0.001 0.102 0.0
родственники 0.001 0.921 0.001
молочки 0.001 2.0 0.002
заполнила 0.001 2.0 0.002
дорога 0.001 1.523 0.002
функции 0.001 0.097 0.0
раненых 0.001 1.523 0.002
уехать 0.001 1.0 0.001
постоянно 0.002 0.62 0.001
тысяч 0.001 0.337 0.0
четырех 0.001 1.046 0.001
пробки 0.001 2.0 0.002
готово 0.001 1.398 0.001
условия 0.001 1.155 0.001
разрушенная 0.001 1.699 0.002
целые 0.001 1.699 0.002
пожарные 0.001 1.699 0.002
каганских 0.001 2.0 0.002
подвалы 0.001 1.523 0.002
инсулинозависимые 0.001 2.0 0.002
раздают 0.001 1.398 0.001
среди 0.001 0.42 0.0
ситуациях 0.001 1.155 0.001
сафоновой 0.001 1.222 0.001
казалось 0.001 0.886 0.001
трубопровод 0.001 2.0 0.002
бабушку 0.001 1.523 0.002
быстро 0.001 0.495 0.0
пишут 0.001 0.77 0.001
рядом 0.001 0.854 0.001
общаться 0.001 1.398 0.001
прячемся 0.001 2.0 0.002
дети 0.001 0.721 0.001
проходили 0.001 1.097 0.001
назад 0.004 0.18 0.001
команду 0.001 2.0 0.002
„ 0.001 0.62 0.001
спецкора 0.001 1.046 0.001
хочешь 0.001 1.523 0.002
власть 0.001 0.959 0.001
поврежденном 0.001 2.0 0.002
доживем 0.001 1.301 0.001
взять 0.001 0.959 0.001
жилой 0.001 1.398 0.001
полился 0.001 2.0 0.002
машины 0.001 1.398 0.001
матрасах 0.001 1.699 0.002
перейти 0.001 0.066 0.0
сбита 0.001 2.0 0.002
видела 0.001 0.959 0.001
расстреливают 0.001 1.523 0.002
пришел 0.001 1.222 0.001
источник 0.001 0.174 0.0
поддержать 0.001 0.066 0.0
света 0.001 1.523 0.002
проверить 0.001 1.097 0.001
все-таки 0.001 0.553 0.001
детьми 0.001 1.301 0.001
zhlobsky 0.001 2.0 0.002
обороны 0.001 1.046 0.001
отключения 0.001 1.523 0.002
война 0.003 0.469 0.001
поверила 0.001 1.699 0.002
кодекс 0.001 0.066 0.0
sipa 0.001 2.0 0.002
“ 0.001 0.432 0.0
хочу 0.002 0.137 0.0
кому 0.001 0.824 0.001
ковид 0.001 0.796 0.001
жилищном 0.001 2.0 0.002
делятся 0.001 1.523 0.002
пройтись 0.001 2.0 0.002
рассказывает 0.001 0.569 0.001
стариков 0.001 1.398 0.001
поймешь 0.001 2.0 0.002
страшно 0.002 1.097 0.002
письмо 0.001 1.097 0.001
комплексе 0.001 1.699 0.002
сомневаемся 0.001 1.301 0.001
пятеро 0.001 1.523 0.002
государства 0.001 0.824 0.001
тебе 0.002 1.155 0.002
поможет 0.001 0.854 0.001
помогите 0.001 1.398 0.001
ремонте 0.001 2.0 0.002
люди 0.009 0.276 0.002
ноги 0.001 1.222 0.001
оплатил 0.001 1.699 0.002
спускалась 0.001 2.0 0.002
волонтерят 0.001 2.0 0.002
данное 0.001 0.097 0.0
очередь 0.001 0.62 0.001
пострадавшее 0.001 2.0 0.002
носят 0.001 1.398 0.001
прим 0.002 1.301 0.003
сотни 0.001 1.0 0.001
какой-то 0.001 0.538 0.001
родными 0.001 2.0 0.002
находится 0.001 0.678 0.001
маленькая 0.001 1.222 0.001
ко 0.001 0.745 0.001
теробороне 0.001 2.0 0.002
думали 0.001 1.155 0.001
общались 0.001 1.301 0.001
бизнес 0.001 1.0 0.001
пор 0.001 0.387 0.0
консервами 0.001 2.0 0.002
взрывы 0.001 1.155 0.001
рюкзаком 0.001 2.0 0.002
мужики 0.001 1.699 0.002
сравнению 0.001 0.796 0.001
правила 0.001 0.066 0.0
поговорила 0.001 0.886 0.001
развалы 0.001 2.0 0.002
подъезде 0.001 2.0 0.002
застала 0.001 2.0 0.002
папа 0.001 1.222 0.001
вконтакте 0.001 0.066 0.0
часть 0.001 0.456 0.0
запасла 0.001 2.0 0.002
находиться 0.001 1.301 0.001
бесплатно 0.001 1.398 0.001
могу 0.001 0.658 0.001
забора 0.001 2.0 0.002
разгружать 0.001 2.0 0.002
кошки 0.001 2.0 0.002
передовой 0.001 2.0 0.002
жители 0.001 0.745 0.001
решили 0.001 0.658 0.001
vitalii 0.001 2.0 0.002
телефонами 0.001 2.0 0.002
live 0.001 0.022 0.0
линии 0.001 1.222 0.001
возможности 0.001 0.77 0.001
двадцать 0.001 0.959 0.001
часто 0.002 0.456 0.001
муж 0.001 1.301 0.001
покинули 0.001 1.222 0.001
далеко 0.001 0.745 0.001
танк 0.001 1.155 0.001
содержали 0.001 2.0 0.002
лекарства 0.002 0.854 0.002
детей 0.001 0.523 0.001
блог 0.001 0.066 0.0
инстаграм 0.001 0.066 0.0
© 0.001 0.0 0.0
разы 0.001 2.0 0.002
курицу 0.001 2.0 0.002
часом 0.001 2.0 0.002
научил 0.001 2.0 0.002
равно 0.001 0.638 0.001
вопросы 0.001 0.481 0.0
продержимся 0.001 2.0 0.002
выделите 0.001 0.066 0.0
кафе 0.001 1.097 0.001
ситуация 0.001 0.569 0.001
земле 0.001 1.222 0.001
закончилось 0.001 1.301 0.001
практически 0.001 0.602 0.001
районах 0.001 1.301 0.001
недели 0.001 0.42 0.0
исторические 0.001 1.398 0.001
интернет 0.001 1.097 0.001
закупке 0.001 1.699 0.002
питания 0.001 1.301 0.001
носки 0.001 2.0 0.002
члены 0.001 1.155 0.001
забрали 0.001 1.301 0.001
супермаркетах 0.001 2.0 0.002
meduzacare 0.001 0.066 0.0
волонтерам 0.001 2.0 0.002
соседями 0.001 1.699 0.002
донбассе 0.001 1.222 0.001
фитнесом 0.001 2.0 0.002
тероборону 0.001 1.699 0.002
пострадалимногоквартирные 0.001 2.0 0.002
питомцами 0.001 2.0 0.002
взрывом 0.001 1.699 0.002
летали 0.001 1.699 0.002
улицу 0.001 1.155 0.001
разбомбили 0.001 1.523 0.002
начинают 0.001 0.886 0.001
четверо 0.001 1.523 0.002
воюют 0.001 1.523 0.002
начинаются 0.001 1.222 0.001
полицейские 0.001 1.222 0.001
мастером 0.001 2.0 0.002
случилась 0.001 1.699 0.002
кнопка 0.001 0.066 0.0
одежды 0.001 1.301 0.001
шести 0.001 1.0 0.001
армия 0.001 0.959 0.001
herrera 0.001 2.0 0.002
хотя 0.001 0.276 0.0
ребята 0.001 1.301 0.001
нуждающимся 0.001 2.0 0.002
приготовления 0.001 2.0 0.002
зубные 0.001 2.0 0.002
границу 0.001 1.097 0.001
едой 0.001 1.222 0.001
сил 0.001 1.046 0.001
заниматься 0.001 0.886 0.001
вечерняя 0.001 0.066 0.0
речь 0.001 0.432 0.0
это 0.01 0.066 0.001
еду 0.001 0.886 0.001
выходила 0.001 1.699 0.002
круп 0.001 1.699 0.002
сильно 0.002 0.509 0.001
отрезаны 0.001 2.0 0.002
поддержки 0.001 0.066 0.0
уйдите 0.001 2.0 0.002
магазинах 0.001 1.523 0.002
afp 0.002 0.854 0.002
выезжать 0.001 1.523 0.002
включать 0.001 1.523 0.002
помощь 0.002 0.097 0.0
дедушка 0.001 1.699 0.002
жахнет 0.001 2.0 0.002
пострадавшая 0.001 1.523 0.002
пишу 0.001 1.699 0.002
российского 0.001 0.62 0.001
местным 0.001 1.523 0.002
выстрелы 0.001 1.523 0.002
честно 0.001 1.0 0.001
авария 0.001 1.699 0.002
перестали 0.001 1.301 0.001
спускались 0.001 2.0 0.002
работаем 0.001 0.161 0.0
слышим 0.001 1.301 0.001
кому-то 0.001 1.046 0.001
срабатывает 0.001 1.699 0.002
своим 0.001 0.658 0.001
дня 0.005 0.523 0.003
обстрелы 0.002 1.222 0.002
животных 0.002 0.854 0.002
двух 0.001 0.377 0.0
негатива 0.001 1.699 0.002
войны 0.007 0.42 0.003
действия 0.001 0.721 0.001
отсюда 0.001 1.097 0.001
места 0.001 0.886 0.001
берут 0.001 1.046 0.001
школе 0.001 1.301 0.001
дел 0.001 1.046 0.001
около 0.001 0.432 0.0
минимум 0.001 0.796 0.001
хлеб 0.001 1.398 0.001
одну 0.001 0.77 0.001
навсегда 0.001 0.854 0.001
харькове 0.003 1.222 0.004
ежедневно 0.001 1.155 0.001
некоторые 0.002 0.469 0.001
24/7 0.001 0.102 0.0
android 0.001 0.066 0.0
последнюю 0.001 1.155 0.001
english 0.001 0.06 0.0
звонить 0.001 1.155 0.001
сверкание 0.001 2.0 0.002
частные 0.001 1.222 0.001
нахожусь 0.001 1.699 0.002
самое 0.001 0.638 0.001
служит 0.001 1.523 0.002
большая 0.001 0.77 0.001
боюсь 0.001 1.523 0.002
буду 0.001 1.046 0.001
готовится 0.001 1.046 0.001
обстрелов 0.001 1.301 0.001
армию 0.001 1.301 0.001
подключиться 0.001 1.523 0.002
выходят 0.001 1.155 0.001
набрана 0.001 1.699 0.002
нужна 0.002 0.092 0.0
такого 0.001 0.509 0.001
марта 0.006 0.319 0.002
чате 0.001 1.398 0.001
мяса 0.001 1.699 0.002
ищу 0.001 1.699 0.002
города 0.002 0.638 0.001
началось 0.001 1.097 0.001
изменили 0.001 1.097 0.001
повреждают 0.001 2.0 0.002
вынуждена 0.001 1.398 0.001
течи 0.001 2.0 0.002
жаловались 0.001 1.699 0.002
позвонил 0.001 1.301 0.001
события 0.001 0.745 0.001
яппаровой 0.001 1.046 0.001
разрушенное 0.001 1.699 0.002
спасать 0.002 1.523 0.003
медицине 0.001 1.398 0.001
финансы 0.001 1.699 0.002
харьков 0.003 0.886 0.003
врачей 0.001 0.745 0.001
здание 0.001 1.097 0.001
ребенком 0.001 1.523 0.002
ведутся 0.001 1.523 0.002
всем 0.002 0.252 0.001
позвонили 0.001 1.398 0.001
предпочитаю 0.001 2.0 0.002
еле 0.001 2.0 0.002
сменой 0.001 2.0 0.002
дома 0.003 0.638 0.002
те 0.001 0.357 0.0
постоянные 0.001 1.523 0.002
требования 0.001 0.066 0.0
выехать 0.001 1.301 0.001
связаться 0.001 0.066 0.0
ведра 0.001 1.699 0.002
району 0.001 1.523 0.002
лежит 0.001 1.155 0.001
происходит 0.002 0.387 0.001
diego 0.001 2.0 0.002
информации 0.001 0.102 0.0
пляшете 0.001 2.0 0.002
открыл 0.001 1.699 0.002
водоснабжение 0.001 2.0 0.002
вполне 0.001 0.699 0.001
бандеру 0.001 2.0 0.002
гораздо 0.001 0.699 0.001
бомбит 0.001 1.155 0.001
тех 0.001 0.26 0.0
получали 0.001 1.222 0.001
набрать 0.001 1.155 0.001
разъехался 0.001 2.0 0.002
стоять 0.001 1.699 0.002
попасть 0.001 0.921 0.001
обложить 0.001 2.0 0.002
попросила 0.001 1.301 0.001
батареи 0.001 1.699 0.002
живем 0.002 1.301 0.003
прячутся 0.001 1.523 0.002
огромные 0.001 1.398 0.001
аэропорта 0.001 1.398 0.001
этажах 0.001 2.0 0.002
боли 0.001 1.0 0.001
силы 0.001 0.796 0.001
бежать 0.001 0.959 0.001
привычный 0.001 2.0 0.002
vasiliy 0.001 2.0 0.002
больницы 0.001 0.77 0.001
мелкой 0.001 2.0 0.002
уснем 0.001 2.0 0.002
объяснили 0.001 1.222 0.001
почему 0.001 0.337 0.0
знаю 0.002 0.721 0.001
силовики 0.001 1.398 0.001
полу 0.001 1.398 0.001
сохранение 0.001 1.699 0.002
звонила 0.001 1.699 0.002
старый 0.001 1.523 0.002
родителями 0.001 1.523 0.002
ними 0.001 0.585 0.001
медузе 0.001 0.066 0.0
районе 0.002 0.886 0.002
коммуникации 0.001 1.699 0.002
первый 0.002 0.481 0.001
вставайте 0.001 2.0 0.002
репортаж 0.002 0.699 0.001
bobok 0.002 1.523 0.003
бывает 0.001 1.0 0.001
прогуляться 0.001 2.0 0.002
собой 0.003 0.62 0.002
лифты 0.001 2.0 0.002
facebook 0.001 0.0 0.0
таком 0.001 0.921 0.001
медузу 0.001 0.066 0.0
думала 0.001 1.523 0.002
родители 0.001 1.097 0.001
военным 0.001 1.301 0.001
соседском 0.001 2.0 0.002
вторая 0.001 1.046 0.001
обработки 0.001 0.066 0.0
победим 0.001 1.301 0.001
общение 0.001 1.301 0.001
домой 0.001 0.824 0.001
онлайн 0.001 0.959 0.001
друг 0.002 0.699 0.001
самолета 0.001 1.301 0.001
стороны 0.001 0.432 0.0
hnidyi 0.001 2.0 0.002
возле 0.001 1.097 0.001
pavel 0.001 1.699 0.002
массовой 0.001 0.097 0.0
знаем 0.001 0.585 0.001
живут 0.001 0.886 0.001
замер 0.001 2.0 0.002
кто-то 0.003 0.602 0.002
сложно 0.001 0.538 0.001
простите 0.001 1.699 0.002
помощью 0.001 0.538 0.001
службы 0.001 0.959 0.001
гуманитарной 0.001 1.398 0.001
тревога 0.001 2.0 0.002
прервалось 0.001 2.0 0.002
встроиться 0.001 2.0 0.002
воду 0.002 1.097 0.002
мастер 0.001 1.699 0.002
понимаю 0.001 0.796 0.001
муки 0.001 2.0 0.002
ресурс 0.001 1.398 0.001
бомбы 0.001 1.398 0.001
информация 0.001 0.824 0.001
scanpix 0.005 0.301 0.002
находятся 0.001 0.854 0.001
лекарств 0.001 0.824 0.001
макарон 0.001 1.699 0.002
1940-х 0.001 1.222 0.001
районным 0.001 2.0 0.002
мужем 0.002 1.523 0.003
похищают 0.001 1.523 0.002
холодной 0.001 1.699 0.002
лежачий 0.001 2.0 0.002
спасибоgiphyза 0.001 0.066 0.0
показывать 0.001 0.066 0.0
пострадал 0.001 1.699 0.002
нацисты 0.001 1.523 0.002
повезет 0.001 1.699 0.002
переночевать 0.001 2.0 0.002
ракетного 0.001 1.523 0.002
каких-то 0.002 0.921 0.002
какими-то 0.001 1.398 0.001
жить 0.001 0.824 0.001
twitter 0.001 0.0 0.0
теплые 0.001 1.699 0.002
команда 0.001 1.699 0.002
раньше 0.001 0.432 0.0
плохой 0.001 1.699 0.002
улице 0.001 0.886 0.001
чувствовали 0.001 1.398 0.001
любви 0.001 1.0 0.001
отопления 0.002 1.398 0.003
случай 0.001 0.921 0.001
пожалуйста 0.001 0.102 0.0
минуты 0.001 1.097 0.001
должен 0.001 0.585 0.001
европы 0.001 0.796 0.001
барабашово 0.001 2.0 0.002
дверь 0.001 1.222 0.001
коромыслом 0.001 2.0 0.002
колеблется 0.001 1.699 0.002
пророссийски 0.001 2.0 0.002
родные 0.001 1.398 0.001
наше 0.001 0.921 0.001
платформы 0.001 0.066 0.0
яйца 0.001 1.699 0.002
выезжали 0.001 1.398 0.001
никуда 0.001 1.097 0.001
можем 0.001 0.62 0.001
вниз 0.001 1.699 0.002
бомбоубежище 0.001 1.398 0.001
бутылками 0.001 1.699 0.002
тепловые 0.001 2.0 0.002
именно 0.001 0.244 0.0
закончится 0.001 1.097 0.001
персональные 0.001 0.066 0.0
ерунда 0.001 2.0 0.002
такое 0.001 0.347 0.0
очень 0.01 0.149 0.001
уезжать 0.002 1.222 0.002
рынков 0.001 1.699 0.002
которые 0.003 0.119 0.0
родственницы 0.001 2.0 0.002
многих 0.001 0.658 0.001
горячей 0.001 1.301 0.001
квартире 0.001 1.301 0.001
путин 0.001 0.658 0.001
трубы 0.001 2.0 0.002
тушат 0.001 2.0 0.002
научены 0.001 2.0 0.002
соседи 0.001 1.523 0.002
meduza 0.002 0.0 0.0
говорю 0.001 0.959 0.001
кого 0.002 0.509 0.001
покрытие 0.001 2.0 0.002
зоопарк 0.001 2.0 0.002
спим 0.001 1.699 0.002
богу 0.001 1.699 0.002
знакомая 0.001 1.699 0.002
дойти 0.001 2.0 0.002
немного 0.001 0.77 0.001
медицина 0.001 1.699 0.002
механику 0.001 2.0 0.002
помогают 0.001 0.886 0.001
идут 0.003 0.699 0.002
вич-инфицированные 0.001 2.0 0.002
бомбежки 0.001 1.301 0.001
год 0.001 0.409 0.0
неповоротливая 0.001 2.0 0.002
круг 0.001 1.699 0.002
авиаудар 0.001 1.699 0.002
сперва 0.001 1.523 0.002
обеззараживать 0.001 2.0 0.002
заполните 0.001 2.0 0.002
партизанить 0.001 2.0 0.002
здания 0.001 1.097 0.001
школу 0.001 1.097 0.001
метрополитена 0.001 2.0 0.002
победы 0.001 1.222 0.001
российским 0.001 0.092 0.0
одной 0.001 0.398 0.0
написал 0.001 1.0 0.001
невозможно 0.001 0.602 0.001
ушам 0.001 2.0 0.002
теми 0.001 0.886 0.001
тому 0.001 0.509 0.001
собираются 0.001 0.921 0.001
тряслись 0.001 2.0 0.002
взрыва 0.001 1.301 0.001
украине 0.002 0.444 0.001
поставляет 0.001 1.523 0.002
вместе 0.002 0.602 0.001
реклама 0.001 0.066 0.0
получении 0.001 1.699 0.002
andrew 0.001 1.699 0.002
пистолетные 0.001 2.0 0.002
из-за 0.002 0.229 0.0
интересах 0.001 0.167 0.0
быстрее 0.001 0.886 0.001
автоматные 0.001 2.0 0.002
кристины 0.001 1.222 0.001
городах 0.001 1.0 0.001
шатаются 0.001 2.0 0.002
вечернего 0.001 1.699 0.002
недель 0.001 0.77 0.001
ap 0.001 0.854 0.001
сообщение 0.001 0.102 0.0
харьковом 0.001 1.699 0.002
прятаться 0.001 1.301 0.001
устали 0.001 2.0 0.002
