перейти 0.0 0.066 0.0
материал 0.0 0.066 0.0
связь 0.001 0.0 0.0
новостиисторииразборшапитокоронавирусмагаз 0.0 0.066 0.0
медуза 0.005 0.066 0.0
рекламаmeduza 0.0 0.066 0.0
in 0.0 0.0 0.0
english 0.0 0.06 0.0
показывать 0.0 0.066 0.0
порядок 0.0 0.066 0.0
en 0.0 0.066 0.0
кнопка 0.0 0.066 0.0
поддержка 0.0 0.066 0.0
история 0.001 0.26 0.0
российский 0.002 0.071 0.0
телевизор 0.003 0.921 0.003
значит 0.001 0.444 0.0
дочь 0.001 0.886 0.001
сестра 0.008 1.046 0.008
украинец 0.002 0.796 0.002
пытаться 0.001 0.409 0.0
рассказать 0.001 0.469 0.0
правда 0.001 0.456 0.0
война 0.012 0.357 0.004
свой 0.003 0.143 0.0
родственник 0.005 0.745 0.004
россия 0.012 0.108 0.001
верить 0.003 0.553 0.002
март 0.002 0.284 0.001
источник 0.0 0.167 0.0
meduza 0.001 0.0 0.0
данный 0.0 0.097 0.0
сообщение 0.0 0.102 0.0
создать 0.0 0.097 0.0
распространить 0.0 0.102 0.0
иностранный 0.001 0.097 0.0
средство 0.0 0.097 0.0
массовый 0.0 0.097 0.0
информация 0.001 0.102 0.0
выполнять 0.001 0.097 0.0
функция 0.001 0.097 0.0
агент 0.001 0.097 0.0
юридический 0.0 0.102 0.0
лицо 0.0 0.086 0.0
мы 0.003 0.066 0.0
нужный 0.001 0.086 0.0
ваш 0.001 0.081 0.0
помощь 0.001 0.071 0.0
пожалуйста 0.0 0.102 0.0
поддержать 0.0 0.066 0.0
олег 0.0 1.301 0.0
яковлев 0.0 2.0 0.0
рбк 0.0 1.523 0.0
тасс 0.001 0.699 0.001
миллион 0.002 0.495 0.001
россиянин 0.004 0.444 0.002
украина 0.012 0.347 0.004
разделить 0.0 1.155 0.0
многие 0.0 0.284 0.0
предпочитать 0.0 1.699 0.0
близкие 0.001 1.523 0.002
человек 0.01 0.092 0.001
который 0.011 0.071 0.001
рассказывать 0.002 0.337 0.001
убийство 0.0 1.155 0.0
мирный 0.004 0.699 0.003
житель 0.001 0.456 0.0
обстрел 0.002 0.678 0.001
жилой 0.0 0.886 0.0
дом 0.002 0.495 0.001
больница 0.0 0.495 0.0
поговорить 0.0 0.62 0.0
убедить 0.001 1.097 0.001
родный 0.002 1.0 0.002
всё-таки 0.001 0.553 0.001
идти 0.0 0.222 0.0
год 0.013000000000000001 0.119 0.002
спустя 0.0 0.886 0.0
семья 0.005 0.796 0.004
расколоться 0.001 1.523 0.002
мария 0.0 1.046 0.0
чумак 0.0 2.0 0.0
smm-менеджер 0.001 2.0 0.002
харьков 0.003 0.886 0.003
род 0.0 0.77 0.0
донецк 0.005 1.301 0.007
выехать 0.0 1.222 0.0
оттуда 0.0 1.097 0.0
подконтрольный 0.0 1.301 0.0
территория 0.0 0.62 0.0
остаться 0.004 0.432 0.002
родитель 0.004 0.854 0.003
старший 0.0 0.678 0.0
один 0.0 0.119 0.0
время 0.006 0.086 0.001
отключить 0.0 1.097 0.0
украинский 0.003 0.538 0.002
телеканал 0.0 0.854 0.0
туда 0.001 0.921 0.001
пробиваться 0.0 2.0 0.0
сми 0.0 0.602 0.0
основное 0.0 0.553 0.0
узнавать 0.0 1.301 0.0
о 0.0 1.523 0.0
весь 0.001 0.114 0.0
пророссийский 0.0 1.222 0.0
издание 0.0 0.481 0.0
позиция 0.001 0.745 0.001
соответствовать 0.0 0.824 0.0
сторона 0.002 0.347 0.001
вообще 0.004 0.066 0.0
никакой 0.001 0.409 0.0
неправомерный 0.0 2.0 0.0
действие 0.0 0.409 0.0
говорить 0.006 0.18 0.001
прекрасный 0.0 1.222 0.0
отношение 0.002 0.509 0.001
держаться 0.0 0.886 0.0
вместе 0.0 0.602 0.0
выходной 0.0 1.301 0.0
проводить 0.0 0.509 0.0
стройка 0.0 1.523 0.0
наш 0.005 0.337 0.002
загородный 0.0 2.0 0.0
недалеко 0.0 1.301 0.0
донецкий 0.0 1.155 0.0
аэропорт 0.0 1.222 0.0
общий 0.0 0.444 0.0
мечта 0.0 1.398 0.0
строить 0.0 1.155 0.0
ранний 0.0 0.409 0.0
сплотить 0.0 1.699 0.0
трагедия 0.0 1.523 0.0
брат 0.001 1.222 0.001
погибнуть 0.001 0.824 0.001
автокатастрофа 0.0 1.699 0.0
восстановить 0.0 1.155 0.0
общение 0.001 1.155 0.001
кто 0.001 0.377 0.0
ссора 0.0 2.0 0.0
стать 0.001 0.149 0.0
близкий 0.001 0.347 0.0
крепкий 0.0 1.523 0.0
появиться 0.0 0.367 0.0
доверие 0.0 1.155 0.0
любовь 0.0 1.0 0.0
несколько 0.001 0.187 0.0
стараться 0.001 0.854 0.001
политика 0.001 0.602 0.001
сохранить 0.0 0.796 0.0
уехать 0.001 0.824 0.001
постоянно 0.0 0.62 0.0
общаться 0.002 0.959 0.002
телефон 0.0 0.745 0.0
последний 0.003 0.284 0.001
город 0.001 0.409 0.0
очень 0.002 0.149 0.0
преобразиться 0.0 2.0 0.0
оболочка 0.0 1.398 0.0
здание 0.0 0.854 0.0
содержание 0.0 1.301 0.0
атмосфера 0.0 2.0 0.0
совершенно 0.001 0.678 0.001
другой 0.002 0.097 0.0
это 0.017 0.066 0.001
уезжать 0.0 1.046 0.0
вполне 0.0 0.699 0.0
комфортно 0.0 1.699 0.0
называть 0.001 0.432 0.0
происходить 0.008 0.301 0.002
восток 0.001 0.886 0.001
миротворческий 0.0 1.699 0.0
операция 0.0 0.721 0.0
спасать 0.001 1.046 0.001
влюблённость 0.0 2.0 0.0
начало 0.002 0.26 0.001
розовый 0.0 1.523 0.0
очки 0.0 2.0 0.0
смотреть 0.0 0.62 0.0
прощать 0.0 2.0 0.0
февраль 0.001 0.337 0.0
александр 0.0 0.456 0.0
рюмин 0.0 2.0 0.0
день 0.01 0.167 0.002
рождение 0.0 1.046 0.0
однажды 0.0 1.301 0.0
пожелать 0.0 1.523 0.0
скорый 0.0 0.921 0.0
вернуться 0.0 0.638 0.0
домой 0.0 0.824 0.0
воссоединиться 0.0 2.0 0.0
жить 0.005 0.481 0.002
сохраняться 0.0 1.301 0.0
этот 0.004 0.137 0.001
непоколебимый 0.0 2.0 0.0
вера 0.0 1.398 0.0
напасть 0.001 1.699 0.002
совершать 0.0 1.222 0.0
ошибка 0.0 0.066 0.0
близко 0.001 1.301 0.001
понимать 0.002 0.42 0.001
информационный 0.0 0.854 0.0
поле 0.0 1.155 0.0
тот 0.002 0.131 0.0
тогдашний 0.0 1.699 0.0
руководство 0.0 0.796 0.0
2015–2019 0.0 2.0 0.0
оказаться 0.001 0.31 0.0
честной 0.0 1.699 0.0
адекватный 0.0 1.398 0.0
казаться 0.002 0.409 0.001
приложить 0.0 1.699 0.0
рука 0.0 0.62 0.0
конфликт 0.001 0.959 0.001
многое 0.001 0.886 0.001
вино 0.0 1.398 0.0
отвернуться 0.0 2.0 0.0
папа 0.007 1.155 0.008
попасть 0.001 0.409 0.0
снаряд 0.0 0.959 0.0
ранее 0.0 0.62 0.0
осколок 0.0 1.301 0.0
ранить 0.0 1.398 0.0
нога 0.0 0.959 0.0
военный 0.002 0.444 0.001
доказательство 0.0 0.824 0.0
естественно 0.0 1.155 0.0
сохранять 0.001 1.046 0.001
нейтралитет 0.0 1.699 0.0
рада 0.0 1.398 0.0
безопасный 0.0 0.824 0.0
место 0.001 0.409 0.0
ненавидеть 0.0 1.301 0.0
страна 0.002 0.155 0.0
донбасс 0.004 0.959 0.004
сам 0.004 0.137 0.001
дело 0.003 0.252 0.001
восемь 0.003 0.854 0.003
связать 0.001 0.469 0.0
нынешний 0.001 0.77 0.001
правозащитница 0.001 2.0 0.002
варвар 0.001 1.699 0.002
пахоменко 0.001 2.0 0.002
работать 0.001 0.102 0.0
миссия 0.001 1.523 0.002
оон 0.001 1.222 0.001
регион 0.001 0.638 0.001
назад 0.007 0.18 0.001
признание 0.0 1.046 0.0
лднр 0.001 1.699 0.002
красный 0.0 1.097 0.0
флажок 0.0 2.0 0.0
догадаться 0.0 2.0 0.0
начаться 0.001 0.367 0.0
звонить 0.001 0.886 0.001
чувствоваться 0.0 1.523 0.0
голос 0.0 1.301 0.0
эйфория 0.0 1.699 0.0
приподнять 0.0 2.0 0.0
настроение 0.0 1.097 0.0
мол 0.002 1.398 0.003
наконец-то 0.001 1.222 0.001
признать 0.001 0.658 0.001
санкция 0.001 0.62 0.001
ввести 0.001 0.538 0.001
сша 0.001 0.469 0.0
против 0.001 0.229 0.0
радовать 0.0 2.0 0.0
государство 0.0 0.569 0.0
скоро 0.0 0.796 0.0
мир 0.0 0.26 0.0
как-то 0.002 0.699 0.001
пропустить 0.0 1.155 0.0
мимо 0.0 1.301 0.0
ухо 0.0 1.523 0.0
работа 0.0 0.357 0.0
завал 0.0 1.523 0.0
подумать 0.0 1.0 0.0
какой-то 0.002 0.328 0.001
политический 0.0 0.658 0.0
новость 0.001 0.357 0.0
звучать 0.0 0.959 0.0
увлекаться 0.0 1.699 0.0
сказать 0.007 0.31 0.002
переживать 0.0 0.886 0.0
тронутый 0.0 2.0 0.0
шумно 0.0 1.699 0.0
видимо 0.0 0.824 0.0
уверить 0.0 0.959 0.0
закончиться 0.0 0.62 0.0
2–3 0.0 1.699 0.0
решиться 0.0 1.523 0.0
польза 0.0 0.745 0.0
начать 0.002 0.276 0.001
бомбить 0.003 0.824 0.002
единственный 0.0 0.481 0.0
написать 0.003 0.62 0.002
бежать 0.0 0.796 0.0
ответить 0.0 0.495 0.0
следующий 0.0 0.553 0.0
польша 0.0 0.854 0.0
немного 0.0 0.77 0.0
выдохнуть 0.0 2.0 0.0
захотеть 0.0 1.222 0.0
убежать 0.0 2.0 0.0
телеграм 0.0 1.0 0.0
главное 0.0 0.585 0.0
уничтожить 0.0 1.0 0.0
нациковы 0.0 2.0 0.0
быть 0.001 0.215 0.0
защита 0.0 0.569 0.0
рф 0.0 0.745 0.0
честно 0.0 1.0 0.0
напугать 0.0 1.398 0.0
получаться 0.001 0.824 0.001
нацик 0.001 2.0 0.002
ради 0.0 1.046 0.0
благой 0.0 2.0 0.0
цель 0.0 0.745 0.0
спросить 0.001 1.222 0.001
серьёзно 0.0 1.301 0.0
фейк 0.001 1.0 0.001
скинуть 0.001 1.523 0.002
фото 0.002 0.959 0.002
видео 0.002 0.678 0.001
коллега 0.001 0.796 0.001
друг 0.002 0.387 0.001
пост 0.001 0.638 0.001
подвал 0.0 1.0 0.0
прятаться 0.002 1.0 0.002
оперативный 0.0 1.398 0.0
съёмка 0.0 1.699 0.0
камера 0.0 1.097 0.0
наблюдение 0.0 0.886 0.0
взрыв 0.002 0.959 0.002
детский 0.001 0.77 0.001
площадка 0.0 0.796 0.0
ответ 0.001 0.432 0.0
такой 0.0 0.114 0.0
монтаж 0.0 1.699 0.0
провокация 0.0 1.699 0.0
склейка 0.0 2.0 0.0
старое 0.0 1.523 0.0
выдать 0.0 1.097 0.0
бой 0.0 0.959 0.0
угодный 0.0 1.301 0.0
оправдать 0.0 1.222 0.0
прийтись 0.001 0.602 0.001
действительно 0.001 0.377 0.0
трогать 0.001 1.398 0.001
объект 0.0 0.886 0.0
собираться 0.0 0.602 0.0
разместить 0.0 1.398 0.0
оружие 0.0 0.921 0.0
выглядеть 0.001 0.495 0.0
семнадцатый 0.001 1.398 0.001
фотография 0.001 0.553 0.001
мариуполь 0.001 0.77 0.001
окружный 0.001 1.398 0.001
чернигов 0.001 1.046 0.001
вода 0.001 0.638 0.001
отопление 0.001 1.301 0.001
растерять 0.001 1.699 0.002
опустошить 0.0 2.0 0.0
очевидный 0.0 0.678 0.0
вещь 0.0 0.62 0.0
факт 0.0 0.638 0.0
ты 0.001 1.0 0.001
предоставлять 0.0 1.301 0.0
реальный 0.001 0.638 0.001
событие 0.001 0.509 0.001
знать 0.002 0.244 0.0
лично 0.001 0.959 0.001
мой 0.002 0.585 0.001
журналист 0.001 0.481 0.0
насколько 0.001 0.42 0.0
тщательно 0.0 1.301 0.0
относиться 0.001 0.62 0.001
сей 0.0 0.456 0.0
пора 0.001 0.357 0.0
проверка 0.0 0.921 0.0
принципиально 0.0 0.959 0.0
критический 0.0 1.398 0.0
мышление 0.0 1.398 0.0
момент 0.001 0.387 0.0
разговор 0.004 0.745 0.003
почувствовать 0.0 1.523 0.0
злить 0.0 2.0 0.0
думать 0.0 0.456 0.0
пересылать 0.0 2.0 0.0
сфабриковать 0.0 2.0 0.0
смочь 0.001 0.328 0.0
отличить 0.0 1.222 0.0
довериться 0.0 2.0 0.0
ситуация 0.001 0.337 0.0
слово 0.003 0.268 0.001
побеждать 0.0 1.523 0.0
дико 0.0 1.699 0.0
возможно 0.0 0.398 0.0
где-то 0.0 0.721 0.0
чуть-чуть 0.001 1.699 0.002
запутаться 0.0 2.0 0.0
невозможно 0.002 0.602 0.001
спускать 0.0 1.398 0.0
тормоз 0.0 2.0 0.0
проглатывать 0.0 2.0 0.0
ночь 0.0 0.854 0.0
сбежать 0.0 1.398 0.0
убить 0.0 1.097 0.0
самый 0.001 0.208 0.0
обвинять 0.0 1.301 0.0
ложь 0.0 1.222 0.0
выставить 0.0 1.699 0.0
соцсеть 0.001 0.824 0.001
назвать 0.0 0.569 0.0
отписаться 0.001 2.0 0.002
тётя 0.0 1.699 0.0
дядя 0.0 2.0 0.0
двоюродный 0.0 1.699 0.0
жена 0.002 1.046 0.002
поздний 0.001 0.745 0.001
страница 0.0 0.959 0.0
вести 0.0 0.553 0.0
заблокировать 0.0 0.553 0.0
везде 0.001 1.046 0.001
достучаться 0.001 2.0 0.002
увидеть 0.0 0.553 0.0
запись 0.0 1.0 0.0
бомбёжка 0.0 1.155 0.0
эмоционально 0.0 1.046 0.0
накрыть 0.0 1.523 0.0
волна 0.0 0.921 0.0
посмотреть 0.001 0.523 0.001
„ 0.0 0.62 0.0
“ 0.0 0.432 0.0
делать 0.001 0.18 0.0
солдат 0.001 0.886 0.001
хотеть 0.002 0.102 0.0
слышать 0.001 0.745 0.001
бояться 0.0 0.699 0.0
потерять 0.0 0.854 0.0
картинка 0.0 1.155 0.0
тв 0.001 1.699 0.002
последствие 0.0 0.523 0.0
sergey 0.0 1.097 0.0
bobok 0.0 1.523 0.0
afp 0.001 0.854 0.001
scanpix 0.001 0.301 0.0
leta 0.001 0.301 0.0
решить 0.002 0.398 0.001
стучаться 0.0 2.0 0.0
закрытый 0.0 0.854 0.0
дверь 0.0 0.921 0.0
разблокировать 0.0 1.523 0.0
поздравить 0.0 1.699 0.0
праздник 0.001 1.301 0.001
извинение 0.0 1.523 0.0
объяснение 0.0 1.0 0.0
дух 0.0 1.398 0.0
согласный 0.0 1.0 0.0
принимать 0.0 0.432 0.0
поздравление 0.0 2.0 0.0
спокойно 0.0 0.824 0.0
изменить 0.0 0.538 0.0
мнение 0.001 0.509 0.001
просто 0.004 0.194 0.001
скидывать 0.0 1.699 0.0
нейтральный 0.0 1.301 0.0
подпись 0.0 1.398 0.0
сделать 0.0 0.208 0.0
такой-то 0.0 2.0 0.0
район 0.0 0.678 0.0
число 0.0 0.201 0.0
отвечать 0.002 0.456 0.001
семь 0.0 0.721 0.0
получать 0.0 0.569 0.0
заслуга 0.0 1.699 0.0
объяснить 0.0 0.602 0.0
виноватый 0.0 1.699 0.0
оба 0.0 0.62 0.0
правительство 0.0 0.678 0.0
оно 0.0 0.444 0.0
школа 0.001 0.699 0.001
упрашивать 0.0 2.0 0.0
проанализировать 0.0 1.222 0.0
сравнить 0.0 1.046 0.0
подать 0.0 1.046 0.0
услышать 0.0 1.155 0.0
писать 0.0 0.347 0.0
наверно 0.0 2.0 0.0
узнать 0.001 0.481 0.0
устроиться 0.0 1.398 0.0
новый 0.0 0.187 0.0
неделя 0.0 0.328 0.0
я 0.001 1.097 0.001
надеяться 0.001 0.699 0.001
хотя 0.002 0.276 0.001
открыться 0.0 1.222 0.0
глаз 0.001 0.77 0.001
обратно 0.0 1.699 0.0
никто 0.002 0.432 0.001
принять 0.0 0.42 0.0
созваниваться 0.0 1.398 0.0
мочь 0.002 0.102 0.0
живой-здоровый 0.0 2.0 0.0
скучать 0.0 2.0 0.0
обидно 0.0 2.0 0.0
ба 0.001 2.0 0.002
стрелять 0.001 1.0 0.001
валерий 0.0 1.222 0.0
студентка 0.0 1.523 0.0
киев 0.002 0.699 0.001
бабушка 0.004 1.0 0.004
сибирь 0.0 2.0 0.0
родиться 0.0 0.921 0.0
отучиться 0.0 2.0 0.0
институт 0.0 0.77 0.0
познакомиться 0.0 1.301 0.0
дедушка 0.0 1.523 0.0
переехать 0.0 1.398 0.0
больший 0.0 0.328 0.0
часть 0.0 0.377 0.0
жизнь 0.0 0.319 0.0
прожить 0.0 1.222 0.0
тесно 0.0 2.0 0.0
негатив 0.0 1.699 0.0
крупный 0.0 0.523 0.0
буквально 0.0 0.886 0.0
пополам 0.0 2.0 0.0
встать 0.0 1.155 0.0
постоянный 0.0 1.046 0.0
спор 0.0 1.046 0.0
ребёнок 0.0 0.387 0.0
часто 0.001 0.456 0.0
ездить 0.0 1.097 0.0
сначала 0.0 0.602 0.0
объяснять 0.0 0.538 0.0
помогать 0.0 0.444 0.0
примерно 0.0 0.585 0.0
родина 0.0 1.222 0.0
убеждать 0.0 1.398 0.0
приезжать 0.0 0.921 0.0
гость 0.0 1.097 0.0
оставаться 0.0 0.387 0.0
надолго 0.0 1.222 0.0
любить 0.0 0.921 0.0
признавать 0.0 1.0 0.0
результат 0.0 0.367 0.0
агрессия 0.0 1.301 0.0
уничтожать 0.0 1.155 0.0
дончанин 0.0 2.0 0.0
луганчанин 0.0 2.0 0.0
особенно 0.001 0.553 0.001
задевать 0.0 1.699 0.0
критика 0.0 1.222 0.0
путин 0.001 0.523 0.001
любой 0.0 0.319 0.0
стопроцентно 0.0 2.0 0.0
привести 0.0 0.456 0.0
сглаживать 0.0 2.0 0.0
угол 0.0 2.0 0.0
поддерживать 0.001 0.569 0.001
нормальный 0.0 0.77 0.0
человеческий 0.0 0.886 0.0
позвонить 0.0 1.155 0.0
пять 0.001 0.432 0.0
утро 0.001 1.046 0.001
слеза 0.0 1.523 0.0
собирать 0.0 0.699 0.0
тревожный 0.0 1.398 0.0
рюкзак 0.0 1.398 0.0
взять 0.0 0.553 0.0
себя 0.0 0.62 0.0
бомбоубежище 0.001 1.046 0.001
конкретно 0.0 1.222 0.0
безопасность 0.0 0.387 0.0
слышный 0.0 1.046 0.0
искать 0.0 0.678 0.0
деньга 0.001 0.602 0.001
документ 0.0 0.678 0.0
случай 0.0 0.194 0.0
первый 0.001 0.143 0.0
захлёбываться 0.0 2.0 0.0
станция 0.0 1.097 0.0
метро 0.0 1.222 0.0
dimitar 0.0 1.699 0.0
dilkoff 0.0 1.699 0.0
stf 0.0 1.699 0.0
внятный 0.0 2.0 0.0
аргумент 0.002 0.62 0.001
что-то 0.001 0.509 0.001
вроде 0.0 0.658 0.0
однозначно 0.0 0.959 0.0
допустить 0.0 0.854 0.0
жертва 0.0 0.824 0.0
среди 0.0 0.42 0.0
несладко 0.0 2.0 0.0
моральный 0.0 1.398 0.0
план 0.0 0.658 0.0
агрессор 0.001 1.398 0.001
освободитель 0.001 2.0 0.002
никак 0.0 0.886 0.0
успокоить 0.0 1.523 0.0
итог 0.001 0.509 0.001
беречься 0.0 2.0 0.0
сила 0.001 0.456 0.0
доказывать 0.0 1.301 0.0
видеть 0.001 0.444 0.0
смысл 0.0 0.481 0.0
вбрасывать 0.0 2.0 0.0
фраза 0.0 1.046 0.0
а-ля 0.0 1.699 0.0
как-нибудь 0.0 2.0 0.0
связываться 0.0 1.155 0.0
два-три 0.0 1.398 0.0
спрашивать 0.0 0.886 0.0
живой 0.001 0.553 0.001
здоровый 0.0 1.046 0.0
ладный 0.0 1.699 0.0
пока 0.001 0.208 0.0
мама 0.004 0.854 0.003
около 0.0 0.432 0.0
выражать 0.0 1.398 0.0
повторять 0.0 1.222 0.0
пропаганда 0.001 0.745 0.001
суть 0.0 0.959 0.0
уходить 0.0 0.824 0.0
тотальный 0.0 1.301 0.0
отрицание 0.0 1.523 0.0
подозревать 0.0 1.155 0.0
националист 0.0 1.301 0.0
роддом 0.0 1.0 0.0
сад 0.0 1.301 0.0
русский 0.001 0.62 0.001
войско 0.001 0.678 0.001
освобождать 0.0 1.222 0.0
признаться 0.0 1.699 0.0
хватать 0.0 0.886 0.0
смелость 0.0 1.699 0.0
играть 0.0 0.699 0.0
фронт 0.0 1.155 0.0
рассориться 0.0 2.0 0.0
разочароваться 0.0 2.0 0.0
высказывание 0.001 1.155 0.001
нацист 0.002 1.222 0.002
лидер 0.001 0.886 0.001
геноцид 0.003 1.523 0.005
неправда 0.001 1.699 0.002
заявление 0.001 0.62 0.001
исследователь 0.001 0.721 0.001
нацизм 0.001 1.155 0.001
холокост 0.001 1.398 0.001
второй 0.001 0.357 0.0
мировой 0.001 0.721 0.001
закончить 0.0 1.097 0.0
попросить 0.0 0.699 0.0
обозначить 0.0 1.699 0.0
повод 0.0 0.553 0.0
простой 0.0 0.538 0.0
большинство 0.0 0.509 0.0
бросить 0.0 1.046 0.0
трубка 0.002 1.523 0.003
участвовать 0.0 0.569 0.0
слишком 0.0 0.553 0.0
больно 0.001 1.398 0.001
убивать 0.002 0.824 0.002
специально 0.0 0.959 0.0
врать 0.0 1.222 0.0
заблуждаться 0.0 2.0 0.0
смех 0.0 1.699 0.0
москва 0.0 0.523 0.0
сразу 0.0 0.553 0.0
инстаграм 0.001 0.066 0.0
постить 0.0 2.0 0.0
мысль 0.0 1.222 0.0
очередной 0.001 0.796 0.001
тупой 0.0 1.699 0.0
ненависть 0.0 1.222 0.0
прекратиться 0.0 1.699 0.0
выйти 0.0 0.456 0.0
промыть 0.0 2.0 0.0
главный 0.001 0.276 0.0
замечать 0.001 1.222 0.001
использоваться 0.001 0.585 0.001
разбирать 0.001 0.854 0.001
павел 0.001 1.523 0.002
каныгин 0.001 2.0 0.002
зачем-то 0.0 2.0 0.0
протяжение 0.0 1.398 0.0
существование 0.0 0.886 0.0
отвратительный 0.0 1.699 0.0
смешно 0.0 2.0 0.0
дискриминация 0.0 1.398 0.0
предвзятый 0.0 1.523 0.0
чувствовать 0.0 0.678 0.0
пара 0.0 0.658 0.0
соизволить 0.0 2.0 0.0
развернуть 0.0 1.301 0.0
желание 0.0 0.921 0.0
переубеждать 0.0 2.0 0.0
понять 0.0 0.495 0.0
гиблый 0.0 2.0 0.0
отказываться 0.0 0.721 0.0
находиться 0.0 0.367 0.0
смертельный 0.0 1.155 0.0
опасность 0.0 0.854 0.0
эмпатия 0.0 1.699 0.0
речь 0.0 0.398 0.0
какой 0.0 0.357 0.0
беспокойство 0.0 1.155 0.0
ужасно 0.0 1.398 0.0
неприятно 0.0 2.0 0.0
освободительный 0.0 1.523 0.0
каждый 0.001 0.244 0.0
настоящий 0.0 0.585 0.0
найти 0.0 0.456 0.0
компромисс 0.0 1.523 0.0
должный 0.001 0.201 0.0
альтернатива 0.001 1.046 0.001
михаил 0.0 0.921 0.0
кацурина 0.0 2.0 0.0
ресторатор 0.0 2.0 0.0
основательпроект 0.0 2.0 0.0
поверь 0.001 2.0 0.002
отец 0.0 1.0 0.0
развестись 0.0 2.0 0.0
маленький 0.0 0.328 0.0
ютьюб 0.0 1.699 0.0
выступление 0.001 0.959 0.001
записывать 0.0 1.301 0.0
песня 0.0 1.097 0.0
фамилия 0.0 1.301 0.0
случайно 0.0 1.222 0.0
православный 0.0 1.398 0.0
хор 0.0 2.0 0.0
сохраниться 0.0 1.155 0.0
договориться 0.0 1.155 0.0
приехать 0.0 0.854 0.0
он 0.0 1.155 0.0
нижегородский 0.0 1.699 0.0
область 0.0 0.523 0.0
охранник 0.0 1.398 0.0
монастырь 0.001 2.0 0.002
регулярно 0.0 1.0 0.0
поздравлять 0.0 1.699 0.0
церковный 0.0 1.699 0.0
странно 0.0 1.301 0.0
сидеть 0.001 0.77 0.001
интернет 0.0 0.921 0.0
неоткуда 0.0 1.699 0.0
телевидение 0.0 1.222 0.0
село 0.0 1.222 0.0
бывать 0.002 0.77 0.002
куда-то 0.001 1.222 0.001
лес 0.001 1.301 0.001
мобильный 0.0 1.222 0.0
проблема 0.001 0.347 0.0
целый 0.0 0.658 0.0
хотеться 0.0 0.77 0.0
восьмимесячный 0.0 2.0 0.0
сын 0.0 0.921 0.0
отводить 0.0 2.0 0.0
дочка 0.0 1.398 0.0
бомба 0.0 1.046 0.0
спокойный 0.0 1.222 0.0
спина 0.0 1.155 0.0
притеснять 0.001 1.699 0.002
русскоязычный 0.0 1.097 0.0
население 0.0 0.569 0.0
напомнить 0.0 0.699 0.0
язык 0.0 0.678 0.0
вырасти 0.0 0.824 0.0
бердянск 0.001 1.398 0.001
снова 0.0 0.678 0.0
придумать 0.0 0.886 0.0
ванная 0.001 1.523 0.002
помочь 0.0 0.125 0.0
ирпень 0.0 1.155 0.0
marcus 0.0 1.398 0.0
yam 0.0 1.398 0.0
los 0.0 1.301 0.0
angeles 0.0 1.301 0.0
times 0.0 0.699 0.0
getty 0.0 0.886 0.0
images 0.0 0.796 0.0
положить 0.0 1.0 0.0
настолько 0.0 0.886 0.0
разочаровать 0.0 2.0 0.0
немой 0.0 0.585 0.0
продолжать 0.0 0.292 0.0
знакомый 0.0 0.854 0.0
болезненно 0.0 2.0 0.0
подавить 0.0 1.222 0.0
оказываться 0.0 0.721 0.0
недостаточно 0.001 0.921 0.001
личный 0.0 0.678 0.0
страх 0.0 0.796 0.0
раздавать 0.0 1.301 0.0
еда 0.0 0.678 0.0
одежда 0.0 0.921 0.0
квартал 0.001 0.959 0.001
тысяча 0.002 0.31 0.001
реагировать 0.001 1.097 0.001
прислать 0.001 0.77 0.001
переезжать 0.001 1.523 0.002
выяснить 0.001 0.824 0.001
они 0.001 0.538 0.001
эмоция 0.0 1.155 0.0
часы 0.0 1.699 0.0
гражданин 0.0 0.553 0.0
поделиться 0.0 1.301 0.0
ребята 0.0 1.046 0.0
проект 0.0 0.745 0.0
половина 0.0 0.721 0.0
условный 0.0 1.523 0.0
фейсбук 0.0 1.0 0.0
притом 0.0 1.523 0.0
дезинформация 0.0 2.0 0.0
выбор 0.0 0.886 0.0
шанс 0.001 0.638 0.001
надёжный 0.0 0.824 0.0
донести 0.0 1.699 0.0
представить 0.0 0.638 0.0
три 0.0 0.569 0.0
достаточно 0.0 0.444 0.0
остановить 0.0 0.523 0.0
шокировать 0.0 1.301 0.0
предыдущий 0.0 0.886 0.0
проговорить 0.0 2.0 0.0
час 0.0 0.538 0.0
переубедить 0.0 1.699 0.0
окончательно 0.0 1.301 0.0
два 0.0 0.26 0.0
звонок 0.0 1.222 0.0
сколько 0.0 0.585 0.0
потребоваться 0.0 0.921 0.0
полностью 0.0 0.538 0.0
лёд 0.0 1.699 0.0
тронуться 0.0 1.699 0.0
обстреливать 0.0 1.0 0.0
сбрасывать 0.0 1.301 0.0
бывший 0.0 0.699 0.0
поверить 0.0 1.046 0.0
запад 0.0 0.678 0.0
дать 0.0 0.066 0.0
по-прежнему 0.0 0.824 0.0
америка 0.0 1.222 0.0
считать 0.0 0.319 0.0
вливать 0.0 2.0 0.0
рассорить 0.0 2.0 0.0
славянский 0.0 1.699 0.0
народ 0.0 0.745 0.0
удаться 0.0 0.456 0.0
требовать 0.0 0.658 0.0
нужно 0.0 0.237 0.0
запасаться 0.0 2.0 0.0
терпение 0.0 1.699 0.0
медленно 0.0 1.222 0.0
шаг 0.0 0.886 0.0
контролировать 0.0 1.222 0.0
слушать 0.0 1.046 0.0
вопрос 0.001 0.276 0.0
бред 0.0 2.0 0.0
сайт 0.0 0.658 0.0
собрать 0.0 0.886 0.0
частый 0.0 0.523 0.0
всплывать 0.0 2.0 0.0
кто-то 0.0 0.523 0.0
точнее 0.0 0.921 0.0
дозвониться 0.0 1.699 0.0
уйти 0.0 0.77 0.0
разговаривать 0.0 1.0 0.0
блицкриг 0.001 1.523 0.002
получиться 0.001 0.745 0.001
зять 0.001 1.523 0.002
сомневаться 0.001 0.886 0.001
перестать 0.001 0.678 0.001
ссориться 0.001 1.699 0.002
мириться 0.001 1.699 0.002
из-за 0.001 0.229 0.0
вторжение 0.001 0.569 0.001
24/7 0.0 0.102 0.0
интерес 0.0 0.155 0.0
читателейн 0.0 0.174 0.0
срочно 0.0 0.167 0.0
записать 0.0 0.959 0.0
надежда 0.0 0.77 0.0
светлов 0.0 2.0 0.0
редакция 0.001 0.066 0.0
кодекс 0.0 0.066 0.0
блог 0.0 0.066 0.0
meduzacare 0.0 0.066 0.0
связаться 0.0 0.066 0.0
анонимно 0.0 0.066 0.0
платформа 0.001 0.066 0.0
ios 0.0 0.066 0.0
android 0.0 0.066 0.0
twitter 0.0 0.0 0.0
facebook 0.0 0.0 0.0
вконтакте 0.0 0.066 0.0
youtube 0.0 0.06 0.0
– 0.0 0.06 0.0
live 0.0 0.022 0.0
вечерний 0.0 0.066 0.0
реклама 0.001 0.066 0.0
требование 0.0 0.066 0.0
баннер 0.0 0.066 0.0
безопасно 0.0 0.066 0.0
персональный 0.0 0.066 0.0
правило 0.0 0.066 0.0
обработка 0.0 0.066 0.0
использование 0.0 0.066 0.0
кук 0.0 0.066 0.0
наслать 0.0 0.066 0.0
выделить 0.0 0.066 0.0
нажать 0.0 0.066 0.0
ctrl+enter 0.0 0.066 0.0
спасибоgiphyз 0.0 0.066 0.0
гифка 0.0 0.066 0.0
© 0.0 0.0 0.0
