перейти 0.001 0.066 0.0
материал 0.002 0.066 0.0
связь 0.001 0.0 0.0
новостиисторииразборшапитокоронавирусмагаз 0.001 0.066 0.0
медуза 0.009000000000000001 0.066 0.001
рекламаmeduza 0.001 0.066 0.0
in 0.001 0.0 0.0
english 0.001 0.06 0.0
показывать 0.001 0.066 0.0
порядок 0.001 0.066 0.0
en 0.001 0.066 0.0
кнопка 0.001 0.066 0.0
поддержка 0.004 0.066 0.0
история 0.001 0.26 0.0
рестик 0.002 1.398 0.003
закончиться 0.002 0.62 0.001
остаться 0.004 0.432 0.002
арестик 0.003 2.0 0.006
пройти 0.004 0.387 0.002
антивоенный 0.005 0.796 0.004
концерт 0.019000000000000003 1.097 0.021
оксимирон 0.011 1.398 0.015
стамбул 0.006 1.398 0.008
март 0.008 0.284 0.002
источник 0.001 0.167 0.0
meduza 0.003 0.0 0.0
данный 0.001 0.097 0.0
сообщение 0.001 0.102 0.0
создать 0.001 0.097 0.0
распространить 0.001 0.102 0.0
иностранный 0.003 0.097 0.0
средство 0.003 0.097 0.0
массовый 0.001 0.097 0.0
информация 0.001 0.102 0.0
выполнять 0.002 0.097 0.0
функция 0.002 0.097 0.0
агент 0.002 0.097 0.0
российский 0.004 0.071 0.0
юридический 0.001 0.102 0.0
лицо 0.001 0.086 0.0
мы 0.002 0.066 0.0
нужный 0.002 0.086 0.0
ваш 0.002 0.081 0.0
помощь 0.002 0.071 0.0
пожалуйста 0.001 0.102 0.0
поддержать 0.003 0.066 0.0
женщина 0.001 0.824 0.001
плакат 0.002 1.097 0.002
очередь 0.004 0.538 0.002
год 0.007 0.119 0.001
dilara 0.002 2.0 0.004
senkaya 0.002 2.0 0.004
reuters 0.002 0.745 0.001
scanpix 0.002 0.301 0.001
leta 0.002 0.301 0.001
главный 0.001 0.276 0.0
рэпер 0.004 2.0 0.008
провести 0.002 0.538 0.001
благотворительный 0.002 1.523 0.003
украинский 0.004 0.538 0.002
беженец 0.003 1.155 0.003
russians 0.002 1.0 0.002
against 0.002 0.824 0.002
war 0.002 0.77 0.002
выступление 0.005 0.959 0.005
небольшой 0.002 0.602 0.001
клуб 0.013000000000000001 1.523 0.02
человек 0.007 0.092 0.001
собранный 0.001 1.222 0.001
музыкант 0.001 1.301 0.001
пообещать 0.003 1.523 0.005
перевести 0.001 1.097 0.001
начало 0.001 0.26 0.0
дверь 0.003 0.921 0.003
превратиться 0.001 0.886 0.001
митинг 0.003 1.0 0.003
прислать 0.001 0.77 0.001
листовка 0.001 1.523 0.002
выкрикивать 0.002 2.0 0.004
лозунг 0.001 1.398 0.001
рассказывать 0.004 0.337 0.001
первый 0.007 0.143 0.001
пять 0.002 0.432 0.001
сольный 0.001 2.0 0.002
артист 0.005 1.523 0.008
сразу 0.002 0.553 0.001
вторжение 0.001 0.569 0.001
россия 0.016 0.108 0.002
украина 0.006 0.347 0.002
отменить 0.002 0.921 0.002
свой 0.002 0.143 0.0
выйти 0.003 0.456 0.001
конец 0.002 0.444 0.001
альбом 0.007 1.523 0.011
красота 0.006 1.699 0.01
уродство 0.007 2.0 0.014
должный 0.002 0.201 0.0
петербург 0.001 1.222 0.001
москва 0.001 0.523 0.001
билет 0.008 1.301 0.01
раскупить 0.001 1.699 0.002
несколько 0.003 0.187 0.001
час 0.002 0.538 0.001
объявить 0.001 0.553 0.001
переносить 0.001 1.155 0.001
неопределённый 0.001 1.398 0.001
срок 0.001 0.824 0.001
уверенный 0.001 0.921 0.001
понять 0.001 0.495 0.0
мочь 0.001 0.102 0.0
развлекать 0.001 2.0 0.002
пока 0.007 0.208 0.001
падать 0.001 0.824 0.001
ракета 0.001 1.0 0.001
житель 0.001 0.456 0.0
киев 0.002 0.699 0.001
вынудить 0.001 0.886 0.001
прятаться 0.001 1.0 0.001
подвал 0.001 1.0 0.001
метро 0.001 1.222 0.001
гибнуть 0.001 1.155 0.001
два 0.002 0.26 0.001
неделя 0.004 0.328 0.001
спустя 0.001 0.886 0.001
сообщить 0.001 0.638 0.001
всё-таки 0.003 0.553 0.002
целый 0.001 0.658 0.001
серия 0.002 1.097 0.002
правда 0.001 0.456 0.0
весь 0.003 0.114 0.0
привет 0.001 1.699 0.002
вы 0.001 1.0 0.001
oxxxymiron 0.001 2.0 0.002
очень 0.005 0.149 0.001
злой 0.001 1.523 0.002
продолжаться 0.001 0.699 0.001
полный 0.001 0.377 0.0
ужас 0.001 1.699 0.002
идти 0.002 0.222 0.0
война 0.007 0.357 0.002
десятка 0.001 0.721 0.001
миллион 0.001 0.495 0.0
русский 0.002 0.62 0.001
который 0.003 0.071 0.0
против 0.005 0.229 0.001
считать 0.001 0.319 0.0
нужно 0.001 0.237 0.0
громкий 0.002 1.222 0.002
сказать 0.001 0.31 0.0
поэтому 0.003 0.328 0.001
объявлять 0.001 1.398 0.001
просто 0.001 0.194 0.0
невозможно 0.001 0.602 0.001
безумно 0.001 2.0 0.002
это 0.006 0.066 0.0
звучать 0.003 0.959 0.003
запрет 0.001 0.921 0.001
ввести 0.001 0.538 0.001
цензура 0.001 1.046 0.001
высказываться 0.001 1.155 0.001
грозить 0.001 1.097 0.001
уголовный 0.001 0.959 0.001
преследование 0.001 1.301 0.001
транслировать 0.001 1.222 0.001
инстаграм 0.003 0.066 0.0
ютьюб 0.002 1.699 0.003
твич 0.001 2.0 0.002
сервис 0.001 0.959 0.001
просмотр 0.001 1.523 0.002
трансляция 0.002 1.301 0.003
призвать 0.001 0.886 0.001
отправлять 0.001 1.0 0.001
пожертвование 0.002 1.523 0.003
деньга 0.001 0.602 0.001
пойти 0.001 0.509 0.001
нужда 0.001 1.523 0.002
площадка 0.001 0.796 0.001
стать 0.001 0.149 0.0
kadikoysahne 0.001 2.0 0.002
менее 0.001 0.432 0.0
престижный 0.001 2.0 0.002
азиатский 0.001 2.0 0.002
часть 0.002 0.377 0.001
судить 0.001 0.585 0.001
афиша 0.001 2.0 0.002
обычно 0.001 0.523 0.001
немой 0.001 0.585 0.001
выступать 0.001 0.658 0.001
малоизвестный 0.001 2.0 0.002
местный 0.001 0.602 0.001
рок- 0.001 2.0 0.002
фолк-группа 0.001 2.0 0.002
находиться 0.001 0.367 0.0
барный 0.001 2.0 0.002
улица 0.002 0.699 0.001
кыртасиедж 0.001 2.0 0.002
kırtasiyeci 0.001 2.0 0.002
внутри 0.001 0.745 0.001
дешёвый 0.001 1.398 0.001
алкоголь 0.001 1.046 0.001
строгий 0.001 1.398 0.001
охранник 0.001 1.398 0.001
проверять 0.001 0.77 0.001
каждый 0.002 0.244 0.0
карман 0.001 1.523 0.002
начаться 0.002 0.367 0.001
начать 0.002 0.276 0.001
собираться 0.001 0.602 0.001
около 0.001 0.432 0.0
купить 0.002 0.796 0.002
доллар 0.003 0.921 0.003
разойтись 0.001 1.523 0.002
надежда 0.001 0.77 0.001
перекупить 0.001 2.0 0.002
дежурить 0.001 2.0 0.002
тот 0.005 0.131 0.001
кто 0.001 0.377 0.0
достаться 0.001 1.301 0.001
отдать 0.001 0.959 0.001
говорить 0.004 0.18 0.001
молодой 0.001 0.854 0.001
представиться 0.001 1.523 0.002
алекс 0.002 2.0 0.004
питер 0.001 1.699 0.002
мирон 0.002 2.0 0.004
уехать 0.003 0.824 0.002
удачно 0.001 2.0 0.002
совпасть 0.001 1.398 0.001
вход 0.001 1.046 0.001
преподавать 0.001 1.523 0.002
игра 0.001 1.0 0.001
покер 0.001 2.0 0.002
ученик 0.001 1.301 0.001
бомбить 0.001 0.824 0.001
город 0.002 0.409 0.001
присылать 0.001 1.699 0.002
фотография 0.001 0.553 0.001
хотеть 0.008 0.102 0.001
делаться 0.001 1.046 0.001
мой 0.002 0.585 0.001
налог 0.001 1.398 0.001
ндс 0.001 2.0 0.002
вернуться 0.001 0.638 0.001
елена 0.003 1.0 0.003
жить 0.001 0.481 0.0
турция 0.001 1.222 0.001
творчество 0.001 1.398 0.001
увлекаться 0.001 1.699 0.002
успеть 0.001 0.678 0.001
продажа 0.002 0.854 0.002
интересный 0.001 1.155 0.001
отдавать 0.001 1.398 0.001
девушка 0.001 0.959 0.001
встречать 0.001 1.222 0.001
музыка 0.001 1.699 0.002
послушать 0.001 1.699 0.002
щека 0.001 2.0 0.002
нарисовать 0.001 1.301 0.001
флаг 0.001 1.0 0.001
хотеться 0.001 0.77 0.001
встретиться 0.001 1.398 0.001
родственник 0.001 0.745 0.001
екатеринбург 0.001 1.699 0.002
общаться 0.001 0.959 0.001
вечер 0.001 1.301 0.001
маленький 0.001 0.328 0.0
расположить 0.001 1.097 0.001
слышный 0.001 1.046 0.001
турецкий 0.001 1.699 0.002
речь 0.002 0.398 0.001
исключительно 0.001 1.155 0.001
расти 0.001 0.886 0.001
некоторый 0.001 0.222 0.0
доставать 0.001 2.0 0.002
парень 0.001 1.398 0.001
вставать 0.001 1.155 0.001
пикет 0.001 1.699 0.002
номер 0.003 1.222 0.004
новый 0.004 0.187 0.001
газета 0.001 1.046 0.001
полоса 0.001 1.523 0.002
написать 0.003 0.62 0.002
хороший 0.001 0.377 0.0
новость 0.001 0.357 0.0
слово 0.001 0.268 0.0
„ 0.005 0.62 0.003
мир 0.002 0.26 0.001
“ 0.005 0.432 0.002
запретить 0.002 0.77 0.002
михаил 0.002 0.921 0.002
шевелев 0.001 1.699 0.002
улетать 0.001 2.0 0.002
даня 0.003 2.0 0.006
21-летний 0.001 2.0 0.002
менеджер 0.001 1.301 0.001
магазин 0.001 0.796 0.001
одежда 0.001 0.921 0.001
обожать 0.001 1.699 0.002
покупать 0.001 0.824 0.001
раз 0.001 0.569 0.001
трогать 0.001 1.398 0.001
книга 0.001 0.886 0.001
читать 0.001 0.444 0.0
телефон 0.001 0.745 0.001
изнасилование 0.001 2.0 0.002
самый 0.001 0.208 0.0
задержать 0.001 0.959 0.001
пушкинский 0.001 2.0 0.002
площадь 0.001 1.046 0.001
февраль 0.001 0.337 0.0
отпустить 0.001 1.523 0.002
протокол 0.001 1.0 0.001
выписать 0.001 1.523 0.002
штраф 0.001 1.301 0.001
день 0.003 0.167 0.001
телеграм-канал 0.002 1.222 0.002
телеведущий 0.001 1.523 0.002
владимир 0.001 0.523 0.001
соловьёв 0.001 1.699 0.002
появиться 0.002 0.367 0.001
видео 0.002 0.678 0.001
дань 0.001 1.699 0.002
другой 0.002 0.097 0.0
протестовать 0.001 1.222 0.001
подпись 0.001 1.398 0.001
этот 0.001 0.137 0.0
стоить 0.001 0.469 0.0
проверить 0.001 0.886 0.001
поголовно 0.001 2.0 0.002
улететь 0.001 1.398 0.001
разогрев 0.001 2.0 0.002
заходить 0.001 1.301 0.001
играть 0.001 0.699 0.001
взгляд 0.001 1.046 0.001
хаотичный 0.001 2.0 0.002
плейлист 0.001 2.0 0.002
валерий 0.001 1.222 0.001
меладзе 0.001 2.0 0.002
кровосток 0.001 2.0 0.002
каста 0.001 2.0 0.002
объяснить 0.001 0.602 0.001
песня 0.006 1.097 0.007
исполнитель 0.001 1.398 0.001
список 0.001 0.569 0.001
якобы 0.001 0.854 0.001
время 0.002 0.086 0.0
происходить 0.001 0.301 0.0
становиться 0.001 0.553 0.001
похоже 0.001 0.886 0.001
частый 0.001 0.523 0.001
дружно 0.001 2.0 0.002
кричать 0.001 1.155 0.001
путин 0.001 0.523 0.001
трепло 0.001 2.0 0.002
слава 0.002 1.301 0.003
герой 0.001 1.046 0.001
внимание 0.001 0.523 0.001
содержать 0.001 0.745 0.001
нецензурный 0.001 2.0 0.002
лексика 0.001 1.699 0.002
народный 0.001 0.959 0.001
кричалка 0.001 2.0 0.002
позор 0.001 1.699 0.002
один 0.002 0.119 0.0
фёдоров 0.001 1.699 0.002
произносить 0.001 2.0 0.002
казаться 0.002 0.409 0.001
зал 0.002 1.222 0.002
ждать 0.003 0.481 0.001
текст 0.002 0.62 0.001
старый 0.001 0.658 0.001
подпевать 0.001 2.0 0.002
примерно 0.001 0.585 0.001
половина 0.001 0.721 0.001
знать 0.002 0.244 0.0
называться 0.001 0.699 0.001
обращаться 0.001 0.854 0.001
прийти 0.001 0.658 0.001
думать 0.005 0.456 0.002
многие 0.003 0.284 0.001
строка 0.001 1.398 0.001
совершенно 0.001 0.678 0.001
иначе 0.001 0.745 0.001
подробный 0.002 0.569 0.001
выпустить 0.002 0.699 0.001
трек 0.002 2.0 0.004
рецензия 0.002 1.699 0.003
получиться 0.003 0.745 0.002
удачный 0.002 1.301 0.003
александр 0.002 0.456 0.001
горбачёв 0.002 2.0 0.004
месяц 0.002 0.432 0.001
назад 0.004 0.18 0.001
трек-лист 0.001 2.0 0.002
составить 0.001 0.658 0.001
специально 0.002 0.959 0.002
складываться 0.001 1.523 0.002
манифест 0.001 1.699 0.002
страна 0.001 0.155 0.0
пост 0.001 0.638 0.001
гаи 0.001 2.0 0.002
занятый 0.001 1.097 0.001
самокопание 0.001 2.0 0.002
перекраивать 0.001 2.0 0.002
частный 0.001 0.824 0.001
военный 0.001 0.444 0.0
компания 0.001 0.444 0.0
asmr-фраза 0.001 2.0 0.002
дворцовый 0.001 2.0 0.002
переворот 0.001 1.301 0.001
политический 0.002 0.658 0.001
предыдущий 0.001 0.886 0.001
горгород 0.001 2.0 0.002
равно 0.001 0.638 0.001
строчка 0.002 1.699 0.003
нету 0.001 1.699 0.002
милф 0.001 2.0 0.002
сексапильня 0.001 2.0 0.002
екатерина 0.001 1.222 0.001
шульман 0.001 2.0 0.002
описать 0.001 0.721 0.001
дихотомия 0.001 2.0 0.002
исполнение 0.001 1.699 0.002
праздновать 0.001 1.699 0.002
обратиться 0.001 0.658 0.001
слушатель 0.002 1.699 0.003
несогласный 0.002 1.398 0.003
позиция 0.001 0.745 0.001
стрим 0.002 1.523 0.003
смотреть 0.001 0.62 0.001
я 0.002 1.097 0.002
попросить 0.001 0.699 0.001
впустить 0.001 2.0 0.002
мозг 0.001 1.301 0.001
возможность 0.001 0.444 0.0
альтернативный 0.003 1.0 0.003
точка 0.003 0.444 0.001
зрение 0.003 0.585 0.002
обязать 0.001 1.097 0.001
соглашаться 0.002 1.097 0.002
почему 0.004 0.337 0.001
закрытый 0.001 0.854 0.001
медиа 0.001 1.301 0.001
закрываться 0.001 1.301 0.001
фейсбук 0.001 1.0 0.001
наверное 0.001 0.921 0.001
давать 0.001 0.31 0.0
узнать 0.001 0.481 0.0
исследовать 0.001 0.959 0.001
поплясать 0.002 2.0 0.004
последний 0.002 0.284 0.001
выложить 0.001 1.046 0.001
фото 0.001 0.959 0.001
гримёрка 0.001 2.0 0.002
поблагодарить 0.001 1.523 0.002
учёт 0.001 0.824 0.001
продать 0.001 1.301 0.001
зритель 0.003 1.222 0.004
удаться 0.001 0.456 0.0
собрать 0.001 0.886 0.001
тысяча 0.001 0.31 0.0
сбор 0.001 1.699 0.002
открыть 0.001 0.538 0.001
официальный 0.001 0.538 0.001
запись 0.001 1.0 0.001
удалить 0.001 1.222 0.001
платформа 0.003 0.066 0.0
выход 0.002 0.796 0.002
обсуждать 0.001 0.745 0.001
смочь 0.005 0.328 0.002
тридцатилетний 0.001 2.0 0.002
маша 0.001 1.699 0.002
прилететь 0.001 1.699 0.002
выплеснуть 0.001 2.0 0.002
получаться 0.001 0.824 0.001
перестать 0.001 0.678 0.001
подруга 0.001 1.222 0.001
середина 0.001 0.854 0.001
уйти 0.001 0.77 0.001
любимый 0.001 1.222 0.001
многий 0.001 0.495 0.0
пора 0.001 0.357 0.0
возвращаться 0.001 0.854 0.001
домой 0.001 0.824 0.001
прозвучать 0.001 2.0 0.002
сотня 0.001 0.721 0.001
потянуться 0.001 1.699 0.002
эмигрант 0.001 2.0 0.002
объединять 0.001 1.301 0.001
именно 0.001 0.244 0.0
пусть 0.001 0.921 0.001
комфорт 0.001 1.699 0.002
лефортово 0.001 2.0 0.002
бис 0.001 2.0 0.002
разобрать 0.001 1.222 0.001
куртка 0.001 1.301 0.001
гардероб 0.001 2.0 0.002
поспешить 0.001 2.0 0.002
пароход 0.001 2.0 0.002
европейский 0.001 0.602 0.001
уезжать 0.002 1.046 0.002
верить 0.002 0.553 0.001
тяжёлый 0.002 0.377 0.001
ночь 0.002 0.854 0.002
красивый 0.002 1.222 0.002
рассвет 0.002 1.398 0.003
встретить 0.002 1.097 0.002
читатель 0.002 0.523 0.001
решить 0.002 0.398 0.001
работать 0.001 0.102 0.0
24/7 0.001 0.102 0.0
интерес 0.001 0.155 0.0
читателейн 0.001 0.174 0.0
срочно 0.001 0.167 0.0
помочь 0.001 0.125 0.0
шевелёва 0.001 2.0 0.002
редакция 0.002 0.066 0.0
кодекс 0.001 0.066 0.0
блог 0.001 0.066 0.0
meduzacare 0.001 0.066 0.0
связаться 0.001 0.066 0.0
анонимно 0.001 0.066 0.0
ios 0.001 0.066 0.0
android 0.001 0.066 0.0
twitter 0.001 0.0 0.0
facebook 0.001 0.0 0.0
вконтакте 0.001 0.066 0.0
youtube 0.001 0.06 0.0
– 0.001 0.06 0.0
live 0.001 0.022 0.0
вечерний 0.001 0.066 0.0
вообще 0.001 0.066 0.0
реклама 0.002 0.066 0.0
требование 0.001 0.066 0.0
баннер 0.001 0.066 0.0
безопасно 0.001 0.066 0.0
персональный 0.001 0.066 0.0
дать 0.001 0.066 0.0
правило 0.001 0.066 0.0
обработка 0.001 0.066 0.0
использование 0.001 0.066 0.0
кук 0.001 0.066 0.0
наслать 0.001 0.066 0.0
ошибка 0.001 0.066 0.0
выделить 0.001 0.066 0.0
нажать 0.001 0.066 0.0
ctrl+enter 0.001 0.066 0.0
спасибоgiphyз 0.001 0.066 0.0
гифка 0.001 0.066 0.0
© 0.001 0.0 0.0
