перейти 0.001 0.066 0.0
материал 0.002 0.066 0.0
связь 0.002 0.0 0.0
новостиисторииразборшапитокоронавирусмагаз 0.001 0.066 0.0
медуза 0.004 0.066 0.0
рекламаmeduza 0.001 0.066 0.0
in 0.001 0.0 0.0
english 0.001 0.06 0.0
показывать 0.002 0.066 0.0
порядок 0.001 0.066 0.0
en 0.001 0.066 0.0
кнопка 0.001 0.066 0.0
поддержка 0.002 0.066 0.0
разбор 0.001 0.387 0.0
россиянин 0.003 0.444 0.001
виновный 0.002 1.301 0.003
война 0.008 0.357 0.003
против 0.004 0.229 0.001
украина 0.003 0.347 0.001
ответственный 0.004 1.097 0.004
николай 0.002 1.097 0.002
эппл 0.002 1.398 0.003
разбирать 0.001 0.854 0.001
категория 0.004 1.046 0.004
напоминать 0.001 0.921 0.001
разница 0.001 0.77 0.001
март 0.001 0.284 0.0
источник 0.001 0.167 0.0
meduza 0.002 0.0 0.0
данный 0.002 0.097 0.0
сообщение 0.001 0.102 0.0
создать 0.001 0.097 0.0
распространить 0.002 0.102 0.0
иностранный 0.002 0.097 0.0
средство 0.001 0.097 0.0
массовый 0.004 0.097 0.0
информация 0.001 0.102 0.0
выполнять 0.001 0.097 0.0
функция 0.001 0.097 0.0
агент 0.001 0.097 0.0
российский 0.004 0.071 0.0
юридический 0.003 0.102 0.0
лицо 0.001 0.086 0.0
мы 0.002 0.066 0.0
нужный 0.001 0.086 0.0
ваш 0.001 0.081 0.0
помощь 0.001 0.071 0.0
пожалуйста 0.001 0.102 0.0
поддержать 0.002 0.066 0.0
антивоенный 0.002 0.796 0.002
акция 0.002 0.745 0.001
петербург 0.001 1.222 0.001
февраль 0.001 0.337 0.0
год 0.003 0.119 0.0
антон 0.001 1.155 0.001
ваган 0.001 2.0 0.002
reuters 0.001 0.745 0.001
scanpix 0.001 0.301 0.0
leta 0.001 0.301 0.0
событие 0.001 0.509 0.001
который 0.007 0.071 0.0
власть 0.001 0.31 0.0
угроза 0.002 0.824 0.002
уголовный 0.002 0.959 0.002
наказание 0.002 1.222 0.002
требовать 0.001 0.658 0.001
называть 0.001 0.432 0.0
военный 0.001 0.444 0.0
спецоперация 0.001 1.222 0.001
рф 0.001 0.745 0.001
остро 0.001 1.523 0.002
поставить 0.001 0.796 0.001
вопрос 0.006 0.276 0.002
ответственность 0.028 0.678 0.019
гражданин 0.004 0.553 0.002
преступление 0.011000000000000003 1.046 0.012
творить 0.003 1.523 0.005
государство 0.003 0.569 0.002
имя 0.002 0.585 0.001
многие 0.001 0.284 0.0
один 0.004 0.119 0.0
сторона 0.001 0.347 0.0
испытывать 0.001 1.0 0.001
чувство 0.004 1.155 0.005
стыд 0.009000000000000001 2.0 0.018
страна 0.003 0.155 0.0
жаловаться 0.001 0.921 0.001
несправедливость 0.004 1.222 0.005
санкция 0.001 0.62 0.001
лишать 0.001 1.699 0.002
обычный 0.002 0.509 0.001
тот 0.003 0.131 0.0
протестовать 0.001 1.222 0.001
несмотря 0.001 0.456 0.0
преследование 0.001 1.301 0.001
шанс 0.001 0.638 0.001
хотя 0.002 0.276 0.001
минимальный 0.001 0.959 0.001
благополучие 0.001 1.523 0.002
кто-то 0.002 0.523 0.001
вовсе 0.001 0.921 0.001
утверждать 0.001 0.658 0.001
поддерживать 0.002 0.569 0.001
любой 0.001 0.319 0.0
действие 0.003 0.409 0.001
собственный 0.003 0.569 0.002
подлинно 0.001 2.0 0.002
гражданский 0.001 0.745 0.001
позиция 0.002 0.745 0.001
исследователь 0.001 0.721 0.001
мемориальный 0.001 2.0 0.002
культура 0.001 0.77 0.001
статья 0.001 0.553 0.001
рубрика 0.001 1.523 0.002
идея 0.001 0.585 0.001
говорить 0.005 0.18 0.001
неизбежно 0.001 1.398 0.001
возникать 0.002 0.824 0.002
горький 0.001 1.398 0.001
дискуссия 0.001 1.222 0.001
вина 0.018000000000000002 1.699 0.031
различие 0.002 1.155 0.002
они 0.001 0.538 0.001
представление 0.004 1.155 0.005
коллективный 0.012000000000000004 0.959 0.012
вполне 0.001 0.699 0.001
органично 0.001 1.699 0.002
человеческий 0.001 0.886 0.001
сознание 0.004 1.222 0.005
особенно 0.002 0.553 0.001
примитивный 0.002 2.0 0.004
древний 0.001 1.398 0.001
время 0.003 0.086 0.0
существовать 0.002 0.602 0.001
два 0.001 0.26 0.0
линия 0.001 1.0 0.001
во-первых 0.001 0.796 0.001
вино 0.004 1.398 0.006
несколько 0.002 0.187 0.0
член 0.005 0.745 0.004
община 0.001 2.0 0.002
мочь 0.003 0.102 0.0
представить 0.001 0.638 0.001
весь 0.001 0.114 0.0
хрестоматийный 0.001 2.0 0.002
иллюстрация 0.001 1.699 0.002
библейский 0.001 2.0 0.002
легенда 0.001 1.699 0.002
уничтожение 0.001 1.699 0.002
содом 0.001 2.0 0.002
гоморры 0.001 2.0 0.002
быт 0.001 1.699 0.002
во-вторых 0.001 0.854 0.001
предок 0.003 2.0 0.006
распространяться 0.001 0.699 0.001
потомок 0.004 1.699 0.007
цитата 0.001 1.222 0.001
десять 0.001 0.585 0.001
заповедь 0.001 2.0 0.002
важный 0.002 0.284 0.001
текст 0.001 0.62 0.001
библия 0.001 1.699 0.002
ибо 0.001 1.699 0.002
господь 0.001 1.699 0.002
бог 0.001 1.097 0.001
твой 0.001 1.046 0.001
ревнитель 0.001 2.0 0.002
наказывать 0.002 2.0 0.004
ребёнок 0.002 0.387 0.001
отец 0.001 1.0 0.001
третий 0.001 0.553 0.001
четвёртый 0.001 1.222 0.001
род 0.001 0.77 0.001
ненавидеть 0.001 1.301 0.001
втора 0.001 2.0 0.002
оба 0.001 0.62 0.001
механизм 0.001 0.886 0.001
задействовать 0.001 1.222 0.001
сам 0.001 0.137 0.0
живучий 0.001 2.0 0.002
история 0.003 0.26 0.001
миф 0.001 1.046 0.001
обвинение 0.001 1.398 0.001
еврейский 0.001 1.699 0.002
народ 0.003 0.745 0.002
убийство 0.002 1.155 0.002
христос 0.001 2.0 0.002
начало 0.001 0.26 0.0
xx 0.001 1.398 0.001
век 0.001 1.046 0.001
принцип 0.001 0.638 0.001
помимо 0.001 0.796 0.001
родоплеменной 0.001 2.0 0.002
общество 0.006 0.602 0.004
сохраниться 0.001 1.155 0.001
разный 0.002 0.276 0.001
закрытый 0.001 0.854 0.001
учреждение 0.001 0.959 0.001
тюрьма 0.001 1.523 0.002
школа-интернат 0.001 2.0 0.002
воинский 0.001 2.0 0.002
часть 0.001 0.377 0.0
проступок 0.001 2.0 0.002
также 0.001 0.237 0.0
практиковать 0.001 2.0 0.002
тоталитарный 0.002 1.222 0.002
режим 0.003 0.658 0.002
оккупация 0.001 1.301 0.001
нацист 0.002 1.222 0.002
польша 0.002 0.854 0.002
немецкий 0.003 0.699 0.002
солдат 0.001 0.886 0.001
караться 0.001 2.0 0.002
расстрел 0.001 1.699 0.002
сотня 0.001 0.721 0.001
поляк 0.001 1.523 0.002
ссср 0.001 1.155 0.001
отдельный 0.002 0.678 0.001
случай 0.005 0.194 0.001
сотрудничество 0.001 0.959 0.001
становиться 0.002 0.553 0.001
основание 0.001 0.569 0.001
депортация 0.001 1.699 0.002
целый 0.001 0.658 0.001
второй 0.001 0.357 0.0
мировой 0.001 0.721 0.001
обернуться 0.001 1.699 0.002
бывший 0.001 0.699 0.001
соотечественник 0.001 1.699 0.002
виновность 0.005 2.0 0.01
германия 0.005 0.699 0.003
превратиться 0.001 0.886 0.001
проблема 0.004 0.347 0.001
политический 0.010000000000000002 0.658 0.007
философия 0.001 2.0 0.002
этика 0.001 1.699 0.002
теория 0.001 1.0 0.001
практика 0.002 0.796 0.002
дебаты 0.001 2.0 0.002
этот 0.003 0.137 0.0
утихать 0.001 2.0 0.002
сей 0.001 0.456 0.0
пора 0.001 0.357 0.0
обозначить 0.001 1.699 0.002
ключевой 0.003 0.886 0.003
веха 0.001 2.0 0.002
вид 0.002 0.398 0.001
карл 0.001 2.0 0.002
ясперс 0.008 2.0 0.016
к. 0.001 1.699 0.002
пер 0.001 1.699 0.002
с. 0.001 1.699 0.002
апт 0.001 2.0 0.002
м. 0.001 1.699 0.002
прогресс 0.001 1.398 0.001
сразу 0.001 0.553 0.001
окончание 0.001 1.097 0.001
тема 0.001 0.678 0.001
нацизм 0.001 1.155 0.001
обратиться 0.001 0.658 0.001
психиатр 0.001 1.699 0.002
философ 0.001 2.0 0.002
женатый 0.001 1.523 0.002
еврейка 0.001 2.0 0.002
отстранить 0.001 2.0 0.002
преподавание 0.001 2.0 0.002
конец 0.001 0.444 0.0
находиться 0.001 0.367 0.0
изоляция 0.001 1.523 0.002
постоянно 0.001 0.62 0.001
ожидать 0.001 0.62 0.001
арест 0.001 1.398 0.001
вернуться 0.001 0.638 0.001
1945-м 0.001 2.0 0.002
чтение 0.001 1.699 0.002
лекция 0.001 2.0 0.002
университет 0.001 0.721 0.001
гейдельберг 0.001 2.0 0.002
подготовить 0.001 0.854 0.001
курс 0.001 0.824 0.001
посвятить 0.002 1.097 0.002
издать 0.001 1.398 0.001
книга 0.003 0.886 0.003
нацистский 0.001 1.301 0.001
иметь 0.002 0.337 0.001
оправдание 0.001 1.398 0.001
заслуживать 0.001 1.523 0.002
последовать 0.001 1.398 0.001
унижение 0.001 1.699 0.002
суд 0.001 1.097 0.001
победитель 0.001 1.699 0.002
нюрнбергский 0.001 1.699 0.002
трибунал 0.001 1.699 0.002
речь 0.001 0.398 0.0
идти 0.003 0.222 0.001
предполагать 0.001 0.699 0.001
коллективистский 0.001 2.0 0.002
взгляд 0.001 1.046 0.001
нация 0.002 1.046 0.002
превратить 0.001 1.222 0.001
индивидуум 0.001 2.0 0.002
героически 0.001 2.0 0.002
погибнуть 0.002 0.824 0.002
преступник 0.001 1.523 0.002
поступить 0.001 0.921 0.001
нравственно 0.001 2.0 0.002
безнравственный 0.001 2.0 0.002
это 0.005 0.066 0.0
представитель 0.001 0.638 0.001
писать 0.002 0.347 0.001
разграничивать 0.001 2.0 0.002
понимание 0.001 1.301 0.001
моральный 0.003 1.398 0.004
метафизический 0.002 2.0 0.004
всякий 0.001 0.921 0.001
мир 0.001 0.26 0.0
совершать 0.003 1.222 0.004
наш 0.002 0.337 0.001
присутствие 0.001 1.222 0.001
ведомо 0.001 2.0 0.002
индивидуальный 0.004 1.097 0.004
государственный 0.002 0.523 0.001
деятель 0.001 1.097 0.001
опосредованно 0.001 1.699 0.002
участвовать 0.001 0.569 0.001
очищение 0.002 1.301 0.003
восстановление 0.001 1.398 0.001
возможно 0.001 0.398 0.0
признание 0.001 1.046 0.001
уровень 0.002 0.367 0.001
путь 0.001 0.62 0.001
глубинный 0.001 2.0 0.002
свой 0.005 0.143 0.001
немец 0.003 1.155 0.003
добыть 0.001 1.699 0.002
правда 0.001 0.456 0.0
лишь 0.001 0.481 0.0
солидарность 0.001 1.699 0.002
невозможный 0.002 1.699 0.003
свобода 0.001 0.77 0.001
констатировать 0.001 2.0 0.002
проговаривание 0.001 2.0 0.002
важность 0.001 1.398 0.001
сосредоточиться 0.001 1.222 0.001
ученица 0.001 2.0 0.002
ханна 0.001 1.699 0.002
арендт 0.009 1.699 0.015
насколько 0.002 0.42 0.001
популярный 0.001 0.854 0.001
россия 0.003 0.108 0.0
верить 0.003 0.553 0.002
соцопрос 0.001 1.222 0.001
большинство 0.001 0.509 0.001
пять 0.001 0.432 0.0
график 0.001 1.222 0.001
помогать 0.001 0.444 0.0
ответить 0.001 0.495 0.0
день 0.003 0.167 0.001
назад 0.003 0.18 0.001
х. 0.001 2.0 0.002
эйхман 0.001 2.0 0.002
иерусалим 0.001 2.0 0.002
банальность 0.001 2.0 0.002
зло 0.001 1.301 0.001
европа 0.001 0.495 0.0
немка 0.002 2.0 0.004
происхождение 0.001 1.097 0.001
учиться 0.001 0.959 0.001
мартин 0.001 2.0 0.002
хайдеггер 0.001 2.0 0.002
рано 0.001 0.921 0.001
оказаться 0.003 0.31 0.001
вовлечь 0.001 1.398 0.001
антифашистский 0.001 1.699 0.002
деятельность 0.001 0.854 0.001
вынудить 0.001 0.886 0.001
бежать 0.001 0.796 0.001
сначала 0.001 0.602 0.001
франция 0.002 0.854 0.002
затем 0.001 0.678 0.001
1940-й 0.001 1.097 0.001
оккупировать 0.001 1.097 0.001
сша 0.001 0.469 0.0
главный 0.001 0.276 0.0
мыслитель 0.001 2.0 0.002
вскрыть 0.001 1.699 0.002
холокост 0.001 1.398 0.001
кризис 0.001 0.921 0.001
прежний 0.001 1.222 0.001
мораль 0.001 1.523 0.002
из-за 0.001 0.229 0.0
огромный 0.001 0.721 0.001
масса 0.001 1.046 0.001
человек 0.009000000000000001 0.092 0.001
пособник 0.001 2.0 0.002
жестокий 0.001 1.523 0.002
отвечать 0.001 0.456 0.0
работа 0.001 0.357 0.0
число 0.001 0.201 0.0
знаменитый 0.001 1.222 0.001
прежде 0.001 0.62 0.001
уточнять 0.001 1.222 0.001
мысль 0.001 1.222 0.001
строго 0.001 1.398 0.001
разделять 0.001 1.301 0.001
невозможно 0.001 0.602 0.001
коллектив 0.001 1.523 0.002
такой 0.003 0.114 0.0
распространение 0.001 0.523 0.001
обычно 0.001 0.523 0.001
способ 0.001 0.602 0.001
избавить 0.001 2.0 0.002
реальный 0.001 0.638 0.001
разговор 0.002 0.745 0.001
невиновный 0.001 2.0 0.002
никто 0.001 0.432 0.0
вести 0.001 0.553 0.001
абсурдный 0.001 2.0 0.002
иной 0.001 0.921 0.001
сообщество 0.002 0.886 0.002
плохой 0.001 0.509 0.001
отличаться 0.001 0.553 0.001
остальной 0.001 0.553 0.001
мешать 0.001 0.824 0.001
понять 0.001 0.495 0.0
именно 0.002 0.244 0.0
стать 0.001 0.149 0.0
аномалия 0.001 2.0 0.002
вариант 0.001 0.481 0.0
норма 0.001 1.0 0.001
точка 0.001 0.444 0.0
зрение 0.001 0.585 0.001
смысл 0.002 0.481 0.001
личный 0.001 0.678 0.001
уточнение 0.001 1.398 0.001
позволять 0.001 0.585 0.001
вынести 0.001 1.398 0.001
приговор 0.001 1.699 0.002
суждение 0.001 1.699 0.002
расширение 0.001 1.398 0.001
группа 0.003 0.387 0.001
практический 0.001 1.523 0.002
деяние 0.003 2.0 0.006
отличие 0.001 0.699 0.001
общность 0.002 2.0 0.004
принадлежность 0.001 1.523 0.002
опосредовать 0.001 2.0 0.002
часто 0.001 0.456 0.0
пассивный 0.001 1.523 0.002
соучастие 0.001 2.0 0.002
играть 0.001 0.699 0.001
роль 0.001 0.721 0.001
осмысление 0.001 2.0 0.002
тоталитаризм 0.001 1.222 0.001
преодоление 0.001 1.699 0.002
последствие 0.001 0.523 0.001
отсюда 0.001 1.097 0.001
следовать 0.001 0.678 0.001
покаяние 0.002 2.0 0.004
проблематичный 0.001 2.0 0.002
мероприятие 0.001 1.046 0.001
держаться 0.001 0.886 0.001
распространять 0.001 1.097 0.001
чреватый 0.001 1.523 0.002
размывание 0.001 2.0 0.002
манипуляция 0.001 1.699 0.002
адекватный 0.001 1.398 0.001
реализация 0.001 1.222 0.001
оказываться 0.002 0.721 0.001
принесение 0.001 2.0 0.002
извинение 0.001 1.523 0.002
глава 0.001 0.658 0.001
совершаться 0.001 2.0 0.002
выплата 0.001 1.398 0.001
компенсация 0.001 1.301 0.001
жертва 0.003 0.824 0.002
отмечать 0.001 0.921 0.001
комментировать 0.001 1.222 0.001
лилиан 0.001 2.0 0.002
алвейсс 0.001 2.0 0.002
дублинский 0.001 2.0 0.002
тринити-колледж 0.001 2.0 0.002
эмоция 0.002 1.155 0.002
соответствовать 0.001 0.824 0.001
чувствовать 0.001 0.678 0.001
поступок 0.003 1.398 0.004
корпорация 0.001 1.699 0.002
выражение 0.001 0.959 0.001
непрямой 0.001 2.0 0.002
неличный 0.001 2.0 0.002
основать 0.001 0.921 0.001
идентификация 0.002 2.0 0.004
определённый 0.001 0.77 0.001
рейх 0.001 2.0 0.002
принадлежать 0.001 1.097 0.001
послевоенный 0.001 1.699 0.002
поколение 0.001 2.0 0.002
израильтянин 0.002 2.0 0.004
притеснение 0.001 1.699 0.002
арабский 0.001 1.398 0.001
быть 0.001 0.215 0.0
активный 0.003 0.796 0.002
борец 0.001 2.0 0.002
право 0.002 0.538 0.001
сталинский 0.001 1.523 0.002
репрессия 0.002 1.222 0.002
выражать 0.001 1.398 0.001
беспомощность 0.001 2.0 0.002
ситуация 0.001 0.337 0.0
сталкиваться 0.001 1.398 0.001
получить 0.001 0.328 0.0
среди 0.001 0.42 0.0
пользователь 0.001 1.046 0.001
соцсеть 0.001 0.824 0.001
испанский 0.001 1.523 0.002
образ 0.001 0.553 0.001
представлять 0.001 0.678 0.001
себя 0.001 0.62 0.001
развитие 0.001 0.638 0.001
значение 0.001 0.721 0.001
применительно 0.001 2.0 0.002
конкретный 0.001 0.658 0.001
другой 0.003 0.097 0.0
общечеловеческий 0.001 2.0 0.002
подчёркиваться 0.001 1.699 0.002
противоречивость 0.001 2.0 0.002
реально 0.001 0.959 0.001
ощущать 0.001 1.523 0.002
я 0.001 1.097 0.001
отсутствие 0.001 0.699 0.001
непосредственный 0.002 1.523 0.003
групповой 0.001 1.523 0.002
делать 0.002 0.18 0.0
глупость 0.001 1.523 0.002
почему-то 0.001 1.222 0.001
стыдно 0.001 2.0 0.002
alweiss 0.001 2.0 0.002
l. 0.001 2.0 0.002
collective 0.001 1.699 0.002
guilt 0.001 2.0 0.002
and 0.001 0.721 0.001
responsibility 0.001 1.523 0.002
some 0.001 0.921 0.001
reflections 0.001 2.0 0.002
// 0.001 1.699 0.002
european 0.001 1.155 0.001
journal 0.001 1.398 0.001
of 0.001 0.721 0.001
political 0.001 1.155 0.001
theory 0.001 1.699 0.002
vol 0.001 2.0 0.002
p. 0.001 2.0 0.002
307–318 0.001 2.0 0.002
разделить 0.001 1.155 0.001
айрис 0.001 2.0 0.002
мэрион 0.001 2.0 0.002
янг 0.007 2.0 0.014
young 0.001 1.222 0.001
i 0.001 0.745 0.001
for 0.001 0.77 0.001
justice 0.001 1.523 0.002
oxford 0.001 2.0 0.002
new 0.001 0.699 0.001
york 0.001 1.222 0.001
university 0.001 1.301 0.001
press 0.001 0.824 0.001
американский 0.001 0.585 0.001
исследовательница 0.001 2.0 0.002
феминистка 0.001 2.0 0.002
заниматься 0.001 0.62 0.001
социальный 0.002 0.721 0.001
участие 0.001 0.638 0.001
феномен 0.001 1.523 0.002
последний 0.001 0.284 0.0
служба 0.001 0.678 0.001
справедливость 0.001 1.222 0.001
нежели 0.001 1.523 0.002
контекст 0.001 1.0 0.001
центр 0.001 0.432 0.0
анализ 0.001 0.721 0.001
благополучный 0.001 2.0 0.002
причина 0.001 0.398 0.0
несчастие 0.001 1.699 0.002
неблагополучный 0.001 2.0 0.002
собрат 0.001 2.0 0.002
неспособность 0.001 2.0 0.002
полный 0.001 0.377 0.0
мера 0.001 0.377 0.0
взять 0.001 0.553 0.001
жизнь 0.002 0.319 0.001
стремление 0.001 1.222 0.001
перекладывать 0.001 2.0 0.002
принятие 0.002 1.0 0.002
сильно 0.001 0.509 0.001
затруднять 0.001 2.0 0.002
системный 0.002 1.398 0.003
общественный 0.001 0.745 0.001
институт 0.002 0.77 0.002
интересовать 0.001 1.398 0.001
просто 0.001 0.194 0.0
сила 0.001 0.456 0.0
членство 0.001 1.699 0.002
недостаточно 0.001 0.921 0.001
важно 0.001 0.509 0.001
совершить 0.001 1.155 0.001
качество 0.001 0.553 0.001
фактический 0.001 1.155 0.001
несение 0.001 2.0 0.002
преобразоваться 0.001 2.0 0.002
императив 0.001 2.0 0.002
противодействие 0.001 1.523 0.002
усиливать 0.001 1.523 0.002
арендтовский 0.001 2.0 0.002
различение 0.001 2.0 0.002
обратить 0.001 1.222 0.001
прошлое 0.002 1.046 0.002
приписывать 0.001 1.523 0.002
локализовать 0.001 1.523 0.002
совершенный 0.001 1.523 0.002
будущее 0.002 0.62 0.001
кто-либо 0.001 2.0 0.002
формулировать 0.001 2.0 0.002
программа 0.001 0.824 0.001
проговаривать 0.001 2.0 0.002
дать 0.002 0.066 0.0
строка 0.001 1.398 0.001
настроить 0.001 1.0 0.001
дженниффера 0.001 2.0 0.002
тиго 0.004 2.0 0.008
teege 0.001 2.0 0.002
j. 0.001 1.699 0.002
sellmair 0.001 2.0 0.002
n. 0.001 2.0 0.002
mein 0.001 2.0 0.002
großvater 0.001 2.0 0.002
hätte 0.001 2.0 0.002
mich 0.001 2.0 0.002
erschossen 0.001 2.0 0.002
rowohlt 0.001 2.0 0.002
reinbek 0.001 2.0 0.002
bei 0.001 2.0 0.002
hamburg 0.001 2.0 0.002
нынешний 0.001 0.77 0.001
спор 0.001 1.046 0.001
существо 0.001 1.523 0.002
продолжать 0.001 0.292 0.0
давно 0.001 0.77 0.001
отношение 0.002 0.509 0.001
советский 0.001 0.959 0.001
являться 0.001 0.602 0.001
осуждение 0.001 1.699 0.002
террор 0.001 1.523 0.002
вестись 0.001 1.097 0.001
единственно 0.001 1.523 0.002
возможный 0.002 0.523 0.001
напротив 0.001 1.222 0.001
предательство 0.001 2.0 0.002
демонстрация 0.001 1.398 0.001
слабость 0.001 1.523 0.002
многочисленный 0.001 1.222 0.001
постыдный 0.001 2.0 0.002
преступный 0.001 1.699 0.002
страница 0.001 0.959 0.001
нарушение 0.001 0.886 0.001
принимать 0.001 0.432 0.0
выглядеть 0.001 0.495 0.0
широкий 0.001 0.921 0.001
круг 0.001 1.523 0.002
кто 0.001 0.377 0.0
касаться 0.001 0.553 0.001
должный 0.001 0.201 0.0
палач 0.001 1.699 0.002
каяться 0.001 2.0 0.002
вообще 0.001 0.066 0.0
ответ 0.001 0.432 0.0
давать 0.001 0.31 0.0
дженнифер 0.001 2.0 0.002
внучка 0.001 1.523 0.002
комендант 0.001 2.0 0.002
концлагерь 0.002 1.523 0.003
плашов 0.001 2.0 0.002
амон 0.001 2.0 0.002
гет 0.001 2.0 0.002
дочь 0.001 0.886 0.001
нигериец 0.001 2.0 0.002
младенчество 0.001 2.0 0.002
сдать 0.001 1.301 0.001
мать 0.001 0.854 0.001
детский 0.001 0.77 0.001
дом 0.001 0.495 0.0
узнать 0.001 0.481 0.0
дед 0.003 1.699 0.005
взрослый 0.001 1.0 0.001
возраст 0.001 0.658 0.001
очевидный 0.001 0.678 0.001
приходиться 0.001 0.745 0.001
автобиография 0.001 2.0 0.002
расстрелять 0.001 1.398 0.001
задаваться 0.001 1.523 0.002
кровный 0.001 2.0 0.002
означать 0.001 0.585 0.001
заканчиваться 0.001 1.301 0.001
вместе 0.001 0.602 0.001
израильский 0.001 1.222 0.001
школьник 0.001 1.301 0.001
ехать 0.001 1.0 0.001
посетить 0.001 1.523 0.002
место 0.002 0.409 0.001
располагаться 0.001 1.301 0.001
злодеяние 0.001 2.0 0.002
рассказывать 0.001 0.337 0.0
внук 0.001 1.699 0.002
звать 0.001 1.398 0.001
возложить 0.001 1.523 0.002
цветок 0.001 1.523 0.002
мемориал 0.001 1.699 0.002
переставать 0.001 1.155 0.001
связать 0.001 0.469 0.0
причастность 0.001 1.398 0.001
семейный 0.001 1.301 0.001
благодаря 0.001 0.77 0.001
эмоционально 0.001 1.046 0.001
насыщенный 0.001 2.0 0.002
подвигать 0.001 2.0 0.002
действовать 0.001 0.602 0.001
допустить 0.001 0.854 0.001
повторение 0.001 2.0 0.002
подобный 0.001 0.721 0.001
реакция 0.001 0.678 0.001
почему 0.001 0.337 0.0
стотысячный 0.001 1.523 0.002
митинг 0.001 1.0 0.001
объяснять 0.001 0.538 0.001
социолог 0.001 1.398 0.001
григорий 0.001 1.523 0.002
юдин 0.001 1.523 0.002
больница 0.001 0.495 0.0
работать 0.001 0.102 0.0
24/7 0.001 0.102 0.0
интерес 0.001 0.155 0.0
читателейн 0.001 0.174 0.0
срочно 0.001 0.167 0.0
хотеть 0.001 0.102 0.0
помочь 0.001 0.125 0.0
редакция 0.001 0.066 0.0
кодекс 0.001 0.066 0.0
блог 0.001 0.066 0.0
meduzacare 0.001 0.066 0.0
связаться 0.001 0.066 0.0
анонимно 0.001 0.066 0.0
платформа 0.001 0.066 0.0
ios 0.001 0.066 0.0
android 0.001 0.066 0.0
инстаграм 0.001 0.066 0.0
twitter 0.001 0.0 0.0
facebook 0.001 0.0 0.0
вконтакте 0.001 0.066 0.0
youtube 0.001 0.06 0.0
– 0.001 0.06 0.0
live 0.001 0.022 0.0
вечерний 0.001 0.066 0.0
реклама 0.001 0.066 0.0
требование 0.001 0.066 0.0
баннер 0.001 0.066 0.0
безопасно 0.001 0.066 0.0
персональный 0.001 0.066 0.0
правило 0.001 0.066 0.0
обработка 0.001 0.066 0.0
использование 0.001 0.066 0.0
кук 0.001 0.066 0.0
наслать 0.001 0.066 0.0
ошибка 0.001 0.066 0.0
выделить 0.001 0.066 0.0
нажать 0.001 0.066 0.0
ctrl+enter 0.001 0.066 0.0
спасибоgiphyз 0.001 0.066 0.0
гифка 0.001 0.066 0.0
© 0.001 0.0 0.0
