перейти 0.001 0.066 0.0
материал 0.002 0.066 0.0
связь 0.002 0.0 0.0
новостиисторииразборшапитокоронавирусмагаз 0.001 0.066 0.0
медуза 0.008 0.066 0.001
рекламаmeduza 0.001 0.066 0.0
in 0.001 0.0 0.0
english 0.001 0.06 0.0
показывать 0.005 0.066 0.0
порядок 0.001 0.066 0.0
en 0.001 0.066 0.0
кнопка 0.001 0.066 0.0
поддержка 0.002 0.066 0.0
разбор 0.001 0.387 0.0
выйти 0.001 0.456 0.0
исследование 0.015 0.42 0.006
согласно 0.002 0.745 0.001
который 0.005 0.071 0.0
спутник 0.015 0.678 0.01
v 0.011 0.699 0.008
вообще 0.002 0.066 0.0
нейтрализовать 0.003 1.155 0.003
омикрон 0.031 0.921 0.029
вероятно 0.001 0.699 0.001
учёный 0.003 0.569 0.002
ошибиться 0.001 1.222 0.001
повод 0.002 0.553 0.001
беспокойство 0.001 1.155 0.001
декабрь 0.003 0.745 0.002
источник 0.001 0.167 0.0
meduza 0.003 0.0 0.0
данный 0.001 0.097 0.0
сообщение 0.001 0.102 0.0
создать 0.002 0.097 0.0
распространить 0.003 0.102 0.0
иностранный 0.003 0.097 0.0
средство 0.001 0.097 0.0
массовый 0.001 0.097 0.0
информация 0.001 0.102 0.0
выполнять 0.002 0.097 0.0
функция 0.002 0.097 0.0
агент 0.002 0.097 0.0
российский 0.004 0.071 0.0
юридический 0.001 0.102 0.0
лицо 0.001 0.086 0.0
мы 0.002 0.066 0.0
нужный 0.002 0.086 0.0
ваш 0.002 0.081 0.0
помощь 0.001 0.071 0.0
пожалуйста 0.001 0.102 0.0
поддержать 0.002 0.066 0.0
евгений 0.001 1.097 0.001
новоженин 0.001 2.0 0.002
reuters 0.001 0.745 0.001
scanpix 0.001 0.301 0.0
leta 0.001 0.301 0.0
международный 0.001 0.569 0.001
группа 0.003 0.387 0.001
автор 0.001 0.62 0.001
опубликовать 0.003 0.509 0.002
вид 0.002 0.398 0.001
препринт 0.002 1.155 0.002
самый 0.002 0.208 0.0
первый 0.005 0.143 0.001
дать 0.006 0.066 0.0
способность 0.014000000000000002 0.77 0.011
антитело 0.013 0.77 0.01
сыворотка 0.012 1.0 0.012
привить 0.013000000000000001 0.678 0.009
вакцина 0.023 0.538 0.012
нейтрализовывать 0.007 2.0 0.014
вариант 0.014000000000000002 0.481 0.007
коронавирус 0.004 0.387 0.002
этот 0.002 0.137 0.0
оценить 0.001 0.678 0.001
буквально 0.001 0.886 0.001
нулевой 0.001 1.301 0.001
плохой 0.005 0.509 0.003
любой 0.001 0.319 0.0
исследовать 0.002 0.959 0.002
известно 0.003 0.481 0.001
нейтрализация 0.006 1.222 0.007
лабораторный 0.001 0.959 0.001
условие 0.001 0.495 0.0
тесносвязать 0.001 2.0 0.002
эффективность 0.019 0.538 0.01
против 0.016 0.229 0.004
заражение 0.019000000000000003 0.745 0.014
вирус 0.01 0.538 0.005
реальный 0.003 0.638 0.002
жизнь 0.001 0.319 0.0
сокрушаться 0.001 2.0 0.002
неэффективность 0.001 1.398 0.001
пока 0.006 0.208 0.001
рано 0.001 0.921 0.001
качество 0.001 0.553 0.001
крайний 0.001 0.602 0.001
мера 0.001 0.377 0.0
часть 0.001 0.377 0.0
вызывать 0.001 0.523 0.001
больший 0.001 0.328 0.0
сомнение 0.001 0.959 0.001
указать 0.003 0.796 0.002
экспортёр 0.002 2.0 0.004
фонд 0.002 1.0 0.002
прямой 0.003 0.658 0.002
инвестиция 0.002 1.301 0.003
качественный 0.001 1.046 0.001
лишь 0.003 0.481 0.001
предположить 0.001 0.886 0.001
действительно 0.003 0.377 0.001
снизить 0.004 0.854 0.003
прочий 0.001 1.046 0.001
возможно 0.001 0.398 0.0
резко 0.002 0.854 0.002
повышаться 0.001 1.222 0.001
введение 0.001 0.658 0.001
третий 0.003 0.553 0.002
бустерный 0.001 1.398 0.001
доза 0.008 0.721 0.006
это 0.009000000000000001 0.066 0.001
разный 0.004 0.276 0.001
страна 0.001 0.155 0.0
изучить 0.002 0.854 0.002
пять 0.002 0.432 0.001
переболеть 0.006 0.745 0.004
псевдовирус 0.005 2.0 0.01
собранный 0.001 1.222 0.001
основа 0.003 0.678 0.002
спайк-белка 0.001 1.699 0.002
сравнить 0.001 1.046 0.001
получить 0.007 0.328 0.002
результат 0.007 0.367 0.003
сконструировать 0.001 1.523 0.002
изначальный 0.003 1.155 0.003
весь 0.002 0.114 0.0
мир 0.001 0.26 0.0
год 0.002 0.119 0.0
последний 0.001 0.284 0.0
неделя 0.004 0.328 0.001
сделать 0.002 0.208 0.0
подобный 0.002 0.721 0.001
оказаться 0.004 0.31 0.001
исследовалиться 0.001 2.0 0.002
число 0.003 0.201 0.001
образец 0.008 1.398 0.011
врач 0.001 0.509 0.001
возраст 0.001 0.658 0.001
30–58 0.001 2.0 0.002
клиника 0.001 0.886 0.001
josé 0.001 2.0 0.002
de 0.001 1.523 0.002
san 0.001 2.0 0.002
martín 0.001 2.0 0.002
буэнос-айрес 0.001 1.523 0.002
аргентина 0.003 0.921 0.003
взять 0.001 0.553 0.001
намного 0.001 0.959 0.001
десятка 0.001 0.721 0.001
модель 0.004 0.824 0.003
показать 0.002 0.432 0.001
принцип 0.001 0.638 0.001
среди 0.001 0.42 0.0
некоторый 0.001 0.222 0.0
ненулевой 0.001 2.0 0.002
хороший 0.002 0.377 0.001
производство 0.002 0.658 0.001
moderna 0.001 1.0 0.001
однако 0.003 0.337 0.001
раз 0.001 0.569 0.001
графика 0.001 1.398 0.001
снижение 0.002 0.745 0.001
broadly 0.001 2.0 0.002
neutralizing 0.001 2.0 0.002
antibodies 0.001 2.0 0.002
overcome 0.001 1.699 0.002
sars-cov-2 0.001 0.824 0.001
omicron 0.001 2.0 0.002
antigenic 0.001 2.0 0.002
shift 0.001 1.699 0.002
рфпить 0.003 1.523 0.005
считать 0.002 0.319 0.001
собрать 0.001 0.886 0.001
скомпрометировать 0.001 2.0 0.002
говорить 0.002 0.18 0.0
свидетельствовать 0.001 1.301 0.001
факт 0.001 0.638 0.001
вакцинировать 0.001 0.602 0.001
также 0.002 0.237 0.0
ниже 0.001 0.77 0.001
другой 0.005 0.097 0.0
лето 0.001 1.046 0.001
сравнительный 0.001 1.523 0.002
причём 0.001 0.62 0.001
тот 0.004 0.131 0.001
прямо 0.001 0.357 0.0
противоположный 0.001 1.398 0.001
вакцинация 0.005 0.553 0.003
весьма 0.001 1.222 0.001
эффективно 0.001 1.046 0.001
предыдущий 0.003 0.886 0.003
производитель 0.002 0.796 0.002
центр 0.002 0.432 0.001
гамалея 0.002 1.155 0.002
обещать 0.001 0.921 0.001
свой 0.001 0.143 0.0
течение 0.003 0.638 0.002
явный 0.001 1.097 0.001
недочёт 0.001 2.0 0.002
немой 0.001 0.585 0.001
сколько 0.001 0.585 0.001
время 0.003 0.086 0.0
пройти 0.001 0.387 0.0
момент 0.001 0.387 0.0
человек 0.001 0.092 0.0
использовать 0.002 0.319 0.001
донор 0.001 2.0 0.002
обидный 0.001 1.699 0.002
частность 0.001 0.678 0.001
целое 0.002 0.585 0.001
противоречить 0.001 1.155 0.001
работа 0.002 0.357 0.001
живой 0.001 0.553 0.001
использоваться 0.001 0.585 0.001
сотня 0.001 0.721 0.001
единица 0.001 1.155 0.001
сравнение 0.001 0.602 0.001
количество 0.002 0.481 0.001
похожий 0.001 0.602 0.001
существенно 0.001 0.721 0.001
значит 0.001 0.444 0.0
неэффективный 0.001 1.301 0.001
лаборатория 0.002 0.959 0.002
указывать 0.001 0.796 0.001
ранее 0.001 0.62 0.001
приобрести 0.001 1.155 0.001
иммунитет 0.011 0.77 0.008
косвенно 0.001 1.155 0.001
хотя 0.001 0.276 0.0
многочисленный 0.001 1.222 0.001
связываться 0.001 1.155 0.001
общий 0.001 0.444 0.0
точно 0.002 0.481 0.001
данные 0.002 0.31 0.001
случай 0.002 0.194 0.0
заболевание 0.008 0.481 0.004
мало 0.001 0.538 0.001
начать 0.001 0.276 0.0
активно 0.001 0.77 0.001
распространяться 0.001 0.699 0.001
несколько 0.001 0.187 0.0
назад 0.001 0.18 0.0
юар 0.003 1.222 0.004
великобритания 0.001 0.699 0.001
британский 0.001 0.721 0.001
два 0.003 0.26 0.001
мрнк-вакцина 0.001 1.046 0.001
pfizer-biontech 0.005 2.0 0.01
составлять 0.002 0.745 0.001
около 0.001 0.432 0.0
векторный 0.001 1.046 0.001
astrazeneca 0.002 0.959 0.002
снижаться 0.001 1.155 0.001
практически 0.001 0.602 0.001
нуль 0.001 1.155 0.001
крупный 0.001 0.523 0.001
страховой 0.001 2.0 0.002
компания 0.001 0.444 0.0
discovery 0.001 2.0 0.002
health 0.001 1.699 0.002
новость 0.002 0.357 0.001
использование 0.002 0.066 0.0
бустер 0.002 1.523 0.003
оба 0.001 0.62 0.001
поднимать 0.001 1.301 0.001
примерно 0.001 0.585 0.001
фактически 0.001 0.721 0.001
доводить 0.001 2.0 0.002
демонстрировать 0.001 1.222 0.001
дельта 0.003 0.854 0.003
показатель 0.001 0.721 0.001
оставаться 0.001 0.387 0.0
из-за 0.001 0.229 0.0
малый 0.001 0.678 0.001
доля 0.001 0.745 0.001
вызвать 0.002 0.721 0.001
завершиться 0.001 1.097 0.001
трудно 0.001 0.824 0.001
сказать 0.001 0.31 0.0
каков 0.001 1.155 0.001
тяжёлый 0.006 0.377 0.002
смерть 0.002 0.553 0.001
снизиться 0.002 1.222 0.002
насколько 0.001 0.42 0.0
зависеть 0.002 0.509 0.001
будущее 0.003 0.62 0.002
развитие 0.001 0.638 0.001
эпидемия 0.001 0.959 0.001
подробный 0.001 0.569 0.001
читать 0.001 0.444 0.0
означать 0.002 0.585 0.001
распространение 0.002 0.523 0.001
пандемия 0.002 0.538 0.001
спойлер 0.002 0.796 0.002
прийти 0.002 0.658 0.001
точка 0.002 0.444 0.001
путь 0.002 0.62 0.001
трудный 0.002 0.721 0.001
казаться 0.004 0.409 0.002
ранний 0.002 0.409 0.001
представление 0.001 1.155 0.001
опыт 0.001 0.699 0.001
осложнение 0.001 0.886 0.001
значительный 0.001 0.854 0.001
степень 0.001 0.658 0.001
обеспечивать 0.001 0.824 0.001
быстрый 0.001 0.699 0.001
защита 0.004 0.569 0.002
клеточный 0.001 1.0 0.001
активироваться 0.001 1.699 0.002
сразу 0.001 0.553 0.001
контакт 0.001 0.886 0.001
позволять 0.001 0.585 0.001
противостоять 0.001 1.398 0.001
включаться 0.001 1.699 0.002
поздний 0.001 0.745 0.001
помочь 0.002 0.125 0.0
организм 0.001 0.745 0.001
бороться 0.001 0.796 0.001
патоген 0.001 1.523 0.002
предварительный 0.001 0.959 0.001
госпитализация 0.001 0.77 0.001
косвенный 0.001 1.155 0.001
указание 0.002 1.155 0.002
болезнь 0.002 0.553 0.001
сохраняться 0.002 1.301 0.003
достаточно 0.001 0.444 0.0
высокий 0.002 0.495 0.001
уровень 0.002 0.367 0.001
профессор 0.001 1.222 0.001
американский 0.001 0.585 0.001
научно-исследовательский 0.001 2.0 0.002
институт 0.001 0.77 0.001
скриппёс 0.001 2.0 0.002
эрик 0.001 1.523 0.002
тополь 0.001 1.523 0.002
ненадёжный 0.001 2.0 0.002
протекать 0.001 1.301 0.001
среднее 0.002 0.77 0.002
лёгкий 0.001 0.638 0.001
простой 0.001 0.538 0.001
объяснить 0.001 0.602 0.001
иметь 0.002 0.337 0.001
какой-то 0.001 0.328 0.0
свойство 0.001 1.301 0.001
снижать 0.001 0.854 0.001
вирулентность 0.001 1.699 0.002
продолжать 0.001 0.292 0.0
работать 0.002 0.102 0.0
объяснение 0.001 1.0 0.001
основать 0.001 0.921 0.001
заражаться 0.001 1.398 0.001
относительно 0.001 0.721 0.001
частый 0.001 0.523 0.001
вспышка 0.001 1.0 0.001
приводить 0.001 0.602 0.001
лёгкое 0.001 1.699 0.002
непривитый 0.001 1.097 0.001
непереболеть 0.001 2.0 0.002
столь 0.001 1.046 0.001
смертельный 0.001 1.155 0.001
обновление 0.001 1.0 0.001
директор 0.001 0.796 0.001
национальный 0.001 0.77 0.001
исследовательский 0.001 1.301 0.001
эпидемиология 0.001 1.222 0.001
микробиология 0.001 1.699 0.002
имя 0.001 0.585 0.001
александр 0.002 0.456 0.001
гинцбург 0.001 1.523 0.002
заявить 0.001 0.553 0.001
последующий 0.001 1.155 0.001
ревакцинация 0.001 1.523 0.002
полгода 0.001 0.886 0.001
лайта 0.001 1.301 0.001
давать 0.001 0.31 0.0
полный 0.001 0.377 0.0
штамм 0.001 0.796 0.001
появиться 0.002 0.367 0.001
новый 0.001 0.187 0.0
способный 0.001 0.854 0.001
бросить 0.001 1.046 0.001
вызов 0.001 1.523 0.002
хотеть 0.002 0.102 0.0
назвать 0.001 0.569 0.001
ню 0.001 2.0 0.002
смехавот 0.001 2.0 0.002
итоговый 0.001 1.398 0.001
название 0.001 0.745 0.001
маленький 0.001 0.328 0.0
вопрос 0.001 0.276 0.0
страх 0.001 0.796 0.001
множество 0.001 0.796 0.001
отвечать 0.001 0.456 0.0
главный 0.001 0.276 0.0
уходить 0.001 0.824 0.001
увы 0.001 1.097 0.001
выше 0.001 0.509 0.001
предшественник 0.001 1.523 0.002
очередной 0.001 0.796 0.001
нейтрализоваться 0.001 1.699 0.002
вакцинированныхповлиять 0.001 1.699 0.002
ясно 0.001 0.886 0.001
научный 0.001 0.658 0.001
редактор 0.001 0.921 0.001
ершовый 0.001 0.77 0.001
рассказывать 0.001 0.337 0.0
знать 0.001 0.244 0.0
24/7 0.001 0.102 0.0
интерес 0.001 0.155 0.0
читателейн 0.001 0.174 0.0
срочно 0.001 0.167 0.0
дмитрий 0.001 0.62 0.001
кузнец 0.001 1.222 0.001
редакция 0.002 0.066 0.0
кодекс 0.001 0.066 0.0
блог 0.001 0.066 0.0
meduzacare 0.001 0.066 0.0
связаться 0.001 0.066 0.0
анонимно 0.001 0.066 0.0
платформа 0.002 0.066 0.0
ios 0.001 0.066 0.0
android 0.001 0.066 0.0
инстаграм 0.001 0.066 0.0
twitter 0.001 0.0 0.0
facebook 0.001 0.0 0.0
вконтакте 0.001 0.066 0.0
youtube 0.001 0.06 0.0
– 0.001 0.06 0.0
live 0.001 0.022 0.0
вечерний 0.001 0.066 0.0
реклама 0.002 0.066 0.0
требование 0.001 0.066 0.0
баннер 0.001 0.066 0.0
безопасно 0.001 0.066 0.0
персональный 0.001 0.066 0.0
правило 0.001 0.066 0.0
обработка 0.001 0.066 0.0
кук 0.001 0.066 0.0
наслать 0.001 0.066 0.0
ошибка 0.001 0.066 0.0
выделить 0.001 0.066 0.0
нажать 0.001 0.066 0.0
ctrl+enter 0.001 0.066 0.0
спасибоgiphyз 0.001 0.066 0.0
гифка 0.001 0.066 0.0
© 0.001 0.0 0.0
