перейти 0.001 0.066 0.0
материал 0.004 0.066 0.0
связь 0.001 0.0 0.0
новостиисторииразборшапитокоронавирусмагаз 0.001 0.066 0.0
медуза 0.010000000000000002 0.066 0.001
рекламаmeduza 0.001 0.066 0.0
in 0.001 0.0 0.0
english 0.001 0.06 0.0
показывать 0.001 0.066 0.0
порядок 0.001 0.066 0.0
en 0.001 0.066 0.0
кнопка 0.001 0.066 0.0
поддержка 0.002 0.066 0.0
разбор 0.001 0.387 0.0
говорить 0.009000000000000001 0.18 0.002
ковид 0.011 0.387 0.004
приводить 0.001 0.602 0.001
поражение 0.022000000000000002 1.155 0.025
лёгкий 0.025 0.638 0.016
насколько 0.004 0.42 0.002
это 0.013 0.066 0.001
опасно 0.001 0.921 0.001
карточка 0.001 0.569 0.001
ноябрь 0.001 0.699 0.001
случиться 0.002 0.509 0.001
результат 0.01 0.367 0.004
означать 0.005 0.585 0.003
другой 0.007 0.097 0.001
болезнь 0.004 0.553 0.002
такой 0.002 0.114 0.0
бывать 0.006 0.77 0.005
естественно 0.002 1.155 0.002
плохой 0.005 0.509 0.003
вообще 0.004 0.066 0.0
определять 0.002 1.155 0.002
повредить 0.002 1.301 0.003
оценка 0.004 0.745 0.003
глаз 0.004 0.77 0.003
достаточно 0.004 0.444 0.002
точный 0.003 1.0 0.003
сделать 0.003 0.208 0.001
кт 0.019 1.523 0.029
отправить 0.002 0.959 0.002
домой 0.002 0.824 0.002
проходить 0.005 0.495 0.002
никакой 0.006 0.409 0.002
последствие 0.003 0.523 0.002
оставаться 0.004 0.387 0.002
хотеть 0.003 0.102 0.0
напомнить 0.002 0.699 0.001
данный 0.001 0.097 0.0
сообщение 0.001 0.102 0.0
создать 0.001 0.097 0.0
распространить 0.001 0.102 0.0
иностранный 0.003 0.097 0.0
средство 0.001 0.097 0.0
массовый 0.001 0.097 0.0
информация 0.001 0.102 0.0
выполнять 0.003 0.097 0.0
функция 0.003 0.097 0.0
агент 0.002 0.097 0.0
российский 0.002 0.071 0.0
юридический 0.001 0.102 0.0
лицо 0.002 0.086 0.0
мы 0.002 0.066 0.0
нужный 0.007 0.086 0.001
ваш 0.003 0.081 0.0
помощь 0.004 0.071 0.0
пожалуйста 0.001 0.102 0.0
поддержать 0.002 0.066 0.0
россия 0.004 0.108 0.0
подозрение 0.001 1.046 0.001
диагностировать 0.001 1.523 0.002
заболевание 0.009000000000000001 0.481 0.004
часто 0.001 0.456 0.0
проводить 0.001 0.509 0.001
компьютерный 0.003 1.301 0.004
томография 0.002 1.301 0.003
заключение 0.001 1.046 0.001
писать 0.002 0.347 0.001
объём 0.009000000000000001 1.0 0.009
процент 0.003 1.046 0.003
число 0.001 0.201 0.0
мочь 0.008 0.102 0.001
напугать 0.001 1.398 0.001
однако 0.001 0.337 0.0
картина 0.002 0.721 0.001
тяжесть 0.001 0.959 0.001
являться 0.002 0.602 0.001
руководство 0.002 0.796 0.002
действие 0.002 0.409 0.001
объяснять 0.002 0.538 0.001
нюанс 0.001 1.301 0.001
исследование 0.004 0.42 0.002
какой-то 0.002 0.328 0.001
плохо 0.001 0.569 0.001
из-за 0.004 0.229 0.001
развиться 0.001 1.301 0.001
инфекция 0.002 0.569 0.001
обычно 0.001 0.523 0.001
описывать 0.002 1.0 0.002
врач 0.011000000000000001 0.509 0.006
видеть 0.001 0.444 0.0
изменение 0.004 0.854 0.003
который 0.005 0.071 0.0
рентгенология 0.001 2.0 0.002
принять 0.002 0.42 0.001
называть 0.002 0.432 0.001
матовый 0.003 2.0 0.006
стекло 0.003 1.301 0.004
и/ить 0.001 1.523 0.002
консолидация 0.001 1.523 0.002
возникать 0.003 0.824 0.002
сосуд 0.002 1.699 0.003
альвеола 0.003 2.0 0.006
нарушаться 0.001 1.398 0.001
барьер 0.001 1.699 0.002
заполняться 0.001 2.0 0.002
жидкость 0.002 1.301 0.003
зона 0.001 0.921 0.001
„ 0.007 0.62 0.004
“ 0.007 0.432 0.003
полностью 0.001 0.538 0.001
заполнить 0.001 1.699 0.002
анна 0.005 1.046 0.005
белозеров 0.005 2.0 0.01
главный 0.002 0.276 0.001
внештатный 0.001 1.523 0.002
специалист 0.004 0.796 0.003
министерство 0.001 1.046 0.001
здравоохранение 0.001 0.658 0.001
республика 0.001 0.921 0.001
карелия 0.001 1.523 0.002
лучевой 0.002 1.699 0.003
диагностика 0.005 1.699 0.008
рентгенолог 0.001 1.699 0.002
республиканский 0.001 1.699 0.002
больница 0.004 0.495 0.002
в. 0.001 1.523 0.002
а. 0.001 1.699 0.002
баранов 0.001 1.699 0.002
петрозаводск 0.001 2.0 0.002
клиника 0.001 0.886 0.001
рассвет 0.001 1.398 0.001
москва 0.002 0.523 0.001
хотя 0.002 0.276 0.001
газообмен 0.001 2.0 0.002
участок 0.001 0.959 0.001
значительно 0.002 0.959 0.002
затруднить 0.001 2.0 0.002
становиться 0.001 0.553 0.001
трудный 0.001 0.721 0.001
дышать 0.002 1.301 0.003
нужно 0.006 0.237 0.001
знать 0.001 0.244 0.0
степень 0.004 0.658 0.003
некоторый 0.001 0.222 0.0
случай 0.007 0.194 0.001
например 0.004 0.229 0.001
приниматься 0.001 0.959 0.001
решение 0.002 0.347 0.001
какой 0.001 0.357 0.0
отделение 0.001 1.046 0.001
госпитализировать 0.003 0.959 0.003
пациент 0.003 0.678 0.002
обычный 0.002 0.509 0.001
реанимационный 0.001 2.0 0.002
важно 0.002 0.509 0.001
посмотреть 0.001 0.523 0.001
динамика 0.001 1.301 0.001
принятие 0.001 1.0 0.001
ставить 0.001 0.886 0.001
цель 0.001 0.745 0.001
улучшить 0.001 1.523 0.002
обращать 0.001 1.097 0.001
внимание 0.001 0.523 0.001
показатель 0.001 0.721 0.001
работа 0.001 0.357 0.0
организм 0.001 0.745 0.001
говориться 0.001 0.796 0.001
частый 0.001 0.523 0.001
иметься 0.002 0.77 0.002
вид 0.001 0.398 0.0
развивающийся 0.001 1.523 0.002
немой 0.001 0.585 0.001
пневмония 0.005 1.222 0.006
воспаление 0.001 1.523 0.002
стать 0.001 0.149 0.0
осложнение 0.001 0.886 0.001
грипп 0.001 1.0 0.001
увидеть 0.001 0.553 0.001
самый 0.001 0.208 0.0
орви 0.001 1.301 0.001
скорее 0.001 0.509 0.001
быть 0.001 0.215 0.0
тот 0.001 0.131 0.0
связать 0.001 0.469 0.0
либо 0.001 0.569 0.001
вариант 0.001 0.481 0.0
норма 0.001 1.0 0.001
сам 0.001 0.137 0.0
дело 0.002 0.252 0.001
вопрос 0.001 0.276 0.0
сложно 0.004 0.538 0.002
ответить 0.001 0.495 0.0
однозначно 0.001 0.959 0.001
отмечать 0.002 0.921 0.002
самочувствие 0.001 1.699 0.002
человек 0.008 0.092 0.001
одинаковый 0.001 1.0 0.001
заметно 0.001 1.222 0.001
отличаться 0.001 0.553 0.001
целое 0.001 0.585 0.001
серьёзный 0.001 0.553 0.001
повреждение 0.001 1.398 0.001
больший 0.003 0.328 0.001
вероятность 0.001 0.602 0.001
оказаться 0.001 0.31 0.0
симптом 0.005 0.824 0.004
время 0.001 0.086 0.0
первый 0.002 0.143 0.0
день 0.001 0.167 0.0
появление 0.001 0.699 0.001
наоборот 0.001 0.824 0.001
появиться 0.002 0.367 0.001
внешний 0.001 0.959 0.001
признак 0.002 0.959 0.002
выписка 0.001 1.523 0.002
наконец-то 0.001 1.222 0.001
поступление 0.001 1.301 0.001
восстановиться 0.001 1.523 0.002
вирус 0.001 0.538 0.001
наносить 0.001 1.301 0.001
вред 0.001 1.097 0.001
свой 0.003 0.143 0.0
присутствие 0.001 1.222 0.001
сравнивать 0.002 0.796 0.002
протекать 0.001 1.301 0.001
по-разному 0.002 1.222 0.002
обширный 0.001 1.699 0.002
означаетболееплохойпрогноз 0.001 2.0 0.002
повышенный 0.002 0.77 0.002
риск 0.003 0.357 0.001
умереть 0.001 0.638 0.001
лишь 0.002 0.481 0.001
любой 0.002 0.319 0.001
гарантия 0.001 1.097 0.001
делать 0.004 0.18 0.001
прогноз 0.001 0.824 0.001
данные 0.001 0.31 0.0
неблагодарный 0.001 2.0 0.002
завтра-послезавтра 0.001 2.0 0.002
ситуация 0.002 0.337 0.001
сильно 0.001 0.509 0.001
поменяться 0.001 1.155 0.001
оценить 0.002 0.678 0.001
подход 0.001 0.854 0.001
эмпирический 0.002 1.699 0.003
визуальный 0.002 1.523 0.003
шкала 0.002 1.222 0.002
нарезать 0.001 2.0 0.002
шаг 0.001 0.886 0.001
миллиметр 0.001 2.0 0.002
оценивать 0.003 0.921 0.003
серия 0.001 1.097 0.001
срез 0.001 1.699 0.002
смотреть 0.001 0.62 0.001
мультик 0.001 1.523 0.002
делить 0.001 1.523 0.002
пять 0.001 0.432 0.0
категория 0.001 1.046 0.001
кт-0 0.001 2.0 0.002
кт-1 0.001 2.0 0.002
поразить 0.005 1.699 0.008
маленький 0.001 0.328 0.0
кт-2 0.001 2.0 0.002
25–50 0.001 2.0 0.002
кт-3 0.001 2.0 0.002
50–75 0.001 2.0 0.002
кт-4 0.001 2.0 0.002
проверить 0.001 0.886 0.001
специальный 0.002 0.638 0.001
программа 0.003 0.824 0.002
работать 0.002 0.102 0.0
новый 0.001 0.187 0.0
томограф 0.001 2.0 0.002
рассчитывать 0.001 0.886 0.001
автоматически 0.001 1.222 0.001
впечатление 0.001 1.398 0.001
выдавать 0.001 1.155 0.001
рассказывать 0.002 0.337 0.001
нагрузка 0.001 0.959 0.001
несколько 0.001 0.187 0.0
минута 0.002 0.745 0.001
ошибаться 0.002 1.699 0.003
примерно 0.001 0.585 0.001
2–3 0.001 1.699 0.002
роль 0.001 0.721 0.001
играть 0.001 0.699 0.001
инструментальный 0.001 1.523 0.002
центральный 0.001 1.097 0.001
федеральный 0.001 0.959 0.001
округ 0.001 1.301 0.001
директор 0.001 0.796 0.001
центр 0.001 0.432 0.0
телемедицина 0.001 2.0 0.002
сергей 0.002 0.796 0.002
морозов 0.004 2.0 0.008
деление 0.001 1.699 0.002
детальный 0.001 1.523 0.002
требоваться 0.001 0.854 0.001
иметь 0.003 0.337 0.001
клинический 0.001 0.721 0.001
смысл 0.001 0.481 0.0
кроме 0.001 0.387 0.0
мнение 0.001 0.509 0.001
инструмент 0.001 0.854 0.001
автоматический 0.001 1.398 0.001
расчёт 0.001 1.301 0.001
площадь 0.001 1.046 0.001
очень 0.001 0.149 0.0
ограничение 0.001 0.585 0.001
зачастую 0.001 1.523 0.002
полиморфный 0.001 2.0 0.002
комбинация 0.001 1.398 0.001
разный 0.002 0.276 0.001
далеко 0.001 0.745 0.001
алгоритм 0.001 1.398 0.001
точно 0.001 0.481 0.0
особенно 0.002 0.553 0.001
присоединение 0.001 1.222 0.001
бактериальный 0.001 1.523 0.002
слово 0.001 0.268 0.0
сложный 0.001 0.602 0.001
справиться 0.001 1.097 0.001
представить 0.001 0.638 0.001
томограмма 0.001 1.699 0.002
обратиться 0.002 0.658 0.001
очно 0.001 2.0 0.002
путём 0.001 1.301 0.001
удалённый 0.001 1.222 0.001
консультация 0.001 1.046 0.001
один 0.001 0.119 0.0
служить 0.001 1.301 0.001
речь 0.001 0.398 0.0
идти 0.002 0.222 0.0
выписать 0.001 1.523 0.002
поэтому 0.001 0.328 0.0
состояние 0.003 0.721 0.002
целиком 0.001 1.301 0.001
считать 0.001 0.319 0.0
срочно 0.004 0.167 0.001
сравнить 0.001 1.046 0.001
этот 0.002 0.137 0.0
рекомендация 0.002 0.678 0.001
повод 0.001 0.553 0.001
медицинский 0.001 0.523 0.001
друг 0.002 0.387 0.001
наш 0.001 0.337 0.0
повторимый 0.001 1.523 0.002
страна 0.001 0.155 0.0
рекомендовать 0.001 0.569 0.001
звонить 0.001 0.886 0.001
скорый 0.003 0.921 0.003
одышка 0.001 1.398 0.001
закончить 0.001 1.097 0.001
предложение 0.001 0.921 0.001
вдох 0.002 1.523 0.003
слышный 0.001 1.046 0.001
телефон 0.001 0.745 0.001
также 0.002 0.237 0.0
диспетчер 0.001 1.699 0.002
решать 0.001 1.097 0.001
срочный 0.001 1.398 0.001
бригада 0.001 1.222 0.001
непроходить 0.001 1.699 0.002
боль 0.001 0.699 0.001
давление 0.001 0.699 0.001
грудь 0.001 1.155 0.001
изменяться 0.001 1.523 0.002
мышление 0.001 1.398 0.001
спутанность 0.001 1.398 0.001
сознание 0.002 1.222 0.002
губа 0.001 1.301 0.001
синеватый 0.001 1.699 0.002
оттенок 0.001 1.523 0.002
группа 0.001 0.387 0.0
прогрессировать 0.001 1.699 0.002
быстро 0.001 0.495 0.0
нередко 0.001 1.222 0.001
усмотрение 0.001 1.398 0.001
настаивать 0.001 1.222 0.001
подумать 0.001 1.0 0.001
необходимый 0.001 0.638 0.001
важный 0.001 0.284 0.0
показать 0.001 0.432 0.0
к 0.001 0.745 0.001
обращаться 0.002 0.854 0.002
многие 0.001 0.284 0.0
знакомый 0.001 0.854 0.001
спрашивать 0.001 0.886 0.001
единичный 0.001 1.097 0.001
поликлиника 0.001 1.301 0.001
вызывать 0.001 0.523 0.001
основное 0.001 0.553 0.001
спокойно 0.001 0.824 0.001
лежать 0.001 0.824 0.001
дом 0.001 0.495 0.0
снятие 0.001 1.398 0.001
температура 0.001 0.824 0.001
принимать 0.001 0.432 0.0
парацетамол 0.001 1.398 0.001
ухудшение 0.001 1.301 0.001
действительно 0.001 0.377 0.0
минздрав 0.001 0.678 0.001
призвать 0.001 0.886 0.001
назначение 0.001 1.0 0.001
весь 0.001 0.114 0.0
предсказать 0.001 1.301 0.001
кто 0.001 0.377 0.0
конкретно 0.001 1.222 0.001
борьба 0.001 0.658 0.001
именно 0.001 0.244 0.0
чувствовать 0.001 0.678 0.001
максимально 0.001 0.721 0.001
реабилитация 0.001 1.699 0.002
тяжело 0.001 0.796 0.001
отдельный 0.001 0.678 0.001
инструкция 0.001 0.699 0.001
коронавирус 0.001 0.387 0.0
открыть 0.001 0.538 0.001
распространение 0.001 0.523 0.001
лицензия 0.002 0.854 0.002
creative 0.001 0.921 0.001
commons 0.001 1.0 0.001
cc 0.001 1.046 0.001
by 0.001 0.658 0.001
перепечатать 0.001 1.097 0.001
фотография 0.001 0.553 0.001
распространяться 0.001 0.699 0.001
24/7 0.001 0.102 0.0
интерес 0.001 0.155 0.0
читателейн 0.001 0.174 0.0
помочь 0.001 0.125 0.0
дарья 0.001 0.921 0.001
саркисян 0.001 0.959 0.001
редакция 0.002 0.066 0.0
кодекс 0.001 0.066 0.0
блог 0.001 0.066 0.0
meduzacare 0.001 0.066 0.0
связаться 0.001 0.066 0.0
анонимно 0.001 0.066 0.0
платформа 0.002 0.066 0.0
ios 0.001 0.066 0.0
android 0.001 0.066 0.0
инстаграм 0.001 0.066 0.0
twitter 0.001 0.0 0.0
facebook 0.001 0.0 0.0
вконтакте 0.001 0.066 0.0
youtube 0.001 0.06 0.0
meduza 0.002 0.0 0.0
– 0.001 0.06 0.0
live 0.001 0.022 0.0
вечерний 0.001 0.066 0.0
реклама 0.002 0.066 0.0
требование 0.001 0.066 0.0
баннер 0.001 0.066 0.0
безопасно 0.001 0.066 0.0
персональный 0.001 0.066 0.0
дать 0.001 0.066 0.0
правило 0.001 0.066 0.0
обработка 0.001 0.066 0.0
использование 0.001 0.066 0.0
кук 0.001 0.066 0.0
наслать 0.001 0.066 0.0
ошибка 0.001 0.066 0.0
выделить 0.001 0.066 0.0
нажать 0.001 0.066 0.0
ctrl+enter 0.001 0.066 0.0
спасибоgiphyз 0.001 0.066 0.0
гифка 0.001 0.066 0.0
© 0.001 0.0 0.0
