перейти 0.001 0.066 0.0
материал 0.001 0.066 0.0
связь 0.003 0.0 0.0
новостиисторииразборшапитокоронавирусмагаз 0.001 0.066 0.0
медуза 0.01 0.066 0.001
рекламаmeduza 0.001 0.066 0.0
in 0.001 0.0 0.0
english 0.001 0.06 0.0
показывать 0.002 0.066 0.0
порядок 0.002 0.066 0.0
en 0.001 0.066 0.0
кнопка 0.001 0.066 0.0
поддержка 0.001 0.066 0.0
🌲 0.001 1.301 0.001
читать 0.003 0.444 0.001
россия 0.015000000000000001 0.108 0.002
новость 0.011 0.357 0.004
войнадвадцать 0.001 1.398 0.001
третий 0.002 0.553 0.001
день 0.044000000000000004 0.167 0.007
онлайн 0.001 0.959 0.001
прямой 0.002 0.658 0.001
эфир 0.005 0.959 0.005
история 0.033 0.26 0.009
сын 0.002 0.921 0.002
писать 0.001 0.347 0.0
коротко 0.001 0.824 0.001
живой 0.001 0.553 0.001
ставить 0.001 0.886 0.001
выходить 0.001 0.62 0.001
шестой 0.001 1.155 0.001
сутки 0.002 0.824 0.002
монолог 0.001 1.398 0.001
мать 0.001 0.854 0.001
украинский 0.002 0.538 0.001
солдат 0.001 0.886 0.001
который 0.005 0.071 0.0
сражаться 0.001 1.222 0.001
мариуполь 0.007 0.77 0.005
сам 0.002 0.137 0.0
горячий 0.001 1.155 0.001
точка 0.001 0.444 0.0
война 0.023 0.357 0.008
час 0.005 0.538 0.003
назад 0.039 0.18 0.007
победить 0.001 1.0 0.001
минута 0.005 0.745 0.004
сомневаться 0.001 0.886 0.001
дожить 0.001 1.155 0.001
победа 0.001 1.046 0.001
харьков 0.001 0.886 0.001
жёсткий 0.001 0.678 0.001
обстрел 0.003 0.678 0.002
многие 0.002 0.284 0.001
житель 0.002 0.456 0.001
собираться 0.002 0.602 0.001
бежать 0.001 0.796 0.001
разбор 0.002 0.387 0.001
россиянин 0.005 0.444 0.002
виновный 0.002 1.301 0.003
против 0.003 0.229 0.001
украина 0.015 0.347 0.005
ответственный 0.001 1.097 0.001
николай 0.002 1.097 0.002
эппл 0.002 1.398 0.003
разбирать 0.001 0.854 0.001
категория 0.001 1.046 0.001
напоминать 0.001 0.921 0.001
разница 0.001 0.77 0.001
двадцать 0.002 0.959 0.002
второй 0.001 0.357 0.0
фотография 0.005 0.553 0.003
эвакуироваться 0.001 1.155 0.001
чернигов 0.002 1.046 0.002
гибнуть 0.001 1.155 0.001
мирный 0.001 0.699 0.001
киев 0.006 0.699 0.004
бомбить 0.002 0.824 0.002
март 0.008 0.284 0.002
речь 0.003 0.398 0.001
путин 0.005 0.523 0.003
очищение 0.003 1.301 0.004
общество 0.003 0.602 0.002
предатель 0.002 1.398 0.003
выглядеть 0.002 0.495 0.001
начаться 0.001 0.367 0.0
тоталитаризмполитолог 0.001 1.523 0.002
владимир 0.002 0.523 0.001
гельман 0.001 1.301 0.001
объяснять 0.001 0.538 0.001
почему 0.001 0.337 0.0
просто 0.001 0.194 0.0
оценивать 0.001 0.921 0.001
уместность 0.001 1.398 0.001
сравнение 0.001 0.602 0.001
гитлер 0.001 1.097 0.001
устраивать 0.001 0.886 0.001
старый 0.001 0.658 0.001
система 0.001 0.398 0.0
безопасность 0.001 0.387 0.0
доминировать 0.001 1.155 0.001
роль 0.001 0.721 0.001
играть 0.001 0.699 0.001
нато 0.001 0.959 0.001
интервью 0.002 0.745 0.001
михаил 0.001 0.921 0.001
подоляк 0.001 1.398 0.001
советник 0.001 1.097 0.001
глава 0.001 0.658 0.001
офис 0.001 1.046 0.001
зеленский 0.003 0.854 0.003
сдвиг 0.001 1.398 0.001
переговоры 0.001 0.921 0.001
молчать 0.001 1.398 0.001
рыхлый 0.001 1.523 0.002
тишина 0.001 1.301 0.001
погибнуть 0.004 0.824 0.003
земфира 0.001 1.523 0.002
выпустить 0.001 0.699 0.001
клип 0.001 1.222 0.001
стрелять 0.001 1.0 0.001
кадр 0.003 1.097 0.003
боевой 0.001 0.77 0.001
действие 0.001 0.409 0.0
позволить 0.001 0.62 0.001
сказать 0.001 0.31 0.0
правда 0.002 0.456 0.001
арнольд 0.001 1.523 0.002
шварценеггер 0.001 1.523 0.002
обратиться 0.001 0.658 0.001
давний 0.001 1.398 0.001
друг 0.002 0.387 0.001
российский 0.010000000000000002 0.071 0.001
народ 0.002 0.745 0.001
казаться 0.003 0.409 0.001
единственный 0.002 0.481 0.001
культурный 0.001 1.046 0.001
сфера 0.001 0.921 0.001
пострадать 0.002 0.796 0.002
санкция 0.003 0.62 0.002
стать 0.005 0.149 0.001
литература 0.001 0.959 0.001
увы 0.001 1.097 0.001
это 0.011 0.066 0.001
такгалина 0.001 1.523 0.002
юзефович 0.001 1.398 0.001
будущее 0.002 0.62 0.001
индустрия 0.001 1.222 0.001
скрываться 0.001 1.046 0.001
москва 0.002 0.523 0.001
отказываться 0.001 0.721 0.001
убежище 0.001 1.0 0.001
франция 0.001 0.854 0.001
считать 0.001 0.319 0.0
разрушить 0.001 0.77 0.001
жизнь 0.004 0.319 0.001
свой 0.005 0.143 0.001
семьисотрудница 0.001 1.523 0.002
первый 0.007 0.143 0.001
канал 0.006 0.699 0.004
марина 0.003 1.301 0.004
овсянников 0.003 1.301 0.004
рассказать 0.002 0.469 0.001
антивоенный 0.004 0.796 0.003
акция 0.001 0.745 0.001
немецкий 0.001 0.699 0.001
журнал 0.001 0.77 0.001
der 0.001 1.301 0.001
spiegel 0.001 1.301 0.001
подкаст 0.004 1.097 0.004
данные 0.001 0.31 0.0
независимый 0.002 0.409 0.001
соцопрос 0.001 1.222 0.001
однозначно 0.001 0.959 0.001
выступать 0.001 0.658 0.001
официальный 0.003 0.538 0.002
ложь 0.001 1.222 0.001
давать 0.001 0.31 0.0
объяснимый 0.001 1.523 0.002
происходить 0.003 0.301 0.001
буква 0.002 1.046 0.002
z 0.002 1.046 0.002
дверь 0.001 0.921 0.001
человек 0.006 0.092 0.001
шаг 0.001 0.886 0.001
отвечать 0.003 0.456 0.001
дмитрий 0.001 0.62 0.001
песок 0.001 1.097 0.001
спойлер 0.001 0.796 0.001
исчезать 0.001 1.155 0.001
наш 0.005 0.337 0.002
хотя 0.001 0.276 0.0
из-за 0.003 0.229 0.001
проблема 0.001 0.347 0.0
экономика 0.001 0.796 0.001
рейтинг 0.001 1.0 0.001
упасть 0.001 0.77 0.001
наверстать 0.001 1.222 0.001
помощь 0.001 0.071 0.0
пропаганда 0.003 0.745 0.002
экономист 0.001 1.046 0.001
максим 0.001 0.796 0.001
ананьев 0.001 1.222 0.001
неочевидный 0.001 1.097 0.001
последствие 0.002 0.523 0.001
китай 0.001 0.824 0.001
помогать 0.002 0.444 0.001
кремль 0.003 0.824 0.002
воевать 0.001 0.886 0.001
постоять 0.001 1.222 0.001
пекин 0.001 1.301 0.001
главный 0.001 0.276 0.0
союзник 0.001 1.155 0.001
борьба 0.001 0.658 0.001
запад 0.001 0.678 0.001
идуттереть 0.001 1.523 0.002
неделя 0.004 0.328 0.001
навсегда 0.001 0.854 0.001
изменить 0.002 0.538 0.001
киевлянин 0.001 1.0 0.001
прямо 0.001 0.357 0.0
город 0.005 0.409 0.002
готовиться 0.001 0.959 0.001
осада 0.002 0.854 0.002
репортаж 0.002 0.678 0.001
спецкор 0.001 0.921 0.001
лилия 0.002 1.046 0.002
яппаровой 0.001 1.046 0.001
покинуть 0.001 0.745 0.001
пост 0.002 0.638 0.001
коллега 0.001 0.796 0.001
время 0.005 0.086 0.0
крупный 0.002 0.523 0.001
ядерный 0.001 1.097 0.001
авария 0.001 1.222 0.001
год 0.006 0.119 0.001
чернобыльский 0.001 1.155 0.001
аэс 0.001 1.398 0.001
работать 0.004 0.102 0.0
один 0.003 0.119 0.0
тот 0.001 0.131 0.0
смена 0.001 1.046 0.001
сотрудник 0.002 0.658 0.001
станция 0.001 1.097 0.001
заложник 0.001 1.222 0.001
военный 0.004 0.444 0.002
смочь 0.002 0.328 0.001
отличить 0.001 1.222 0.001
патриот 0.001 1.398 0.001
предателейпутин 0.001 1.523 0.002
выступить 0.003 0.721 0.002
очередной 0.001 0.796 0.001
многообещающий 0.001 1.523 0.002
близкий 0.001 0.347 0.0
ждать 0.001 0.481 0.0
пятый 0.001 0.854 0.001
колонна 0.001 1.0 0.001
рестик 0.001 1.398 0.001
закончиться 0.002 0.62 0.001
остаться 0.003 0.432 0.001
арестиккак 0.001 1.523 0.002
пройти 0.001 0.387 0.0
концерт 0.001 1.097 0.001
оксимирон 0.001 1.398 0.001
стамбул 0.001 1.398 0.001
здание 0.001 0.854 0.001
совет 0.006 0.721 0.004
европа 0.006 0.495 0.003
страсбург 0.001 2.0 0.002
спустить 0.001 1.398 0.001
флаг 0.002 1.0 0.002
исключить 0.002 1.0 0.002
нарушение 0.002 0.886 0.002
статья 0.004 0.553 0.002
устав 0.002 1.699 0.003
говориться 0.002 0.796 0.002
вс… 0.001 2.0 0.002
далёкий 0.002 0.481 0.001
лицо 0.002 0.086 0.0
находиться 0.002 0.367 0.001
юрисдикция 0.001 1.523 0.002
государство 0.001 0.569 0.001
должный 0.002 0.201 0.0
пользоваться 0.001 0.886 0.001
право 0.003 0.538 0.002
основный 0.001 0.62 0.001
свобода 0.001 0.77 0.001
ранее 0.001 0.62 0.001
власть 0.003 0.31 0.001
заявить 0.001 0.553 0.001
выход 0.001 0.796 0.001
денонсировать 0.001 1.699 0.002
европейский 0.002 0.602 0.001
конвенция 0.001 1.699 0.002
обращаться 0.001 0.854 0.001
суд 0.001 1.097 0.001
член 0.001 0.745 0.001
именно 0.001 0.244 0.0
вступление 0.002 1.301 0.003
организация 0.001 0.509 0.001
ввести 0.001 0.538 0.001
мораторий 0.001 1.699 0.002
смертный 0.001 1.699 0.002
казнь 0.001 1.699 0.002
jean-francois 0.001 2.0 0.002
badias 0.001 2.0 0.002
ap 0.001 0.854 0.001
scanpix 0.001 0.301 0.0
leta 0.001 0.301 0.0
видеть 0.002 0.444 0.001
смысл 0.001 0.481 0.0
мочь 0.005 0.102 0.001
остановить 0.003 0.523 0.002
смерть 0.001 0.553 0.001
объяснить 0.001 0.602 0.001
конгресс 0.001 1.155 0.001
сша 0.001 0.469 0.0
такой 0.001 0.114 0.0
лидерство 0.001 1.222 0.001
показать 0.002 0.432 0.001
видео 0.001 0.678 0.001
невыносимый 0.001 1.097 0.001
смотреть 0.001 0.62 0.001
публиковать 0.001 0.638 0.001
сокращение 0.001 0.959 0.001
фотографиить 0.001 2.0 0.002
35-часовой 0.001 2.0 0.002
комендантский 0.001 1.301 0.001
жилой 0.001 0.886 0.001
квартал 0.001 0.959 0.001
продолжаться 0.001 0.699 0.001
покидать 0.003 1.046 0.003
страна 0.002 0.155 0.0
этот 0.001 0.137 0.0
путинский 0.002 1.222 0.002
глаз 0.001 0.77 0.001
ребёнок 0.001 0.387 0.0
плачущий 0.001 1.301 0.001
врач 0.001 0.509 0.001
армия 0.002 0.721 0.001
стратегически 0.001 1.301 0.001
важно 0.001 0.509 0.001
захватить 0.001 0.959 0.001
стирать 0.001 1.097 0.001
земля 0.001 0.796 0.001
associated 0.001 1.155 0.001
press 0.001 0.824 0.001
мы 0.002 0.066 0.0
повезти 0.001 0.854 0.001
дом 0.001 0.495 0.0
попасть 0.001 0.409 0.0
миномётный 0.001 1.155 0.001
снаряд 0.001 0.959 0.001
самый 0.002 0.208 0.0
пытаться 0.003 0.409 0.001
выбраться 0.001 1.0 0.001
измениться 0.001 0.745 0.001
карьера 0.001 1.523 0.002
топ-менеджер 0.002 1.398 0.003
яндекс 0.004 1.523 0.006
тигран 0.003 2.0 0.006
худавердяный 0.004 2.0 0.008
руководитель 0.002 0.886 0.002
директор 0.005 0.796 0.004
заместитель 0.002 1.046 0.002
генеральный 0.002 1.046 0.002
м… 0.001 2.0 0.002
материнский 0.001 1.398 0.001
компания 0.003 0.444 0.001
холдинг 0.001 1.398 0.001
yandex 0.001 1.398 0.001
n.v. 0.001 2.0 0.002
также 0.001 0.237 0.0
уходить 0.001 0.824 0.001
должность 0.002 1.301 0.003
голландский 0.001 2.0 0.002
дочка 0.001 1.398 0.001
произойти 0.001 0.638 0.001
ес 0.001 1.0 0.001
объявить 0.002 0.553 0.001
персональный 0.002 0.066 0.0
отношение 0.001 0.509 0.001
фон 0.001 0.745 0.001
вторжение 0.003 0.569 0.002
накануне 0.001 1.046 0.001
управлять 0.001 1.155 0.001
группа 0.001 0.387 0.0
гендиректор 0.002 1.222 0.002
согласно 0.001 0.745 0.001
пресс-релиз 0.001 1.301 0.001
исполнять 0.001 1.398 0.001
обязанность 0.001 1.699 0.002
апрель 0.001 0.886 0.001
елена 0.001 1.0 0.001
бунин 0.001 2.0 0.002
заменить 0.001 0.921 0.001
неясно 0.001 1.097 0.001
означать 0.001 0.585 0.001
приостановить 0.001 1.155 0.001
назначение 0.001 1.0 0.001
вообще 0.002 0.066 0.0
отменить 0.001 0.921 0.001
космос 0.002 1.222 0.002
гордость 0.001 1.222 0.001
освоение 0.001 1.301 0.001
прийтись 0.001 0.602 0.001
забытьё 0.001 1.523 0.002
знать 0.001 0.244 0.0
убивать 0.001 0.824 0.001
космонавтика 0.001 1.398 0.001
журналистка 0.001 1.222 0.001
яппаров 0.001 1.699 0.002
осторожно 0.001 1.523 0.002
тяжёлый 0.001 0.377 0.0
выпуск 0.001 0.959 0.001
случиться 0.001 0.509 0.001
начало 0.001 0.26 0.0
госуслуга 0.001 1.398 0.001
сайт 0.001 0.658 0.001
другой 0.001 0.097 0.0
ведомство 0.001 0.796 0.001
труд 0.003 0.854 0.003
открываютсярассказывать 0.001 2.0 0.002
связать 0.001 0.469 0.0
зайти 0.001 1.301 0.001
очень 0.001 0.149 0.0
распад 0.001 1.398 0.001
алексей 0.001 0.886 0.001
навальный 0.001 1.222 0.001
последний 0.001 0.284 0.0
слово 0.001 0.268 0.0
новый 0.003 0.187 0.001
уголовный 0.001 0.959 0.001
дело 0.001 0.252 0.0
политика 0.001 0.602 0.001
хотеть 0.003 0.102 0.0
посадить 0.001 1.398 0.001
высказаться 0.001 1.523 0.002
зловещий 0.001 1.398 0.001
символ 0.002 1.046 0.002
попытаться 0.001 0.854 0.001
выяснить 0.001 0.824 0.001
придумать 0.002 0.886 0.002
получиться 0.001 0.745 0.001
сотрудница 0.003 1.398 0.004
ворваться 0.001 1.301 0.001
программа 0.002 0.824 0.002
призыв 0.001 0.854 0.001
задержать 0.001 0.959 0.001
записать 0.002 0.959 0.002
видеообращение 0.002 1.398 0.003
вечером 0.002 1.398 0.003
прервать 0.002 1.523 0.003
появиться 0.003 0.367 0.001
пла… 0.001 2.0 0.002
плакат 0.002 1.097 0.002
верить 0.002 0.553 0.001
врать 0.002 1.222 0.002
братоубийственный 0.001 1.699 0.002
исключение 0.001 0.854 0.001
понимать 0.002 0.42 0.001
рассказывать 0.002 0.337 0.001
выйти 0.001 0.456 0.0
бонус 0.001 1.523 0.002
журналист 0.002 0.481 0.001
телеканал 0.001 0.854 0.001
некоторый 0.001 0.222 0.0
увольняютсянесколько 0.001 2.0 0.002
сми 0.001 0.602 0.001
20-й 0.001 2.0 0.002
двадцатый 0.001 1.699 0.002
волонтёр 0.001 0.959 0.001
убирать 0.001 1.222 0.001
завал 0.001 1.523 0.002
больница 0.001 0.495 0.0
раненый 0.002 1.398 0.003
движение 0.001 0.921 0.001
протест 0.001 0.745 0.001
бело-сине-белый 0.001 1.699 0.002
прекратить 0.001 0.824 0.001
отдать 0.001 0.959 0.001
привести 0.001 0.456 0.0
миграционный 0.001 1.155 0.001
катастрофа 0.001 0.886 0.001
1940-й 0.001 1.097 0.001
кристина 0.001 1.097 0.001
сафонов 0.001 1.155 0.001
польша 0.001 0.854 0.001
полный 0.001 0.377 0.0
боль 0.001 0.699 0.001
любовь 0.001 1.0 0.001
мешать 0.001 0.824 0.001
высказываться 0.001 1.155 0.001
преследовать 0.001 1.301 0.001
этоглавное 0.001 2.0 0.002
доклад 0.001 0.959 0.001
овд-инфо 0.001 1.398 0.001
минобороны 0.001 1.046 0.001
освобождение 0.001 1.398 0.001
волноваха 0.001 1.301 0.001
точнее 0.001 0.921 0.001
принять 0.001 0.42 0.0
решение 0.001 0.347 0.0
фсб 0.002 1.155 0.002
поверить 0.001 1.046 0.001
аргумент 0.001 0.62 0.001
стратегияанализировать 0.001 2.0 0.002
вспоминать 0.001 1.0 0.001
исход 0.001 0.921 0.001
советско-финляндский 0.001 1.699 0.002
предотвратить 0.001 0.921 0.001
приход 0.001 1.222 0.001
психопат 0.001 1.699 0.002
ук 0.001 1.699 0.002
гоние 0.001 1.699 0.002
газета 0.001 1.046 0.001
аргентина 0.001 0.921 0.001
диктатура 0.001 1.222 0.001
дождаться 0.001 1.222 0.001
падение 0.001 0.921 0.001
режим 0.002 0.658 0.001
поговорить 0.002 0.62 0.001
восемнадцатый 0.001 2.0 0.002
прийти 0.002 0.658 0.001
улица 0.001 0.699 0.001
одесса 0.001 1.222 0.001
противотанковый 0.001 1.398 0.001
ежи 0.001 1.699 0.002
оставаться 0.001 0.387 0.0
телевизор 0.001 0.921 0.001
значит 0.001 0.444 0.0
дочь 0.001 0.886 0.001
сестра 0.001 1.046 0.001
украинец 0.001 0.796 0.001
родственник 0.001 0.745 0.001
курс 0.001 0.824 0.001
валюта 0.001 1.301 0.001
улететь 0.001 1.398 0.001
накопление 0.001 1.301 0.001
как-то 0.001 0.699 0.001
спасти 0.001 0.854 0.001
вложиться 0.001 1.699 0.002
золото 0.001 1.699 0.002
инвестиция 0.001 1.301 0.001
помочь 0.001 0.125 0.0
расколоться 0.001 1.523 0.002
русский 0.001 0.62 0.001
нация 0.001 1.046 0.001
отверженный 0.001 2.0 0.002
исправить 0.001 1.398 0.001
разговор 0.001 0.745 0.001
автор 0.001 0.62 0.001
неудобный 0.001 1.699 0.002
прошлое 0.001 1.046 0.001
заявлять 0.001 1.0 0.001
денацифицировать 0.001 1.699 0.002
однако 0.001 0.337 0.0
хороший 0.001 0.377 0.0
ультраправый 0.001 1.523 0.002
крайний 0.001 0.602 0.001
консерватор 0.001 1.699 0.002
откровенный 0.001 1.699 0.002
неофашист 0.001 1.699 0.002
пережить 0.001 1.097 0.001
поражение 0.001 1.155 0.001
„ 0.001 0.62 0.001
крутой 0.001 1.699 0.002
парень 0.001 1.398 0.001
“ 0.001 0.432 0.0
фрэнсис 0.001 2.0 0.002
фукуям 0.001 2.0 0.002
хоронить 0.001 1.155 0.001
братский 0.001 1.155 0.001
могила 0.001 1.097 0.001
практически 0.001 0.602 0.001
вода 0.002 0.638 0.001
электричество 0.001 1.0 0.001
лекарство 0.001 0.569 0.001
продолжать 0.001 0.292 0.0
обстреливать 0.001 1.0 0.001
бабушка 0.001 1.0 0.001
объект 0.001 0.886 0.001
ирпень 0.001 1.155 0.001
пригород 0.001 1.046 0.001
узнать 0.001 0.481 0.0
весь 0.001 0.114 0.0
мир 0.001 0.26 0.0
семнадцатый 0.001 1.398 0.001
окружный 0.001 1.398 0.001
отопление 0.001 1.301 0.001
взять 0.001 0.553 0.001
контроль 0.001 0.585 0.001
оккупировать 0.002 1.097 0.002
несколько 0.001 0.187 0.0
тревожный 0.001 1.398 0.001
17-й 0.001 2.0 0.002
войныть 0.001 2.0 0.002
число 0.001 0.201 0.0
херсонский 0.001 1.523 0.002
народный 0.001 0.959 0.001
республика 0.001 0.921 0.001
крах 0.001 1.301 0.001
мой 0.001 0.585 0.001
пятилетний 0.001 1.523 0.002
читатель 0.001 0.523 0.001
блокировка 0.001 1.097 0.001
инстаграм 0.002 0.066 0.0
возможный 0.001 0.523 0.001
государственный 0.001 0.523 0.001
переворот 0.001 1.301 0.001
шанс 0.001 0.638 0.001
исследователь 0.002 0.721 0.001
сталинизм 0.001 1.699 0.002
cтивено 0.001 1.699 0.002
коткина 0.001 1.699 0.002
дать 0.002 0.066 0.0
большой 0.001 0.347 0.0
the 0.001 0.481 0.0
new 0.001 0.699 0.001
yorker 0.001 1.523 0.002
пересказ 0.001 1.301 0.001
возвращаться 0.001 0.854 0.001
1990-й 0.001 1.301 0.001
скоро 0.001 0.796 0.001
безработный 0.001 1.523 0.002
зарплата 0.001 1.398 0.001
быть 0.001 0.215 0.0
платить 0.001 1.097 0.001
.. 0.001 1.523 0.002
рынок 0.001 0.699 0.001
гимпельсон 0.001 1.523 0.002
пора 0.001 0.357 0.0
еда 0.001 0.678 0.001
продукт 0.001 0.678 0.001
цена 0.001 1.0 0.001
полтора 0.001 0.959 0.001
тысяча 0.002 0.31 0.001
мелитополь 0.001 1.301 0.001
похитить 0.001 1.523 0.002
мэр 0.001 0.77 0.001
подразделение 0.001 1.222 0.001
арестывойный 0.001 2.0 0.002
идти 0.001 0.222 0.0
шестнадцатый 0.002 1.699 0.003
главное 0.001 0.585 0.001
отправить 0.001 0.959 0.001
доброволец 0.001 0.854 0.001
ближний 0.001 1.222 0.001
восток 0.001 0.886 0.001
редакция 0.002 0.066 0.0
кодекс 0.001 0.066 0.0
блог 0.001 0.066 0.0
meduzacare 0.001 0.066 0.0
связаться 0.001 0.066 0.0
анонимно 0.001 0.066 0.0
поддержать 0.001 0.066 0.0
платформа 0.002 0.066 0.0
ios 0.001 0.066 0.0
android 0.001 0.066 0.0
twitter 0.001 0.0 0.0
facebook 0.001 0.0 0.0
вконтакте 0.001 0.066 0.0
youtube 0.001 0.06 0.0
meduza 0.002 0.0 0.0
– 0.001 0.06 0.0
live 0.001 0.022 0.0
вечерний 0.001 0.066 0.0
реклама 0.002 0.066 0.0
требование 0.001 0.066 0.0
баннер 0.001 0.066 0.0
безопасно 0.001 0.066 0.0
правило 0.001 0.066 0.0
обработка 0.001 0.066 0.0
использование 0.001 0.066 0.0
кук 0.001 0.066 0.0
наслать 0.001 0.066 0.0
ошибка 0.001 0.066 0.0
выделить 0.001 0.066 0.0
нажать 0.001 0.066 0.0
ctrl+enter 0.001 0.066 0.0
спасибоgiphyз 0.001 0.066 0.0
гифка 0.001 0.066 0.0
© 0.001 0.0 0.0
