перейти 0.001 0.066 0.0
материал 0.005 0.066 0.0
связь 0.001 0.0 0.0
новостиисторииразборшапитокоронавирусмагаз 0.001 0.066 0.0
медуза 0.012 0.066 0.001
рекламаmeduza 0.001 0.066 0.0
in 0.001 0.0 0.0
english 0.001 0.06 0.0
показывать 0.001 0.066 0.0
порядок 0.001 0.066 0.0
en 0.001 0.066 0.0
кнопка 0.001 0.066 0.0
поддержка 0.002 0.066 0.0
история 0.001 0.26 0.0
амантонио 0.013 1.699 0.022
знаменитый 0.001 1.222 0.001
противник 0.006 0.959 0.006
вакцинация 0.009000000000000001 0.553 0.005
сотня 0.003 0.721 0.002
тысяча 0.008 0.31 0.002
подписчик 0.002 1.301 0.003
семь 0.001 0.721 0.001
год 0.013000000000000005 0.119 0.002
удаваться 0.001 1.097 0.001
скрывать 0.001 1.222 0.001
личность 0.001 1.301 0.001
недавно 0.001 0.62 0.001
деанонимизировать 0.001 2.0 0.002
казаться 0.001 0.409 0.0
это 0.009999999999999998 0.066 0.001
человек 0.009000000000000001 0.092 0.001
семейный 0.003 1.301 0.004
пара 0.002 0.658 0.001
израиль 0.006 0.921 0.006
январь 0.002 0.824 0.002
источник 0.001 0.167 0.0
meduza 0.002 0.0 0.0
данный 0.001 0.097 0.0
сообщение 0.003 0.102 0.0
создать 0.002 0.097 0.0
распространить 0.001 0.102 0.0
иностранный 0.002 0.097 0.0
средство 0.002 0.097 0.0
массовый 0.001 0.097 0.0
информация 0.001 0.102 0.0
выполнять 0.001 0.097 0.0
функция 0.001 0.097 0.0
агент 0.001 0.097 0.0
российский 0.003 0.071 0.0
юридический 0.001 0.102 0.0
лицо 0.002 0.086 0.0
мы 0.003 0.066 0.0
нужный 0.002 0.086 0.0
ваш 0.002 0.081 0.0
помощь 0.002 0.071 0.0
пожалуйста 0.001 0.102 0.0
поддержать 0.002 0.066 0.0
блогер 0.003 1.523 0.005
известный 0.001 0.569 0.001
знаменитость 0.001 1.699 0.002
среда 0.001 1.222 0.001
русскоязычный 0.001 1.097 0.001
прививка 0.006 0.602 0.004
стать 0.008 0.149 0.001
она 0.001 1.0 0.001
задолго 0.001 1.523 0.002
пандемия 0.003 0.538 0.002
коронавирус 0.002 0.387 0.001
блог 0.007 0.066 0.0
жж 0.002 2.0 0.004
инстаграм 0.002 0.066 0.0
телеграм 0.001 1.0 0.001
который 0.011000000000000003 0.071 0.001
предлагать 0.002 0.602 0.001
лечить 0.001 1.222 0.001
чёрный 0.001 0.959 0.001
тмин 0.001 2.0 0.002
мёд 0.001 2.0 0.002
витамин 0.001 1.699 0.002
рассказывать 0.004 0.337 0.001
вагинальный 0.002 2.0 0.004
жидкость 0.001 1.301 0.001
антибиотик 0.001 1.398 0.001
критика 0.001 1.222 0.001
свой 0.011000000000000003 0.143 0.002
расследование 0.005 1.0 0.005
утверждать 0.003 0.658 0.002
сам 0.003 0.137 0.0
дело 0.002 0.252 0.001
творческий 0.001 1.523 0.002
дуэт 0.001 2.0 0.002
муж 0.001 1.155 0.001
жена 0.003 1.046 0.003
жить 0.002 0.481 0.001
никакой 0.001 0.409 0.0
медицинский 0.005 0.523 0.003
образование 0.002 0.886 0.002
работать 0.004 0.102 0.0
врач 0.003 0.509 0.002
страна 0.002 0.155 0.0
работник 0.002 0.824 0.002
обязать 0.001 1.097 0.001
привить 0.002 0.678 0.001
ковид 0.004 0.387 0.002
многий 0.001 0.495 0.0
другой 0.002 0.097 0.0
болезнь 0.002 0.553 0.001
кроме 0.001 0.387 0.0
середина 0.002 0.854 0.002
2000-й 0.001 1.523 0.002
супруг 0.001 1.699 0.002
принимать 0.002 0.432 0.001
активный 0.003 0.796 0.002
участие 0.002 0.638 0.001
деятельность 0.001 0.854 0.001
несколько 0.002 0.187 0.0
секта 0.003 1.523 0.005
напомнить 0.001 0.699 0.001
самый 0.002 0.208 0.0
главное 0.001 0.585 0.001
критически 0.001 1.301 0.001
важный 0.001 0.284 0.0
единственный 0.001 0.481 0.0
способ 0.001 0.602 0.001
остановить 0.002 0.523 0.001
вернуться 0.004 0.638 0.003
нормальный 0.001 0.77 0.001
жизнь 0.002 0.319 0.001
рекомендовать 0.001 0.569 0.001
сделать 0.001 0.208 0.0
почему 0.001 0.337 0.0
обязательно 0.001 0.959 0.001
нужно 0.001 0.237 0.0
привиться 0.001 0.796 0.001
подробно 0.001 0.921 0.001
amantonio 0.009 2.0 0.018
воинствующий 0.001 2.0 0.002
страница 0.001 0.959 0.001
пользователь 0.004 1.046 0.004
живой 0.001 0.553 0.001
журнал 0.001 0.77 0.001
появиться 0.002 0.367 0.001
первый 0.003 0.143 0.0
запись 0.001 1.0 0.001
цитата 0.003 1.222 0.004
книга 0.007 0.886 0.006
момый 0.001 2.0 0.002
детский 0.002 0.77 0.002
писатель 0.002 1.398 0.003
михаэль 0.001 2.0 0.002
энд 0.001 2.0 0.002
философский 0.001 1.699 0.002
притча-сказка 0.001 2.0 0.002
потерянный 0.001 1.699 0.002
время 0.002 0.086 0.0
начать 0.001 0.276 0.0
взгляд 0.001 1.046 0.001
писать 0.004 0.347 0.001
переезд 0.001 1.523 0.002
сша 0.001 0.469 0.0
убеждённый 0.001 1.398 0.001
правый 0.001 1.046 0.001
капиталист 0.001 2.0 0.002
вера 0.001 1.398 0.001
крайний 0.001 0.602 0.001
степень 0.001 0.658 0.001
социализм 0.001 1.523 0.002
безусловный 0.001 1.699 0.002
основной 0.001 0.854 0.001
доход 0.002 1.222 0.002
готовый 0.002 0.509 0.001
пожертвовать 0.001 1.523 0.002
часть 0.001 0.377 0.0
ради 0.001 1.046 0.001
справедливый 0.001 1.699 0.002
общество 0.002 0.602 0.001
допускать 0.001 1.046 0.001
снова 0.001 0.678 0.001
размышление 0.001 2.0 0.002
идеальный 0.001 1.097 0.001
общественный 0.001 0.745 0.001
устройство 0.001 1.301 0.001
современный 0.001 0.959 0.001
литература 0.002 0.959 0.002
разбавлять 0.001 2.0 0.002
лайфхак 0.001 2.0 0.002
изучение 0.001 1.398 0.001
язык 0.002 0.678 0.001
французский 0.001 1.097 0.001
немецкий 0.001 0.699 0.001
итальянский 0.001 1.523 0.002
испанский 0.001 1.523 0.002
появляться 0.001 0.658 0.001
конспирологический 0.001 1.699 0.002
заметка 0.001 1.301 0.001
например 0.003 0.229 0.001
фраза 0.001 1.046 0.001
знать 0.002 0.244 0.0
правда 0.001 0.456 0.0
выглядеть 0.001 0.495 0.0
довольно 0.001 0.523 0.001
убедительно 0.001 1.523 0.002
начинаться 0.001 0.886 0.001
пост 0.009000000000000001 0.638 0.006
стивен 0.001 1.301 0.001
хокинг 0.001 2.0 0.002
якобы 0.001 0.854 0.001
умереть 0.002 0.638 0.001
1980-й 0.001 1.699 0.002
подменить 0.001 2.0 0.002
один 0.003 0.119 0.0
популярный 0.001 0.854 0.001
тема 0.003 0.678 0.002
недоверие 0.002 1.699 0.003
медицина 0.001 1.046 0.001
противопоставление 0.001 2.0 0.002
альтернативный 0.002 1.0 0.002
метод 0.002 0.678 0.001
лечение 0.002 0.77 0.002
замалчивать 0.001 2.0 0.002
наука 0.002 1.301 0.003
мигрень 0.001 2.0 0.002
автор 0.007 0.62 0.004
помогать 0.002 0.444 0.001
простой 0.001 0.538 0.001
вода 0.001 0.638 0.001
мало 0.001 0.538 0.001
спонсировать 0.001 1.523 0.002
больший 0.001 0.328 0.0
исследование 0.002 0.42 0.001
также 0.001 0.237 0.0
использовать 0.003 0.319 0.001
вместо 0.001 0.77 0.001
вообще 0.002 0.066 0.0
аутоиммунный 0.001 1.398 0.001
вылечить 0.001 2.0 0.002
фекальный 0.001 2.0 0.002
трансплантация 0.001 2.0 0.002
пересадка 0.001 1.699 0.002
кал 0.001 2.0 0.002
июнь 0.001 0.699 0.001
превратиться 0.001 0.886 0.001
длинный 0.002 1.0 0.002
серия 0.001 1.097 0.001
посвятить 0.001 1.097 0.001
разоблачение 0.001 2.0 0.002
вконтакте 0.001 0.066 0.0
поделиться 0.001 1.301 0.001
тот 0.002 0.131 0.0
пора 0.001 0.357 0.0
посвящать 0.001 2.0 0.002
практически 0.001 0.602 0.001
борьба 0.001 0.658 0.001
затем 0.001 0.678 0.001
лекарство 0.002 0.569 0.001
пропагандировать 0.002 1.301 0.003
наукообразный 0.002 2.0 0.004
лексика 0.001 1.699 0.002
ссылка 0.002 0.886 0.002
разнообразный 0.001 2.0 0.002
природный 0.001 1.155 0.001
вроде 0.001 0.658 0.001
вишнёвый 0.001 2.0 0.002
сок 0.001 2.0 0.002
мышечный 0.001 1.398 0.001
боль 0.001 0.699 0.001
разоблачительный 0.001 2.0 0.002
сопровождаться 0.001 1.222 0.001
эпиграф 0.001 2.0 0.002
приписывать 0.001 1.523 0.002
оруэлл 0.001 2.0 0.002
хаксли 0.001 2.0 0.002
риторика 0.001 1.301 0.001
становиться 0.001 0.553 0.001
воинственный 0.001 1.699 0.002
выражение 0.001 0.959 0.001
прививочный 0.001 1.046 0.001
фронт 0.001 1.155 0.001
война 0.002 0.357 0.001
антипрививочник 0.001 1.699 0.002
февраль 0.002 0.337 0.001
издательство 0.002 1.523 0.003
аста 0.001 2.0 0.002
выйти 0.003 0.456 0.001
прививать 0.002 0.959 0.002
подумать 0.001 1.0 0.001
укол 0.001 1.0 0.001
миф 0.001 1.046 0.001
обложка 0.001 2.0 0.002
указать 0.001 0.796 0.001
псевдоним 0.001 1.699 0.002
издание 0.002 0.481 0.001
небольшой 0.001 0.602 0.001
тираж 0.004 1.398 0.006
два 0.002 0.26 0.001
экземпляр 0.001 2.0 0.002
представлять 0.001 0.678 0.001
себя 0.001 0.62 0.001
переработать 0.001 2.0 0.002
сборник 0.001 2.0 0.002
антипрививочный 0.001 1.699 0.002
против 0.001 0.229 0.0
публикация 0.003 0.796 0.002
резко 0.001 0.854 0.001
выступить 0.001 0.721 0.001
популяризатор 0.001 1.699 0.002
комментарий 0.002 1.046 0.002
новый 0.003 0.187 0.001
газета 0.001 1.046 0.001
научный 0.003 0.658 0.002
журналист 0.001 0.481 0.0
алексей 0.001 0.886 0.001
водовоз 0.001 2.0 0.002
подчёркивать 0.001 1.301 0.001
пойти 0.001 0.509 0.001
щедро 0.001 1.699 0.002
рассыпать 0.001 2.0 0.002
найти 0.001 0.456 0.0
либо 0.003 0.569 0.002
очень 0.001 0.149 0.0
старый 0.001 0.658 0.001
60-й 0.001 1.699 0.002
ранний 0.001 0.409 0.0
некачественный 0.002 1.398 0.003
отличие 0.001 0.699 0.001
качественный 0.001 1.046 0.001
понимать 0.001 0.42 0.0
принцип 0.001 0.638 0.001
специалист 0.001 0.796 0.001
отозвать 0.001 1.155 0.001
соответствовать 0.001 0.824 0.001
критерий 0.001 1.301 0.001
статья 0.001 0.553 0.001
содержание 0.001 1.301 0.001
противоречащий 0.001 1.699 0.002
благодарить 0.001 1.155 0.001
настолько 0.001 0.886 0.001
эффективный 0.001 0.553 0.001
рекламный 0.001 1.301 0.001
кампания 0.001 0.699 0.001
фон 0.001 0.745 0.001
разразиться 0.001 2.0 0.002
скандал 0.001 1.523 0.002
сначала 0.001 0.602 0.001
объявить 0.002 0.553 0.001
снимать 0.001 0.824 0.001
продажа 0.001 0.854 0.001
уточнить 0.001 1.097 0.001
просто 0.001 0.194 0.0
допечатывать 0.001 2.0 0.002
анонсировать 0.001 1.301 0.001
открытый 0.002 0.886 0.002
дискуссия 0.001 1.222 0.001
освещение 0.001 1.523 0.002
медиа 0.001 1.301 0.001
контекст 0.001 1.0 0.001
потенциальный 0.001 0.886 0.001
угроза 0.001 0.824 0.001
пройти 0.001 0.387 0.0
эксперт 0.001 0.745 0.001
общаться 0.001 0.959 0.001
голос 0.001 1.301 0.001
скайп 0.001 2.0 0.002
выключить 0.001 1.523 0.002
камера 0.001 1.097 0.001
объяснять 0.002 0.538 0.001
анонимность 0.001 1.301 0.001
желание 0.001 0.921 0.001
избежать 0.001 1.046 0.001
личный 0.001 0.678 0.001
нападки 0.001 2.0 0.002
месяц 0.002 0.432 0.001
россия 0.005 0.108 0.001
заболеть 0.001 0.585 0.001
вскоре 0.001 1.0 0.001
власть 0.001 0.31 0.0
ввести 0.001 0.538 0.001
жёсткий 0.001 0.678 0.001
ограничение 0.001 0.585 0.001
закрыть 0.001 0.959 0.001
граница 0.001 0.658 0.001
нерабочий 0.001 1.523 0.002
день 0.001 0.167 0.0
оказаться 0.001 0.31 0.0
настоящий 0.002 0.585 0.001
подарок 0.001 1.523 0.002
соцсеть 0.001 0.824 0.001
точка 0.001 0.444 0.0
притяжение 0.001 1.699 0.002
русскоговорящий 0.001 2.0 0.002
сомневаться 0.001 0.886 0.001
реальность 0.001 0.77 0.001
безопасность 0.001 0.387 0.0
главный 0.002 0.276 0.001
площадка 0.001 0.796 0.001
пропаганда 0.003 0.745 0.002
отказ 0.001 0.77 0.001
аккаунт 0.002 1.222 0.002
aman_tonio 0.001 2.0 0.002
данные 0.002 0.31 0.001
сервис 0.001 0.959 0.001
social 0.001 0.959 0.001
blade 0.001 2.0 0.002
увеличить 0.001 1.155 0.001
аудитория 0.002 1.097 0.002
раз 0.001 0.569 0.001
подписать 0.001 1.046 0.001
около 0.002 0.432 0.001
хозяин 0.001 1.097 0.001
активно 0.001 0.77 0.001
сторис 0.001 2.0 0.002
делиться 0.001 1.046 0.001
скриншот 0.001 1.523 0.002
переписка 0.001 1.222 0.001
называть 0.004 0.432 0.002
прибивка 0.001 2.0 0.002
число 0.002 0.201 0.0
отговаривать 0.001 1.301 0.001
пациент 0.001 0.678 0.001
сергей 0.001 0.796 0.001
бутрия 0.001 2.0 0.002
педиатр 0.001 1.699 0.002
клиника 0.001 0.886 0.001
рассвет 0.001 1.398 0.001
публично 0.001 1.046 0.001
критиковать 0.001 1.301 0.001
беседа 0.001 1.222 0.001
причина 0.002 0.398 0.001
популярность 0.001 1.222 0.001
решение 0.001 0.347 0.0
вакцина 0.001 0.538 0.001
по-настоящему 0.001 1.398 0.001
хотеть 0.002 0.102 0.0
разобраться 0.001 1.523 0.002
мочь 0.002 0.102 0.0
почитать 0.001 1.699 0.002
полезный 0.001 1.155 0.001
„ 0.002 0.62 0.001
смертельно 0.001 2.0 0.002
опасный 0.002 0.699 0.001
выбор 0.001 0.886 0.001
“ 0.002 0.432 0.001
пол 0.001 1.155 0.001
оффита 0.001 2.0 0.002
брать 0.001 0.77 0.001
воспринимать 0.001 1.222 0.001
работа 0.001 0.357 0.0
однако 0.001 0.337 0.0
прямо 0.002 0.357 0.001
манипулировать 0.001 2.0 0.002
факт 0.002 0.638 0.001
создавать 0.001 0.796 0.001
максимально 0.001 0.721 0.001
картина 0.001 0.721 0.001
красивый 0.001 1.222 0.001
обёртка 0.001 2.0 0.002
такой 0.001 0.114 0.0
говорить 0.002 0.18 0.0
попадаться 0.001 1.699 0.002
развитой 0.001 1.523 0.002
критический 0.001 1.398 0.001
мышление 0.001 1.398 0.001
август 0.001 0.854 0.001
допечатать 0.001 2.0 0.002
второй 0.002 0.357 0.001
московский 0.001 0.824 0.001
типография 0.001 1.699 0.002
бук 0.001 1.699 0.002
вести 0.002 0.553 0.001
подтвердить 0.002 0.678 0.001
действительно 0.001 0.377 0.0
лето 0.001 1.046 0.001
печатать 0.001 1.523 0.002
раскрывать 0.001 1.398 0.001
подробность 0.002 1.0 0.002
заказ 0.001 1.301 0.001
воинственно-апокалиптический 0.001 2.0 0.002
агрессивный 0.001 1.155 0.001
анонс 0.001 1.398 0.001
достаточный 0.001 0.854 0.001
прослойка 0.001 2.0 0.002
смелый 0.001 2.0 0.002
поддаться 0.001 2.0 0.002
бесконечный 0.001 1.301 0.001
мировой 0.002 0.721 0.001
сми 0.001 0.602 0.001
процесс 0.001 0.538 0.001
деградация 0.001 1.699 0.002
находиться 0.001 0.367 0.0
пик 0.001 1.301 0.001
распространять 0.001 1.097 0.001
антинаучный 0.001 2.0 0.002
идея 0.001 0.585 0.001
инстаграм-блогер 0.002 2.0 0.004
елена 0.002 1.0 0.002
корнилов 0.002 2.0 0.004
советовать 0.001 0.854 0.001
лечиться 0.001 1.398 0.001
бада 0.001 2.0 0.002
комиссия 0.001 1.222 0.001
ран 0.001 1.523 0.002
выяснить 0.002 0.824 0.002
совет 0.001 0.721 0.001
вредный 0.001 1.222 0.001
самолечение 0.001 1.699 0.002
диплом 0.001 2.0 0.002
подделка 0.001 2.0 0.002
возможно 0.001 0.398 0.0
катастрофа 0.001 0.886 0.001
происходить 0.001 0.301 0.0
пётр 0.001 1.699 0.002
талант 0.001 2.0 0.002
разоблачить 0.001 2.0 0.002
давать 0.002 0.31 0.001
поговорить 0.001 0.62 0.001
конец 0.001 0.444 0.0
платформа 0.002 0.066 0.0
medium 0.001 2.0 0.002
анонимный 0.001 1.699 0.002
утверждаться 0.002 1.097 0.002
начало 0.001 0.26 0.0
2022-го 0.001 1.699 0.002
информационный 0.001 0.854 0.001
владимир 0.003 0.523 0.002
келаскин 0.005 2.0 0.01
единомышленник 0.001 1.398 0.001
опубликовать 0.003 0.509 0.002
мотив 0.001 1.398 0.001
деанонимизация 0.001 2.0 0.002
повод 0.001 0.553 0.001
коллаж 0.001 2.0 0.002
обезьяна 0.001 1.699 0.002
белый 0.001 1.0 0.001
врачебный 0.001 1.523 0.002
халат 0.001 1.523 0.002
решить 0.001 0.398 0.0
терпеть 0.001 1.398 0.001
провести 0.001 0.538 0.001
анализ 0.001 0.721 0.001
скрываться 0.001 1.046 0.001
ник 0.002 1.523 0.003
звать 0.001 1.398 0.001
анатолий 0.003 1.398 0.004
улановский 0.006 2.0 0.012
уроженец 0.001 2.0 0.002
украина 0.001 0.347 0.0
возраст 0.001 0.658 0.001
менее 0.001 0.432 0.0
получить 0.003 0.328 0.001
технический 0.001 0.959 0.001
бизнес-образование 0.001 2.0 0.002
израильский 0.003 1.222 0.004
университет 0.002 0.721 0.001
технион 0.001 2.0 0.002
тель-авивский 0.001 2.0 0.002
инженер-схемотехник 0.001 2.0 0.002
сан-диего 0.001 2.0 0.002
2010-й 0.001 1.699 0.002
сей 0.001 0.456 0.0
представляться 0.001 1.398 0.001
талый 0.001 2.0 0.002
илани 0.001 2.0 0.002
имя 0.001 0.585 0.001
зарегистрировать 0.001 0.602 0.001
linkedin 0.001 2.0 0.002
сайт 0.002 0.658 0.001
подсчёт 0.001 1.301 0.001
выпуск 0.001 0.959 0.001
принести 0.001 1.046 0.001
минимум 0.001 0.77 0.001
доллар 0.001 0.921 0.001
часто 0.001 0.456 0.0
упоминать 0.001 2.0 0.002
профессия 0.001 1.398 0.001
соавтор 0.001 1.699 0.002
рузана 0.002 2.0 0.004
маленкович 0.003 2.0 0.006
уроженка 0.001 2.0 0.002
пытаться 0.001 0.409 0.0
лицензия 0.001 0.854 0.001
смочь 0.001 0.328 0.0
стоить 0.001 0.469 0.0
отметить 0.001 0.886 0.001
действовать 0.001 0.602 0.001
правило 0.001 0.066 0.0
сфера 0.001 0.921 0.001
здравоохранение 0.001 0.658 0.001
студент 0.001 1.097 0.001
ряд 0.001 0.824 0.001
корь 0.001 1.523 0.002
ветрянка 0.001 1.699 0.002
гепатит 0.001 1.699 0.002
в. 0.001 1.523 0.002
заниматься 0.002 0.62 0.001
владеть 0.002 1.699 0.003
интернет-домен 0.001 2.0 0.002
результат 0.001 0.367 0.0
социальный 0.001 0.721 0.001
эксперимент 0.001 0.959 0.001
последователь 0.001 1.523 0.002
всеволод 0.001 2.0 0.002
рудашевский 0.001 2.0 0.002
реинкарнация 0.001 1.699 0.002
бог 0.001 1.097 0.001
устранение 0.001 1.699 0.002
негативный 0.001 1.301 0.001
эмоция 0.001 1.155 0.001
молодой 0.001 0.854 0.001
девушка 0.001 0.959 0.001
проблемный 0.001 2.0 0.002
семья 0.001 0.796 0.001
групповой 0.001 1.523 0.002
секс 0.001 2.0 0.002
расследователь 0.001 2.0 0.002
ресурс 0.001 0.796 0.001
иметь 0.001 0.337 0.0
отношение 0.001 0.509 0.001
прим 0.001 1.301 0.001
заблокировать 0.002 0.553 0.001
роскомнадзор 0.001 1.097 0.001
блокировка 0.001 1.097 0.001
порнографический 0.002 2.0 0.004
изображение 0.001 1.222 0.001
несовершеннолетний 0.001 2.0 0.002
объявление 0.001 1.398 0.001
привлечение 0.001 1.523 0.002
качество 0.001 0.553 0.001
исполнитель 0.001 1.398 0.001
зрелищный 0.001 2.0 0.002
мероприятие 0.001 1.046 0.001
характер 0.001 1.301 0.001
создание 0.001 0.921 0.001
территория 0.001 0.62 0.001
филиал 0.001 1.398 0.001
звенящий 0.002 2.0 0.004
кедр 0.001 2.0 0.002
сторонник 0.001 1.0 0.001
организация 0.001 0.509 0.001
верить 0.001 0.553 0.001
отшельница 0.001 2.0 0.002
анастасия 0.002 1.699 0.003
поэтому 0.001 0.328 0.0
анастасиец 0.002 2.0 0.004
носить 0.001 0.796 0.001
мудрость 0.001 1.699 0.002
древний 0.001 1.398 0.001
раса 0.001 1.398 0.001
ведорусс 0.001 2.0 0.002
весь 0.003 0.114 0.0
болеть 0.001 0.745 0.001
согласие 0.001 1.046 0.001
природа 0.001 1.523 0.002
накапливать 0.001 1.699 0.002
энергия 0.001 1.523 0.002
космос 0.001 1.222 0.001
позитивный 0.001 1.301 0.001
воздействовать 0.001 2.0 0.002
ребёнок 0.002 0.387 0.001
справиться 0.001 1.097 0.001
сила 0.001 0.456 0.0
планета 0.001 1.222 0.001
сентябрь 0.001 0.824 0.001
сектант 0.001 2.0 0.002
нижний 0.001 1.097 0.001
новгород 0.001 1.699 0.002
полугодовалый 0.001 2.0 0.002
еда 0.001 0.678 0.001
впасть 0.001 1.699 0.002
кто 0.001 0.377 0.0
создатель 0.001 1.0 0.001
кедровый 0.001 2.0 0.002
являться 0.001 0.602 0.001
сибирский 0.001 1.523 0.002
мегр 0.001 2.0 0.002
десяток 0.001 0.921 0.001
повествовать 0.001 2.0 0.002
диалог 0.001 1.301 0.001
иврит 0.002 2.0 0.004
перевести 0.001 1.097 0.001
ганя 0.001 2.0 0.002
молехать 0.001 2.0 0.002
перевод 0.001 1.301 0.001
сад 0.001 1.301 0.001
родина 0.001 1.222 0.001
домен 0.001 1.699 0.002
ruzana 0.001 2.0 0.002
malenkovich 0.001 2.0 0.002
переводчик 0.001 2.0 0.002
толика 0.001 2.0 0.002
прийти 0.001 0.658 0.001
чат 0.001 1.097 0.001
поклонник 0.001 2.0 0.002
предложить 0.002 0.699 0.001
желать 0.001 1.0 0.001
задавать 0.001 1.222 0.001
любой 0.001 0.319 0.0
вопрос 0.002 0.276 0.001
успеть 0.001 0.678 0.001
полтора 0.002 0.959 0.002
час 0.001 0.538 0.001
пообщаться 0.001 1.699 0.002
пока 0.001 0.208 0.0
спасть 0.001 1.155 0.001
пребывать 0.001 1.523 0.002
некоторый 0.001 0.222 0.0
шок 0.001 1.222 0.001
ответить 0.001 0.495 0.0
конструктивный 0.001 1.699 0.002
проснуться 0.001 1.097 0.001
осознать 0.001 1.523 0.002
забанить 0.001 2.0 0.002
вступить 0.001 1.155 0.001
я 0.001 1.097 0.001
разговор 0.001 0.745 0.001
удалить 0.001 1.222 0.001
опровергнуть 0.001 1.398 0.001
описать 0.001 0.721 0.001
корреспондент 0.001 1.046 0.001
звонок 0.001 1.222 0.001
номер 0.001 1.222 0.001
указанный 0.001 1.699 0.002
остаться 0.001 0.432 0.0
ответ 0.001 0.432 0.0
раздувать 0.001 2.0 0.002
запад 0.003 0.678 0.002
rt 0.001 0.824 0.001
агрессивно 0.001 1.398 0.001
ведущий 0.001 0.959 0.001
канал 0.002 0.699 0.001
имбецил 0.001 1.398 0.001
зато 0.001 0.886 0.001
рупор 0.001 1.222 0.001
отрицатель 0.001 1.398 0.001
устроить 0.001 0.854 0.001
назад 0.001 0.18 0.0
этот 0.001 0.137 0.0
продолжать 0.001 0.292 0.0
несмотря 0.001 0.456 0.0
далёкий 0.001 0.481 0.0
трудный 0.001 0.721 0.001
независимый 0.001 0.409 0.0
интерес 0.001 0.155 0.0
читатель 0.001 0.523 0.001
помочьхотать 0.001 0.886 0.001
помочь 0.001 0.125 0.0
24/7 0.001 0.102 0.0
читателейн 0.001 0.174 0.0
срочно 0.001 0.167 0.0
семён 0.001 1.699 0.002
башкиров 0.001 1.699 0.002
редакция 0.001 0.066 0.0
кодекс 0.001 0.066 0.0
meduzacare 0.001 0.066 0.0
связаться 0.001 0.066 0.0
анонимно 0.001 0.066 0.0
ios 0.001 0.066 0.0
android 0.001 0.066 0.0
twitter 0.001 0.0 0.0
facebook 0.001 0.0 0.0
youtube 0.001 0.06 0.0
– 0.001 0.06 0.0
live 0.001 0.022 0.0
вечерний 0.001 0.066 0.0
реклама 0.001 0.066 0.0
требование 0.001 0.066 0.0
баннер 0.001 0.066 0.0
безопасно 0.001 0.066 0.0
персональный 0.001 0.066 0.0
дать 0.001 0.066 0.0
обработка 0.001 0.066 0.0
использование 0.001 0.066 0.0
кук 0.001 0.066 0.0
наслать 0.001 0.066 0.0
ошибка 0.001 0.066 0.0
выделить 0.001 0.066 0.0
нажать 0.001 0.066 0.0
ctrl+enter 0.001 0.066 0.0
спасибоgiphyз 0.001 0.066 0.0
гифка 0.001 0.066 0.0
© 0.001 0.0 0.0
