перейти 0.0 0.066 0.0
материал 0.0 0.066 0.0
связь 0.0 0.0 0.0
новостиисторииразборшапитокоронавирусмагаз 0.0 0.066 0.0
медуза 0.006 0.066 0.0
рекламаmeduza 0.0 0.066 0.0
in 0.0 0.0 0.0
english 0.0 0.06 0.0
показывать 0.0 0.066 0.0
порядок 0.0 0.066 0.0
en 0.0 0.066 0.0
кнопка 0.0 0.066 0.0
поддержка 0.0 0.066 0.0
история 0.001 0.26 0.0
устраивать 0.001 0.886 0.001
старый 0.001 0.658 0.001
система 0.001 0.398 0.0
безопасность 0.004 0.387 0.002
доминировать 0.001 1.155 0.001
роль 0.001 0.721 0.001
играть 0.001 0.699 0.001
нато 0.003 0.959 0.003
интервью 0.0 0.745 0.0
михаил 0.0 0.921 0.0
подоляк 0.0 1.398 0.0
советник 0.0 1.097 0.0
глава 0.002 0.658 0.001
офис 0.002 1.046 0.002
зеленский 0.004 0.854 0.003
сдвиг 0.0 1.398 0.0
переговоры 0.004 0.921 0.004
россия 0.015 0.108 0.002
март 0.002 0.284 0.001
источник 0.0 0.167 0.0
meduza 0.002 0.0 0.0
данный 0.0 0.097 0.0
сообщение 0.0 0.102 0.0
создать 0.0 0.097 0.0
распространить 0.0 0.102 0.0
иностранный 0.002 0.097 0.0
средство 0.0 0.097 0.0
массовый 0.0 0.097 0.0
информация 0.002 0.102 0.0
выполнять 0.001 0.097 0.0
функция 0.001 0.097 0.0
агент 0.001 0.097 0.0
российский 0.012 0.071 0.001
юридический 0.0 0.102 0.0
лицо 0.0 0.086 0.0
мы 0.002 0.066 0.0
нужный 0.0 0.086 0.0
ваш 0.002 0.081 0.0
помощь 0.002 0.071 0.0
пожалуйста 0.0 0.102 0.0
поддержать 0.0 0.066 0.0
the 0.0 0.481 0.0
presidential 0.0 1.301 0.0
office 0.0 1.155 0.0
of 0.0 0.721 0.0
ukraine 0.0 0.921 0.0
последний 0.0 0.284 0.0
день 0.005 0.167 0.001
украинский 0.002 0.538 0.001
сторона 0.001 0.347 0.0
сдержанный 0.0 2.0 0.0
оптимизм 0.001 1.523 0.002
высказываться 0.0 1.155 0.0
повод 0.0 0.553 0.0
частность 0.001 0.678 0.001
представитель 0.0 0.638 0.0
владимир 0.002 0.523 0.001
алексей 0.0 0.886 0.0
арестович 0.0 2.0 0.0
предположить 0.0 0.886 0.0
украина 0.016 0.347 0.006
должный 0.003 0.201 0.001
выйти 0.001 0.456 0.0
соглашение 0.003 1.155 0.003
течение 0.0 0.638 0.0
недели-двуха 0.0 2.0 0.0
специально 0.0 0.959 0.0
журналистка 0.0 1.222 0.0
издание 0.0 0.481 0.0
kit 0.0 1.699 0.0
елизавета 0.001 1.523 0.002
антонов 0.001 1.699 0.002
поговорить 0.0 0.62 0.0
президент 0.002 0.523 0.001
который 0.010000000000000002 0.071 0.001
участвовать 0.0 0.569 0.0
оценивать 0.001 0.921 0.001
перспектива 0.0 1.301 0.0
основать 0.0 0.921 0.0
федерация 0.006 1.0 0.006
исходить 0.0 1.222 0.0
определённый 0.0 0.77 0.0
аналитический 0.0 1.155 0.0
данные 0.001 0.31 0.0
война 0.011 0.357 0.004
вести 0.001 0.553 0.001
итог 0.0 0.509 0.0
по-другому 0.0 1.155 0.0
ущерб 0.001 1.398 0.001
наносить 0.0 1.301 0.0
прежде 0.0 0.62 0.0
это 0.02 0.066 0.001
время 0.003 0.086 0.0
руководитель 0.001 0.886 0.001
рф 0.002 0.745 0.001
стать 0.001 0.149 0.0
гораздо 0.001 0.699 0.001
реалистичный 0.0 1.699 0.0
число 0.003 0.201 0.001
переговорный 0.0 2.0 0.0
платформа 0.001 0.066 0.0
тот 0.002 0.131 0.0
риск 0.002 0.357 0.001
быть 0.003 0.215 0.001
далёкий 0.001 0.481 0.0
работать 0.005 0.102 0.001
изменение 0.0 0.854 0.0
риторика 0.0 1.301 0.0
модель 0.002 0.824 0.002
поведение 0.001 1.222 0.001
вызывать 0.0 0.523 0.0
осторожный 0.0 2.0 0.0
действительно 0.002 0.377 0.001
видеть 0.0 0.444 0.0
желание 0.0 0.921 0.0
какой-то 0.006 0.328 0.002
компромиссный 0.0 1.699 0.0
проект 0.0 0.745 0.0
договорённость 0.001 1.523 0.002
пока 0.002 0.208 0.0
говорить 0.003 0.18 0.001
мирный 0.004 0.699 0.003
безусловно 0.001 1.222 0.001
ожидать 0.0 0.62 0.0
репутация 0.0 1.222 0.0
приобрести 0.0 1.155 0.0
мир 0.002 0.26 0.001
негативный 0.0 1.301 0.0
оценка 0.001 0.745 0.001
единый 0.0 0.959 0.0
пакет 0.001 1.046 0.001
санкция 0.008 0.62 0.005
против 0.002 0.229 0.0
вводиться 0.0 1.398 0.0
возвращать 0.0 1.523 0.0
реальный 0.0 0.638 0.0
политика 0.001 0.602 0.001
право 0.001 0.538 0.001
выставлять 0.0 1.301 0.0
вполне 0.0 0.699 0.0
адекватный 0.0 1.398 0.0
требование 0.001 0.066 0.0
прекращение 0.0 1.097 0.0
огонь 0.001 1.046 0.001
войско 0.002 0.678 0.001
отойти 0.0 2.0 0.0
позиция 0.003 0.745 0.002
занимать 0.0 1.0 0.0
февраль 0.002 0.337 0.001
мочь 0.005 0.102 0.001
обсуждать 0.002 0.745 0.001
вещь 0.001 0.62 0.001
политический 0.002 0.658 0.001
гуманитарный 0.002 0.921 0.002
ультимативный 0.0 1.699 0.0
форма 0.001 0.62 0.001
получиться 0.001 0.745 0.001
достижение 0.0 1.097 0.0
два 0.0 0.26 0.0
неделя 0.002 0.328 0.001
вопрос 0.002 0.276 0.001
тактический 0.0 1.523 0.0
понимание 0.0 1.301 0.0
правота 0.0 2.0 0.0
некоторый 0.0 0.222 0.0
наш 0.0 0.337 0.0
логический 0.0 2.0 0.0
довод 0.0 1.699 0.0
какой 0.001 0.357 0.0
скорректироваться 0.001 2.0 0.002
целое 0.0 0.585 0.0
публичный 0.0 1.097 0.0
заявление 0.001 0.62 0.001
отметить 0.0 0.886 0.0
меняться 0.0 0.854 0.0
деятель 0.0 1.097 0.0
сначала 0.0 0.602 0.0
публично 0.0 1.046 0.0
зачесать 0.0 2.0 0.0
поставить 0.0 0.796 0.0
колено 0.0 1.398 0.0
уничтожить 0.001 1.0 0.001
нацист 0.001 1.222 0.001
вообще 0.002 0.066 0.0
шок 0.0 1.222 0.0
совершенно 0.001 0.678 0.001
искривить 0.0 2.0 0.0
представление 0.0 1.155 0.0
сам 0.0 0.137 0.0
дело 0.001 0.252 0.0
происходить 0.0 0.301 0.0
первый 0.0 0.143 0.0
полтора 0.0 0.959 0.0
истерика 0.0 1.699 0.0
слышать 0.0 0.745 0.0
умеренный 0.0 1.398 0.0
сдержать 0.0 1.398 0.0
общий 0.0 0.444 0.0
подход 0.0 0.854 0.0
сказать 0.003 0.31 0.001
приземленный 0.0 2.0 0.0
убрать 0.0 1.398 0.0
убирать 0.0 1.222 0.0
неоткуда 0.0 1.699 0.0
вторжение 0.001 0.569 0.001
сделать 0.0 0.208 0.0
тотально 0.001 2.0 0.002
антироссийский 0.0 1.398 0.0
проблема 0.001 0.347 0.0
ранний 0.0 0.409 0.0
30–40 0.0 1.699 0.0
население 0.001 0.569 0.001
достаточно 0.001 0.444 0.0
нейтрально 0.0 2.0 0.0
что-то 0.001 0.509 0.001
позитивный 0.0 1.301 0.0
относиться 0.0 0.62 0.0
готовый 0.003 0.509 0.002
диалог 0.0 1.301 0.0
из-за 0.001 0.229 0.0
спецоперация 0.0 1.222 0.0
придумать 0.001 0.886 0.001
очень 0.006 0.149 0.001
талантливый 0.0 1.523 0.0
военачальник 0.0 2.0 0.0
аналитик 0.0 1.301 0.0
антироссийским.теперить 0.0 2.0 0.0
язык 0.0 0.678 0.0
прочее 0.0 1.222 0.0
тяжело 0.0 0.796 0.0
странно 0.001 1.301 0.001
выглядеть 0.001 0.495 0.0
вторгнуться 0.0 1.523 0.0
причём 0.0 0.62 0.0
парадокс 0.0 2.0 0.0
бомбить 0.001 0.824 0.001
западный 0.0 0.553 0.0
основной 0.0 0.854 0.0
разрушительный 0.001 1.699 0.002
удар 0.001 0.745 0.001
прийтись 0.0 0.602 0.0
город 0.005 0.409 0.002
восточный 0.0 1.046 0.0
существовать 0.0 0.602 0.0
более-менее 0.001 1.155 0.001
пророссийский 0.0 1.222 0.0
настроение 0.0 1.097 0.0
нанести 0.0 1.222 0.0
массировать 0.0 1.699 0.0
жилой 0.0 0.886 0.0
квартал 0.0 0.959 0.0
жить 0.0 0.481 0.0
русскоязычный 0.0 1.097 0.0
понимать 0.002 0.42 0.001
абсурдность 0.0 2.0 0.0
заставить 0.0 1.046 0.0
полюбить 0.0 2.0 0.0
русский 0.0 0.62 0.0
разбомбить 0.0 1.398 0.0
просто 0.002 0.194 0.0
нелепо 0.0 2.0 0.0
гомельский 0.0 2.0 0.0
область 0.0 0.523 0.0
год 0.002 0.119 0.0
sergei 0.0 1.398 0.0
kholodilin 0.0 1.699 0.0
belta 0.0 1.699 0.0
afp 0.001 0.854 0.001
scanpix 0.001 0.301 0.0
leta 0.001 0.301 0.0
отказаться 0.0 0.62 0.0
господин 0.002 1.301 0.003
мединский 0.004 2.0 0.008
бывший 0.0 0.699 0.0
министр 0.002 0.886 0.002
культура 0.001 0.77 0.001
делегация 0.003 1.398 0.004
прим 0.001 1.301 0.001
озвучить 0.0 1.301 0.0
хотя 0.001 0.276 0.0
договориться 0.0 1.155 0.0
объявлять 0.0 1.398 0.0
момент 0.001 0.387 0.0
согласовать 0.0 1.301 0.0
игра 0.0 1.0 0.0
главное 0.0 0.585 0.0
принципиально 0.0 0.959 0.0
двигаться 0.0 0.921 0.0
суть 0.001 0.959 0.001
младший 0.0 1.097 0.0
партнёр 0.0 1.222 0.0
нуждаться 0.0 1.301 0.0
консультационный 0.0 2.0 0.0
минимум 0.0 0.77 0.0
возможность 0.001 0.444 0.0
ускоренный 0.0 2.0 0.0
закупка 0.0 1.301 0.0
вооружение 0.0 1.398 0.0
следующий 0.001 0.553 0.001
начало 0.0 0.26 0.0
пригласить 0.0 1.398 0.0
свой 0.002 0.143 0.0
саммит 0.0 2.0 0.0
испугаться 0.0 1.699 0.0
весь 0.001 0.114 0.0
этот 0.002 0.137 0.0
послевоенный 0.0 1.699 0.0
архитектура 0.0 2.0 0.0
европа 0.0 0.495 0.0
обсе 0.0 2.0 0.0
справляться 0.0 1.222 0.0
обеспечение 0.0 1.046 0.0
формула 0.0 1.301 0.0
положить 0.0 1.0 0.0
стол 0.001 1.0 0.001
гарантия 0.001 1.097 0.001
предполагать 0.0 0.699 0.0
двусторонний 0.0 2.0 0.0
договор 0.002 1.155 0.002
многосторонний 0.0 2.0 0.0
пакетный 0.0 2.0 0.0
участие 0.001 0.638 0.001
принять 0.0 0.42 0.0
ряд 0.001 0.824 0.001
страна 0.002 0.155 0.0
количество 0.001 0.481 0.0
обсуждаться 0.0 1.301 0.0
пять 0.0 0.432 0.0
семь 0.0 0.721 0.0
насколько 0.002 0.42 0.001
киев 0.005 0.699 0.003
важно 0.002 0.509 0.001
будущее 0.0 0.62 0.0
ядерный 0.001 1.097 0.001
держава 0.0 1.699 0.0
франция 0.0 0.854 0.0
великобритания 0.0 0.699 0.0
сша 0.003 0.469 0.001
крайне 0.003 0.721 0.002
важно.к 0.0 2.0 0.0
огромный 0.0 0.721 0.0
сожаление 0.0 0.553 0.0
сегодня 0.0 0.638 0.0
невозможно 0.002 0.602 0.001
предсказать 0.0 1.301 0.0
принимать 0.0 0.432 0.0
решение 0.001 0.347 0.0
элита 0.001 1.301 0.001
поэтому 0.001 0.328 0.0
удаться 0.0 0.456 0.0
сформировать 0.0 1.699 0.0
новый 0.0 0.187 0.0
союз 0.0 0.886 0.0
хотеть 0.001 0.102 0.0
точно 0.001 0.481 0.0
отвечать 0.0 0.456 0.0
современный 0.0 0.959 0.0
центр 0.0 0.432 0.0
попасть 0.0 0.409 0.0
страна-партнёр 0.0 1.699 0.0
подписывать 0.0 1.046 0.0
обладать 0.0 1.097 0.0
такой 0.002 0.114 0.0
обычный 0.0 0.509 0.0
кроме 0.001 0.387 0.0
предлагать 0.001 0.602 0.001
швейцарский 0.0 1.301 0.0
армия 0.003 0.721 0.002
объём 0.0 1.0 0.0
резерв 0.0 1.222 0.0
проходить 0.0 0.495 0.0
постоянный 0.0 1.046 0.0
обучение 0.0 1.523 0.0
оптимальный 0.0 1.155 0.0
нейтральный 0.0 1.301 0.0
статус 0.0 1.155 0.0
деталь 0.0 1.155 0.0
численность 0.0 1.398 0.0
вооружённый 0.001 1.0 0.001
сила 0.001 0.456 0.0
развернуть 0.0 1.301 0.0
проговариваться 0.0 2.0 0.0
приоритет 0.0 1.301 0.0
интерес 0.0 0.155 0.0
ключевой 0.002 0.886 0.002
пострадать 0.0 0.796 0.0
прямой 0.001 0.658 0.001
агрессия 0.0 1.301 0.0
очевидный 0.0 0.678 0.0
обойтись 0.0 1.222 0.0
правильно 0.0 0.824 0.0
консультация 0.0 1.046 0.0
идти 0.001 0.222 0.0
целый 0.0 0.658 0.0
рядом 0.0 0.854 0.0
коммуникация 0.0 1.155 0.0
джо 0.0 2.0 0.0
байден 0.0 1.398 0.0
выступать 0.0 0.658 0.0
конгресс 0.001 1.155 0.001
чёткий 0.0 1.0 0.0
речь 0.0 0.398 0.0
несколько 0.002 0.187 0.0
самый 0.0 0.208 0.0
близкий 0.0 0.347 0.0
заинтересовать 0.0 1.699 0.0
большой 0.0 0.347 0.0
симпатия 0.0 1.523 0.0
усилие 0.0 1.046 0.0
турция 0.0 1.222 0.0
польша 0.0 0.854 0.0
израиль 0.001 0.921 0.001
несмотря 0.001 0.456 0.0
сложный 0.0 0.602 0.0
ситуация 0.001 0.337 0.0
регион 0.0 0.638 0.0
чувствительно 0.0 1.699 0.0
начать 0.002 0.276 0.001
интенсивно 0.001 1.523 0.002
поддерживать 0.0 0.569 0.0
иран 0.0 1.699 0.0
хамас 0.0 2.0 0.0
менее 0.001 0.432 0.0
брать 0.002 0.77 0.002
активный 0.0 0.796 0.0
посредник 0.001 1.222 0.001
фон 0.0 0.745 0.0
совместный 0.0 0.886 0.0
защита 0.0 0.569 0.0
думать 0.001 0.456 0.0
многий 0.0 0.495 0.0
понравиться 0.0 1.398 0.0
многие 0.0 0.284 0.0
присоединиться 0.0 1.046 0.0
тип 0.0 0.796 0.0
выступление 0.0 0.959 0.0
drew 0.0 1.699 0.0
angerer 0.0 1.699 0.0
financial 0.0 1.222 0.0
times 0.0 0.699 0.0
писать 0.0 0.347 0.0
подготовить 0.0 0.854 0.0
черновик 0.0 2.0 0.0
план 0.0 0.658 0.0
пункт 0.001 0.721 0.001
перемирие 0.001 2.0 0.002
вывод 0.001 0.886 0.001
объявление 0.0 1.398 0.0
сокращение 0.0 0.959 0.0
обязательство 0.0 1.398 0.0
вступление 0.0 1.301 0.0
базовый 0.0 1.155 0.0
окончание 0.0 1.097 0.0
остальной 0.0 0.553 0.0
маленький 0.0 0.328 0.0
дополнительный 0.0 0.77 0.0
территориальный 0.0 1.046 0.0
обсуждение 0.0 1.301 0.0
предмет 0.0 1.155 0.0
отдельный 0.0 0.678 0.0
болезненный 0.0 1.301 0.0
отказ 0.0 0.77 0.0
один 0.001 0.119 0.0
другой 0.0 0.097 0.0
странный 0.0 1.301 0.0
инсайд 0.0 2.0 0.0
знать 0.002 0.244 0.0
откуда 0.0 1.046 0.0
человек 0.006 0.092 0.001
аспект 0.0 1.398 0.0
заключение 0.0 1.046 0.0
немедленный 0.0 2.0 0.0
подписание 0.0 1.699 0.0
гарант 0.0 2.0 0.0
выступить 0.0 0.721 0.0
рамка 0.001 1.0 0.001
гарантировать 0.0 0.854 0.0
столкнется.без 0.0 2.0 0.0
бессмысленно 0.0 2.0 0.0
заканчивать 0.0 1.523 0.0
заключить 0.0 1.097 0.0
лавров 0.001 1.523 0.002
сергей 0.0 0.796 0.0
назад 0.004 0.18 0.001
разный 0.0 0.276 0.0
площадка 0.0 0.796 0.0
полный 0.001 0.377 0.0
серьёз 0.001 2.0 0.002
кто 0.0 0.377 0.0
нападать 0.0 2.0 0.0
… 0.0 1.301 0.0
мировоззрение 0.0 1.699 0.0
сидеть 0.001 0.77 0.001
эфир 0.001 0.959 0.001
европейский 0.0 0.602 0.0
телеканал 0.0 0.854 0.0
напасть 0.0 1.699 0.0
харьков 0.001 0.886 0.001
сума 0.0 1.301 0.0
чернигов 0.0 1.046 0.0
разрушить 0.001 0.77 0.001
снести 0.0 1.699 0.0
тысяча 0.001 0.31 0.0
потерять 0.001 0.854 0.001
собственный 0.0 0.569 0.0
солдат 0.001 0.886 0.001
атаковать 0.0 1.046 0.0
глаз 0.001 0.77 0.001
дёргаться 0.0 2.0 0.0
зрачок 0.0 2.0 0.0
расширяться 0.0 1.699 0.0
наверное 0.002 0.921 0.002
необходимо 0.0 0.585 0.0
бояться 0.0 0.699 0.0
ложь 0.0 1.222 0.0
значит 0.0 0.444 0.0
вы 0.0 1.0 0.0
иметь 0.001 0.337 0.0
отношение 0.0 0.509 0.0
приезжать 0.0 0.921 0.0
качество 0.0 0.553 0.0
врать 0.0 1.222 0.0
действенный 0.0 1.699 0.0
инструмент 0.0 0.854 0.0
возврат 0.0 1.523 0.0
состояние 0.0 0.721 0.0
дипломат 0.0 1.155 0.0
покидать 0.0 1.046 0.0
зал 0.0 1.222 0.0
заседание 0.0 1.097 0.0
совет 0.0 0.721 0.0
оон 0.0 1.222 0.0
женева 0.0 2.0 0.0
швейцария 0.0 1.301 0.0
salvatore 0.0 1.699 0.0
di 0.0 1.699 0.0
nolfi 0.0 1.699 0.0
epa 0.0 0.959 0.0
пресс-секретарь 0.0 1.155 0.0
путин 0.003 0.523 0.002
дмитрий 0.0 0.62 0.0
песок 0.0 1.097 0.0
заявить 0.0 0.553 0.0
фигурировать 0.0 1.523 0.0
тема 0.0 0.678 0.0
каждый 0.0 0.244 0.0
москва 0.0 0.523 0.0
просить 0.001 0.886 0.001
снятие 0.0 1.398 0.0
запросный 0.0 2.0 0.0
ввести 0.0 0.538 0.0
государство 0.001 0.569 0.001
считать 0.0 0.319 0.0
санкционный 0.0 1.398 0.0
блестяще 0.0 2.0 0.0
заставлять 0.0 1.097 0.0
задуматься 0.0 2.0 0.0
вводить 0.0 0.886 0.0
отменить 0.001 0.921 0.001
второй 0.0 0.357 0.0
понять 0.001 0.495 0.0
нужно 0.001 0.237 0.0
война-то 0.0 2.0 0.0
журналист 0.0 0.481 0.0
летать 0.0 1.301 0.0
дрон 0.0 1.523 0.0
ехать 0.0 1.0 0.0
убивать 0.0 0.824 0.0
гражданин 0.0 0.553 0.0
фиксироваться 0.001 1.301 0.001
доказать 0.0 0.886 0.0
юридически 0.001 1.699 0.002
зафиксировать 0.0 0.921 0.0
преступление 0.001 1.046 0.001
почему 0.002 0.337 0.001
одновременно 0.001 0.796 0.001
отправлять 0.0 1.0 0.0
нарушать 0.0 1.155 0.0
правило 0.002 0.066 0.0
ведение 0.0 1.523 0.0
воевать 0.001 0.886 0.001
спокойно 0.0 0.824 0.0
требовать 0.0 0.658 0.0
завтра 0.0 1.523 0.0
тяжёлый 0.0 0.377 0.0
процесс.м 0.0 2.0 0.0
естественно 0.0 1.155 0.0
немой 0.0 0.585 0.0
наложить 0.0 1.523 0.0
глобальный 0.0 1.301 0.0
отмена 0.0 1.398 0.0
привязать 0.0 2.0 0.0
конкретный 0.0 0.658 0.0
действие 0.0 0.409 0.0
инфраструктурный 0.0 1.699 0.0
объект 0.0 0.886 0.0
давать 0.0 0.31 0.0
учитывать 0.0 0.854 0.0
последствие 0.002 0.523 0.001
экономика 0.001 0.796 0.001
рейтинг 0.001 1.0 0.001
упасть 0.001 0.77 0.001
наверстать 0.001 1.222 0.001
пропаганда 0.001 0.745 0.001
экономист 0.001 1.046 0.001
максим 0.001 0.796 0.001
ананьев 0.001 1.222 0.001
неочевидный 0.001 1.097 0.001
час 0.001 0.538 0.001
компенсация 0.0 1.301 0.0
привязка 0.001 2.0 0.002
накладывать 0.0 1.699 0.0
увидеть 0.0 0.553 0.0
мотивация 0.0 1.301 0.0
снимать 0.0 0.824 0.0
делать 0.002 0.18 0.0
корпоративный 0.0 1.523 0.0
коллегиальный 0.0 2.0 0.0
территория 0.001 0.62 0.001
общежитие 0.0 1.523 0.0
условно 0.0 1.398 0.0
сосуществование 0.0 1.699 0.0
зайти 0.0 1.301 0.0
сломать 0.0 1.699 0.0
инфраструктура 0.0 1.301 0.0
вместе 0.0 0.602 0.0
ты 0.0 1.0 0.0
пара 0.0 0.658 0.0
ракета 0.0 1.0 0.0
крылатый 0.0 2.0 0.0
послать 0.0 1.398 0.0
кофе 0.0 2.0 0.0
попить 0.0 1.523 0.0
нормально 0.0 1.097 0.0
научиться 0.001 1.301 0.001
аргументировать 0.0 1.523 0.0
поступок 0.0 1.398 0.0
продолжать 0.0 0.292 0.0
заниматься 0.001 0.62 0.001
придумывать 0.0 1.398 0.0
немыслимый 0.0 2.0 0.0
биолаборатория 0.0 2.0 0.0
помочь 0.0 0.125 0.0
твой 0.0 1.046 0.0
состоятельность 0.0 2.0 0.0
кремль 0.001 0.824 0.001
крым 0.001 0.854 0.001
часть 0.002 0.377 0.001
самопровозглашённый 0.0 1.523 0.0
днр 0.0 0.959 0.0
лнр 0.0 1.0 0.0
независимый 0.0 0.409 0.0
пойти 0.0 0.509 0.0
уступка 0.0 1.699 0.0
компромисс 0.0 1.523 0.0
запросить 0.0 1.699 0.0
они 0.0 0.538 0.0
целостность 0.0 1.699 0.0
незыблемый 0.0 2.0 0.0
де-юре 0.0 2.0 0.0
арк 0.0 2.0 0.0
автономный 0.0 1.398 0.0
республика 0.0 0.921 0.0
ордло 0.0 2.0 0.0
район 0.0 0.678 0.0
донецкий 0.0 1.155 0.0
луганский 0.0 1.398 0.0
лднр 0.0 1.699 0.0
оставаться 0.0 0.387 0.0
эффективный 0.0 0.553 0.0
управление 0.001 0.824 0.001
временно 0.0 1.301 0.0
администрация 0.0 0.959 0.0
статус-кво 0.0 2.0 0.0
назвать 0.0 0.569 0.0
озвучивать 0.0 1.699 0.0
повторять 0.0 1.222 0.0
отличие 0.001 0.699 0.001
россиянин 0.0 0.444 0.0
придерживаться 0.001 1.398 0.001
переговорщик 0.0 2.0 0.0
мнение 0.0 0.509 0.0
выбрать 0.0 0.886 0.0
именно 0.001 0.244 0.0
формирование 0.0 1.222 0.0
состав 0.001 0.745 0.001
конструктивный 0.0 1.699 0.0
интеллектуальный 0.0 1.222 0.0
аргумент 0.002 0.62 0.001
слушать 0.0 1.046 0.0
возможно 0.0 0.398 0.0
исторически 0.0 2.0 0.0
воспринимать 0.0 1.222 0.0
иначе 0.0 0.745 0.0
внутренний 0.0 0.745 0.0
процесс 0.0 0.538 0.0
подчеркнуть 0.0 1.398 0.0
корректно 0.0 1.398 0.0
адекватно 0.0 1.699 0.0
забыть 0.001 1.046 0.001
историк 0.001 1.523 0.002
случай 0.001 0.194 0.0
попросить 0.0 0.699 0.0
прокомментировать 0.0 1.301 0.0
донбасс 0.0 0.959 0.0
также 0.001 0.237 0.0
денацификация 0.001 1.699 0.002
лежать 0.001 0.824 0.001
вид 0.0 0.398 0.0
существенно 0.0 0.721 0.0
отличаться 0.0 0.553 0.0
формулировка 0.0 1.301 0.0
точка 0.0 0.444 0.0
зрение 0.0 0.585 0.0
тонкий 0.0 1.523 0.0
материя 0.0 2.0 0.0
видение 0.0 2.0 0.0
высказать 0.0 1.155 0.0
достигнуть 0.0 0.824 0.0
по-прежнему 0.001 0.824 0.001
звучать 0.0 0.959 0.0
выложить 0.0 1.046 0.0
запрос 0.0 1.301 0.0
внутри 0.0 0.745 0.0
цивилизованный 0.0 2.0 0.0
вестись 0.0 1.097 0.0
подвижка 0.0 2.0 0.0
пытаться 0.0 0.409 0.0
сомкнуть 0.0 2.0 0.0
кольцо 0.0 1.222 0.0
вокруг 0.0 0.721 0.0
агломерация 0.0 2.0 0.0
окружить 0.0 1.222 0.0
хороший 0.0 0.377 0.0
построить 0.0 1.097 0.0
оборона 0.0 0.959 0.0
отличный 0.0 1.398 0.0
военно-гражданский 0.0 2.0 0.0
направление 0.0 0.886 0.0
просчитать 0.0 1.699 0.0
подготовка 0.0 0.886 0.0
среднее 0.0 0.77 0.0
высокий 0.0 0.495 0.0
командный 0.0 2.0 0.0
больший 0.0 0.328 0.0
сомнение 0.0 0.959 0.0
принцип 0.001 0.638 0.001
проводить 0.0 0.509 0.0
операция 0.0 0.721 0.0
совершать 0.0 1.222 0.0
двух-треха 0.0 2.0 0.0
попытка 0.0 0.921 0.0
предприниматься 0.0 1.699 0.0
привести 0.0 0.456 0.0
пригород 0.0 1.046 0.0
полностью 0.0 0.538 0.0
классный 0.0 1.523 0.0
городок 0.0 2.0 0.0
вкладываться 0.0 1.523 0.0
деньга 0.0 0.602 0.0
20–30 0.0 1.398 0.0
армад 0.0 2.0 0.0
бронетехника 0.0 1.699 0.0
отогнать 0.0 1.699 0.0
бороться 0.0 0.796 0.0
переть 0.0 2.0 0.0
враг 0.0 1.046 0.0
репортаж 0.003 0.678 0.002
навсегда 0.001 0.854 0.001
изменить 0.001 0.538 0.001
киевлянин 0.001 1.0 0.001
прямо 0.001 0.357 0.0
готовиться 0.001 0.959 0.001
осада 0.001 0.854 0.001
спецкор 0.001 0.921 0.001
лилия 0.001 1.046 0.001
яппаровой 0.001 1.046 0.001
коридор 0.002 0.959 0.002
подгруппа 0.001 2.0 0.002
красный 0.0 1.097 0.0
крест 0.0 1.699 0.0
откуда-то 0.0 1.699 0.0
забирать 0.0 1.699 0.0
например 0.001 0.229 0.0
мариуполь 0.002 0.77 0.002
личный 0.0 0.678 0.0
причина 0.0 0.398 0.0
превратить 0.0 1.222 0.0
руина 0.001 2.0 0.002
тотальный 0.0 1.301 0.0
алеппо 0.0 2.0 0.0
довести 0.0 1.699 0.0
безумие 0.0 1.398 0.0
задумка 0.0 2.0 0.0
генштаб 0.0 2.0 0.0
минобороны 0.0 1.046 0.0
творить 0.0 1.523 0.0
поддаваться 0.0 1.398 0.0
закольцевать 0.0 2.0 0.0
нацистский 0.0 1.301 0.0
батальон 0.0 1.398 0.0
утюжить 0.0 1.699 0.0
практически 0.001 0.602 0.001
выбраться 0.0 1.0 0.0
показать 0.0 0.432 0.0
путинский 0.0 1.222 0.0
ребёнок 0.0 0.387 0.0
плачущий 0.0 1.301 0.0
врач 0.0 0.509 0.0
стратегически 0.0 1.301 0.0
захватить 0.0 0.959 0.0
стирать 0.0 1.097 0.0
земля 0.0 0.796 0.0
associated 0.0 1.155 0.0
press 0.0 0.824 0.0
театр 0.0 1.097 0.0
укрываться 0.0 1.398 0.0
сотня 0.0 0.721 0.0
оружие 0.0 0.921 0.0
решать 0.0 1.097 0.0
помочьглавный 0.0 2.0 0.0
двадцать 0.0 0.959 0.0
неужели 0.0 1.155 0.0
сфальсифицировать 0.0 1.301 0.0
обстрел 0.0 0.678 0.0
роддом 0.0 1.0 0.0
спойлер 0.0 0.796 0.0
разбирать 0.0 0.854 0.0
главный 0.0 0.276 0.0
пропагандистский 0.0 1.222 0.0
миф 0.0 1.046 0.0
вице-премьер 0.0 1.222 0.0
ирина 0.0 1.301 0.0
верещука 0.0 2.0 0.0
обмен 0.001 1.097 0.001
пленный 0.002 1.699 0.003
немыслимо 0.0 1.699 0.0
500–600 0.0 1.699 0.0
отдать 0.0 0.959 0.0
убитый 0.0 1.523 0.0
военнослужащий 0.0 1.398 0.0
поле 0.0 1.155 0.0
прекращаться 0.0 1.398 0.0
боевой 0.0 0.77 0.0
волновать 0.0 1.523 0.0
поиск 0.0 1.222 0.0
погибнуть 0.0 0.824 0.0
испытывать 0.0 1.0 0.0
продукт 0.0 0.678 0.0
питание 0.0 1.222 0.0
вода 0.0 0.638 0.0
лекарство 0.0 0.569 0.0
реально 0.0 0.959 0.0
постоянно 0.001 0.62 0.001
рабочий 0.0 0.886 0.0
группа 0.0 0.387 0.0
забрать 0.0 1.046 0.0
труп 0.0 1.301 0.0
провести 0.0 0.538 0.0
согласный 0.0 1.0 0.0
начинается… 0.0 2.0 0.0
обратиться 0.0 0.658 0.0
бесполётный 0.0 1.699 0.0
зона 0.0 0.921 0.0
опасаться 0.0 1.046 0.0
действовать 0.0 0.602 0.0
жёсткий 0.0 0.678 0.0
применение 0.0 0.721 0.0
немножко 0.0 1.222 0.0
фантастический 0.0 2.0 0.0
сюжет 0.0 1.222 0.0
подойти 0.0 1.097 0.0
чрезвычайно 0.001 2.0 0.002
стократ 0.0 2.0 0.0
желательно 0.0 1.523 0.0
политик 0.0 1.155 0.0
перестать 0.0 0.678 0.0
казаться 0.0 0.409 0.0
сильный 0.0 0.553 0.0
угроза 0.0 0.824 0.0
пусть 0.002 0.921 0.002
ответственный 0.0 1.097 0.0
закрыть 0.001 0.959 0.001
небо 0.001 1.301 0.001
гибнуть 0.0 1.155 0.0
уметь 0.0 0.921 0.0
ребята 0.0 1.046 0.0
спуститься 0.0 1.699 0.0
конец 0.0 0.444 0.0
мастерски 0.0 2.0 0.0
звёздочка 0.0 2.0 0.0
повесить 0.0 1.699 0.0
погон 0.0 2.0 0.0
регулярно 0.0 1.0 0.0
смотреть 0.0 0.62 0.0
видеообращение 0.0 1.398 0.0
обращать 0.0 1.097 0.0
внимание 0.0 0.523 0.0
выглядит… 0.0 2.0 0.0
успевать 0.0 1.301 0.0
спать 0.0 1.097 0.0
подвергаться 0.0 0.959 0.0
продумать 0.0 1.523 0.0
человек.он 0.0 2.0 0.0
чётко 0.0 1.0 0.0
распределять 0.0 1.523 0.0
менеджер 0.0 1.301 0.0
эффективно 0.0 1.046 0.0
управлять 0.0 1.155 0.0
оборонный 0.0 1.523 0.0
инициатива 0.0 1.046 0.0
военный 0.0 0.444 0.0
восстанавливать 0.0 2.0 0.0
тратить 0.0 1.301 0.0
временина 0.0 2.0 0.0
поддержание 0.0 1.523 0.0
тонус 0.0 2.0 0.0
активно 0.0 0.77 0.0
мягко 0.0 1.301 0.0
спорт 0.0 1.301 0.0
прибегать 0.0 1.301 0.0
различный 0.0 0.921 0.0
нагрузка 0.0 0.959 0.0
мало 0.0 0.538 0.0
четыре 0.0 0.509 0.0
сирена 0.0 1.301 0.0
находиться 0.0 0.367 0.0
работа 0.0 0.357 0.0
оперативный 0.0 1.398 0.0
особо 0.0 1.097 0.0
сильно 0.0 0.509 0.0
посидеть 0.0 1.699 0.0
коктейль 0.0 1.523 0.0
ресторане… 0.0 2.0 0.0
ресторан-то 0.0 2.0 0.0
напоследок 0.0 2.0 0.0
результат 0.0 0.367 0.0
чрезмерно 0.0 2.0 0.0
увлечься 0.0 2.0 0.0
исторический 0.0 0.921 0.0
наука 0.0 1.301 0.0
честно 0.0 1.0 0.0
анализировать 0.0 1.398 0.0
мотив 0.0 1.398 0.0
часто 0.0 0.456 0.0
факт 0.0 0.638 0.0
браться 0.0 1.523 0.0
опираться 0.0 1.097 0.0
читать 0.0 0.444 0.0
реальность 0.0 0.77 0.0
изначально 0.0 0.959 0.0
неправдивый 0.0 2.0 0.0
операционный 0.0 1.523 0.0
поставлять 0.001 1.155 0.001
репрессия 0.001 1.222 0.001
5-й 0.001 1.301 0.001
служба 0.001 0.678 0.001
фсб 0.001 1.155 0.001
накануне 0.001 1.046 0.001
обеспечивать 0.001 0.824 0.001
беседовать 0.0 1.301 0.0
редакция 0.001 0.066 0.0
кодекс 0.0 0.066 0.0
блог 0.0 0.066 0.0
meduzacare 0.0 0.066 0.0
связаться 0.0 0.066 0.0
анонимно 0.0 0.066 0.0
ios 0.0 0.066 0.0
android 0.0 0.066 0.0
инстаграм 0.0 0.066 0.0
twitter 0.0 0.0 0.0
facebook 0.0 0.0 0.0
вконтакте 0.0 0.066 0.0
youtube 0.0 0.06 0.0
– 0.0 0.06 0.0
live 0.0 0.022 0.0
вечерний 0.0 0.066 0.0
реклама 0.001 0.066 0.0
баннер 0.0 0.066 0.0
безопасно 0.0 0.066 0.0
персональный 0.0 0.066 0.0
дать 0.0 0.066 0.0
обработка 0.0 0.066 0.0
использование 0.0 0.066 0.0
кук 0.0 0.066 0.0
наслать 0.0 0.066 0.0
ошибка 0.0 0.066 0.0
выделить 0.0 0.066 0.0
нажать 0.0 0.066 0.0
ctrl+enter 0.0 0.066 0.0
спасибоgiphyз 0.0 0.066 0.0
гифка 0.0 0.066 0.0
© 0.0 0.0 0.0
