перейти 0.001 0.066 0.0
материал 0.002 0.066 0.0
связь 0.001 0.0 0.0
новостиисторииразборшапитокоронавирусмагаз 0.001 0.066 0.0
медуза 0.01 0.066 0.001
рекламаmeduza 0.001 0.066 0.0
in 0.001 0.0 0.0
english 0.001 0.06 0.0
показывать 0.001 0.066 0.0
порядок 0.001 0.066 0.0
en 0.001 0.066 0.0
кнопка 0.001 0.066 0.0
поддержка 0.001 0.066 0.0
новость 0.001 0.357 0.0
покинуть 0.003 0.745 0.002
свой 0.015000000000000003 0.143 0.002
пост 0.003 0.638 0.002
коллега 0.005 0.796 0.004
время 0.005 0.086 0.0
крупный 0.004 0.523 0.002
ядерный 0.006 1.097 0.007
авария 0.009999999999999998 1.222 0.012
год 0.009000000000000001 0.119 0.001
чернобыльский 0.007 1.155 0.008
аэс 0.014 1.398 0.02
неделя 0.004 0.328 0.001
работать 0.005 0.102 0.001
один 0.002 0.119 0.0
тот 0.001 0.131 0.0
смена 0.009000000000000001 1.046 0.009
сотрудник 0.009000000000000001 0.658 0.006
станция 0.019 1.097 0.021
стать 0.006 0.149 0.001
заложник 0.003 1.222 0.004
российский 0.017 0.071 0.001
военный 0.011 0.444 0.005
март 0.006 0.284 0.002
источник 0.001 0.167 0.0
the 0.003 0.481 0.001
wall 0.003 1.398 0.004
street 0.003 1.301 0.004
journal 0.003 1.398 0.004
данный 0.002 0.097 0.0
сообщение 0.003 0.102 0.0
создать 0.002 0.097 0.0
распространить 0.001 0.102 0.0
иностранный 0.004 0.097 0.0
средство 0.001 0.097 0.0
массовый 0.001 0.097 0.0
информация 0.002 0.102 0.0
выполнять 0.003 0.097 0.0
функция 0.003 0.097 0.0
агент 0.003 0.097 0.0
юридический 0.001 0.102 0.0
лицо 0.001 0.086 0.0
мы 0.004 0.066 0.0
нужный 0.001 0.086 0.0
ваш 0.001 0.081 0.0
помощь 0.001 0.071 0.0
пожалуйста 0.001 0.102 0.0
поддержать 0.003 0.066 0.0
gleb 0.001 2.0 0.002
garanich 0.001 2.0 0.002
reuters 0.001 0.745 0.001
scanpix 0.003 0.301 0.001
leta 0.003 0.301 0.001
первый 0.001 0.143 0.0
объект 0.001 0.886 0.001
захватить 0.005 0.959 0.005
ход 0.001 0.796 0.001
специальный 0.002 0.638 0.001
операция 0.001 0.721 0.001
украина 0.010000000000000002 0.347 0.003
результат 0.003 0.367 0.001
который 0.006 0.071 0.0
полностью 0.001 0.538 0.001
разрушить 0.002 0.77 0.002
4-й 0.001 1.699 0.002
энергоблок 0.002 2.0 0.004
окружающий 0.001 1.301 0.001
среда 0.001 1.222 0.001
выбросить 0.001 1.699 0.002
тонна 0.001 1.523 0.002
радиоактивный 0.004 2.0 0.008
вещество 0.001 1.0 0.001
чаэс 0.009 1.699 0.015
законсервировать 0.001 1.699 0.002
реактор 0.001 1.699 0.002
возвести 0.001 2.0 0.002
бетонный 0.001 1.699 0.002
затем 0.004 0.678 0.003
дополнительный 0.001 0.77 0.001
стальной 0.001 2.0 0.002
саркофаг 0.004 2.0 0.008
остальной 0.001 0.553 0.001
последовательно 0.001 1.398 0.001
остановить 0.002 0.523 0.001
вокруг 0.003 0.721 0.002
установить 0.001 0.721 0.001
30-километровый 0.001 2.0 0.002
зона 0.006 0.921 0.006
отчуждение 0.005 1.523 0.008
однако 0.003 0.337 0.001
технический 0.001 0.959 0.001
персонал 0.009000000000000001 1.699 0.015
следить 0.001 0.796 0.001
поддержание 0.001 1.523 0.002
температура 0.001 0.824 0.001
циркуляция 0.002 1.523 0.003
вода 0.004 0.638 0.003
отработать 0.002 1.699 0.003
топливо 0.002 1.523 0.003
человек 0.005 0.092 0.0
приезжать 0.001 0.921 0.001
посменно 0.001 1.699 0.002
город 0.003 0.409 0.001
славутич 0.003 2.0 0.006
построить 0.001 1.097 0.001
вскоре 0.004 1.0 0.004
километр 0.001 1.046 0.001
начало 0.002 0.26 0.001
война 0.006 0.357 0.002
суть 0.001 0.959 0.001
превратиться 0.001 0.886 0.001
тюрьма 0.001 1.523 0.002
находиться 0.001 0.367 0.0
солдат 0.004 0.886 0.004
журналист 0.003 0.481 0.001
поговорить 0.001 0.62 0.001
родственник 0.004 0.745 0.003
руководство 0.004 0.796 0.003
предприятие 0.004 0.959 0.004
пересказывать 0.001 1.222 0.001
статья 0.001 0.553 0.001
издание 0.001 0.481 0.0
перерыв 0.001 1.301 0.001
столько 0.003 0.921 0.003
проводить 0.001 0.509 0.001
ликвидатор 0.001 2.0 0.002
взрыв 0.001 0.959 0.001
нервничать 0.001 1.398 0.001
февраль 0.004 0.337 0.001
заметить 0.002 0.886 0.002
скопление 0.001 1.398 0.001
граница 0.001 0.658 0.001
беларусь 0.001 1.301 0.001
ночной 0.003 1.301 0.004
бригада 0.001 1.222 0.001
решить 0.001 0.398 0.0
остаться 0.004 0.432 0.002
12-часовой 0.001 2.0 0.002
возвращаться 0.002 0.854 0.002
поезд 0.001 1.155 0.001
начальник 0.001 1.222 0.001
валентина 0.001 2.0 0.002
гейко 0.01 2.0 0.02
позвонить 0.002 1.155 0.002
соседний 0.001 1.222 0.001
припять 0.001 2.0 0.002
сообщить 0.002 0.638 0.001
начаться 0.001 0.367 0.0
перестрелка 0.002 1.523 0.003
украинский 0.008 0.538 0.004
пограничник 0.001 2.0 0.002
поступить 0.001 0.921 0.001
срочный 0.001 1.398 0.001
эвакуация 0.003 1.301 0.004
местный 0.001 0.602 0.001
житель 0.001 0.456 0.0
момент 0.003 0.387 0.001
обсуждать 0.001 0.745 0.001
стоить 0.001 0.469 0.0
покидать 0.001 1.046 0.001
рабочий 0.005 0.886 0.004
место 0.005 0.409 0.002
произойти 0.002 0.638 0.001
очень 0.001 0.149 0.0
внезапно 0.001 1.523 0.002
словно 0.001 1.398 0.001
второй 0.003 0.357 0.001
мировой 0.001 0.721 0.001
говорить 0.002 0.18 0.0
аудиосообщение 0.001 2.0 0.002
слышать 0.001 0.745 0.001
wsj 0.004 2.0 0.008
непонятно 0.001 0.921 0.001
делать 0.003 0.18 0.001
протокол 0.001 1.0 0.001
случай 0.002 0.194 0.0
созвониться 0.001 1.699 0.002
гендиректор 0.001 1.222 0.001
курировать 0.001 1.699 0.002
работа 0.005 0.357 0.002
вдвоём 0.001 1.523 0.002
принять 0.001 0.42 0.0
решение 0.001 0.347 0.0
продолжить 0.001 0.921 0.001
около 0.001 0.432 0.0
поднимать 0.001 1.301 0.001
пыль 0.001 1.523 0.002
двигаться 0.001 0.921 0.001
колонна 0.001 1.0 0.001
танк 0.001 0.854 0.001
бтр 0.001 1.699 0.002
достигнуть 0.001 0.824 0.001
оцепить 0.001 2.0 0.002
охрана 0.002 1.398 0.003
участник 0.001 0.658 0.001
нацгвардия 0.001 1.699 0.002
предложить 0.001 0.699 0.001
вступать 0.002 1.523 0.003
начать 0.001 0.276 0.0
переговоры 0.001 0.921 0.001
минобороны 0.001 1.046 0.001
россия 0.004 0.108 0.0
подъехать 0.001 2.0 0.002
пять 0.001 0.432 0.0
грузовик 0.001 1.523 0.002
объявить 0.001 0.553 0.001
брать 0.001 0.77 0.001
контроль 0.001 0.585 0.001
занять 0.001 0.921 0.001
этаж 0.001 1.398 0.001
располагаться 0.001 1.301 0.001
столовая 0.001 1.699 0.002
приставить 0.001 2.0 0.002
вооружённый 0.001 1.0 0.001
здание 0.001 0.854 0.001
снять 0.002 1.222 0.002
флаг 0.001 1.0 0.001
подобрать 0.001 1.523 0.002
спрятать 0.001 1.523 0.002
кабинет 0.001 1.222 0.001
появиться 0.001 0.367 0.0
съёмочный 0.001 2.0 0.002
группа 0.001 0.387 0.0
телевидение 0.001 1.222 0.001
планировать 0.001 0.886 0.001
доставлять 0.001 1.398 0.001
хлеб 0.001 1.301 0.001
продовольствие 0.001 1.699 0.002
техник 0.001 2.0 0.002
призвать 0.001 0.886 0.001
громкоговоритель 0.002 2.0 0.004
позволять 0.002 0.585 0.001
снимать 0.001 0.824 0.001
пропаганда 0.001 0.745 0.001
сам 0.002 0.137 0.0
надеть 0.001 1.301 0.001
синий 0.001 1.398 0.001
комбинезон 0.002 2.0 0.004
выдать 0.001 1.097 0.001
работник 0.003 0.824 0.002
телесюжет 0.001 2.0 0.002
поздний 0.001 0.745 0.001
некоторый 0.002 0.222 0.0
зритель 0.001 1.222 0.001
логотип 0.001 1.523 0.002
французский 0.001 1.097 0.001
консорциум 0.001 2.0 0.002
novarka 0.001 2.0 0.002
прекратить 0.001 0.824 0.001
чернобыль 0.004 2.0 0.008
мочь 0.001 0.102 0.0
тайно 0.001 2.0 0.002
созваниваться 0.001 1.398 0.001
просачиваться 0.001 2.0 0.002
наружу 0.001 1.699 0.002
отобрать 0.001 1.699 0.002
мобильный 0.001 1.222 0.001
телефон 0.001 0.745 0.001
спать 0.001 1.097 0.001
стул 0.001 1.523 0.002
груда 0.001 2.0 0.002
одежда 0.001 0.921 0.001
прямо 0.001 0.357 0.0
рядом 0.001 0.854 0.001
рацион 0.001 1.523 0.002
сократиться 0.001 1.222 0.001
каша 0.001 2.0 0.002
консервы 0.001 1.699 0.002
разговор 0.001 0.745 0.001
заявить 0.004 0.553 0.002
психологический 0.001 1.301 0.001
ситуация 0.003 0.337 0.001
стремительно 0.001 1.523 0.002
ухудшаться 0.001 1.523 0.002
домой 0.003 0.824 0.002
рассказывать 0.001 0.337 0.0
сильный 0.001 0.553 0.001
усталость 0.001 1.398 0.001
головокружение 0.001 2.0 0.002
тошнота 0.001 1.699 0.002
ужасный 0.001 1.301 0.001
головной 0.001 1.155 0.001
боль 0.001 0.699 0.001
другой 0.002 0.097 0.0
жаловаться 0.001 0.921 0.001
проблема 0.001 0.347 0.0
щитовидный 0.001 2.0 0.002
железа 0.001 2.0 0.002
высокий 0.002 0.495 0.001
давление 0.001 0.699 0.001
необходимый 0.001 0.638 0.001
медикамент 0.001 1.222 0.001
периодически 0.001 1.046 0.001
выдерживать 0.001 1.523 0.002
яростный 0.001 2.0 0.002
спор 0.001 1.046 0.001
надсмотрщик 0.001 2.0 0.002
устраивать 0.001 0.886 0.001
акт 0.001 1.398 0.001
неповиновение 0.001 1.699 0.002
каждый 0.001 0.244 0.0
утро 0.001 1.046 0.001
час 0.001 0.538 0.001
слушать 0.001 1.046 0.001
гимн 0.001 1.398 0.001
журнал 0.001 0.77 0.001
отметка 0.001 1.523 0.002
приём 0.001 0.921 0.001
валентин 0.001 1.699 0.002
отпраздновать 0.001 1.523 0.002
неволя 0.001 2.0 0.002
собственный 0.001 0.569 0.001
60-летие 0.001 2.0 0.002
государственный 0.002 0.523 0.001
инспекция 0.001 1.523 0.002
регулирование 0.001 1.523 0.002
выпустить 0.001 0.699 0.001
заявление 0.001 0.62 0.001
счёт 0.001 0.721 0.001
поблагодарить 0.001 1.523 0.002
выдержка 0.001 2.0 0.002
передать 0.001 0.959 0.001
оставаться 0.001 0.387 0.0
равно 0.001 0.638 0.001
это 0.004 0.066 0.0
долг 0.001 1.301 0.001
трудиться 0.001 1.699 0.002
сколько 0.001 0.585 0.001
потребоваться 0.001 0.921 0.001
хотеть 0.001 0.102 0.0
вернуться 0.001 0.638 0.001
знать 0.001 0.244 0.0
нужно 0.001 0.237 0.0
цитировать 0.001 1.155 0.001
слово 0.002 0.268 0.001
оказаться 0.001 0.31 0.0
обесточить 0.001 2.0 0.002
из-за 0.001 0.229 0.0
линия 0.001 1.0 0.001
электропередача 0.001 2.0 0.002
перевести 0.001 1.097 0.001
дизельный 0.001 2.0 0.002
генератор 0.001 2.0 0.002
власть 0.001 0.31 0.0
хватить 0.001 1.155 0.001
хороший 0.001 0.377 0.0
двое 0.001 1.155 0.001
сутки 0.001 0.824 0.001
электроснабжение 0.001 2.0 0.002
удаться 0.001 0.456 0.0
восстановить 0.001 1.155 0.001
разведка 0.001 1.301 0.001
утверждать 0.001 0.658 0.001
готовить 0.001 0.959 0.001
фальшивый 0.001 1.699 0.002
атака 0.001 0.959 0.001
обвинить 0.002 1.301 0.003
эскалация 0.001 2.0 0.002
сми 0.001 0.602 0.001
очередь 0.001 0.538 0.001
писать 0.001 0.347 0.0
близкий 0.001 0.347 0.0
создание 0.001 0.921 0.001
грязный 0.001 1.222 0.001
бомба 0.001 1.046 0.001
оба 0.003 0.62 0.002
сторона 0.004 0.347 0.001
приводить 0.001 0.602 0.001
доказательство 0.001 0.824 0.001
взять 0.001 0.553 0.001
просить 0.001 0.886 0.001
гуманитарный 0.001 0.921 0.001
коридор 0.001 0.959 0.001
замена 0.001 1.222 0.001
специалист 0.001 0.796 0.001
просьба 0.001 0.886 0.001
правительство 0.001 0.678 0.001
отвергнуть 0.001 1.699 0.002
служебный 0.001 1.398 0.001
записка 0.001 1.523 0.002
атомный 0.003 1.699 0.005
ассоциация 0.001 1.398 0.001
ссылаться 0.001 1.155 0.001
утверждаться 0.001 1.097 0.001
насос 0.001 2.0 0.002
обеспечивать 0.001 0.824 0.001
перестать 0.001 0.678 0.001
течение 0.001 0.638 0.001
семь 0.001 0.721 0.001
день 0.001 0.167 0.0
закипеть 0.001 2.0 0.002
образовать 0.001 1.523 0.002
пара 0.001 0.658 0.001
привести 0.001 0.456 0.0
новый 0.003 0.187 0.001
тяжёлый 0.001 0.377 0.0
западный 0.001 0.553 0.001
аналитик 0.001 1.301 0.001
считать 0.001 0.319 0.0
такой 0.001 0.114 0.0
маловероятный 0.001 1.222 0.001
остылый 0.001 2.0 0.002
десятилетие 0.001 1.155 0.001
хранение 0.001 1.523 0.002
расплавиться 0.001 2.0 0.002
президент 0.001 0.523 0.001
американский 0.001 0.585 0.001
общество 0.001 0.602 0.001
стивен 0.001 1.301 0.001
несбить 0.001 2.0 0.002
опасный 0.001 0.699 0.001
отключение 0.001 1.301 0.001
электроэнергия 0.001 1.699 0.002
представляться 0.001 1.398 0.001
возможный 0.001 0.523 0.001
повреждение 0.001 1.398 0.001
система 0.001 0.398 0.0
вентиляция 0.001 1.523 0.002
подвергнуть 0.001 1.699 0.002
риск 0.001 0.357 0.0
заражение 0.001 0.745 0.001
международный 0.001 0.569 0.001
агентство 0.001 0.824 0.001
энергия 0.001 1.523 0.002
выражать 0.001 1.398 0.001
серьёзный 0.001 0.553 0.001
озабоченность 0.001 1.699 0.002
состояние 0.001 0.721 0.001
здоровье 0.001 0.796 0.001
возможность 0.001 0.444 0.0
сообщать 0.001 0.921 0.001
магатэ 0.001 2.0 0.002
беспокоить 0.001 1.699 0.002
запорожский 0.002 1.301 0.003
также 0.001 0.237 0.0
войско 0.001 0.678 0.001
ночь 0.001 0.854 0.001
обстрел 0.001 0.678 0.001
пожар 0.001 1.155 0.001
друг 0.002 0.387 0.001
провокация 0.001 1.699 0.002
возгорание 0.001 2.0 0.002
никто 0.001 0.432 0.0
пострадать 0.001 0.796 0.001
уровень 0.001 0.367 0.0
радиация 0.001 1.699 0.002
норма 0.001 1.0 0.001
происходить 0.001 0.301 0.0
два 0.001 0.26 0.0
европа 0.001 0.495 0.0
идти 0.001 0.222 0.0
чертовски 0.001 2.0 0.002
опасно 0.001 0.921 0.001
редакция 0.003 0.066 0.0
кодекс 0.001 0.066 0.0
блог 0.001 0.066 0.0
meduzacare 0.001 0.066 0.0
связаться 0.001 0.066 0.0
анонимно 0.001 0.066 0.0
платформа 0.003 0.066 0.0
ios 0.001 0.066 0.0
android 0.001 0.066 0.0
инстаграм 0.001 0.066 0.0
twitter 0.001 0.0 0.0
facebook 0.001 0.0 0.0
вконтакте 0.001 0.066 0.0
youtube 0.001 0.06 0.0
meduza 0.003 0.0 0.0
– 0.001 0.06 0.0
live 0.001 0.022 0.0
вечерний 0.001 0.066 0.0
вообще 0.001 0.066 0.0
реклама 0.003 0.066 0.0
требование 0.001 0.066 0.0
баннер 0.001 0.066 0.0
безопасно 0.001 0.066 0.0
персональный 0.001 0.066 0.0
дать 0.001 0.066 0.0
правило 0.001 0.066 0.0
обработка 0.001 0.066 0.0
использование 0.001 0.066 0.0
кук 0.001 0.066 0.0
наслать 0.001 0.066 0.0
ошибка 0.001 0.066 0.0
выделить 0.001 0.066 0.0
нажать 0.001 0.066 0.0
ctrl+enter 0.001 0.066 0.0
спасибоgiphyз 0.001 0.066 0.0
гифка 0.001 0.066 0.0
© 0.001 0.0 0.0
