перейти 0.001 0.066 0.0
материал 0.002 0.066 0.0
связь 0.001 0.0 0.0
новостиисторииразборшапитокоронавирусмагаз 0.001 0.066 0.0
медуза 0.007 0.066 0.0
рекламаmeduza 0.001 0.066 0.0
in 0.001 0.0 0.0
english 0.001 0.06 0.0
показывать 0.001 0.066 0.0
порядок 0.002 0.066 0.0
en 0.001 0.066 0.0
кнопка 0.001 0.066 0.0
поддержка 0.002 0.066 0.0
разбор 0.001 0.387 0.0
научный 0.002 0.658 0.001
редактор 0.003 0.921 0.003
александр 0.003 0.456 0.001
ершовый 0.003 0.77 0.002
очень 0.006 0.149 0.001
переживать 0.001 0.886 0.001
многие 0.001 0.284 0.0
сей 0.002 0.456 0.001
пора 0.004 0.357 0.001
вакцинировать 0.003 0.602 0.002
рассказать 0.001 0.469 0.0
почему 0.006 0.337 0.002
нужно 0.011 0.237 0.003
делать 0.006 0.18 0.001
коротко 0.001 0.824 0.001
чётко 0.001 1.0 0.001
эмоционально 0.001 1.046 0.001
заранее 0.001 0.959 0.001
извинить 0.001 1.0 0.001
июль 0.001 0.959 0.001
источник 0.002 0.167 0.0
meduza 0.002 0.0 0.0
данный 0.001 0.097 0.0
сообщение 0.002 0.102 0.0
создать 0.001 0.097 0.0
распространить 0.001 0.102 0.0
иностранный 0.002 0.097 0.0
средство 0.001 0.097 0.0
массовый 0.001 0.097 0.0
информация 0.004 0.102 0.0
выполнять 0.001 0.097 0.0
функция 0.001 0.097 0.0
агент 0.001 0.097 0.0
российский 0.003 0.071 0.0
юридический 0.001 0.102 0.0
лицо 0.001 0.086 0.0
мы 0.003 0.066 0.0
нужный 0.002 0.086 0.0
ваш 0.004 0.081 0.0
помощь 0.001 0.071 0.0
пожалуйста 0.001 0.102 0.0
поддержать 0.002 0.066 0.0
вакцинация 0.009000000000000001 0.553 0.005
казань 0.001 1.523 0.002
июнь 0.001 0.699 0.001
год 0.003 0.119 0.0
егор 0.001 1.523 0.002
алей 0.001 2.0 0.002
тасс 0.001 0.699 0.001
scanpix 0.001 0.301 0.0
leta 0.001 0.301 0.0
россия 0.006 0.108 0.001
полный 0.002 0.377 0.001
курс 0.001 0.824 0.001
ковид 0.003 0.387 0.001
пройти 0.004 0.387 0.002
гражданин 0.001 0.553 0.001
это 0.019000000000000003 0.066 0.001
очень-очень 0.001 2.0 0.002
мало 0.003 0.538 0.002
давно 0.001 0.77 0.001
попросить 0.001 0.699 0.001
тот 0.005 0.131 0.001
читатель 0.001 0.523 0.001
который 0.012 0.071 0.001
сделать 0.003 0.208 0.001
прививка 0.007 0.602 0.004
объяснить 0.001 0.602 0.001
удерживать 0.001 1.301 0.001
получить 0.003 0.328 0.001
ответ 0.003 0.432 0.001
точнее 0.001 0.921 0.001
вопрос 0.004 0.276 0.001
повод 0.001 0.553 0.001
начать 0.002 0.276 0.001
отвечать 0.001 0.456 0.0
увидеть 0.001 0.553 0.001
вал 0.001 2.0 0.002
письмо 0.001 0.854 0.001
сомневаться 0.002 0.886 0.002
тысяча 0.001 0.31 0.0
решить 0.001 0.398 0.0
пересказать 0.001 1.699 0.002
вместе 0.001 0.602 0.001
рубрика 0.001 1.523 0.002
дарья 0.002 0.921 0.002
саркисян 0.001 0.959 0.001
дмитрий 0.002 0.62 0.001
кузнец 0.002 1.222 0.002
спецкор 0.001 0.921 0.001
светлана 0.001 1.046 0.001
рейтер 0.001 1.155 0.001
весь 0.002 0.114 0.0
наш 0.002 0.337 0.001
внештатный 0.001 1.523 0.002
автор 0.001 0.62 0.001
писать 0.001 0.347 0.0
исследование 0.003 0.42 0.001
испытание 0.002 0.77 0.002
противоковидный 0.002 1.222 0.002
вакцина 0.024000000000000007 0.538 0.013
прочитать 0.002 0.796 0.002
сложиться 0.001 1.155 0.001
объективный 0.001 1.301 0.001
довольно 0.001 0.523 0.001
сложный 0.001 0.602 0.001
картина 0.001 0.721 0.001
текст 0.002 0.62 0.001
подробность 0.016 1.0 0.016
деталь 0.002 1.155 0.002
зато 0.001 0.886 0.001
выжимка 0.001 2.0 0.002
главное 0.001 0.585 0.001
следовать 0.001 0.678 0.001
знать 0.004 0.244 0.001
ссылка 0.001 0.886 0.001
кто 0.002 0.377 0.001
всё-таки 0.001 0.553 0.001
сомнение 0.001 0.959 0.001
тревога 0.001 1.097 0.001
обязательно 0.001 0.959 0.001
ответить 0.001 0.495 0.0
следующий 0.001 0.553 0.001
пойти 0.001 0.509 0.001
вакцинироваться 0.006 0.886 0.005
жить 0.001 0.481 0.0
спутник 0.011 0.678 0.007
доступ 0.002 0.796 0.002
другой 0.006 0.097 0.001
выбирать 0.002 1.0 0.002
pfizer 0.003 0.886 0.003
moderna 0.001 1.0 0.001
западный 0.002 0.553 0.001
наиболее 0.001 0.745 0.001
эффективный 0.002 0.553 0.001
человек 0.007 0.092 0.001
абсолютно 0.002 0.721 0.001
противопоказанный 0.001 1.699 0.002
сам 0.004 0.137 0.001
дело 0.003 0.252 0.001
скорее 0.003 0.509 0.002
принимать 0.001 0.432 0.0
решение 0.002 0.347 0.001
недостаток 0.003 1.0 0.003
данные 0.001 0.31 0.0
переболеть 0.003 0.745 0.002
равно 0.001 0.638 0.001
полгода 0.004 0.886 0.004
болезнь 0.005 0.553 0.003
вакцинируться 0.002 2.0 0.004
именно 0.006 0.244 0.001
болеть 0.002 0.745 0.001
прямо 0.001 0.357 0.0
по-прежнему 0.001 0.824 0.001
высокий 0.001 0.495 0.0
антитело 0.002 0.77 0.002
прививаться 0.004 0.824 0.003
сдавать 0.001 1.398 0.001
тест 0.001 0.77 0.001
интерпретировать 0.001 1.699 0.002
результат 0.001 0.367 0.0
смочь 0.001 0.328 0.0
перевести 0.001 1.097 0.001
коэффициент 0.001 2.0 0.002
позитивность 0.001 2.0 0.002
что-то 0.003 0.509 0.002
осмыслить 0.001 1.699 0.002
биолог 0.001 1.398 0.001
справляться 0.001 1.222 0.001
просто 0.003 0.194 0.001
спустя 0.001 0.886 0.001
смысл 0.004 0.481 0.002
какой-то 0.003 0.328 0.001
польза 0.001 0.745 0.001
пока 0.003 0.208 0.001
ясно 0.001 0.886 0.001
насколько 0.002 0.42 0.001
большой 0.003 0.347 0.001
этот 0.002 0.137 0.0
сколько 0.003 0.585 0.002
процент 0.001 1.046 0.001
снижать 0.001 0.854 0.001
риск 0.002 0.357 0.001
найти 0.002 0.456 0.001
такой 0.001 0.114 0.0
полезный 0.001 1.155 0.001
стать 0.001 0.149 0.0
ведущий 0.001 0.959 0.001
медицинский 0.001 0.523 0.001
агентство 0.001 0.824 0.001
выпустить 0.001 0.699 0.001
соответствующий 0.001 1.301 0.001
рекомендация 0.001 0.678 0.001
написать 0.001 0.62 0.001
рекомендовать 0.003 0.569 0.002
известно 0.001 0.481 0.0
минимальный 0.001 0.959 0.001
иммунитет 0.002 0.77 0.002
давать 0.002 0.31 0.001
по-видимому 0.001 0.959 0.001
стойкий 0.001 1.222 0.001
крайний 0.001 0.602 0.001
мера 0.001 0.377 0.0
некоторый 0.001 0.222 0.0
сначала 0.001 0.602 0.001
выздороветь 0.001 1.398 0.001
ждать 0.001 0.481 0.0
диапазон 0.001 1.398 0.001
хотеть 0.003 0.102 0.0
ревакцинироваться 0.002 1.699 0.003
понимать 0.001 0.42 0.0
достоверно 0.001 1.155 0.001
никто 0.003 0.432 0.001
наступать 0.001 1.097 0.001
оптимальный 0.001 1.155 0.001
время 0.002 0.086 0.0
ревакцинация 0.003 1.523 0.005
прямой 0.002 0.658 0.001
слишком 0.001 0.553 0.001
эксперт 0.002 0.745 0.001
всемирный 0.001 0.959 0.001
организация 0.002 0.509 0.001
здравоохранение 0.001 0.658 0.001
воз 0.003 0.796 0.002
cdc 0.001 1.301 0.001
уважаемый 0.001 1.398 0.001
основываться 0.001 1.222 0.001
новый 0.002 0.187 0.0
коронавирус 0.004 0.387 0.002
близкий 0.002 0.347 0.001
вирус 0.005 0.538 0.003
работа 0.001 0.357 0.0
иммунный 0.001 0.678 0.001
система 0.002 0.398 0.001
говорить 0.004 0.18 0.001
полгода-год 0.001 1.699 0.002
сказать 0.003 0.31 0.001
точность 0.001 1.301 0.001
согласиться 0.001 1.301 0.001
важный 0.001 0.284 0.0
действительно 0.002 0.377 0.001
тяжело 0.001 0.796 0.001
заболеть 0.004 0.585 0.002
минус 0.002 1.222 0.002
поэтому 0.001 0.328 0.0
считать 0.003 0.319 0.001
иначе 0.001 0.745 0.001
прививался/прививаться 0.001 2.0 0.002
ковивак 0.002 1.046 0.002
одноразовый 0.002 1.699 0.003
значит 0.001 0.444 0.0
преждевременный 0.001 1.398 0.001
подождать 0.001 1.301 0.001
несколько 0.001 0.187 0.0
месяц 0.002 0.432 0.001
шанс 0.001 0.638 0.001
учёный 0.001 0.569 0.001
узнавать 0.001 1.301 0.001
v 0.001 0.699 0.001
утверждение 0.001 1.222 0.001
аденовирусный 0.001 1.046 0.001
из-за 0.001 0.229 0.0
аденовирус 0.001 1.301 0.001
гипотеза 0.002 1.523 0.003
факт 0.001 0.638 0.001
ничто 0.001 1.097 0.001
подтверждаться 0.001 1.398 0.001
дать 0.004 0.066 0.0
против 0.003 0.229 0.001
доверять 0.002 1.398 0.003
путин 0.001 0.523 0.001
дружка 0.001 2.0 0.002
признать 0.003 0.658 0.002
европа 0.001 0.495 0.0
возможность 0.003 0.444 0.001
выбрать 0.002 0.886 0.002
признанный 0.001 2.0 0.002
ема 0.001 1.699 0.002
fda 0.001 1.222 0.001
мрнк 0.001 1.155 0.001
повезти 0.001 0.854 0.001
срочно 0.001 0.167 0.0
пользоваться 0.002 0.886 0.002
вообще 0.003 0.066 0.0
забыть 0.001 1.046 0.001
большинство 0.001 0.509 0.001
россиянин 0.001 0.444 0.0
хороший 0.004 0.377 0.002
выбор 0.004 0.886 0.004
совершенно 0.001 0.678 0.001
важно 0.001 0.509 0.001
оставить 0.001 1.097 0.001
плохой 0.002 0.509 0.001
мочь 0.003 0.102 0.0
нормальный 0.001 0.77 0.001
немой 0.001 0.585 0.001
принципиально 0.001 0.959 0.001
особенный 0.001 1.523 0.002
счёт 0.001 0.721 0.001
вроде 0.001 0.658 0.001
комбинация 0.001 1.398 0.001
johnson 0.001 1.155 0.001
первый 0.001 0.143 0.0
компонент 0.002 0.824 0.002
cansino 0.001 1.301 0.001
bio 0.001 1.699 0.002
второй 0.001 0.357 0.0
безусловно 0.001 1.222 0.001
препарат 0.004 0.585 0.002
соблюдение 0.001 1.301 0.001
несоблюдение 0.001 2.0 0.002
норма 0.002 1.0 0.002
производство 0.002 0.658 0.001
технология 0.001 1.0 0.001
успеть 0.001 0.678 0.001
обнаружить 0.002 0.658 0.001
нарушение 0.001 0.886 0.001
завод 0.001 0.959 0.001
уфа-вита 0.001 2.0 0.002
производить 0.001 1.097 0.001
хотя 0.001 0.276 0.0
никакой 0.002 0.409 0.001
серьёзно 0.001 1.301 0.001
применять 0.001 0.796 0.001
мир 0.002 0.26 0.001
побочный 0.003 0.959 0.003
эффект 0.002 0.796 0.002
применение 0.003 0.721 0.002
наблюдать 0.001 0.824 0.001
сан-марино 0.001 1.301 0.001
аргентина 0.002 0.921 0.002
неожиданный 0.002 1.523 0.003
боль 0.001 0.699 0.001
место 0.001 0.409 0.0
укол 0.001 1.0 0.001
температура 0.001 0.824 0.001
т. 0.001 0.921 0.001
д. 0.001 1.0 0.001
бразилия 0.001 1.155 0.001
отнестись 0.001 1.699 0.002
проверка 0.001 0.921 0.001
пристально 0.001 1.699 0.002
пристрастно 0.001 2.0 0.002
существенный 0.001 0.921 0.001
проблема 0.001 0.347 0.0
точно 0.002 0.481 0.001
узнать 0.001 0.481 0.0
статистика 0.002 0.921 0.002
привить 0.001 0.678 0.001
умереть 0.001 0.638 0.001
страна 0.002 0.155 0.0
собирать 0.002 0.699 0.001
скрывать 0.001 1.222 0.001
очевидный 0.001 0.678 0.001
минздрав 0.003 0.678 0.002
приходиться 0.001 0.745 0.001
полагаться 0.001 1.398 0.001
анализ 0.001 0.721 0.001
нежелательный 0.001 0.77 0.001
явление 0.002 0.886 0.002
действенность 0.001 1.699 0.002
вариант 0.002 0.481 0.001
использовать 0.001 0.319 0.0
аналогичный 0.001 0.959 0.001
великобритания 0.001 0.699 0.001
необходимый 0.002 0.638 0.001
смерть 0.001 0.553 0.001
измениться 0.001 0.745 0.001
эффективность 0.004 0.538 0.002
приход 0.001 1.222 0.001
дельта 0.003 0.854 0.003
вовсе 0.001 0.921 0.001
анализировать 0.001 1.398 0.001
публиковать 0.001 0.638 0.001
статья 0.001 0.553 0.001
снова 0.001 0.678 0.001
искать 0.001 0.678 0.001
зарегистрировать 0.002 0.602 0.001
эпиваккорона 0.003 0.959 0.003
китайский 0.002 0.886 0.002
масштабный 0.001 1.0 0.001
начаться 0.001 0.367 0.0
ноябрь 0.001 0.699 0.001
новость 0.001 0.357 0.0
пример 0.001 0.585 0.001
конец 0.001 0.444 0.0
сколковский 0.001 2.0 0.002
филиал 0.001 1.398 0.001
израильский 0.001 1.222 0.001
клиника 0.001 0.886 0.001
хадасс 0.001 1.523 0.002
переговоры 0.001 0.921 0.001
цель 0.001 0.745 0.001
предложить 0.001 0.699 0.001
свой 0.002 0.143 0.0
клиент 0.001 1.097 0.001
теоретически 0.001 1.046 0.001
возможно 0.001 0.398 0.0
особенность 0.001 0.854 0.001
регуляция 0.001 2.0 0.002
сколково 0.001 1.222 0.001
дожидаться 0.001 1.523 0.002
отдельный 0.001 0.678 0.001
локализовать 0.001 1.523 0.002
клинический 0.001 0.721 0.001
однако 0.001 0.337 0.0
ввоз 0.002 1.699 0.003
существование 0.001 0.886 0.001
утвердить 0.001 1.301 0.001
невозможный 0.002 1.699 0.003
практика 0.001 0.796 0.001
январь 0.001 0.824 0.001
отказаться 0.001 0.62 0.001
идея 0.001 0.585 0.001
сослаться 0.001 1.523 0.002
наличие 0.002 0.745 0.001
альтернатива 0.002 1.046 0.002
желание 0.001 0.921 0.001
сосредоточиться 0.001 1.222 0.001
открытие 0.001 1.301 0.001
онкологический 0.001 1.222 0.001
стационар 0.001 1.699 0.002
судить 0.001 0.585 0.001
количество 0.002 0.481 0.001
желать 0.001 1.0 0.001
спрос 0.001 1.301 0.001
деньга 0.001 0.602 0.001
последний 0.001 0.284 0.0
напомнить 0.001 0.699 0.001
действовать 0.001 0.602 0.001
условно 0.001 1.398 0.001
называть 0.001 0.432 0.0
третий 0.001 0.553 0.001
лишний 0.001 1.097 0.001
госзакупка 0.001 1.699 0.002
два 0.001 0.26 0.0
поскольку 0.001 0.678 0.001
государственный 0.001 0.523 0.001
поликлиника 0.001 1.301 0.001
мечтать 0.001 1.523 0.002
преимущество 0.001 1.155 0.001
путешествовать 0.001 1.301 0.001
заключаться 0.001 0.959 0.001
попасть 0.001 0.409 0.0
избыточный 0.001 0.921 0.001
смертность 0.001 1.046 0.001
достигнуть 0.001 0.824 0.001
невиданный 0.001 2.0 0.002
масштаб 0.001 1.155 0.001
подробный 0.001 0.569 0.001
бояться 0.001 0.699 0.001
долговременный 0.002 1.301 0.003
последствие 0.005 0.523 0.003
откуда 0.001 1.046 0.001
спровоцировать 0.001 1.523 0.002
будущее 0.001 0.62 0.001
5-10 0.001 1.699 0.002
страшный 0.002 0.959 0.002
рак 0.001 1.398 0.001
бесплодие 0.003 1.699 0.005
предполагать 0.001 0.699 0.001
произойти 0.001 0.638 0.001
легко 0.001 0.824 0.001
кто-то 0.002 0.523 0.001
наверное 0.001 0.921 0.001
приятно 0.001 1.699 0.002
привлекать 0.001 1.301 0.001
внимание 0.001 0.523 0.001
требовать 0.001 0.658 0.001
доказательство 0.001 0.824 0.001
социальный 0.001 0.721 0.001
капитал 0.001 1.398 0.001
мобилизовать 0.001 2.0 0.002
сторонник 0.001 1.0 0.001
например 0.001 0.229 0.0
привести 0.001 0.456 0.0
взять 0.001 0.553 0.001
непроверенный 0.001 1.523 0.002
аргументация 0.001 1.699 0.002
затем 0.001 0.678 0.001
аргумент 0.001 0.62 0.001
быть 0.001 0.215 0.0
опровергнуть 0.001 1.398 0.001
слух 0.001 1.222 0.001
остаться 0.001 0.432 0.0
реальность 0.001 0.77 0.001
беспокоиться 0.001 1.301 0.001
сравнивать 0.001 0.796 0.001
гипотетический 0.001 2.0 0.002
долгосрочный 0.002 1.097 0.002
идеальный 0.001 1.097 0.001
вполне 0.001 0.699 0.001
реальный 0.001 0.638 0.001
тяжёлый 0.003 0.377 0.001
задаться 0.001 2.0 0.002
любой 0.002 0.319 0.001
содержать 0.001 0.745 0.001
живой 0.001 0.553 0.001
маленький 0.002 0.328 0.001
фрагмент 0.001 1.155 0.001
вызвать 0.001 0.721 0.001
активно 0.001 0.77 0.001
размножаться 0.001 1.046 0.001
организм 0.001 0.745 0.001
проникать 0.001 1.155 0.001
самый 0.002 0.208 0.0
разный 0.002 0.276 0.001
ткань 0.001 1.046 0.001
известный 0.001 0.569 0.001
забывать 0.001 1.0 0.001
упомянуть 0.001 1.155 0.001
справедливо 0.001 1.523 0.002
отношение 0.001 0.509 0.001
шарлатан 0.001 2.0 0.002
обмануть 0.001 1.699 0.002
помягче… 0.001 2.0 0.002
отговаривать 0.002 1.301 0.003
продукт 0.001 0.678 0.001
основание 0.001 0.569 0.001
заявление 0.001 0.62 0.001
разработчик 0.002 0.77 0.002
противоречить 0.001 1.155 0.001
независимый 0.001 0.409 0.0
экспертиза 0.001 1.155 0.001
держаться 0.001 0.886 0.001
доказательный 0.001 1.523 0.002
медицина 0.001 1.046 0.001
единственный 0.001 0.481 0.0
сегодня 0.001 0.638 0.001
неплохой 0.001 2.0 0.002
менее 0.001 0.432 0.0
эффективно 0.001 1.046 0.001
исследовать 0.001 0.959 0.001
достать 0.001 1.699 0.002
странный 0.001 1.301 0.001
нерациональный 0.001 2.0 0.002
карточка 0.002 0.569 0.001
интервью 0.001 0.745 0.001
создатель 0.001 1.0 0.001
вколоть 0.001 2.0 0.002
проконтролировать 0.001 2.0 0.002
процесс 0.001 0.538 0.001
думать 0.001 0.456 0.0
стесняться 0.001 2.0 0.002
иметь 0.002 0.337 0.001
право 0.001 0.538 0.001
постоянно 0.001 0.62 0.001
мутировать 0.001 2.0 0.002
защищать 0.001 0.585 0.001
раза… 0.001 2.0 0.002
работать 0.005 0.102 0.001
буквально 0.001 0.886 0.001
существующий 0.001 1.155 0.001
доказать 0.001 0.886 0.001
снижение 0.002 0.745 0.001
оно 0.001 0.444 0.0
небольшой 0.001 0.602 0.001
менять 0.001 0.886 0.001
принятие 0.001 1.0 0.001
читать 0.001 0.444 0.0
корректно 0.001 1.398 0.001
речь 0.001 0.398 0.0
идти 0.001 0.222 0.0
защита 0.001 0.569 0.001
раз 0.001 0.569 0.001
показаться 0.001 1.398 0.001
среднегеометрический 0.001 1.523 0.002
титр 0.001 1.097 0.001
сравнение 0.001 0.602 0.001
уханьский 0.001 1.398 0.001
штамм 0.002 0.796 0.002
сыворотка 0.001 1.0 0.001
реакция 0.001 0.678 0.001
нейтрализация 0.001 1.222 0.001
плашка 0.001 2.0 0.002
непонятно 0.001 0.921 0.001
фраза 0.001 1.046 0.001
игнорировать 0.001 1.097 0.001
подобный 0.001 0.721 0.001
лишь 0.001 0.481 0.0
сбивать 0.001 1.523 0.002
толк 0.001 2.0 0.002
никак 0.001 0.886 0.001
помогать 0.001 0.444 0.0
принять 0.001 0.42 0.0
повториться 0.001 1.523 0.002
достаточно 0.001 0.444 0.0
знакомый 0.002 0.854 0.002
верить 0.001 0.553 0.001
должный 0.002 0.201 0.0
заболевать 0.001 1.222 0.001
нормально 0.001 1.097 0.001
один 0.002 0.119 0.0
часть 0.001 0.377 0.0
умножить 0.001 2.0 0.002
около 0.001 0.432 0.0
население 0.001 0.569 0.001
единица 0.001 1.155 0.001
значение 0.001 0.721 0.001
потенциальный 0.001 0.886 0.001
столкнуться 0.001 1.046 0.001
инфекция 0.001 0.569 0.001
умирать 0.002 1.046 0.002
относиться 0.001 0.62 0.001
спокойно 0.001 0.824 0.001
праздновать 0.001 1.699 0.002
изобретение 0.001 1.699 0.002
лекарство 0.001 0.569 0.001
поверьте 0.001 2.0 0.002
популяционный 0.001 1.523 0.002
особенно 0.001 0.553 0.001
израиль 0.001 0.921 0.001
полностью 0.001 0.538 0.001
подтверждать 0.001 1.097 0.001
безопасность 0.001 0.387 0.0
прежде 0.001 0.62 0.001
astrazeneca 0.001 0.959 0.001
серьёзный 0.001 0.553 0.001
тромбоз 0.001 1.155 0.001
описать 0.001 0.721 0.001
вселять 0.001 1.523 0.002
дополнительный 0.001 0.77 0.001
уверенность 0.001 1.046 0.001
частый 0.001 0.523 0.001
редкий 0.001 0.824 0.001
событие 0.001 0.509 0.001
пропустить 0.001 1.155 0.001
планировать 0.001 0.886 0.001
завести 0.001 1.301 0.001
ребёнок 0.001 0.387 0.0
опасный 0.001 0.699 0.001
влияние 0.001 0.921 0.001
репродуктивный 0.001 1.699 0.002
миф 0.001 1.046 0.001
благодарить 0.002 1.155 0.002
конкретный 0.001 0.658 0.001
беременный 0.001 1.523 0.002
зависеть 0.001 0.509 0.001
бывать 0.001 0.77 0.001
метро 0.001 1.222 0.001
закрытый 0.001 0.854 0.001
помещение 0.001 0.854 0.001
посоветоваться 0.001 1.699 0.002
врач 0.002 0.509 0.001
пересидеть 0.001 1.699 0.002
беременность 0.001 1.097 0.001
дача 0.001 1.523 0.002
убедить 0.002 1.097 0.002
дождаться 0.001 1.222 0.001
роды 0.001 1.523 0.002
диабет/аутоиммунный 0.001 2.0 0.002
заболевания/онкологический 0.001 2.0 0.002
заболевание 0.001 0.481 0.0
аллергия 0.001 1.155 0.001
история 0.002 0.26 0.001
анафилактический 0.001 1.699 0.002
шок 0.001 1.222 0.001
задать 0.001 1.155 0.001
взяться 0.001 1.699 0.002
проклятый 0.001 1.699 0.002
лаборатория 0.002 0.959 0.002
возникнуть 0.001 0.77 0.001
ход 0.001 0.796 0.001
эволюция 0.001 1.301 0.001
среди 0.001 0.42 0.0
инфицировать 0.001 0.959 0.001
летучий 0.002 2.0 0.004
мышь 0.001 1.398 0.001
как-то 0.001 0.699 0.001
улучшить 0.001 1.523 0.002
институт 0.001 0.77 0.001
вирусология 0.001 1.699 0.002
ухани 0.001 1.699 0.002
природный 0.001 1.155 0.001
однозначный 0.001 1.699 0.002
свидетельство 0.001 1.155 0.001
искусственный 0.001 1.699 0.002
манипуляция 0.001 1.699 0.002
власть 0.001 0.31 0.0
вели 0.001 2.0 0.002
открыто 0.001 1.523 0.002
предоставлять 0.001 1.301 0.001
естественный 0.001 1.046 0.001
происхождение 0.002 1.097 0.002
существенно 0.001 0.721 0.001
простой 0.001 0.538 0.001
путь 0.001 0.62 0.001
скрытность 0.001 2.0 0.002
случай 0.001 0.194 0.0
надолго 0.001 1.222 0.001
настоящий 0.001 0.585 0.001
детектив 0.001 1.699 0.002
шпион 0.001 2.0 0.002
дональд 0.001 1.699 0.002
трамп 0.001 1.699 0.002
женщина 0.001 0.824 0.001
мыший 0.001 2.0 0.002
рассказывать 0.001 0.337 0.0
шесть 0.001 0.745 0.001
глава 0.001 0.658 0.001
развязка 0.002 2.0 0.004
назад 0.001 0.18 0.0
24/7 0.001 0.102 0.0
интерес 0.001 0.155 0.0
читателейн 0.001 0.174 0.0
помочь 0.001 0.125 0.0
коллега 0.001 0.796 0.001
редакция 0.001 0.066 0.0
кодекс 0.001 0.066 0.0
блог 0.001 0.066 0.0
meduzacare 0.001 0.066 0.0
связаться 0.001 0.066 0.0
анонимно 0.001 0.066 0.0
платформа 0.001 0.066 0.0
ios 0.001 0.066 0.0
android 0.001 0.066 0.0
инстаграм 0.001 0.066 0.0
twitter 0.001 0.0 0.0
facebook 0.001 0.0 0.0
вконтакте 0.001 0.066 0.0
youtube 0.001 0.06 0.0
– 0.001 0.06 0.0
live 0.001 0.022 0.0
вечерний 0.001 0.066 0.0
реклама 0.001 0.066 0.0
требование 0.001 0.066 0.0
баннер 0.001 0.066 0.0
безопасно 0.001 0.066 0.0
персональный 0.001 0.066 0.0
правило 0.001 0.066 0.0
обработка 0.001 0.066 0.0
использование 0.001 0.066 0.0
кук 0.001 0.066 0.0
наслать 0.001 0.066 0.0
ошибка 0.001 0.066 0.0
выделить 0.001 0.066 0.0
нажать 0.001 0.066 0.0
ctrl+enter 0.001 0.066 0.0
спасибоgiphyз 0.001 0.066 0.0
гифка 0.001 0.066 0.0
© 0.001 0.0 0.0
