skip 0.001 0.854 0.001
to 0.024 0.77 0.018
main 0.001 0.854 0.001
content 0.001 0.854 0.001
связь 0.001 0.0 0.0
aboutмедуза 0.001 0.854 0.001
по-русски 0.001 0.854 0.001
the 0.059 0.481 0.028
real 0.001 0.854 0.001
russia 0.003 0.854 0.003
today 0.001 0.854 0.001
ru 0.001 0.824 0.001
i 0.003 0.745 0.002
’ 0.022 0.824 0.018
m 0.001 0.886 0.001
with 0.002 0.824 0.002
you 0.001 0.824 0.001
meduza 0.006 0.0 0.0
stories 0.001 0.921 0.001
what 0.002 0.854 0.002
's 0.002 1.155 0.002
going 0.002 0.886 0.002
on 0.017 0.854 0.015
in 0.024 0.0 0.0
russian-occupied 0.002 1.523 0.003
ukraine 0.008 0.921 0.007
sorts 0.001 1.699 0.002
out 0.003 0.886 0.003
facts 0.001 1.301 0.001
am 0.001 1.097 0.001
march 0.012 0.886 0.011
source 0.001 0.921 0.001
russian 0.02 0.824 0.016
military 0.001 1.097 0.001
vehicles 0.001 1.523 0.002
kharkiv 0.001 1.301 0.001
defense 0.003 1.301 0.004
ministry 0.003 1.097 0.003
scanpix 0.001 0.301 0.0
leta 0.001 0.301 0.0
propaganda 0.002 1.301 0.003
networks 0.001 1.398 0.001
have 0.01 0.824 0.008
reported 0.005 1.523 0.008
a 0.014 0.699 0.01
'new 0.001 2.0 0.002
governing 0.002 2.0 0.004
body 0.002 1.523 0.003
s 0.019 0.796 0.015
territories 0.003 1.523 0.005
truth 0.001 1.301 0.001
is 0.006 0.854 0.005
different 0.001 1.046 0.001
both 0.003 1.155 0.003
rt 0.004 0.824 0.003
and 0.019 0.721 0.014
radio 0.002 1.523 0.003
sputnik 0.003 1.699 0.005
that 0.015 0.854 0.013
“ 0.019 0.432 0.008
founding 0.003 2.0 0.006
congress 0.005 1.523 0.008
” 0.019 0.886 0.017
for 0.012 0.77 0.009
new 0.006 0.699 0.004
called 0.001 1.097 0.001
rescue 0.001 1.699 0.002
committee 0.001 1.523 0.002
peace 0.001 1.097 0.001
order 0.001 1.523 0.002
had 0.005 0.921 0.005
been 0.007 0.921 0.006
held 0.003 1.398 0.004
kherson 0.012 1.523 0.018
region 0.003 1.046 0.003
reporting 0.001 1.523 0.002
included 0.002 1.523 0.003
video 0.005 1.155 0.006
shows 0.001 1.523 0.002
several 0.001 1.046 0.001
people 0.01 0.886 0.009
sitting 0.001 2.0 0.002
at 0.003 0.824 0.002
table 0.002 1.699 0.003
regional 0.007 1.398 0.01
administration 0.002 1.155 0.002
building 0.002 1.301 0.003
one 0.003 0.824 0.002
man 0.001 1.398 0.001
says 0.001 1.301 0.001
current 0.002 1.301 0.003
authority 0.002 1.398 0.003
has 0.007 0.854 0.006
effectively 0.001 1.699 0.002
ceased 0.001 2.0 0.002
exist 0.001 2.0 0.002
needs 0.001 1.523 0.002
structure 0.001 2.0 0.002
can 0.001 0.854 0.001
take 0.001 1.046 0.001
responsibility 0.001 1.523 0.002
restoring 0.001 1.699 0.002
order. 0.001 2.0 0.002
he 0.005 0.959 0.005
then 0.003 1.097 0.003
adds 0.001 2.0 0.002
him 0.001 1.046 0.001
personally 0.001 1.523 0.002
federation 0.001 1.398 0.001
priority. 0.001 2.0 0.002
articles 0.001 1.523 0.002
are 0.004 0.854 0.003
titled 0.001 2.0 0.002
authorities 0.009 1.046 0.009
call 0.001 1.398 0.001
establishing 0.001 2.0 0.002
ties 0.001 1.398 0.001
russia. 0.001 1.699 0.002
of 0.022 0.721 0.016
shown 0.001 1.699 0.002
include 0.001 2.0 0.002
activist 0.002 1.699 0.003
kirill 0.002 1.523 0.003
stremousov 0.003 2.0 0.006
speaking 0.001 1.523 0.002
former 0.002 1.097 0.002
mayor 0.004 1.523 0.006
city 0.008 1.155 0.009
council 0.004 1.398 0.006
deputy 0.005 1.301 0.007
volodymyr 0.002 1.523 0.003
saldo 0.004 2.0 0.008
igor 0.002 1.398 0.003
semenchev 0.003 2.0 0.006
professor 0.001 2.0 0.002
tatyana 0.001 1.699 0.002
kuzmich 0.001 2.0 0.002
who 0.006 0.824 0.005
was 0.007 0.854 0.006
arrested 0.002 1.301 0.003
by 0.006 0.658 0.004
ukrainian 0.006 1.046 0.006
intelligence 0.001 1.301 0.001
services 0.001 1.523 0.002
suspicion 0.001 2.0 0.002
working 0.002 0.854 0.002
fsb 0.001 1.523 0.002
this 0.002 0.854 0.002
same 0.001 0.959 0.001
set 0.002 1.523 0.003
appeared 0.001 1.523 0.002
small 0.001 1.398 0.001
rally 0.005 1.523 0.008
marking 0.001 1.523 0.002
one-year 0.001 2.0 0.002
anniversary 0.001 1.699 0.002
`` 0.003 1.523 0.005
liberation 0.001 1.523 0.002
from 0.001 0.824 0.001
fascists 0.001 2.0 0.002
'' 0.003 1.699 0.005
where 0.001 0.959 0.001
they 0.006 0.854 0.005
displayed 0.001 2.0 0.002
communist 0.001 2.0 0.002
symbols 0.001 1.523 0.002
banned 0.001 1.398 0.001
allowed 0.001 1.398 0.001
residents 0.003 1.301 0.004
publicly 0.002 1.301 0.003
honor 0.001 1.523 0.002
memory 0.001 2.0 0.002
soviet 0.001 1.523 0.002
warriors 0.001 2.0 0.002
first 0.001 0.886 0.001
time 0.001 0.921 0.001
since 0.003 1.0 0.003
state 0.001 0.959 0.001
news 0.001 0.959 0.001
network 0.001 1.222 0.001
perviy 0.001 2.0 0.002
kanal 0.001 1.523 0.002
showed 0.001 1.523 0.002
promising 0.001 1.523 0.002
cleanse 0.001 2.0 0.002
fascism. 0.001 2.0 0.002
reality 0.001 1.155 0.001
thousands 0.001 1.155 0.001
come 0.001 1.0 0.001
protest 0.001 1.155 0.001
support 0.002 1.097 0.002
appears 0.001 1.699 0.002
staged 0.001 1.398 0.001
there 0.003 0.854 0.003
no 0.002 0.796 0.002
evidence 0.001 1.523 0.002
idea 0.001 1.222 0.001
participants 0.001 1.699 0.002
legitimate 0.001 2.0 0.002
authority. 0.001 2.0 0.002
featured 0.002 2.0 0.004
said 0.003 0.959 0.003
facebook 0.002 0.0 0.0
post 0.001 1.046 0.001
pro-russian 0.002 1.523 0.003
forces 0.006 1.301 0.008
before 0.002 0.854 0.002
taken 0.001 1.301 0.001
sat 0.001 2.0 0.002
me 0.002 0.959 0.002
started 0.001 1.046 0.001
broadcasting 0.001 1.398 0.001
invited 0.001 2.0 0.002
us 0.001 0.886 0.001
speak 0.001 1.222 0.001
dead 0.001 1.699 0.002
against 0.003 0.824 0.002
it 0.003 0.854 0.003
refused 0.002 1.699 0.003
too 0.003 0.921 0.003
let 0.001 1.155 0.001
go 0.001 1.0 0.001
but 0.003 0.854 0.003
kept 0.001 1.398 0.001
wrote 0.001 1.046 0.001
believes 0.001 1.301 0.001
all 0.002 0.854 0.002
due 0.001 1.398 0.001
fact 0.001 1.097 0.001
allegedly 0.001 1.523 0.002
spoken 0.002 2.0 0.004
establishment 0.001 1.523 0.002
republic 0.002 1.222 0.002
according 0.003 1.097 0.003
referendum 0.001 2.0 0.002
declaration 0.001 2.0 0.002
planned 0.001 1.523 0.002
day 0.001 0.921 0.001
two 0.002 0.921 0.002
men 0.001 1.398 0.001
their 0.002 0.854 0.002
associates 0.001 1.523 0.002
prevented 0.001 1.699 0.002
could 0.001 1.155 0.001
n't 0.001 1.523 0.002
betray 0.001 1.523 0.002
my 0.002 1.046 0.002
soul 0.002 1.699 0.003
thus 0.001 2.0 0.002
forced 0.002 1.398 0.003
participate 0.001 2.0 0.002
sham 0.001 2.0 0.002
hard 0.001 1.222 0.001
tell 0.001 1.155 0.001
degree 0.001 1.699 0.002
official 0.003 1.097 0.003
powers 0.001 1.699 0.002
hindered 0.001 2.0 0.002
occupation 0.002 2.0 0.004
though 0.001 1.0 0.001
continued 0.001 1.398 0.001
keeping 0.001 1.523 0.002
up 0.001 0.854 0.001
date 0.001 1.699 0.002
war 0.001 0.77 0.001
economy 0.001 1.301 0.001
own 0.001 1.0 0.001
work 0.001 0.959 0.001
spread 0.001 1.398 0.001
disinformation 0.001 1.398 0.001
prosecutor 0.001 1.699 0.002
announced 0.002 1.301 0.003
beginning 0.002 1.0 0.002
an 0.003 0.854 0.003
investigation 0.001 2.0 0.002
into 0.002 1.046 0.002
pseudo-authorities 0.001 2.0 0.002
region. 0.001 2.0 0.002
always 0.002 0.921 0.002
insisted 0.001 1.699 0.002
plans 0.001 1.699 0.002
occupy 0.001 2.0 0.002
kremlin 0.001 1.097 0.001
press 0.001 0.824 0.001
secretary 0.001 1.523 0.002
dmitry 0.001 1.301 0.001
peskov 0.001 1.398 0.001
answer 0.001 1.523 0.002
question 0.001 1.398 0.001
about 0.002 0.854 0.002
whether 0.001 1.222 0.001
any 0.001 0.921 0.001
connections 0.001 1.699 0.002
attempts 0.001 2.0 0.002
establish 0.001 1.699 0.002
alternative 0.001 1.523 0.002
occupied 0.004 1.699 0.007
territory 0.003 1.398 0.004
redirected 0.001 2.0 0.002
security 0.006 1.046 0.006
kidnapping 0.003 2.0 0.006
invasion 0.001 1.0 0.001
numerous 0.001 1.398 0.001
media 0.002 0.959 0.002
reports 0.003 1.097 0.003
multiple 0.001 1.523 0.002
witnesses 0.001 2.0 0.002
told 0.001 0.959 0.001
hromadske 0.001 2.0 0.002
officials 0.003 1.155 0.003
gone 0.001 1.222 0.001
after 0.003 0.959 0.003
right-wing 0.001 1.699 0.002
activists 0.002 1.301 0.003
combatants 0.001 2.0 0.002
fought 0.001 2.0 0.002
donbas 0.002 1.222 0.002
human 0.001 1.301 0.001
rights 0.002 0.854 0.002
workers 0.001 1.523 0.002
crimean 0.001 2.0 0.002
tatars 0.001 2.0 0.002
local 0.003 1.097 0.003
worked 0.001 1.222 0.001
as 0.003 0.854 0.003
informant 0.001 2.0 0.002
participant 0.001 2.0 0.002
journalist 0.001 1.046 0.001
oleg 0.001 1.301 0.001
baturin 0.001 1.699 0.002
disappeared 0.001 1.699 0.002
fighter 0.001 2.0 0.002
maxim 0.001 1.523 0.002
negrov 0.001 2.0 0.002
did 0.001 1.222 0.001
sergey 0.001 1.097 0.001
khlan 0.001 2.0 0.002
farmers 0.001 2.0 0.002
were 0.002 0.921 0.002
being 0.003 0.959 0.003
sign 0.001 1.097 0.001
cooperation 0.001 2.0 0.002
agreements 0.001 1.699 0.002
which 0.001 0.921 0.001
will 0.001 0.854 0.001
require 0.001 2.0 0.002
them 0.001 0.921 0.001
provide 0.001 1.301 0.001
food 0.001 1.097 0.001
army 0.001 1.301 0.001
five 0.001 1.222 0.001
currently 0.001 1.301 0.001
surrounding 0.001 2.0 0.002
skadovsk 0.001 2.0 0.002
alexander 0.001 1.155 0.001
yakovlev 0.002 1.699 0.003
kidnapped 0.001 2.0 0.002
demand 0.001 1.398 0.001
his 0.002 0.959 0.002
release 0.001 1.699 0.002
response 0.001 1.097 0.001
fired 0.001 1.523 0.002
air 0.001 1.046 0.001
applied 0.001 1.699 0.002
tear 0.001 2.0 0.002
gas 0.001 1.699 0.002
deployed 0.001 2.0 0.002
smoke 0.001 2.0 0.002
bombs 0.001 1.523 0.002
freed 0.002 2.0 0.004
yury 0.001 2.0 0.002
palyukh 0.001 2.0 0.002
not 0.002 0.854 0.002
another 0.001 0.921 0.001
melitopol 0.004 2.0 0.008
district 0.001 1.699 0.002
chairman 0.001 1.699 0.002
serhii 0.001 2.0 0.002
priyma 0.001 2.0 0.002
detained 0.001 1.523 0.002
other 0.001 0.886 0.001
hostages 0.001 2.0 0.002
ivan 0.001 1.523 0.002
fedorov 0.002 2.0 0.004
exchange 0.001 1.523 0.002
nine 0.002 2.0 0.004
soldiers 0.002 1.301 0.003
olga 0.001 1.699 0.002
gaisumova 0.001 2.0 0.002
coordinated 0.001 2.0 0.002
protests 0.001 1.222 0.001
door-to-door 0.001 2.0 0.002
searching 0.001 1.523 0.002
homes 0.001 1.398 0.001
government 0.001 1.0 0.001
would 0.001 0.921 0.001
be 0.001 0.854 0.001
established 0.001 2.0 0.002
galina 0.001 2.0 0.002
danilchenko 0.002 2.0 0.004
formation 0.001 2.0 0.002
committees 0.001 2.0 0.002
while 0.001 1.0 0.001
outlets 0.001 1.097 0.001
like 0.002 0.854 0.002
began 0.001 1.155 0.001
referring 0.001 1.301 0.001
her 0.002 1.0 0.002
acting 0.001 1.699 0.002
mayor. 0.001 2.0 0.002
judging 0.001 1.699 0.002
social 0.001 0.959 0.001
attorney 0.001 1.398 0.001
general 0.001 1.222 0.001
office 0.001 1.155 0.001
investigating 0.001 2.0 0.002
treason 0.001 1.699 0.002
participating 0.001 1.398 0.001
events 0.001 1.155 0.001
designed 0.001 1.699 0.002
promote 0.001 1.699 0.002
image 0.001 1.523 0.002
commented 0.002 2.0 0.004
nor 0.001 1.523 0.002
exchanged 0.001 2.0 0.002
24/7 0.001 0.102 0.0
our 0.001 0.854 0.001
readerswe 0.001 0.921 0.001
need 0.001 0.854 0.001
your 0.001 0.854 0.001
help 0.001 0.886 0.001
never 0.001 0.886 0.001
okay 0.001 0.921 0.001
translation 0.001 1.0 0.001
sam 0.001 1.222 0.001
breazeale 0.001 1.222 0.001
code 0.001 0.824 0.001
conduct 0.001 0.824 0.001
advertise 0.001 0.854 0.001
privacy 0.001 0.854 0.001
notes 0.001 0.824 0.001
cookies 0.001 0.854 0.001
twitter 0.001 0.0 0.0
instagram 0.001 0.745 0.001
rss 0.001 0.854 0.001
© 0.001 0.0 0.0
reserved 0.001 0.854 0.001
