перейти 0.0 0.066 0.0
материал 0.002 0.066 0.0
связь 0.001 0.0 0.0
новостиисторииразборшапитокоронавирусмагаз 0.0 0.066 0.0
медуза 0.01 0.066 0.001
рекламаmeduza 0.0 0.066 0.0
in 0.0 0.0 0.0
english 0.0 0.06 0.0
показывать 0.0 0.066 0.0
порядок 0.0 0.066 0.0
en 0.0 0.066 0.0
кнопка 0.0 0.066 0.0
поддержка 0.0 0.066 0.0
история 0.002 0.26 0.001
россия 0.004 0.108 0.0
rt 0.021 0.824 0.017
агрессивно 0.0 1.398 0.0
пропагандировать 0.0 1.301 0.0
вакцинация 0.016 0.553 0.009
ведущий 0.0 0.959 0.0
канал 0.006 0.699 0.004
называть 0.002 0.432 0.001
противник 0.007 0.959 0.007
имбецил 0.0 1.398 0.0
зато 0.0 0.886 0.0
запад 0.0 0.678 0.0
стать 0.003 0.149 0.0
рупор 0.0 1.222 0.0
отрицатель 0.003 1.398 0.004
ковид 0.006 0.387 0.002
это 0.006 0.066 0.0
устроить 0.001 0.854 0.001
исследование 0.0 0.42 0.0
ноябрь 0.002 0.699 0.001
источник 0.002 0.167 0.0
meduza 0.001 0.0 0.0
данный 0.0 0.097 0.0
сообщение 0.0 0.102 0.0
создать 0.0 0.097 0.0
распространить 0.0 0.102 0.0
иностранный 0.001 0.097 0.0
средство 0.0 0.097 0.0
массовый 0.0 0.097 0.0
информация 0.0 0.102 0.0
выполнять 0.001 0.097 0.0
функция 0.001 0.097 0.0
агент 0.001 0.097 0.0
российский 0.007 0.071 0.0
юридический 0.0 0.102 0.0
лицо 0.0 0.086 0.0
мы 0.001 0.066 0.0
нужный 0.001 0.086 0.0
ваш 0.001 0.081 0.0
помощь 0.0 0.071 0.0
пожалуйста 0.0 0.102 0.0
поддержать 0.0 0.066 0.0
участница 0.0 1.699 0.0
протест 0.001 0.745 0.001
против 0.004 0.229 0.001
коронавирусный 0.002 1.155 0.002
ограничение 0.003 0.585 0.002
берлин 0.001 1.046 0.001
май 0.0 0.959 0.0
год 0.007 0.119 0.001
sean 0.0 2.0 0.0
gallup 0.0 2.0 0.0
getty 0.0 0.886 0.0
images 0.0 0.796 0.0
время 0.001 0.086 0.0
нынешний 0.0 0.77 0.0
волна 0.0 0.921 0.0
государственный 0.001 0.523 0.001
сми 0.002 0.602 0.001
объявить 0.001 0.553 0.001
война 0.0 0.357 0.0
журналист 0.001 0.481 0.0
провластный 0.0 1.398 0.0
медиа 0.001 1.301 0.001
недоумками-антиваксерами 0.001 2.0 0.002
имбецил-убийца 0.001 2.0 0.002
главред 0.001 2.0 0.002
маргарита 0.003 1.222 0.004
симоньян 0.004 1.398 0.006
заявить 0.001 0.553 0.001
уговор 0.001 2.0 0.002
остаться 0.001 0.432 0.0
антипрививочник 0.003 1.699 0.005
вызывать 0.001 0.523 0.001
неприязнь 0.001 2.0 0.002
сомнение 0.001 0.959 0.001
когнитивный 0.001 2.0 0.002
способность 0.001 0.77 0.001
ответ 0.001 0.432 0.0
писать 0.001 0.347 0.0
жалоба 0.001 1.222 0.001
генпрокуратура 0.001 1.398 0.001
ск 0.0 2.0 0.0
высоко 0.0 1.523 0.0
ценить 0.0 2.0 0.0
продукция 0.0 1.301 0.0
который 0.009000000000000001 0.071 0.001
ресурс 0.001 0.796 0.001
создавать 0.0 0.796 0.0
зарубежный 0.001 0.886 0.001
аудитория 0.002 1.097 0.002
дело 0.0 0.252 0.0
англоязычный 0.0 2.0 0.0
особенно 0.0 0.553 0.0
немецкий 0.009000000000000001 0.699 0.006
версия 0.006 0.77 0.005
активно 0.001 0.77 0.001
распространять 0.0 1.097 0.0
ненаучный 0.001 2.0 0.002
сведение 0.0 1.046 0.0
коронавирус 0.001 0.387 0.0
скептически 0.0 1.523 0.0
относиться 0.0 0.62 0.0
сам 0.002 0.137 0.0
идея 0.0 0.585 0.0
итог 0.001 0.509 0.001
выяснить 0.001 0.824 0.001
публикация 0.001 0.796 0.001
становиться 0.001 0.553 0.001
доказательство 0.001 0.824 0.001
ссылаться 0.001 1.155 0.001
напомнить 0.0 0.699 0.0
самый 0.001 0.208 0.0
главное 0.0 0.585 0.0
критически 0.0 1.301 0.0
важный 0.0 0.284 0.0
казаться 0.0 0.409 0.0
единственный 0.0 0.481 0.0
способ 0.001 0.602 0.001
остановить 0.0 0.523 0.0
пандемия 0.004 0.538 0.002
вернуться 0.0 0.638 0.0
нормальный 0.0 0.77 0.0
жизнь 0.0 0.319 0.0
рекомендовать 0.0 0.569 0.0
сделать 0.001 0.208 0.0
прививка 0.005 0.602 0.003
почему 0.002 0.337 0.001
обязательно 0.0 0.959 0.0
нужно 0.001 0.237 0.0
привиться 0.0 0.796 0.0
подробно 0.0 0.921 0.0
рассказывать 0.001 0.337 0.0
сентябрь 0.001 0.824 0.001
город 0.001 0.409 0.0
ройтлинген 0.0 2.0 0.0
пройти 0.0 0.387 0.0
мероприятие 0.0 1.046 0.0
название 0.001 0.745 0.001
конференция 0.002 1.398 0.003
патолог 0.002 2.0 0.004
оно 0.0 0.444 0.0
состояться 0.0 1.301 0.0
помещение 0.0 0.854 0.0
ройтлингенский 0.0 2.0 0.0
институт 0.001 0.77 0.001
патология 0.002 2.0 0.004
однако 0.001 0.337 0.0
реальный 0.0 0.638 0.0
исследовательский 0.0 1.301 0.0
учреждение 0.0 0.959 0.0
частный 0.0 0.824 0.0
клиника 0.0 0.886 0.0
принадлежащий 0.0 2.0 0.0
арне 0.001 2.0 0.002
буркхардт 0.003 2.0 0.006
один 0.002 0.119 0.0
три 0.001 0.569 0.001
докладчик 0.0 1.699 0.0
помимо 0.0 0.796 0.0
участвовать 0.001 0.569 0.001
напарник 0.0 2.0 0.0
владелец 0.0 1.097 0.0
другой 0.004 0.097 0.0
частное 0.0 1.699 0.0
вальтер 0.0 2.0 0.0
ланга 0.001 2.0 0.002
вернер 0.0 1.699 0.0
бергхольц 0.0 2.0 0.0
представить 0.0 0.638 0.0
сайт 0.003 0.658 0.002
событие 0.001 0.509 0.001
бывший 0.0 0.699 0.0
профессор 0.0 1.222 0.0
электромеханик 0.0 2.0 0.0
примерно 0.0 0.585 0.0
час 0.0 0.538 0.0
спикер 0.0 1.699 0.0
немногочисленный 0.0 1.699 0.0
зритель 0.0 1.222 0.0
результат 0.001 0.367 0.0
свой 0.003 0.143 0.0
провести 0.0 0.538 0.0
биоматериал 0.001 2.0 0.002
несколько 0.002 0.187 0.0
пациент 0.001 0.678 0.001
вскрытие 0.001 2.0 0.002
проводить 0.001 0.509 0.001
хотя 0.002 0.276 0.001
выступать 0.0 0.658 0.0
заявлять 0.0 1.0 0.0
прямо 0.0 0.357 0.0
презентация 0.0 1.398 0.0
явно 0.0 0.959 0.0
напрашиваться 0.0 2.0 0.0
вывод 0.0 0.886 0.0
минимум 0.0 0.77 0.0
семь 0.0 0.721 0.0
десять 0.0 0.585 0.0
человек 0.003 0.092 0.0
чей 0.0 1.097 0.0
исследовать 0.0 0.959 0.0
умереть 0.0 0.638 0.0
аргументировать 0.0 1.523 0.0
провоцировать 0.0 1.699 0.0
избыточный 0.0 0.921 0.0
иммунный 0.0 0.678 0.0
реакция 0.0 0.678 0.0
качество 0.001 0.553 0.001
предъявлять 0.0 1.523 0.0
изображение 0.001 1.222 0.001
якобы 0.001 0.854 0.001
аномальный 0.0 2.0 0.0
скопление 0.0 1.398 0.0
лимфоцит 0.0 1.699 0.0
белый 0.001 1.0 0.001
кровяной 0.0 2.0 0.0
клетка 0.0 0.921 0.0
почка 0.0 1.398 0.0
печень 0.0 1.398 0.0
умерший 0.0 1.301 0.0
кроме 0.001 0.387 0.0
демонстрировать 0.0 1.222 0.0
некий 0.001 1.155 0.001
электронный 0.0 1.046 0.0
микроскоп 0.0 2.0 0.0
снимок 0.0 1.222 0.0
утверждать 0.001 0.658 0.001
вакцина 0.002 0.538 0.001
именно 0.001 0.244 0.0
уточнить 0.0 1.097 0.0
содержаться 0.0 1.222 0.0
инородный 0.0 2.0 0.0
тело 0.0 0.886 0.0
необычный 0.0 1.301 0.0
форма 0.0 0.62 0.0
вероятно 0.0 0.699 0.0
металлический 0.0 1.523 0.0
происхождение 0.0 1.097 0.0
pdf-презентация 0.0 2.0 0.0
опубликовать 0.0 0.509 0.0
слайд 0.0 2.0 0.0
предварять 0.0 2.0 0.0
стоить 0.001 0.469 0.0
пометка 0.0 2.0 0.0
mikrochips 0.0 2.0 0.0
сообщать 0.0 0.921 0.0
расследовательский 0.0 2.0 0.0
проект 0.0 0.745 0.0
correctiv 0.0 2.0 0.0
состоять 0.0 0.959 0.0
ассоциация 0.0 1.398 0.0
медик 0.0 1.301 0.0
учёный 0.0 0.569 0.0
здоровье 0.0 0.796 0.0
свобода 0.001 0.77 0.001
демократия 0.0 1.222 0.0
член 0.001 0.745 0.001
ловить 0.0 1.699 0.0
продажа 0.0 0.854 0.0
фальшивый 0.0 1.699 0.0
медотвод 0.0 1.699 0.0
ношение 0.001 1.222 0.001
медицинский 0.001 0.523 0.001
маска 0.001 0.886 0.001
организатор 0.0 1.301 0.0
выступить 0.0 0.721 0.0
организация 0.0 0.509 0.0
фонд 0.0 1.0 0.0
корона-политика 0.001 2.0 0.002
лидер 0.0 0.886 0.0
юрист 0.0 1.398 0.0
райнер 0.0 2.0 0.0
фюльмиха 0.0 2.0 0.0
активный 0.0 0.796 0.0
появиться 0.0 0.367 0.0
назад 0.002 0.18 0.0
партия 0.001 0.921 0.001
основа 0.0 0.678 0.0
die 0.0 1.523 0.0
basis 0.0 1.523 0.0
partei 0.0 2.0 0.0
бундестаг 0.0 1.222 0.0
объединять 0.0 1.301 0.0
ряд 0.0 0.824 0.0
умеренный 0.0 1.398 0.0
корона-скептик 0.0 2.0 0.0
германия 0.004 0.699 0.003
общество 0.002 0.602 0.001
немедленно 0.001 1.155 0.001
осудить 0.0 1.523 0.0
заявление 0.002 0.62 0.001
два 0.001 0.26 0.0
настоящий 0.0 0.585 0.0
работать 0.001 0.102 0.0
профессия 0.0 1.398 0.0
поэтому 0.002 0.328 0.001
членство 0.0 1.699 0.0
приостановить 0.0 1.155 0.0
считать 0.002 0.319 0.001
подробный 0.001 0.569 0.001
фактчекинг 0.0 2.0 0.0
баварский 0.0 2.0 0.0
радио 0.0 1.222 0.0
проигнорировать 0.0 1.699 0.0
исключение 0.0 0.854 0.0
следующий 0.0 0.553 0.0
день 0.001 0.167 0.0
репортаж 0.0 0.678 0.0
заголовок 0.0 1.523 0.0
„ 0.005 0.62 0.003
словно 0.001 1.398 0.001
сходить 0.0 1.222 0.0
ум 0.0 1.301 0.0
“ 0.005 0.432 0.002
изучать 0.0 0.854 0.0
смерть 0.002 0.553 0.001
covid-19 0.001 0.77 0.001
выпустить 0.0 0.699 0.0
вещание 0.002 1.398 0.003
телеканал 0.003 0.854 0.003
слово 0.0 0.268 0.0
крайне 0.001 0.721 0.001
вероятный 0.001 1.155 0.001
пять 0.0 0.432 0.0
случай 0.001 0.194 0.0
подзаголовок 0.0 2.0 0.0
статья 0.001 0.553 0.001
превращаться 0.0 1.523 0.0
связанный 0.0 0.745 0.0
цитироваться 0.0 1.699 0.0
какой-либо 0.0 0.854 0.0
проверка 0.0 0.921 0.0
подвергаться 0.0 0.959 0.0
добавить 0.0 1.0 0.0
конец 0.0 0.444 0.0
текст 0.0 0.62 0.0
месяц 0.002 0.432 0.001
вскоре 0.001 1.0 0.001
русский 0.002 0.62 0.001
перевод 0.0 1.301 0.0
ссылка 0.003 0.886 0.003
перепечатка 0.0 2.0 0.0
начало 0.001 0.26 0.0
циркулировать 0.0 1.699 0.0
русскоязычный 0.002 1.097 0.002
телеграм-канал 0.002 1.222 0.002
насчитывать 0.0 1.699 0.0
десятка 0.001 0.721 0.001
сотня 0.001 0.721 0.001
тысяча 0.003 0.31 0.001
подписчик 0.001 1.301 0.001
обнаружить 0.001 0.658 0.001
десяток 0.0 0.921 0.0
такой 0.003 0.114 0.0
пост 0.0 0.638 0.0
крупный 0.0 0.523 0.0
популярный 0.002 0.854 0.002
чат 0.002 1.097 0.002
также 0.002 0.237 0.0
личный 0.0 0.678 0.0
аккаунт 0.0 1.222 0.0
группа 0.0 0.387 0.0
вконтакте 0.001 0.066 0.0
одноклассник 0.0 1.398 0.0
менее 0.001 0.432 0.0
посвятить 0.001 1.097 0.001
отказ 0.002 0.77 0.002
обсуждаться 0.0 1.301 0.0
французский 0.001 1.097 0.001
теннисист 0.0 2.0 0.0
джереми 0.0 2.0 0.0
шарди 0.0 2.0 0.0
прекращать 0.0 1.301 0.0
выступление 0.0 0.959 0.0
из-за 0.001 0.229 0.0
осложнение 0.0 0.886 0.0
соцсеть 0.001 0.824 0.001
найти 0.0 0.456 0.0
этот 0.001 0.137 0.0
новость 0.0 0.357 0.0
освещать 0.001 1.301 0.001
спойлер 0.0 0.796 0.0
зависеть 0.0 0.509 0.0
страна 0.001 0.155 0.0
освещение 0.001 1.523 0.002
локдаун 0.0 1.155 0.0
санитарный 0.001 1.398 0.001
мера 0.002 0.377 0.001
остальной 0.0 0.553 0.0
язык 0.001 0.678 0.001
сильно 0.0 0.509 0.0
отличаться 0.0 0.553 0.0
главный 0.002 0.276 0.001
редактор 0.001 0.921 0.001
январь 0.0 0.824 0.0
новый 0.003 0.187 0.001
инфекция 0.001 0.569 0.001
заражаться 0.0 1.398 0.0
этнический 0.0 2.0 0.0
китаец 0.0 1.523 0.0
впоследствии 0.0 1.301 0.0
сотрудник 0.0 0.658 0.0
поддерживать 0.0 0.569 0.0
антиковидный 0.0 1.301 0.0
рекомендация 0.0 0.678 0.0
власть 0.003 0.31 0.001
переход 0.0 1.398 0.0
удалённый 0.0 1.222 0.0
работа 0.001 0.357 0.0
нерабочий 0.0 1.523 0.0
административный 0.0 1.222 0.0
принуждение 0.001 1.699 0.002
руководство 0.0 0.796 0.0
колумнист 0.001 2.0 0.002
приветствовать 0.0 1.523 0.0
одобрять 0.0 1.523 0.0
любой 0.001 0.319 0.0
призывать 0.0 1.046 0.0
россиянин 0.001 0.444 0.0
ответственность 0.001 0.678 0.001
просить 0.0 0.886 0.0
соблюдать 0.0 1.222 0.0
предосторожность 0.0 1.398 0.0
пропагандируютвакцинация 0.0 2.0 0.0
снимать 0.0 0.824 0.0
ролик 0.0 1.523 0.0
антиреклама 0.0 2.0 0.0
больничный 0.0 1.523 0.0
койка 0.0 1.699 0.0
тот 0.002 0.131 0.0
купить 0.0 0.796 0.0
сертификат 0.001 1.046 0.001
отговаривать 0.0 1.301 0.0
обвинять 0.0 1.301 0.0
бардак 0.0 2.0 0.0
саботаж 0.0 2.0 0.0
полный 0.001 0.377 0.0
противоположность 0.0 2.0 0.0
полностью 0.001 0.538 0.001
игнорировать 0.001 1.097 0.001
внедрение 0.001 1.398 0.001
qr-код 0.001 1.222 0.001
регион 0.0 0.638 0.0
например 0.002 0.229 0.0
сразу 0.0 0.553 0.0
аналогичный 0.0 0.959 0.0
максимальноподробный 0.0 2.0 0.0
многочасовой 0.0 2.0 0.0
стрим 0.0 1.523 0.0
место 0.001 0.409 0.0
герой 0.001 1.046 0.001
врач 0.002 0.509 0.001
медсестра 0.001 1.699 0.002
московский 0.0 0.824 0.0
больница 0.0 0.495 0.0
коммунарка 0.0 1.699 0.0
бороться 0.0 0.796 0.0
уволить 0.0 1.301 0.0
прививаться 0.002 0.824 0.002
протестовать 0.0 1.222 0.0
эксперимент 0.0 0.959 0.0
дискуссия 0.0 1.222 0.0
введение 0.002 0.658 0.001
вакцинный 0.001 1.097 0.001
паспорт 0.001 1.046 0.001
великобритания 0.0 0.699 0.0
исполнение 0.0 1.699 0.0
сводиться 0.0 1.699 0.0
перечисление 0.0 2.0 0.0
причина 0.0 0.398 0.0
гарантировать 0.0 0.854 0.0
носитель 0.0 1.301 0.0
заразный 0.0 1.398 0.0
естественный 0.0 1.046 0.0
иммунитет 0.001 0.77 0.001
вирус 0.0 0.538 0.0
смертоносный 0.0 1.699 0.0
вообще 0.001 0.066 0.0
непривитый 0.001 1.097 0.001
замаскированный 0.0 2.0 0.0
вид 0.0 0.398 0.0
всеобщий 0.001 1.523 0.002
благо 0.0 1.523 0.0
использование 0.0 0.066 0.0
непроверенный 0.0 1.523 0.0
неизвестный 0.0 1.097 0.0
побочный 0.0 0.959 0.0
эффект 0.0 0.796 0.0
регулярножаловаться 0.0 2.0 0.0
заставлять 0.0 1.097 0.0
переболеть 0.0 0.745 0.0
обладать 0.0 1.097 0.0
полгода 0.0 0.886 0.0
выздоровление 0.0 1.398 0.0
минздрав 0.0 0.678 0.0
невакцинировать 0.0 1.155 0.0
притеснять 0.0 1.699 0.0
меньшинство 0.001 1.699 0.002
омерзительный 0.0 2.0 0.0
требование 0.0 0.066 0.0
предъявить 0.001 1.523 0.002
авторитаризм 0.0 1.699 0.0
гестапо 0.0 2.0 0.0
требовать 0.001 0.658 0.001
христианин 0.0 2.0 0.0
предоставить 0.0 1.046 0.0
отвод 0.0 1.523 0.0
основание 0.0 0.569 0.0
разработка 0.0 1.097 0.0
использоваться 0.0 0.585 0.0
абортивный 0.0 2.0 0.0
кстати 0.0 0.886 0.0
перечисленный 0.0 1.523 0.0
абзац 0.0 1.699 0.0
аргумент 0.001 0.62 0.001
судить 0.0 0.585 0.0
телегра-канал 0.0 1.699 0.0
проанализировать 0.001 1.222 0.001
участник 0.001 0.658 0.001
демонстрация 0.0 1.398 0.0
столица 0.0 0.854 0.0
бельгия 0.0 1.398 0.0
лаборатория 0.0 0.959 0.0
компания 0.0 0.444 0.0
pfizer 0.0 0.886 0.0
брюссель 0.0 1.699 0.0
октябрь 0.001 0.796 0.001
nicolas 0.0 2.0 0.0
landemard 0.0 2.0 0.0
le 0.0 2.0 0.0
pictorium 0.0 2.0 0.0
agency 0.0 1.0 0.0
zuma 0.0 1.398 0.0
scanpix 0.0 0.301 0.0
leta 0.0 0.301 0.0
единый 0.0 0.959 0.0
редакционный 0.001 1.398 0.001
политика 0.001 0.602 0.001
разный 0.001 0.276 0.0
иноязычный 0.001 2.0 0.002
объяснять 0.0 0.538 0.0
деятельность 0.0 0.854 0.0
франция 0.001 0.854 0.001
попросить 0.0 0.699 0.0
сохранить 0.0 0.796 0.0
анонимность 0.0 1.301 0.0
защитить 0.0 0.721 0.0
редакция 0.002 0.066 0.0
france 0.001 1.523 0.002
действовать 0.0 0.602 0.0
иначе 0.0 0.745 0.0
избегать 0.0 1.523 0.0
открытый 0.0 0.886 0.0
призыв 0.0 0.854 0.0
гражданский 0.0 0.745 0.0
неповиновение 0.0 1.699 0.0
английский 0.0 1.046 0.0
постоянный 0.0 1.046 0.0
сравнение 0.001 0.602 0.001
гитлеровский 0.001 2.0 0.002
режим 0.002 0.658 0.001
франкоязычный 0.0 2.0 0.0
обильно 0.0 2.0 0.0
приглашать 0.0 1.523 0.0
студия 0.0 1.301 0.0
сторонник 0.001 1.0 0.001
теория 0.0 1.0 0.0
заговор 0.0 1.398 0.0
альтернативный 0.0 1.0 0.0
метод 0.0 0.678 0.0
лечение 0.0 0.77 0.0
частый 0.0 0.523 0.0
гость 0.0 1.097 0.0
генеральный 0.0 1.046 0.0
секретарь 0.0 1.523 0.0
конфедерация 0.0 2.0 0.0
труд 0.0 0.854 0.0
профсоюз 0.0 2.0 0.0
гваделупа 0.0 1.699 0.0
филипп 0.0 1.699 0.0
белера 0.0 2.0 0.0
остров 0.0 1.222 0.0
вокруг 0.0 0.721 0.0
ивермектин 0.0 2.0 0.0
молчание 0.0 1.523 0.0
испанский 0.0 1.523 0.0
вести 0.001 0.553 0.001
скромный 0.0 1.523 0.0
испания 0.0 1.222 0.0
наиболее 0.0 0.745 0.0
высокий 0.0 0.495 0.0
уровень 0.001 0.367 0.0
причём 0.0 0.62 0.0
европа 0.0 0.495 0.0
мир 0.0 0.26 0.0
антивакцинный 0.0 2.0 0.0
риторика 0.0 1.301 0.0
целое 0.001 0.585 0.001
глубоко 0.001 1.398 0.001
маргинальный 0.0 2.0 0.0
видимо 0.0 0.824 0.0
испаноязычный 0.0 2.0 0.0
основное 0.001 0.553 0.001
адресовать 0.0 1.699 0.0
испаноговорить 0.0 2.0 0.0
преимущество 0.0 1.155 0.0
спутник 0.0 0.678 0.0
v 0.0 0.699 0.0
страдать 0.0 1.222 0.0
дуло 0.0 2.0 0.0
автомат 0.0 1.523 0.0
успокоиться 0.0 1.301 0.0
пока 0.001 0.208 0.0
заставить 0.0 1.046 0.0
уколоться 0.0 1.523 0.0
взрослый 0.0 1.0 0.0
население 0.001 0.569 0.001
фашистский 0.0 1.523 0.0
нарушать 0.0 1.155 0.0
запрет 0.0 0.921 0.0
основной 0.0 0.854 0.0
право 0.0 0.538 0.0
число 0.0 0.201 0.0
информированный 0.0 1.523 0.0
согласие 0.0 1.046 0.0
свободный 0.0 0.77 0.0
терпеть 0.0 1.398 0.0
выбрать 0.0 0.886 0.0
суверенитет 0.0 1.398 0.0
собственный 0.0 0.569 0.0
заслуживать 0.0 1.523 0.0
изгнание 0.0 2.0 0.0
наказание 0.001 1.222 0.001
принять 0.0 0.42 0.0
нюрнбергский 0.003 1.699 0.005
закон 0.0 0.658 0.0
еврей 0.001 1.699 0.002
подвергнуть 0.0 1.699 0.0
остракизм 0.001 2.0 0.002
дискриминация 0.0 1.398 0.0
поздний 0.0 0.745 0.0
носить 0.0 0.796 0.0
одежда 0.0 0.921 0.0
жёлтый 0.001 1.699 0.002
звезда 0.001 1.301 0.001
внутренний 0.001 0.745 0.001
враг 0.0 1.046 0.0
видный 0.0 1.046 0.0
издалёка 0.0 1.699 0.0
xxi 0.0 1.523 0.0
век 0.0 1.046 0.0
смочь 0.0 0.328 0.0
постичь 0.0 2.0 0.0
судьба 0.0 1.097 0.0
rt.com 0.002 2.0 0.004
принудительный 0.0 1.523 0.0
абсолютно 0.0 0.721 0.0
никакой 0.002 0.409 0.001
оправдание 0.0 1.398 0.0
путешествие 0.0 1.301 0.0
заездить 0.0 2.0 0.0
мантра 0.0 1.699 0.0
каждый 0.0 0.244 0.0
должный 0.0 0.201 0.0
внести 0.0 1.097 0.0
вклад 0.0 1.301 0.0
получить 0.0 0.328 0.0
укол 0.0 1.0 0.0
ради 0.0 1.046 0.0
безопасность 0.001 0.387 0.0
чушь 0.0 2.0 0.0
привести 0.001 0.456 0.0
нерешительность 0.0 2.0 0.0
делать 0.002 0.18 0.0
тест 0.0 0.77 0.0
вакцинировать 0.0 0.602 0.0
защищать 0.001 0.585 0.001
никто 0.0 0.432 0.0
подвергать 0.0 1.699 0.0
неудобство 0.0 2.0 0.0
лишь 0.001 0.481 0.0
выбор 0.001 0.886 0.001
решение 0.0 0.347 0.0
обманчивый 0.0 2.0 0.0
представлять 0.0 0.678 0.0
коллективный 0.0 0.959 0.0
необходимость 0.0 0.745 0.0
отличный 0.0 1.398 0.0
навязывать 0.0 1.523 0.0
клеймить 0.0 2.0 0.0
маргинал 0.0 2.0 0.0
кто-то 0.001 0.523 0.001
разница 0.0 0.77 0.0
решить 0.001 0.398 0.0
грипп 0.001 1.0 0.001
почему-то 0.001 1.222 0.001
спор 0.0 1.046 0.0
либо 0.001 0.569 0.001
привить 0.002 0.678 0.001
сохранять 0.0 1.046 0.0
рациональный 0.0 1.699 0.0
выжидательный 0.0 2.0 0.0
подход 0.0 0.854 0.0
шанс 0.0 0.638 0.0
заболеть 0.0 0.585 0.0
ничтожно 0.0 2.0 0.0
маленький 0.0 0.328 0.0
нюанс 0.0 1.301 0.0
учитываться 0.0 1.699 0.0
сегодняшний 0.0 1.155 0.0
истерический 0.0 2.0 0.0
пропаганда 0.0 0.745 0.0
послушание 0.001 2.0 0.002
книга 0.0 0.886 0.0
звучать 0.0 0.959 0.0
комментарий 0.0 1.046 0.0
ситуация 0.0 0.337 0.0
речь 0.0 0.398 0.0
историк 0.0 1.523 0.0
йоханна 0.0 1.699 0.0
шапуть 0.0 2.0 0.0
идти 0.0 0.222 0.0
краткий 0.0 1.222 0.0
менеджмент 0.0 2.0 0.0
гитлер 0.0 1.097 0.0
наш 0.0 0.337 0.0
содержание 0.001 1.301 0.001
отражаться 0.0 1.699 0.0
актуальный 0.0 1.301 0.0
играть 0.001 0.699 0.001
роль 0.0 0.721 0.0
правовой 0.0 1.301 0.0
положение 0.0 1.046 0.0
de 0.003 1.523 0.005
освободить 0.0 1.301 0.0
вернуть 0.0 1.398 0.0
надёжный 0.0 0.824 0.0
высокоэффективный 0.0 2.0 0.0
надежда 0.0 0.77 0.0
ужасный 0.0 1.301 0.0
восхвалять 0.0 2.0 0.0
корона 0.0 1.699 0.0
спешно 0.0 1.699 0.0
разработать 0.0 0.959 0.0
зарегистрировать 0.0 0.602 0.0
тип 0.0 0.796 0.0
быть 0.0 0.215 0.0
матричный 0.0 1.699 0.0
рнк 0.0 1.301 0.0
вектор 0.0 1.222 0.0
святой 0.0 1.699 0.0
завет 0.0 2.0 0.0
несмотря 0.001 0.456 0.0
заражение 0.001 0.745 0.001
большой 0.0 0.347 0.0
количество 0.001 0.481 0.0
больной 0.0 1.155 0.0
сомневаться 0.0 0.886 0.0
готовый 0.0 0.509 0.0
присоединиться 0.0 1.046 0.0
акт 0.0 1.398 0.0
народный 0.0 0.959 0.0
оздоровление 0.0 2.0 0.0
бесплатный 0.0 1.222 0.0
жареный 0.0 2.0 0.0
сосиска 0.0 2.0 0.0
считаться 0.0 0.824 0.0
социально 0.0 1.699 0.0
вредный 0.0 1.222 0.0
мишень 0.0 1.398 0.0
оргия 0.0 2.0 0.0
тон 0.0 2.0 0.0
жёсткий 0.0 0.678 0.0
некоторый 0.001 0.222 0.0
позиция 0.0 0.745 0.0
антимасочник 0.0 2.0 0.0
критика 0.0 1.222 0.0
вполне 0.0 0.699 0.0
легитимный 0.0 2.0 0.0
претензия 0.0 1.097 0.0
серьёзный 0.0 0.553 0.0
довод 0.0 1.699 0.0
отстаивать 0.0 2.0 0.0
честной 0.0 1.699 0.0
посмотреть 0.0 0.523 0.0
непредвзято 0.0 1.699 0.0
позволить 0.0 0.62 0.0
высказывать 0.0 1.523 0.0
нравственный 0.0 2.0 0.0
интеллектуальный 0.0 1.222 0.0
терроризм 0.0 1.301 0.0
допускать 0.0 1.046 0.0
жить 0.001 0.481 0.0
свинцовый 0.0 2.0 0.0
колпак 0.0 2.0 0.0
удушать 0.0 2.0 0.0
конформизм 0.0 2.0 0.0
политкорректность 0.0 2.0 0.0
благонамеренность 0.0 2.0 0.0
запугивание 0.0 2.0 0.0
откровенно 0.0 1.699 0.0
говорить 0.001 0.18 0.0
страх 0.0 0.796 0.0
довольно 0.0 0.523 0.0
популярно 0.001 2.0 0.002
антипрививочный 0.0 1.699 0.0
телеграма-канал 0.0 1.523 0.0
прямой 0.0 0.658 0.0
поддомен 0.0 2.0 0.0
пересказ 0.0 1.301 0.0
репост 0.0 2.0 0.0
просьба 0.0 0.886 0.0
объяснить 0.0 0.602 0.0
карантинный 0.001 1.523 0.002
языковой 0.0 2.0 0.0
пресс-служба 0.0 1.155 0.0
отреагировать 0.0 1.155 0.0
сожаление 0.0 0.553 0.0
условие 0.0 0.495 0.0
повышенный 0.0 0.77 0.0
эпидемиологический 0.0 1.0 0.0
опасность 0.0 0.854 0.0
риск 0.0 0.357 0.0
плохо 0.0 0.569 0.0
поддаваться 0.0 1.398 0.0
заболевание 0.0 0.481 0.0
распорядок 0.0 2.0 0.0
запрещать 0.0 1.523 0.0
контакт 0.0 0.886 0.0
иноагент 0.0 1.699 0.0
написать 0.0 0.62 0.0
отказаться 0.0 0.62 0.0
отвечать 0.0 0.456 0.0
прислать 0.0 0.77 0.0
посчитать 0.0 1.398 0.0
половина 0.0 0.721 0.0
домен 0.0 1.699 0.0
de.rt.com 0.0 2.0 0.0
журнал 0.0 0.77 0.0
der 0.001 1.301 0.001
spiegel 0.001 1.301 0.001
февраль 0.0 0.337 0.0
переписка 0.0 1.222 0.0
уникальный 0.0 1.699 0.0
посетитель 0.0 1.523 0.0
увеличиться 0.0 1.523 0.0
последний 0.0 0.284 0.0
очередь 0.0 0.538 0.0
связать 0.0 0.469 0.0
основный 0.0 0.62 0.0
платформа 0.001 0.066 0.0
нестандартно 0.001 2.0 0.002
мыслящий 0.0 1.699 0.0
querdenker 0.0 1.699 0.0
часто 0.001 0.456 0.0
действительно 0.0 0.377 0.0
традиционный 0.0 1.222 0.0
цитировать 0.001 1.155 0.001
активист 0.0 1.155 0.0
движение 0.002 0.921 0.002
скрывать 0.0 1.222 0.0
ответить 0.0 0.495 0.0
колонка 0.0 1.699 0.0
поблагодарить 0.0 1.523 0.0
дорогой 0.0 1.046 0.0
коллега 0.0 0.796 0.0
намёк 0.0 1.699 0.0
пускай 0.0 2.0 0.0
косвенный 0.0 1.155 0.0
весь 0.0 0.114 0.0
комплекс 0.0 1.046 0.0
мнение 0.001 0.509 0.001
вопрос 0.0 0.276 0.0
подобный 0.0 0.721 0.0
интервью 0.001 0.745 0.001
блокировка 0.002 1.097 0.002
ютьюб-канал 0.001 1.699 0.002
администрация 0.0 0.959 0.0
сервис 0.001 0.959 0.001
предупреждение 0.0 1.155 0.0
четыре 0.0 0.509 0.0
загрузить 0.0 1.699 0.0
видео 0.0 0.678 0.0
лишиться 0.0 1.097 0.0
возможность 0.0 0.444 0.0
запасный 0.0 1.699 0.0
оба 0.0 0.62 0.0
навсегда 0.0 0.854 0.0
заблокировать 0.001 0.553 0.001
нарушение 0.0 0.886 0.0
правило 0.0 0.066 0.0
назвать 0.001 0.569 0.001
медийный 0.0 2.0 0.0
государство 0.0 0.569 0.0
потребовать 0.0 1.097 0.0
запретить 0.0 0.77 0.0
deutsche 0.0 1.699 0.0
welle 0.0 1.699 0.0
мид 0.0 1.398 0.0
беспрецедентный 0.0 1.301 0.0
информационный 0.001 0.854 0.001
агрессия 0.0 1.301 0.0
сторона 0.001 0.347 0.0
видеохостинг 0.001 1.699 0.002
ютюб 0.0 2.0 0.0
совершенный 0.0 1.523 0.0
очевидный 0.0 0.678 0.0
потворство 0.0 2.0 0.0
настояние 0.0 2.0 0.0
германский 0.0 1.398 0.0
иметь 0.0 0.337 0.0
отношение 0.0 0.509 0.0
роскомнадзор 0.0 1.097 0.0
google 0.001 1.301 0.001
разблокировать 0.0 1.523 0.0
угроза 0.0 0.824 0.0
штраф 0.0 1.301 0.0
миллион 0.0 0.495 0.0
рубль 0.0 1.0 0.0
представитель 0.0 0.638 0.0
обсуждать 0.0 0.745 0.0
депутат 0.0 1.155 0.0
госдума 0.0 1.046 0.0
действие 0.0 0.409 0.0
последовать 0.0 1.398 0.0
сей 0.001 0.456 0.0
пора 0.001 0.357 0.0
следовать 0.0 0.678 0.0
уведомление 0.0 1.523 0.0
подвергнуться 0.0 1.398 0.0
youtube 0.001 0.06 0.0
отчёт 0.0 1.0 0.0
заседание 0.001 1.097 0.001
июнь 0.0 0.699 0.0
организовывать 0.0 1.523 0.0
любимый 0.0 1.222 0.0
тема 0.001 0.678 0.001
патологоанатом 0.0 2.0 0.0
скрыть 0.0 1.398 0.0
инъекция 0.0 1.523 0.0
появляться 0.0 0.658 0.0
магнитный 0.0 1.699 0.0
структура 0.0 0.745 0.0
загадка 0.0 2.0 0.0
берлинский 0.0 1.523 0.0
политолог 0.001 1.398 0.001
социал-демократический 0.0 2.0 0.0
алексей 0.001 0.886 0.001
юсуп 0.001 2.0 0.002
среда 0.001 1.222 0.001
сравнивать 0.0 0.796 0.0
жертва 0.001 0.824 0.001
тоталитарный 0.001 1.222 0.001
нашивать 0.0 2.0 0.0
давид 0.001 2.0 0.002
надпись 0.0 1.222 0.0
ungeimpft 0.0 2.0 0.0
непривить 0.0 2.0 0.0
11-летний 0.0 1.699 0.0
девочка 0.0 1.222 0.0
митинг 0.001 1.0 0.001
карлсруэ 0.0 2.0 0.0
чувствовать 0.0 0.678 0.0
анна 0.001 1.046 0.001
франк 0.0 2.0 0.0
убежище 0.0 1.0 0.0
прийтись 0.0 0.602 0.0
отпраздновать 0.0 1.523 0.0
рождение 0.0 1.046 0.0
тайком 0.0 2.0 0.0
похожий 0.0 0.602 0.0
нередко 0.0 1.222 0.0
обращаться 0.0 0.854 0.0
автор 0.001 0.62 0.001
активистка 0.0 1.699 0.0
карликовый 0.0 2.0 0.0
коммунистический 0.0 1.523 0.0
дагмар 0.0 2.0 0.0
хенна 0.0 2.0 0.0
письмо 0.001 0.854 0.001
министр 0.0 0.886 0.0
здравоохранение 0.0 0.658 0.0
федеральный 0.0 0.959 0.0
земля 0.0 0.796 0.0
дилек 0.0 2.0 0.0
калайджи 0.0 2.0 0.0
цитируетнюрнбергский 0.0 2.0 0.0
кодекс 0.001 0.066 0.0
набор 0.0 0.959 0.0
принцип 0.0 0.638 0.0
врачебный 0.0 1.523 0.0
этика 0.001 1.699 0.002
сформулировать 0.0 1.398 0.0
судебный 0.0 1.523 0.0
процесс 0.001 0.538 0.001
врач-нацист 0.0 2.0 0.0
оставаться 0.0 0.387 0.0
отчасти 0.0 1.398 0.0
прибегать 0.001 1.301 0.001
аналогия 0.0 1.301 0.0
подпольный 0.0 1.523 0.0
противостоять 0.0 1.398 0.0
могущественный 0.0 1.699 0.0
слепой 0.0 1.155 0.0
большинство 0.0 0.509 0.0
учесть 0.0 1.398 0.0
специфика 0.0 1.699 0.0
холокост 0.0 1.398 0.0
нацист 0.0 1.222 0.0
эффективный 0.0 0.553 0.0
максимально 0.001 0.721 0.001
скандализировать 0.0 2.0 0.0
общественность 0.0 1.699 0.0
привлечь 0.001 1.097 0.001
внимание 0.0 0.523 0.0
образ 0.0 0.553 0.0
компенсировать 0.0 1.523 0.0
относительный 0.0 1.155 0.0
малочисленность 0.0 2.0 0.0
недостаток 0.0 1.0 0.0
доступ 0.0 0.796 0.0
больший 0.0 0.328 0.0
пропагандист 0.0 1.699 0.0
схожий 0.0 1.155 0.0
приём 0.0 0.921 0.0
первый 0.0 0.143 0.0
симпатизировать 0.0 1.699 0.0
известный 0.0 0.569 0.0
псевдоним 0.0 1.699 0.0
капитан 0.001 1.699 0.002
будущее 0.001 0.62 0.001
ostwest 0.0 2.0 0.0
правда 0.001 0.456 0.0
подумывать 0.0 2.0 0.0
устроиться 0.0 1.398 0.0
туда 0.0 0.921 0.0
удар 0.0 0.745 0.0
выражение 0.0 0.959 0.0
разнообразие 0.0 1.699 0.0
критический 0.0 1.398 0.0
голос 0.0 1.301 0.0
затыкать 0.0 2.0 0.0
дискредитировать 0.0 1.699 0.0
цензура 0.0 1.046 0.0
сказать 0.0 0.31 0.0
разговор 0.001 0.745 0.001
пример 0.001 0.585 0.001
bild 0.0 2.0 0.0
юлиан 0.0 2.0 0.0
райхельт 0.0 2.0 0.0
думать 0.0 0.456 0.0
прекрасный 0.0 1.222 0.0
взаимный 0.0 1.523 0.0
симпатия 0.0 1.523 0.0
выражаться 0.0 1.699 0.0
среди 0.0 0.42 0.0
прочее 0.0 1.222 0.0
мировой 0.0 0.721 0.0
трафик 0.0 1.398 0.0
данные 0.0 0.31 0.0
similarweb 0.0 2.0 0.0
момент 0.001 0.387 0.0
огромный 0.0 0.721 0.0
отрыв 0.0 1.699 0.0
russian.rt.com 0.0 2.0 0.0
притяжение 0.0 1.699 0.0
местный 0.0 0.602 0.0
означать 0.0 0.585 0.0
часть 0.0 0.377 0.0
осознанный 0.0 2.0 0.0
стратегия 0.0 1.097 0.0
скорее 0.0 0.509 0.0
пользоваться 0.0 0.886 0.0
идентичный 0.0 1.523 0.0
тактический 0.0 1.523 0.0
достижение 0.0 1.097 0.0
цель 0.001 0.745 0.001
противостояние 0.0 1.523 0.0
внутригерманский 0.0 2.0 0.0
мейнстрим 0.0 1.699 0.0
немец 0.0 1.155 0.0
декларировать 0.0 1.699 0.0
идеология 0.0 1.523 0.0
нацистский 0.0 1.301 0.0
восточногерманский 0.0 2.0 0.0
наоборот 0.0 0.824 0.0
демонстративный 0.0 1.699 0.0
антисемитизм 0.0 1.699 0.0
заключать 0.0 1.222 0.0
мочь 0.0 0.102 0.0
выглядеть 0.0 0.495 0.0
реальность 0.0 0.77 0.0
чисто 0.0 1.301 0.0
оппортунистический 0.0 2.0 0.0
союзник 0.0 1.155 0.0
ковид-диссидент 0.001 2.0 0.002
драться 0.001 2.0 0.002
полиция 0.001 1.0 0.001
выборы 0.001 1.222 0.001
немой 0.001 0.585 0.001
очень 0.001 0.149 0.0
любить 0.001 0.921 0.001
общий 0.0 0.444 0.0
западный 0.0 0.553 0.0
вещать 0.0 2.0 0.0
служба 0.0 0.678 0.0
низкий 0.0 0.638 0.0
выход 0.0 0.796 0.0
недавно 0.0 0.62 0.0
абсолютный 0.0 1.222 0.0
опросить 0.0 2.0 0.0
левада 0.0 2.0 0.0
апрель 0.0 0.886 0.0
2021-го 0.001 1.155 0.001
процент 0.0 1.046 0.0
опрос 0.0 1.398 0.0
упасть 0.0 0.77 0.0
счёт 0.0 0.721 0.0
комфортный 0.0 2.0 0.0
социологический 0.0 1.699 0.0
нужда 0.0 1.523 0.0
выставлять 0.0 1.301 0.0
угнести 0.0 2.0 0.0
соратник 0.0 1.398 0.0
немецкоязычный 0.0 1.699 0.0
преступление 0.0 1.046 0.0
москва 0.001 0.523 0.001
посещение 0.001 1.398 0.001
ресторан 0.0 1.222 0.0
актёр 0.0 1.523 0.0
егор 0.0 1.523 0.0
берой 0.0 2.0 0.0
выйти 0.0 0.456 0.0
сцена 0.0 1.398 0.0
театр 0.0 1.097 0.0
et 0.0 1.699 0.0
cetera 0.0 2.0 0.0
церемония 0.0 1.699 0.0
вручение 0.0 2.0 0.0
телевизионный 0.0 1.523 0.0
премия 0.0 1.398 0.0
тэфи 0.0 2.0 0.0
летопись 0.0 2.0 0.0
победа 0.0 1.046 0.0
лацкан 0.0 1.699 0.0
пиджак 0.0 1.699 0.0
призвать 0.001 0.886 0.001
допустить 0.0 0.854 0.0
сегрегация 0.001 2.0 0.002
умный 0.0 1.699 0.0
глупый 0.0 1.523 0.0
синдром 0.0 1.301 0.0
даун 0.0 2.0 0.0
чёрный 0.0 0.959 0.0
нееврей 0.0 2.0 0.0
антифашистский 0.0 1.699 0.0
постоянно 0.0 0.62 0.0
сообщество 0.0 0.886 0.0
скажем 0.0 1.222 0.0
заслужить 0.0 2.0 0.0
артистка 0.0 2.0 0.0
федерация 0.0 1.0 0.0
мария 0.0 1.046 0.0
шукшин 0.0 2.0 0.0
трибунал 0.001 1.699 0.002
петиция 0.0 1.398 0.0
президент 0.0 0.523 0.0
владимир 0.0 0.523 0.0
путин 0.0 0.523 0.0
гражданин 0.001 0.553 0.001
наличие 0.0 0.745 0.0
отсутствие 0.0 0.699 0.0
способный 0.0 0.854 0.0
социальный 0.0 0.721 0.0
дестабилизация 0.0 2.0 0.0
беспорядок 0.0 2.0 0.0
разместить 0.0 1.398 0.0
православный 0.0 1.398 0.0
спасти 0.0 0.854 0.0
колумнистка 0.0 1.699 0.0
шафран 0.0 2.0 0.0
отсылка 0.0 1.523 0.0
изредка 0.0 1.699 0.0
высказывание 0.0 1.155 0.0
доковидный 0.0 1.699 0.0
упоминание 0.001 1.523 0.002
встречаться 0.0 0.824 0.0
один-два 0.0 2.0 0.0
раз 0.0 0.569 0.0
затем 0.0 0.678 0.0
2020-го 0.0 1.097 0.0
суммарный 0.0 1.398 0.0
ежемесячный 0.0 1.699 0.0
пойти 0.0 0.509 0.0
превысить 0.0 1.523 0.0
ввести 0.0 0.538 0.0
общественный 0.0 0.745 0.0
заведение 0.0 1.301 0.0
достигнуть 0.0 0.824 0.0
ежемесячно 0.0 2.0 0.0
показательно 0.0 2.0 0.0
выбралиименноэтотдокумент 0.0 2.0 0.0
хельсинкский 0.0 2.0 0.0
декларация 0.0 1.699 0.0
отметить 0.0 0.886 0.0
елена 0.0 1.0 0.0
савинов 0.0 1.523 0.0
соучредительница 0.0 1.523 0.0
ано 0.0 1.523 0.0
блог 0.0 0.066 0.0
истерик 0.0 1.398 0.0
просто 0.0 0.194 0.0
эксплуатировать 0.0 1.699 0.0
эмоционально 0.0 1.046 0.0
перегрузить 0.0 1.699 0.0
привлечение 0.0 1.523 0.0
продаваться 0.0 1.699 0.0
истерика 0.0 1.699 0.0
а-ля 0.0 1.699 0.0
узник 0.0 2.0 0.0
концлагерь 0.0 1.523 0.0
менгель 0.0 2.0 0.0
дать 0.0 0.066 0.0
обида 0.0 2.0 0.0
взбудоражить 0.0 2.0 0.0
рассуждение 0.0 1.523 0.0
органично 0.0 1.699 0.0
сочетаться 0.0 2.0 0.0
экстремально 0.0 2.0 0.0
антисемитский 0.0 2.0 0.0
насчитать 0.0 1.523 0.0
смежный 0.0 2.0 0.0
около 0.001 0.432 0.0
фашизм 0.0 1.699 0.0
нацизм 0.0 1.155 0.0
словоформа 0.001 2.0 0.002
термин 0.0 1.523 0.0
еврей/еврейский 0.0 2.0 0.0
оскорбительный 0.0 2.0 0.0
вариант 0.0 0.481 0.0
найтись 0.0 1.523 0.0
значительно 0.0 0.959 0.0
упоминаться 0.0 1.155 0.0
филантроп 0.0 1.523 0.0
джордж 0.0 1.301 0.0
сорос 0.0 1.523 0.0
глобалиста 0.0 2.0 0.0
удостоиться 0.0 2.0 0.0
канальгеруха 0.0 2.0 0.0
фамилия 0.0 1.301 0.0
мэр 0.001 0.77 0.001
сергей 0.0 0.796 0.0
собянин 0.0 1.398 0.0
антисемит 0.0 2.0 0.0
дискредитация 0.0 1.222 0.0
чиновник 0.0 1.0 0.0
мистификация 0.0 2.0 0.0
издание 0.0 0.481 0.0
медиазона 0.0 1.699 0.0
дмитрий 0.001 0.62 0.001
трещанин 0.0 2.0 0.0
шутка 0.0 1.699 0.0
живой 0.0 0.553 0.0
назначение 0.0 1.0 0.0
исполнять 0.0 1.398 0.0
обязанность 0.0 1.699 0.0
выдумать 0.0 2.0 0.0
пересказывать 0.0 1.222 0.0
различный 0.0 0.921 0.0
разоблачитель 0.0 2.0 0.0
сионистский 0.0 2.0 0.0
осень 0.001 1.0 0.001
начаться 0.0 0.367 0.0
очередной 0.0 0.796 0.0
резко 0.0 0.854 0.0
ужесточить 0.0 1.523 0.0
обрушиться 0.0 2.0 0.0
руководитель 0.0 0.886 0.0
глава 0.0 0.658 0.0
карелия 0.0 1.523 0.0
артур 0.0 2.0 0.0
парфенчик 0.0 2.0 0.0
убийца 0.0 1.699 0.0
росздравнадзор 0.0 1.398 0.0
поручить 0.0 1.301 0.0
территориальный 0.0 1.046 0.0
отделение 0.0 1.046 0.0
выявлять 0.0 1.699 0.0
заведомо 0.0 1.523 0.0
ложный 0.0 1.398 0.0
вред 0.0 1.097 0.0
прокуратура 0.0 1.523 0.0
следственный 0.001 1.398 0.001
комитет 0.001 1.097 0.001
ток-шоу 0.0 1.523 0.0
нтв 0.0 2.0 0.0
роман 0.0 1.398 0.0
бабаян 0.0 2.0 0.0
жёстко 0.0 1.301 0.0
телеведущий 0.0 1.523 0.0
киселёв 0.0 2.0 0.0
социопатический 0.0 2.0 0.0
поведение 0.0 1.222 0.0
начать 0.0 0.276 0.0
массово 0.0 1.097 0.0
слать 0.0 2.0 0.0
возбуждение 0.0 1.398 0.0
вражда 0.0 2.0 0.0
унижение 0.0 1.699 0.0
человеческий 0.0 0.886 0.0
достоинство 0.0 1.523 0.0
свободолюбивый 0.0 1.699 0.0
хотеть 0.0 0.102 0.0
посадить 0.0 1.398 0.0
тюрьма 0.0 1.523 0.0
высказать 0.0 1.155 0.0
прокомментировать 0.0 1.301 0.0
последствие 0.0 0.523 0.0
презрительно 0.0 2.0 0.0
известно 0.0 0.481 0.0
обновление 0.0 1.0 0.0
говориться 0.0 0.796 0.0
приводить 0.0 0.602 0.0
отдельный 0.0 0.678 0.0
неназванный 0.0 1.699 0.0
вырвать 0.0 2.0 0.0
контекст 0.0 1.0 0.0
директор 0.0 0.796 0.0
стратегический 0.0 1.523 0.0
прогноз 0.0 0.824 0.0
рудна 0.0 1.699 0.0
палата 0.0 1.699 0.0
никита 0.0 2.0 0.0
данюк 0.0 2.0 0.0
спланировать 0.0 2.0 0.0
кампания 0.0 0.699 0.0
рубеж 0.001 1.097 0.001
бельгийский 0.001 2.0 0.002
фундаментальный 0.001 1.301 0.001
манифест 0.001 1.699 0.002
ковид-отрицатель 0.001 2.0 0.002
изучить 0.001 0.854 0.001
появление 0.001 0.699 0.001
разобрать 0.001 1.222 0.001
24/7 0.0 0.102 0.0
интерес 0.0 0.155 0.0
читателейн 0.0 0.174 0.0
срочно 0.0 0.167 0.0
помочь 0.0 0.125 0.0
ковалёв 0.0 1.523 0.0
участие 0.0 0.638 0.0
вачединый 0.0 1.398 0.0
саша 0.0 1.398 0.0
зеленин 0.0 2.0 0.0
meduzacare 0.0 0.066 0.0
связаться 0.0 0.066 0.0
анонимно 0.0 0.066 0.0
ios 0.0 0.066 0.0
android 0.0 0.066 0.0
инстаграм 0.0 0.066 0.0
twitter 0.0 0.0 0.0
facebook 0.0 0.0 0.0
– 0.0 0.06 0.0
live 0.0 0.022 0.0
вечерний 0.0 0.066 0.0
реклама 0.001 0.066 0.0
баннер 0.0 0.066 0.0
безопасно 0.0 0.066 0.0
персональный 0.0 0.066 0.0
обработка 0.0 0.066 0.0
кук 0.0 0.066 0.0
наслать 0.0 0.066 0.0
ошибка 0.0 0.066 0.0
выделить 0.0 0.066 0.0
нажать 0.0 0.066 0.0
ctrl+enter 0.0 0.066 0.0
спасибоgiphyз 0.0 0.066 0.0
гифка 0.0 0.066 0.0
© 0.0 0.0 0.0
