перейти 0.001 0.066 0.0
материал 0.002 0.066 0.0
связь 0.003 0.0 0.0
новостиисторииразборшапитокоронавирусмагаз 0.001 0.066 0.0
медуза 0.01 0.066 0.001
рекламаmeduza 0.001 0.066 0.0
in 0.001 0.0 0.0
english 0.001 0.06 0.0
показывать 0.001 0.066 0.0
порядок 0.001 0.066 0.0
en 0.001 0.066 0.0
кнопка 0.001 0.066 0.0
поддержка 0.001 0.066 0.0
новость 0.003 0.357 0.001
показать 0.003 0.432 0.001
этот 0.003 0.137 0.0
путинский 0.003 1.222 0.004
глаз 0.003 0.77 0.002
ребёнок 0.006 0.387 0.002
плачущий 0.003 1.301 0.004
врач 0.006 0.509 0.003
российский 0.016 0.071 0.001
армия 0.004 0.721 0.003
стратегически 0.001 1.301 0.001
важно 0.001 0.509 0.001
захватить 0.005 0.959 0.005
мариуполь 0.028 0.77 0.022
город 0.023 0.409 0.009
бомбить 0.006 0.824 0.005
стирать 0.001 1.097 0.001
лицо 0.002 0.086 0.0
земля 0.001 0.796 0.001
репортаж 0.004 0.678 0.003
associated 0.004 1.155 0.005
press 0.004 0.824 0.003
март 0.011 0.284 0.003
источник 0.001 0.167 0.0
данный 0.001 0.097 0.0
сообщение 0.001 0.102 0.0
создать 0.001 0.097 0.0
распространить 0.001 0.102 0.0
иностранный 0.004 0.097 0.0
средство 0.001 0.097 0.0
массовый 0.001 0.097 0.0
информация 0.002 0.102 0.0
выполнять 0.003 0.097 0.0
функция 0.003 0.097 0.0
агент 0.003 0.097 0.0
юридический 0.001 0.102 0.0
мы 0.005 0.066 0.0
нужный 0.001 0.086 0.0
ваш 0.001 0.081 0.0
помощь 0.003 0.071 0.0
пожалуйста 0.001 0.102 0.0
поддержать 0.002 0.066 0.0
evgeniy 0.004 1.301 0.005
maloletka 0.004 1.301 0.005
ap 0.004 0.854 0.003
scanpix 0.004 0.301 0.001
leta 0.004 0.301 0.001
важный 0.001 0.284 0.0
город-порт 0.001 2.0 0.002
металлургический 0.001 1.699 0.002
центр 0.001 0.432 0.0
юг 0.001 1.301 0.001
донецкий 0.001 1.155 0.001
область 0.001 0.523 0.001
украина 0.005 0.347 0.002
прямо 0.003 0.357 0.001
главный 0.002 0.276 0.001
цель 0.001 0.745 0.001
специальный 0.001 0.638 0.001
военный 0.002 0.444 0.001
операция 0.001 0.721 0.001
войско 0.007 0.678 0.005
держать 0.002 0.824 0.002
жёсткий 0.001 0.678 0.001
осада 0.004 0.854 0.003
смочь 0.001 0.328 0.0
обеспечить 0.001 1.097 0.001
сухопутный 0.001 2.0 0.002
коридор 0.002 0.959 0.002
крым 0.001 0.854 0.001
днр 0.003 0.959 0.003
лнр 0.001 1.0 0.001
контроль 0.001 0.585 0.001
азовский 0.001 1.699 0.002
море 0.001 1.699 0.002
жилой 0.002 0.886 0.002
квартал 0.001 0.959 0.001
подвергаться 0.002 0.959 0.002
ежедневный 0.001 1.398 0.001
массировать 0.002 1.699 0.003
обстрел 0.008 0.678 0.005
подсчёт 0.001 1.301 0.001
местный 0.003 0.602 0.002
власть 0.006 0.31 0.002
погибнуть 0.001 0.824 0.001
два 0.002 0.26 0.001
половина 0.001 0.721 0.001
тысяча 0.006 0.31 0.002
мирный 0.002 0.699 0.001
житель 0.009000000000000001 0.456 0.004
число 0.001 0.201 0.0
минобороны 0.003 1.046 0.003
рф 0.003 0.745 0.002
отрицать 0.003 1.222 0.004
гражданский 0.003 0.745 0.002
объект 0.003 0.886 0.003
сам 0.003 0.137 0.0
начало 0.001 0.26 0.0
война 0.004 0.357 0.001
находиться 0.001 0.367 0.0
корреспондент 0.004 1.046 0.004
мстислав 0.001 2.0 0.002
чернов 0.001 1.699 0.002
фотограф 0.001 1.699 0.002
евгений 0.003 1.097 0.003
малолетка 0.003 2.0 0.006
сотрудничать 0.001 1.301 0.001
агентство 0.001 0.824 0.001
публиковать 0.001 0.638 0.001
свидетельство 0.002 1.155 0.002
боевой 0.001 0.77 0.001
действие 0.001 0.409 0.0
например 0.001 0.229 0.0
снимок 0.001 1.222 0.001
разбомбить 0.002 1.398 0.003
роддом 0.007 1.0 0.007
который 0.006 0.071 0.0
называть 0.003 0.432 0.001
фейк 0.003 1.0 0.003
пересказывать 0.001 1.222 0.001
происходить 0.003 0.301 0.001
самый 0.002 0.208 0.0
первый 0.001 0.143 0.0
день 0.004 0.167 0.001
население 0.003 0.569 0.002
составлять 0.001 0.745 0.001
человек 0.007 0.092 0.001
срочно 0.001 0.167 0.0
уехать 0.001 0.824 0.001
около 0.003 0.432 0.001
сто 0.001 1.301 0.001
другой 0.003 0.097 0.0
стать 0.009000000000000001 0.149 0.001
придавать 0.001 1.699 0.002
слишком 0.003 0.553 0.002
большой 0.001 0.347 0.0
значение 0.001 0.721 0.001
год 0.004 0.119 0.0
захватывать 0.001 1.699 0.002
пророссийский 0.001 1.222 0.001
сепаратист 0.001 1.699 0.002
вскоре 0.001 1.0 0.001
освободить 0.001 1.301 0.001
украинский 0.001 0.538 0.001
чувствовать 0.002 0.678 0.001
страх 0.001 0.796 0.001
паника 0.004 1.155 0.005
говорить 0.004 0.18 0.001
ар 0.004 2.0 0.008
февраль 0.003 0.337 0.001
рынок 0.001 0.699 0.001
жительница 0.001 1.699 0.002
анна 0.001 1.046 0.001
ефимов 0.001 2.0 0.002
бежать 0.003 0.796 0.002
некуда 0.001 1.301 0.001
вначале 0.001 1.699 0.002
затем 0.001 0.678 0.001
частый 0.001 0.523 0.001
приходиться 0.001 0.745 0.001
скрываться 0.001 1.046 0.001
бомбоубежище 0.001 1.046 0.001
журналист 0.004 0.481 0.002
ситуация 0.001 0.337 0.0
резко 0.001 0.854 0.001
меняться 0.001 0.854 0.001
задокументировать 0.001 1.523 0.002
гибель 0.001 1.398 0.001
городской 0.001 1.046 0.001
больница 0.006 0.495 0.003
привезти 0.003 1.222 0.004
окровавленный 0.002 2.0 0.004
шестилетний 0.001 1.699 0.002
девочка 0.003 1.222 0.004
пижама 0.003 2.0 0.006
рядом 0.001 0.854 0.001
раненый 0.001 1.398 0.001
отец 0.001 1.0 0.001
перевязать 0.001 2.0 0.002
голова 0.002 0.959 0.002
безуспешно 0.001 1.398 0.001
пытаться 0.004 0.409 0.002
реанимировать 0.001 2.0 0.002
снимать 0.001 0.824 0.001
это 0.005 0.066 0.0
выдержать 0.001 1.301 0.001
выругаться 0.001 2.0 0.002
камера 0.001 1.097 0.001
свидетель 0.001 1.301 0.001
несколько 0.002 0.187 0.0
детский 0.002 0.77 0.002
смерть 0.003 0.553 0.002
16-летний 0.001 2.0 0.002
илья 0.001 1.222 0.001
пойти 0.001 0.509 0.001
друг 0.001 0.387 0.0
играть 0.001 0.699 0.001
футбол 0.001 1.699 0.002
поле 0.001 1.155 0.001
возле 0.001 1.097 0.001
школа 0.001 0.699 0.001
взрыв 0.001 0.959 0.001
оторвать 0.002 2.0 0.004
нога 0.001 0.959 0.001
поздний 0.001 0.745 0.001
умереть 0.002 0.638 0.001
полуторагодовалый 0.001 2.0 0.002
кирилл 0.001 1.222 0.001
родитель 0.001 0.854 0.001
осколочный 0.001 1.699 0.002
ранение 0.001 1.097 0.001
также 0.001 0.237 0.0
удаться 0.003 0.456 0.001
спасти 0.001 0.854 0.001
из-за 0.003 0.229 0.001
постоянный 0.001 1.046 0.001
мочь 0.003 0.102 0.0
похоронить 0.001 1.699 0.002
свой 0.001 0.143 0.0
родный 0.001 1.0 0.001
просить 0.001 0.886 0.001
оставлять 0.001 0.959 0.001
труп 0.001 1.301 0.001
улица 0.001 0.699 0.001
проводить 0.001 0.509 0.001
похороны 0.001 2.0 0.002
опасно 0.001 0.921 0.001
тело 0.003 0.886 0.003
складывать 0.001 1.699 0.002
общий 0.001 0.444 0.0
братский 0.002 1.155 0.002
могила 0.002 1.097 0.002
узкий 0.001 2.0 0.002
траншея 0.001 2.0 0.002
наспех 0.001 2.0 0.002
вырыть 0.001 2.0 0.002
окраина 0.001 1.097 0.001
рабочий 0.002 0.886 0.002
стараться 0.001 0.854 0.001
быстрый 0.001 0.699 0.001
сбросить 0.001 1.523 0.002
попасть 0.002 0.409 0.001
единственный 0.001 0.481 0.0
хотеть 0.001 0.102 0.0
скорый 0.001 0.921 0.001
закончиться 0.001 0.62 0.001
пусть 0.001 0.921 0.001
быть 0.004 0.215 0.001
проклятый 0.001 1.699 0.002
тот 0.001 0.131 0.0
затеять 0.001 2.0 0.002
владимир 0.003 0.523 0.002
быковский 0.001 2.0 0.002
танковый 0.001 1.301 0.001
удар 0.001 0.745 0.001
дом 0.002 0.495 0.001
приход 0.001 1.222 0.001
оказаться 0.001 0.31 0.0
тотальный 0.001 1.301 0.001
такой 0.001 0.114 0.0
тактика 0.001 1.398 0.001
выматывать 0.001 2.0 0.002
использовать 0.001 0.319 0.0
ранее 0.001 0.62 0.001
чечня 0.001 1.523 0.002
сирия 0.001 1.398 0.001
электричество 0.003 1.0 0.003
тепло 0.001 1.301 0.001
вода 0.005 0.638 0.003
продукт 0.001 0.678 0.001
питание 0.001 1.222 0.001
порт 0.001 1.523 0.002
заблокировать 0.001 0.553 0.001
выездной 0.001 2.0 0.002
дорога 0.001 0.959 0.001
заминировать 0.003 1.523 0.005
гуманитарный 0.002 0.921 0.002
доставлять 0.001 1.398 0.001
добыть 0.001 1.699 0.002
растапливать 0.001 2.0 0.002
снег 0.001 1.222 0.001
мороз 0.001 1.699 0.002
греться 0.001 1.699 0.002
готовить 0.001 0.959 0.001
еда 0.002 0.678 0.001
сжигать 0.001 2.0 0.002
остаток 0.001 1.301 0.001
мебель 0.001 1.699 0.002
телевидение 0.001 1.222 0.001
радио 0.001 1.222 0.001
отключить 0.001 1.097 0.001
получать 0.001 0.569 0.001
автомобильный 0.001 1.523 0.002
стереосистема 0.001 2.0 0.002
крутить 0.001 1.699 0.002
транслировать 0.001 1.222 0.001
совершенно 0.001 0.678 0.001
противоположный 0.001 1.398 0.001
картина 0.001 0.721 0.001
твориться 0.001 2.0 0.002
россиянин 0.001 0.444 0.0
чёткий 0.001 1.0 0.001
приказ 0.001 1.301 0.001
заложник 0.001 1.222 0.001
издеваться 0.001 1.699 0.002
постоянно 0.003 0.62 0.002
обстреливать 0.003 1.0 0.003
заявить 0.001 0.553 0.001
президент 0.001 0.523 0.001
зеленский 0.001 0.854 0.001
время 0.001 0.086 0.0
фиксировать 0.001 1.097 0.001
случай 0.001 0.194 0.0
мародёрство 0.001 1.699 0.002
полка 0.001 1.398 0.001
продуктовый 0.001 1.398 0.001
магазин 0.001 0.796 0.001
быстро 0.001 0.495 0.0
пустеть 0.001 2.0 0.002
ночью 0.001 1.301 0.001
прятаться 0.001 1.0 0.001
подземный 0.001 2.0 0.002
убежище 0.001 1.0 0.001
выбираться 0.001 2.0 0.002
наружу 0.001 1.699 0.002
наскоро 0.001 2.0 0.002
разжиться 0.001 2.0 0.002
пропитание 0.001 2.0 0.002
подвергнуться 0.002 1.398 0.003
авиаудар 0.002 1.046 0.002
прийтись 0.001 0.602 0.001
весь 0.001 0.114 0.0
мир 0.001 0.26 0.0
разлететься 0.001 1.398 0.001
кадр 0.001 1.097 0.001
беременная 0.001 1.301 0.001
женщина 0.004 0.824 0.003
фотография 0.001 0.553 0.001
сделать 0.001 0.208 0.0
один 0.003 0.119 0.0
нести 0.001 0.886 0.001
носилки 0.001 2.0 0.002
раздробить 0.001 1.699 0.002
таз 0.001 2.0 0.002
бедро 0.001 1.699 0.002
пока 0.004 0.208 0.001
везти 0.001 1.222 0.001
кричать 0.001 1.155 0.001
убить 0.001 1.097 0.001
родиться 0.001 0.921 0.001
мёртвый 0.001 1.398 0.001
спустя 0.001 0.886 0.001
полчаса 0.001 1.301 0.001
имя 0.001 0.585 0.001
известно 0.003 0.481 0.001
бьюти-блогер 0.001 2.0 0.002
марианна 0.001 2.0 0.002
подгурский 0.001 2.0 0.002
родить 0.001 1.301 0.001
ник 0.001 1.523 0.002
следующий 0.001 0.553 0.001
дипломат 0.001 1.155 0.001
фото 0.001 0.959 0.001
горошек 0.001 2.0 0.002
постановка 0.001 1.398 0.001
заявлять 0.001 1.0 0.001
давно 0.001 0.77 0.001
националист 0.001 1.301 0.001
оба 0.001 0.62 0.001
символ 0.001 1.046 0.001
осадить 0.001 1.398 0.001
неоднократно 0.001 1.398 0.001
организовать 0.001 0.921 0.001
эвакуация 0.002 1.301 0.003
срываться 0.001 2.0 0.002
утверждать 0.001 0.658 0.001
выход 0.001 0.796 0.001
обстреливаться 0.001 2.0 0.002
впервые 0.001 0.824 0.001
договориться 0.001 1.155 0.001
покинуть 0.001 0.745 0.001
четыре 0.001 0.509 0.001
легковой 0.001 1.699 0.002
машина 0.001 0.921 0.001
данные 0.001 0.31 0.0
использоваться 0.001 0.585 0.001
качество 0.001 0.553 0.001
база 0.001 0.854 0.001
дальнейший 0.001 0.886 0.001
вторжение 0.001 0.569 0.001
защищать 0.001 0.585 0.001
последний 0.001 0.284 0.0
патрон 0.001 1.699 0.002
умирать 0.001 1.046 0.001
думать 0.001 0.456 0.0
близкий 0.001 0.347 0.0
сотня 0.001 0.721 0.001
заместитель 0.001 1.046 0.001
мэр 0.001 0.77 0.001
сергей 0.001 0.796 0.001
орлов 0.001 1.699 0.002
здание 0.001 0.854 0.001
драматический 0.001 1.699 0.002
театр 0.001 1.097 0.001
бассейн 0.001 2.0 0.002
нептун 0.001 2.0 0.002
укрываться 0.001 1.398 0.001
причастность 0.001 1.398 0.001
возможный 0.001 0.523 0.001
жертва 0.001 0.824 0.001
сообщаться 0.001 1.097 0.001
повезти 0.001 0.854 0.001
наш 0.001 0.337 0.0
миномётный 0.001 1.155 0.001
снаряд 0.001 0.959 0.001
пострадать 0.001 0.796 0.001
история 0.001 0.26 0.0
выбраться 0.001 1.0 0.001
осаждать 0.001 1.699 0.002
выглядеть 0.001 0.495 0.0
высота 0.001 1.301 0.001
птичий 0.001 1.523 0.002
полёт 0.001 1.398 0.001
хоронить 0.001 1.155 0.001
неделя 0.001 0.328 0.0
практически 0.001 0.602 0.001
лекарство 0.001 0.569 0.001
россия 0.001 0.108 0.0
продолжать 0.001 0.292 0.0
неужели 0.001 1.155 0.001
действительно 0.001 0.377 0.0
сфальсифицировать 0.001 1.301 0.001
спойлер 0.001 0.796 0.001
разбирать 0.001 0.854 0.001
аргумент 0.001 0.62 0.001
пропагандистский 0.001 1.222 0.001
миф 0.001 1.046 0.001
объяснять 0.001 0.538 0.001
произойти 0.001 0.638 0.001
редакция 0.003 0.066 0.0
кодекс 0.001 0.066 0.0
блог 0.001 0.066 0.0
meduzacare 0.001 0.066 0.0
связаться 0.001 0.066 0.0
анонимно 0.001 0.066 0.0
платформа 0.003 0.066 0.0
ios 0.001 0.066 0.0
android 0.001 0.066 0.0
инстаграм 0.001 0.066 0.0
twitter 0.001 0.0 0.0
facebook 0.001 0.0 0.0
вконтакте 0.001 0.066 0.0
youtube 0.001 0.06 0.0
meduza 0.003 0.0 0.0
– 0.001 0.06 0.0
live 0.001 0.022 0.0
вечерний 0.001 0.066 0.0
вообще 0.001 0.066 0.0
реклама 0.003 0.066 0.0
требование 0.001 0.066 0.0
баннер 0.001 0.066 0.0
безопасно 0.001 0.066 0.0
персональный 0.001 0.066 0.0
дать 0.001 0.066 0.0
правило 0.001 0.066 0.0
обработка 0.001 0.066 0.0
использование 0.001 0.066 0.0
кук 0.001 0.066 0.0
наслать 0.001 0.066 0.0
ошибка 0.001 0.066 0.0
выделить 0.001 0.066 0.0
нажать 0.001 0.066 0.0
ctrl+enter 0.001 0.066 0.0
спасибоgiphyз 0.001 0.066 0.0
гифка 0.001 0.066 0.0
© 0.001 0.0 0.0
