skip 0.001 0.854 0.001
to 0.032 0.77 0.025
main 0.001 0.854 0.001
content 0.001 0.854 0.001
связь 0.001 0.0 0.0
aboutмедуза 0.001 0.854 0.001
по-русски 0.001 0.854 0.001
the 0.035 0.481 0.017
real 0.001 0.854 0.001
russia 0.004 0.854 0.003
today 0.001 0.854 0.001
ru 0.001 0.824 0.001
i 0.014 0.745 0.01
’ 0.041 0.824 0.034
m 0.001 0.886 0.001
with 0.004 0.824 0.003
you 0.011 0.824 0.009
meduza 0.005 0.0 0.0
news 0.001 0.959 0.001
‘ 0.001 0.921 0.001
this 0.007 0.854 0.006
will 0.007 0.854 0.006
lead 0.001 1.097 0.001
our 0.005 0.854 0.004
country 0.005 0.959 0.005
s 0.025 0.796 0.02
collapse 0.002 1.523 0.003
alexey 0.004 1.222 0.005
navalny 0.01 1.301 0.013
's 0.002 1.155 0.002
address 0.003 1.398 0.004
russian 0.002 0.824 0.002
public 0.002 1.0 0.002
as 0.005 0.854 0.004
state 0.001 0.959 0.001
seeks 0.001 1.523 0.002
new 0.001 0.699 0.001
charges 0.003 1.222 0.004
against 0.004 0.824 0.003
him 0.002 1.046 0.002
am 0.002 1.097 0.002
march 0.003 0.886 0.003
source 0.001 0.921 0.001
yevgeny 0.001 1.699 0.002
feldman 0.001 2.0 0.002
on 0.005 0.854 0.004
in 0.015 0.0 0.0
correctional 0.001 2.0 0.002
colony 0.002 2.0 0.004
no 0.004 0.796 0.003
town 0.001 1.222 0.001
of 0.018 0.721 0.013
pokrov 0.001 2.0 0.002
vladimir 0.001 1.097 0.001
region 0.001 1.046 0.001
was 0.005 0.854 0.004
put 0.001 1.155 0.001
trial 0.004 1.699 0.007
yet 0.001 1.097 0.001
again 0.001 1.301 0.001
federal 0.001 1.046 0.001
prosecutors 0.002 2.0 0.004
asked 0.001 0.959 0.001
moscow 0.001 0.921 0.001
lefortovo 0.001 2.0 0.002
court 0.004 1.301 0.005
sentence 0.001 1.523 0.002
who 0.008 0.824 0.007
stands 0.001 1.699 0.002
accused 0.001 1.699 0.002
fraud 0.001 2.0 0.002
and 0.022 0.721 0.016
contempt 0.001 2.0 0.002
years 0.004 1.155 0.005
a 0.025 0.699 0.017
maximum 0.001 1.699 0.002
security 0.001 1.046 0.001
penal 0.001 2.0 0.002
used 0.001 1.155 0.001
opportunity 0.001 1.523 0.002
giving 0.001 1.523 0.002
two 0.001 0.921 0.001
emotional 0.001 1.523 0.002
pleas 0.001 1.699 0.002
one 0.004 0.824 0.003
during 0.003 1.155 0.003
oral 0.002 2.0 0.004
arguments 0.002 1.523 0.003
another 0.001 0.921 0.001
his 0.002 0.959 0.002
closing 0.002 2.0 0.004
statement 0.004 1.523 0.006
according 0.001 1.097 0.001
mediazona 0.002 2.0 0.004
courtroom 0.003 2.0 0.006
broadcast 0.005 1.301 0.007
repeatedly 0.001 1.699 0.002
interrupted 0.004 1.523 0.006
so 0.002 1.0 0.002
journalists 0.001 1.097 0.001
weren 0.001 1.301 0.001
t 0.008 0.886 0.007
able 0.001 1.097 0.001
hear 0.001 1.699 0.002
all 0.005 0.854 0.004
what 0.004 0.854 0.003
said 0.003 0.959 0.003
below 0.001 1.398 0.001
are 0.008 0.854 0.007
both 0.001 1.155 0.001
statements 0.002 1.222 0.002
some 0.001 0.921 0.001
unavoidable 0.001 2.0 0.002
omissions 0.001 2.0 0.002
first 0.001 0.886 0.001
comes 0.002 1.301 0.003
from 0.004 0.824 0.003
insider 0.001 2.0 0.002
second 0.001 1.699 0.002
verdict 0.001 2.0 0.002
be 0.005 0.854 0.004
announced 0.001 1.301 0.001
at 0.002 0.824 0.002
hate 0.002 1.699 0.003
your 0.005 0.854 0.004
authority 0.001 1.398 0.001
despise 0.001 2.0 0.002
judicial 0.001 2.0 0.002
system 0.001 1.301 0.001
because 0.003 0.959 0.003
it 0.019 0.854 0.016
impossible 0.001 1.222 0.001
not 0.004 0.854 0.003
isn 0.002 1.222 0.002
humiliating 0.001 2.0 0.002
for 0.005 0.77 0.004
pretend 0.001 1.699 0.002
re 0.003 0.886 0.003
judges 0.001 2.0 0.002
when 0.002 0.959 0.002
reality 0.001 1.155 0.001
just 0.005 0.886 0.004
cogs 0.001 2.0 0.002
whose 0.001 1.398 0.001
sole 0.001 1.699 0.002
purpose 0.001 1.699 0.002
is 0.012 0.854 0.01
repeat 0.001 1.699 0.002
something 0.002 1.097 0.002
were 0.002 0.921 0.002
told 0.003 0.959 0.003
over 0.002 0.959 0.002
phone 0.001 1.523 0.002
wouldn 0.001 1.398 0.001
give 0.002 1.0 0.002
read 0.001 1.097 0.001
thoughts 0.001 1.398 0.001
honor 0.001 1.523 0.002
there 0.006 0.854 0.005
least 0.001 1.097 0.001
tiny 0.001 1.523 0.002
part 0.001 1.097 0.001
saying 0.001 1.155 0.001
“ 0.002 0.432 0.001
hell 0.002 1.523 0.003
” 0.002 0.886 0.002
that 0.008 0.854 0.007
prosecution 0.001 1.699 0.002
witness 0.001 2.0 0.002
fyodor 0.001 2.0 0.002
gorozhanko 0.001 2.0 0.002
decided 0.001 1.097 0.001
he 0.002 0.959 0.002
truth 0.001 1.301 0.001
here 0.004 1.0 0.004
why 0.004 1.0 0.004
do 0.005 0.921 0.005
think 0.002 1.046 0.002
impunity 0.001 2.0 0.002
last 0.003 1.046 0.003
forever 0.001 1.699 0.002
if 0.002 0.921 0.002
ll 0.002 1.046 0.002
get 0.002 0.959 0.002
scared 0.001 1.523 0.002
or 0.003 0.886 0.003
can 0.002 0.854 0.002
scare 0.002 1.699 0.003
everybody 0.002 1.222 0.002
people 0.004 0.886 0.004
like 0.005 0.854 0.004
wonderful 0.001 1.699 0.002
pervyi 0.001 1.699 0.002
kanal 0.001 1.523 0.002
employee 0.001 1.398 0.001
marina 0.001 1.301 0.001
ovsyannikova 0.001 1.301 0.001
didn 0.002 1.097 0.002
speak 0.001 1.222 0.001
up 0.004 0.854 0.003
she 0.001 1.0 0.001
recorded 0.001 1.222 0.001
video 0.001 1.155 0.001
us 0.002 0.886 0.002
most 0.001 1.0 0.001
important 0.001 1.046 0.001
words 0.002 1.523 0.003
act 0.001 1.398 0.001
now 0.002 0.886 0.002
lock 0.001 1.699 0.002
everyone 0.003 1.097 0.003
go 0.003 1.0 0.003
ahead 0.001 1.699 0.002
ask 0.002 1.523 0.003
prison 0.004 1.523 0.006
me 0.005 0.959 0.005
won 0.001 1.046 0.001
anybody 0.001 2.0 0.002
else 0.001 1.222 0.001
big 0.001 1.301 0.001
lot 0.002 1.097 0.002
cowardly 0.001 2.0 0.002
enough 0.001 1.046 0.001
betray 0.001 1.523 0.002
their 0.005 0.854 0.004
future 0.001 1.155 0.001
children 0.001 1.222 0.001
futures 0.001 2.0 0.002
we 0.008 0.886 0.007
ve 0.001 0.886 0.001
had 0.003 0.921 0.003
many 0.001 0.921 0.001
final 0.002 2.0 0.004
almost 0.001 1.046 0.001
funny 0.001 1.523 0.002
starting 0.002 1.398 0.003
roll 0.001 1.699 0.002
eyes 0.001 1.398 0.001
these 0.002 1.046 0.002
really 0.002 1.097 0.002
keep 0.001 1.301 0.001
hearing 0.002 1.699 0.003
want 0.002 1.155 0.002
start 0.001 1.222 0.001
by 0.003 0.658 0.002
addressing 0.001 1.699 0.002
trials 0.001 1.699 0.002
basically 0.001 1.301 0.001
dialogue 0.001 1.699 0.002
between 0.001 1.301 0.001
my 0.005 1.046 0.005
associates 0.001 1.523 0.002
authorities… 0.001 2.0 0.002
use 0.001 1.0 0.001
chance 0.001 1.398 0.001
officially 0.001 1.699 0.002
anyone 0.005 1.046 0.005
thinks 0.002 1.699 0.003
anti-corruption 0.002 2.0 0.004
foundation 0.002 2.0 0.004
coming 0.001 1.155 0.001
an 0.004 0.854 0.003
end 0.001 1.222 0.001
isolation 0.001 2.0 0.002
long 0.001 1.097 0.001
time 0.002 0.921 0.002
only 0.003 0.959 0.003
continue 0.001 1.155 0.001
become 0.001 1.222 0.001
global 0.001 1.222 0.001
international 0.001 1.155 0.001
far 0.001 1.523 0.002
process 0.001 1.222 0.001
distinct 0.001 2.0 0.002
markedly 0.001 2.0 0.002
different 0.001 1.046 0.001
any 0.001 0.921 0.001
other 0.001 0.886 0.001
procedural 0.001 2.0 0.002
reasons 0.001 1.222 0.001
but 0.005 0.854 0.004
colony… 0.001 2.0 0.002
difference 0.001 2.0 0.002
denying 0.001 2.0 0.002
case 0.001 1.155 0.001
interest 0.001 1.523 0.002
course 0.001 1.222 0.001
backdrop 0.001 1.699 0.002
war 0.006 0.77 0.005
less 0.001 1.097 0.001
interesting 0.001 2.0 0.002
grandmother 0.001 1.699 0.002
where 0.001 0.959 0.001
hurts… 0.001 2.0 0.002
baltic 0.001 2.0 0.002
states 0.001 1.398 0.001
quite 0.001 1.398 0.001
few 0.001 1.0 0.001
own 0.001 1.0 0.001
problems 0.001 1.398 0.001
european 0.001 1.155 0.001
comparable 0.001 2.0 0.002
which 0.001 0.921 0.001
wasting 0.001 2.0 0.002
away 0.001 1.046 0.001
everything 0.001 1.097 0.001
needed 0.001 1.155 0.001
live 0.001 0.022 0.0
they 0.005 0.854 0.004
none 0.001 1.523 0.002
came 0.001 1.097 0.001
fruition 0.001 2.0 0.002
since 0.002 1.0 0.002
been 0.001 0.921 0.001
massive 0.001 1.699 0.002
flow 0.001 2.0 0.002
petrodollars 0.001 2.0 0.002
income 0.001 1.523 0.002
has 0.002 0.854 0.002
fallen 0.002 1.699 0.003
thing 0.002 1.222 0.002
increased 0.001 2.0 0.002
number 0.001 1.301 0.001
billionaires 0.001 2.0 0.002
getting 0.001 1.046 0.001
poorer 0.001 1.699 0.002
while 0.002 1.0 0.002
those 0.001 1.0 0.001
thousand 0.001 1.523 0.002
putin 0.002 1.0 0.002
families 0.001 1.398 0.001
pocketed 0.001 2.0 0.002
money 0.001 1.398 0.001
have 0.004 0.824 0.003
responded 0.001 1.699 0.002
economists 0.001 2.0 0.002
talking 0.001 1.699 0.002
about 0.007 0.854 0.006
lost 0.003 1.155 0.003
decade 0.003 2.0 0.006
ones 0.001 1.398 0.001
walking 0.001 1.699 0.002
down 0.001 1.097 0.001
street 0.001 1.301 0.001
stolen 0.001 2.0 0.002
meant 0.001 1.523 0.002
silence 0.001 1.699 0.002
talks 0.001 1.523 0.002
plug 0.001 2.0 0.002
ears 0.001 2.0 0.002
need 0.003 0.854 0.003
which… 0.001 2.0 0.002
... 0.001 1.523 0.002
consequence 0.001 2.0 0.002
breakdown 0.001 2.0 0.002
sounds 0.002 1.699 0.003
little 0.001 1.155 0.001
wild 0.002 1.699 0.003
phrase 0.001 2.0 0.002
russo-ukrainian 0.001 2.0 0.002
also 0.001 0.959 0.001
pretty 0.001 2.0 0.002
myself 0.001 1.398 0.001
very 0.002 1.0 0.002
began 0.001 1.155 0.001
crazy 0.002 1.699 0.003
talk 0.001 1.222 0.001
collapsing 0.001 2.0 0.002
sound 0.001 1.699 0.002
more 0.005 0.886 0.004
likely 0.001 1.301 0.001
group 0.001 1.155 0.001
sick 0.001 2.0 0.002
old 0.001 1.222 0.001
men 0.001 1.398 0.001
don 0.001 0.886 0.001
sympathy 0.001 1.699 0.002
anything 0.001 1.046 0.001
care 0.001 1.301 0.001
motherland 0.001 1.699 0.002
swiss 0.001 1.699 0.002
bank 0.001 1.301 0.001
accounts 0.001 1.398 0.001
whatever 0.001 1.398 0.001
say 0.001 1.0 0.001
patriotism 0.001 2.0 0.002
myth 0.001 2.0 0.002
well 0.001 1.046 0.001
enormous 0.001 1.699 0.002
threat 0.001 1.523 0.002
actually 0.001 1.398 0.001
clear 0.001 1.301 0.001
every 0.002 1.046 0.002
person 0.003 1.398 0.004
duty 0.001 2.0 0.002
right 0.002 0.959 0.002
oppose 0.001 1.523 0.002
peacemakers 0.001 2.0 0.002
called 0.001 1.097 0.001
sons 0.001 2.0 0.002
god 0.001 2.0 0.002
better 0.001 1.398 0.001
free 0.001 1.301 0.001
divine 0.001 2.0 0.002
than 0.001 0.921 0.001
lackeys 0.001 2.0 0.002
devoured 0.001 2.0 0.002
demons 0.001 2.0 0.002
mighty 0.001 2.0 0.002
helping 0.001 1.699 0.002
into 0.001 1.046 0.001
through 0.002 1.046 0.002
inspection 0.001 2.0 0.002
four 0.001 1.222 0.001
eight 0.001 1.523 0.002
times 0.001 0.699 0.001
day 0.001 0.921 0.001
language 0.001 1.523 0.002
office 0.001 1.155 0.001
officer 0.001 1.699 0.002
checks 0.001 2.0 0.002
underwear 0.001 2.0 0.002
stand 0.001 1.523 0.002
naked 0.001 2.0 0.002
wall 0.001 1.398 0.001
see 0.001 1.0 0.001
leo 0.001 2.0 0.002
nikolayevich 0.001 2.0 0.002
tolstoy 0.001 2.0 0.002
great 0.001 1.398 0.001
quote 0.001 1.699 0.002
wrote 0.001 1.046 0.001
journal… 0.001 2.0 0.002
turned 0.001 1.222 0.001
off 0.001 1.155 0.001
learn 0.002 1.523 0.003
back 0.002 0.959 0.002
facing 0.002 1.699 0.003
behind 0.002 1.155 0.002
bars 0.002 1.699 0.003
month 0.002 1.398 0.003
ago 0.002 1.046 0.002
working 0.001 0.854 0.001
24/7 0.001 0.102 0.0
always 0.001 0.921 0.001
readerswe 0.001 0.921 0.001
help 0.001 0.886 0.001
never 0.001 0.886 0.001
before 0.001 0.854 0.001
okay 0.001 0.921 0.001
translation 0.001 1.0 0.001
sam 0.001 1.222 0.001
breazeale 0.001 1.222 0.001
code 0.001 0.824 0.001
conduct 0.001 0.824 0.001
advertise 0.001 0.854 0.001
privacy 0.001 0.854 0.001
notes 0.001 0.824 0.001
cookies 0.001 0.854 0.001
facebook 0.001 0.0 0.0
twitter 0.001 0.0 0.0
instagram 0.001 0.745 0.001
rss 0.001 0.854 0.001
© 0.001 0.0 0.0
rights 0.001 0.854 0.001
reserved 0.001 0.854 0.001
