перейти 0.001 0.066 0.0
материал 0.003 0.066 0.0
связь 0.003 0.0 0.0
новостиисторииразборшапитокоронавирусмагаз 0.001 0.066 0.0
медуза 0.022 0.066 0.001
рекламаmeduza 0.001 0.066 0.0
in 0.001 0.0 0.0
english 0.001 0.06 0.0
показывать 0.001 0.066 0.0
порядок 0.001 0.066 0.0
en 0.001 0.066 0.0
кнопка 0.008 0.066 0.001
поддержка 0.002 0.066 0.0
разбор 0.001 0.387 0.0
важный 0.002 0.284 0.001
информация 0.004 0.102 0.0
бояться 0.001 0.699 0.001
передавать 0.002 1.301 0.003
сделать 0.001 0.208 0.0
это 0.017 0.066 0.001
по-настоящему 0.001 1.398 0.001
анонимно 0.003 0.066 0.0
карточка 0.001 0.569 0.001
июнь 0.001 0.699 0.001
случиться 0.003 0.509 0.002
система 0.010000000000000002 0.398 0.004
воспользоваться 0.006 1.097 0.007
мера 0.005 0.377 0.002
предосторожность 0.003 1.398 0.004
готовый 0.004 0.509 0.002
ваш 0.014000000000000002 0.081 0.001
securedrop 0.016 2.0 0.032
пользоваться 0.004 0.886 0.004
нужно 0.004 0.237 0.001
запоминать 0.003 2.0 0.006
кодовый 0.007 2.0 0.014
имя 0.007 0.585 0.004
удалять 0.003 1.222 0.004
другой 0.01 0.097 0.001
браузер 0.011 1.398 0.015
мочь 0.026 0.102 0.003
кто-то 0.004 0.523 0.002
анонимный 0.004 1.699 0.007
прислать 0.003 0.77 0.002
ложный 0.003 1.398 0.004
донос 0.003 1.523 0.005
начальник 0.003 1.222 0.004
кстати 0.003 0.886 0.003
канал 0.004 0.699 0.003
связаться 0.005 0.066 0.0
хотеть 0.011 0.102 0.001
морочиться 0.003 2.0 0.006
данный 0.001 0.097 0.0
сообщение 0.009000000000000001 0.102 0.001
создать 0.001 0.097 0.0
распространить 0.001 0.102 0.0
иностранный 0.004 0.097 0.0
средство 0.002 0.097 0.0
массовый 0.001 0.097 0.0
выполнять 0.003 0.097 0.0
функция 0.003 0.097 0.0
агент 0.003 0.097 0.0
российский 0.001 0.071 0.0
юридический 0.001 0.102 0.0
лицо 0.001 0.086 0.0
мы 0.012 0.066 0.001
нужный 0.003 0.086 0.0
помощь 0.004 0.071 0.0
пожалуйста 0.003 0.102 0.0
поддержать 0.002 0.066 0.0
завести 0.001 1.301 0.001
такой 0.005 0.114 0.001
специальный 0.007 0.638 0.004
безопасный 0.002 0.824 0.002
источник 0.005 0.167 0.001
журналист 0.001 0.481 0.0
многие 0.003 0.284 0.001
журналистский 0.001 1.699 0.002
расследование 0.001 1.0 0.001
начинаться 0.001 0.886 0.001
письмо 0.002 0.854 0.002
человек 0.004 0.092 0.0
который 0.005 0.071 0.0
становиться 0.001 0.553 0.001
свидетель 0.002 1.301 0.003
несправедливость 0.001 1.222 0.001
что-то 0.003 0.509 0.002
противозаконный 0.001 2.0 0.002
просто 0.004 0.194 0.001
написать 0.009000000000000001 0.62 0.006
электронный 0.001 1.046 0.001
почта 0.001 1.523 0.002
рассказать 0.003 0.469 0.001
телефон 0.002 0.745 0.001
узнать 0.003 0.481 0.001
начаться 0.001 0.367 0.0
неприятность 0.001 2.0 0.002
смочь 0.003 0.328 0.001
отправлять 0.004 1.0 0.004
документ 0.006 0.678 0.004
сохранять 0.001 1.046 0.001
желание 0.003 0.921 0.003
полный 0.001 0.377 0.0
анонимность 0.003 1.301 0.004
решить 0.002 0.398 0.001
установить 0.002 0.721 0.001
очень 0.001 0.149 0.0
важно 0.001 0.509 0.001
наш 0.006 0.337 0.002
чувствовать 0.001 0.678 0.001
безопасность 0.003 0.387 0.001
использовать 0.007 0.319 0.002
авторитетный 0.001 1.523 0.002
издание 0.001 0.481 0.0
forbes 0.001 2.0 0.002
the 0.005 0.481 0.002
guardian 0.001 2.0 0.002
new 0.003 0.699 0.002
yorker 0.001 1.523 0.002
associated 0.001 1.155 0.001
press 0.001 0.824 0.001
york 0.001 1.222 0.001
times 0.001 0.699 0.001
подождать 0.003 1.301 0.004
начало 0.001 0.26 0.0
оценить 0.001 0.678 0.001
риск 0.001 0.357 0.0
принять 0.001 0.42 0.0
необходимый 0.001 0.638 0.001
сохранение 0.001 1.398 0.001
первый 0.001 0.143 0.0
очередь 0.001 0.538 0.001
понять 0.003 0.495 0.001
кто 0.003 0.377 0.001
скрыть 0.003 1.398 0.004
свой 0.008 0.143 0.001
общение 0.002 1.155 0.002
личность 0.003 1.301 0.004
редакция 0.007 0.066 0.0
избавиться 0.001 1.155 0.001
метаданные 0.001 2.0 0.002
передаваемый 0.001 2.0 0.002
стать 0.002 0.149 0.0
раскрывать 0.001 1.398 0.001
спокойный 0.003 1.222 0.004
вопрос 0.002 0.276 0.001
технически 0.003 1.398 0.004
право 0.001 0.538 0.001
работодатель 0.001 1.301 0.001
корпоративный 0.001 1.523 0.002
ноутбук 0.003 1.699 0.005
tor 0.008 2.0 0.016
vpn 0.004 1.301 0.005
ноябрь 0.001 0.699 0.001
россия 0.004 0.108 0.0
начать 0.001 0.276 0.0
блокировать 0.001 1.155 0.001
vpn-сервис 0.001 2.0 0.002
анонимайзер 0.001 2.0 0.002
делать 0.003 0.18 0.001
telegram 0.001 1.222 0.001
заблокировать 0.001 0.553 0.001
понимать 0.001 0.42 0.0
помочь 0.002 0.125 0.0
опасаться 0.001 1.046 0.001
внимание 0.001 0.523 0.001
сторона 0.001 0.347 0.0
спецслужба 0.001 1.398 0.001
этот 0.001 0.137 0.0
оказаться 0.001 0.31 0.0
недостаточно 0.001 0.921 0.001
разработчик 0.001 0.77 0.001
советовать 0.001 0.854 0.001
случай 0.001 0.194 0.0
купить 0.003 0.796 0.002
отдельный 0.001 0.678 0.001
флешка 0.003 2.0 0.006
расплатиться 0.001 2.0 0.002
наличные 0.001 2.0 0.002
оставлять 0.001 0.959 0.001
след 0.001 1.398 0.001
выдать 0.001 1.097 0.001
внимательно 0.001 1.301 0.001
избавляться 0.001 1.523 0.002
распечатка 0.001 2.0 0.002
копия 0.001 1.301 0.001
компьютер 0.005 1.523 0.008
внешний 0.001 0.959 0.001
диск 0.001 2.0 0.002
обычно 0.003 0.523 0.002
использование 0.002 0.066 0.0
рекомендовать 0.001 0.569 0.001
подключаться 0.002 2.0 0.004
публичный 0.003 1.097 0.003
wi-fi 0.003 2.0 0.006
невозможно 0.003 0.602 0.002
везде 0.001 1.046 0.001
требоваться 0.001 0.854 0.001
авторизация 0.001 2.0 0.002
смс-сообщение 0.001 2.0 0.002
сима-карта 0.001 1.523 0.002
паспорт 0.001 1.046 0.001
соответственно 0.001 0.921 0.001
проследить 0.001 2.0 0.002
вызвать 0.001 0.721 0.001
подозрение 0.002 1.046 0.002
популярный 0.001 0.854 0.001
способ 0.001 0.602 0.001
обход 0.001 1.523 0.002
блокировка 0.001 1.097 0.001
скачать 0.001 1.398 0.001
tor-браузер 0.004 2.0 0.008
доработать 0.001 2.0 0.002
определённый 0.001 0.77 0.001
задача 0.001 0.77 0.001
версия 0.002 0.77 0.002
firefox 0.001 1.699 0.002
запустить 0.001 1.046 0.001
открыть 0.001 0.538 0.001
немой 0.003 0.585 0.002
сайт 0.004 0.658 0.003
kwgwd67ovgilrssisfvv2knjg3msdi6wlgzotqixoxywfocqebsn2yqd.onion 0.003 2.0 0.006
нажать 0.009000000000000001 0.066 0.001
submit 0.004 2.0 0.008
documents 0.003 1.398 0.004
переписать 0.001 1.699 0.002
запомнить 0.001 1.398 0.001
автоматически 0.001 1.222 0.001
сгенерировать 0.001 2.0 0.002
семь 0.001 0.721 0.001
английский 0.001 1.046 0.001
слово 0.002 0.268 0.001
например 0.005 0.229 0.001
childish 0.001 2.0 0.002
surfacing 0.001 2.0 0.002
remark 0.001 1.699 0.002
yin 0.001 2.0 0.002
rubble 0.001 2.0 0.002
jelly 0.001 2.0 0.002
jump 0.001 2.0 0.002
затем 0.001 0.678 0.001
наконец-то 0.001 1.222 0.001
отправить 0.003 0.959 0.003
файл 0.001 1.699 0.002
вы 0.003 1.0 0.003
задать 0.001 1.155 0.001
уточнять 0.001 1.222 0.001
день-друга 0.001 2.0 0.002
зайти 0.001 1.301 0.001
check 0.001 2.0 0.002
for 0.001 0.77 0.001
a 0.001 0.699 0.001
response 0.001 1.097 0.001
ввести 0.001 0.538 0.001
прочесть 0.001 1.523 0.002
ответить 0.001 0.495 0.0
прочтение 0.001 2.0 0.002
переписка 0.003 1.222 0.004
удалить 0.001 1.222 0.001
записать 0.001 0.959 0.001
попасть 0.001 0.409 0.0
рука 0.001 0.62 0.001
злоумышленник 0.001 1.699 0.002
достаться 0.001 1.301 0.001
никакой 0.002 0.409 0.001
какой 0.001 0.357 0.0
ответ 0.001 0.432 0.0
восстановить 0.001 1.155 0.001
контекст 0.001 1.0 0.001
стоить 0.003 0.469 0.001
дорожить 0.001 2.0 0.002
android 0.004 0.066 0.0
связка 0.001 1.398 0.001
приложение 0.001 1.097 0.001
orbot 0.001 2.0 0.002
мобильный 0.001 1.222 0.001
browser 0.001 2.0 0.002
защитить 0.002 0.721 0.001
проводить 0.001 0.509 0.001
независимый 0.001 0.409 0.0
аудит 0.001 2.0 0.002
поэтому 0.003 0.328 0.001
показать 0.001 0.432 0.0
предупреждение 0.001 1.155 0.001
подковать 0.001 2.0 0.002
настроить 0.001 1.0 0.001
персональный 0.002 0.066 0.0
роутер 0.001 2.0 0.002
любой 0.002 0.319 0.001
открывать 0.003 1.097 0.003
ссылка 0.001 0.886 0.001
псевдодомен 0.001 2.0 0.002
.onion 0.003 2.0 0.006
иметь 0.001 0.337 0.0
дополнительный 0.001 0.77 0.001
защита 0.001 0.569 0.001
постараться 0.001 1.301 0.001
уберечь 0.001 1.523 0.002
отслеживание 0.001 1.523 0.002
пользователь 0.001 1.046 0.001
косвенный 0.001 1.155 0.001
признак 0.001 0.959 0.001
операционный 0.002 1.523 0.003
предустановленный 0.002 2.0 0.004
шрифт 0.001 2.0 0.002
часовой 0.001 2.0 0.002
пояс 0.001 1.699 0.002
язык 0.001 0.678 0.001
размер 0.001 1.097 0.001
экран 0.001 1.155 0.001
маленький 0.001 0.328 0.0
теоретически 0.001 1.046 0.001
должный 0.001 0.201 0.0
особый 0.001 0.745 0.001
ухищрение 0.001 1.699 0.002
сервис 0.003 0.959 0.003
tor2web 0.001 2.0 0.002
работать 0.002 0.102 0.0
посредник 0.001 1.222 0.001
помогать 0.001 0.444 0.0
скрытый 0.001 1.398 0.001
сеть 0.001 0.824 0.001
достаточно 0.001 0.444 0.0
дописать 0.001 2.0 0.002
окончание 0.001 1.097 0.001
адрес 0.002 1.301 0.003
заменить 0.001 0.921 0.001
.onion.to 0.001 2.0 0.002
.onion.guide 0.001 2.0 0.002
небезопасно 0.001 1.398 0.001
владелец 0.001 1.097 0.001
попытаться 0.001 0.854 0.001
перехватить 0.001 1.699 0.002
весь 0.001 0.114 0.0
трафик 0.001 1.398 0.001
качество 0.001 0.553 0.001
альтернатива 0.001 1.046 0.001
tails 0.001 1.699 0.002
amnesiac 0.001 2.0 0.002
incognito 0.001 2.0 0.002
live 0.003 0.022 0.0
system 0.001 1.301 0.001
загружаться 0.001 2.0 0.002
tам 0.001 2.0 0.002
выключение 0.001 2.0 0.002
перезагрузка 0.001 1.699 0.002
остаться 0.001 0.432 0.0
улика 0.001 2.0 0.002
бывать 0.001 0.77 0.001
именно 0.001 0.244 0.0
тщательно 0.001 1.301 0.001
проверять 0.001 0.77 0.001
намного 0.001 0.959 0.001
простой 0.001 0.538 0.001
незаконный 0.001 2.0 0.002
неправильный 0.001 1.398 0.001
подтвердить 0.002 0.678 0.001
рассказ 0.001 1.155 0.001
видео- 0.001 2.0 0.002
аудиозапись 0.001 2.0 0.002
фотография 0.001 0.553 0.001
какой-то 0.001 0.328 0.0
образ 0.001 0.553 0.001
сообщить 0.001 0.638 0.001
контакт 0.001 0.886 0.001
история 0.003 0.26 0.001
быть 0.001 0.215 0.0
мысленно 0.001 2.0 0.002
поставить 0.001 0.796 0.001
место 0.001 0.409 0.0
журналист-расследователь 0.001 2.0 0.002
убедить 0.001 1.097 0.001
собственный 0.001 0.569 0.001
послание 0.001 2.0 0.002
жалоба 0.002 1.222 0.002
отзыв 0.001 1.301 0.001
статья 0.001 0.553 0.001
найти 0.001 0.456 0.0
опечатка 0.002 1.699 0.003
во-первых 0.001 0.796 0.001
каждый 0.001 0.244 0.0
во-вторых 0.001 0.854 0.001
editorial 0.001 1.523 0.002
meduza.io 0.003 1.398 0.004
предложить 0.001 0.699 0.001
идея 0.001 0.585 0.001
в-третьих 0.001 1.301 0.001
казаться 0.001 0.409 0.0
где-то 0.001 0.721 0.001
ошибиться 0.001 1.222 0.001
reports 0.001 1.097 0.001
наслать 0.003 0.066 0.0
выделить 0.003 0.066 0.0
ctrl+enter 0.003 0.066 0.0
в-четвёртых 0.001 2.0 0.002
телеграм 0.001 1.0 0.001
meduzalovesyou 0.001 2.0 0.002
секретный 0.001 1.523 0.002
чат 0.001 1.097 0.001
24/7 0.001 0.102 0.0
интерес 0.001 0.155 0.0
читателейн 0.001 0.174 0.0
срочно 0.001 0.167 0.0
кодекс 0.001 0.066 0.0
блог 0.001 0.066 0.0
meduzacare 0.001 0.066 0.0
платформа 0.003 0.066 0.0
ios 0.001 0.066 0.0
инстаграм 0.001 0.066 0.0
twitter 0.001 0.0 0.0
facebook 0.001 0.0 0.0
вконтакте 0.001 0.066 0.0
youtube 0.001 0.06 0.0
meduza 0.003 0.0 0.0
– 0.001 0.06 0.0
вечерний 0.001 0.066 0.0
вообще 0.001 0.066 0.0
реклама 0.003 0.066 0.0
требование 0.001 0.066 0.0
баннер 0.001 0.066 0.0
безопасно 0.001 0.066 0.0
дать 0.001 0.066 0.0
правило 0.001 0.066 0.0
обработка 0.001 0.066 0.0
кук 0.001 0.066 0.0
ошибка 0.001 0.066 0.0
спасибоgiphyз 0.001 0.066 0.0
гифка 0.001 0.066 0.0
© 0.001 0.0 0.0
