перейти 0.001 0.066 0.0
материал 0.002 0.066 0.0
связь 0.001 0.0 0.0
новостиисторииразборшапитокоронавирусмагаз 0.001 0.066 0.0
медуза 0.008 0.066 0.001
рекламаmeduza 0.001 0.066 0.0
in 0.001 0.0 0.0
english 0.001 0.06 0.0
показывать 0.001 0.066 0.0
порядок 0.001 0.066 0.0
en 0.001 0.066 0.0
кнопка 0.001 0.066 0.0
поддержка 0.002 0.066 0.0
история 0.001 0.26 0.0
речь 0.007 0.398 0.003
путин 0.013000000000000001 0.523 0.007
очищение 0.002 1.301 0.003
общество 0.002 0.602 0.001
предатель 0.002 1.398 0.003
выглядеть 0.002 0.495 0.001
россия 0.008 0.108 0.001
начаться 0.002 0.367 0.001
тоталитаризм 0.003 1.222 0.004
политолог 0.003 1.398 0.004
владимир 0.003 0.523 0.002
гельман 0.003 1.301 0.004
объяснять 0.002 0.538 0.001
почему 0.004 0.337 0.001
просто 0.005 0.194 0.001
оценивать 0.001 0.921 0.001
уместность 0.001 1.398 0.001
сравнение 0.002 0.602 0.001
гитлер 0.001 1.097 0.001
март 0.002 0.284 0.001
источник 0.003 0.167 0.001
meduza 0.002 0.0 0.0
данный 0.001 0.097 0.0
сообщение 0.001 0.102 0.0
создать 0.001 0.097 0.0
распространить 0.001 0.102 0.0
иностранный 0.003 0.097 0.0
средство 0.001 0.097 0.0
массовый 0.003 0.097 0.0
информация 0.002 0.102 0.0
выполнять 0.004 0.097 0.0
функция 0.004 0.097 0.0
агент 0.002 0.097 0.0
российский 0.006 0.071 0.0
юридический 0.001 0.102 0.0
лицо 0.001 0.086 0.0
мы 0.003 0.066 0.0
нужный 0.003 0.086 0.0
ваш 0.002 0.081 0.0
помощь 0.003 0.071 0.0
пожалуйста 0.001 0.102 0.0
поддержать 0.002 0.066 0.0
задержание 0.001 1.301 0.001
акция 0.003 0.745 0.002
против 0.003 0.229 0.001
война 0.005 0.357 0.002
санкт-петербург 0.001 1.301 0.001
анатолий 0.001 1.398 0.001
мальцев 0.001 1.699 0.002
epa 0.001 0.959 0.001
scanpix 0.001 0.301 0.0
leta 0.001 0.301 0.0
выступить 0.001 0.721 0.001
адрес 0.001 1.301 0.001
пятый 0.001 0.854 0.001
колонна 0.001 1.0 0.001
президент 0.001 0.523 0.001
объявить 0.001 0.553 0.001
самоочищение 0.001 2.0 0.002
подонок 0.001 2.0 0.002
который 0.017 0.071 0.001
запад 0.002 0.678 0.001
использовать 0.004 0.319 0.001
развалить 0.001 2.0 0.002
укрепить 0.001 1.523 0.002
страна 0.004 0.155 0.001
это 0.024 0.066 0.002
очень 0.01 0.149 0.001
угрожающе 0.001 2.0 0.002
анонс 0.001 1.398 0.001
новый 0.005 0.187 0.001
репрессия 0.007 1.222 0.009
возвращение 0.001 1.155 0.001
полный 0.001 0.377 0.0
исторический 0.003 0.921 0.003
параллель 0.002 2.0 0.004
заманчивый 0.001 2.0 0.002
корректный 0.001 1.523 0.002
поговорить 0.001 0.62 0.001
вчерашний 0.002 1.523 0.003
говорить 0.007 0.18 0.001
национал-предатель 0.001 2.0 0.002
многий 0.001 0.495 0.0
показаться 0.001 1.398 0.001
похоже 0.001 0.886 0.001
риторика 0.004 1.301 0.005
немецкий 0.001 0.699 0.001
власть 0.006 0.31 0.002
1930-й 0.002 2.0 0.004
год 0.008 0.119 0.001
мочь 0.003 0.102 0.0
наступать 0.002 1.097 0.002
фашистский 0.001 1.523 0.002
режим 0.018000000000000002 0.658 0.012
срабатывать 0.001 1.523 0.002
один 0.003 0.119 0.0
сторона 0.001 0.347 0.0
стремление 0.001 1.222 0.001
искать 0.001 0.678 0.001
знакомый 0.001 0.854 0.001
аналогия 0.001 1.301 0.001
приписывать 0.001 1.523 0.002
свойство 0.001 1.301 0.001
нацизм 0.001 1.155 0.001
более-менее 0.001 1.155 0.001
весь 0.001 0.114 0.0
недемократический 0.001 1.699 0.002
сам 0.002 0.137 0.0
дело 0.003 0.252 0.001
такой 0.004 0.114 0.0
род 0.002 0.77 0.002
вовсе 0.001 0.921 0.001
специфичный 0.001 1.398 0.001
нацистский 0.002 1.301 0.003
германия 0.003 0.699 0.002
автократ 0.002 2.0 0.004
разный 0.003 0.276 0.001
эпоха 0.001 1.699 0.002
контекст 0.001 1.0 0.001
особенно 0.001 0.553 0.001
напоминать 0.002 0.921 0.002
именно 0.001 0.244 0.0
обнаружить 0.001 0.658 0.001
повод 0.001 0.553 0.001
z 0.005 1.046 0.005
неизбежно 0.001 1.398 0.001
сравнивать 0.001 0.796 0.001
свастика 0.001 2.0 0.002
фраза 0.001 1.046 0.001
известный 0.001 0.569 0.001
джованни 0.001 1.699 0.002
сартори 0.001 2.0 0.002
характеризовать 0.001 1.523 0.002
неправильный 0.001 1.398 0.001
приводить 0.001 0.602 0.001
пример 0.002 0.585 0.001
суждение 0.001 1.699 0.002
человек 0.003 0.092 0.0
рыба 0.001 1.398 0.001
похожий 0.002 0.602 0.001
уметь 0.001 0.921 0.001
плавать 0.001 1.699 0.002
примерно 0.002 0.585 0.001
самый 0.002 0.208 0.0
смотреть 0.001 0.62 0.001
какой-то 0.004 0.328 0.001
знак 0.001 1.301 0.001
казаться 0.003 0.409 0.001
всё-таки 0.001 0.553 0.001
отличие 0.001 0.699 0.001
намного 0.002 0.959 0.002
гораздо 0.002 0.699 0.001
серьёзный 0.001 0.553 0.001
символ 0.004 1.046 0.004
придумать 0.004 0.886 0.004
пиарщик 0.001 1.699 0.002
символика 0.001 1.398 0.001
весьма 0.001 1.222 0.001
поверхностный 0.001 1.699 0.002
буква 0.002 1.046 0.002
официальный 0.002 0.538 0.001
зловещий 0.002 1.398 0.003
вторжение 0.002 0.569 0.001
украина 0.006 0.347 0.002
попытаться 0.002 0.854 0.002
выяснить 0.002 0.824 0.002
получиться 0.002 0.745 0.001
день 0.004 0.167 0.001
назад 0.008 0.18 0.001
ранний 0.002 0.409 0.001
многие 0.001 0.284 0.0
считать 0.004 0.319 0.001
циник 0.001 2.0 0.002
прагматик 0.001 2.0 0.002
активно 0.001 0.77 0.001
увлечь 0.001 1.699 0.002
идеологический 0.002 1.222 0.002
вопрос 0.001 0.276 0.0
случиться 0.002 0.509 0.001
сказать 0.003 0.31 0.001
поверить 0.001 1.046 0.001
набор 0.001 0.959 0.001
идея 0.001 0.585 0.001
пользоваться 0.002 0.886 0.002
пропаганда 0.003 0.745 0.002
агрессивный 0.002 1.155 0.002
различный 0.001 0.921 0.001
штамп 0.001 2.0 0.002
пока 0.001 0.208 0.0
видеть 0.003 0.444 0.001
основание 0.002 0.569 0.001
идти 0.004 0.222 0.001
фундаментальный 0.001 1.301 0.001
идеология 0.004 1.523 0.006
верить 0.002 0.553 0.001
политический 0.004 0.658 0.003
класс 0.002 1.097 0.002
россиянин 0.001 0.444 0.0
целое 0.002 0.585 0.001
по-прежнему 0.001 0.824 0.001
связанный 0.002 0.745 0.001
нарратив 0.001 1.699 0.002
использоваться 0.002 0.585 0.001
инструментальный 0.001 1.523 0.002
сплотиться 0.001 1.699 0.002
вокруг 0.001 0.721 0.001
наш 0.002 0.337 0.001
лидер 0.001 0.886 0.001
страшный 0.001 0.959 0.001
угрожать 0.001 1.046 0.001
враг 0.001 1.046 0.001
риторический 0.001 2.0 0.002
поворот 0.002 1.398 0.003
кардинально 0.001 1.699 0.002
отличаться 0.001 0.553 0.001
кстати 0.001 0.886 0.001
скорее 0.002 0.509 0.001
принимать 0.002 0.432 0.001
необходимый 0.001 0.638 0.001
инструмент 0.002 0.854 0.002
бояться 0.004 0.699 0.003
показать 0.003 0.432 0.001
несогласие 0.001 1.699 0.002
безусловно 0.001 1.222 0.001
любой 0.002 0.319 0.001
представитель 0.001 0.638 0.001
элита 0.002 1.301 0.003
наказать 0.003 1.301 0.004
причём 0.001 0.62 0.001
необязательно 0.001 1.523 0.002
нелояльность 0.001 2.0 0.002
кто-то 0.001 0.523 0.001
припомнить 0.001 2.0 0.002
прошлый 0.002 0.745 0.001
прегрешение 0.001 2.0 0.002
страх 0.001 0.796 0.001
наглядно 0.001 2.0 0.002
продемонстрировать 0.002 1.155 0.002
ход 0.001 0.796 0.001
заседание 0.002 1.097 0.002
совет 0.002 0.721 0.001
безопасность 0.002 0.387 0.001
накануне 0.001 1.046 0.001
начало 0.002 0.26 0.001
спецоперация 0.003 1.222 0.004
видно 0.001 0.921 0.001
риск 0.002 0.357 0.001
выше 0.001 0.509 0.001
простой 0.001 0.538 0.001
гражданин 0.001 0.553 0.001
окружение 0.001 1.222 0.001
правда 0.001 0.456 0.0
думать 0.004 0.456 0.002
„ 0.001 0.62 0.001
жадный 0.001 1.523 0.002
олигарх 0.001 1.222 0.001
остановиться 0.001 0.959 0.001
“ 0.001 0.432 0.0
михаил 0.001 0.921 0.001
фридман 0.001 1.523 0.002
пожаловаться 0.001 1.523 0.002
несправедливость 0.001 1.222 0.001
санкция 0.005 0.62 0.003
рассказать 0.001 0.469 0.0
bloomberg 0.001 1.046 0.001
остаться 0.002 0.432 0.001
лондон 0.001 1.155 0.001
деньга 0.001 0.602 0.001
ожидать 0.004 0.62 0.002
жёсткий 0.003 0.678 0.002
знать 0.002 0.244 0.0
делать 0.001 0.18 0.0
увольняться 0.001 1.523 0.002
чиновник 0.001 1.0 0.001
приравниваться 0.001 2.0 0.002
бегство 0.002 1.699 0.003
расстреливать 0.001 1.523 0.002
заставить 0.001 1.046 0.001
признать 0.001 0.658 0.001
лнр 0.001 1.0 0.001
днр 0.001 0.959 0.001
специальный 0.001 0.638 0.001
совместный 0.001 0.886 0.001
выпуск 0.001 0.959 0.001
подкаст 0.001 1.097 0.001
перец 0.001 1.523 0.002
гааз 0.001 1.699 0.002
предположить 0.002 0.886 0.002
сигнал 0.001 1.222 0.001
блицкриг 0.001 1.523 0.002
заняться 0.001 1.398 0.001
нелояльный 0.001 2.0 0.002
внутри 0.001 0.745 0.001
следовать 0.001 0.678 0.001
усиление 0.002 1.523 0.003
посмотреть 0.001 0.523 0.001
увидеть 0.001 0.553 0.001
смена 0.003 1.046 0.003
стать 0.001 0.149 0.0
триггер 0.001 1.699 0.002
ужесточение 0.002 2.0 0.004
репрессивный 0.004 1.699 0.007
законодательство 0.001 1.097 0.001
политика 0.001 0.602 0.001
государство 0.002 0.569 0.001
отношение 0.001 0.509 0.001
инакомыслящий 0.001 2.0 0.002
стоить 0.003 0.469 0.001
далёкий 0.002 0.481 0.001
браться 0.001 1.523 0.002
судить 0.003 0.585 0.002
какой 0.003 0.357 0.001
форма 0.002 0.62 0.001
оно 0.002 0.444 0.001
принять 0.003 0.42 0.001
закон 0.002 0.658 0.001
уголовный 0.001 0.959 0.001
наказание 0.002 1.222 0.002
распространение 0.001 0.523 0.001
нежелательный 0.001 0.77 0.001
закрытие 0.001 1.523 0.002
последний 0.001 0.284 0.0
независимый 0.001 0.409 0.0
сми 0.001 0.602 0.001
процесс 0.002 0.538 0.001
усугубляться 0.001 1.699 0.002
помимо 0.001 0.796 0.001
карательный 0.001 2.0 0.002
важный 0.002 0.284 0.001
сигнальный 0.001 1.699 0.002
задача 0.001 0.77 0.001
тот 0.003 0.131 0.0
неправильно 0.001 1.398 0.001
вести 0.003 0.553 0.002
окружающие 0.001 2.0 0.002
быть 0.003 0.215 0.001
ждать 0.003 0.481 0.001
вполне 0.001 0.699 0.001
успешно 0.001 1.097 0.001
подумать 0.001 1.0 0.001
прежде 0.001 0.62 0.001
подписывать 0.001 1.046 0.001
протестный 0.001 1.523 0.002
письмо 0.001 0.854 0.001
выходить 0.001 0.62 0.001
уличный 0.001 1.301 0.001
далее 0.001 0.921 0.001
звучать 0.001 0.959 0.001
слово 0.001 0.268 0.0
народ 0.001 0.745 0.001
найти 0.001 0.456 0.0
поток 0.001 1.222 0.001
донос 0.002 1.523 0.003
какой-нибудь 0.001 1.155 0.001
отряд 0.001 1.699 0.002
дружинник 0.001 2.0 0.002
опираться 0.002 1.097 0.002
государственный 0.002 0.523 0.001
принуждение 0.001 1.699 0.002
ранее 0.001 0.62 0.001
больший 0.004 0.328 0.001
объём 0.001 1.0 0.001
сталинский 0.002 1.523 0.003
время 0.003 0.086 0.0
играть 0.001 0.699 0.001
слишком 0.002 0.553 0.001
значимый 0.001 1.097 0.001
роль 0.001 0.721 0.001
стремиться 0.001 1.155 0.001
сегодня 0.002 0.638 0.001
усиливаться 0.001 2.0 0.002
значит 0.002 0.444 0.001
смешиваться 0.001 2.0 0.002
сюжет 0.002 1.222 0.002
типология 0.001 2.0 0.002
степень 0.001 0.658 0.001
репрессивность 0.001 2.0 0.002
себя 0.001 0.62 0.001
связать 0.001 0.469 0.0
круглый 0.001 1.523 0.002
красный 0.001 1.097 0.001
никто 0.001 0.432 0.0
голова 0.001 0.959 0.001
приходить 0.002 0.824 0.002
называть 0.002 0.432 0.001
тоталитарный 0.005 1.222 0.006
например 0.002 0.229 0.0
амин 0.001 2.0 0.002
уганда 0.001 1.699 0.002
1970-й 0.001 1.699 0.002
крайне 0.001 0.721 0.001
вместе 0.001 0.602 0.001
муссолини 0.001 2.0 0.002
италия 0.001 1.046 0.001
настолько 0.001 0.886 0.001
принцип 0.001 0.638 0.001
понимать 0.001 0.42 0.0
середина 0.001 0.854 0.001
xx 0.001 1.398 0.001
век 0.001 1.046 0.001
феномен 0.001 1.523 0.002
существовать 0.002 0.602 0.001
специалист 0.001 0.796 0.001
крайний 0.001 0.602 0.001
мера 0.001 0.377 0.0
современный 0.002 0.959 0.002
мир 0.001 0.26 0.0
построить 0.001 1.097 0.001
глубоко 0.001 1.398 0.001
укоренить 0.001 2.0 0.002
кндр 0.005 2.0 0.01
туркменистан 0.001 2.0 0.002
реликт 0.001 2.0 0.002
давний 0.001 1.398 0.001
прошлое 0.001 1.046 0.001
сформироваться 0.001 1.523 0.002
дожить 0.001 1.155 0.001
меняться 0.002 0.854 0.002
друг 0.001 0.387 0.0
направление 0.001 0.886 0.001
работа 0.001 0.357 0.0
исследователь 0.001 0.721 0.001
андрей 0.004 1.046 0.004
ланькова 0.001 2.0 0.002
ланьковы 0.003 2.0 0.006
ким 0.002 1.699 0.003
чен 0.002 2.0 0.004
ын 0.002 2.0 0.004
править 0.002 2.0 0.004
десять 0.002 0.585 0.001
превратить 0.002 1.222 0.002
второй 0.002 0.357 0.001
китай 0.003 0.824 0.002
сделать 0.002 0.208 0.0
ковид 0.002 0.387 0.001
отвечать 0.002 0.456 0.001
востоковед 0.002 2.0 0.004
задержать 0.002 0.959 0.002
дыхание 0.002 1.301 0.003
путешествие 0.002 1.301 0.003
короткий 0.002 0.921 0.002
месяц 0.002 0.432 0.001
несмотря 0.001 0.456 0.0
закрытый 0.001 0.854 0.001
граница 0.001 0.658 0.001
лагерь 0.002 1.699 0.003
предполагать 0.001 0.699 0.001
реалистичный 0.001 1.699 0.002
заинтересованный 0.001 2.0 0.002
ресурс 0.001 0.796 0.001
поддержание 0.001 1.523 0.002
сеть 0.001 0.824 0.001
миллион 0.001 0.495 0.0
работать 0.005 0.102 0.001
стройка 0.001 1.523 0.002
заключить 0.001 1.097 0.001
образ 0.002 0.553 0.001
категория 0.001 1.046 0.001
запечатлеть 0.001 1.699 0.002
где-то 0.001 0.721 0.001
другой 0.002 0.097 0.0
вещь 0.001 0.62 0.001
кардинальный 0.001 2.0 0.002
изменение 0.003 0.854 0.003
механизм 0.004 0.886 0.004
выборы 0.003 1.222 0.004
усугубиться 0.001 1.699 0.002
госдума 0.001 1.046 0.001
опробовать 0.001 1.699 0.002
система 0.001 0.398 0.0
электронный 0.001 1.046 0.001
голосование 0.001 2.0 0.002
получать 0.001 0.569 0.001
результат 0.003 0.367 0.001
вне 0.001 0.886 0.001
зависимость 0.001 0.745 0.001
предпочтение 0.001 1.699 0.002
избиратель 0.003 1.523 0.005
распространять 0.001 1.097 0.001
нисколько 0.001 2.0 0.002
сомневаться 0.001 0.886 0.001
широко 0.001 1.097 0.001
чёрный 0.001 0.959 0.001
ящик 0.001 1.523 0.002
извлекать 0.001 1.523 0.002
необходимость 0.001 0.745 0.001
сталкиваться 0.001 1.398 0.001
протест 0.003 0.745 0.002
наблюдатель 0.001 1.523 0.002
журналист 0.001 0.481 0.0
прислать 0.001 0.77 0.001
участок 0.001 0.959 0.001
проголосовать 0.001 2.0 0.002
должный 0.001 0.201 0.0
оказываться 0.001 0.721 0.001
лишний 0.001 1.097 0.001
оказать 0.001 1.523 0.002
сильный 0.001 0.553 0.001
воздействие 0.001 1.398 0.001
функционирование 0.001 2.0 0.002
свой 0.004 0.143 0.001
книга 0.001 0.886 0.001
писать 0.001 0.347 0.0
приживаться 0.001 2.0 0.002
демократия 0.001 1.222 0.001
происходить 0.002 0.301 0.001
логичный 0.001 1.523 0.002
развитие 0.001 0.638 0.001
этот 0.001 0.137 0.0
избавиться 0.001 1.155 0.001
всевозможный 0.001 1.523 0.002
ограничение 0.001 0.585 0.001
деятельность 0.001 0.854 0.001
получить 0.001 0.328 0.0
свобода 0.001 0.77 0.001
манёвр 0.001 2.0 0.002
план 0.004 0.658 0.003
внутриполитический 0.001 1.523 0.002
препятствие 0.001 2.0 0.002
предел 0.001 0.959 0.001
хотя 0.003 0.276 0.001
из-за 0.002 0.229 0.0
проблема 0.002 0.347 0.001
экономика 0.002 0.796 0.002
рейтинг 0.002 1.0 0.002
упасть 0.002 0.77 0.002
наверстать 0.002 1.222 0.002
экономист 0.002 1.046 0.002
максим 0.002 0.796 0.002
ананьев 0.002 1.222 0.002
неочевидный 0.002 1.097 0.002
последствие 0.002 0.523 0.001
час 0.002 0.538 0.001
оглядываться 0.001 1.523 0.002
продумать 0.001 1.523 0.002
путь 0.001 0.62 0.001
нынешний 0.001 0.77 0.001
модель 0.001 0.824 0.001
готовность 0.001 1.301 0.001
сложно 0.001 0.538 0.001
представить 0.001 0.638 0.001
сейф 0.001 1.699 0.002
лежать 0.001 0.824 0.001
написать 0.001 0.62 0.001
указать 0.001 0.796 0.001
дата 0.001 1.301 0.001
пункт 0.001 0.721 0.001
реализация 0.001 1.222 0.001
цепь 0.001 1.398 0.001
случайность 0.001 1.301 0.001
каждый 0.001 0.244 0.0
предыдущий 0.001 0.886 0.001
шаг 0.002 0.886 0.002
создавать 0.001 0.796 0.001
условие 0.001 0.495 0.0
подсказывать 0.001 1.398 0.001
двигаться 0.001 0.921 0.001
произойти 0.001 0.638 0.001
присоединение 0.001 1.222 0.001
крым 0.001 0.854 0.001
успех 0.001 0.921 0.001
давать 0.001 0.31 0.0
успешный 0.001 1.046 0.001
ожидаться 0.001 1.046 0.001
масштаб 0.001 1.155 0.001
оказаться 0.003 0.31 0.001
видимо 0.001 0.824 0.001
корректироваться 0.001 1.699 0.002
очевидный 0.001 0.678 0.001
выбирать 0.001 1.0 0.001
следующий 0.001 0.553 0.001
кто 0.001 0.377 0.0
советоваться 0.001 2.0 0.002
телевизор 0.001 0.921 0.001
решение 0.002 0.347 0.001
действительно 0.001 0.377 0.0
приниматься 0.002 0.959 0.002
важно 0.002 0.509 0.001
итог 0.001 0.509 0.001
дискуссия 0.001 1.222 0.001
долгий 0.001 0.745 0.001
менее 0.001 0.432 0.0
подверженный 0.001 1.398 0.001
ошибка 0.002 0.066 0.0
управление 0.001 0.824 0.001
компания 0.001 0.444 0.0
семейный 0.001 1.301 0.001
руководитель 0.002 0.886 0.002
единолично 0.001 2.0 0.002
многое 0.001 0.886 0.001
зависеть 0.001 0.509 0.001
ориентироваться 0.001 1.046 0.001
расставлять 0.001 2.0 0.002
приоритет 0.001 1.301 0.001
господствующий 0.001 2.0 0.002
партия 0.001 0.921 0.001
переживать 0.002 0.886 0.002
конкретный 0.001 0.658 0.001
советский 0.001 0.959 0.001
союз 0.001 0.886 0.001
сей 0.001 0.456 0.0
пора 0.001 0.357 0.0
персоналистский 0.002 1.699 0.003
ситуация 0.001 0.337 0.0
правило 0.002 0.066 0.0
создатель 0.001 1.0 0.001
глава 0.001 0.658 0.001
лишаться 0.001 1.699 0.002
заканчиваться 0.001 1.301 0.001
обязательно 0.001 0.959 0.001
демократизация 0.001 2.0 0.002
часто 0.002 0.456 0.001
авторитарный 0.001 1.523 0.002
преемственность 0.001 2.0 0.002
небольшой 0.001 0.602 0.001
оставаться 0.001 0.387 0.0
либо 0.002 0.569 0.001
смерть 0.001 0.553 0.001
естественный 0.001 1.046 0.001
причина 0.001 0.398 0.0
военный 0.001 0.444 0.0
переворот 0.001 1.301 0.001
антивоенный 0.004 0.796 0.003
личный 0.002 0.678 0.001
выбор 0.002 0.886 0.002
стотысячный 0.002 1.523 0.003
митинг 0.002 1.0 0.002
социолог 0.002 1.398 0.003
григорий 0.002 1.523 0.003
юдин 0.002 1.523 0.003
больница 0.002 0.495 0.001
24/7 0.001 0.102 0.0
интерес 0.001 0.155 0.0
читателейн 0.001 0.174 0.0
срочно 0.001 0.167 0.0
хотеть 0.001 0.102 0.0
помочь 0.001 0.125 0.0
беседовать 0.001 1.301 0.001
лев 0.001 1.046 0.001
бурьян 0.001 2.0 0.002
редакция 0.002 0.066 0.0
кодекс 0.001 0.066 0.0
блог 0.001 0.066 0.0
meduzacare 0.001 0.066 0.0
связаться 0.001 0.066 0.0
анонимно 0.001 0.066 0.0
платформа 0.002 0.066 0.0
ios 0.001 0.066 0.0
android 0.001 0.066 0.0
инстаграм 0.001 0.066 0.0
twitter 0.001 0.0 0.0
facebook 0.001 0.0 0.0
вконтакте 0.001 0.066 0.0
youtube 0.001 0.06 0.0
– 0.001 0.06 0.0
live 0.001 0.022 0.0
вечерний 0.001 0.066 0.0
вообще 0.001 0.066 0.0
реклама 0.002 0.066 0.0
требование 0.001 0.066 0.0
баннер 0.001 0.066 0.0
безопасно 0.001 0.066 0.0
персональный 0.001 0.066 0.0
дать 0.001 0.066 0.0
обработка 0.001 0.066 0.0
использование 0.001 0.066 0.0
кук 0.001 0.066 0.0
наслать 0.001 0.066 0.0
выделить 0.001 0.066 0.0
нажать 0.001 0.066 0.0
ctrl+enter 0.001 0.066 0.0
спасибоgiphyз 0.001 0.066 0.0
гифка 0.001 0.066 0.0
© 0.001 0.0 0.0
