перейти 0.0 0.066 0.0
материал 0.0 0.066 0.0
связь 0.001 0.0 0.0
новостиисторииразборшапитокоронавирусмагаз 0.0 0.066 0.0
медуза 0.006 0.066 0.0
рекламаmeduza 0.0 0.066 0.0
in 0.0 0.0 0.0
english 0.0 0.06 0.0
показывать 0.0 0.066 0.0
порядок 0.0 0.066 0.0
en 0.0 0.066 0.0
кнопка 0.0 0.066 0.0
поддержка 0.002 0.066 0.0
история 0.003 0.26 0.001
возвращаться 0.0 0.854 0.0
1990-й 0.0 1.301 0.0
многие 0.004 0.284 0.001
человек 0.016 0.092 0.001
скоро 0.0 0.796 0.0
стать 0.001 0.149 0.0
безработный 0.003 1.523 0.005
зарплата 0.004 1.398 0.006
быть 0.007 0.215 0.002
платить 0.001 1.097 0.001
.. 0.0 1.523 0.0
отвечать 0.002 0.456 0.001
исследователь 0.0 0.721 0.0
рынок 0.006 0.699 0.004
труд 0.007 0.854 0.006
владимир 0.0 0.523 0.0
гимпельсон 0.0 1.523 0.0
март 0.0 0.284 0.0
источник 0.0 0.167 0.0
meduza 0.001 0.0 0.0
данный 0.0 0.097 0.0
сообщение 0.0 0.102 0.0
создать 0.0 0.097 0.0
распространить 0.0 0.102 0.0
иностранный 0.002 0.097 0.0
средство 0.0 0.097 0.0
массовый 0.0 0.097 0.0
информация 0.0 0.102 0.0
выполнять 0.001 0.097 0.0
функция 0.001 0.097 0.0
агент 0.001 0.097 0.0
российский 0.001 0.071 0.0
юридический 0.0 0.102 0.0
лицо 0.0 0.086 0.0
мы 0.002 0.066 0.0
нужный 0.002 0.086 0.0
ваш 0.001 0.081 0.0
помощь 0.001 0.071 0.0
пожалуйста 0.0 0.102 0.0
поддержать 0.001 0.066 0.0
декабрь 0.0 0.745 0.0
год 0.004 0.119 0.0
покупатель 0.0 1.398 0.0
очередь 0.0 0.538 0.0
яйцо 0.0 1.398 0.0
валерий 0.0 1.222 0.0
морёв 0.0 2.0 0.0
тасс 0.0 0.699 0.0
из-за 0.003 0.229 0.001
вторжение 0.0 0.569 0.0
украина 0.0 0.347 0.0
компания 0.006 0.444 0.003
массово 0.0 1.097 0.0
сворачивать 0.0 2.0 0.0
бизнес 0.002 0.824 0.002
россия 0.007 0.108 0.001
западный 0.0 0.553 0.0
страна 0.004 0.155 0.001
один 0.001 0.119 0.0
вводить 0.0 0.886 0.0
жёсткий 0.002 0.678 0.001
экономический 0.0 0.854 0.0
санкция 0.004 0.62 0.002
это 0.024 0.066 0.002
серьёзно 0.0 1.301 0.0
ударить 0.0 1.097 0.0
грозить 0.0 1.097 0.0
резкий 0.0 1.155 0.0
рост 0.001 0.824 0.001
безработица 0.015 1.523 0.023
какой 0.001 0.357 0.0
последствие 0.001 0.523 0.001
мочь 0.005 0.102 0.001
ждать 0.0 0.481 0.0
поговорить 0.0 0.62 0.0
экономист 0.001 1.046 0.001
говорить 0.004 0.18 0.001
текущий 0.0 0.959 0.0
кризис 0.002 0.921 0.002
экономика 0.002 0.796 0.002
сравнивать 0.0 0.796 0.0
шок 0.0 1.222 0.0
девяностый 0.002 1.398 0.003
они 0.001 0.538 0.001
общий 0.001 0.444 0.0
точка 0.002 0.444 0.001
зрение 0.001 0.585 0.001
прошедшее 0.0 1.097 0.0
пройти 0.0 0.387 0.0
шоковый 0.0 1.699 0.0
природа 0.0 1.523 0.0
этот 0.002 0.137 0.0
разный 0.001 0.276 0.0
случай 0.002 0.194 0.0
адаптироваться 0.0 2.0 0.0
примерно 0.004 0.585 0.002
одинаково 0.0 1.301 0.0
снижение 0.001 0.745 0.001
трудовой 0.001 1.699 0.002
издержка 0.001 1.699 0.002
увольнение 0.002 1.523 0.003
начало 0.0 0.26 0.0
сойтись 0.0 2.0 0.0
особенность 0.0 0.854 0.0
развал 0.0 1.523 0.0
советский 0.001 0.959 0.001
союз 0.001 0.886 0.001
разрушить 0.0 0.77 0.0
хозяйственный 0.0 2.0 0.0
цепочка 0.001 1.222 0.001
предприятие 0.006 0.959 0.006
лишиться 0.002 1.097 0.002
поставщик 0.001 1.222 0.001
производить 0.0 1.097 0.0
продукция 0.0 1.301 0.0
невозможно 0.0 0.602 0.0
останавливаться 0.0 1.523 0.0
понятно 0.0 0.699 0.0
выпускать 0.001 1.0 0.001
автомобиль 0.0 1.301 0.0
какой-то 0.005 0.328 0.002
важный 0.0 0.284 0.0
составлять 0.0 0.745 0.0
обеспечивать 0.0 0.824 0.0
сторонний 0.0 1.523 0.0
причина 0.001 0.398 0.0
сделать 0.001 0.208 0.0
например 0.003 0.229 0.001
логистический 0.0 1.523 0.0
финансовый 0.0 1.046 0.0
соответственно 0.004 0.921 0.004
нынешний 0.001 0.77 0.001
значительный 0.003 0.854 0.003
степень 0.001 0.658 0.001
иметь 0.001 0.337 0.0
такой 0.003 0.114 0.0
ранний 0.0 0.409 0.0
рваться 0.0 1.699 0.0
который 0.009000000000000001 0.071 0.001
соединять 0.0 1.523 0.0
различный 0.0 0.921 0.0
внутри 0.0 0.745 0.0
производитель 0.0 0.796 0.0
мир 0.0 0.26 0.0
вести 0.001 0.553 0.001
остановка 0.0 1.398 0.0
приостановка 0.001 1.523 0.002
сокращение 0.001 0.959 0.001
выпуск 0.0 0.959 0.0
далее 0.002 0.921 0.002
спрос 0.001 1.301 0.001
производный 0.0 1.699 0.0
производство 0.0 0.658 0.0
нужно 0.003 0.237 0.001
маленький 0.002 0.328 0.001
сторона 0.001 0.347 0.0
другой 0.003 0.097 0.0
заключаться 0.0 0.959 0.0
огромный 0.001 0.721 0.001
потребительский 0.0 1.699 0.0
импорт 0.001 1.523 0.002
торговый 0.0 1.046 0.0
система 0.001 0.398 0.0
выстроить 0.001 1.155 0.001
ориентироваться 0.0 1.046 0.0
ходить 0.0 0.77 0.0
обь 0.0 2.0 0.0
икея 0.0 2.0 0.0
ашан 0.0 2.0 0.0
леруа 0.0 2.0 0.0
мерлен 0.0 2.0 0.0
перечислять 0.0 1.699 0.0
бесконечный 0.0 1.301 0.0
бренд 0.0 2.0 0.0
одежда 0.0 0.921 0.0
обуви… 0.0 2.0 0.0
поставка 0.0 0.921 0.0
прекращаться 0.0 1.398 0.0
сокращаться 0.0 1.699 0.0
часть 0.004 0.377 0.002
становиться 0.001 0.553 0.001
избыточный 0.0 0.921 0.0
столько 0.0 0.921 0.0
магазин 0.0 0.796 0.0
площадь 0.0 1.046 0.0
тот 0.002 0.131 0.0
логистика 0.0 1.523 0.0
обслуживать 0.0 1.699 0.0
просто 0.002 0.194 0.0
начинать 0.0 0.569 0.0
сжиматься 0.0 1.699 0.0
уйти 0.001 0.77 0.001
samsung 0.001 2.0 0.002
zara 0.001 2.0 0.002
netflix 0.001 2.0 0.002
adobe 0.001 1.699 0.002
ограничить 0.001 0.959 0.001
прекратить 0.001 0.824 0.001
работа 0.009000000000000001 0.357 0.003
обновить 0.001 1.046 0.001
список 0.001 0.569 0.001
день 0.005 0.167 0.001
назад 0.005 0.18 0.001
попытаться 0.001 0.854 0.001
оценить 0.0 0.678 0.0
сжатие 0.0 2.0 0.0
сила 0.001 0.456 0.0
уход 0.0 1.155 0.0
называть 0.0 0.432 0.0
деятельность 0.0 0.854 0.0
представить 0.001 0.638 0.001
цифра 0.003 1.097 0.003
оказаться 0.001 0.31 0.0
количественный 0.0 1.523 0.0
оценка 0.0 0.745 0.0
рано 0.0 0.921 0.0
пока 0.0 0.208 0.0
никакой 0.001 0.409 0.0
статистика 0.001 0.921 0.001
порассуждать 0.0 2.0 0.0
оперировать 0.0 2.0 0.0
известный 0.0 0.569 0.0
росстат 0.001 1.523 0.002
немножко 0.0 1.222 0.0
огрублять 0.0 2.0 0.0
округлять 0.0 2.0 0.0
деталь 0.0 1.155 0.0
существенный 0.0 0.921 0.0
занятый 0.0 1.097 0.0
миллион 0.003 0.495 0.001
стандартный 0.0 1.301 0.0
половина 0.001 0.721 0.001
население 0.0 0.569 0.0
занятой 0.003 1.301 0.004
знать 0.001 0.244 0.0
обращаться 0.0 0.854 0.0
сказать 0.001 0.31 0.0
72-й 0.0 2.0 0.0
крупный 0.001 0.523 0.001
средний 0.001 0.796 0.001
регулярно 0.0 1.0 0.0
отчитываться 0.0 1.523 0.0
достаточно 0.0 0.444 0.0
прозрачный 0.0 1.523 0.0
бюджетник 0.0 1.699 0.0
давать 0.0 0.31 0.0
исходить 0.0 1.222 0.0
случиться 0.001 0.509 0.001
что-то 0.003 0.509 0.002
доход 0.002 1.222 0.002
региональный 0.0 1.0 0.0
врач 0.0 0.509 0.0
учитель 0.0 1.222 0.0
бюджет 0.0 1.301 0.0
трансферт 0.0 2.0 0.0
возможность 0.001 0.444 0.0
небюджетник 0.0 2.0 0.0
сюда 0.001 1.097 0.001
попасть 0.001 0.409 0.0
оборонный 0.0 1.523 0.0
комплекс 0.0 1.046 0.0
гражданский 0.0 0.745 0.0
относиться 0.001 0.62 0.001
торговля 0.0 1.523 0.0
строительство 0.0 1.301 0.0
транспорт 0.0 0.854 0.0
сектор 0.0 1.523 0.0
сегмент 0.0 1.301 0.0
более-менее 0.001 1.155 0.001
работать 0.003 0.102 0.0
норма 0.001 1.0 0.001
право 0.0 0.538 0.0
плохо 0.0 0.569 0.0
как-то 0.001 0.699 0.001
защищать 0.001 0.585 0.001
работник 0.001 0.824 0.001
существовать 0.0 0.602 0.0
роструд 0.0 2.0 0.0
инспекция 0.0 1.523 0.0
прийти 0.0 0.658 0.0
наказать 0.0 1.301 0.0
работодатель 0.0 1.301 0.0
нарушение 0.0 0.886 0.0
кодекс 0.001 0.066 0.0
выходить 0.0 0.62 0.0
защитить 0.0 0.721 0.0
потеря 0.0 0.824 0.0
заблокировать 0.0 0.553 0.0
готовый 0.002 0.509 0.001
продолжать 0.0 0.292 0.0
несмотря 0.0 0.456 0.0
прямо 0.001 0.357 0.0
далёкий 0.0 0.481 0.0
весь 0.0 0.114 0.0
трудный 0.0 0.721 0.0
независимый 0.0 0.409 0.0
издание 0.0 0.481 0.0
интерес 0.001 0.155 0.0
читатель 0.001 0.523 0.001
хотеть 0.001 0.102 0.0
помочьхотать 0.0 0.886 0.0
помочь 0.001 0.125 0.0
где-то 0.001 0.721 0.001
10–12 0.0 2.0 0.0
малый 0.0 0.678 0.0
социальный 0.0 0.721 0.0
защищённость 0.0 1.699 0.0
гораздо 0.001 0.699 0.001
ниже 0.002 0.77 0.002
сталкиваться 0.001 1.398 0.001
проблема 0.001 0.347 0.0
уволить 0.0 1.301 0.0
простой 0.0 0.538 0.0
итого 0.0 2.0 0.0
общеизвестный 0.0 2.0 0.0
корпоративный 0.0 1.523 0.0
кроме 0.0 0.387 0.0
вне 0.001 0.886 0.001
индивидуальный 0.0 1.097 0.0
предприниматель 0.0 1.155 0.0
нанять 0.0 1.699 0.0
род 0.001 0.77 0.001
самозанятой 0.0 2.0 0.0
также 0.001 0.237 0.0
заниматься 0.001 0.62 0.001
домашний 0.0 1.155 0.0
хозяйство 0.0 1.523 0.0
товар 0.0 1.097 0.0
услуга 0.001 1.398 0.001
деньга 0.001 0.602 0.001
разномастный 0.0 2.0 0.0
высокооплачиваемый 0.0 2.0 0.0
высококвалифицированный 0.0 2.0 0.0
масса 0.0 1.046 0.0
свой 0.003 0.143 0.0
очень 0.008 0.149 0.001
высокий 0.002 0.495 0.001
квалификация 0.0 2.0 0.0
часто 0.002 0.456 0.001
среднее 0.0 0.77 0.0
занятость 0.002 2.0 0.004
слабо 0.0 1.398 0.0
кто-то 0.0 0.523 0.0
убирать 0.001 1.222 0.001
квартира 0.001 1.0 0.001
каждый 0.001 0.244 0.0
визит 0.0 1.523 0.0
ладный 0.0 1.699 0.0
никто 0.0 0.432 0.0
приглашать 0.0 1.523 0.0
терять 0.0 1.097 0.0
посмотреть 0.0 0.523 0.0
по-другому 0.0 1.155 0.0
отрасль 0.0 1.301 0.0
самый 0.0 0.208 0.0
главный 0.0 0.276 0.0
пятый 0.0 0.854 0.0
добавить 0.0 1.0 0.0
сложный 0.0 0.602 0.0
положение 0.0 1.046 0.0
ресторан 0.0 1.222 0.0
гостиница 0.0 1.699 0.0
развлечение 0.0 1.699 0.0
переходить 0.0 1.046 0.0
отметка 0.0 1.523 0.0
удар 0.0 0.745 0.0
руководство 0.001 0.796 0.001
два 0.001 0.26 0.0
неделя 0.001 0.328 0.0
уничтожить 0.001 1.0 0.001
строить 0.001 1.155 0.001
последний 0.001 0.284 0.0
публиковать 0.001 0.638 0.001
потерять 0.001 0.854 0.001
война 0.004 0.357 0.001
разрыв 0.0 1.398 0.0
внутренний 0.001 0.745 0.001
всё-таки 0.0 0.553 0.0
проходить 0.0 0.495 0.0
параллельно 0.001 1.097 0.001
некоторый 0.0 0.222 0.0
нормализация 0.0 1.699 0.0
отношение 0.001 0.509 0.001
запад 0.0 0.678 0.0
грубо 0.0 1.046 0.0
ножка 0.0 1.699 0.0
буш 0.0 2.0 0.0
продавать 0.0 0.921 0.0
наоборот 0.0 0.824 0.0
рвать 0.0 1.523 0.0
внешний 0.0 0.959 0.0
усугублять 0.0 2.0 0.0
правый 0.001 1.046 0.001
действительно 0.0 0.377 0.0
начаться 0.0 0.367 0.0
забывать 0.0 1.0 0.0
90-й 0.0 1.699 0.0
крайне 0.001 0.721 0.001
мало 0.0 0.538 0.0
опыт 0.0 0.699 0.0
какой-либо 0.0 0.854 0.0
жизнь 0.004 0.319 0.001
новый 0.001 0.187 0.0
реальность 0.0 0.77 0.0
нулевой 0.0 1.301 0.0
отрицательный 0.0 1.046 0.0
идти 0.0 0.222 0.0
инфраструктура 0.0 1.301 0.0
облегчать 0.0 1.523 0.0
адаптация 0.0 2.0 0.0
пытаться 0.0 0.409 0.0
импортозамещать 0.0 2.0 0.0
импортозамещение 0.001 1.398 0.001
дорогой 0.0 1.046 0.0
оно 0.003 0.444 0.001
менее 0.0 0.432 0.0
качественный 0.0 1.046 0.0
вместо 0.001 0.77 0.001
ставить 0.001 0.886 0.001
какой-нибудь 0.0 1.155 0.0
немецкий 0.0 0.699 0.0
компонент 0.0 0.824 0.0
китайский 0.0 0.886 0.0
индийский 0.0 1.222 0.0
вероятно 0.001 0.699 0.001
приходить 0.0 0.824 0.0
серый 0.0 1.523 0.0
канал 0.0 0.699 0.0
продолжаться 0.0 0.699 0.0
равно 0.0 0.638 0.0
происходить 0.001 0.301 0.0
увидеть 0.001 0.553 0.001
всплеск 0.001 1.398 0.001
расти 0.001 0.886 0.001
ожидать 0.0 0.62 0.0
проявиться 0.0 1.523 0.0
запаздывать 0.0 2.0 0.0
подход 0.0 0.854 0.0
измерение 0.0 1.301 0.0
первый 0.0 0.143 0.0
регистрировать 0.0 1.301 0.0
служба 0.001 0.678 0.001
здравствуйте 0.0 2.0 0.0
зарегистрировать 0.0 0.602 0.0
выше 0.001 0.509 0.001
искать 0.0 0.678 0.0
число 0.001 0.201 0.0
второй 0.0 0.357 0.0
строиться 0.0 1.523 0.0
методология 0.0 1.699 0.0
международный 0.0 0.569 0.0
организация 0.0 0.509 0.0
мота 0.001 2.0 0.002
измерить 0.0 1.046 0.0
образ 0.0 0.553 0.0
мотовской 0.0 2.0 0.0
специальный 0.0 0.638 0.0
обследование 0.0 1.699 0.0
большой 0.002 0.347 0.001
выборка 0.0 1.046 0.0
течение 0.0 0.638 0.0
причём 0.0 0.62 0.0
страна-член 0.0 2.0 0.0
задаваться 0.0 1.523 0.0
вопрос 0.002 0.276 0.001
наличие 0.001 0.745 0.001
поиск 0.002 1.222 0.002
отличие 0.0 0.699 0.0
пособие 0.006 2.0 0.012
получить 0.002 0.328 0.001
относительно 0.001 0.721 0.001
легко 0.002 0.824 0.002
уровень 0.004 0.367 0.001
напрямую 0.0 1.0 0.0
влиять 0.0 0.886 0.0
косвенно 0.0 1.155 0.0
сказываться 0.0 1.222 0.0
европейский 0.0 0.602 0.0
испания 0.0 1.222 0.0
африканский 0.0 2.0 0.0
вообще 0.002 0.066 0.0
доклад 0.0 0.959 0.0
обстоятельство 0.001 1.046 0.001
сидеть 0.0 0.77 0.0
дом 0.0 0.495 0.0
делать 0.0 0.18 0.0
низкий 0.001 0.638 0.001
приезжать 0.0 0.921 0.0
развивающийся 0.0 1.523 0.0
видеть 0.0 0.444 0.0
непонятно 0.0 0.921 0.0
больший 0.001 0.328 0.0
количество 0.001 0.481 0.0
профессия 0.002 1.398 0.003
формальный 0.0 1.222 0.0
неформальный 0.0 1.699 0.0
абсорбировать 0.001 2.0 0.002
повлиять 0.001 1.0 0.001
заработок 0.001 1.699 0.002
россиянин 0.002 0.444 0.001
волна 0.001 0.921 0.001
завод 0.001 0.959 0.001
остановиться 0.001 0.959 0.001
регионалиста 0.001 1.699 0.002
наталья 0.001 1.097 0.001
зубаревич 0.001 1.699 0.002
удивительно 0.001 1.398 0.001
слово 0.001 0.268 0.0
вселять 0.001 1.523 0.002
надежда 0.001 0.77 0.001
продавец 0.001 1.523 0.002
кассир 0.0 2.0 0.0
время 0.002 0.086 0.0
открываться 0.0 1.222 0.0
везде 0.001 1.046 0.001
классифицироваться 0.0 2.0 0.0
6–7 0.0 2.0 0.0
водитель 0.0 1.398 0.0
легковой 0.0 1.699 0.0
таксист 0.0 2.0 0.0
кстати 0.0 0.886 0.0
городской 0.0 1.046 0.0
доставщик 0.0 2.0 0.0
еда 0.0 0.678 0.0
велосипед 0.0 2.0 0.0
самокат 0.0 2.0 0.0
свободный 0.0 0.77 0.0
вход 0.001 1.046 0.001
ищущий 0.0 2.0 0.0
предполагать 0.0 0.699 0.0
пандемия 0.0 0.538 0.0
правительство 0.0 0.678 0.0
повышать 0.001 1.0 0.001
сразу 0.0 0.553 0.0
пойти 0.0 0.509 0.0
вверх 0.001 1.398 0.001
повышенный 0.0 0.77 0.0
отменить 0.0 0.921 0.0
вниз 0.0 1.699 0.0
минимальный 0.0 0.959 0.0
вместе 0.0 0.602 0.0
создавать 0.0 0.796 0.0
называться 0.0 0.699 0.0
нижний 0.0 1.097 0.0
порог 0.0 1.222 0.0
февраль 0.0 0.337 0.0
рекорд 0.0 1.398 0.0
зафиксировать 0.0 0.921 0.0
1998-м 0.001 2.0 0.002
означать 0.001 0.585 0.001
трёхкратный 0.0 2.0 0.0
исторический 0.0 0.921 0.0
аналогия 0.0 1.301 0.0
сложно 0.001 0.538 0.001
использовать 0.001 0.319 0.0
факт 0.0 0.638 0.0
именно 0.0 0.244 0.0
зависеть 0.001 0.509 0.001
частность 0.0 0.678 0.0
государство 0.004 0.569 0.002
регулирование 0.001 1.523 0.002
гибкий 0.0 2.0 0.0
лёгкий 0.001 0.638 0.001
войти 0.0 1.155 0.0
найти 0.001 0.456 0.0
занятие 0.0 1.699 0.0
ниша 0.0 1.699 0.0
залезть 0.0 2.0 0.0
понимать 0.0 0.42 0.0
иначе 0.0 0.745 0.0
широкий 0.0 0.921 0.0
понятие 0.0 1.398 0.0
создание 0.0 0.921 0.0
совершить 0.0 1.155 0.0
административный 0.0 1.222 0.0
процедура 0.0 0.959 0.0
разрешение 0.0 0.886 0.0
подключиться 0.0 1.523 0.0
электросеть 0.0 2.0 0.0
правило 0.001 0.066 0.0
слабый 0.0 1.097 0.0
вещь 0.001 0.62 0.001
смотреть 0.0 0.62 0.0
сквозь 0.0 1.699 0.0
палец 0.0 1.398 0.0
ситуация 0.002 0.337 0.001
поэтому 0.001 0.328 0.0
выбор 0.002 0.886 0.002
либо 0.002 0.569 0.001
проявлять 0.0 1.398 0.0
принципиальность 0.0 2.0 0.0
соответствие 0.0 0.959 0.0
закон 0.0 0.658 0.0
напринимать 0.0 2.0 0.0
закрыть 0.001 0.959 0.001
глаз 0.001 0.77 0.001
выживать 0.0 1.398 0.0
уметь 0.0 0.921 0.0
приятно 0.0 1.699 0.0
способность 0.0 0.77 0.0
повышение 0.0 1.097 0.0
трудно 0.0 0.824 0.0
инфляция 0.0 1.699 0.0
максимальный 0.0 1.046 0.0
размер 0.0 1.097 0.0
смехотворный 0.0 2.0 0.0
поддерживать 0.0 0.569 0.0
дело 0.001 0.252 0.0
величина 0.0 1.398 0.0
значение 0.0 0.721 0.0
лёгкость 0.0 2.0 0.0
доступ 0.0 0.796 0.0
продолжительность 0.0 1.301 0.0
выплата 0.001 1.398 0.001
период 0.0 0.678 0.0
короткий 0.0 0.921 0.0
выплачиваться 0.0 2.0 0.0
долго 0.001 0.745 0.001
мизерный 0.0 1.699 0.0
неинтересный 0.0 2.0 0.0
учитывать 0.0 0.854 0.0
наверняка 0.0 1.398 0.0
предположить 0.0 0.886 0.0
уходить 0.002 0.824 0.002
тень 0.0 2.0 0.0
пресловутый 0.0 1.699 0.0
конверт 0.0 2.0 0.0
ндфл 0.0 2.0 0.0
взнос 0.0 2.0 0.0
вновь 0.0 1.155 0.0
оказываться 0.0 0.721 0.0
оберегать 0.0 2.0 0.0
думать 0.002 0.456 0.001
перевесить 0.0 2.0 0.0
ответить 0.0 0.495 0.0
правильно 0.0 0.824 0.0
сформулировать 0.0 1.398 0.0
карать 0.0 2.0 0.0
невыполнение 0.0 2.0 0.0
закрывать 0.0 1.222 0.0
напоминать 0.0 0.921 0.0
джунгли 0.0 2.0 0.0
крайний 0.0 0.602 0.0
скорее 0.0 0.509 0.0
промежуточный 0.0 1.097 0.0
шкала 0.0 1.222 0.0
конец 0.0 0.444 0.0
регион 0.0 0.638 0.0
неоднородный 0.0 2.0 0.0
власть 0.0 0.31 0.0
неформально 0.0 2.0 0.0
звонить 0.0 0.886 0.0
собственник 0.0 2.0 0.0
топ-менеджер 0.0 1.398 0.0
мол 0.0 1.398 0.0
увольнять 0.001 2.0 0.002
необязательно 0.0 1.523 0.0
звонок 0.0 1.222 0.0
боязливый 0.0 2.0 0.0
сам 0.001 0.137 0.0
стараться 0.0 0.854 0.0
допускать 0.0 1.046 0.0
невыгодный 0.0 1.301 0.0
подбирать 0.0 1.301 0.0
учить 0.0 1.222 0.0
зачастую 0.0 1.523 0.0
обучить 0.0 2.0 0.0
дёшево 0.0 2.0 0.0
отказываться 0.0 0.721 0.0
легко… 0.0 2.0 0.0
испытывать 0.0 1.0 0.0
удовольствие 0.0 1.523 0.0
неполный 0.0 1.699 0.0
рабочий 0.002 0.886 0.002
сократить 0.0 1.222 0.0
надбавка 0.0 2.0 0.0
начинаться 0.0 0.886 0.0
отток 0.0 2.0 0.0
слагаемое 0.0 1.523 0.0
нанимать 0.0 1.523 0.0
представимый 0.0 1.523 0.0
интенсивность 0.001 1.523 0.002
место 0.002 0.409 0.001
перестать 0.0 0.678 0.0
создаваться 0.0 1.222 0.0
находиться 0.0 0.367 0.0
немой 0.0 0.585 0.0
долгий 0.0 0.745 0.0
ковид 0.0 0.387 0.0
вырасти 0.0 0.824 0.0
сократиться 0.0 1.222 0.0
сильно 0.0 0.509 0.0
упасть 0.0 0.77 0.0
наём 0.001 2.0 0.002
застрять 0.0 1.398 0.0
неопределённость 0.0 1.523 0.0
хороший 0.0 0.377 0.0
ассоциация 0.0 1.398 0.0
заставлять 0.0 1.097 0.0
вспомнить 0.0 1.046 0.0
задержка 0.0 1.699 0.0
2000-быть 0.0 2.0 0.0
принять 0.0 0.42 0.0
невыплата 0.0 2.0 0.0
предусматривать 0.0 1.398 0.0
уголовный 0.0 0.959 0.0
ответственность 0.0 0.678 0.0
соблюдаться 0.001 1.398 0.001
останавливать 0.0 1.097 0.0
менеджер 0.0 1.301 0.0
задерживать 0.0 1.301 0.0
мера 0.001 0.377 0.0
вы 0.0 1.0 0.0
жёсткость 0.0 1.523 0.0
гибкость 0.0 2.0 0.0
среди 0.001 0.42 0.0
молодой 0.001 0.854 0.001
предстоять 0.0 1.699 0.0
заканчивать 0.0 1.523 0.0
вуз 0.0 1.398 0.0
любой 0.0 0.319 0.0
плохой 0.0 0.509 0.0
находить 0.0 1.301 0.0
вынудить 0.0 0.886 0.0
соглашаться 0.0 1.097 0.0
тянуться 0.0 2.0 0.0
молодёжный 0.0 1.523 0.0
возникать 0.001 0.824 0.001
путаница 0.0 2.0 0.0
частный 0.0 0.824 0.0
деление 0.0 1.699 0.0
плюс 0.0 1.0 0.0
возрастной 0.0 1.301 0.0
группа 0.0 0.387 0.0
учиться 0.0 0.959 0.0
счёт 0.001 0.721 0.001
знаменатель 0.0 1.699 0.0
получать 0.0 0.569 0.0
статистический 0.0 1.097 0.0
артефакт 0.0 2.0 0.0
менять 0.0 0.886 0.0
первый-второй 0.0 1.699 0.0
рассматривать 0.0 1.097 0.0
свободно 0.0 1.301 0.0
числитель 0.0 2.0 0.0
раздуваться 0.0 2.0 0.0
вид 0.0 0.398 0.0
нормальный 0.0 0.77 0.0
показатель 0.0 0.721 0.0
немного 0.0 0.77 0.0
гипертрофировать 0.0 2.0 0.0
совершенно 0.002 0.678 0.001
кризисный 0.0 1.523 0.0
серьёзный 0.0 0.553 0.0
законопроект 0.0 1.699 0.0
национализация 0.001 2.0 0.002
принадлежать 0.0 1.097 0.0
цель 0.0 0.745 0.0
сохранение 0.0 1.398 0.0
зависимость 0.001 0.745 0.001
сколько 0.0 0.585 0.0
собираться 0.0 0.602 0.0
национализироваться 0.0 2.0 0.0
вставать 0.0 1.155 0.0
кто 0.0 0.377 0.0
управлять 0.0 1.155 0.0
ответ 0.001 0.432 0.0
многий 0.0 0.495 0.0
дать 0.0 0.066 0.0
смочь 0.0 0.328 0.0
организовать 0.0 0.921 0.0
поставить 0.0 0.796 0.0
туда 0.0 0.921 0.0
представитель 0.0 0.638 0.0
функционировать 0.0 1.699 0.0
наверное 0.001 0.921 0.001
сохранить 0.0 0.796 0.0
субсидирование 0.0 2.0 0.0
скрытый 0.0 1.398 0.0
открытый 0.0 0.886 0.0
требовать 0.0 0.658 0.0
должный 0.0 0.201 0.0
возможный 0.001 0.523 0.001
смысл 0.001 0.481 0.0
попробовать 0.001 1.046 0.001
угодный 0.001 1.301 0.001
лишь 0.001 0.481 0.0
остановить 0.001 0.523 0.001
бомбёжка 0.001 1.155 0.001
город 0.001 0.409 0.0
возможно 0.001 0.398 0.0
национализировать 0.001 1.699 0.002
отразиться 0.001 1.222 0.001
константин 0.001 1.398 0.001
сонин 0.001 1.699 0.002
наблюдать 0.0 0.824 0.0
утечка 0.001 1.301 0.001
мозг 0.001 1.301 0.001
очевидный 0.0 0.678 0.0
момент 0.0 0.387 0.0
усложнить 0.0 1.699 0.0
берлин 0.0 1.046 0.0
музей 0.0 1.398 0.0
берлинский 0.0 1.523 0.0
стена 0.0 0.921 0.0
помнить 0.0 0.699 0.0
бежать 0.0 0.796 0.0
гдр 0.0 1.523 0.0
риск 0.0 0.357 0.0
эмиграция 0.0 1.699 0.0
деятель 0.0 1.097 0.0
культура 0.0 0.77 0.0
истопник 0.0 2.0 0.0
дворник 0.0 2.0 0.0
сторож 0.0 2.0 0.0
принимать 0.0 0.432 0.0
форма 0.0 0.62 0.0
дауншифтинг 0.0 2.0 0.0
физика 0.0 1.523 0.0
репетитор 0.0 2.0 0.0
школьник 0.0 1.301 0.0
наука 0.0 1.301 0.0
делаться 0.0 1.046 0.0
сотрудничество 0.0 0.959 0.0
ковырять 0.0 2.0 0.0
друг 0.0 0.387 0.0
темп 0.0 0.959 0.0
себя 0.0 0.62 0.0
задача 0.0 0.77 0.0
иной 0.0 0.921 0.0
мотивация 0.0 1.301 0.0
помимо 0.0 0.796 0.0
деградация 0.0 1.699 0.0
примитивизация 0.0 2.0 0.0
архаизация 0.0 2.0 0.0
упрощение 0.0 2.0 0.0
семнадцатый 0.001 1.398 0.001
онлайн 0.001 0.959 0.001
час 0.001 0.538 0.001
24/7 0.0 0.102 0.0
читателейн 0.0 0.174 0.0
срочно 0.0 0.167 0.0
беседовать 0.0 1.301 0.0
маргарита 0.0 1.222 0.0
лютов 0.0 1.699 0.0
редакция 0.001 0.066 0.0
блог 0.0 0.066 0.0
meduzacare 0.0 0.066 0.0
связаться 0.0 0.066 0.0
анонимно 0.0 0.066 0.0
платформа 0.001 0.066 0.0
ios 0.0 0.066 0.0
android 0.0 0.066 0.0
инстаграм 0.0 0.066 0.0
twitter 0.0 0.0 0.0
facebook 0.0 0.0 0.0
вконтакте 0.0 0.066 0.0
youtube 0.0 0.06 0.0
– 0.0 0.06 0.0
live 0.0 0.022 0.0
вечерний 0.0 0.066 0.0
реклама 0.001 0.066 0.0
требование 0.0 0.066 0.0
баннер 0.0 0.066 0.0
безопасно 0.0 0.066 0.0
персональный 0.0 0.066 0.0
обработка 0.0 0.066 0.0
использование 0.0 0.066 0.0
кук 0.0 0.066 0.0
наслать 0.0 0.066 0.0
ошибка 0.0 0.066 0.0
выделить 0.0 0.066 0.0
нажать 0.0 0.066 0.0
ctrl+enter 0.0 0.066 0.0
спасибоgiphyз 0.0 0.066 0.0
гифка 0.0 0.066 0.0
© 0.0 0.0 0.0
