перейти 0.001 0.066 0.0
материал 0.002 0.066 0.0
связь 0.003 0.0 0.0
новостиисторииразборшапитокоронавирусмагаз 0.001 0.066 0.0
медуза 0.013000000000000001 0.066 0.001
рекламаmeduza 0.001 0.066 0.0
in 0.001 0.0 0.0
english 0.001 0.06 0.0
показывать 0.004 0.066 0.0
порядок 0.001 0.066 0.0
en 0.001 0.066 0.0
кнопка 0.001 0.066 0.0
поддержка 0.003 0.066 0.0
новость 0.004 0.357 0.001
война 0.006 0.357 0.002
двадцать 0.001 0.959 0.001
третий 0.001 0.553 0.001
день 0.003 0.167 0.001
онлайн 0.003 0.959 0.003
прямой 0.003 0.658 0.002
эфир 0.003 0.959 0.003
март 0.012 0.284 0.003
данный 0.001 0.097 0.0
сообщение 0.002 0.102 0.0
создать 0.001 0.097 0.0
распространить 0.001 0.102 0.0
иностранный 0.003 0.097 0.0
средство 0.001 0.097 0.0
массовый 0.001 0.097 0.0
информация 0.001 0.102 0.0
выполнять 0.002 0.097 0.0
функция 0.002 0.097 0.0
агент 0.002 0.097 0.0
российский 0.007 0.071 0.0
юридический 0.001 0.102 0.0
лицо 0.001 0.086 0.0
мы 0.003 0.066 0.0
нужный 0.001 0.086 0.0
ваш 0.003 0.081 0.0
помощь 0.001 0.071 0.0
пожалуйста 0.001 0.102 0.0
поддержать 0.002 0.066 0.0
февраль 0.001 0.337 0.0
следить 0.001 0.796 0.001
украина 0.004 0.347 0.001
главный 0.002 0.276 0.001
событие 0.001 0.509 0.001
прочитать 0.003 0.796 0.002
самый 0.001 0.208 0.0
важный 0.001 0.284 0.0
фотография 0.001 0.553 0.001
посмотреть 0.001 0.523 0.001
последний 0.002 0.284 0.001
часы 0.001 1.699 0.002
лужники 0.007 1.523 0.011
выступить 0.001 0.721 0.001
владимир 0.004 0.523 0.002
путин 0.005 0.523 0.003
трансляция 0.002 1.301 0.003
прерваться 0.001 1.523 0.002
закончить 0.002 1.097 0.002
речь 0.002 0.398 0.001
произойти 0.001 0.638 0.001
объяснить 0.002 0.602 0.001
технический 0.002 0.959 0.002
сбой 0.001 1.699 0.002
сервер 0.001 1.699 0.002
банк 0.002 0.959 0.002
россия 0.019000000000000003 0.108 0.002
решить 0.003 0.398 0.001
возобновить 0.002 1.699 0.003
торг 0.004 2.0 0.008
секция 0.003 2.0 0.006
фондовый 0.003 1.699 0.005
рынок 0.004 0.699 0.003
московский 0.004 0.824 0.003
биржа 0.004 1.699 0.007
облигация 0.003 1.699 0.005
федеральный 0.003 0.959 0.003
заём 0.003 2.0 0.006
город 0.002 0.409 0.001
проходить 0.001 0.495 0.0
митинг 0.003 1.0 0.003
честь 0.003 1.222 0.004
годовщина 0.001 1.523 0.002
присоединение 0.002 1.222 0.002
крым 0.002 0.854 0.002
концерт 0.004 1.097 0.004
данные 0.002 0.31 0.001
мвд 0.001 1.398 0.001
прислать 0.001 0.77 0.001
тысяча 0.001 0.31 0.0
человек 0.003 0.092 0.0
власть 0.003 0.31 0.001
киев 0.001 0.699 0.001
заявить 0.003 0.553 0.002
погибнуть 0.002 0.824 0.002
начало 0.002 0.26 0.001
мирный 0.002 0.699 0.001
житель 0.002 0.456 0.001
число 0.001 0.201 0.0
четыре 0.001 0.509 0.001
ребёнок 0.001 0.387 0.0
центробанк 0.001 1.523 0.002
сохранить 0.002 0.796 0.002
ключевой 0.002 0.886 0.002
ставка 0.002 1.222 0.002
уровень 0.002 0.367 0.001
годовой 0.002 1.523 0.003
британский 0.001 0.721 0.001
регулятор 0.002 1.222 0.002
отозвать 0.001 1.155 0.001
лицензия 0.001 0.854 0.001
вещание 0.001 1.398 0.001
телеканал 0.003 0.854 0.003
rt 0.001 0.824 0.001
бывший 0.001 0.699 0.001
вице-премьер 0.001 1.222 0.001
аркадий 0.001 1.523 0.002
дворкович 0.001 1.523 0.002
перестать 0.001 0.678 0.001
возглавлять 0.001 1.301 0.001
фонд 0.001 1.0 0.001
сколково 0.001 1.222 0.001
свой 0.001 0.143 0.0
антивоенный 0.001 0.796 0.001
высказывание 0.001 1.155 0.001
единый 0.002 0.959 0.002
подготовить 0.001 0.854 0.001
поправка 0.001 1.301 0.001
который 0.005 0.071 0.0
предусматривать 0.001 1.398 0.001
уголовный 0.002 0.959 0.002
ответственность 0.001 0.678 0.001
фейк 0.001 1.0 0.001
работа 0.002 0.357 0.001
госорган 0.001 2.0 0.002
рубеж 0.001 1.097 0.001
яблоко 0.001 1.523 0.002
обыск 0.002 1.523 0.003
лев 0.001 1.046 0.001
шлосберг 0.001 1.523 0.002
другой 0.004 0.097 0.0
псковский 0.001 1.699 0.002
член 0.001 0.745 0.001
партия 0.001 0.921 0.001
также 0.001 0.237 0.0
пройти 0.001 0.387 0.0
активист 0.001 1.155 0.001
ввести 0.002 0.538 0.001
военный 0.003 0.444 0.001
цензура 0.001 1.046 0.001
сми 0.001 0.602 0.001
заблокировать 0.003 0.553 0.002
продолжать 0.002 0.292 0.001
работать 0.002 0.102 0.0
какой 0.001 0.357 0.0
способ 0.002 0.602 0.001
оставаться 0.001 0.387 0.0
независимый 0.001 0.409 0.0
издание 0.001 0.481 0.0
интерес 0.001 0.155 0.0
читатель 0.002 0.523 0.001
просить 0.001 0.886 0.001
помочь 0.003 0.125 0.0
наш 0.004 0.337 0.001
редакция 0.003 0.066 0.0
спасибо 0.001 1.222 0.001
заявление 0.003 0.62 0.002
против 0.001 0.229 0.0
несколько 0.001 0.187 0.0
секунда 0.001 1.301 0.001
назад 0.035 0.18 0.006
свозить 0.001 2.0 0.002
массовка 0.001 2.0 0.002
регион 0.001 0.638 0.001
корреспондент 0.003 1.046 0.003
телеграм-канал 0.001 1.222 0.001
мочь 0.004 0.102 0.0
заметить 0.001 0.886 0.001
около 0.001 0.432 0.0
стадион 0.002 1.699 0.003
автобус 0.001 1.222 0.001
буква 0.001 1.046 0.001
z 0.001 1.046 0.001
рязань 0.001 2.0 0.002
наро-фоминск 0.001 2.0 0.002
домодедово 0.001 2.0 0.002
бюджетник 0.001 1.699 0.002
посещение 0.001 1.398 0.001
платить 0.001 1.097 0.001
освободить 0.003 1.301 0.004
пятница 0.001 1.398 0.001
минута 0.004 0.745 0.003
губернатор 0.001 1.222 0.001
сахалинский 0.001 1.699 0.002
область 0.001 0.523 0.001
валерий 0.002 1.222 0.002
лимаренко 0.001 2.0 0.002
сообщить 0.003 0.638 0.002
гибель 0.001 1.398 0.001
контрактник 0.001 2.0 0.002
владивосток 0.001 1.523 0.002
александр 0.001 0.456 0.0
гилев 0.001 2.0 0.002
ранее 0.001 0.62 0.001
италия 0.001 1.046 0.001
вызваться 0.001 1.699 0.002
восстановить 0.001 1.155 0.001
драмтеатр 0.001 1.398 0.001
мариуполь 0.001 0.77 0.001
разрушить 0.001 0.77 0.001
результат 0.002 0.367 0.001
обстрел 0.001 0.678 0.001
видеохостинг 0.001 1.699 0.002
youtube 0.003 0.06 0.0
конец 0.002 0.444 0.001
следующий 0.003 0.553 0.002
неделя 0.002 0.328 0.001
возможно 0.001 0.398 0.0
сегодня 0.004 0.638 0.003
сообщать 0.002 0.921 0.002
риа 0.002 1.301 0.003
ссылка 0.001 0.886 0.001
источник 0.001 0.167 0.0
близкий 0.001 0.347 0.0
роскомнадзор 0.001 1.097 0.001
подробный 0.001 0.569 0.001
волноваха 0.001 1.301 0.001
объявить 0.002 0.553 0.001
войско 0.001 0.678 0.001
днр 0.002 0.959 0.002
один 0.003 0.119 0.0
улица 0.002 0.699 0.001
переименовать 0.002 1.699 0.003
жог 0.002 2.0 0.004
командир 0.001 1.699 0.002
батальон 0.001 1.398 0.001
спарта 0.001 2.0 0.002
посмертно 0.001 2.0 0.002
присвоить 0.001 1.699 0.002
звание 0.001 2.0 0.002
герой 0.001 1.046 0.001
сообщаться 0.001 1.097 0.001
эвакуировать 0.001 1.523 0.002
фото 0.001 0.959 0.001
глава 0.002 0.658 0.001
денис 0.001 1.222 0.001
пушилин 0.001 2.0 0.002
слева 0.001 1.398 0.001
генсек 0.001 2.0 0.002
андрей 0.001 1.046 0.001
турчак 0.001 2.0 0.002
устанавливать 0.001 1.222 0.001
табличка 0.001 1.699 0.002
стурить 0.001 2.0 0.002
тасс 0.002 0.699 0.001
scanpix 0.001 0.301 0.0
leta 0.001 0.301 0.0
час 0.028999999999999998 0.538 0.016
послушать 0.003 1.699 0.005
прямо 0.002 0.357 0.001
весь 0.002 0.114 0.0
мир 0.003 0.26 0.001
делать 0.003 0.18 0.001
армия 0.002 0.721 0.001
страна 0.002 0.155 0.0
украинский 0.003 0.538 0.002
музыкант 0.002 1.301 0.003
составить 0.002 0.658 0.001
гимн 0.002 1.398 0.003
звук 0.004 0.921 0.004
громадська 0.002 1.523 0.003
журналистка 0.003 1.222 0.004
виктория 0.003 1.398 0.004
рощин 0.003 1.523 0.005
попасть 0.001 0.409 0.0
плен 0.001 1.523 0.002
смочь 0.001 0.328 0.0
выйти 0.001 0.456 0.0
стать 0.001 0.149 0.0
известно 0.001 0.481 0.0
свидетель 0.001 1.301 0.001
называть 0.001 0.432 0.0
соображение 0.001 1.398 0.001
безопасность 0.001 0.387 0.0
момент 0.001 0.387 0.0
находиться 0.002 0.367 0.001
бердянск 0.001 1.398 0.001
узнать 0.001 0.481 0.0
накануне 0.001 1.046 0.001
вероятно 0.001 0.699 0.001
задержать 0.002 0.959 0.002
фсб 0.001 1.155 0.001
местопребывание 0.001 2.0 0.002
неизвестно 0.001 0.77 0.001
писать 0.001 0.347 0.0
предпринять 0.001 1.699 0.002
усилие 0.001 1.046 0.001
непубличный 0.001 1.699 0.002
это 0.004 0.066 0.0
принести 0.001 1.046 0.001
обращаться 0.001 0.854 0.001
международный 0.001 0.569 0.001
сообщество 0.001 0.886 0.001
просьба 0.001 0.886 0.001
освобождение 0.001 1.398 0.001
информационный 0.001 0.854 0.001
заместитель 0.001 1.046 0.001
мэр 0.001 0.77 0.001
москва 0.001 0.523 0.001
департамент 0.001 1.097 0.001
транспорт 0.002 0.854 0.002
максим 0.001 0.796 0.001
ликсут 0.001 2.0 0.002
приехать 0.001 0.854 0.001
рекордный 0.001 1.097 0.001
количество 0.001 0.481 0.0
год 0.004 0.119 0.0
столько 0.001 0.921 0.001
время 0.001 0.086 0.0
чм 0.001 2.0 0.002
футбол 0.001 1.699 0.002
справиться 0.001 1.097 0.001
нагрузка 0.001 0.959 0.001
никакой 0.001 0.409 0.0
проблема 0.001 0.347 0.0
возникнуть 0.001 0.77 0.001
avtozak 0.001 2.0 0.002
live 0.002 0.022 0.0
основное 0.002 0.553 0.001
студент 0.001 1.097 0.001
выступление 0.003 0.959 0.003
удаться 0.003 0.456 0.001
показать 0.002 0.432 0.001
полностью 0.001 0.538 0.001
одетый 0.001 1.398 0.001
всё-таки 0.001 0.553 0.001
рассмотреть 0.001 1.301 0.001
набиуллин 0.003 1.699 0.005
обойтись 0.001 1.222 0.001
накладка 0.001 2.0 0.002
отмечать 0.001 0.921 0.001
коллега 0.001 0.796 0.001
телеграм 0.002 1.0 0.002
эльвира 0.001 1.699 0.002
брошь 0.001 2.0 0.002
состояться 0.001 1.301 0.001
плановый 0.001 2.0 0.002
заседание 0.002 1.097 0.002
совет 0.002 0.721 0.001
директор 0.001 0.796 0.001
цб 0.002 1.301 0.003
кредитно-денежный 0.001 2.0 0.002
политика 0.001 0.602 0.001
обычно 0.001 0.523 0.001
давать 0.001 0.31 0.0
пресс-конференция 0.001 1.523 0.002
впервые 0.001 0.824 0.001
ограничиться 0.001 1.523 0.002
рф 0.001 0.745 0.001
котировка 0.001 1.523 0.002
покупать 0.001 0.824 0.001
объём 0.001 1.0 0.001
необходимый 0.001 0.638 0.001
стабилизация 0.001 2.0 0.002
ситуация 0.001 0.337 0.0
затем 0.001 0.678 0.001
намеренный 0.001 1.699 0.002
продать 0.001 1.301 0.001
говориться 0.001 0.796 0.001
возобновление 0.001 2.0 0.002
инструмент 0.001 0.854 0.001
дополнительно 0.001 1.398 0.001
напомнить 0.002 0.699 0.001
вторжение 0.001 0.569 0.001
проводиться 0.001 0.854 0.001
лишь 0.001 0.481 0.0
ограничить 0.001 0.959 0.001
валютный 0.001 1.523 0.002
президент 0.001 0.523 0.001
зеленский 0.001 0.854 0.001
опубликовать 0.001 0.509 0.001
новый 0.003 0.187 0.001
обращение 0.001 1.301 0.001
уверенный 0.001 0.921 0.001
атаковать 0.001 1.046 0.001
оккупант 0.001 1.523 0.002
уничтожить 0.001 1.0 0.001
общество 0.001 0.602 0.001
достигнуть 0.001 0.824 0.001
прошедшее 0.001 1.097 0.001
вернуться 0.001 0.638 0.001
туда 0.001 0.921 0.001
откуда 0.001 1.046 0.001
начать 0.001 0.276 0.0
когда-то 0.001 1.301 0.001
подниматься 0.001 1.523 0.002
лихой 0.001 1.699 0.002
90-й 0.001 1.699 0.002
свобода 0.001 0.77 0.001
рбк 0.001 1.523 0.002
выложить 0.001 1.046 0.001
полный 0.001 0.377 0.0
версия 0.001 0.77 0.001
слово 0.003 0.268 0.001
ушаков 0.003 2.0 0.006
вести 0.001 0.553 0.001
например 0.001 0.229 0.0
такой 0.001 0.114 0.0
говорить 0.005 0.18 0.001
адмирал 0.001 2.0 0.002
получиться 0.002 0.745 0.001
операция 0.001 0.721 0.001
совпасть 0.002 1.398 0.003
совершенно 0.001 0.678 0.001
случайно 0.001 1.222 0.001
рождение 0.001 1.046 0.001
выдающийся 0.001 1.699 0.002
начальник 0.001 1.222 0.001
причислить 0.001 2.0 0.002
лик 0.001 2.0 0.002
святой 0.001 1.699 0.002
фёдор 0.001 1.699 0.002
блестящий 0.001 1.699 0.002
карьера 0.001 1.523 0.002
проиграть 0.001 1.523 0.002
сражение 0.001 2.0 0.002
как-то 0.001 0.699 0.001
сказать 0.001 0.31 0.0
гроза 0.001 2.0 0.002
сей 0.001 0.456 0.0
пойти 0.001 0.509 0.001
слава 0.001 1.301 0.001
газета 0.001 1.046 0.001
спокойно 0.001 0.824 0.001
уйти 0.001 0.77 0.001
сцена 0.004 1.398 0.006
просто 0.001 0.194 0.0
никто 0.001 0.432 0.0
астапкович 0.001 2.0 0.002
pool 0.001 1.523 0.002
ведущий 0.002 0.959 0.002
мария 0.002 1.046 0.002
ситтель 0.001 2.0 0.002
дмитрий 0.001 0.62 0.001
губерний 0.001 2.0 0.002
наталья 0.001 1.097 0.001
подольский 0.001 1.699 0.002
цвет 0.002 1.222 0.002
фуксия 0.002 2.0 0.004
открыть 0.001 0.538 0.001
антарктида 0.001 1.699 0.002
изобрести 0.001 1.523 0.002
лекарство 0.001 0.569 0.001
сибирский 0.001 1.523 0.002
язва 0.001 1.699 0.002
коронавирус 0.001 0.387 0.0
канделаки 0.004 2.0 0.008
сломить 0.001 2.0 0.002
поставить 0.001 0.796 0.001
колено 0.001 1.398 0.001
целый 0.001 0.658 0.001
нация 0.001 1.046 0.001
пытаться 0.001 0.409 0.0
стереть 0.001 1.523 0.002
аккаунт 0.001 1.222 0.001
соцсеть 0.001 0.824 0.001
русский 0.001 0.62 0.001
брать 0.001 0.77 0.001
тина 0.002 1.699 0.003
плащ 0.001 2.0 0.002
рассказывать 0.002 0.337 0.001
родиться 0.001 0.921 0.001
грузия 0.001 1.398 0.001
давно 0.001 0.77 0.001
жить 0.001 0.481 0.0
принимать 0.001 0.432 0.0
любить 0.002 0.921 0.002
захаров 0.003 1.699 0.005
выступать 0.002 0.658 0.001
симоньян 0.002 1.398 0.003
возбудить 0.001 1.523 0.002
дело 0.001 0.252 0.0
санкция 0.001 0.62 0.001
угрожать 0.001 1.046 0.001
расправа 0.001 2.0 0.002
хотеть 0.001 0.102 0.0
повторить 0.001 1.046 0.001
россия-матушка 0.001 2.0 0.002
забрать 0.001 1.046 0.001
донбасс 0.001 0.959 0.001
домой 0.001 0.824 0.001
вызывать 0.001 0.523 0.001
маргарита 0.001 1.222 0.001
начинать 0.001 0.569 0.001
выключаться 0.001 2.0 0.002
жизнь 0.003 0.319 0.001
родина 0.002 1.222 0.002
ура 0.001 1.097 0.001
кричать 0.001 1.155 0.001
подозревать 0.001 1.155 0.001
za 0.004 1.699 0.007
снова 0.001 0.678 0.001
музыкальный 0.001 1.699 0.002
пауза 0.001 1.398 0.001
звучать 0.001 0.959 0.001
песня 0.001 1.097 0.001
украсить 0.001 1.523 0.002
баннер 0.002 0.066 0.0
нацизм 0.001 1.155 0.001
газманов 0.001 1.699 0.002
выключить 0.001 1.523 0.002
скандировать 0.001 1.699 0.002
кодекс 0.001 0.066 0.0
блог 0.001 0.066 0.0
meduzacare 0.001 0.066 0.0
связаться 0.001 0.066 0.0
анонимно 0.001 0.066 0.0
платформа 0.002 0.066 0.0
ios 0.001 0.066 0.0
android 0.001 0.066 0.0
инстаграм 0.001 0.066 0.0
twitter 0.001 0.0 0.0
facebook 0.001 0.0 0.0
вконтакте 0.001 0.066 0.0
meduza 0.002 0.0 0.0
– 0.001 0.06 0.0
вечерний 0.001 0.066 0.0
вообще 0.001 0.066 0.0
реклама 0.002 0.066 0.0
требование 0.001 0.066 0.0
безопасно 0.001 0.066 0.0
персональный 0.001 0.066 0.0
дать 0.001 0.066 0.0
правило 0.001 0.066 0.0
обработка 0.001 0.066 0.0
использование 0.001 0.066 0.0
кук 0.001 0.066 0.0
наслать 0.001 0.066 0.0
ошибка 0.001 0.066 0.0
выделить 0.001 0.066 0.0
нажать 0.001 0.066 0.0
ctrl+enter 0.001 0.066 0.0
спасибоgiphyз 0.001 0.066 0.0
гифка 0.001 0.066 0.0
© 0.001 0.0 0.0
