перейти 0.001 0.066 0.0
материал 0.004 0.066 0.0
связь 0.003 0.0 0.0
новостиисторииразборшапитокоронавирусмагаз 0.001 0.066 0.0
медуза 0.006 0.066 0.0
рекламаmeduza 0.001 0.066 0.0
in 0.001 0.0 0.0
english 0.001 0.06 0.0
показывать 0.001 0.066 0.0
порядок 0.001 0.066 0.0
en 0.001 0.066 0.0
кнопка 0.001 0.066 0.0
поддержка 0.002 0.066 0.0
история 0.005 0.26 0.001
путин 0.006 0.523 0.003
заявлять 0.001 1.0 0.001
хотеть 0.004 0.102 0.0
денацифицировать 0.001 1.699 0.002
украина 0.006 0.347 0.002
однако 0.004 0.337 0.001
многие 0.001 0.284 0.0
год 0.028000000000000004 0.119 0.003
хороший 0.001 0.377 0.0
друг 0.003 0.387 0.001
кремль 0.007 0.824 0.006
европа 0.006 0.495 0.003
ультраправый 0.005 1.523 0.008
крайний 0.001 0.602 0.001
консерватор 0.001 1.699 0.002
откровенный 0.003 1.699 0.005
неофашист 0.001 1.699 0.002
март 0.002 0.284 0.001
источник 0.001 0.167 0.0
тасс 0.002 0.699 0.001
данный 0.001 0.097 0.0
сообщение 0.001 0.102 0.0
создать 0.002 0.097 0.0
распространить 0.001 0.102 0.0
иностранный 0.003 0.097 0.0
средство 0.001 0.097 0.0
массовый 0.001 0.097 0.0
информация 0.001 0.102 0.0
выполнять 0.001 0.097 0.0
функция 0.001 0.097 0.0
агент 0.001 0.097 0.0
российский 0.012000000000000004 0.071 0.001
юридический 0.001 0.102 0.0
лицо 0.002 0.086 0.0
мы 0.002 0.066 0.0
нужный 0.001 0.086 0.0
ваш 0.001 0.081 0.0
помощь 0.003 0.071 0.0
пожалуйста 0.001 0.102 0.0
поддержать 0.002 0.066 0.0
владимир 0.001 0.523 0.001
танцевать 0.001 1.523 0.002
министр 0.002 0.886 0.002
дело 0.003 0.252 0.001
австрия 0.005 1.222 0.006
партия 0.030000000000000002 0.921 0.028
карин 0.002 2.0 0.004
кнайсль 0.002 2.0 0.004
свадьба 0.002 1.699 0.003
впоследствии 0.001 1.301 0.001
войти 0.003 1.155 0.003
совет 0.002 0.721 0.001
директор 0.001 0.796 0.001
роснефть 0.001 2.0 0.002
roland 0.001 2.0 0.002
schlager 0.001 2.0 0.002
pool 0.001 1.523 0.002
epa 0.001 0.959 0.001
scanpix 0.003 0.301 0.001
leta 0.003 0.301 0.001
один 0.005 0.119 0.001
декларировать 0.001 1.699 0.002
цель 0.001 0.745 0.001
нападение 0.001 1.523 0.002
денацификация 0.001 1.699 0.002
страна 0.005 0.155 0.001
официальный 0.003 0.538 0.002
версия 0.001 0.77 0.001
власть 0.001 0.31 0.0
последний 0.004 0.284 0.001
находиться 0.001 0.367 0.0
влияние 0.002 0.921 0.002
неонацист 0.002 2.0 0.004
москва 0.002 0.523 0.001
время 0.003 0.086 0.0
присоединение 0.002 1.222 0.002
крым 0.005 0.854 0.004
больший 0.002 0.328 0.001
германия 0.009000000000000001 0.699 0.006
франция 0.003 0.854 0.003
италия 0.004 1.046 0.004
функционер 0.002 1.699 0.003
этот 0.002 0.137 0.0
приезжать 0.001 0.921 0.001
выборы 0.006 1.222 0.007
донбасс 0.001 0.959 0.001
требовать 0.005 0.658 0.003
отменить 0.001 0.921 0.001
санкция 0.004 0.62 0.002
против 0.004 0.229 0.001
россия 0.009000000000000001 0.108 0.001
дружить 0.002 1.523 0.003
глава 0.002 0.658 0.001
чечня 0.002 1.523 0.003
рамзан 0.001 2.0 0.002
кадыров 0.001 1.699 0.002
идеолог 0.001 2.0 0.002
неоимперство 0.001 2.0 0.002
александр 0.003 0.456 0.001
дугин 0.002 2.0 0.004
православный 0.001 1.398 0.001
бизнесмен 0.002 1.398 0.003
константин 0.002 1.398 0.003
малофеев 0.001 2.0 0.002
судить 0.001 0.585 0.001
утечка 0.002 1.301 0.003
сми 0.001 0.602 0.001
щедро 0.001 1.699 0.002
вознаграждаться 0.001 2.0 0.002
позиция 0.002 0.745 0.001
многий 0.001 0.495 0.0
вопрос 0.002 0.276 0.001
напоминать 0.001 0.921 0.001
идея 0.001 0.585 0.001
украинский 0.005 0.538 0.003
крайне 0.001 0.721 0.001
правый 0.006 1.046 0.006
который 0.012000000000000002 0.071 0.001
слово 0.002 0.268 0.001
итог 0.002 0.509 0.001
вообще 0.002 0.066 0.0
попасть 0.001 0.409 0.0
верховный 0.001 2.0 0.002
рада 0.001 1.398 0.001
защита 0.002 0.569 0.001
традиционный 0.001 1.222 0.001
ценность 0.001 0.959 0.001
неприятие 0.001 1.699 0.002
мигрант 0.002 2.0 0.004
тот 0.003 0.131 0.0
иной 0.002 0.921 0.002
степень 0.001 0.658 0.001
пересмотр 0.001 1.523 0.002
общественный 0.001 0.745 0.001
консенсус 0.001 1.398 0.001
вокруг 0.001 0.721 0.001
второй 0.002 0.357 0.001
мировой 0.001 0.721 0.001
война 0.004 0.357 0.001
рассказывать 0.002 0.337 0.001
главный 0.002 0.276 0.001
альтернатива 0.006 1.046 0.006
адг 0.004 2.0 0.008
бывший 0.004 0.699 0.003
сопредседатель 0.001 1.699 0.002
александер 0.001 2.0 0.002
гауланда 0.001 2.0 0.002
imago 0.001 1.699 0.002
images/ipon 0.001 2.0 0.002
появиться 0.003 0.367 0.001
объединение 0.002 1.301 0.003
евроскептик 0.001 2.0 0.002
выступать 0.004 0.658 0.003
отказ 0.001 0.77 0.001
евро 0.003 1.301 0.004
возвращение 0.001 1.155 0.001
немецкий 0.007 0.699 0.005
марка 0.001 1.699 0.002
разворот 0.001 2.0 0.002
экономика 0.001 0.796 0.001
сосед 0.001 1.155 0.001
евросоюз 0.003 0.886 0.003
решение 0.002 0.347 0.001
собственный 0.001 0.569 0.001
проблема 0.003 0.347 0.001
разгореться 0.001 1.699 0.002
миграционный 0.001 1.155 0.001
кризис 0.001 0.921 0.001
ангела 0.001 2.0 0.002
меркель 0.001 1.699 0.002
открыть 0.001 0.538 0.001
граница 0.002 0.658 0.001
беженец 0.002 1.155 0.002
ближний 0.001 1.222 0.001
восток 0.002 0.886 0.002
резко 0.001 0.854 0.001
сдвинуться 0.001 1.699 0.002
вправо 0.001 2.0 0.002
стать 0.006 0.149 0.001
называть 0.006 0.432 0.003
тема 0.001 0.678 0.001
первый 0.003 0.143 0.0
очередь 0.001 0.538 0.001
закрытие 0.001 1.523 0.002
прекращение 0.001 1.097 0.001
исламизация 0.001 2.0 0.002
одновременно 0.001 0.796 0.001
частность 0.002 0.678 0.001
легализациигея-брак 0.001 2.0 0.002
высказываться 0.001 1.155 0.001
лидер 0.004 0.886 0.004
прошлое 0.001 1.046 0.001
основатель 0.001 1.222 0.001
нацистский 0.002 1.301 0.003
режим 0.001 0.658 0.001
лишь 0.001 0.481 0.0
капля 0.001 1.301 0.001
птичий 0.001 1.523 0.002
помета 0.001 2.0 0.002
тысячелетний 0.001 2.0 0.002
особый 0.002 0.745 0.001
популярность 0.001 1.222 0.001
добиться 0.002 1.046 0.002
территория 0.002 0.62 0.001
социалистический 0.001 2.0 0.002
гдр 0.001 1.523 0.002
добиваться 0.001 1.301 0.001
сенсационный 0.001 2.0 0.002
результат 0.001 0.367 0.0
например 0.001 0.229 0.0
региональный 0.001 1.0 0.001
саксония 0.001 2.0 0.002
западный 0.002 0.553 0.001
земля 0.002 0.796 0.002
обычно 0.001 0.523 0.001
дотягивать 0.001 2.0 0.002
голос 0.001 1.301 0.001
населить 0.001 1.398 0.001
запад 0.001 0.678 0.001
смочь 0.001 0.328 0.0
успех 0.003 0.921 0.003
общефедеральный 0.001 2.0 0.002
сторонник 0.001 1.0 0.001
ведомство 0.001 0.796 0.001
федеральный 0.002 0.959 0.002
канцлер 0.002 1.523 0.003
берлин 0.001 1.046 0.001
fabrizio 0.001 2.0 0.002
bensch 0.001 2.0 0.002
reuters 0.001 0.745 0.001
почему 0.002 0.337 0.001
самый 0.003 0.208 0.001
обсуждать 0.001 0.745 0.001
политика 0.003 0.602 0.002
коротко 0.001 0.824 0.001
действительно 0.001 0.377 0.0
партийный 0.001 1.699 0.002
структура 0.002 0.745 0.001
особенно 0.001 0.553 0.001
работать 0.002 0.102 0.0
множество 0.001 0.796 0.001
активный 0.001 0.796 0.001
участник 0.002 0.658 0.001
выходец 0.001 2.0 0.002
праворадикальный 0.002 2.0 0.004
начало 0.001 0.26 0.0
суд 0.003 1.097 0.003
кёльн 0.001 2.0 0.002
разрешить 0.002 0.886 0.002
спецслужба 0.001 1.398 0.001
вести 0.002 0.553 0.001
наблюдение 0.001 0.886 0.001
счесть 0.001 1.398 0.001
обоснованный 0.001 1.155 0.001
подозрение 0.001 1.046 0.001
заниматься 0.001 0.62 0.001
экстремистский 0.001 1.222 0.001
деятельность 0.001 0.854 0.001
случай 0.003 0.194 0.001
это 0.006 0.066 0.0
пониматься 0.001 2.0 0.002
фундаментальный 0.001 1.301 0.001
отрицание 0.001 1.523 0.002
демократический 0.001 1.523 0.002
устройство 0.001 1.301 0.001
общество 0.001 0.602 0.001
закрепить 0.001 1.523 0.002
основное 0.001 0.553 0.001
закон 0.002 0.658 0.001
несколько 0.001 0.187 0.0
представитель 0.002 0.638 0.001
обратиться 0.001 0.658 0.001
требование 0.002 0.066 0.0
запретить 0.001 0.77 0.001
публично 0.002 1.046 0.002
удовлетворение 0.001 2.0 0.002
иск 0.001 1.699 0.002
отказать 0.001 1.155 0.001
суть 0.001 0.959 0.001
официально 0.001 0.959 0.001
использовать 0.002 0.319 0.001
определение 0.003 1.222 0.004
связать 0.002 0.469 0.001
настолько 0.001 0.886 0.001
очевидный 0.001 0.678 0.001
видеть 0.001 0.444 0.0
новость 0.001 0.357 0.0
ехать 0.001 1.0 0.001
депутат 0.005 1.155 0.006
вероятность 0.001 0.602 0.001
близкий 0.003 0.347 0.001
стопроцентный 0.001 1.699 0.002
иметься 0.001 0.77 0.001
вид 0.001 0.398 0.0
именно 0.002 0.244 0.0
член 0.003 0.745 0.002
качество 0.001 0.553 0.001
наблюдатель 0.002 1.523 0.003
президентский 0.001 1.523 0.002
счёт 0.002 0.721 0.001
бюджет 0.001 1.301 0.001
съездить 0.001 1.699 0.002
восемь 0.001 0.854 0.001
бундестаг 0.003 1.222 0.004
несмотря 0.001 0.456 0.0
европейский 0.003 0.602 0.002
включая 0.001 0.959 0.001
признать 0.003 0.658 0.002
полуостров 0.001 2.0 0.002
делегация 0.001 1.398 0.001
гуннар 0.001 2.0 0.002
линдеманна 0.001 2.0 0.002
здание 0.001 0.854 0.001
госсовет 0.001 1.523 0.002
республика 0.002 0.921 0.002
симферополь 0.001 2.0 0.002
февраль 0.001 0.337 0.0
сергей 0.001 0.796 0.001
мальгавкий 0.001 1.699 0.002
расследованиецентр 0.001 2.0 0.002
досье 0.001 1.301 0.001
фрагмент 0.001 1.155 0.001
аналитический 0.001 1.155 0.001
записка 0.001 1.523 0.002
переписка 0.001 1.222 0.001
чиновник 0.002 1.0 0.002
речь 0.001 0.398 0.0
идти 0.001 0.222 0.0
маркус 0.002 2.0 0.004
фронмайер 0.004 2.0 0.008
предлагаться 0.002 1.301 0.003
парламент 0.003 1.301 0.004
свой 0.005 0.143 0.001
абсолютно 0.001 0.721 0.001
подконтрольный 0.001 1.301 0.001
женатый 0.001 1.523 0.002
россиянка 0.002 1.699 0.003
избрать 0.001 2.0 0.002
осень 0.001 1.0 0.001
2021-го 0.001 1.155 0.001
публикация 0.002 0.796 0.002
просто 0.002 0.194 0.0
пресс-секретарь 0.001 1.155 0.001
помощник 0.001 1.398 0.001
мануэль 0.001 2.0 0.002
оксенрайтер 0.002 2.0 0.004
подозревать 0.001 1.155 0.001
организация 0.001 0.509 0.001
поджог 0.001 2.0 0.002
венгерский 0.002 1.523 0.003
культурный 0.001 1.046 0.001
центр 0.002 0.432 0.001
ужгород 0.001 2.0 0.002
якобы 0.001 0.854 0.001
настроить 0.001 1.0 0.001
местный 0.001 0.602 0.001
меньшинство 0.001 1.699 0.002
предполагаться 0.001 1.301 0.001
обвинить 0.001 1.301 0.001
преступление 0.001 1.046 0.001
сбежать 0.001 1.398 0.001
умереть 0.001 0.638 0.001
последствие 0.001 0.523 0.001
инфаркт 0.001 1.523 0.002
лето 0.001 1.046 0.001
встреча 0.003 1.0 0.003
президент 0.001 0.523 0.001
южный 0.001 0.854 0.001
осетия 0.001 1.699 0.002
вице-мэр 0.001 2.0 0.002
австрийский 0.006 2.0 0.012
линц 0.001 2.0 0.002
ялта 0.001 2.0 0.002
фадеичев/тасс 0.001 2.0 0.002
говорить 0.003 0.18 0.001
нынешний 0.001 0.77 0.001
элис 0.001 2.0 0.002
вайдель 0.001 2.0 0.002
тин 0.001 2.0 0.002
хрупалла 0.001 2.0 0.002
заявить 0.003 0.553 0.002
оно 0.001 0.444 0.0
оправдать 0.001 1.222 0.001
ничто 0.001 1.097 0.001
сохранять 0.001 1.046 0.001
нейтралитет 0.002 1.699 0.003
занимать 0.002 1.0 0.002
сторона 0.002 0.347 0.001
являться 0.001 0.602 0.001
наш 0.001 0.337 0.0
враг 0.001 1.046 0.001
занять 0.002 0.921 0.002
нейтральный 0.001 1.301 0.001
искать 0.001 0.678 0.001
диалог 0.001 1.301 0.001
весь 0.002 0.114 0.0
конфликт 0.002 0.959 0.002
поздний 0.001 0.745 0.001
фракция 0.001 2.0 0.002
мекленбург 0.001 2.0 0.002
передний 0.001 2.0 0.002
померания 0.001 2.0 0.002
отказаться 0.001 0.62 0.001
вооружённый 0.001 1.0 0.001
настаивать 0.001 1.222 0.001
публиковать 0.001 0.638 0.001
страница 0.001 0.959 0.001
фейсбук 0.001 1.0 0.001
лозунг 0.001 1.398 0.001
вроде 0.001 0.658 0.001
поместиться 0.001 2.0 0.002
национальный 0.005 0.77 0.004
фронт 0.005 1.155 0.006
жан-мари 0.002 2.0 0.004
ле 0.005 2.0 0.01
пен 0.004 2.0 0.008
дочь 0.002 0.886 0.002
марин 0.003 1.699 0.005
eric 0.001 1.699 0.002
gaillard 0.001 2.0 0.002
старый 0.002 0.658 0.001
успешный 0.001 1.046 0.001
национал-патриотический 0.001 2.0 0.002
современный 0.001 0.959 0.001
основать 0.002 0.921 0.002
момент 0.002 0.387 0.001
известный 0.001 0.569 0.001
быть 0.001 0.215 0.0
взять 0.001 0.553 0.001
отпуск 0.001 2.0 0.002
участие 0.001 0.638 0.001
боевой 0.001 0.77 0.001
действие 0.001 0.409 0.0
алжир 0.001 1.523 0.002
десятилетие 0.001 1.155 0.001
существование 0.001 0.886 0.001
образец 0.001 1.398 0.001
новый 0.004 0.187 0.001
объединять 0.001 1.301 0.001
программа 0.001 0.824 0.001
евроскептицизм 0.002 2.0 0.004
исламофобия 0.001 2.0 0.002
какой-то 0.001 0.328 0.0
высказывание 0.001 1.155 0.001
пена 0.001 2.0 0.002
слишком 0.001 0.553 0.001
отдавать 0.001 1.398 0.001
антисемитизм 0.001 1.699 0.002
избавиться 0.001 1.155 0.001
радикальный 0.001 1.523 0.002
репутация 0.001 1.222 0.001
возглавить 0.001 1.699 0.002
некоторый 0.001 0.222 0.0
смысл 0.001 0.481 0.0
сохраниться 0.001 1.155 0.001
память 0.001 1.398 0.001
депортация 0.001 1.699 0.002
три 0.001 0.569 0.001
миллион 0.002 0.495 0.001
неевропеец 0.001 2.0 0.002
умеренный 0.002 1.398 0.003
депортировать 0.001 2.0 0.002
нелегальный 0.001 2.0 0.002
миграция 0.001 1.523 0.002
существенно 0.001 0.721 0.001
ограничить 0.001 0.959 0.001
десять 0.001 0.585 0.001
назад 0.002 0.18 0.0
выход 0.001 0.796 0.001
еврозона 0.001 2.0 0.002
нато 0.001 0.959 0.001
смягчить 0.001 1.398 0.001
политолог 0.001 1.398 0.001
удаться 0.002 0.456 0.001
перевести 0.001 1.097 0.001
двадцать 0.001 0.959 0.001
век 0.001 1.046 0.001
учёный 0.001 0.569 0.001
по-прежнему 0.001 0.824 0.001
спор 0.001 1.046 0.001
стоить 0.001 0.469 0.0
популистский 0.001 2.0 0.002
сохранить 0.001 0.796 0.001
разница 0.001 0.77 0.001
популист 0.002 2.0 0.004
радикал 0.001 1.699 0.002
понять 0.001 0.495 0.0
политик 0.002 1.155 0.002
насколько 0.001 0.42 0.0
опасный 0.001 0.699 0.001
инструкция 0.001 0.699 0.001
отличие 0.002 0.699 0.001
косвенный 0.001 1.155 0.001
признак 0.001 0.959 0.001
достоверно 0.001 1.155 0.001
известно 0.001 0.481 0.0
сентябрь 0.001 0.824 0.001
кредит 0.002 1.699 0.003
размер 0.001 1.097 0.001
примерно 0.001 0.585 0.001
российско-чешский 0.001 2.0 0.002
банк 0.001 0.959 0.001
связывать 0.001 1.699 0.002
олигарх 0.003 1.222 0.004
геннадий 0.001 1.699 0.002
тимченко 0.001 1.699 0.002
по-видимому 0.001 0.959 0.001
контакт 0.001 0.886 0.001
французский 0.003 1.097 0.003
националист 0.001 1.301 0.001
отвечать 0.002 0.456 0.001
человек 0.003 0.092 0.0
лоббист 0.001 2.0 0.002
жан-люк 0.001 2.0 0.002
шаффхаузер 0.002 2.0 0.004
помогать 0.001 0.444 0.0
компания 0.001 0.444 0.0
выстроить 0.001 1.155 0.001
бизнес 0.001 0.824 0.001
бабаков 0.002 2.0 0.004
заместитель 0.001 1.046 0.001
захар 0.001 2.0 0.002
прилепин 0.001 2.0 0.002
родина 0.001 1.222 0.001
посредник 0.002 1.222 0.002
выдача 0.001 1.523 0.002
получить 0.001 0.328 0.0
комиссионный 0.001 2.0 0.002
менее 0.001 0.432 0.0
тысяча 0.001 0.31 0.0
би-би-си 0.001 1.523 0.002
ссылаться 0.001 1.155 0.001
число 0.002 0.201 0.0
кремлёвский 0.001 1.699 0.002
считать 0.002 0.319 0.001
мочь 0.001 0.102 0.0
благодарность 0.001 2.0 0.002
последовательно 0.001 1.398 0.001
признание 0.001 1.046 0.001
ездить 0.001 1.097 0.001
донецк 0.002 1.301 0.003
самопровозглашённый 0.001 1.523 0.002
днр 0.001 0.959 0.001
европарламент 0.001 1.523 0.002
голосовать 0.001 2.0 0.002
евроинтеграция 0.001 2.0 0.002
советский 0.001 0.959 0.001
касаться 0.001 0.553 0.001
фбк 0.001 2.0 0.002
алексей 0.002 0.886 0.002
навальный 0.001 1.222 0.001
обнаружить 0.001 0.658 0.001
незадекларировать 0.001 2.0 0.002
поместье 0.001 2.0 0.002
квартира 0.001 1.0 0.001
метр 0.001 1.699 0.002
эйфелевый 0.001 2.0 0.002
башня 0.001 1.699 0.002
справа 0.001 1.301 0.001
пресс-конференция 0.001 1.523 0.002
михаил 0.001 0.921 0.001
соколов/тасс 0.001 2.0 0.002
вторжение 0.003 0.569 0.002
войско 0.001 0.678 0.001
пять 0.001 0.432 0.0
принимать 0.002 0.432 0.001
согласиться 0.001 1.301 0.001
оставаться 0.001 0.387 0.0
необходимо 0.001 0.585 0.001
газ 0.001 1.097 0.001
нефть 0.002 1.699 0.003
значит 0.001 0.444 0.0
наказать 0.001 1.301 0.001
сам 0.001 0.137 0.0
француз 0.001 2.0 0.002
лига 0.004 2.0 0.008
север 0.002 1.301 0.003
маттео 0.003 2.0 0.006
сальвини 0.005 2.0 0.01
ток-шоу 0.001 1.523 0.002
porta 0.001 2.0 0.002
a 0.001 0.699 0.001
итальянский 0.002 1.523 0.003
телеканал 0.001 0.854 0.001
rai 0.001 2.0 0.002
zuma 0.001 1.398 0.001
долгий 0.002 0.745 0.001
отделение 0.001 1.046 0.001
трудолюбивый 0.001 2.0 0.002
северный 0.001 0.824 0.001
регион 0.001 0.638 0.001
богатый 0.001 1.398 0.001
преимущественно 0.001 1.222 0.001
индустриальный 0.001 1.523 0.002
ленивый 0.001 2.0 0.002
южанин 0.001 2.0 0.002
2010-м 0.001 2.0 0.002
трансформироваться 0.001 1.699 0.002
общенациональный 0.001 1.699 0.002
ультраконсервативный 0.001 2.0 0.002
сила 0.001 0.456 0.0
агитационный 0.001 2.0 0.002
сократить 0.001 1.222 0.001
название 0.002 0.745 0.001
единомышленник 0.001 1.398 0.001
правящий 0.001 2.0 0.002
коалиция 0.001 1.699 0.002
2018-2019 0.001 2.0 0.002
внутренний 0.002 0.745 0.001
вице-премьер 0.001 1.222 0.001
нацфронт 0.001 2.0 0.002
идеологический 0.001 1.222 0.001
платформа 0.002 0.066 0.0
сочетание 0.001 1.097 0.001
патриотизм 0.002 2.0 0.004
антиисламизм 0.002 2.0 0.004
двигаться 0.001 0.921 0.001
политический 0.001 0.658 0.001
наоборот 0.001 0.824 0.001
избиратель 0.001 1.523 0.002
право 0.001 0.538 0.001
фланг 0.001 1.699 0.002
обращаться 0.001 0.854 0.001
теория 0.001 1.0 0.001
заговор 0.001 1.398 0.001
приток 0.001 2.0 0.002
часть 0.001 0.377 0.0
план 0.001 0.658 0.001
калерг 0.001 2.0 0.002
замена 0.001 1.222 0.001
белый 0.001 1.0 0.001
европеец 0.001 1.398 0.001
американский 0.002 0.585 0.001
филантроп 0.001 1.523 0.002
миллионер 0.001 2.0 0.002
джордж 0.001 1.301 0.001
сорос 0.001 1.523 0.002
руководить 0.001 1.398 0.001
движение 0.001 0.921 0.001
африка 0.001 1.222 0.001
журналист 0.002 0.481 0.001
джованни 0.001 1.699 0.002
савино 0.001 2.0 0.002
слева 0.001 1.398 0.001
пленарный 0.001 2.0 0.002
заседание 0.001 1.097 0.001
госдума 0.001 1.046 0.001
октябрь 0.001 0.796 0.001
шалгина 0.001 2.0 0.002
издание 0.001 0.481 0.0
buzzfeed 0.001 2.0 0.002
опубликовать 0.002 0.509 0.001
расшифровка 0.001 2.0 0.002
беседа 0.001 1.222 0.001
трое 0.001 1.523 0.002
неназванный 0.001 1.699 0.002
московский 0.001 0.824 0.001
отель 0.001 1.523 0.002
метрополь 0.002 2.0 0.004
соратник 0.001 1.398 0.001
джанлука 0.001 2.0 0.002
савоиня 0.001 2.0 0.002
рабочий 0.001 0.886 0.001
стол 0.001 1.0 0.001
висеть 0.001 1.301 0.001
портрет 0.001 1.523 0.002
адольф 0.001 2.0 0.002
гитлер 0.002 1.097 0.002
собираться 0.001 0.602 0.001
построить 0.001 1.097 0.001
должный 0.003 0.201 0.001
поскольку 0.001 0.678 0.001
обрести 0.001 1.699 0.002
подлинный 0.001 1.699 0.002
суверенитет 0.001 1.398 0.001
итальянец 0.002 2.0 0.004
обещать 0.002 0.921 0.002
пророссийский 0.001 1.222 0.001
альянс 0.001 2.0 0.002
помимо 0.001 0.796 0.001
прочее 0.001 1.222 0.001
решить 0.001 0.398 0.0
ответ 0.001 0.432 0.0
собеседник 0.001 1.097 0.001
предложить 0.001 0.699 0.001
бенефициар 0.001 2.0 0.002
выгодный 0.001 1.523 0.002
сделка 0.001 1.398 0.001
покупка 0.001 1.523 0.002
полтора 0.001 0.959 0.001
миллиард 0.001 1.046 0.001
около 0.001 0.432 0.0
деньга 0.002 0.602 0.001
поступить 0.001 0.921 0.001
доказательство 0.001 0.824 0.001
запись 0.001 1.0 0.001
реальный 0.001 0.638 0.001
демонстрация 0.001 1.398 0.001
прикрытие 0.001 1.523 0.002
обмен 0.002 1.097 0.002
бескорыстно 0.001 2.0 0.002
поддерживать 0.001 0.569 0.001
внешний 0.001 0.959 0.001
посетить 0.001 1.523 0.002
появляться 0.001 0.658 0.001
публика 0.001 1.398 0.001
футболка 0.002 1.398 0.003
призыв 0.001 0.854 0.001
войцех 0.001 2.0 0.002
бакун 0.001 2.0 0.002
мэр 0.001 0.77 0.001
польский 0.001 1.301 0.001
пшемыслить 0.001 1.699 0.002
пытаться 0.001 0.409 0.0
надеть 0.001 1.301 0.001
посещение 0.001 1.398 0.001
приём 0.001 0.921 0.001
darek 0.001 2.0 0.002
delmanowicz 0.001 2.0 0.002
сосредоточить 0.001 1.398 0.001
день 0.002 0.167 0.0
твиттер 0.002 1.222 0.002
активно 0.001 0.77 0.001
призывать 0.001 1.046 0.001
мир 0.002 0.26 0.001
подвергнуться 0.001 1.398 0.001
атака 0.001 0.959 0.001
осудить 0.001 1.523 0.002
всякий 0.001 0.921 0.001
„ 0.001 0.62 0.001
“ 0.001 0.432 0.0
сказать 0.001 0.31 0.0
заявление 0.002 0.62 0.001
принести 0.001 1.046 0.001
цветок 0.001 1.523 0.002
посольство 0.001 1.398 0.001
рим 0.001 1.699 0.002
воздерживаться 0.001 1.699 0.002
открытый 0.001 0.886 0.001
критика 0.001 1.222 0.001
обилие 0.001 2.0 0.002
фотография 0.001 0.553 0.001
солдат 0.001 0.886 0.001
довольно 0.001 0.523 0.001
красноречивый 0.001 2.0 0.002
свобода 0.004 0.77 0.003
предвыборный 0.001 2.0 0.002
плакат 0.001 1.097 0.001
остановить 0.001 0.523 0.001
безумие 0.001 1.398 0.001
ес 0.001 1.0 0.001
хайнец-кристиан 0.001 2.0 0.002
штрах 0.003 2.0 0.006
подрисовать 0.001 2.0 0.002
усик 0.001 2.0 0.002
anton 0.001 1.699 0.002
fric 0.001 2.0 0.002
bloomberg 0.001 1.046 0.001
getty 0.001 0.886 0.001
images 0.001 0.796 0.001
вскоре 0.001 1.0 0.001
вплоть 0.001 1.222 0.001
девяностый 0.001 1.398 0.001
контролироваться 0.001 1.398 0.001
практически 0.001 0.602 0.001
скрывать 0.001 1.222 0.001
убеждение 0.001 1.398 0.001
руководящий 0.001 2.0 0.002
орган 0.001 0.886 0.001
состоять 0.001 0.959 0.001
вермахт 0.001 2.0 0.002
офицер 0.001 1.523 0.002
сс 0.001 2.0 0.002
руководство 0.002 0.796 0.002
харизматичный 0.001 2.0 0.002
йорг 0.001 2.0 0.002
хайдер 0.001 2.0 0.002
третий 0.001 0.553 0.001
место 0.001 0.409 0.0
парламентский 0.001 2.0 0.002
пара 0.001 0.658 0.001
расколоться 0.001 1.523 0.002
пройти 0.001 0.387 0.0
процесс 0.001 0.538 0.001
болезненный 0.001 1.301 0.001
трансформация 0.001 2.0 0.002
прежде 0.001 0.62 0.001
повторить 0.001 1.046 0.001
вновь 0.001 1.155 0.001
правительство 0.002 0.678 0.001
исповедовать 0.001 2.0 0.002
покинуть 0.002 0.745 0.001
причём 0.001 0.62 0.001
австриец 0.001 1.699 0.002
немец 0.001 1.155 0.001
народ 0.001 0.745 0.001
пример 0.001 0.585 0.001
высокий 0.001 0.495 0.0
делать 0.001 0.18 0.0
дух 0.001 1.398 0.001
неонацизм 0.001 2.0 0.002
экстремизм 0.002 1.523 0.003
выйти 0.002 0.456 0.001
брошюра 0.001 1.699 0.002
апс 0.001 2.0 0.002
единичный 0.001 1.097 0.001
задокументировать 0.001 1.523 0.002
такой 0.002 0.114 0.0
произойти 0.001 0.638 0.001
заголовок 0.001 1.523 0.002
образ 0.001 0.553 0.001
нередкий 0.001 1.699 0.002
типичный 0.001 1.699 0.002
правоэкстремистский 0.001 2.0 0.002
постоянно 0.001 0.62 0.001
присутствовать 0.001 1.097 0.001
уровень 0.001 0.367 0.0
оказывать 0.001 1.046 0.001
необычный 0.001 1.301 0.001
мерка 0.001 1.301 0.001
русофильский 0.001 2.0 0.002
конец 0.002 0.444 0.001
другой 0.001 0.097 0.0
отправлять 0.001 1.0 0.001
кадыровский 0.001 2.0 0.002
вернуться 0.001 0.638 0.001
полный 0.001 0.377 0.0
восторг 0.001 2.0 0.002
заключать 0.001 1.222 0.001
союз 0.001 0.886 0.001
единый 0.001 0.959 0.001
предлагать 0.001 0.602 0.001
направлять 0.001 1.398 0.001
делегировать 0.001 2.0 0.002
участвовать 0.001 0.569 0.001
большой 0.001 0.347 0.0
конференция 0.001 1.398 0.001
вена 0.001 1.699 0.002
пригласить 0.001 1.398 0.001
малофей 0.001 2.0 0.002
разумеется 0.001 1.398 0.001
снять 0.001 1.222 0.001
август 0.002 0.854 0.002
разлететься 0.001 1.398 0.001
кадр 0.001 1.097 0.001
июнь 0.001 0.699 0.001
колумнистка 0.001 1.699 0.002
rt 0.001 0.824 0.001
комментарий 0.001 1.046 0.001
гамлитц 0.001 2.0 0.002
дружинин 0.001 2.0 0.002
sputnik 0.001 1.699 0.002
afp 0.001 0.854 0.001
пожалуй 0.001 1.523 0.002
ключевой 0.001 0.886 0.001
неоднозначный 0.001 2.0 0.002
эпизод 0.001 1.222 0.001
видеоматериал 0.001 2.0 0.002
йоханна 0.001 1.699 0.002
гуденус 0.002 2.0 0.004
остров 0.001 1.222 0.001
ибица 0.001 2.0 0.002
племянница 0.001 2.0 0.002
имя 0.001 0.585 0.001
называться 0.001 0.699 0.001
продемонстрировать 0.001 1.155 0.001
удивительный 0.001 2.0 0.002
пренебрежение 0.001 2.0 0.002
готовность 0.001 1.301 0.001
коррупция 0.001 1.523 0.002
разный 0.001 0.276 0.0
род 0.001 0.77 0.001
махинация 0.001 2.0 0.002
финансовый 0.001 1.046 0.001
собеседница 0.001 2.0 0.002
предоставление 0.001 1.523 0.002
государственный 0.001 0.523 0.001
подряд 0.001 1.301 0.001
строительство 0.001 1.301 0.001
также 0.001 0.237 0.0
купить 0.001 0.796 0.001
половина 0.001 0.721 0.001
акция 0.001 0.745 0.001
популярный 0.001 0.854 0.001
таблоид 0.001 2.0 0.002
kronen 0.001 2.0 0.002
zeitung 0.001 2.0 0.002
рупор 0.001 1.222 0.001
вице-канцлер 0.002 2.0 0.004
уйти 0.001 0.77 0.001
отставка 0.001 1.523 0.002
из-за 0.001 0.229 0.0
переговоры 0.001 0.921 0.001
просить 0.001 0.886 0.001
огромный 0.001 0.721 0.001
пост 0.001 0.638 0.001
зам 0.001 2.0 0.002
оба 0.001 0.62 0.001
вынудить 0.001 0.886 0.001
подать 0.001 1.046 0.001
смениться 0.001 1.699 0.002
обидный 0.001 1.699 0.002
девушка 0.001 0.959 0.001
представиться 0.001 1.523 0.002
алёна 0.001 2.0 0.002
макаров 0.001 1.523 0.002
настоящий 0.001 0.585 0.001
родственница 0.001 1.699 0.002
инсценировка 0.001 2.0 0.002
подготовить 0.001 0.854 0.001
детектив 0.001 1.699 0.002
активист 0.001 1.155 0.001
дискредитация 0.001 1.222 0.001
введение 0.001 0.658 0.001
обосновывать 0.001 2.0 0.002
приверженность 0.001 1.699 0.002
прописать 0.001 1.398 0.001
конституция 0.001 1.301 0.001
раскалывать 0.001 1.699 0.002
лагерь 0.001 1.699 0.002
греческий 0.001 1.699 0.002
неонацистский 0.002 2.0 0.004
симпатизировать 0.001 1.699 0.002
греция 0.002 1.301 0.003
окончательно 0.001 1.301 0.001
разгромить 0.001 1.523 0.002
золотой 0.001 1.301 0.001
заря 0.001 1.699 0.002
восхищаться 0.001 1.699 0.002
убивать 0.001 0.824 0.001
мешать 0.001 0.824 0.001
заседать 0.001 1.699 0.002
24/7 0.001 0.102 0.0
интерес 0.001 0.155 0.0
читателейн 0.001 0.174 0.0
срочно 0.001 0.167 0.0
помочь 0.001 0.125 0.0
дмитрий 0.001 0.62 0.001
вачединый 0.001 1.398 0.001
редакция 0.001 0.066 0.0
кодекс 0.001 0.066 0.0
блог 0.001 0.066 0.0
meduzacare 0.001 0.066 0.0
связаться 0.001 0.066 0.0
анонимно 0.001 0.066 0.0
ios 0.001 0.066 0.0
android 0.001 0.066 0.0
инстаграм 0.001 0.066 0.0
twitter 0.001 0.0 0.0
facebook 0.001 0.0 0.0
вконтакте 0.001 0.066 0.0
youtube 0.001 0.06 0.0
meduza 0.001 0.0 0.0
– 0.001 0.06 0.0
live 0.001 0.022 0.0
вечерний 0.001 0.066 0.0
реклама 0.001 0.066 0.0
баннер 0.001 0.066 0.0
безопасно 0.001 0.066 0.0
персональный 0.001 0.066 0.0
дать 0.001 0.066 0.0
правило 0.001 0.066 0.0
обработка 0.001 0.066 0.0
использование 0.001 0.066 0.0
кук 0.001 0.066 0.0
наслать 0.001 0.066 0.0
ошибка 0.001 0.066 0.0
выделить 0.001 0.066 0.0
нажать 0.001 0.066 0.0
ctrl+enter 0.001 0.066 0.0
спасибоgiphyз 0.001 0.066 0.0
гифка 0.001 0.066 0.0
© 0.001 0.0 0.0
