перейти 0.001 0.066 0.0
материал 0.004 0.066 0.0
связь 0.001 0.0 0.0
новостиисторииразборшапитокоронавирусмагаз 0.001 0.066 0.0
медуза 0.008 0.066 0.001
рекламаmeduza 0.001 0.066 0.0
in 0.001 0.0 0.0
english 0.001 0.06 0.0
показывать 0.001 0.066 0.0
порядок 0.001 0.066 0.0
en 0.001 0.066 0.0
кнопка 0.001 0.066 0.0
поддержка 0.002 0.066 0.0
история 0.001 0.26 0.0
австрия 0.004 1.222 0.005
начаться 0.002 0.367 0.001
локдаун 0.002 1.155 0.002
бавария 0.003 1.523 0.005
ситуация 0.004 0.337 0.001
ковид 0.003 0.387 0.001
объявить 0.001 0.553 0.001
катастрофический 0.001 1.699 0.002
низкий 0.002 0.638 0.001
темп 0.002 0.959 0.002
вакцинация 0.011 0.553 0.006
винить 0.001 1.398 0.001
антропософ 0.010000000000000002 1.699 0.017
ан-тро-по… 0.001 1.699 0.002
кто 0.002 0.377 0.001
рассказать 0.001 0.469 0.0
ноябрь 0.002 0.699 0.001
источник 0.001 0.167 0.0
meduza 0.002 0.0 0.0
данный 0.001 0.097 0.0
сообщение 0.002 0.102 0.0
создать 0.002 0.097 0.0
распространить 0.001 0.102 0.0
иностранный 0.003 0.097 0.0
средство 0.001 0.097 0.0
массовый 0.001 0.097 0.0
информация 0.001 0.102 0.0
выполнять 0.002 0.097 0.0
функция 0.002 0.097 0.0
агент 0.002 0.097 0.0
российский 0.001 0.071 0.0
юридический 0.001 0.102 0.0
лицо 0.001 0.086 0.0
мы 0.002 0.066 0.0
нужный 0.002 0.086 0.0
ваш 0.002 0.081 0.0
помощь 0.001 0.071 0.0
пожалуйста 0.001 0.102 0.0
поддержать 0.002 0.066 0.0
maja 0.001 2.0 0.002
hitii 0.001 2.0 0.002
getty 0.001 0.886 0.001
images 0.001 0.796 0.001
понедельник 0.001 1.222 0.001
общенациональный 0.001 1.699 0.002
из-за 0.002 0.229 0.0
рост 0.001 0.824 0.001
число 0.003 0.201 0.001
заражение 0.002 0.745 0.001
соседний 0.002 1.222 0.002
действовать 0.001 0.602 0.001
режим 0.001 0.658 0.001
катастрофа 0.001 0.886 0.001
который 0.015 0.071 0.001
включать 0.001 0.959 0.001
отдельный 0.001 0.678 0.001
случай 0.001 0.194 0.0
комендантский 0.001 1.301 0.001
час 0.001 0.538 0.001
непривитый 0.002 1.097 0.002
швейцария 0.003 1.301 0.004
германия 0.008 0.699 0.006
демонстрировать 0.001 1.222 0.001
плохой 0.001 0.509 0.001
показатель 0.001 0.721 0.001
среди 0.001 0.42 0.0
западноевропейский 0.001 2.0 0.002
страна 0.004 0.155 0.001
доля 0.001 0.745 0.001
житель 0.001 0.456 0.0
старший 0.001 0.678 0.001
год 0.009000000000000001 0.119 0.001
немецкоязычный 0.001 1.699 0.002
больший 0.003 0.328 0.001
отрыв 0.001 1.699 0.002
опережать 0.001 2.0 0.002
идти 0.004 0.222 0.001
четвёртый 0.001 1.222 0.001
швеция 0.001 1.398 0.001
немецкий 0.008 0.699 0.006
сми 0.001 0.602 0.001
популярный 0.001 0.854 0.001
версия 0.001 0.77 0.001
согласно 0.001 0.745 0.001
причина 0.001 0.398 0.0
тот 0.004 0.131 0.001
распространение 0.001 0.523 0.001
этот 0.006 0.137 0.001
учение 0.006 2.0 0.012
эзотерика 0.001 2.0 0.002
начало 0.002 0.26 0.001
xx 0.001 1.398 0.001
век 0.001 1.046 0.001
рудольф 0.002 2.0 0.004
штайнер 0.006 2.0 0.012
называться 0.001 0.699 0.001
антропософия 0.004 2.0 0.008
рассказывать 0.003 0.337 0.001
такой 0.006 0.114 0.001
почему 0.002 0.337 0.001
упрекать 0.001 2.0 0.002
насколько 0.001 0.42 0.0
сторонник 0.002 1.0 0.002
слово 0.002 0.268 0.001
происходить 0.001 0.301 0.0
греческий 0.001 1.699 0.002
корень 0.001 1.699 0.002
означать 0.001 0.585 0.001
человек 0.006 0.092 0.001
мудрость 0.001 1.699 0.002
несмотря 0.001 0.456 0.0
древний 0.001 1.398 0.001
вид 0.002 0.398 0.001
происхождение 0.001 1.097 0.001
реальность 0.001 0.77 0.001
это 0.011 0.066 0.001
религиозно-мистический 0.001 2.0 0.002
изобрести 0.001 1.523 0.002
сто 0.001 1.301 0.001
назад 0.006 0.18 0.001
оно 0.002 0.444 0.001
соединять 0.001 1.523 0.002
христианский 0.001 1.398 0.001
мотив 0.001 1.398 0.001
идеализм 0.001 2.0 0.002
восточный 0.002 1.046 0.002
карма 0.001 2.0 0.002
реинкарнация 0.001 1.699 0.002
также 0.004 0.237 0.001
представление 0.001 1.155 0.001
особый 0.001 0.745 0.001
значимость 0.001 1.523 0.002
окружающий 0.001 1.301 0.001
среда 0.001 1.222 0.001
наш 0.003 0.337 0.001
время 0.003 0.086 0.0
мочь 0.002 0.102 0.0
назвать 0.001 0.569 0.001
зелёный 0.001 1.155 0.001
форма 0.001 0.62 0.001
каждый 0.003 0.244 0.001
сотрудник 0.001 0.658 0.001
dm 0.003 2.0 0.006
крупный 0.003 0.523 0.002
сеть 0.002 0.824 0.002
магазин 0.001 0.796 0.001
продажа 0.001 0.854 0.001
косметический 0.001 2.0 0.002
товар 0.001 1.097 0.001
бытовой 0.001 1.699 0.002
химия 0.001 2.0 0.002
четыре 0.001 0.509 0.001
тысяча 0.006 0.31 0.002
филиал 0.002 1.398 0.003
фраза 0.001 1.046 0.001
покупать 0.001 0.824 0.001
изменить 0.001 0.538 0.001
цитата 0.001 1.222 0.001
фауст 0.001 2.0 0.002
иоганн 0.001 2.0 0.002
вольфганг 0.001 2.0 0.002
фон 0.001 0.745 0.001
гёте 0.002 2.0 0.004
выбрать 0.001 0.886 0.001
далеко 0.002 0.745 0.001
случайно 0.001 1.222 0.001
пушкин 0.001 1.699 0.002
золотой 0.001 1.301 0.001
канон 0.001 2.0 0.002
текст 0.002 0.62 0.001
классика 0.001 2.0 0.002
благодаря 0.001 0.77 0.001
свой 0.009000000000000001 0.143 0.001
естественнонаучный 0.001 2.0 0.002
изыскание 0.001 2.0 0.002
центральный 0.001 1.097 0.001
фигура 0.001 1.398 0.001
основатель 0.002 1.222 0.002
гетц 0.001 2.0 0.002
вернер 0.001 1.699 0.002
интегрировать 0.001 1.523 0.002
бизнес 0.002 0.824 0.002
пример 0.001 0.585 0.001
единичный 0.001 1.097 0.001
отличие 0.001 0.699 0.001
многий 0.002 0.495 0.001
другой 0.004 0.097 0.0
элемент 0.002 1.301 0.003
оказаться 0.001 0.31 0.0
применимый 0.001 1.523 0.002
сохраниться 0.001 1.155 0.001
множество 0.001 0.796 0.001
прикладной 0.001 1.523 0.002
область 0.001 0.523 0.001
педагогика 0.001 2.0 0.002
приверженец 0.002 2.0 0.004
активно 0.001 0.77 0.001
вовлечь 0.001 1.398 0.001
сфера 0.001 0.921 0.001
образование 0.002 0.886 0.002
медицина 0.003 1.046 0.003
производство 0.001 0.658 0.001
косметика 0.002 1.699 0.003
пищевой 0.001 1.301 0.001
промышленность 0.001 1.699 0.002
например 0.001 0.229 0.0
полка 0.001 1.398 0.001
стоить 0.002 0.469 0.001
природный 0.001 1.155 0.001
швейцарский 0.002 1.301 0.003
компания 0.001 0.444 0.0
weleda 0.001 2.0 0.002
оборот 0.001 1.222 0.001
полмиллиарда 0.001 2.0 0.002
евро 0.001 1.301 0.001
один 0.004 0.119 0.0
непосредственно 0.001 0.959 0.001
работать 0.004 0.102 0.0
около 0.001 0.432 0.0
сельскохозяйственный 0.001 2.0 0.002
ферма 0.001 2.0 0.002
производить 0.001 1.097 0.001
продукт 0.001 0.678 0.001
штайнеровский 0.002 2.0 0.004
биодинамический 0.001 2.0 0.002
принцип 0.004 0.638 0.003
ритуал 0.001 2.0 0.002
вроде 0.001 0.658 0.001
закапывание 0.001 2.0 0.002
поле 0.001 1.155 0.001
коровий 0.001 2.0 0.002
рогов 0.001 1.699 0.002
наполнить 0.001 2.0 0.002
навоз 0.001 2.0 0.002
базовый 0.001 1.155 0.001
гомеопатия 0.003 2.0 0.006
немец 0.001 1.155 0.001
лечить 0.002 1.222 0.002
семь 0.001 0.721 0.001
врач-гомеопат 0.001 2.0 0.002
десятка 0.002 0.721 0.001
зарегистрировать 0.001 0.602 0.001
целитель 0.002 2.0 0.004
использовать 0.001 0.319 0.0
гомеопатический 0.001 2.0 0.002
препарат 0.001 0.585 0.001
вальдорфский 0.012000000000000004 2.0 0.024
школа 0.014000000000000002 0.699 0.01
прямо 0.002 0.357 0.001
учиться 0.003 0.959 0.003
ребёнок 0.003 0.387 0.001
существовать 0.001 0.602 0.001
детский 0.003 0.77 0.002
сад 0.003 1.301 0.004
педагогический 0.001 1.699 0.002
разработать 0.002 0.959 0.002
хотя 0.002 0.276 0.001
официальный 0.003 0.538 0.002
член 0.001 0.745 0.001
антропософский 0.005 2.0 0.01
организация 0.001 0.509 0.001
большой 0.001 0.347 0.0
40–50 0.001 1.523 0.002
орбита 0.001 1.523 0.002
влияние 0.002 0.921 0.002
иначе 0.001 0.745 0.001
попадать 0.001 0.854 0.001
миллион 0.001 0.495 0.0
схожий 0.001 1.155 0.001
последний 0.002 0.284 0.001
неделя 0.001 0.328 0.0
появиться 0.003 0.367 0.001
сразу 0.001 0.553 0.001
несколько 0.001 0.187 0.0
автор 0.001 0.62 0.001
возлагать 0.001 1.523 0.002
ответственность 0.001 0.678 0.001
неудача 0.001 2.0 0.002
прививочный 0.001 1.046 0.001
кампания 0.001 0.699 0.001
именно 0.003 0.244 0.001
первый 0.003 0.143 0.0
автобиографический 0.001 2.0 0.002
эссе 0.001 2.0 0.002
журналист 0.001 0.481 0.0
тобиас 0.001 2.0 0.002
рапп 0.001 2.0 0.002
выстроить 0.001 1.155 0.001
называть 0.003 0.432 0.001
секта 0.001 1.523 0.002
отвергать 0.001 1.699 0.002
вызвать 0.001 0.721 0.001
повышенный 0.001 0.77 0.001
интерес 0.002 0.155 0.0
позиция 0.003 0.745 0.002
говорить 0.003 0.18 0.001
закрытый 0.002 0.854 0.002
дверь 0.001 0.921 0.001
собрание 0.001 1.398 0.001
последователь 0.001 1.523 0.002
противник 0.003 0.959 0.003
прививка 0.008 0.602 0.005
официально 0.001 0.959 0.001
возражать 0.001 1.699 0.002
против 0.008 0.229 0.002
вакцина 0.004 0.538 0.002
признавать 0.001 1.0 0.001
опасность 0.001 0.854 0.001
раскол 0.001 2.0 0.002
общество 0.003 0.602 0.002
вопрос 0.003 0.276 0.001
важный 0.002 0.284 0.001
защита 0.002 0.569 0.001
covid-19 0.001 0.77 0.001
представлять 0.001 0.678 0.001
серьёзный 0.001 0.553 0.001
угроза 0.001 0.824 0.001
признать 0.001 0.658 0.001
чудом 0.001 2.0 0.002
столь 0.001 1.046 0.001
короткий 0.001 0.921 0.001
удаться 0.001 0.456 0.0
впечатляющий 0.001 1.155 0.001
количество 0.001 0.481 0.0
эффективный 0.001 0.553 0.001
говориться 0.002 0.796 0.002
заявление 0.002 0.62 0.001
медик-антропософ 0.002 2.0 0.004
коронавирус 0.002 0.387 0.001
принять 0.002 0.42 0.001
спустить 0.001 1.398 0.001
сверху 0.001 1.155 0.001
мера 0.003 0.377 0.001
борьба 0.003 0.658 0.002
вводить 0.001 0.886 0.001
отменять 0.001 1.155 0.001
ношение 0.001 1.222 0.001
маска 0.007 0.886 0.006
ученик 0.002 1.301 0.003
учитель 0.005 1.222 0.006
общий 0.002 0.444 0.001
основание 0.001 0.569 0.001
учебный 0.002 1.523 0.003
заведение 0.002 1.301 0.003
месяц 0.004 0.432 0.002
мой 0.002 0.585 0.001
решение 0.002 0.347 0.001
необходимо 0.001 0.585 0.001
носить 0.002 0.796 0.002
вакцинировать 0.002 0.602 0.001
готовый 0.001 0.509 0.001
постоянно 0.001 0.62 0.001
тестироваться 0.001 2.0 0.002
практика 0.002 0.796 0.002
класс 0.001 1.097 0.001
никто 0.001 0.432 0.0
значит 0.002 0.444 0.001
либо 0.002 0.569 0.001
протестировать 0.001 1.398 0.001
илья 0.002 1.222 0.002
попросить 0.001 0.699 0.001
фамилия 0.001 1.301 0.001
преподавать 0.001 1.523 0.002
математика 0.001 1.301 0.001
повод 0.001 0.553 0.001
„ 0.002 0.62 0.001
корона 0.001 1.699 0.002
“ 0.002 0.432 0.001
представить 0.001 0.638 0.001
встретить 0.001 1.097 0.001
совещание 0.001 1.523 0.002
обсуждать 0.001 0.745 0.001
казаться 0.002 0.409 0.001
очень 0.005 0.149 0.001
возмущаться 0.001 1.523 0.002
эмоционально 0.001 1.046 0.001
остальной 0.001 0.553 0.001
скорее 0.002 0.509 0.001
качать 0.001 1.699 0.002
голова 0.002 0.959 0.002
чувак 0.001 2.0 0.002
слушать 0.001 1.046 0.001
целое 0.002 0.585 0.001
весь 0.003 0.114 0.0
надоесть 0.001 1.699 0.002
тема 0.001 0.678 0.001
убеждение 0.001 1.398 0.001
придерживаться 0.001 1.398 0.001
анна 0.001 1.046 0.001
берлин 0.003 1.046 0.003
подтверждать 0.001 1.097 0.001
соблюдаться 0.001 1.398 0.001
правило 0.002 0.066 0.0
прошлый 0.001 0.745 0.001
попытка 0.001 0.921 0.001
сторона 0.001 0.347 0.0
родитель 0.002 0.854 0.002
обсудить 0.001 1.222 0.001
определённый 0.001 0.77 0.001
ясный 0.001 1.222 0.001
чёткий 0.001 1.0 0.001
добавлять 0.001 1.097 0.001
слышать 0.001 0.745 0.001
друг 0.005 0.387 0.002
тюрингия 0.001 2.0 0.002
действительно 0.002 0.377 0.001
пресса 0.001 1.155 0.001
хватать 0.001 0.886 0.001
выступать 0.002 0.658 0.001
учить 0.001 1.222 0.001
держать 0.001 0.824 0.001
подбородок 0.001 2.0 0.002
быстро 0.002 0.495 0.001
поднять 0.001 1.699 0.002
кто-то 0.002 0.523 0.001
опасный 0.001 0.699 0.001
рядом 0.001 0.854 0.001
масса 0.001 1.046 0.001
точно 0.001 0.481 0.0
стать 0.002 0.149 0.0
открытый 0.001 0.886 0.001
форпост 0.001 2.0 0.002
ходить 0.001 0.77 0.001
слух 0.001 1.222 0.001
место 0.001 0.409 0.0
недешёвый 0.001 2.0 0.002
разобрать 0.001 1.222 0.001
вперёд 0.001 1.398 0.001
скептический 0.001 2.0 0.002
отношение 0.002 0.509 0.001
укладываться 0.001 2.0 0.002
тренд 0.001 1.699 0.002
возрастание 0.001 2.0 0.002
популярность 0.001 1.222 0.001
заметный 0.001 1.155 0.001
просто 0.002 0.194 0.0
творческий 0.001 1.523 0.002
европа 0.005 0.495 0.002
читать 0.002 0.444 0.001
австралия 0.002 1.222 0.002
масштабный 0.002 1.0 0.002
протест 0.002 0.745 0.001
ковидный 0.002 1.523 0.003
ограничение 0.002 0.585 0.001
самый 0.003 0.208 0.001
акция 0.002 0.745 0.001
выглядеть 0.002 0.495 0.001
подозрение 0.001 1.046 0.001
снятой 0.001 1.398 0.001
однозначно 0.001 0.959 0.001
захватывать 0.001 1.699 0.002
здание 0.001 0.854 0.001
бундестаг 0.001 1.222 0.001
рейхсбюргер 0.001 2.0 0.002
созывать 0.001 2.0 0.002
псевдонаучный 0.001 2.0 0.002
конференция 0.001 1.398 0.001
вред 0.001 1.097 0.001
процитировать 0.001 1.523 0.002
выше 0.001 0.509 0.001
вначале 0.001 1.699 0.002
похвала 0.001 2.0 0.002
быстрый 0.001 0.699 0.001
изобретение 0.001 1.699 0.002
становиться 0.001 0.553 0.001
ясно 0.001 0.886 0.001
сам 0.001 0.137 0.0
дело 0.001 0.252 0.0
посвятить 0.001 1.097 0.001
право 0.002 0.538 0.001
свободный 0.002 0.77 0.002
личный 0.001 0.678 0.001
информированный 0.001 1.523 0.002
мнение 0.001 0.509 0.001
оставаться 0.001 0.387 0.0
единственный 0.002 0.481 0.001
допустимый 0.001 1.699 0.002
правовой 0.001 1.301 0.001
доказательный 0.001 1.523 0.002
точка 0.001 0.444 0.0
зрение 0.001 0.585 0.001
немой 0.002 0.585 0.001
ссылка 0.001 0.886 0.001
упоминаться 0.001 1.155 0.001
частность 0.001 0.678 0.001
основной 0.001 0.854 0.001
закон 0.001 0.658 0.001
конституция 0.001 1.301 0.001
случайный 0.001 1.097 0.001
медицинский 0.001 0.523 0.001
аргумент 0.001 0.62 0.001
удивить 0.001 1.699 0.002
слишком 0.001 0.553 0.001
часть 0.002 0.377 0.001
концепция 0.001 1.398 0.001
подразумевать 0.001 1.301 0.001
существование 0.001 0.886 0.001
эфирный 0.001 2.0 0.002
астральный 0.001 2.0 0.002
тело 0.002 0.886 0.002
метод 0.001 0.678 0.001
гармонизация 0.001 1.699 0.002
эвритмия 0.001 2.0 0.002
медленный 0.001 1.398 0.001
художественный 0.001 1.699 0.002
танец 0.001 2.0 0.002
одновременно 0.001 0.796 0.001
являться 0.001 0.602 0.001
новый 0.002 0.187 0.0
язык 0.001 0.678 0.001
станцевать 0.001 2.0 0.002
имя 0.001 0.585 0.001
прямой 0.001 0.658 0.001
конкретный 0.001 0.658 0.001
вмешательство 0.001 1.398 0.001
внутренний 0.001 0.745 0.001
процесс 0.001 0.538 0.001
организм 0.001 0.745 0.001
вписываться 0.001 1.699 0.002
тонкий 0.001 1.523 0.002
качество 0.001 0.553 0.001
визитный 0.001 2.0 0.002
карточка 0.001 0.569 0.001
врач-антропософ 0.001 2.0 0.002
микаэл 0.001 2.0 0.002
глеклер 0.001 2.0 0.002
вместо 0.001 0.77 0.001
советовать 0.001 0.854 0.001
иммунный 0.001 0.678 0.001
система 0.001 0.398 0.0
двигаться 0.001 0.921 0.001
свежий 0.001 1.097 0.001
воздух 0.001 0.886 0.001
отсюда 0.001 1.097 0.001
негативный 0.001 1.301 0.001
активный 0.001 0.796 0.001
образ 0.001 0.553 0.001
жизнь 0.003 0.319 0.001
позитивный 0.001 1.301 0.001
настрой 0.001 1.699 0.002
здоровый 0.001 1.046 0.001
самооценка 0.001 2.0 0.002
гармоничный 0.001 2.0 0.002
мировоззрение 0.001 1.699 0.002
препятствовать 0.001 1.301 0.001
страх 0.001 0.796 0.001
способствовать 0.001 1.0 0.001
считать 0.002 0.319 0.001
жительница 0.001 1.699 0.002
ксения 0.003 2.0 0.006
меерович 0.002 2.0 0.004
окончить 0.001 1.398 0.001
иркутск 0.001 2.0 0.002
мама 0.001 0.854 0.001
светлана 0.001 1.046 0.001
основать 0.002 0.921 0.002
город 0.001 0.409 0.0
целый 0.001 0.658 0.001
проучиться 0.001 2.0 0.002
фрайбург 0.002 2.0 0.004
жить 0.005 0.481 0.002
семья 0.002 0.796 0.002
альтернативный 0.002 1.0 0.002
мыслить 0.001 2.0 0.002
ставить 0.001 0.886 0.001
соответственно 0.002 0.921 0.002
обычный 0.001 0.509 0.001
лечение 0.001 0.77 0.001
знать 0.001 0.244 0.0
болеть 0.001 0.745 0.001
попить 0.001 1.523 0.002
чай 0.001 1.699 0.002
спать 0.001 1.097 0.001
пройти 0.001 0.387 0.0
таблетка 0.001 1.523 0.002
вообще 0.002 0.066 0.0
дом 0.001 0.495 0.0
создавать 0.001 0.796 0.001
комьюнити 0.001 2.0 0.002
плохо 0.002 0.569 0.001
проникать 0.001 1.155 0.001
пропаганда 0.001 0.745 0.001
микросоциум 0.002 2.0 0.004
поддерживать 0.002 0.569 0.001
создаваться 0.001 1.222 0.001
мини-реальность 0.001 2.0 0.002
твой 0.001 1.046 0.001
присоединяться 0.001 2.0 0.002
размножаться 0.001 1.046 0.001
странно 0.001 1.301 0.001
какой-нибудь 0.001 1.155 0.001
вася 0.001 2.0 0.002
вспомнить 0.001 1.046 0.001
важно 0.001 0.509 0.001
мир 0.001 0.26 0.0
штутгарт 0.002 2.0 0.004
юг 0.002 1.301 0.003
южный 0.002 0.854 0.002
регион 0.002 0.638 0.001
баден-вюртемберг 0.001 2.0 0.002
сей 0.001 0.456 0.0
пора 0.001 0.357 0.0
немало 0.002 1.398 0.003
оккультный 0.001 2.0 0.002
эзотерический 0.001 2.0 0.002
региональный 0.001 1.0 0.001
центр 0.002 0.432 0.001
ковид-отрицание 0.001 2.0 0.002
querdenker 0.001 1.699 0.002
мыслящий 0.001 1.699 0.002
характерный 0.001 1.222 0.001
пост 0.001 0.638 0.001
сопредседатель 0.001 1.699 0.002
лето 0.001 1.046 0.001
партия 0.001 0.921 0.001
die 0.001 1.523 0.002
basis 0.001 1.523 0.002
конспирологический 0.001 1.699 0.002
интерпретация 0.001 1.699 0.002
пандемия 0.003 0.538 0.002
занимать 0.001 1.0 0.001
диана 0.001 1.699 0.002
остерхаг 0.001 2.0 0.002
народный 0.001 0.959 0.001
гомеопат 0.001 2.0 0.002
правление 0.001 1.699 0.002
политический 0.001 0.658 0.001
сила 0.001 0.456 0.0
бэкграунд 0.001 2.0 0.002
наряду 0.001 1.398 0.001
расположить 0.001 1.097 0.001
восток 0.001 0.886 0.001
доминировать 0.001 1.155 0.001
активист 0.001 1.155 0.001
тип 0.001 0.796 0.001
традиционный 0.001 1.222 0.001
конспиролог 0.001 2.0 0.002
ультраправый 0.001 1.523 0.002
диссидент 0.001 2.0 0.002
гдр 0.001 1.523 0.002
увидеть 0.001 0.553 0.001
действие 0.001 0.409 0.0
правительство 0.001 0.678 0.001
ангел 0.001 1.699 0.002
меркель 0.001 1.699 0.002
тоталитаризм 0.001 1.222 0.001
плестись 0.001 2.0 0.002
хвост 0.001 1.523 0.002
привить 0.001 0.678 0.001
крайне 0.001 0.721 0.001
сложно 0.001 0.538 0.001
измерить 0.001 1.046 0.001
статистически 0.001 1.301 0.001
по-видимому 0.001 0.959 0.001
лично 0.001 0.959 0.001
долго 0.001 0.745 0.001
прививаться 0.001 0.824 0.001
пока 0.001 0.208 0.0
государство 0.001 0.569 0.001
решить 0.001 0.398 0.0
экспресс-тест 0.001 1.699 0.002
должный 0.001 0.201 0.0
платный 0.001 1.523 0.002
лишь 0.001 0.481 0.0
понять 0.001 0.495 0.0
прийти 0.001 0.658 0.001
момент 0.001 0.387 0.0
нужно 0.002 0.237 0.0
поступиться 0.001 1.699 0.002
главное 0.001 0.585 0.001
критически 0.001 1.301 0.001
способ 0.001 0.602 0.001
остановить 0.001 0.523 0.001
вернуться 0.001 0.638 0.001
нормальный 0.001 0.77 0.001
рекомендовать 0.001 0.569 0.001
сделать 0.002 0.208 0.0
обязательно 0.001 0.959 0.001
привиться 0.001 0.796 0.001
подробно 0.001 0.921 0.001
верить 0.002 0.553 0.001
посмотреть 0.002 0.523 0.001
графика 0.004 1.398 0.006
повторимый 0.002 1.523 0.003
наверное 0.002 0.921 0.002
тысячный 0.002 1.699 0.003
спасать 0.002 1.046 0.002
доказывать 0.002 1.301 0.003
западный 0.002 0.553 0.001
россия 0.002 0.108 0.0
расти 0.002 0.886 0.002
заболеваемость 0.002 0.796 0.002
намного 0.002 0.959 0.002
маленький 0.002 0.328 0.001
смерть 0.002 0.553 0.001
24/7 0.001 0.102 0.0
читателейн 0.001 0.174 0.0
срочно 0.001 0.167 0.0
хотеть 0.001 0.102 0.0
помочь 0.001 0.125 0.0
дмитрий 0.001 0.62 0.001
вачединый 0.001 1.398 0.001
редакция 0.002 0.066 0.0
кодекс 0.001 0.066 0.0
блог 0.001 0.066 0.0
meduzacare 0.001 0.066 0.0
связаться 0.001 0.066 0.0
анонимно 0.001 0.066 0.0
платформа 0.002 0.066 0.0
ios 0.001 0.066 0.0
android 0.001 0.066 0.0
инстаграм 0.001 0.066 0.0
twitter 0.001 0.0 0.0
facebook 0.001 0.0 0.0
вконтакте 0.001 0.066 0.0
youtube 0.001 0.06 0.0
– 0.001 0.06 0.0
live 0.001 0.022 0.0
вечерний 0.001 0.066 0.0
реклама 0.002 0.066 0.0
требование 0.001 0.066 0.0
баннер 0.001 0.066 0.0
безопасно 0.001 0.066 0.0
персональный 0.001 0.066 0.0
дать 0.001 0.066 0.0
обработка 0.001 0.066 0.0
использование 0.001 0.066 0.0
кук 0.001 0.066 0.0
наслать 0.001 0.066 0.0
ошибка 0.001 0.066 0.0
выделить 0.001 0.066 0.0
нажать 0.001 0.066 0.0
ctrl+enter 0.001 0.066 0.0
спасибоgiphyз 0.001 0.066 0.0
гифка 0.001 0.066 0.0
© 0.001 0.0 0.0
