перейти 0.001 0.066 0.0
материал 0.005 0.066 0.0
связь 0.001 0.0 0.0
новостиисторииразборшапитокоронавирусмагаз 0.001 0.066 0.0
медуза 0.011 0.066 0.001
рекламаmeduza 0.001 0.066 0.0
in 0.001 0.0 0.0
english 0.001 0.06 0.0
показывать 0.002 0.066 0.0
порядок 0.001 0.066 0.0
en 0.001 0.066 0.0
кнопка 0.001 0.066 0.0
поддержка 0.002 0.066 0.0
разбор 0.001 0.387 0.0
заболеть 0.001 0.585 0.001
коронавирус 0.004 0.387 0.002
очень 0.006 0.149 0.001
важно 0.003 0.509 0.002
мыть 0.019000000000000003 1.155 0.022
рука 0.042 0.62 0.026
делать 0.012 0.18 0.002
это 0.014 0.066 0.001
правильно 0.003 0.824 0.002
карточка 0.001 0.569 0.001
март 0.002 0.284 0.001
случиться 0.003 0.509 0.002
говорить 0.003 0.18 0.001
уметь 0.003 0.921 0.003
ванная 0.003 1.523 0.005
комната 0.003 1.301 0.004
секундомер 0.003 1.699 0.005
идти 0.003 0.222 0.001
грязный 0.004 1.222 0.005
мочь 0.004 0.102 0.0
помыть 0.004 2.0 0.008
мыло 0.015 1.398 0.021
нужно 0.01 0.237 0.002
быть 0.004 0.215 0.001
часто 0.003 0.456 0.001
стать 0.004 0.149 0.001
сухой 0.006 1.398 0.008
покрыться 0.003 2.0 0.006
трещина 0.003 1.699 0.005
данный 0.001 0.097 0.0
сообщение 0.001 0.102 0.0
создать 0.001 0.097 0.0
распространить 0.001 0.102 0.0
иностранный 0.004 0.097 0.0
средство 0.002 0.097 0.0
массовый 0.001 0.097 0.0
информация 0.001 0.102 0.0
выполнять 0.004 0.097 0.0
функция 0.003 0.097 0.0
агент 0.003 0.097 0.0
российский 0.001 0.071 0.0
юридический 0.001 0.102 0.0
лицо 0.001 0.086 0.0
мы 0.002 0.066 0.0
нужный 0.003 0.086 0.0
ваш 0.003 0.081 0.0
помощь 0.002 0.071 0.0
пожалуйста 0.001 0.102 0.0
поддержать 0.002 0.066 0.0
всемирный 0.001 0.959 0.001
организация 0.002 0.509 0.001
здравоохранение 0.001 0.658 0.001
воз 0.004 0.796 0.003
многиедругий 0.001 2.0 0.002
медицинский 0.001 0.523 0.001
рекомендовать 0.002 0.569 0.001
весь 0.001 0.114 0.0
частый 0.001 0.523 0.001
человек 0.005 0.092 0.0
сам 0.002 0.137 0.0
заражаться 0.001 1.398 0.001
новый 0.001 0.187 0.0
передавать 0.001 1.301 0.001
другой 0.003 0.097 0.0
дело 0.001 0.252 0.0
мытьё 0.006 1.523 0.009
помогать 0.003 0.444 0.001
предотвратить 0.001 0.921 0.001
множество 0.001 0.796 0.001
заболевание 0.003 0.481 0.001
орви 0.001 1.301 0.001
пищевой 0.001 1.301 0.001
отравление 0.002 1.523 0.003
проблема 0.001 0.347 0.0
основное 0.001 0.553 0.001
неправильно 0.003 1.398 0.004
впервые 0.001 0.824 0.001
опубликовать 0.001 0.509 0.001
апрель 0.001 0.886 0.001
год 0.001 0.119 0.0
2020-го 0.001 1.097 0.001
решить 0.001 0.398 0.0
дополнить 0.001 1.699 0.002
увы 0.001 1.097 0.001
исследование 0.001 0.42 0.0
многие 0.001 0.284 0.0
например 0.006 0.229 0.001
использовать 0.014000000000000002 0.319 0.004
тратить 0.001 1.301 0.001
слишком 0.003 0.553 0.002
мало 0.001 0.538 0.001
время 0.003 0.086 0.0
намочить 0.001 2.0 0.002
температура 0.001 0.824 0.001
вода 0.005 0.638 0.003
точка 0.001 0.444 0.0
зрение 0.001 0.585 0.001
защита 0.001 0.569 0.001
инфекция 0.001 0.569 0.001
неважный 0.001 2.0 0.002
выдавить 0.001 2.0 0.002
кусковой 0.004 2.0 0.008
намылить 0.003 2.0 0.006
кстати 0.004 0.886 0.004
особый 0.001 0.745 0.001
разница 0.001 0.77 0.001
здоровье 0.001 0.796 0.001
жидкий 0.001 2.0 0.002
лежать 0.001 0.824 0.001
мыльница 0.001 2.0 0.002
дырочка 0.001 1.699 0.002
антибактериальный 0.001 2.0 0.002
стоить 0.003 0.469 0.001
эффективность 0.001 0.538 0.001
выше 0.001 0.509 0.001
обычный 0.002 0.509 0.001
возможно 0.001 0.398 0.0
оно 0.001 0.444 0.0
способствовать 0.001 1.0 0.001
появление 0.001 0.699 0.001
устойчивый 0.001 1.523 0.002
антибиотик 0.001 1.398 0.001
бактерия 0.004 1.699 0.007
любой 0.002 0.319 0.001
случай 0.003 0.194 0.001
применять 0.001 0.796 0.001
один 0.002 0.119 0.0
эффективно 0.001 1.046 0.001
вирус 0.003 0.538 0.002
избавиться 0.001 1.155 0.001
вспенить 0.001 2.0 0.002
потереть 0.01 2.0 0.02
ладонь 0.005 2.0 0.01
друг 0.002 0.387 0.001
тыльный 0.001 2.0 0.002
сторона 0.001 0.347 0.0
каждый 0.002 0.244 0.0
палец 0.007 1.398 0.01
сложить 0.002 1.523 0.003
замок 0.001 2.0 0.002
поводить 0.001 2.0 0.002
они 0.001 0.538 0.001
больший 0.001 0.328 0.0
кончик 0.001 1.699 0.002
второй 0.001 0.357 0.0
смыть 0.001 1.699 0.002
вытереть 0.001 2.0 0.002
бумажный 0.002 1.398 0.003
полотенце 0.004 1.699 0.007
личный 0.001 0.678 0.001
который 0.008 0.071 0.001
менять 0.001 0.886 0.001
несколько 0.003 0.187 0.001
день 0.001 0.167 0.0
либо 0.001 0.569 0.001
сушилка 0.001 2.0 0.002
иначе 0.001 0.745 0.001
легко 0.001 0.824 0.001
осесть 0.001 1.699 0.002
закрыть 0.001 0.959 0.001
кран 0.001 2.0 0.002
близкий 0.001 0.347 0.0
видеоинструкция 0.001 2.0 0.002
скучный 0.001 2.0 0.002
инструкция 0.003 0.699 0.002
who 0.003 0.824 0.002
how 0.001 0.886 0.001
to 0.003 0.77 0.002
handwash 0.001 2.0 0.002
with 0.001 0.824 0.001
soap 0.001 2.0 0.002
and 0.001 0.721 0.001
water 0.001 1.523 0.002
world 0.001 1.0 0.001
health 0.001 1.699 0.002
organization 0.001 1.523 0.002
хотеть 0.004 0.102 0.0
весёлый 0.001 2.0 0.002
посмотреть 0.001 0.523 0.001
сотрудник 0.001 0.658 0.001
британский 0.001 0.721 0.001
больница 0.001 0.495 0.0
танцевать 0.001 1.523 0.002
gangnam 0.003 2.0 0.006
style 0.003 2.0 0.006
handwashing 0.003 2.0 0.006
nhsnorthamptonshire 0.001 2.0 0.002
жизнерадостный 0.001 2.0 0.002
учить 0.001 1.222 0.001
ребёнок 0.003 0.387 0.001
юнисеф 0.001 2.0 0.002
do 0.001 0.921 0.001
the 0.003 0.481 0.001
global 0.001 1.222 0.001
dance 0.001 2.0 0.002
unicef 0.003 2.0 0.006
никто 0.001 0.432 0.0
утверждать 0.001 0.658 0.001
этот 0.001 0.137 0.0
техника 0.003 1.046 0.003
единственно 0.001 1.523 0.002
верный 0.001 1.523 0.002
однако 0.001 0.337 0.0
понять 0.001 0.495 0.0
участок 0.001 0.959 0.001
необходимо 0.001 0.585 0.001
маленький 0.003 0.328 0.001
секунда 0.007 1.301 0.009
профессионал 0.002 1.699 0.003
40–60 0.003 2.0 0.006
вместо 0.001 0.77 0.001
обычно 0.001 0.523 0.001
рекомендоваться 0.001 1.046 0.001
раз 0.001 0.569 0.001
пропеть 0.001 2.0 0.002
песня 0.008 1.097 0.009
happy 0.001 1.523 0.002
birthday 0.001 1.523 0.002
you 0.001 0.824 0.001
ошибиться 0.001 1.222 0.001
занимать 0.001 1.0 0.001
около 0.003 0.432 0.001
выбрать 0.002 0.886 0.002
сайт 0.001 0.658 0.001
wash 0.001 1.699 0.002
your 0.001 0.854 0.001
lyrics 0.001 1.699 0.002
дословный 0.001 2.0 0.002
перевод 0.001 1.301 0.001
название 0.001 0.745 0.001
свой 0.002 0.143 0.0
текст 0.001 0.62 0.001
позволять 0.001 0.585 0.001
распределить 0.001 1.699 0.002
слово 0.001 0.268 0.0
действие 0.001 0.409 0.0
правильный 0.001 1.301 0.001
основать 0.001 0.921 0.001
рекомендация 0.002 0.678 0.001
должный 0.001 0.201 0.0
кроме 0.001 0.387 0.0
русский 0.003 0.62 0.002
исключение 0.001 0.854 0.001
редкий 0.001 0.824 0.001
попробовать 0.001 1.046 0.001
ввести 0.001 0.538 0.001
red 0.001 1.398 0.001
army 0.001 1.301 0.001
choir 0.001 1.699 0.002
'soviet 0.001 2.0 0.002
russiaʼs 0.001 2.0 0.002
anthem 0.001 2.0 0.002
подготовить 0.001 0.854 0.001
плакат 0.004 1.097 0.004
популярный 0.001 0.854 0.001
отрывок 0.001 2.0 0.002
уходить 0.001 0.824 0.001
непосредственно 0.001 0.959 0.001
длиться 0.001 1.398 0.001
лес 0.001 1.301 0.001
родиться 0.001 0.921 0.001
ёлочка 0.001 2.0 0.002
катюша 0.001 2.0 0.002
ручка 0.001 2.0 0.002
зверь 0.001 1.699 0.002
касаться 0.001 0.553 0.001
iowa 0.001 2.0 0.002
маршрутка 0.001 2.0 0.002
антисептический 0.004 2.0 0.008
гель 0.004 2.0 0.008
примерно 0.001 0.585 0.001
такой 0.001 0.114 0.0
тереть 0.001 1.699 0.002
тот 0.001 0.131 0.0
пора 0.001 0.357 0.0
пока 0.001 0.208 0.0
испачкать 0.001 1.699 0.002
довольно 0.001 0.523 0.001
сильно 0.001 0.509 0.001
грязь 0.001 2.0 0.002
видный 0.001 1.046 0.001
невооружённый 0.001 1.699 0.002
глаз 0.001 0.77 0.001
оказаться 0.001 0.31 0.0
эффективный 0.001 0.553 0.001
поэтому 0.003 0.328 0.001
сначала 0.001 0.602 0.001
влажный 0.001 1.699 0.002
салфетка 0.001 1.699 0.002
обратить 0.001 1.222 0.001
внимание 0.001 0.523 0.001
спирт 0.001 1.523 0.002
внимательно 0.001 1.301 0.001
следить 0.002 0.796 0.002
лизать 0.001 2.0 0.002
воспользоваться 0.001 1.097 0.001
привести 0.001 0.456 0.0
алкогольный 0.001 1.699 0.002
явно 0.001 0.959 0.001
список 0.001 0.569 0.001
показание 0.001 1.301 0.001
выглядеть 0.001 0.495 0.0
посещение 0.003 1.398 0.004
туалет 0.002 1.523 0.003
начать 0.001 0.276 0.0
готовить 0.001 0.959 0.001
еда 0.003 0.678 0.002
процесс 0.001 0.538 0.001
прикосновение 0.003 2.0 0.006
сырой 0.001 1.523 0.002
продукт 0.001 0.678 0.001
мясо 0.001 1.398 0.001
рыба 0.001 1.398 0.001
овощ 0.001 1.523 0.002
высморкаться 0.001 2.0 0.002
чихнуть 0.001 2.0 0.002
кашлянуть 0.001 2.0 0.002
чихать 0.001 2.0 0.002
кашлять 0.001 1.699 0.002
английский 0.001 1.046 0.001
распечатать 0.001 2.0 0.002
повесить 0.001 1.699 0.002
офис 0.001 1.046 0.001
животный 0.001 1.523 0.002
считаться 0.001 0.824 0.001
испражнение 0.001 2.0 0.002
общественный 0.002 0.745 0.001
место 0.001 0.409 0.0
поездка 0.001 1.155 0.001
транспорт 0.001 0.854 0.001
уборка 0.001 2.0 0.002
дом 0.004 0.495 0.002
обработка 0.003 0.066 0.0
рана 0.001 1.699 0.002
больной 0.001 1.155 0.001
диарея 0.001 1.699 0.002
рвота 0.001 1.699 0.002
поменять 0.001 1.523 0.002
подгузник 0.001 2.0 0.002
помочь 0.002 0.125 0.0
сходить 0.001 1.222 0.001
прикоснуться 0.001 2.0 0.002
мусор 0.001 1.523 0.002
сожаление 0.001 0.553 0.001
риск 0.001 0.357 0.0
возникать 0.001 0.824 0.001
напомнить 0.001 0.699 0.001
избежать 0.001 1.046 0.001
инфекционный 0.001 1.301 0.001
немаловажный 0.001 2.0 0.002
некоторый 0.001 0.222 0.0
совет 0.001 0.721 0.001
сделать 0.002 0.208 0.0
ситуация 0.001 0.337 0.0
низкий 0.001 0.638 0.001
ph 0.001 2.0 0.002
негорячий 0.001 2.0 0.002
вытирать 0.001 2.0 0.002
фанатизм 0.001 2.0 0.002
сразу 0.001 0.553 0.001
нанести 0.001 1.222 0.001
увлажнять 0.001 2.0 0.002
мазь 0.001 2.0 0.002
крем 0.001 2.0 0.002
масло 0.001 1.699 0.002
глицерин 0.001 2.0 0.002
молочный 0.001 1.699 0.002
кислота 0.001 1.523 0.002
мочевина 0.001 2.0 0.002
вазелин 0.001 1.699 0.002
лениться 0.001 2.0 0.002
экспериментировать 0.001 2.0 0.002
подойти 0.002 1.097 0.002
что-то 0.003 0.509 0.002
лёгкий 0.001 0.638 0.001
уровень 0.001 0.367 0.0
относительный 0.001 1.155 0.001
влажность 0.001 2.0 0.002
принимать 0.001 0.432 0.0
мера 0.001 0.377 0.0
открыть 0.001 0.538 0.001
распространение 0.001 0.523 0.001
лицензия 0.002 0.854 0.002
creative 0.001 0.921 0.001
commons 0.001 1.0 0.001
cc 0.001 1.046 0.001
by 0.001 0.658 0.001
перепечатать 0.001 1.097 0.001
фотография 0.001 0.553 0.001
распространяться 0.001 0.699 0.001
работать 0.001 0.102 0.0
24/7 0.001 0.102 0.0
интерес 0.001 0.155 0.0
читателейн 0.001 0.174 0.0
срочно 0.001 0.167 0.0
дарья 0.001 0.921 0.001
саркисян 0.001 0.959 0.001
настя 0.001 1.523 0.002
григорьев 0.001 2.0 0.002
редакция 0.003 0.066 0.0
кодекс 0.001 0.066 0.0
блог 0.001 0.066 0.0
meduzacare 0.001 0.066 0.0
связаться 0.001 0.066 0.0
анонимно 0.001 0.066 0.0
платформа 0.003 0.066 0.0
ios 0.001 0.066 0.0
android 0.001 0.066 0.0
инстаграм 0.001 0.066 0.0
twitter 0.001 0.0 0.0
facebook 0.001 0.0 0.0
вконтакте 0.001 0.066 0.0
youtube 0.001 0.06 0.0
meduza 0.003 0.0 0.0
– 0.001 0.06 0.0
live 0.001 0.022 0.0
вечерний 0.001 0.066 0.0
вообще 0.001 0.066 0.0
реклама 0.003 0.066 0.0
требование 0.001 0.066 0.0
баннер 0.001 0.066 0.0
безопасно 0.001 0.066 0.0
персональный 0.001 0.066 0.0
дать 0.001 0.066 0.0
правило 0.001 0.066 0.0
использование 0.001 0.066 0.0
кук 0.001 0.066 0.0
наслать 0.001 0.066 0.0
ошибка 0.001 0.066 0.0
выделить 0.001 0.066 0.0
нажать 0.001 0.066 0.0
ctrl+enter 0.001 0.066 0.0
спасибоgiphyз 0.001 0.066 0.0
гифка 0.001 0.066 0.0
© 0.001 0.0 0.0
