перейти 0.001 0.066 0.0
материал 0.002 0.066 0.0
связь 0.004 0.0 0.0
новостиисторииразборшапитокоронавирусмагаз 0.001 0.066 0.0
медуза 0.005 0.066 0.0
рекламаmeduza 0.001 0.066 0.0
in 0.001 0.0 0.0
english 0.001 0.06 0.0
показывать 0.001 0.066 0.0
порядок 0.001 0.066 0.0
en 0.001 0.066 0.0
кнопка 0.001 0.066 0.0
поддержка 0.002 0.066 0.0
история 0.002 0.26 0.001
мы 0.009000000000000001 0.066 0.001
повезти 0.001 0.854 0.001
наш 0.005 0.337 0.002
дом 0.007 0.495 0.003
попасть 0.004 0.409 0.002
миномётный 0.001 1.155 0.001
снаряд 0.005 0.959 0.005
мариуполь 0.021 0.77 0.016
самый 0.002 0.208 0.0
пострадать 0.001 0.796 0.001
город 0.013000000000000001 0.409 0.005
украина 0.003 0.347 0.001
один 0.005 0.119 0.001
человек 0.012 0.092 0.001
пытаться 0.002 0.409 0.001
выбраться 0.001 1.0 0.001
март 0.013 0.284 0.004
источник 0.001 0.167 0.0
meduza 0.002 0.0 0.0
данный 0.001 0.097 0.0
сообщение 0.001 0.102 0.0
создать 0.001 0.097 0.0
распространить 0.001 0.102 0.0
иностранный 0.002 0.097 0.0
средство 0.001 0.097 0.0
массовый 0.001 0.097 0.0
информация 0.001 0.102 0.0
выполнять 0.001 0.097 0.0
функция 0.001 0.097 0.0
агент 0.001 0.097 0.0
российский 0.005 0.071 0.0
юридический 0.002 0.102 0.0
лицо 0.001 0.086 0.0
нужный 0.001 0.086 0.0
ваш 0.001 0.081 0.0
помощь 0.001 0.071 0.0
пожалуйста 0.001 0.102 0.0
поддержать 0.002 0.066 0.0
житель 0.003 0.456 0.001
бомбоубежище 0.002 1.046 0.002
год 0.011000000000000003 0.119 0.001
evgeniy 0.006 1.301 0.008
maloletka 0.006 1.301 0.008
ap 0.006 0.854 0.005
scanpix 0.006 0.301 0.002
leta 0.006 0.301 0.002
находиться 0.002 0.367 0.001
осада 0.005 0.854 0.004
два 0.002 0.26 0.001
неделя 0.004 0.328 0.001
долгожданный 0.001 2.0 0.002
гуманитарный 0.002 0.921 0.002
коридор 0.004 0.959 0.004
пока 0.002 0.208 0.0
стабильно 0.001 1.699 0.002
заработать 0.002 1.398 0.003
данные 0.001 0.31 0.0
украинский 0.004 0.538 0.002
власть 0.001 0.31 0.0
покинуть 0.002 0.745 0.001
тысяча 0.001 0.31 0.0
некоторый 0.001 0.222 0.0
смочь 0.002 0.328 0.001
ранний 0.001 0.409 0.0
поговорить 0.001 0.62 0.001
такой 0.001 0.114 0.0
алексей 0.002 0.886 0.002
родиться 0.002 0.921 0.002
вырасти 0.001 0.824 0.001
последний 0.002 0.284 0.001
жить 0.005 0.481 0.002
киев 0.002 0.699 0.001
родный 0.002 1.0 0.002
приехать 0.001 0.854 0.001
первый 0.003 0.143 0.0
день 0.011000000000000003 0.167 0.002
война 0.006 0.357 0.002
февраль 0.002 0.337 0.001
отпраздновать 0.001 1.523 0.002
юбилей 0.001 2.0 0.002
свой 0.002 0.143 0.0
бабушка 0.002 1.0 0.002
итог 0.001 0.509 0.001
застрять 0.001 1.398 0.001
осадить 0.001 1.398 0.001
вместе 0.001 0.602 0.001
родитель 0.002 0.854 0.002
10-летний 0.001 2.0 0.002
сестра 0.001 1.046 0.001
это 0.007 0.066 0.0
работать 0.003 0.102 0.0
инженер 0.001 2.0 0.002
имя 0.001 0.585 0.001
изменить 0.001 0.538 0.001
проснуться 0.001 1.097 0.001
рано 0.001 0.921 0.001
утром 0.001 1.046 0.001
поезд 0.003 1.155 0.003
жуткий 0.001 2.0 0.002
холод 0.001 2.0 0.002
встать 0.001 1.155 0.001
какой-то 0.006 0.328 0.002
полустанок 0.001 2.0 0.002
недалеко 0.001 1.301 0.001
волноваха 0.001 1.301 0.001
прийти 0.003 0.658 0.002
приказ 0.001 1.301 0.001
остановить 0.001 0.523 0.001
впереди 0.001 2.0 0.002
бомбить 0.002 0.824 0.002
прождать 0.001 2.0 0.002
несколько 0.001 0.187 0.0
час 0.004 0.538 0.002
всё-таки 0.001 0.553 0.001
разрешить 0.001 0.886 0.001
доехать 0.001 1.699 0.002
сойти 0.002 1.523 0.003
дать 0.002 0.066 0.0
бояться 0.001 0.699 0.001
сюда 0.001 1.097 0.001
скоро 0.001 0.796 0.001
войско 0.001 0.678 0.001
время 0.004 0.086 0.0
постоять 0.001 1.222 0.001
довезти 0.001 1.699 0.002
окраина 0.003 1.097 0.003
слышный 0.001 1.046 0.001
взрыв 0.003 0.959 0.003
вокруг 0.001 0.721 0.001
бегать 0.001 1.523 0.002
журналист 0.002 0.481 0.001
камера 0.001 1.097 0.001
никакой 0.002 0.409 0.001
катастрофа 0.001 0.886 0.001
поначалу 0.001 1.222 0.001
казаться 0.001 0.409 0.0
повторяться 0.001 1.398 0.001
немного 0.001 0.77 0.001
побомбить 0.001 2.0 0.002
довольно 0.001 0.523 0.001
быстро 0.002 0.495 0.001
успокоиться 0.002 1.301 0.003
сравнение 0.001 0.602 0.001
происходить 0.002 0.301 0.001
2014-й 0.001 2.0 0.002
лёгкий 0.001 0.638 0.001
дуновение 0.001 2.0 0.002
ветер 0.001 1.523 0.002
предприятие 0.001 0.959 0.001
центр 0.002 0.432 0.001
целый 0.003 0.658 0.002
авиация 0.001 1.523 0.002
бомба 0.003 1.046 0.003
слово 0.001 0.268 0.0
полноценный 0.001 1.046 0.001
мой 0.003 0.585 0.002
исполниться 0.001 1.523 0.002
кое-как 0.001 2.0 0.002
суметь 0.001 1.398 0.001
пить 0.001 1.222 0.001
шампанский 0.001 2.0 0.002
есть 0.002 1.046 0.002
колбаса 0.001 2.0 0.002
квартира 0.003 1.0 0.003
звук 0.001 0.921 0.001
пара 0.001 0.658 0.001
решить 0.001 0.398 0.0
вернуться 0.001 0.638 0.001
домой 0.001 0.824 0.001
отговаривать 0.001 1.301 0.001
упереться 0.001 2.0 0.002
наотрез 0.001 2.0 0.002
отказаться 0.001 0.62 0.001
оставаться 0.001 0.387 0.0
подумать 0.001 1.0 0.001
мочь 0.003 0.102 0.0
вот-вот 0.001 1.523 0.002
оказаться 0.001 0.31 0.0
поэтому 0.001 0.328 0.0
отпустить 0.001 1.523 0.002
сей 0.001 0.456 0.0
пора 0.001 0.357 0.0
принцип 0.001 0.638 0.001
нормально 0.001 1.097 0.001
слышать 0.004 0.745 0.003
периодически 0.001 1.046 0.001
далеко 0.001 0.745 0.001
далёкий 0.002 0.481 0.001
спокойно 0.001 0.824 0.001
сидеть 0.002 0.77 0.002
быть 0.002 0.215 0.0
газ 0.003 1.097 0.003
вода 0.013000000000000001 0.638 0.008
электричество 0.003 1.0 0.003
достаточно 0.001 0.444 0.0
подогреть 0.001 2.0 0.002
еда 0.004 0.678 0.003
приготовить 0.001 1.523 0.002
пропасть 0.001 1.301 0.001
отопление 0.002 1.301 0.003
начаться 0.003 0.367 0.001
фотография 0.006 0.553 0.003
тепло 0.001 1.301 0.001
подвал 0.005 1.0 0.005
назад 0.003 0.18 0.001
сначала 0.001 0.602 0.001
прийтись 0.001 0.602 0.001
пройти 0.001 0.387 0.0
пресловутый 0.001 1.699 0.002
пять 0.001 0.432 0.0
стадия 0.001 1.222 0.001
принятие 0.001 1.0 0.001
неизбежный 0.001 1.523 0.002
занять 0.002 0.921 0.002
два-три 0.001 1.398 0.001
включиться 0.001 1.523 0.002
режим 0.001 0.658 0.001
выживание 0.001 2.0 0.002
начать 0.001 0.276 0.0
налаживать 0.001 2.0 0.002
новый 0.002 0.187 0.0
быт 0.001 1.699 0.002
состоять 0.001 0.959 0.001
три 0.002 0.569 0.001
основный 0.001 0.62 0.001
пункт 0.001 0.721 0.001
стоять 0.003 1.0 0.003
очередь 0.001 0.538 0.001
таскать 0.001 2.0 0.002
готовить 0.003 0.959 0.003
дрова 0.001 1.699 0.002
костёр 0.004 1.398 0.006
приходиться 0.001 0.745 0.001
носить 0.001 0.796 0.001
очень 0.001 0.149 0.0
смыв 0.001 2.0 0.002
унитаз 0.001 2.0 0.002
нужно 0.001 0.237 0.0
литр 0.001 1.699 0.002
шесть 0.002 0.745 0.001
убывать 0.001 1.699 0.002
дамба 0.001 2.0 0.002
который 0.002 0.071 0.0
направлять 0.001 1.398 0.001
река 0.002 1.398 0.003
разрушить 0.002 0.77 0.002
мелеть 0.001 2.0 0.002
питие 0.001 1.699 0.002
готовка 0.001 2.0 0.002
годиться 0.001 2.0 0.002
питьевой 0.001 2.0 0.002
привозный 0.001 2.0 0.002
выпилить 0.001 1.699 0.002
бутилировать 0.001 2.0 0.002
xix 0.001 1.699 0.002
век 0.001 1.046 0.001
идти 0.002 0.222 0.0
колодец 0.002 2.0 0.004
набрать 0.001 1.046 0.001
отстоять 0.001 1.699 0.002
огромный 0.003 0.721 0.002
70–80 0.001 2.0 0.002
церковный 0.001 1.699 0.002
чистый 0.001 1.046 0.001
другой 0.002 0.097 0.0
грязный 0.001 1.222 0.001
30–40 0.001 1.699 0.002
равно 0.002 0.638 0.001
ждать 0.001 0.481 0.0
долго 0.001 0.745 0.001
прокипятить 0.001 2.0 0.002
мутный 0.001 2.0 0.002
вонять 0.001 2.0 0.002
тина 0.001 1.699 0.002
напомнить 0.001 0.699 0.001
единственный 0.001 0.481 0.0
вариант 0.001 0.481 0.0
развести 0.001 2.0 0.002
пускать 0.001 1.097 0.001
дерево 0.002 1.523 0.003
двор 0.003 1.398 0.004
пилить 0.002 2.0 0.004
колоть 0.001 1.699 0.002
отец 0.001 1.0 0.001
заварить 0.001 2.0 0.002
чай 0.001 1.699 0.002
уходить 0.001 0.824 0.001
процесс 0.001 0.538 0.001
гречка 0.002 2.0 0.004
варить 0.001 2.0 0.002
минута 0.001 0.745 0.001
жечь 0.001 2.0 0.002
приучиться 0.001 2.0 0.002
жизнь 0.001 0.319 0.0
более-менее 0.001 1.155 0.001
смириться 0.001 2.0 0.002
масштабный 0.001 1.0 0.001
обстрел 0.004 0.678 0.003
угодить 0.001 2.0 0.002
лестничный 0.001 1.523 0.002
пролёт 0.001 2.0 0.002
восьмой 0.002 1.523 0.003
девятый 0.001 1.699 0.002
этаж 0.003 1.398 0.004
просто 0.002 0.194 0.0
кусок 0.001 1.222 0.001
рядом 0.003 0.854 0.003
побить 0.001 2.0 0.002
окно 0.004 0.886 0.004
вроде 0.001 0.658 0.001
остаться 0.004 0.432 0.002
живой 0.003 0.553 0.002
двое 0.001 1.155 0.001
погибнуть 0.002 0.824 0.002
многоквартирный 0.001 2.0 0.002
выстрел 0.002 1.301 0.003
сделать 0.001 0.208 0.0
пушка 0.001 2.0 0.002
танк 0.004 0.854 0.003
служба 0.001 0.678 0.001
давно 0.001 0.77 0.001
скорый 0.001 0.921 0.001
пожарный 0.001 1.398 0.001
мчс 0.001 2.0 0.002
полиция 0.001 1.0 0.001
приезжать 0.001 0.921 0.001
сказать 0.001 0.31 0.0
положить 0.001 1.0 0.001
тело 0.001 0.886 0.001
накрыть 0.001 1.523 0.002
что-нибудь 0.002 1.398 0.003
хоронить 0.002 1.155 0.002
сам 0.002 0.137 0.0
запретить 0.001 0.77 0.001
уезжать 0.001 1.046 0.001
труп 0.003 1.301 0.004
лежать 0.001 0.824 0.001
весна 0.001 1.0 0.001
нынче 0.001 2.0 0.002
холодный 0.001 1.301 0.001
право 0.001 0.538 0.001
берег 0.002 1.523 0.003
кальмиус 0.001 1.699 0.002
район 0.001 0.678 0.001
улица 0.002 0.699 0.001
киров 0.001 2.0 0.002
братский 0.003 1.155 0.003
могила 0.003 1.097 0.003
знать 0.001 0.244 0.0
местный 0.004 0.602 0.002
христианский 0.001 1.398 0.001
секта 0.001 1.523 0.002
закапывать 0.001 1.699 0.002
левый 0.002 1.301 0.003
возможно 0.001 0.398 0.0
разный 0.002 0.276 0.001
говорить 0.002 0.18 0.0
военный 0.003 0.444 0.001
открыть 0.002 0.538 0.001
симка 0.001 2.0 0.002
раздавать 0.001 1.301 0.001
вообще 0.001 0.066 0.0
прекрасно 0.001 1.222 0.001
старик 0.001 1.398 0.001
ощущение 0.001 1.097 0.001
достаться 0.001 1.301 0.001
сильный 0.001 0.553 0.001
правый 0.001 1.046 0.001
крайний 0.001 0.602 0.001
мера 0.001 0.377 0.0
видно 0.001 0.921 0.001
гореть 0.001 1.155 0.001
дым 0.001 1.301 0.001
мариуполец 0.001 1.699 0.002
рассказ 0.002 1.155 0.002
практически 0.001 0.602 0.001
лекарство 0.001 0.569 0.001
россия 0.003 0.108 0.0
продолжать 0.002 0.292 0.001
обстреливать 0.001 1.0 0.001
рассказывать 0.001 0.337 0.0
легенда 0.001 1.699 0.002
мол 0.001 1.398 0.001
забраться 0.001 2.0 0.002
взорвать 0.004 1.398 0.006
многоэтажка 0.001 1.301 0.001
что-то 0.001 0.509 0.001
словить 0.001 2.0 0.002
особо 0.001 1.097 0.001
верить 0.001 0.553 0.001
проверять 0.001 0.77 0.001
долгий 0.001 0.745 0.001
минимальный 0.001 0.959 0.001
температура 0.001 0.824 0.001
ночь 0.001 0.854 0.001
достигать 0.001 1.301 0.001
минус 0.001 1.222 0.001
девять 0.001 1.155 0.001
градус 0.001 1.398 0.001
натягивать 0.001 2.0 0.002
одежда 0.001 0.921 0.001
спасть 0.001 1.155 0.001
одеяло 0.001 1.398 0.001
согреваться 0.001 2.0 0.002
погорелец 0.001 2.0 0.002
тьма 0.001 1.699 0.002
видный 0.001 1.046 0.001
соседний 0.001 1.222 0.001
прилететь 0.003 1.699 0.005
авиабомба 0.002 1.398 0.003
загореться 0.001 1.699 0.002
тушить 0.001 1.398 0.001
некого 0.001 1.699 0.002
сгореть 0.001 1.699 0.002
весь 0.003 0.114 0.0
стоить 0.001 0.469 0.0
полностью 0.001 0.538 0.001
чёрный 0.001 0.959 0.001
подобный 0.001 0.721 0.001
видеть 0.004 0.444 0.002
штука 0.001 1.398 0.001
четыре 0.001 0.509 0.001
точно 0.001 0.481 0.0
десятка 0.001 0.721 0.001
повредить 0.001 1.301 0.001
степень 0.001 0.658 0.001
некуда 0.001 1.301 0.001
забиваться 0.001 2.0 0.002
как-то 0.001 0.699 0.001
пересидеть 0.001 1.699 0.002
школа 0.004 0.699 0.003
прятаться 0.001 1.0 0.001
пробить 0.001 2.0 0.002
фундамент 0.001 2.0 0.002
семья 0.001 0.796 0.001
автомат 0.001 1.523 0.002
высоко 0.001 1.523 0.002
стрелять 0.004 1.0 0.004
убить 0.001 1.097 0.001
разница 0.001 0.77 0.001
прямо 0.001 0.357 0.0
упасть 0.001 0.77 0.001
задеть 0.001 2.0 0.002
спасибо 0.001 1.222 0.001
просыпаться 0.001 1.398 0.001
воронка 0.002 1.523 0.003
думать 0.003 0.456 0.001
замечательный 0.001 1.699 0.002
момент 0.001 0.387 0.0
стать 0.002 0.149 0.0
вскрывать 0.001 2.0 0.002
магазин 0.001 0.796 0.001
вытаскивать 0.001 2.0 0.002
телефон 0.001 0.745 0.001
пауэрбанка 0.001 1.699 0.002
следом 0.001 1.398 0.001
народ 0.001 0.745 0.001
подтянуться 0.001 2.0 0.002
кто-то 0.002 0.523 0.001
громить 0.001 2.0 0.002
забираться 0.001 2.0 0.002
фаталист 0.001 2.0 0.002
принимать 0.001 0.432 0.0
судьба 0.001 1.097 0.001
ответственность 0.001 0.678 0.001
смирение 0.001 2.0 0.002
начальство 0.001 1.523 0.002
пойти 0.001 0.509 0.001
сторона 0.001 0.347 0.0
вряд 0.001 0.854 0.001
когда-то 0.001 1.301 0.001
тащить 0.001 2.0 0.002
протухший 0.001 2.0 0.002
мясо 0.001 1.398 0.001
сыр 0.001 1.699 0.002
молочко 0.001 2.0 0.002
напиток 0.001 1.699 0.002
цыган 0.001 2.0 0.002
успеть 0.002 0.678 0.001
затариться 0.001 2.0 0.002
число 0.001 0.201 0.0
забрать 0.001 1.046 0.001
сигарета 0.002 2.0 0.004
алкоголь 0.001 1.046 0.001
продавать 0.002 0.921 0.002
сумасшедший 0.001 1.523 0.002
цена 0.002 1.0 0.002
гривна 0.001 1.523 0.002
пачка 0.001 2.0 0.002
аптека 0.001 1.0 0.001
вскрыть 0.001 1.699 0.002
взять 0.001 0.553 0.001
обезболивать 0.001 1.523 0.002
противовоспалительный 0.001 1.523 0.002
препарат 0.001 0.585 0.001
бинт 0.001 2.0 0.002
сапёр 0.001 2.0 0.002
очередной 0.001 0.796 0.001
удар 0.002 0.745 0.001
press 0.001 0.824 0.001
service 0.001 1.097 0.001
of 0.001 0.721 0.001
the 0.001 0.481 0.0
national 0.001 1.222 0.001
police 0.001 1.155 0.001
ukraine 0.001 0.921 0.001
reuters 0.001 0.745 0.001
целое 0.001 0.585 0.001
голодать 0.001 2.0 0.002
паника 0.001 1.155 0.001
урвать 0.001 2.0 0.002
рис 0.001 2.0 0.002
сгущёнка 0.001 1.699 0.002
дух 0.001 1.398 0.001
стараться 0.001 0.854 0.001
падать 0.001 0.824 0.001
держаться 0.001 0.886 0.001
бодро 0.001 2.0 0.002
делать 0.001 0.18 0.0
страшно 0.002 1.097 0.002
правда 0.001 0.456 0.0
мариупольский 0.002 1.699 0.003
больница 0.002 0.495 0.001
неужели 0.001 1.155 0.001
действительно 0.001 0.377 0.0
сфальсифицировать 0.001 1.301 0.001
репортаж 0.001 0.678 0.001
роддом 0.001 1.0 0.001
спойлер 0.001 0.796 0.001
разбирать 0.001 0.854 0.001
аргумент 0.001 0.62 0.001
главный 0.001 0.276 0.0
пропагандистский 0.001 1.222 0.001
миф 0.001 1.046 0.001
послать 0.001 1.398 0.001
рынок 0.001 0.699 0.001
масло 0.002 1.699 0.003
продавец 0.001 1.523 0.002
распродавать 0.001 2.0 0.002
раз 0.002 0.569 0.001
выше 0.001 0.509 0.001
довоенный 0.001 2.0 0.002
нечего 0.002 1.398 0.003
брать 0.001 0.77 0.001
обратный 0.001 1.155 0.001
путь 0.001 0.62 0.001
выезжать 0.001 1.222 0.001
мало 0.001 0.538 0.001
каждый 0.002 0.244 0.0
туда-сюда 0.001 2.0 0.002
кататься 0.001 2.0 0.002
начинать 0.001 0.569 0.001
понимать 0.001 0.42 0.0
отсюда 0.001 1.097 0.001
ответный 0.001 1.699 0.002
драть 0.001 2.0 0.002
лично 0.001 0.959 0.001
встречать 0.001 1.222 0.001
самолёт 0.001 1.097 0.001
полчаса 0.001 1.301 0.001
пролетать 0.001 2.0 0.002
скинуть 0.002 1.523 0.003
ударный 0.001 1.699 0.002
волна 0.001 0.921 0.001
хата 0.001 1.699 0.002
ходуном 0.001 1.699 0.002
ходить 0.001 0.77 0.001
влево-вправо 0.001 2.0 0.002
15–20 0.001 1.523 0.002
уехать 0.001 0.824 0.001
появляться 0.001 0.658 0.001
слух 0.001 1.222 0.001
зелёный 0.001 1.155 0.001
оба 0.001 0.62 0.001
разворачивать 0.001 2.0 0.002
исключать 0.001 1.046 0.001
использовать 0.001 0.319 0.0
щит 0.001 2.0 0.002
какой-нибудь 0.001 1.155 0.001
миномёт 0.002 2.0 0.004
притащить 0.001 2.0 0.002
мощный 0.001 1.046 0.001
мирный 0.001 0.699 0.001
никто 0.002 0.432 0.001
дело 0.001 0.252 0.0
буквально 0.001 0.886 0.001
огонь 0.001 1.046 0.001
хотеть 0.002 0.102 0.0
прикрываться 0.001 2.0 0.002
узнать 0.002 0.481 0.001
трасса 0.001 1.398 0.001
вести 0.001 0.553 0.001
посёлок 0.001 1.523 0.002
юго-запад 0.001 1.523 0.002
мангуш 0.001 1.699 0.002
блокпост 0.003 1.398 0.004
рассказать 0.001 0.469 0.0
брат 0.001 1.222 0.001
специально 0.001 0.959 0.001
ради 0.001 1.046 0.001
село 0.002 1.222 0.002
мелекино 0.001 2.0 0.002
воспользоваться 0.001 1.097 0.001
собственно 0.001 1.699 0.002
новость 0.001 0.357 0.0
распространяться 0.001 0.699 0.001
машина 0.001 0.921 0.001
гараж 0.001 1.523 0.002
бензин 0.002 1.699 0.003
сохранить 0.001 0.796 0.001
покидать 0.001 1.046 0.001
тёплый 0.001 1.222 0.001
вещь 0.001 0.62 0.001
техника 0.002 1.046 0.002
документ 0.001 0.678 0.001
рвануть 0.001 1.699 0.002
ключ 0.001 1.523 0.002
оставить 0.001 1.097 0.001
сосед 0.001 1.155 0.001
пожар 0.001 1.155 0.001
потушить 0.001 1.699 0.002
вид 0.002 0.398 0.001
авиаудар 0.001 1.046 0.001
показаться 0.001 1.398 0.001
артиллерия 0.001 1.155 0.001
расстрелять 0.001 1.398 0.001
кругом 0.001 1.523 0.002
наглухо 0.001 2.0 0.002
выгореть 0.001 2.0 0.002
разорвать 0.001 1.699 0.002
ехать 0.001 1.0 0.001
чей-то 0.001 1.523 0.002
нога 0.001 0.959 0.001
валяться 0.001 1.523 0.002
голова 0.001 0.959 0.001
километр 0.001 1.046 0.001
дача 0.001 1.523 0.002
побыть 0.001 2.0 0.002
купить 0.001 0.796 0.001
негде 0.001 1.523 0.002
зато 0.001 0.886 0.001
запас 0.001 1.523 0.002
полтора 0.001 0.959 0.001
затянуть 0.001 1.523 0.002
пояс 0.001 1.699 0.002
бомбёжка 0.001 1.155 0.001
хозяин 0.001 1.097 0.001
свиноферма 0.001 2.0 0.002
кормить 0.001 1.155 0.001
скот 0.001 2.0 0.002
забивать 0.001 2.0 0.002
свинья 0.001 2.0 0.002
завезти 0.001 2.0 0.002
транспорт 0.001 0.854 0.001
пустить 0.001 1.301 0.001
надеяться 0.001 0.699 0.001
суть 0.001 0.959 0.001
дорога 0.001 0.959 0.001
проезжать 0.001 1.523 0.002
перепахать 0.001 2.0 0.002
сносить 0.001 1.699 0.002
радиус 0.001 2.0 0.002
десять 0.001 0.585 0.001
метр 0.001 1.699 0.002
оставлять 0.001 0.959 0.001
пятнадцать 0.001 2.0 0.002
диаметр 0.001 2.0 0.002
глубина 0.001 1.398 0.001
осколок 0.001 1.301 0.001
провод 0.001 1.699 0.002
висеть 0.001 1.301 0.001
торчать 0.001 1.699 0.002
асфальт 0.001 1.699 0.002
обломок 0.001 1.699 0.002
ракетный 0.001 1.222 0.001
расти 0.001 0.886 0.001
оканчивать 0.001 2.0 0.002
учиться 0.001 0.959 0.001
городской 0.001 1.046 0.001
технологический 0.001 1.155 0.001
лицей 0.002 2.0 0.004
28-й 0.001 1.699 0.002
дыра 0.001 1.301 0.001
крыша 0.001 1.398 0.001
выдержать 0.001 1.301 0.001
пластиковый 0.001 1.699 0.002
он 0.001 1.155 0.001
дырка 0.001 2.0 0.002
стена 0.001 0.921 0.001
ненавидеть 0.002 1.301 0.003
близкий 0.001 0.347 0.0
родственник 0.001 0.745 0.001
друг 0.001 0.387 0.0
прожить 0.001 1.222 0.001
сумма 0.001 1.398 0.001
кто 0.001 0.377 0.0
ненависть 0.001 1.222 0.001
испытывать 0.001 1.0 0.001
косой 0.001 1.699 0.002
артиллерист 0.001 2.0 0.002
слепой 0.001 1.155 0.001
лётчик 0.001 1.699 0.002
точнее 0.001 0.921 0.001
жертва 0.001 0.824 0.001
среди 0.001 0.42 0.0
население 0.001 0.569 0.001
маленький 0.001 0.328 0.0
винить 0.001 1.398 0.001
пожалуй 0.001 1.523 0.002
бесправный 0.001 2.0 0.002
трусливый 0.001 2.0 0.002
россиянин 0.001 0.444 0.0
собраться 0.001 1.523 0.002
двадцатый 0.002 1.699 0.003
волонтёр 0.001 0.959 0.001
помогать 0.001 0.444 0.0
убирать 0.001 1.222 0.001
завал 0.001 1.523 0.002
раненый 0.001 1.398 0.001
24/7 0.001 0.102 0.0
интерес 0.001 0.155 0.0
читателейн 0.001 0.174 0.0
срочно 0.001 0.167 0.0
помочь 0.001 0.125 0.0
записать 0.001 0.959 0.001
вероника 0.001 1.523 0.002
кузнецов 0.001 1.523 0.002
редакция 0.001 0.066 0.0
кодекс 0.001 0.066 0.0
блог 0.001 0.066 0.0
meduzacare 0.001 0.066 0.0
связаться 0.001 0.066 0.0
анонимно 0.001 0.066 0.0
платформа 0.001 0.066 0.0
ios 0.001 0.066 0.0
android 0.001 0.066 0.0
инстаграм 0.001 0.066 0.0
twitter 0.001 0.0 0.0
facebook 0.001 0.0 0.0
вконтакте 0.001 0.066 0.0
youtube 0.001 0.06 0.0
– 0.001 0.06 0.0
live 0.001 0.022 0.0
вечерний 0.001 0.066 0.0
реклама 0.001 0.066 0.0
требование 0.001 0.066 0.0
баннер 0.001 0.066 0.0
безопасно 0.001 0.066 0.0
персональный 0.001 0.066 0.0
правило 0.001 0.066 0.0
обработка 0.001 0.066 0.0
использование 0.001 0.066 0.0
кук 0.001 0.066 0.0
наслать 0.001 0.066 0.0
ошибка 0.001 0.066 0.0
выделить 0.001 0.066 0.0
нажать 0.001 0.066 0.0
ctrl+enter 0.001 0.066 0.0
спасибоgiphyз 0.001 0.066 0.0
гифка 0.001 0.066 0.0
© 0.001 0.0 0.0
