перейти 0.001 0.066 0.0
материал 0.003 0.066 0.0
связь 0.001 0.0 0.0
новостиисторииразборшапитокоронавирусмагаз 0.001 0.066 0.0
медуза 0.01 0.066 0.001
рекламаmeduza 0.001 0.066 0.0
in 0.001 0.0 0.0
english 0.001 0.06 0.0
показывать 0.001 0.066 0.0
порядок 0.001 0.066 0.0
en 0.001 0.066 0.0
кнопка 0.001 0.066 0.0
поддержка 0.002 0.066 0.0
новость 0.001 0.357 0.0
мариуполь 0.004 0.77 0.003
полтора 0.001 0.959 0.001
тысяча 0.003 0.31 0.001
погибнуть 0.001 0.824 0.001
оккупировать 0.002 1.097 0.002
мелитополь 0.006 1.301 0.008
похитить 0.003 1.523 0.005
мэр 0.005 0.77 0.004
подразделение 0.001 1.222 0.001
фсб 0.004 1.155 0.005
отвечать 0.003 0.456 0.001
украина 0.01 0.347 0.003
арест 0.003 1.398 0.004
война 0.006 0.357 0.002
идти 0.002 0.222 0.0
шестнадцатый 0.001 1.699 0.002
день 0.005 0.167 0.001
главное 0.001 0.585 0.001
март 0.005 0.284 0.001
источник 0.004 0.167 0.001
meduza 0.004 0.0 0.0
данный 0.001 0.097 0.0
сообщение 0.005 0.102 0.001
создать 0.001 0.097 0.0
распространить 0.001 0.102 0.0
иностранный 0.003 0.097 0.0
средство 0.002 0.097 0.0
массовый 0.001 0.097 0.0
информация 0.003 0.102 0.0
выполнять 0.002 0.097 0.0
функция 0.002 0.097 0.0
агент 0.002 0.097 0.0
российский 0.014000000000000002 0.071 0.001
юридический 0.001 0.102 0.0
лицо 0.002 0.086 0.0
мы 0.002 0.066 0.0
нужный 0.002 0.086 0.0
ваш 0.002 0.081 0.0
помощь 0.005 0.071 0.0
пожалуйста 0.001 0.102 0.0
поддержать 0.003 0.066 0.0
evgeniy 0.001 1.301 0.001
maloletka 0.001 1.301 0.001
ap 0.001 0.854 0.001
scanpix 0.001 0.301 0.0
leta 0.001 0.301 0.0
власть 0.004 0.31 0.001
заявить 0.004 0.553 0.002
гибель 0.002 1.398 0.003
мирный 0.004 0.699 0.003
житель 0.006 0.456 0.003
время 0.002 0.086 0.0
блокада 0.001 1.523 0.002
причина 0.002 0.398 0.001
мариупольский 0.001 1.699 0.002
городской 0.001 1.046 0.001
совет 0.001 0.721 0.001
назвать 0.001 0.569 0.001
беспощадный 0.001 2.0 0.002
обстрел 0.001 0.678 0.001
жилой 0.001 0.886 0.001
квартал 0.001 0.959 0.001
гуманитарный 0.003 0.921 0.003
коридор 0.002 0.959 0.002
окружить 0.001 1.222 0.001
город 0.009000000000000001 0.409 0.004
открыть 0.001 0.538 0.001
ночь 0.001 0.854 0.001
президент 0.003 0.523 0.002
владимир 0.004 0.523 0.002
зеленский 0.002 0.854 0.002
танковый 0.001 1.301 0.001
атака 0.001 0.959 0.001
россиянин 0.001 0.444 0.0
место 0.001 0.409 0.0
должный 0.001 0.201 0.0
пройти 0.001 0.387 0.0
колонна 0.001 1.0 0.001
чёткий 0.001 1.0 0.001
приказ 0.001 1.301 0.001
держать 0.001 0.824 0.001
заложник 0.001 1.222 0.001
издеваться 0.001 1.699 0.002
сказать 0.001 0.31 0.0
минобороны 0.002 1.046 0.002
рф 0.004 0.745 0.003
предлагать 0.001 0.602 0.001
альтернативный 0.001 1.0 0.001
картина 0.001 0.721 0.001
происходить 0.004 0.301 0.001
согласно 0.001 0.745 0.001
ведомство 0.001 0.796 0.001
вооружённый 0.001 1.0 0.001
ходить 0.002 0.77 0.002
улица 0.001 0.699 0.001
открывать 0.001 1.097 0.001
беспорядочный 0.001 2.0 0.002
стрельба 0.001 1.523 0.002
самый 0.001 0.208 0.0
вынуждать 0.001 1.222 0.001
гражданский 0.001 0.745 0.001
население 0.001 0.569 0.001
оставаться 0.001 0.387 0.0
свой 0.001 0.143 0.0
дом 0.001 0.495 0.0
подступ 0.001 1.699 0.002
разрушить 0.001 0.77 0.001
заминировать 0.001 1.523 0.002
националист 0.001 1.301 0.001
управление 0.001 0.824 0.001
оон 0.001 1.222 0.001
право 0.002 0.538 0.001
человек 0.008 0.092 0.001
официально 0.001 0.959 0.001
зарегистрировать 0.001 0.602 0.001
малый 0.001 0.678 0.001
мера 0.001 0.377 0.0
получить 0.001 0.328 0.0
ранение 0.001 1.097 0.001
занятой 0.001 1.301 0.001
россия 0.012 0.108 0.001
лнр 0.007 1.0 0.007
днр 0.006 0.959 0.006
объявить 0.001 0.553 0.001
подозревать 0.001 1.155 0.001
содействие 0.003 1.699 0.005
терроризм 0.002 1.301 0.003
слово 0.002 0.268 0.001
замглавы 0.001 1.699 0.002
офис 0.001 1.046 0.001
кирилл 0.001 1.222 0.001
тимошенко 0.002 2.0 0.004
иван 0.001 1.523 0.002
фёдоров 0.005 1.699 0.008
военный 0.003 0.444 0.001
опубликовать 0.002 0.509 0.001
видео 0.001 0.678 0.001
видно 0.001 0.921 0.001
сила 0.001 0.456 0.0
вести 0.001 0.553 0.001
площадь 0.001 1.046 0.001
форма 0.002 0.62 0.001
вскоре 0.001 1.0 0.001
генеральный 0.001 1.046 0.001
прокуратура 0.001 1.523 0.002
сообщить 0.001 0.638 0.001
возбуждение 0.001 1.398 0.001
против 0.005 0.229 0.001
уголовный 0.003 0.959 0.003
дело 0.003 0.252 0.001
террористический 0.002 1.398 0.003
деятельность 0.001 0.854 0.001
якобы 0.002 0.854 0.002
оказывать 0.001 1.046 0.001
финансовый 0.001 1.046 0.001
иной 0.001 0.921 0.001
националистический 0.001 2.0 0.002
организация 0.004 0.509 0.002
„ 0.001 0.62 0.001
правый 0.002 1.046 0.002
сектор 0.002 1.523 0.003
“ 0.001 0.432 0.0
совершение 0.001 1.699 0.002
преступление 0.001 1.046 0.001
донбасс 0.002 0.959 0.002
ответственность 0.003 0.678 0.002
задержание 0.001 1.301 0.001
сепаратист 0.001 1.699 0.002
момент 0.001 0.387 0.0
публикация 0.001 0.796 0.001
текст 0.001 0.62 0.001
взять 0.001 0.553 0.001
напротив 0.002 1.222 0.002
уточняться 0.001 1.699 0.002
местонахождение 0.001 2.0 0.002
устанавливать 0.001 1.222 0.001
находиться 0.001 0.367 0.0
неизвестно 0.001 0.77 0.001
отметить 0.001 0.886 0.001
запорожский 0.001 1.301 0.001
область 0.001 0.523 0.001
являться 0.001 0.602 0.001
часть 0.001 0.377 0.0
точка 0.001 0.444 0.0
зрение 0.001 0.585 0.001
этот 0.002 0.137 0.0
самопровозглашённый 0.001 1.523 0.002
республика 0.002 0.921 0.002
какой-то 0.001 0.328 0.0
предыстория 0.001 2.0 0.002
обвинение 0.001 1.398 0.001
оперативно 0.001 1.301 0.001
выяснить 0.001 0.824 0.001
удаться 0.001 0.456 0.0
украинский 0.003 0.538 0.002
сторона 0.003 0.347 0.001
попасть 0.001 0.409 0.0
контроль 0.001 0.585 0.001
отказываться 0.001 0.721 0.001
сотрудничать 0.001 1.301 0.001
прямо 0.002 0.357 0.001
киевский 0.001 1.155 0.001
запретить 0.002 0.77 0.002
какой-либо 0.001 0.854 0.001
контакт 0.001 0.886 0.001
число 0.004 0.201 0.001
несогласный 0.001 1.398 0.001
просто 0.004 0.194 0.001
расстреливать 0.001 1.523 0.002
сбу 0.001 1.699 0.002
который 0.009000000000000001 0.071 0.001
утверждаться 0.001 1.097 0.001
распространять 0.002 1.097 0.002
бердянск 0.002 1.398 0.003
проверить 0.001 0.886 0.001
это 0.004 0.066 0.0
мочь 0.002 0.102 0.0
следовать 0.001 0.678 0.001
отсутствие 0.001 0.699 0.001
сотрудничество 0.001 0.959 0.001
представляться 0.001 1.398 0.001
проблема 0.001 0.347 0.0
листовка 0.001 1.523 0.002
называться 0.001 0.699 0.001
преступный 0.001 1.699 0.002
игнорирование 0.001 2.0 0.002
руководство 0.001 0.796 0.001
район 0.001 0.678 0.001
присутствие 0.001 1.222 0.001
пытаться 0.002 0.409 0.001
херсон 0.001 1.699 0.002
пропаганда 0.001 0.745 0.001
телевидение 0.001 1.222 0.001
местный 0.001 0.602 0.001
регулярно 0.001 1.0 0.001
выходить 0.001 0.62 0.001
акция 0.001 0.745 0.001
протест 0.001 0.745 0.001
собираться 0.001 0.602 0.001
meta 0.005 1.222 0.006
генпрокуратура 0.001 1.398 0.001
попросить 0.001 0.699 0.001
суд 0.001 1.097 0.001
признать 0.001 0.658 0.001
экстремистский 0.002 1.222 0.002
материнский 0.001 1.398 0.001
компания 0.003 0.444 0.001
facebook 0.002 0.0 0.0
instagram 0.001 0.745 0.001
whatsapp 0.002 1.398 0.003
из-за 0.001 0.229 0.0
решение 0.002 0.347 0.001
удалять 0.001 1.222 0.001
призыв 0.002 0.854 0.002
насилие 0.001 1.398 0.001
отношение 0.001 0.509 0.001
например 0.002 0.229 0.0
смерть 0.001 0.553 0.001
русский 0.002 0.62 0.001
оккупант 0.001 1.523 0.002
политический 0.002 0.658 0.001
выражение 0.001 0.959 0.001
инстаграм 0.004 0.066 0.0
c 0.001 1.046 0.001
заблокировать 0.002 0.553 0.001
вслед 0.001 1.523 0.002
фейсбук 0.002 1.0 0.002
доступ 0.001 0.796 0.001
закрыть 0.001 0.959 0.001
следственный 0.001 1.398 0.001
комитет 0.001 1.097 0.001
счесть 0.001 1.398 0.001
действие 0.002 0.409 0.001
экстремизм 0.001 1.523 0.002
возбудить 0.001 1.523 0.002
сотрудник 0.001 0.658 0.001
включая 0.001 0.959 0.001
пресс-секретарь 0.001 1.155 0.001
какой 0.004 0.357 0.001
последствие 0.001 0.523 0.001
кроме 0.001 0.387 0.0
блокировка 0.001 1.097 0.001
быть 0.002 0.215 0.0
пока 0.001 0.208 0.0
неясно 0.001 1.097 0.001
комментировать 0.001 1.222 0.001
член 0.001 0.745 0.001
парламент 0.001 1.301 0.001
верить 0.001 0.553 0.001
пользователь 0.002 1.046 0.002
привлекаться 0.001 2.0 0.002
б 0.001 1.523 0.002
рекламодатель 0.001 1.699 0.002
случай 0.001 0.194 0.0
признание 0.002 1.046 0.002
привлечь 0.001 1.097 0.001
важно 0.001 0.509 0.001
помнить 0.001 0.699 0.001
мнение 0.002 0.509 0.001
депутат 0.001 1.155 0.001
госдума 0.001 1.046 0.001
сенатор 0.001 2.0 0.002
сожаление 0.001 0.553 0.001
давать 0.001 0.31 0.0
основание 0.001 0.569 0.001
судить 0.001 0.585 0.001
сам 0.001 0.137 0.0
вспомнить 0.001 1.046 0.001
хотя 0.001 0.276 0.0
недавний 0.001 1.0 0.001
рассуждение 0.001 1.523 0.002
реальный 0.001 0.638 0.001
граница 0.001 0.658 0.001
подробный 0.001 0.569 0.001
ждать 0.001 0.481 0.0
читать 0.001 0.444 0.0
интервью 0.001 0.745 0.001
основатель 0.001 1.222 0.001
правозащитный 0.001 1.699 0.002
проект 0.001 0.745 0.001
агора 0.001 2.0 0.002
павел 0.001 1.523 0.002
чикова 0.001 2.0 0.002
хотеть 0.004 0.102 0.0
отправить 0.002 0.959 0.002
доброволец 0.002 0.854 0.002
ближний 0.001 1.222 0.001
восток 0.001 0.886 0.001
также 0.004 0.237 0.001
наёмник 0.006 1.699 0.01
министр 0.001 0.886 0.001
оборона 0.001 0.959 0.001
сергей 0.002 0.796 0.002
шойгу 0.001 1.398 0.001
доклад 0.001 0.959 0.001
путин 0.005 0.523 0.003
рассказать 0.001 0.469 0.0
заявка 0.001 1.155 0.001
приехать 0.001 0.854 0.001
луганский 0.001 1.398 0.001
донецкий 0.001 1.155 0.001
народный 0.001 0.959 0.001
участвовать 0.002 0.569 0.001
считать 0.001 0.319 0.0
освободительный 0.001 1.523 0.002
движение 0.001 0.921 0.001
идея 0.001 0.585 0.001
пойти 0.001 0.509 0.001
навстречу 0.001 1.523 0.002
помочь 0.002 0.125 0.0
перебраться 0.001 1.398 0.001
зона 0.001 0.921 0.001
боевой 0.001 0.77 0.001
аргументировать 0.001 1.523 0.002
западный 0.001 0.553 0.001
спонсор 0.001 1.699 0.002
пренебрегать 0.001 1.699 0.002
всякий 0.002 0.921 0.002
норма 0.001 1.0 0.001
международный 0.001 0.569 0.001
отправлять 0.001 1.0 0.001
путать 0.001 2.0 0.002
важный 0.001 0.284 0.0
деталь 0.001 1.155 0.001
собеседник 0.001 1.097 0.001
издание 0.001 0.481 0.0
the 0.001 0.481 0.0
wall 0.001 1.398 0.001
street 0.001 1.301 0.001
journal 0.001 1.398 0.001
первый 0.001 0.143 0.0
написать 0.001 0.62 0.001
план 0.002 0.658 0.001
задействовать 0.001 1.222 0.001
сириец 0.001 2.0 0.002
речь 0.001 0.398 0.0
опыт 0.001 0.699 0.001
бой 0.001 0.959 0.001
условие 0.001 0.495 0.0
прокомментировать 0.001 1.301 0.001
войско 0.001 0.678 0.001
относиться 0.002 0.62 0.001
украинец 0.001 0.796 0.001
говорить 0.001 0.18 0.0
русскоязычный 0.001 1.097 0.001
ракета 0.001 1.0 0.001
авиабомба 0.001 1.398 0.001
артиллерия 0.001 1.155 0.001
сирийский 0.001 1.699 0.002
вообще 0.002 0.066 0.0
различать 0.001 1.398 0.001
язык 0.001 0.678 0.001
разговаривать 0.001 1.0 0.001
церковь 0.001 1.222 0.001
партия 0.001 0.921 0.001
поддерживать 0.001 0.569 0.001
ехать 0.001 1.0 0.001
убивать 0.001 0.824 0.001
чужой 0.002 1.301 0.003
смысл 0.001 0.481 0.0
земля 0.001 0.796 0.001
касаться 0.001 0.553 0.001
данные 0.002 0.31 0.001
служба 0.004 0.678 0.003
би-би-си 0.002 1.523 0.003
чвк 0.002 1.699 0.003
вагнер 0.001 1.699 0.002
начало 0.001 0.26 0.0
большой 0.001 0.347 0.0
набор 0.001 0.959 0.001
отправка 0.001 1.523 0.002
причём 0.001 0.62 0.001
отказаться 0.001 0.62 0.001
недавно 0.001 0.62 0.001
действовать 0.001 0.602 0.001
ограничение 0.001 0.585 0.001
нанимать 0.001 1.523 0.002
крым 0.001 0.854 0.001
справка 0.001 1.523 0.002
несудимость 0.001 2.0 0.002
долг 0.001 1.301 0.001
основной 0.001 0.854 0.001
состав 0.001 0.745 0.001
набираться 0.001 2.0 0.002
сброд 0.001 2.0 0.002
себя 0.001 0.62 0.001
штрафбат 0.001 2.0 0.002
называть 0.002 0.432 0.001
пацан 0.001 2.0 0.002
цитировать 0.001 1.155 0.001
возможно 0.001 0.398 0.0
начать 0.001 0.276 0.0
репрессия 0.001 1.222 0.001
департамент 0.001 1.097 0.001
журналист 0.001 0.481 0.0
писатель 0.001 1.398 0.001
андрей 0.001 1.046 0.001
солдатов 0.002 2.0 0.004
ирина 0.001 1.301 0.001
борогать 0.002 2.0 0.004
год 0.001 0.119 0.0
специализироваться 0.001 1.523 0.002
спецслужба 0.001 1.398 0.001
домашний 0.002 1.155 0.002
беседа 0.002 1.222 0.002
глава 0.001 0.658 0.001
5-й 0.003 1.301 0.004
заниматься 0.001 0.62 0.001
частность 0.001 0.678 0.001
разведка 0.002 1.301 0.003
постсоветский 0.001 1.699 0.002
пространство 0.001 1.097 0.001
способствовать 0.001 1.0 0.001
реализация 0.001 1.222 0.001
кремлёвский 0.001 1.699 0.002
интерес 0.002 0.155 0.0
страна 0.001 0.155 0.0
писать 0.001 0.347 0.0
именно 0.001 0.244 0.0
предоставление 0.001 1.523 0.002
событие 0.001 0.509 0.001
накануне 0.001 1.046 0.001
вторжение 0.001 0.569 0.001
похоже 0.001 0.886 0.001
два 0.001 0.26 0.0
неделя 0.001 0.328 0.0
дойти 0.001 1.301 0.001
попросту 0.001 1.301 0.001
ввести 0.001 0.538 0.001
заблуждение 0.001 1.398 0.001
бояться 0.001 0.699 0.001
разозлить 0.001 2.0 0.002
руководитель 0.001 0.886 0.001
снабжать 0.001 2.0 0.002
услышать 0.001 1.155 0.001
наш 0.001 0.337 0.0
сообщать 0.001 0.921 0.001
генерал 0.001 1.699 0.002
заместитель 0.001 1.046 0.001
поместить 0.001 1.699 0.002
среди 0.001 0.42 0.0
нецелевой 0.001 2.0 0.002
использование 0.002 0.066 0.0
выделить 0.002 0.066 0.0
операция 0.001 0.721 0.001
плохой 0.001 0.509 0.001
разведывательный 0.001 2.0 0.002
действительно 0.001 0.377 0.0
кадровый 0.001 2.0 0.002
разведчик 0.001 2.0 0.002
оказаться 0.001 0.31 0.0
поставить 0.001 0.796 0.001
рука 0.001 0.62 0.001
вон 0.001 1.699 0.002
плохо 0.001 0.569 0.001
работать 0.001 0.102 0.0
24/7 0.001 0.102 0.0
читателейн 0.001 0.174 0.0
срочно 0.001 0.167 0.0
редакция 0.002 0.066 0.0
кодекс 0.001 0.066 0.0
блог 0.001 0.066 0.0
meduzacare 0.001 0.066 0.0
связаться 0.001 0.066 0.0
анонимно 0.001 0.066 0.0
платформа 0.002 0.066 0.0
ios 0.001 0.066 0.0
android 0.001 0.066 0.0
twitter 0.001 0.0 0.0
вконтакте 0.001 0.066 0.0
youtube 0.001 0.06 0.0
– 0.001 0.06 0.0
live 0.001 0.022 0.0
вечерний 0.001 0.066 0.0
реклама 0.002 0.066 0.0
требование 0.001 0.066 0.0
баннер 0.001 0.066 0.0
безопасно 0.001 0.066 0.0
персональный 0.001 0.066 0.0
дать 0.001 0.066 0.0
правило 0.001 0.066 0.0
обработка 0.001 0.066 0.0
кук 0.001 0.066 0.0
наслать 0.001 0.066 0.0
ошибка 0.001 0.066 0.0
нажать 0.001 0.066 0.0
ctrl+enter 0.001 0.066 0.0
спасибоgiphyз 0.001 0.066 0.0
гифка 0.001 0.066 0.0
© 0.001 0.0 0.0
