перейти 0.001 0.066 0.0
материал 0.002 0.066 0.0
связь 0.002 0.0 0.0
новостиисторииразборшапитокоронавирусмагаз 0.001 0.066 0.0
медуза 0.005 0.066 0.0
рекламаmeduza 0.001 0.066 0.0
in 0.001 0.0 0.0
english 0.001 0.06 0.0
показывать 0.002 0.066 0.0
порядок 0.001 0.066 0.0
en 0.001 0.066 0.0
кнопка 0.001 0.066 0.0
поддержка 0.002 0.066 0.0
разбор 0.001 0.387 0.0
месяц 0.003 0.432 0.001
хороший 0.002 0.377 0.001
новость 0.002 0.357 0.001
лекарство 0.003 0.569 0.002
против 0.005 0.229 0.001
ковид 0.004 0.387 0.002
продолжаться 0.002 0.699 0.001
паксловид 0.014 1.699 0.024
компания 0.008 0.444 0.004
pfizer 0.006 0.886 0.005
уменьшать 0.001 1.398 0.001
вероятность 0.002 0.602 0.001
госпитализация 0.006 0.77 0.005
новый 0.005 0.187 0.001
мочь 0.004 0.102 0.0
появиться 0.002 0.367 0.001
россия 0.006 0.108 0.001
ноябрь 0.002 0.699 0.001
источник 0.002 0.167 0.0
meduza 0.002 0.0 0.0
данный 0.003 0.097 0.0
сообщение 0.001 0.102 0.0
создать 0.002 0.097 0.0
распространить 0.001 0.102 0.0
иностранный 0.002 0.097 0.0
средство 0.002 0.097 0.0
массовый 0.001 0.097 0.0
информация 0.001 0.102 0.0
выполнять 0.001 0.097 0.0
функция 0.001 0.097 0.0
агент 0.001 0.097 0.0
российский 0.007 0.071 0.0
юридический 0.002 0.102 0.0
лицо 0.003 0.086 0.0
мы 0.002 0.066 0.0
нужный 0.001 0.086 0.0
ваш 0.001 0.081 0.0
помощь 0.001 0.071 0.0
пожалуйста 0.001 0.102 0.0
поддержать 0.002 0.066 0.0
noam 0.001 2.0 0.002
galai 0.001 2.0 0.002
getty 0.001 0.886 0.001
images 0.001 0.796 0.001
прошлый 0.001 0.745 0.001
пятница 0.001 1.398 0.001
представить 0.002 0.638 0.001
предварительный 0.002 0.959 0.002
результат 0.009000000000000001 0.367 0.003
испытание 0.011000000000000003 0.77 0.008
антивирусный 0.002 1.699 0.003
препарат 0.021000000000000005 0.585 0.012
инфекция 0.001 0.569 0.001
sars-cov-2 0.002 0.824 0.002
исследование 0.011000000000000001 0.42 0.005
который 0.012000000000000004 0.071 0.001
пройти 0.002 0.387 0.001
настолько 0.001 0.886 0.001
завершиться 0.001 1.097 0.001
досрочно 0.001 2.0 0.002
основа 0.001 0.678 0.001
ингибитор 0.003 2.0 0.006
протеаза 0.005 1.699 0.008
показать 0.001 0.432 0.0
неожиданно 0.001 2.0 0.002
высокий 0.003 0.495 0.001
эффективность 0.006 0.538 0.003
риск 0.006 0.357 0.002
принимать 0.005 0.432 0.002
таблетка 0.001 1.523 0.002
снижаться 0.001 1.155 0.001
сравнение 0.002 0.602 0.001
группа 0.004 0.387 0.002
плацебо 0.005 0.959 0.005
оказаться 0.003 0.31 0.001
эффективный 0.005 0.553 0.003
молнупиравир 0.013000000000000001 1.699 0.022
msd 0.001 2.0 0.002
merck 0.001 1.523 0.002
cо. 0.001 2.0 0.002
успешный 0.001 1.046 0.001
стать 0.001 0.149 0.0
известно 0.002 0.481 0.001
назад 0.002 0.18 0.0
объяснять 0.001 0.538 0.001
отличаться 0.004 0.553 0.002
работать 0.003 0.102 0.0
насколько 0.002 0.42 0.001
безопасный 0.003 0.824 0.002
главное 0.001 0.585 0.001
пока 0.001 0.208 0.0
доступный 0.001 0.824 0.001
лишь 0.004 0.481 0.002
форма 0.001 0.62 0.001
пресс-релиз 0.002 1.301 0.003
опубликовать 0.001 0.509 0.001
независимый 0.004 0.409 0.002
рецензирование 0.001 1.523 0.002
необходимый 0.002 0.638 0.001
публикация 0.001 0.796 0.001
научный 0.002 0.658 0.001
журнал 0.001 0.77 0.001
проходить 0.002 0.495 0.001
дать 0.003 0.066 0.0
оценка 0.002 0.745 0.001
специалист 0.002 0.796 0.002
управление 0.002 0.824 0.002
контроль 0.001 0.585 0.001
качество 0.001 0.553 0.001
продукт 0.002 0.678 0.001
питание 0.001 1.222 0.001
fda 0.002 1.222 0.002
заниматься 0.002 0.62 0.001
регистрация 0.006 0.854 0.005
лекарственный 0.004 1.097 0.004
сша 0.002 0.469 0.001
судить 0.002 0.585 0.001
тот 0.006 0.131 0.001
обещать 0.002 0.921 0.002
подготовить 0.001 0.854 0.001
документ 0.002 0.678 0.001
это 0.007 0.066 0.0
возможно 0.001 0.398 0.0
быстро 0.001 0.495 0.0
эксперт 0.003 0.745 0.002
смочь 0.001 0.328 0.0
рассмотреть 0.001 1.301 0.001
вопрос 0.001 0.276 0.0
экстренный 0.003 1.523 0.005
eua 0.001 1.523 0.002
видимо 0.001 0.824 0.001
течение 0.004 0.638 0.003
близкий 0.002 0.347 0.001
месяца-два 0.001 2.0 0.002
менее 0.002 0.432 0.001
отзыв 0.001 1.301 0.001
объявить 0.001 0.553 0.001
выглядеть 0.001 0.495 0.0
весьма 0.001 1.222 0.001
убедительно 0.001 1.523 0.002
вызывать 0.001 0.523 0.001
особый 0.001 0.745 0.001
сомнение 0.001 0.959 0.001
достоверность 0.001 1.523 0.002
никакой 0.003 0.409 0.001
другой 0.004 0.097 0.0
лечение 0.003 0.77 0.002
ранний 0.003 0.409 0.001
эпидемия 0.001 0.959 0.001
коронавирус 0.004 0.387 0.002
случиться 0.001 0.509 0.001
внезапно 0.001 1.523 0.002
человечество 0.001 1.222 0.001
вирус 0.005 0.538 0.003
иметь 0.003 0.337 0.001
вакцина 0.003 0.538 0.002
одобрить 0.001 1.0 0.001
хотя 0.001 0.276 0.0
один 0.005 0.119 0.001
страна 0.006 0.155 0.001
насчитываться 0.001 1.699 0.002
целый 0.001 0.658 0.001
штука 0.001 1.398 0.001
ситуация 0.001 0.337 0.0
обстоять 0.002 1.699 0.003
гораздо 0.001 0.699 0.001
плохой 0.001 0.509 0.001
фактически 0.001 0.721 0.001
специфический 0.001 1.301 0.001
терапия 0.004 1.155 0.005
сей 0.001 0.456 0.0
пора 0.001 0.357 0.0
исключение 0.001 0.854 0.001
моноклональный 0.001 1.699 0.002
антитело 0.001 0.77 0.001
такой 0.002 0.114 0.0
поначалу 0.001 1.222 0.001
возлагаться 0.001 2.0 0.002
больший 0.003 0.328 0.001
надежда 0.002 0.77 0.002
например 0.004 0.229 0.001
regen-cov 0.001 2.0 0.002
известный 0.001 0.569 0.001
применяться 0.001 1.046 0.001
дональд 0.001 1.699 0.002
трамп 0.001 1.699 0.002
однако 0.002 0.337 0.001
ограниченный 0.001 1.301 0.001
оставаться 0.001 0.387 0.0
дорогостоящий 0.001 2.0 0.002
требовать 0.001 0.658 0.001
внутривенный 0.001 1.523 0.002
подкожный 0.001 1.523 0.002
введение 0.001 0.658 0.001
рекомендоваться 0.002 1.046 0.002
применение 0.002 0.721 0.001
случай 0.004 0.194 0.001
ранее 0.001 0.62 0.001
многие 0.001 0.284 0.0
также 0.002 0.237 0.0
возлагать 0.001 1.523 0.002
низкомолекулярный 0.001 1.699 0.002
вирусный 0.006 1.097 0.007
рнк-полимераза 0.003 2.0 0.006
ремдесивира 0.002 1.523 0.003
практически 0.001 0.602 0.001
продолжать 0.001 0.292 0.0
отдельный 0.002 0.678 0.001
тяжёлый 0.002 0.377 0.001
пациент 0.005 0.678 0.003
устроить 0.001 0.854 0.001
получить 0.005 0.328 0.002
название 0.002 0.745 0.001
paxlovid 0.001 2.0 0.002
содержать 0.001 0.745 0.001
действовать 0.002 0.602 0.001
вещество 0.003 1.0 0.003
подавлять 0.001 1.097 0.001
размножение 0.002 1.523 0.003
технический 0.001 0.959 0.001
pf-07321332 0.002 2.0 0.004
усилитель 0.001 2.0 0.002
антиретровирусный 0.001 2.0 0.002
ритонавир 0.001 2.0 0.002
уровень 0.002 0.367 0.001
уверенность 0.001 1.046 0.001
разработчик 0.003 0.77 0.002
успех 0.001 0.921 0.001
говорить 0.002 0.18 0.0
факт 0.002 0.638 0.001
прекратить 0.002 0.824 0.002
удаться 0.001 0.456 0.0
набрать 0.001 1.046 0.001
изначально 0.001 0.959 0.001
запланировать 0.001 1.155 0.001
тысяча 0.002 0.31 0.001
доброволец 0.005 0.854 0.004
данные 0.002 0.31 0.001
собранный 0.001 1.222 0.001
сентябрь 0.001 0.824 0.001
p 0.001 1.699 0.002
0,0001 0.001 2.0 0.002
ясно 0.001 0.886 0.001
дальнейший 0.001 0.886 0.001
набор 0.001 0.959 0.001
участник 0.003 0.658 0.002
начало 0.004 0.26 0.001
подготовка 0.001 0.886 0.001
этот 0.003 0.137 0.0
момент 0.003 0.387 0.001
иметься 0.001 0.77 0.001
северный 0.001 0.824 0.001
южный 0.001 0.854 0.001
америка 0.001 1.222 0.001
европа 0.001 0.495 0.0
африка 0.001 1.222 0.001
азия 0.001 1.523 0.002
участвовать 0.001 0.569 0.001
число 0.002 0.201 0.0
россиянин 0.001 0.444 0.0
основный 0.001 0.62 0.001
часть 0.001 0.377 0.0
максимальный 0.001 1.046 0.001
шанс 0.002 0.638 0.001
первый 0.004 0.143 0.001
проводиться 0.001 0.854 0.001
стандартный 0.001 1.301 0.001
метод 0.001 0.678 0.001
двойной 0.001 1.097 0.001
слепой 0.001 1.155 0.001
рандомизированный 0.001 2.0 0.002
плацебо-контролировать 0.001 1.699 0.002
получать 0.001 0.569 0.001
каждый 0.001 0.244 0.0
час 0.001 0.538 0.001
пять 0.003 0.432 0.001
день 0.006 0.167 0.001
должный 0.003 0.201 0.001
удовлетворять 0.001 2.0 0.002
ряд 0.002 0.824 0.002
критерий 0.001 1.301 0.001
заражение 0.002 0.745 0.001
симптом 0.004 0.824 0.003
лёгкий 0.001 0.638 0.001
средний 0.001 0.796 0.001
вариант 0.004 0.481 0.002
epic-sr 0.001 2.0 0.002
кто 0.002 0.377 0.001
осложнение 0.001 0.886 0.001
человек 0.008 0.092 0.001
диабет 0.001 1.222 0.001
ожирение 0.001 1.398 0.001
два 0.004 0.26 0.001
срок 0.004 0.824 0.003
приём 0.004 0.921 0.004
начинать 0.004 0.569 0.002
третий 0.001 0.553 0.001
появление 0.004 0.699 0.003
друг 0.001 0.387 0.0
пятый 0.001 0.854 0.001
будущее 0.001 0.62 0.001
ожидаться 0.001 1.046 0.001
аналогичный 0.001 0.959 0.001
повышенный 0.001 0.77 0.001
профилактический 0.001 1.523 0.002
болеть 0.001 0.745 0.001
жить 0.001 0.481 0.0
инфицировать 0.001 0.959 0.001
epic-pep 0.001 2.0 0.002
стартовать 0.001 1.398 0.001
поздний 0.001 0.745 0.001
каков 0.001 1.155 0.001
условие 0.003 0.495 0.001
подтвердиться 0.001 1.699 0.002
экспертиза 0.002 1.155 0.002
очень 0.002 0.149 0.0
обнадеживающе 0.001 2.0 0.002
0,8 0.001 1.523 0.002
госпитализировать 0.002 0.959 0.002
умереть 0.002 0.638 0.001
среди 0.002 0.42 0.001
семь 0.002 0.721 0.001
затем 0.001 0.678 0.001
эквивалентный 0.001 1.523 0.002
снижение 0.001 0.745 0.001
второй 0.001 0.357 0.0
начать 0.003 0.276 0.001
похожий 0.001 0.602 0.001
предыдущий 0.001 0.886 0.001
шесть 0.001 0.745 0.001
летальный 0.002 1.222 0.002
исход 0.002 0.921 0.002
последующий 0.001 1.155 0.001
целое 0.001 0.585 0.001
предотвращение 0.001 1.523 0.002
смерть 0.001 0.553 0.001
выше 0.001 0.509 0.001
msd/merck 0.002 2.0 0.004
недавно 0.001 0.62 0.001
писать 0.002 0.347 0.001
составить 0.001 0.658 0.001
около 0.001 0.432 0.0
подробный 0.001 0.569 0.001
похоже 0.002 0.886 0.002
найти 0.002 0.456 0.001
уметь 0.002 0.921 0.002
бороться 0.002 0.796 0.002
мешать 0.003 0.824 0.002
размножаться 0.002 1.046 0.002
раз 0.002 0.569 0.001
снижать 0.002 0.854 0.002
заразить 0.002 0.959 0.002
зависеть 0.002 0.509 0.001
какой 0.001 0.357 0.0
незначительно 0.001 2.0 0.002
всё-таки 0.001 0.553 0.001
вероятно 0.001 0.699 0.001
стадия 0.002 1.222 0.002
заболевание 0.001 0.481 0.0
нужно 0.001 0.237 0.0
ответить 0.001 0.495 0.0
необходимо 0.001 0.585 0.001
напомнить 0.001 0.699 0.001
интересный 0.001 1.155 0.001
особенность 0.001 0.854 0.001
проникновение 0.001 1.523 0.002
клетка 0.004 0.921 0.004
рнк 0.003 1.301 0.004
связываться 0.001 1.155 0.001
рибосома 0.001 2.0 0.002
синтезировать 0.002 1.699 0.003
закодировать 0.001 2.0 0.002
белка 0.001 1.699 0.002
производиться 0.001 1.155 0.001
именно 0.002 0.244 0.0
pp1ab 0.001 2.0 0.002
аминокислота 0.001 2.0 0.002
pp1a 0.001 2.0 0.002
мерка 0.001 1.301 0.001
молекула 0.002 1.301 0.003
длинный 0.002 1.0 0.002
белка-предшественник 0.001 2.0 0.002
разрезать 0.002 1.699 0.003
короткий 0.001 0.921 0.001
фрагмент 0.001 1.155 0.001
самый 0.002 0.208 0.0
блокировать 0.002 1.155 0.002
сам 0.004 0.137 0.001
дело 0.003 0.252 0.001
являться 0.001 0.602 0.001
какой-то 0.002 0.328 0.001
внешний 0.002 0.959 0.002
входить 0.001 1.0 0.001
состав 0.002 0.745 0.001
белок-заготовка 0.002 2.0 0.004
функциональный 0.002 1.699 0.003
единица 0.001 1.155 0.001
слово 0.002 0.268 0.001
процесс 0.002 0.538 0.001
вырезать 0.001 2.0 0.002
следом 0.001 1.398 0.001
высвобождать 0.001 1.699 0.002
рнк-зависимый 0.001 2.0 0.002
молекулярный 0.001 1.523 0.002
машина 0.001 0.921 0.001
непосредственно 0.001 0.959 0.001
обеспечивать 0.001 0.824 0.001
удвоение 0.001 2.0 0.002
геном 0.002 1.097 0.002
препятствовать 0.001 1.301 0.001
репликация 0.001 1.523 0.002
происходить 0.001 0.301 0.0
выключать 0.001 1.699 0.002
вообще 0.002 0.066 0.0
давать 0.001 0.31 0.0
проводить 0.002 0.509 0.001
аналогия 0.001 1.301 0.001
боевой 0.001 0.77 0.001
действие 0.001 0.409 0.0
уничтожать 0.001 1.155 0.001
вражеский 0.001 1.699 0.002
танк 0.001 0.854 0.001
разрушать 0.001 1.699 0.002
танковый 0.001 1.301 0.001
завод 0.001 0.959 0.001
краткосрочный 0.001 2.0 0.002
безопасность 0.002 0.387 0.001
клинический 0.004 0.721 0.003
серьёзный 0.001 0.553 0.001
нежелательный 0.001 0.77 0.001
явление 0.001 0.886 0.001
обнаружить 0.001 0.658 0.001
частота 0.001 0.959 0.001
побочка 0.001 1.301 0.001
одинаковый 0.001 1.0 0.001
достаться 0.001 1.301 0.001
наблюдение 0.001 0.886 0.001
включить 0.001 1.222 0.001
касаться 0.001 0.553 0.001
возможный 0.002 0.523 0.001
долговременный 0.001 1.301 0.001
встраиваться 0.001 1.699 0.002
благодаря 0.001 0.77 0.001
работа 0.001 0.357 0.0
пусть 0.001 0.921 0.001
полимераза 0.002 1.699 0.003
существенно 0.001 0.721 0.001
опасность 0.001 0.854 0.001
включение 0.001 1.398 0.001
человеческий 0.002 0.886 0.002
существовать 0.001 0.602 0.001
очередь 0.001 0.538 0.001
стимулировать 0.001 1.301 0.001
возникновение 0.001 0.921 0.001
мутация 0.001 1.097 0.001
онкогенез 0.001 2.0 0.002
мутагенный 0.002 2.0 0.004
эффект 0.002 0.796 0.002
метаболизм 0.001 2.0 0.002
продемонстрировать 0.001 1.155 0.001
культура 0.001 0.77 0.001
курс 0.003 0.824 0.002
уверять 0.001 1.523 0.002
генотоксичный 0.001 2.0 0.002
прямо 0.001 0.357 0.0
заявить 0.001 0.553 0.001
дин 0.001 2.0 0.002
глава 0.001 0.658 0.001
отдел 0.001 1.301 0.001
развитие 0.002 0.638 0.001
приводить 0.001 0.602 0.001
американский 0.002 0.585 0.001
медицинский 0.001 0.523 0.001
издание 0.001 0.481 0.0
stat 0.001 2.0 0.002
news 0.001 0.959 0.001
выгодно 0.001 1.398 0.001
никак 0.001 0.886 0.001
влиять 0.001 0.886 0.001
днк 0.001 1.523 0.002
поскольку 0.001 0.678 0.001
взаимодействовать 0.001 2.0 0.002
белок 0.001 1.155 0.001
связать 0.001 0.469 0.0
организм 0.001 0.745 0.001
присутствовать 0.001 1.097 0.001
свой 0.002 0.143 0.0
собственный 0.001 0.569 0.001
общий 0.001 0.444 0.0
сильно 0.001 0.509 0.001
поэтому 0.001 0.328 0.0
основание 0.002 0.569 0.001
полагать 0.001 1.222 0.001
компонент 0.001 0.824 0.001
быть 0.002 0.215 0.0
заодно 0.001 2.0 0.002
несмотря 0.001 0.456 0.0
воодушевлять 0.001 2.0 0.002
оптимистичный 0.001 1.398 0.001
доля 0.001 0.745 0.001
ход 0.001 0.796 0.001
предстоять 0.001 1.699 0.002
перепроверить 0.001 2.0 0.002
эрик 0.001 1.523 0.002
тополь 0.001 1.523 0.002
таблица 0.001 1.097 0.001
появляться 0.001 0.658 0.001
антиковидный 0.001 1.301 0.001
помочь 0.001 0.125 0.0
победить 0.001 1.0 0.001
пандемия 0.001 0.538 0.001
сколько 0.001 0.585 0.001
стоить 0.001 0.469 0.0
знать 0.001 0.244 0.0
заключаться 0.001 0.959 0.001
оба 0.002 0.62 0.001
клиника 0.001 0.886 0.001
грлс 0.001 1.398 0.001
увеличивать 0.001 1.398 0.001
во-первых 0.001 0.796 0.001
проведение 0.001 0.921 0.001
местный 0.003 0.602 0.002
заинтересованность 0.001 1.699 0.002
локализация 0.001 1.699 0.002
во-вторых 0.001 0.854 0.001
участие 0.002 0.638 0.001
международный 0.001 0.569 0.001
позволять 0.001 0.585 0.001
избежать 0.001 1.046 0.001
необходимость 0.001 0.745 0.001
запускать 0.001 1.398 0.001
нуль 0.001 1.155 0.001
весна 0.001 1.0 0.001
год 0.003 0.119 0.0
зарегистрировать 0.002 0.602 0.001
теоретически 0.001 1.046 0.001
большой 0.002 0.347 0.001
желание 0.002 0.921 0.002
минздрав 0.001 0.678 0.001
гарантировать 0.001 0.854 0.001
вспомнить 0.001 1.046 0.001
пример 0.001 0.585 0.001
петровакса 0.001 1.523 0.002
векторный 0.001 1.046 0.001
конвиденция 0.001 1.699 0.002
мир 0.002 0.26 0.001
давно 0.001 0.77 0.001
применять 0.001 0.796 0.001
завершить 0.001 1.155 0.001
конец 0.002 0.444 0.001
стоимость 0.001 1.301 0.001
оценить 0.001 0.678 0.001
сложно 0.001 0.538 0.001
the 0.001 0.481 0.0
new 0.001 0.699 0.001
york 0.001 1.222 0.001
times 0.001 0.699 0.001
планировать 0.003 0.886 0.003
закупать 0.001 1.301 0.001
производитель 0.001 0.796 0.001
доллар 0.001 0.921 0.001
рынок 0.002 0.699 0.001
итог 0.002 0.509 0.001
спросить 0.001 1.222 0.001
илья 0.002 1.222 0.002
ясный 0.002 1.222 0.002
представитель 0.001 0.638 0.001
фармгигант 0.001 2.0 0.002
тимур 0.001 1.699 0.002
алхас 0.001 2.0 0.002
исполнительный 0.001 1.699 0.002
директор 0.001 0.796 0.001
бизнес 0.001 0.824 0.001
разрабатывать 0.001 1.301 0.001
стремиться 0.002 1.155 0.002
сделать 0.001 0.208 0.0
обеспечить 0.001 1.097 0.001
своевременный 0.001 1.699 0.002
доступ 0.002 0.796 0.002
весь 0.001 0.114 0.0
настоящий 0.001 0.585 0.001
регулировать 0.002 1.398 0.003
орган 0.002 0.886 0.002
максимально 0.001 0.721 0.001
сжатый 0.001 1.699 0.002
согласно 0.001 0.745 0.001
законодательство 0.001 1.097 0.001
формирование 0.001 1.222 0.001
цена 0.002 1.0 0.002
осуществляться 0.001 1.523 0.002
глобальный 0.002 1.301 0.003
стратегия 0.001 1.097 0.001
дифференцированный 0.001 1.699 0.002
ценообразование 0.001 2.0 0.002
базироваться 0.001 1.301 0.001
установить 0.002 0.721 0.001
всемирный 0.001 0.959 0.001
банк 0.001 0.959 0.001
принцип 0.001 0.638 0.001
классификация 0.001 1.301 0.001
доход 0.001 1.222 0.001
произвести 0.001 1.398 0.001
миллион 0.001 0.495 0.0
расчёт 0.001 1.301 0.001
дозировка 0.001 1.398 0.001
миллиграмм 0.001 2.0 0.002
количество 0.001 0.481 0.0
поставлять 0.001 1.155 0.001
конкретный 0.001 0.658 0.001
одобрение 0.001 1.398 0.001
договор 0.002 1.155 0.002
купля-продажа 0.001 2.0 0.002
патруйярд 0.001 2.0 0.002
генеральный 0.001 1.046 0.001
беларусь 0.001 1.301 0.001
предоставление 0.001 1.523 0.002
локальный 0.001 1.301 0.001
обязательный 0.001 0.886 0.001
территория 0.001 0.62 0.001
рф 0.001 0.745 0.001
осуществлять 0.001 1.398 0.001
крупный 0.001 0.523 0.001
наиболее 0.001 0.745 0.001
комплексный 0.001 1.523 0.002
программа 0.001 0.824 0.001
пероральный 0.002 1.699 0.003
противовирусный 0.003 1.222 0.004
потенциальный 0.001 0.886 0.001
covid-19 0.001 0.77 0.001
фаза 0.001 0.796 0.001
2/3 0.001 2.0 0.002
предполагать 0.001 0.699 0.001
исследовательский 0.001 1.301 0.001
центр 0.001 0.432 0.0
разный 0.001 0.276 0.0
включая 0.001 0.959 0.001
федерация 0.001 1.0 0.001
свидетельствовать 0.001 1.301 0.001
потенциально 0.001 1.046 0.001
способный 0.001 0.854 0.001
спасти 0.001 0.854 0.001
жизнь 0.001 0.319 0.0
снизить 0.001 0.854 0.001
тяжесть 0.001 0.959 0.001
предположительно 0.001 1.301 0.001
предотвратить 0.001 0.921 0.001
девять 0.001 1.155 0.001
десять 0.001 0.585 0.001
основываться 0.001 1.222 0.001
положительный 0.001 1.155 0.001
переговоры 0.001 0.921 0.001
пищевой 0.001 1.301 0.001
комитет 0.001 1.097 0.001
мониторинг 0.001 1.155 0.001
dmc 0.001 2.0 0.002
скорее 0.001 0.509 0.001
рамка 0.001 1.0 0.001
текущий 0.001 0.959 0.001
периодический 0.001 2.0 0.002
представление 0.001 1.155 0.001
заявка 0.002 1.155 0.002
разрешение 0.001 0.886 0.001
последовать 0.001 1.398 0.001
обеспечение 0.001 1.046 0.001
равный 0.001 1.097 0.001
ставить 0.001 0.886 0.001
себя 0.001 0.62 0.001
цель 0.001 0.745 0.001
краткий 0.001 1.222 0.001
руководитель 0.001 0.886 0.001
inbio 0.001 1.699 0.002
ventures 0.001 1.523 0.002
выйти 0.001 0.456 0.0
самостоятельно 0.001 1.097 0.001
подавать 0.002 1.301 0.003
досье 0.001 1.301 0.001
продажа 0.001 0.854 0.001
имя 0.001 0.585 0.001
либо 0.001 0.569 0.001
заключать 0.001 1.222 0.001
сотрудничество 0.001 0.959 0.001
какой-нибудь 0.001 1.155 0.001
фарма 0.001 1.699 0.002
фармстандарт 0.003 1.699 0.005
лицензионный 0.001 1.699 0.002
соглашение 0.001 1.155 0.001
накатать 0.001 2.0 0.002
дорожка 0.001 2.0 0.002
обычный 0.001 0.509 0.001
бизнес-кейс 0.001 2.0 0.002
захотеть 0.001 1.222 0.001
преграда 0.001 2.0 0.002
вряд 0.001 0.854 0.001
игрок 0.001 1.523 0.002
думать 0.001 0.456 0.0
сторона 0.001 0.347 0.0
попадание 0.001 1.301 0.001
вставлять 0.001 2.0 0.002
палка 0.001 1.699 0.002
колесо 0.001 1.699 0.002
план 0.001 0.658 0.001
всякий 0.001 0.921 0.001
редкость 0.001 1.398 0.001
непрозрачный 0.001 2.0 0.002
узнать 0.001 0.481 0.0
отказать 0.001 1.155 0.001
просто 0.001 0.194 0.0
притормозить 0.001 2.0 0.002
гадать 0.001 2.0 0.002
коронавирусоммолнупиравир 0.001 1.699 0.002
провалиться 0.001 1.523 0.002
эгида 0.001 1.523 0.002
воз 0.001 0.796 0.001
надеяться 0.001 0.699 0.001
борьба 0.001 0.658 0.001
разрешить 0.001 0.886 0.001
выпускать 0.001 1.0 0.001
согласие 0.001 1.046 0.001
компаниина 0.001 1.699 0.002
доказать 0.001 0.886 0.001
переболеть 0.001 0.745 0.001
жаловаться 0.001 0.921 0.001
чувствовать 0.001 0.678 0.001
плохо 0.001 0.569 0.001
долгий 0.001 0.745 0.001
правда 0.001 0.456 0.0
делать 0.001 0.18 0.0
глупый 0.001 1.523 0.002
24/7 0.001 0.102 0.0
интерес 0.001 0.155 0.0
читателейн 0.001 0.174 0.0
срочно 0.001 0.167 0.0
хотеть 0.001 0.102 0.0
дмитрий 0.001 0.62 0.001
равчей 0.001 2.0 0.002
александр 0.001 0.456 0.0
ершовый 0.001 0.77 0.001
редакция 0.001 0.066 0.0
кодекс 0.001 0.066 0.0
блог 0.001 0.066 0.0
meduzacare 0.001 0.066 0.0
связаться 0.001 0.066 0.0
анонимно 0.001 0.066 0.0
платформа 0.001 0.066 0.0
ios 0.001 0.066 0.0
android 0.001 0.066 0.0
инстаграм 0.001 0.066 0.0
twitter 0.001 0.0 0.0
facebook 0.001 0.0 0.0
вконтакте 0.001 0.066 0.0
youtube 0.001 0.06 0.0
– 0.001 0.06 0.0
live 0.001 0.022 0.0
вечерний 0.001 0.066 0.0
реклама 0.001 0.066 0.0
требование 0.001 0.066 0.0
баннер 0.001 0.066 0.0
безопасно 0.001 0.066 0.0
персональный 0.001 0.066 0.0
правило 0.001 0.066 0.0
обработка 0.001 0.066 0.0
использование 0.001 0.066 0.0
кук 0.001 0.066 0.0
наслать 0.001 0.066 0.0
ошибка 0.001 0.066 0.0
выделить 0.001 0.066 0.0
нажать 0.001 0.066 0.0
ctrl+enter 0.001 0.066 0.0
спасибоgiphyз 0.001 0.066 0.0
гифка 0.001 0.066 0.0
© 0.001 0.0 0.0
