перейти 0.001 0.066 0.0
материал 0.002 0.066 0.0
связь 0.001 0.0 0.0
новостиисторииразборшапитокоронавирусмагаз 0.001 0.066 0.0
медуза 0.018000000000000002 0.066 0.001
рекламаmeduza 0.001 0.066 0.0
in 0.001 0.0 0.0
english 0.001 0.06 0.0
показывать 0.001 0.066 0.0
порядок 0.001 0.066 0.0
en 0.001 0.066 0.0
кнопка 0.001 0.066 0.0
поддержка 0.002 0.066 0.0
история 0.003 0.26 0.001
антивоенный 0.008 0.796 0.006
движение 0.003 0.921 0.003
появиться 0.003 0.367 0.001
новый 0.014000000000000002 0.187 0.003
символ 0.021000000000000005 1.046 0.022
протест 0.007 0.745 0.005
бело-сине-белый 0.006 1.699 0.01
флаг 0.046000000000000006 1.0 0.046
рассказывать 0.004 0.337 0.001
придумать 0.005 0.886 0.004
март 0.008 0.284 0.002
источник 0.002 0.167 0.0
meduza 0.004 0.0 0.0
митинг 0.005 1.0 0.005
торонто 0.003 2.0 0.006
свобода 0.007 0.77 0.005
мир 0.010000000000000002 0.26 0.003
данный 0.001 0.097 0.0
сообщение 0.001 0.102 0.0
создать 0.001 0.097 0.0
распространить 0.001 0.102 0.0
иностранный 0.003 0.097 0.0
средство 0.001 0.097 0.0
массовый 0.002 0.097 0.0
информация 0.001 0.102 0.0
выполнять 0.002 0.097 0.0
функция 0.002 0.097 0.0
агент 0.002 0.097 0.0
российский 0.013000000000000001 0.071 0.001
юридический 0.001 0.102 0.0
лицо 0.001 0.086 0.0
мы 0.005 0.066 0.0
нужный 0.007 0.086 0.001
ваш 0.003 0.081 0.0
помощь 0.002 0.071 0.0
пожалуйста 0.001 0.102 0.0
поддержать 0.002 0.066 0.0
первый 0.002 0.143 0.0
день 0.005 0.167 0.001
вторжение 0.002 0.569 0.001
украина 0.005 0.347 0.002
весь 0.005 0.114 0.001
начаться 0.001 0.367 0.0
акция 0.006 0.745 0.004
улица 0.002 0.699 0.001
продолжать 0.002 0.292 0.001
выходить 0.003 0.62 0.002
тысяча 0.002 0.31 0.001
человек 0.014000000000000002 0.092 0.001
требование 0.002 0.066 0.0
остановить 0.001 0.523 0.001
война 0.012 0.357 0.004
вывести 0.001 1.301 0.001
войско 0.001 0.678 0.001
территория 0.001 0.62 0.001
конец 0.001 0.444 0.0
февраль 0.002 0.337 0.001
помимо 0.001 0.796 0.001
традиционный 0.002 1.222 0.002
украинский 0.001 0.538 0.001
площадь 0.001 1.046 0.001
использование 0.002 0.066 0.0
выступать 0.003 0.658 0.002
многие 0.002 0.284 0.001
который 0.006 0.071 0.0
считать 0.002 0.319 0.001
триколор 0.006 2.0 0.012
связать 0.001 0.469 0.0
кровопролитие 0.001 2.0 0.002
далёкий 0.002 0.481 0.001
общий 0.004 0.444 0.002
согласие 0.002 1.046 0.002
россиян_ка 0.001 2.0 0.002
кай 0.012 2.0 0.024
катонина 0.003 2.0 0.006
год 0.005 0.119 0.001
оно 0.001 0.444 0.0
работать 0.004 0.102 0.0
дизайнер_кий 0.001 2.0 0.002
берлин 0.002 1.046 0.002
ходить 0.002 0.77 0.002
против 0.006 0.229 0.001
сначала 0.001 0.602 0.001
протестовать 0.002 1.222 0.002
плакат 0.002 1.097 0.002
быстро 0.002 0.495 0.001
решить 0.004 0.398 0.002
несогласный 0.001 1.398 0.001
россиянин 0.006 0.444 0.003
какой-то 0.003 0.328 0.001
объединять 0.001 1.301 0.001
казаться 0.003 0.409 0.001
поддерживать 0.001 0.569 0.001
украинец 0.001 0.796 0.001
понять 0.002 0.495 0.001
это 0.016 0.066 0.001
знакомый 0.001 0.854 0.001
писать 0.002 0.347 0.001
русский 0.003 0.62 0.002
очень 0.004 0.149 0.001
охотно 0.001 1.699 0.002
подходить 0.001 1.155 0.001
журналист 0.001 0.481 0.0
говорить 0.003 0.18 0.001
„ 0.005 0.62 0.003
ого 0.001 2.0 0.002
прислать 0.001 0.77 0.001
сюда 0.001 1.097 0.001
“ 0.005 0.432 0.002
объяснять 0.004 0.538 0.002
вызывать 0.001 0.523 0.001
удивление 0.001 2.0 0.002
хотя 0.001 0.276 0.0
толпа 0.001 1.301 0.001
русскоязычный 0.001 1.097 0.001
население 0.001 0.569 0.001
белорус 0.001 1.699 0.002
множество 0.001 0.796 0.001
стать 0.002 0.149 0.0
понятно 0.001 0.699 0.001
явно 0.001 0.959 0.001
обозначать 0.001 1.699 0.002
просто 0.002 0.194 0.0
опубликовать 0.002 0.509 0.001
фейсбук 0.001 1.0 0.001
версия 0.001 0.77 0.001
кровавый 0.001 1.523 0.002
красный 0.006 1.097 0.007
полоса 0.004 1.523 0.006
разойтись 0.001 1.523 0.002
социальный 0.001 0.721 0.001
сеть 0.002 0.824 0.002
выясниться 0.001 1.301 0.001
похожий 0.001 0.602 0.001
концепция 0.001 1.398 0.001
бело-синий 0.001 2.0 0.002
практически 0.001 0.602 0.001
одновременно 0.001 0.796 0.001
прийти 0.001 0.658 0.001
голова 0.001 0.959 0.001
другой 0.004 0.097 0.0
россия 0.012 0.108 0.001
предел 0.001 0.959 0.001
использовать 0.004 0.319 0.001
расцветка 0.002 2.0 0.004
предложить 0.001 0.699 0.001
автор 0.009000000000000001 0.62 0.006
твиттер 0.008 1.222 0.01
звук 0.008 0.921 0.007
рыба 0.009000000000000001 1.398 0.013
арт-менеджер 0.001 2.0 0.002
pr-специалист 0.001 2.0 0.002
жить 0.002 0.481 0.001
соображение 0.001 1.398 0.001
безопасность 0.001 0.387 0.0
герой 0.001 1.046 0.001
пожелать 0.001 1.523 0.002
сохранить 0.001 0.796 0.001
анонимность 0.001 1.301 0.001
участник 0.001 0.658 0.001
лондон 0.001 1.155 0.001
нарисовать 0.001 1.301 0.001
посольство 0.001 1.398 0.001
дюссельдорф 0.001 2.0 0.002
заинтересоваться 0.001 1.699 0.002
колористика 0.001 2.0 0.002
геральдика 0.001 2.0 0.002
узнать 0.002 0.481 0.001
нарушать 0.001 1.155 0.001
вексиллологический 0.001 2.0 0.002
правило 0.002 0.066 0.0
разговор 0.002 0.745 0.001
2010-й 0.001 1.699 0.002
участвовать 0.001 0.569 0.001
уличный 0.001 1.301 0.001
хватать 0.001 0.886 0.001
текущий 0.001 0.959 0.001
использоваться 0.001 0.585 0.001
кремль 0.002 0.824 0.002
оппозиция 0.001 2.0 0.002
спортивный 0.001 1.301 0.001
скандал 0.001 1.523 0.002
прочий 0.001 1.046 0.001
неприятный 0.001 1.097 0.001
событие 0.001 0.509 0.001
дискредитировать 0.001 1.699 0.002
белый 0.002 1.0 0.002
ленточка 0.001 1.699 0.002
2011-2012 0.001 1.699 0.002
например 0.003 0.229 0.001
давно 0.001 0.77 0.001
забытый 0.001 2.0 0.002
поэтому 0.003 0.328 0.001
потребность 0.002 1.222 0.002
высокий 0.001 0.495 0.0
обсудить 0.001 1.222 0.001
идея 0.005 0.585 0.003
друг 0.005 0.387 0.002
набросок 0.001 2.0 0.002
наткнуться 0.001 2.0 0.002
пост 0.001 0.638 0.001
предложение 0.001 0.921 0.001
точно 0.001 0.481 0.0
такой 0.001 0.114 0.0
активист 0.002 1.155 0.002
оппозиционный 0.001 1.523 0.002
настроить 0.001 1.0 0.001
гражданин 0.001 0.553 0.001
спор 0.001 1.046 0.001
авторство 0.001 2.0 0.002
возникнуть 0.001 0.77 0.001
уверить 0.001 0.959 0.001
совместный 0.001 0.886 0.001
народный 0.001 0.959 0.001
творчество 0.001 1.398 0.001
реально 0.001 0.959 0.001
коллективный 0.001 0.959 0.001
многое 0.001 0.886 0.001
сделать 0.002 0.208 0.0
разный 0.001 0.276 0.0
независимый 0.003 0.409 0.001
вдохновение 0.001 2.0 0.002
залог 0.001 2.0 0.002
успех 0.001 0.921 0.001
отмечать 0.003 0.921 0.003
указывать 0.001 0.796 0.001
создание 0.001 0.921 0.001
сайт 0.003 0.658 0.002
отношение 0.001 0.509 0.001
иметь 0.001 0.337 0.0
ресурс 0.001 0.796 0.001
содержать 0.001 0.745 0.001
описание 0.001 1.222 0.001
сразу 0.001 0.553 0.001
несколько 0.003 0.187 0.001
язык 0.001 0.678 0.001
равно 0.001 0.638 0.001
уверенный 0.001 0.921 0.001
параллельно 0.001 1.097 0.001
главное 0.001 0.585 0.001
прижиться 0.001 2.0 0.002
вообще 0.002 0.066 0.0
прямо 0.002 0.357 0.001
невероятно 0.001 1.699 0.002
насколько 0.001 0.42 0.0
совпасть 0.001 1.398 0.001
обоснование 0.001 1.699 0.002
соглашаться 0.001 1.097 0.001
заблокировать 0.001 0.553 0.001
этот 0.001 0.137 0.0
готовый 0.001 0.509 0.001
несмотря 0.001 0.456 0.0
трудный 0.001 0.721 0.001
издание 0.001 0.481 0.0
интерес 0.002 0.155 0.0
читатель 0.005 0.523 0.003
хотеть 0.004 0.102 0.0
помочьхотать 0.001 0.886 0.001
помочь 0.002 0.125 0.0
отказ 0.003 0.77 0.002
авторитаризм 0.002 1.699 0.003
военный 0.002 0.444 0.001
экспансия 0.002 1.699 0.003
причина 0.002 0.398 0.001
отказаться 0.001 0.62 0.001
цвет 0.007 1.222 0.009
отсылать 0.001 2.0 0.002
цвета 0.001 1.699 0.002
новгород 0.005 1.699 0.008
рифмоваться 0.001 2.0 0.002
белорусский 0.001 1.523 0.002
протестный 0.001 1.523 0.002
бело-красно-белый 0.001 2.0 0.002
напоминать 0.002 0.921 0.002
небо 0.001 1.301 0.001
снег 0.002 1.222 0.002
занятый 0.001 1.097 0.001
страна 0.003 0.155 0.0
великий 0.001 1.222 0.001
считаться 0.001 0.824 0.001
родина 0.001 1.222 0.001
демократия 0.001 1.222 0.001
древний 0.001 1.398 0.001
русь 0.003 2.0 0.006
покорение 0.001 2.0 0.002
московский 0.001 0.824 0.001
княжество 0.001 2.0 0.002
существовать 0.001 0.602 0.001
новгородский 0.002 1.699 0.003
республика 0.002 0.921 0.002
управляемый 0.001 2.0 0.002
прообраз 0.001 1.699 0.002
парламент 0.001 1.301 0.001
состоять 0.001 0.959 0.001
два 0.001 0.26 0.0
горизонтальный 0.001 2.0 0.002
верхний 0.001 1.301 0.001
нижний 0.001 1.097 0.001
голубой 0.001 1.699 0.002
чёрный 0.001 0.959 0.001
медведь 0.001 1.699 0.002
держать 0.001 0.824 0.001
золотой 0.001 1.301 0.001
кресло 0.001 1.523 0.002
подушка 0.001 1.699 0.002
синь 0.001 2.0 0.002
изобразить 0.001 1.699 0.002
серебряный 0.001 2.0 0.002
пункт 0.001 0.721 0.001
идеологически 0.001 2.0 0.002
важный 0.004 0.284 0.001
именно 0.001 0.244 0.0
идти 0.001 0.222 0.0
изначальный 0.001 1.155 0.001
фигурировать 0.001 1.523 0.002
отсылка 0.001 1.523 0.002
исторический 0.001 0.921 0.001
центр 0.001 0.432 0.0
северный 0.001 0.824 0.001
во-первых 0.001 0.796 0.001
символический 0.002 1.699 0.003
посягательство 0.001 1.699 0.002
южный 0.001 0.854 0.001
киевский 0.001 1.155 0.001
любой 0.003 0.319 0.001
территориальный 0.001 1.046 0.001
претензия 0.001 1.097 0.001
государство 0.002 0.569 0.001
ранний 0.001 0.409 0.0
входить 0.001 1.0 0.001
состав 0.001 0.745 0.001
империя 0.001 2.0 0.002
во-вторых 0.001 0.854 0.001
дань 0.001 1.699 0.002
уважение 0.001 1.523 0.002
зачаток 0.001 2.0 0.002
децентрализованный 0.001 2.0 0.002
государственный 0.003 0.523 0.002
управление 0.001 0.824 0.001
в-третьих 0.001 1.301 0.001
царский 0.001 2.0 0.002
самодержавный 0.001 2.0 0.002
лимассол 0.001 2.0 0.002
один 0.002 0.119 0.0
идеологический 0.001 1.222 0.001
особенность 0.001 0.854 0.001
настаивать 0.001 1.222 0.001
амбассадор 0.001 2.0 0.002
возможность 0.001 0.444 0.0
повторить 0.001 1.046 0.001
условие 0.001 0.495 0.0
должный 0.001 0.201 0.0
простой 0.001 0.538 0.001
мочь 0.001 0.102 0.0
бумага 0.002 1.222 0.002
сшить 0.001 2.0 0.002
утвердить 0.001 1.301 0.001
оттенок 0.001 1.523 0.002
синий 0.001 1.398 0.001
нужно 0.001 0.237 0.0
делать 0.002 0.18 0.0
земной 0.001 2.0 0.002
шар 0.001 2.0 0.002
независимо 0.001 1.398 0.001
пытаться 0.001 0.409 0.0
добиться 0.001 1.046 0.001
вид 0.001 0.398 0.0
невозможно 0.001 0.602 0.001
слово 0.001 0.268 0.0
свой 0.002 0.143 0.0
жизнь 0.001 0.319 0.0
называть 0.001 0.432 0.0
прекрасный 0.002 1.222 0.002
будущее 0.004 0.62 0.002
начало 0.001 0.26 0.0
планета 0.001 1.222 0.001
заметить 0.001 0.886 0.001
тбилиси 0.001 2.0 0.002
краков 0.001 1.699 0.002
вильнюс 0.003 2.0 0.006
кипр 0.001 1.523 0.002
форум 0.002 1.523 0.003
свободный 0.001 0.77 0.001
назвать 0.001 0.569 0.001
почему 0.003 0.337 0.001
освобождать 0.001 1.222 0.001
связка 0.001 1.398 0.001
демонстрировать 0.001 1.222 0.001
диктатура 0.001 1.222 0.001
цензура 0.001 1.046 0.001
объединение 0.002 1.301 0.003
сказать 0.001 0.31 0.0
страница 0.001 0.959 0.001
организовывать 0.001 1.523 0.002
сквер 0.001 2.0 0.002
имя 0.001 0.585 0.001
борис 0.001 1.398 0.001
немцов 0.001 2.0 0.002
кроме 0.001 0.387 0.0
начать 0.001 0.276 0.0
печатать 0.001 1.523 0.002
значок 0.001 1.699 0.002
эмодзь 0.001 2.0 0.002
придумывать 0.001 1.398 0.001
альтернативный 0.001 1.0 0.001
смысл 0.002 0.481 0.001
вкладывать 0.002 1.398 0.003
сам 0.002 0.137 0.0
пользоваться 0.001 0.886 0.001
популярность 0.001 1.222 0.001
достаточно 0.002 0.444 0.001
вытащить 0.001 1.699 0.002
пустой 0.001 1.398 0.001
лист 0.001 1.398 0.001
загрести 0.001 2.0 0.002
москва 0.001 0.523 0.001
повод 0.001 0.553 0.001
задержание 0.001 1.301 0.001
однако 0.001 0.337 0.0
согласный 0.001 1.0 0.001
принять 0.001 0.42 0.0
некоторый 0.001 0.222 0.0
обладать 0.001 1.097 0.001
самостоятельный 0.001 1.523 0.002
значение 0.001 0.721 0.001
кто-то 0.001 0.523 0.001
позор 0.001 1.699 0.002
кровь 0.001 0.77 0.001
революция 0.001 1.523 0.002
принести 0.001 1.046 0.001
жертва 0.001 0.824 0.001
погибнуть 0.001 0.824 0.001
строй 0.001 1.699 0.002
гражданский 0.001 0.745 0.001
общество 0.001 0.602 0.001
малый 0.001 0.678 0.001
право 0.001 0.538 0.001
стирать 0.001 1.097 0.001
активистка 0.001 1.699 0.002
мария 0.001 1.046 0.001
мотузнать 0.001 2.0 0.002
нравиться 0.001 1.699 0.002
классический 0.001 1.398 0.001
бело-лазорево-белый 0.001 2.0 0.002
проект 0.001 0.745 0.001
отзыв 0.001 1.301 0.001
автозак 0.001 2.0 0.002
швейцарский 0.001 1.301 0.001
кантон 0.001 2.0 0.002
цуг 0.001 2.0 0.002
несуществующий 0.001 2.0 0.002
вейшнория 0.001 2.0 0.002
также 0.001 0.237 0.0
обсуждаться 0.001 1.301 0.001
зенит 0.001 2.0 0.002
динамо 0.001 2.0 0.002
банк 0.001 0.959 0.001
сгущёнка 0.001 1.699 0.002
волга 0.001 1.699 0.002
создатель 0.001 1.0 0.001
десятка 0.001 0.721 0.001
вложить 0.001 1.523 0.002
надежда 0.001 0.77 0.001
думать 0.002 0.456 0.001
верить 0.002 0.553 0.001
тяжёлый 0.002 0.377 0.001
ночь 0.002 0.854 0.002
ждать 0.002 0.481 0.001
красивый 0.002 1.222 0.002
рассвет 0.002 1.398 0.003
встретить 0.002 1.097 0.002
остаться 0.002 0.432 0.001
смочь 0.002 0.328 0.001
уехать 0.002 0.824 0.002
назад 0.002 0.18 0.0
24/7 0.001 0.102 0.0
читателейн 0.001 0.174 0.0
срочно 0.001 0.167 0.0
саша 0.001 1.398 0.001
сивцов 0.001 1.699 0.002
редакция 0.002 0.066 0.0
кодекс 0.001 0.066 0.0
блог 0.001 0.066 0.0
meduzacare 0.001 0.066 0.0
связаться 0.001 0.066 0.0
анонимно 0.001 0.066 0.0
платформа 0.002 0.066 0.0
ios 0.001 0.066 0.0
android 0.001 0.066 0.0
инстаграм 0.001 0.066 0.0
twitter 0.001 0.0 0.0
facebook 0.001 0.0 0.0
вконтакте 0.001 0.066 0.0
youtube 0.001 0.06 0.0
– 0.001 0.06 0.0
live 0.001 0.022 0.0
вечерний 0.001 0.066 0.0
реклама 0.002 0.066 0.0
баннер 0.001 0.066 0.0
безопасно 0.001 0.066 0.0
персональный 0.001 0.066 0.0
дать 0.001 0.066 0.0
обработка 0.001 0.066 0.0
кук 0.001 0.066 0.0
наслать 0.001 0.066 0.0
ошибка 0.001 0.066 0.0
выделить 0.001 0.066 0.0
нажать 0.001 0.066 0.0
ctrl+enter 0.001 0.066 0.0
спасибоgiphyз 0.001 0.066 0.0
гифка 0.001 0.066 0.0
© 0.001 0.0 0.0
