перейти 0.001 0.066 0.0
материал 0.001 0.066 0.0
связь 0.002 0.0 0.0
новостиисторииразборшапитокоронавирусмагаз 0.001 0.066 0.0
медуза 0.008 0.066 0.001
рекламаmeduza 0.001 0.066 0.0
in 0.001 0.0 0.0
english 0.001 0.06 0.0
показывать 0.003 0.066 0.0
порядок 0.002 0.066 0.0
en 0.001 0.066 0.0
кнопка 0.001 0.066 0.0
поддержка 0.001 0.066 0.0
🌲 0.001 1.301 0.001
читать 0.003 0.444 0.001
россия 0.001 0.108 0.0
шапито 0.049 2.0 0.098
владимир 0.001 0.523 0.001
путин 0.003 0.523 0.002
настолько 0.001 0.886 0.001
опасаться 0.001 1.046 0.001
коронавирус 0.001 0.387 0.0
защита 0.001 0.569 0.001
пускать 0.001 1.097 0.001
ход 0.003 0.796 0.002
доступный 0.001 0.824 0.001
народный 0.001 0.959 0.001
средство 0.001 0.097 0.0
гигантский 0.001 1.523 0.002
стол 0.002 1.0 0.002
роскошный 0.001 2.0 0.002
ковёр 0.001 1.699 0.002
день 0.010000000000000002 0.167 0.002
назад 0.049 0.18 0.009
представить 0.002 0.638 0.001
приходить 0.001 0.824 0.001
работа 0.004 0.357 0.001
генри 0.001 2.0 0.002
кавилл 0.001 2.0 0.002
ведьмак 0.001 2.0 0.002
супермен 0.001 2.0 0.002
кто-то 0.001 0.523 0.001
именно 0.002 0.244 0.0
диснеевский 0.001 2.0 0.002
принцесса 0.001 2.0 0.002
становиться 0.003 0.553 0.002
героиня 0.001 2.0 0.002
друг 0.001 0.387 0.0
игра 0.004 1.0 0.004
кальмар 0.001 2.0 0.002
эйфория 0.001 1.699 0.002
инстаграм-аккаунт 0.001 2.0 0.002
onefairyfail 0.001 2.0 0.002
возможно 0.001 0.398 0.0
такой 0.003 0.114 0.0
стрит-арт 0.001 2.0 0.002
екатеринбург 0.001 1.699 0.002
гриб 0.001 2.0 0.002
рязаниказаться 0.001 2.0 0.002
охранник 0.001 1.398 0.001
ельцин-центр 0.001 2.0 0.002
который 0.01 0.071 0.001
пририсовать 0.001 2.0 0.002
глаз 0.005 0.77 0.004
картина 0.002 0.721 0.001
появиться 0.002 0.367 0.001
последователь 0.001 1.523 0.002
название 0.001 0.745 0.001
столица 0.001 0.854 0.001
таиланд 0.001 1.523 0.002
стать 0.002 0.149 0.0
раз 0.001 0.569 0.001
длинный 0.002 1.0 0.002
равно 0.003 0.638 0.002
далеко 0.001 0.745 0.001
топоним-рекордсмен 0.001 2.0 0.002
тест 0.002 0.77 0.002
собрать 0.002 0.886 0.002
самый 0.001 0.208 0.0
невероятный 0.001 1.699 0.002
выглядеть 0.001 0.495 0.0
кот 0.002 1.301 0.003
клавиатура 0.001 2.0 0.002
пройти 0.002 0.387 0.001
февраль 0.002 0.337 0.001
beach 0.001 2.0 0.002
house 0.001 1.301 0.001
сплин 0.001 2.0 0.002
metronomy 0.001 2.0 0.002
трибить 0.001 2.0 0.002
йоко 0.001 2.0 0.002
оно 0.001 0.444 0.0
выбрать 0.001 0.886 0.001
хороший 0.004 0.377 0.002
песня 0.001 1.097 0.001
клип 0.001 1.222 0.001
неделя 0.002 0.328 0.001
каждый 0.002 0.244 0.0
ворчать 0.001 2.0 0.002
погода 0.001 2.0 0.002
рой 0.001 2.0 0.002
кент 0.001 2.0 0.002
тед 0.001 2.0 0.002
лассо 0.001 2.0 0.002
делать 0.001 0.18 0.0
это 0.009000000000000001 0.066 0.001
правильной 0.001 2.0 0.002
улица 0.002 0.699 0.001
сезам 0.001 2.0 0.002
блогер 0.001 1.523 0.002
помощь 0.002 0.071 0.0
макияж 0.001 2.0 0.002
перевоплощаться 0.001 2.0 0.002
лайза 0.001 2.0 0.002
минелли 0.001 2.0 0.002
ким 0.001 1.699 0.002
кардашьян 0.001 2.0 0.002
майкл 0.001 1.699 0.002
джексонаотличить 0.001 2.0 0.002
копия 0.001 1.301 0.001
оригинал 0.001 2.0 0.002
порой 0.001 1.398 0.001
получаться 0.001 0.824 0.001
труд 0.001 0.854 0.001
очень 0.004 0.149 0.001
защитить 0.001 0.721 0.001
омикрон 0.001 0.921 0.001
всерьёз 0.001 1.699 0.002
отвечать 0.001 0.456 0.0
главный 0.002 0.276 0.001
вопрос 0.001 0.276 0.0
предмет 0.001 1.155 0.001
мебель 0.001 1.699 0.002
принимать 0.001 0.432 0.0
гость 0.001 1.097 0.001
надеяться 0.001 0.699 0.001
быть 0.002 0.215 0.0
месяц 0.039999999999999994 0.432 0.017
данный 0.001 0.097 0.0
создать 0.004 0.097 0.0
бердвотчер 0.001 2.0 0.002
выполнять 0.001 0.097 0.0
функция 0.001 0.097 0.0
агент 0.001 0.097 0.0
прикрытие 0.001 1.523 0.002
знакомиться 0.001 2.0 0.002
панда 0.001 2.0 0.002
бин 0.001 2.0 0.002
дуньдунуть 0.001 2.0 0.002
талисман 0.001 2.0 0.002
олимпиада 0.001 1.699 0.002
покорить 0.001 1.523 0.002
сердце 0.001 1.155 0.001
зритель 0.001 1.222 0.001
спортсменовполучить 0.001 2.0 0.002
игрушка 0.002 1.523 0.003
выиграть 0.001 1.523 0.002
медаль 0.001 2.0 0.002
лёгкий 0.001 0.638 0.001
купить 0.001 0.796 0.001
ангел 0.002 1.699 0.003
милый 0.001 2.0 0.002
пухлый 0.001 2.0 0.002
ребёнок 0.001 0.387 0.0
крыло 0.001 1.699 0.002
это… 0.002 2.0 0.004
общий 0.001 0.444 0.0
смотреть 0.002 0.62 0.001
3d-визуализация 0.001 2.0 0.002
страшно 0.001 1.097 0.001
зато 0.001 0.886 0.001
понятно 0.001 0.699 0.001
исполнить 0.001 1.398 0.001
око 0.001 2.0 0.002
внимание 0.001 0.523 0.001
гифка 0.002 0.066 0.0
воспроизведение 0.001 1.699 0.002
задом 0.001 2.0 0.002
наперёд 0.001 2.0 0.002
лучше¡сачйес 0.001 2.0 0.002
омярп 0.001 2.0 0.002
хи 0.001 2.0 0.002
етиртомсопа 0.001 2.0 0.002
художник 0.002 1.699 0.003
видеть 0.001 0.444 0.0
итальянский 0.001 1.523 0.002
базилик 0.001 2.0 0.002
наслать 0.003 0.066 0.0
изображение 0.002 1.222 0.002
священник 0.001 1.699 0.002
местный 0.001 0.602 0.001
бизнесмен 0.001 1.398 0.001
прийтись 0.001 0.602 0.001
снять 0.002 1.222 0.002
знать 0.001 0.244 0.0
хотеть 0.004 0.102 0.0
проводить 0.001 0.509 0.001
время 0.002 0.086 0.0
год 0.007 0.119 0.001
просто 0.002 0.194 0.0
посмотреть 0.006 0.523 0.003
аль 0.001 2.0 0.002
пачиный 0.001 2.0 0.002
прогуливаться 0.001 1.699 0.002
беверли-хиллзти 0.001 2.0 0.002
приплыть 0.001 2.0 0.002
cybertruck 0.001 2.0 0.002
илона 0.001 1.699 0.002
маска 0.001 0.886 0.001
превратить 0.001 1.222 0.001
лодка 0.001 2.0 0.002
правда 0.001 0.456 0.0
деньга 0.001 0.602 0.001
нескоро 0.001 2.0 0.002
угадать 0.001 2.0 0.002
нужный 0.001 0.086 0.0
этот 0.001 0.137 0.0
коробка 0.001 1.699 0.002
идеальный 0.001 1.097 0.001
подарок 0.001 1.523 0.002
родственник 0.001 0.745 0.001
хотеться 0.001 0.77 0.001
поддерживать 0.001 0.569 0.001
новозеландский 0.001 2.0 0.002
полиция 0.002 1.0 0.002
пустить 0.001 1.301 0.001
против 0.001 0.229 0.0
протестовать 0.001 1.222 0.001
макарен 0.001 2.0 0.002
baby 0.001 1.523 0.002
shark 0.001 2.0 0.002
джеймс 0.001 1.699 0.002
блант 0.001 2.0 0.002
демонстрант 0.001 2.0 0.002
выдержать 0.001 1.301 0.001
удар 0.001 0.745 0.001
ответить 0.001 0.495 0.0
глэм-металом 0.001 2.0 0.002
как-то 0.001 0.699 0.001
рассказать 0.001 0.469 0.0
инстаграм 0.002 0.066 0.0
история 0.004 0.26 0.001
любовь 0.003 1.0 0.003
два 0.001 0.26 0.0
выдра 0.001 2.0 0.002
оказаться 0.001 0.31 0.0
начать 0.002 0.276 0.001
пост 0.001 0.638 0.001
наш 0.003 0.337 0.001
подписчиковвсе 0.001 2.0 0.002
закончиться 0.001 0.62 0.001
свадьба 0.001 1.699 0.002
япония 0.001 1.301 0.001
робот 0.006 1.699 0.01
луна 0.004 1.699 0.007
четыре 0.002 0.509 0.001
колесо 0.002 1.699 0.003
рука 0.002 0.62 0.001
голова 0.002 0.959 0.002
минута 0.002 0.745 0.001
японский 0.004 1.523 0.006
компания 0.002 0.444 0.001
gitai 0.003 2.0 0.006
назвать 0.002 0.569 0.001
лаконично 0.002 1.699 0.003
r1 0.004 2.0 0.008
руки-манипул… 0.001 2.0 0.002
далёкий 0.002 0.481 0.001
рука-манипулятор 0.001 2.0 0.002
голова-камера 0.001 2.0 0.002
испытание 0.001 0.77 0.001
полигон 0.001 2.0 0.002
космический 0.001 1.523 0.002
агентство 0.001 0.824 0.001
jaxa 0.001 2.0 0.002
показать 0.002 0.432 0.001
сторона 0.001 0.347 0.0
уверенно 0.001 1.699 0.002
проехать 0.001 1.523 0.002
сложный 0.001 0.602 0.001
рельеф 0.001 2.0 0.002
имитировать 0.001 1.699 0.002
поверхность 0.002 1.222 0.002
макет 0.001 2.0 0.002
солнечный 0.001 1.523 0.002
батарея 0.001 1.523 0.002
взять 0.001 0.553 0.001
проба 0.001 2.0 0.002
грунт 0.001 2.0 0.002
рассчитывать 0.001 0.886 0.001
близкий 0.001 0.347 0.0
несколько 0.002 0.187 0.0
ездить 0.001 1.097 0.001
сам 0.002 0.137 0.0
настоящий 0.001 0.585 0.001
лунный 0.001 1.699 0.002
доктор 0.002 1.699 0.003
дре 0.001 2.0 0.002
снуп 0.001 2.0 0.002
догга 0.001 2.0 0.002
эминь 0.001 2.0 0.002
кендрик 0.001 2.0 0.002
ламар 0.001 2.0 0.002
мэри 0.001 2.0 0.002
джей 0.002 2.0 0.004
блайдж 0.001 2.0 0.002
кое-кто 0.001 2.0 0.002
выступить 0.001 0.721 0.001
перерыв 0.001 1.301 0.001
супербоулаполучиться 0.001 2.0 0.002
легендарный 0.001 2.0 0.002
двумерный 0.001 2.0 0.002
чип 0.001 1.699 0.002
трёхмерный 0.001 1.523 0.002
дейл 0.001 2.0 0.002
воссоединяться 0.001 2.0 0.002
спустя 0.001 0.886 0.001
найти 0.001 0.456 0.0
пропасть 0.001 1.301 0.001
другаэтый 0.001 2.0 0.002
трейлер 0.001 2.0 0.002
новый 0.002 0.187 0.0
фильм 0.001 1.398 0.001
бурундук-спасатель 0.001 2.0 0.002
титаник 0.001 2.0 0.002
вместо 0.001 0.77 0.001
кейт 0.001 2.0 0.002
уинслет 0.001 2.0 0.002
сыграть 0.002 1.523 0.003
кошка 0.001 1.398 0.001
лиззисрочно 0.001 2.0 0.002
нести 0.001 0.886 0.001
кошачий 0.001 2.0 0.002
оскар 0.001 2.0 0.002
сериал 0.001 1.523 0.002
властелин 0.001 2.0 0.002
кольцо 0.001 1.222 0.001
злой 0.001 1.523 0.002
стрэндж 0.001 2.0 0.002
петь 0.001 1.699 0.002
терк 0.001 2.0 0.002
ди 0.001 1.699 0.002
клиника 0.001 0.886 0.001
шварценеггер-зевсвот 0.001 2.0 0.002
супербоуле-2022 0.001 2.0 0.002
многие 0.001 0.284 0.0
мочь 0.003 0.102 0.0
роза 0.001 1.699 0.002
бас 0.001 2.0 0.002
многий 0.001 0.495 0.0
удаться 0.001 0.456 0.0
сделать 0.003 0.208 0.001
один 0.002 0.119 0.0
сцена 0.001 1.398 0.001
вместе 0.001 0.602 0.001
ария 0.001 2.0 0.002
человек 0.003 0.092 0.0
любить 0.001 0.921 0.001
мультфильм 0.003 2.0 0.006
группа 0.001 0.387 0.0
дать 0.002 0.066 0.0
танк 0.001 0.854 0.001
к 0.001 0.745 0.001
влюбить 0.001 2.0 0.002
хмурый 0.001 2.0 0.002
мизантроп 0.001 2.0 0.002
узнать 0.002 0.481 0.001
вокруг 0.001 0.721 0.001
чувство 0.001 1.155 0.001
премьера 0.001 2.0 0.002
20-долларовый 0.001 2.0 0.002
малыш 0.001 1.301 0.001
йод 0.001 1.699 0.002
неотличимый 0.001 2.0 0.002
герой 0.002 1.046 0.002
сериалаобычный 0.001 2.0 0.002
магазин 0.001 0.796 0.001
похорошеть 0.001 2.0 0.002
тикток 0.001 1.699 0.002
плакать 0.001 1.301 0.001
открывать 0.001 1.097 0.001
титр 0.001 1.097 0.001
студия 0.001 1.301 0.001
pixar 0.001 2.0 0.002
цинциннать 0.001 2.0 0.002
любоваться 0.001 2.0 0.002
рыба 0.001 1.398 0.001
жак-ив 0.001 2.0 0.002
кусто 0.001 2.0 0.002
погружаться 0.001 2.0 0.002
вода 0.001 0.638 0.001
тирамис 0.001 2.0 0.002
эклер 0.001 2.0 0.002
голлум 0.001 2.0 0.002
советский 0.001 0.959 0.001
издание 0.001 0.481 0.0
хоббит 0.001 2.0 0.002
везти 0.001 1.222 0.001
гостинецэтый 0.001 2.0 0.002
добрый 0.001 1.398 0.001
мем 0.002 2.0 0.004
хватать 0.001 0.886 0.001
зимой 0.001 1.301 0.001
зловещий 0.001 1.398 0.001
тайный 0.001 2.0 0.002
семь 0.001 0.721 0.001
буква 0.001 1.046 0.001
первый 0.002 0.143 0.0
г 0.001 2.0 0.002
последний 0.001 0.284 0.0
правильно 0.001 0.824 0.001
гаспачо 0.001 2.0 0.002
крайний 0.001 0.602 0.001
мера 0.001 0.377 0.0
решить 0.002 0.398 0.001
конгрессвумен 0.001 2.0 0.002
табель 0.001 2.0 0.002
ранг 0.001 1.699 0.002
подобие 0.001 1.699 0.002
социальный 0.001 0.721 0.001
лифт 0.001 1.699 0.002
россииа 0.001 2.0 0.002
подняться 0.001 1.155 0.001
немой 0.001 0.585 0.001
выше 0.001 0.509 0.001
пушкин 0.001 1.699 0.002
толстой 0.001 2.0 0.002
выяснять 0.001 1.699 0.002
аспирант 0.001 2.0 0.002
квадрокоптер 0.001 2.0 0.002
винт 0.001 2.0 0.002
чертёж 0.001 2.0 0.002
леонардо 0.001 2.0 0.002
винчиудивительный 0.001 2.0 0.002
беспилотник 0.001 1.699 0.002
взлететь 0.001 1.699 0.002
новость 0.001 0.357 0.0
народ 0.001 0.745 0.001
ждать 0.001 0.481 0.0
минимум 0.001 0.77 0.001
серия 0.001 1.097 0.001
футурам 0.001 2.0 0.002
интрига 0.001 2.0 0.002
вернуться 0.001 0.638 0.001
актёр 0.001 1.523 0.002
озвучить 0.001 1.301 0.001
бендер 0.001 2.0 0.002
огромный 0.001 0.721 0.001
крокодил 0.001 2.0 0.002
пять 0.001 0.432 0.0
ходить 0.001 0.77 0.001
шина 0.001 1.699 0.002
шея 0.001 1.699 0.002
всё-таки 0.001 0.553 0.001
спасти 0.001 0.854 0.001
потребоваться 0.001 0.921 0.001
курица 0.001 1.699 0.002
терпеть 0.001 1.398 0.001
красавица 0.001 2.0 0.002
слушать 0.001 1.046 0.001
красный 0.001 1.097 0.001
плесень 0.001 2.0 0.002
дело 0.001 0.252 0.0
президент 0.001 0.523 0.001
цитировать 0.001 1.155 0.001
частушка 0.001 2.0 0.002
матерный 0.001 2.0 0.002
оказываться 0.001 0.721 0.001
откатить 0.001 2.0 0.002
заводский 0.001 1.699 0.002
настройка 0.001 2.0 0.002
смешной 0.001 1.699 0.002
понимать 0.001 0.42 0.0
объяснять 0.001 0.538 0.001
казаться 0.001 0.409 0.0
обычный 0.001 0.509 0.001
сумка 0.001 1.222 0.001
dolce 0.001 2.0 0.002
gabbana 0.001 2.0 0.002
леонид 0.001 1.301 0.001
каневскоговпроч 0.001 2.0 0.002
другой 0.004 0.097 0.0
персонаж 0.001 2.0 0.002
превращаться 0.001 1.523 0.002
живой 0.001 0.553 0.001
исторический 0.001 0.921 0.001
деятель 0.001 1.097 0.001
современниковэтый 0.001 2.0 0.002
совместный 0.001 0.886 0.001
творчество 0.001 1.398 0.001
искусственный 0.002 1.699 0.003
интеллект 0.002 2.0 0.004
нео 0.001 2.0 0.002
четвёртый 0.001 1.222 0.001
матрица 0.001 2.0 0.002
есть 0.001 1.046 0.001
лапша 0.002 2.0 0.004
кафе 0.001 1.097 0.001
фотография 0.001 0.553 0.001
молодой 0.001 0.854 0.001
киана 0.001 2.0 0.002
ривзаэтый 0.001 2.0 0.002
пасхалка 0.001 2.0 0.002
длина 0.001 1.523 0.002
десятилетие 0.001 1.155 0.001
bugatti 0.001 2.0 0.002
свой 0.001 0.143 0.0
простой 0.002 0.538 0.001
понадобиться 0.001 1.301 0.001
сварочный 0.001 2.0 0.002
аппарат 0.001 1.097 0.001
глина 0.001 2.0 0.002
полиэтилен 0.001 2.0 0.002
остаток 0.001 1.301 0.001
авто 0.001 2.0 0.002
свободный 0.001 0.77 0.001
операция 0.001 0.721 0.001
преемник 0.001 1.699 0.002
идти 0.001 0.222 0.0
полный 0.001 0.377 0.0
фёдор 0.001 1.699 0.002
мкс 0.001 1.699 0.002
заменить 0.001 0.921 0.001
теледроид 0.001 2.0 0.002
мощный 0.001 1.046 0.001
ручища 0.001 2.0 0.002
папуанский 0.003 2.0 0.006
пингвин 0.005 2.0 0.01
быстрый 0.001 0.699 0.001
мой 0.001 0.585 0.001
ласт 0.001 2.0 0.002
ловкий 0.001 2.0 0.002
клюв 0.001 2.0 0.002
учёный 0.002 0.569 0.001
прикрепить 0.002 1.523 0.003
камера 0.002 1.097 0.002
спина 0.001 1.155 0.001
поохотиться 0.001 2.0 0.002
сардина 0.002 2.0 0.004
мир 0.002 0.26 0.001
например 0.002 0.229 0.0
шанс 0.002 0.638 0.001
аргентин… 0.001 2.0 0.002
аргентинский 0.001 1.398 0.001
специальный 0.001 0.638 0.001
охотиться 0.001 2.0 0.002
незабываемый 0.001 1.699 0.002
зрелище 0.001 2.0 0.002
видео 0.001 0.678 0.001
снятой 0.001 1.398 0.001
пролив 0.001 1.699 0.002
бигла 0.001 2.0 0.002
остров 0.001 1.222 0.001
мартильо 0.001 2.0 0.002
огненный 0.001 2.0 0.002
земля 0.001 0.796 0.001
аргентина 0.001 0.921 0.001
трекер 0.001 2.0 0.002
airtag 0.001 2.0 0.002
apple 0.001 1.523 0.002
искать 0.001 0.678 0.001
потерянный 0.001 1.699 0.002
вещь 0.001 0.62 0.001
обнаруживать 0.001 2.0 0.002
законспирировать 0.001 2.0 0.002
спецслужба 0.001 1.398 0.001
бесконечно 0.001 1.398 0.001
бить 0.001 1.155 0.001
рекорд 0.001 1.398 0.001
тетрис 0.001 2.0 0.002
очко 0.001 2.0 0.002
зависнуть 0.001 2.0 0.002
бельгиец 0.001 2.0 0.002
выдавать 0.001 1.155 0.001
паспорт 0.001 1.046 0.001
тинтином 0.001 2.0 0.002
смурфами 0.001 2.0 0.002
комикс 0.001 2.0 0.002
страницахлюбоваться 0.001 2.0 0.002
немножко 0.001 1.222 0.001
завидовать 0.001 2.0 0.002
борис 0.001 1.398 0.001
гребенщик 0.001 2.0 0.002
поздравлять 0.001 1.699 0.002
китайский 0.001 0.886 0.001
традиция 0.001 1.523 0.002
открытка-гифока 0.001 2.0 0.002
присылать 0.001 1.699 0.002
тётушка 0.001 2.0 0.002
пасха 0.001 2.0 0.002
пока 0.001 0.208 0.0
москва 0.001 0.523 0.001
заваливать 0.001 2.0 0.002
снег 0.001 1.222 0.001
житель 0.001 0.456 0.0
флорида 0.001 2.0 0.002
падать 0.001 0.824 0.001
игуанывпроч 0.001 2.0 0.002
ящерица 0.001 1.699 0.002
привыкнуть 0.001 1.398 0.001
редакция 0.002 0.066 0.0
кодекс 0.001 0.066 0.0
блог 0.001 0.066 0.0
meduzacare 0.001 0.066 0.0
связаться 0.001 0.066 0.0
мы 0.001 0.066 0.0
анонимно 0.001 0.066 0.0
поддержать 0.001 0.066 0.0
платформа 0.002 0.066 0.0
ios 0.001 0.066 0.0
android 0.001 0.066 0.0
twitter 0.001 0.0 0.0
facebook 0.001 0.0 0.0
вконтакте 0.001 0.066 0.0
youtube 0.001 0.06 0.0
meduza 0.002 0.0 0.0
– 0.001 0.06 0.0
live 0.001 0.022 0.0
вечерний 0.001 0.066 0.0
вообще 0.001 0.066 0.0
реклама 0.002 0.066 0.0
требование 0.001 0.066 0.0
баннер 0.001 0.066 0.0
безопасно 0.001 0.066 0.0
персональный 0.001 0.066 0.0
правило 0.001 0.066 0.0
обработка 0.001 0.066 0.0
использование 0.001 0.066 0.0
кук 0.001 0.066 0.0
ошибка 0.001 0.066 0.0
выделить 0.001 0.066 0.0
нажать 0.001 0.066 0.0
ctrl+enter 0.001 0.066 0.0
спасибоgiphyз 0.001 0.066 0.0
© 0.001 0.0 0.0
