перейти 0.001 0.066 0.0
материал 0.002 0.066 0.0
связь 0.001 0.0 0.0
новостиисторииразборшапитокоронавирусмагаз 0.001 0.066 0.0
медуза 0.006 0.066 0.0
рекламаmeduza 0.001 0.066 0.0
in 0.001 0.0 0.0
english 0.001 0.06 0.0
показывать 0.001 0.066 0.0
порядок 0.001 0.066 0.0
en 0.001 0.066 0.0
кнопка 0.001 0.066 0.0
поддержка 0.001 0.066 0.0
разбор 0.001 0.387 0.0
казаться 0.002 0.409 0.001
учёный 0.009000000000000001 0.569 0.005
раскрыть 0.002 1.222 0.002
причина 0.003 0.398 0.001
возникновение 0.007 0.921 0.006
тромбоз 0.016000000000000004 1.155 0.018
прививка 0.005 0.602 0.003
спутник 0.010000000000000002 0.678 0.007
это 0.009 0.066 0.001
касаться 0.002 0.553 0.001
риск 0.005 0.357 0.002
гораздо 0.001 0.699 0.001
выше 0.001 0.509 0.001
заболеть 0.001 0.585 0.001
ковид 0.003 0.387 0.001
декабрь 0.002 0.745 0.001
источник 0.002 0.167 0.0
meduza 0.002 0.0 0.0
данный 0.004 0.097 0.0
сообщение 0.001 0.102 0.0
создать 0.001 0.097 0.0
распространить 0.001 0.102 0.0
иностранный 0.003 0.097 0.0
средство 0.002 0.097 0.0
массовый 0.002 0.097 0.0
информация 0.002 0.102 0.0
выполнять 0.002 0.097 0.0
функция 0.002 0.097 0.0
агент 0.002 0.097 0.0
российский 0.002 0.071 0.0
юридический 0.001 0.102 0.0
лицо 0.001 0.086 0.0
мы 0.002 0.066 0.0
нужный 0.002 0.086 0.0
ваш 0.001 0.081 0.0
помощь 0.001 0.071 0.0
пожалуйста 0.001 0.102 0.0
поддержать 0.002 0.066 0.0
александр 0.001 0.456 0.0
казак 0.001 2.0 0.002
коммерсантъ 0.001 1.523 0.002
удаться 0.002 0.456 0.001
возможный 0.003 0.523 0.002
механизм 0.007 0.886 0.006
который 0.018000000000000002 0.071 0.001
хотя 0.001 0.276 0.0
очень 0.008 0.149 0.001
редко 0.002 1.301 0.003
мочь 0.006 0.102 0.001
возникать 0.006 0.824 0.005
введение 0.002 0.658 0.001
векторный 0.008 1.046 0.008
вакцина 0.019000000000000003 0.538 0.01
группа 0.003 0.387 0.001
сша 0.001 0.469 0.0
великобритания 0.002 0.699 0.001
показать 0.003 0.432 0.001
триггер 0.001 1.699 0.002
запускать 0.002 1.398 0.003
процесс 0.001 0.538 0.001
тромбообразование 0.002 2.0 0.004
вектор 0.004 1.222 0.005
основа 0.004 0.678 0.003
аденовирус 0.006 1.301 0.008
напомнить 0.001 0.699 0.001
вакцино-индуцировать 0.001 2.0 0.002
иммунный 0.006 0.678 0.004
тромботический 0.001 2.0 0.002
тромбоцитопения 0.005 1.523 0.008
витта 0.014 2.0 0.028
редкий 0.006 0.824 0.005
побочный 0.008 0.959 0.008
явление 0.01 0.886 0.009
связанный 0.001 0.745 0.001
использование 0.003 0.066 0.0
аденовирусный 0.002 1.046 0.002
противоковидный 0.001 1.222 0.001
точно 0.001 0.481 0.0
измерить 0.001 1.046 0.001
частота 0.007 0.959 0.007
довольно 0.001 0.523 0.001
сложно 0.002 0.538 0.001
оцениваться 0.001 1.155 0.001
диапазон 0.001 1.398 0.001
один 0.003 0.119 0.0
случай 0.016 0.194 0.003
25–500 0.001 2.0 0.002
тысяча 0.002 0.31 0.001
вакцинация 0.013 0.553 0.007
тяжёлый 0.002 0.377 0.001
состояние 0.002 0.721 0.001
значительный 0.001 0.854 0.001
число 0.001 0.201 0.0
закончиться 0.002 0.62 0.001
смертельный 0.001 1.155 0.001
исход 0.001 0.921 0.001
впервые 0.002 0.824 0.002
повышение 0.001 1.097 0.001
вакцинировать 0.001 0.602 0.001
обнаружить 0.005 0.658 0.003
европейский 0.002 0.602 0.001
медицинский 0.001 0.523 0.001
агентство 0.003 0.824 0.002
ema 0.001 1.523 0.002
март 0.001 0.284 0.0
год 0.004 0.119 0.0
старт 0.001 1.301 0.001
прививочный 0.001 1.046 0.001
кампания 0.001 0.699 0.001
производство 0.002 0.658 0.001
astrazeneca 0.003 0.959 0.003
сделать 0.002 0.208 0.0
шимпанзе 0.001 1.523 0.002
нетипичный 0.001 2.0 0.002
сопровождаться 0.001 1.222 0.001
снижение 0.002 0.745 0.001
количество 0.002 0.481 0.001
тромбоцит 0.003 2.0 0.006
время 0.008 0.086 0.001
обычно 0.001 0.523 0.001
избыток 0.001 1.398 0.001
являться 0.004 0.602 0.002
патологический 0.001 1.699 0.002
тромб 0.004 1.398 0.006
аналогичный 0.001 0.959 0.001
нежелательный 0.004 0.77 0.003
также 0.006 0.237 0.001
наблюдаться 0.001 0.921 0.001
johnson 0.003 1.155 0.003
человек 0.006 0.092 0.001
26-го 0.001 1.523 0.002
серотип 0.001 1.523 0.002
использоваться 0.003 0.585 0.002
первый 0.007 0.143 0.001
компонент 0.003 0.824 0.002
v 0.008 0.699 0.006
узнать 0.001 0.481 0.0
новый 0.003 0.187 0.001
потерпеть 0.001 2.0 0.002
важно 0.002 0.509 0.001
исследование 0.005 0.42 0.002
начаться 0.001 0.367 0.0
весна 0.001 1.0 0.001
объяснение 0.002 1.0 0.002
предложить 0.001 0.699 0.001
несколько 0.002 0.187 0.0
гипотеза 0.003 1.523 0.005
отвергнуть 0.001 1.699 0.002
связать 0.004 0.469 0.002
c 0.001 1.046 0.001
воздействие 0.001 1.398 0.001
антитело 0.007 0.77 0.005
s-белок 0.002 1.222 0.002
коронавирус 0.003 0.387 0.001
тот 0.005 0.131 0.001
вырабатываться 0.001 1.222 0.001
защищать 0.001 0.585 0.001
заболевание 0.002 0.481 0.001
предполагаться 0.001 1.301 0.001
распознавать 0.003 2.0 0.006
некоторый 0.004 0.222 0.001
собственный 0.002 0.569 0.001
белка 0.002 1.699 0.003
организм 0.003 0.745 0.002
приводить 0.006 0.602 0.004
такой 0.011000000000000003 0.114 0.001
образ 0.002 0.553 0.001
реакция 0.004 0.678 0.003
однако 0.002 0.337 0.001
знать 0.002 0.244 0.0
регистрироваться 0.001 1.222 0.001
мрнк-вакцина 0.002 1.046 0.002
кодировать 0.001 1.699 0.002
стимулировать 0.001 1.301 0.001
выработка 0.001 1.155 0.001
этот 0.004 0.137 0.001
публикация 0.002 0.796 0.002
работа 0.002 0.357 0.001
плохо 0.001 0.569 0.001
согласовываться 0.001 2.0 0.002
статистика 0.001 0.921 0.001
предположение 0.002 1.222 0.002
ключевой 0.002 0.886 0.002
роль 0.002 0.721 0.001
вещество 0.001 1.0 0.001
входящий 0.002 1.222 0.002
состав 0.002 0.745 0.001
например 0.001 0.229 0.0
остаток 0.001 1.301 0.001
клетка 0.001 0.921 0.001
выращиваться 0.001 1.699 0.002
особый 0.001 0.745 0.001
система 0.008 0.398 0.003
очистка 0.001 1.699 0.002
якобы 0.001 0.854 0.001
позволять 0.001 0.585 0.001
избавиться 0.001 1.155 0.001
ненужный 0.001 1.699 0.002
белок 0.003 1.155 0.003
поверхность 0.001 1.222 0.001
поэтому 0.004 0.328 0.001
образование 0.003 0.886 0.003
найти 0.002 0.456 0.001
обоснованный 0.001 1.155 0.001
позволить 0.001 0.62 0.001
сходство 0.001 2.0 0.002
другой 0.004 0.097 0.0
синдром 0.002 1.301 0.003
аутоиммунный 0.001 1.398 0.001
гепарин-индуцировать 0.002 2.0 0.004
пациент 0.002 0.678 0.001
получать 0.001 0.569 0.001
лечение 0.001 0.77 0.001
гепарин 0.005 1.699 0.008
известно 0.001 0.481 0.0
отрицательно 0.001 2.0 0.002
зарядить 0.003 1.699 0.005
молекула 0.001 1.301 0.001
реагировать 0.002 1.097 0.002
положительно 0.002 1.523 0.003
тромбоцитарный 0.002 2.0 0.004
фактор 0.005 0.824 0.004
pf4 0.008 2.0 0.016
комплекс 0.005 1.046 0.005
наш 0.001 0.337 0.0
воспринимать 0.001 1.222 0.001
чужеродный 0.001 2.0 0.002
антиген 0.002 1.222 0.002
начинать 0.002 0.569 0.001
производиться 0.001 1.155 0.001
затем 0.002 0.678 0.001
связываться 0.002 1.155 0.002
целый 0.001 0.658 0.001
каскад 0.001 2.0 0.002
конец 0.002 0.444 0.001
участок 0.001 0.959 0.001
основный 0.001 0.62 0.001
появление 0.001 0.699 0.001
обсуждать 0.001 0.745 0.001
заключаться 0.001 0.959 0.001
результат 0.003 0.367 0.001
взаимодействие 0.002 1.155 0.002
что-то 0.001 0.509 0.001
вроде 0.001 0.658 0.001
проверить 0.001 0.886 0.001
белок-шип 0.001 2.0 0.002
никакой 0.001 0.409 0.0
вместе 0.001 0.602 0.001
второй 0.003 0.357 0.001
главный 0.002 0.276 0.001
общий 0.002 0.444 0.001
недавно 0.001 0.62 0.001
опубликовать 0.003 0.509 0.002
журнал 0.002 0.77 0.002
science 0.001 1.398 0.001
advances 0.001 2.0 0.002
именно 0.004 0.244 0.001
особенность 0.001 0.854 0.001
строение 0.001 1.699 0.002
аденовектор 0.004 2.0 0.008
играть 0.001 0.699 0.001
оказаться 0.003 0.31 0.001
вид 0.001 0.398 0.0
коронавирусный 0.001 1.155 0.001
chadox1 0.001 1.699 0.002
hadv-d26 0.001 2.0 0.002
hadv-c5 0.001 2.0 0.002
cansinobio 0.002 1.699 0.003
действительно 0.001 0.377 0.0
свёртывание 0.002 2.0 0.004
кровь 0.002 0.77 0.002
сначала 0.001 0.602 0.001
уровень 0.001 0.367 0.0
электронный 0.001 1.046 0.001
микроскопия 0.001 2.0 0.002
подтвердить 0.004 0.678 0.003
метод 0.001 0.678 0.001
поверхностный 0.001 1.699 0.002
плазмонный 0.001 2.0 0.002
резонанс 0.001 2.0 0.002
поймать 0.001 1.523 0.002
зафиксировать 0.003 0.921 0.003
сложный 0.001 0.602 0.001
молекулярный 0.001 1.523 0.002
статья 0.001 0.553 0.001
описывать 0.002 1.0 0.002
сильный 0.002 0.553 0.001
отрицательный 0.001 1.046 0.001
заряд 0.001 2.0 0.002
ввиду 0.001 2.0 0.002
свой 0.003 0.143 0.0
структура 0.001 0.745 0.001
притягивать 0.001 2.0 0.002
образовать 0.001 1.523 0.002
они 0.002 0.538 0.001
предполагать 0.002 0.699 0.001
аутоантитело 0.002 2.0 0.004
нацелить 0.001 2.0 0.002
против 0.001 0.229 0.0
активировать 0.001 2.0 0.002
скучивание 0.001 2.0 0.002
последовательность 0.001 1.222 0.001
достаточно 0.001 0.444 0.0
событие 0.001 0.509 0.001
считать 0.001 0.319 0.0
изучать 0.001 0.854 0.001
разработать 0.001 0.959 0.001
быть 0.001 0.215 0.0
род 0.002 0.77 0.002
следующий 0.001 0.553 0.001
задача 0.002 0.77 0.002
создание 0.001 0.921 0.001
животный 0.001 1.523 0.002
модель 0.001 0.824 0.001
протестировать 0.001 1.398 0.001
вероятность 0.001 0.602 0.001
живой 0.001 0.553 0.001
определить 0.001 1.222 0.001
предрасположенность 0.001 1.699 0.002
сложность 0.001 1.222 0.001
состоять 0.001 0.959 0.001
клинический 0.002 0.721 0.001
феномен 0.001 1.523 0.002
провести 0.001 0.538 0.001
непросто 0.001 1.155 0.001
из-за 0.002 0.229 0.0
проявляться 0.002 1.301 0.003
послевакцинный 0.001 2.0 0.002
алгоритм 0.001 1.398 0.001
выявление 0.001 1.523 0.002
легко 0.001 0.824 0.001
запомнить 0.001 1.398 0.001
буква 0.001 1.046 0.001
аббревиатура 0.001 1.699 0.002
частый 0.002 0.523 0.001
доза 0.008 0.721 0.006
интервал 0.001 1.046 0.001
симптом 0.001 0.824 0.001
5–14 0.001 2.0 0.002
день 0.001 0.167 0.0
так 0.002 1.222 0.002
признак 0.001 0.959 0.001
боль 0.002 0.699 0.001
грудь 0.001 1.155 0.001
нехватка 0.001 1.523 0.002
воздух 0.001 0.886 0.001
головной 0.001 1.155 0.001
судорога 0.001 2.0 0.002
отечь 0.001 1.699 0.002
онемение 0.001 2.0 0.002
конечность 0.001 1.699 0.002
резкий 0.001 1.155 0.001
ухудшение 0.001 1.301 0.001
зрение 0.001 0.585 0.001
мелкий 0.001 1.222 0.001
подкожный 0.001 1.523 0.002
кровоизлияние 0.001 2.0 0.002
обнаружение 0.001 1.155 0.001
гепарин-тромбоцитарный 0.001 2.0 0.002
детальный 0.001 1.523 0.002
диаграмма 0.001 2.0 0.002
постановка 0.001 1.398 0.001
диагноз 0.002 1.398 0.003
сайт 0.001 0.658 0.001
международный 0.002 0.569 0.001
сообщество 0.001 0.886 0.001
гемостаз 0.001 1.699 0.002
препятствовать 0.001 1.301 0.001
рекомендация 0.001 0.678 0.001
по-прежнему 0.002 0.824 0.002
указывать 0.001 0.796 0.001
нежелательно 0.001 1.523 0.002
лечить 0.001 1.222 0.001
нужно 0.003 0.237 0.001
использовать 0.004 0.319 0.001
антикоагулянт 0.002 1.523 0.003
внутривенный 0.001 1.523 0.002
иммуноглобулин 0.001 1.699 0.002
глюкокортикостероид 0.001 2.0 0.002
должный 0.003 0.201 0.001
прописать 0.001 1.398 0.001
врач 0.001 0.509 0.001
установка 0.001 1.398 0.001
перенести 0.001 0.959 0.001
covid-19 0.003 0.77 0.002
варикоз 0.001 2.0 0.002
тромбофилия 0.001 1.699 0.002
относиться 0.001 0.62 0.001
противопоказание 0.001 1.046 0.001
основать 0.001 0.921 0.001
следствие 0.001 1.523 0.002
нарушение 0.001 0.886 0.001
принимать 0.002 0.432 0.001
чреватый 0.001 1.523 0.002
кровотечение 0.001 1.699 0.002
разница 0.002 0.77 0.002
регистрировать 0.002 1.301 0.003
разный 0.003 0.276 0.001
описать 0.001 0.721 0.001
биологический 0.001 1.222 0.001
верный 0.001 1.523 0.002
равный 0.002 1.097 0.002
шанс 0.001 0.638 0.001
привести 0.001 0.456 0.0
встречаемость 0.001 1.699 0.002
страна 0.004 0.155 0.001
отсутствие 0.002 0.699 0.001
зарегистрировать 0.003 0.602 0.002
очередь 0.001 0.538 0.001
низкий 0.001 0.638 0.001
эффективность 0.003 0.538 0.002
пострегистрационный 0.002 1.523 0.003
мониторинг 0.004 1.155 0.005
просто 0.001 0.194 0.0
австрия 0.001 1.222 0.001
американский 0.001 0.585 0.001
контроль 0.001 0.585 0.001
лекарство 0.001 0.569 0.001
начать 0.001 0.276 0.0
проводить 0.001 0.509 0.001
подробный 0.001 0.569 0.001
расследование 0.001 1.0 0.001
самый 0.002 0.208 0.0
высокий 0.002 0.495 0.001
момент 0.001 0.387 0.0
норвегия 0.002 1.155 0.002
согласоваться 0.001 1.699 0.002
скандинавский 0.001 1.523 0.002
насколько 0.001 0.42 0.0
бывать 0.001 0.77 0.001
проиллюстрировать 0.001 1.699 0.002
пример 0.002 0.585 0.001
индия 0.002 1.155 0.002
данные 0.005 0.31 0.002
британский 0.001 0.721 0.001
регулирование 0.001 1.523 0.002
лекарственный 0.001 1.097 0.001
препарат 0.003 0.585 0.002
смерть 0.001 0.553 0.001
период 0.002 0.678 0.001
два 0.001 0.26 0.0
привить 0.002 0.678 0.001
миллион 0.008 0.495 0.004
итог 0.001 0.509 0.001
подобный 0.002 0.721 0.001
осложнение 0.003 0.886 0.003
составлять 0.002 0.745 0.001
примерно 0.002 0.585 0.001
октябрь 0.002 0.796 0.002
официально 0.002 0.959 0.002
семь 0.002 0.721 0.001
пока 0.002 0.208 0.0
россия 0.002 0.108 0.0
аргентина 0.003 0.921 0.003
пандемия 0.003 0.538 0.002
доставить 0.001 1.398 0.001
относительно 0.001 0.721 0.001
китайский 0.001 0.886 0.001
5-й 0.001 1.301 0.001
компания 0.002 0.444 0.001
февральский 0.001 2.0 0.002
the 0.001 0.481 0.0
lancet 0.001 1.301 0.001
промежуточный 0.001 1.097 0.001
третий 0.001 0.553 0.001
фаза 0.001 0.796 0.001
указать 0.002 0.796 0.002
глубокий 0.001 1.097 0.001
вено 0.001 1.523 0.002
старший 0.001 0.678 0.001
указание 0.001 1.155 0.001
наличие 0.001 0.745 0.001
сопутствовать 0.001 1.523 0.002
говориться 0.001 0.796 0.001
часто 0.002 0.456 0.001
видный 0.001 1.046 0.001
испытание 0.002 0.77 0.002
участвовать 0.001 0.569 0.001
доброволец 0.001 0.854 0.001
заметный 0.001 1.155 0.001
лишь 0.001 0.481 0.0
важный 0.001 0.284 0.0
отчёт 0.003 1.0 0.003
безопасность 0.001 0.387 0.0
август 0.001 0.854 0.001
инактивированный 0.001 1.301 0.001
sinopharm 0.001 1.398 0.001
moderna 0.001 1.0 0.001
неясный 0.001 1.523 0.002
происхождение 0.001 1.097 0.001
astrazenеca 0.002 2.0 0.004
шесть 0.001 0.745 0.001
обращать 0.001 1.097 0.001
внимание 0.001 0.523 0.001
намного 0.002 0.959 0.002
ниже 0.001 0.77 0.001
говорить 0.001 0.18 0.0
польза 0.001 0.745 0.001
различие 0.001 1.155 0.001
отражать 0.001 1.523 0.002
отличие 0.001 0.699 0.001
сам 0.002 0.137 0.0
популяция 0.001 1.046 0.001
работать 0.001 0.102 0.0
открытый 0.003 0.886 0.003
понятный 0.001 0.959 0.001
включая 0.001 0.959 0.001
форма 0.001 0.62 0.001
регистрация 0.002 0.854 0.002
проблема 0.002 0.347 0.001
большинство 0.001 0.509 0.001
развивающийся 0.001 1.523 0.002
благодаря 0.002 0.77 0.002
медицина 0.001 1.046 0.001
усилиться 0.001 1.699 0.002
тренд 0.001 1.699 0.002
открытость 0.001 1.699 0.002
доказательность 0.001 2.0 0.002
стараться 0.001 0.854 0.001
соответствовать 0.001 0.824 0.001
разработчик 0.001 0.77 0.001
государство 0.001 0.569 0.001
доступность 0.001 1.699 0.002
огромный 0.001 0.721 0.001
напрямую 0.001 1.0 0.001
действие 0.001 0.409 0.0
ано 0.001 1.523 0.002
коллективный 0.001 0.959 0.001
иммунитет 0.001 0.77 0.001
петиция 0.001 1.398 0.001
открыть 0.001 0.538 0.001
дать 0.002 0.066 0.0
подписать 0.001 1.046 0.001
делать 0.001 0.18 0.0
прививаться 0.003 0.824 0.002
решение 0.001 0.347 0.0
сравнить 0.001 1.046 0.001
болезнь 0.001 0.553 0.001
начало 0.001 0.26 0.0
диагностировать 0.001 1.523 0.002
25–40 0.001 2.0 0.002
ковидный 0.001 1.523 0.002
реанимация 0.001 1.699 0.002
несмотря 0.001 0.456 0.0
профилактика 0.001 0.886 0.001
каждый 0.001 0.244 0.0
десятый 0.001 2.0 0.002
госпитализировать 0.001 0.959 0.001
больной 0.001 1.155 0.001
добавить 0.001 1.0 0.001
опасный 0.002 0.699 0.001
постковидный 0.001 1.699 0.002
становиться 0.001 0.553 0.001
понятно 0.001 0.699 0.001
болеть 0.001 0.745 0.001
ежедневно 0.001 1.155 0.001
неудивительный 0.001 1.699 0.002
наблюдать 0.001 0.824 0.001
видно 0.001 0.921 0.001
добиться 0.001 1.046 0.001
степень 0.001 0.658 0.001
противник 0.001 0.959 0.001
сторонник 0.001 1.0 0.001
понять 0.001 0.495 0.0
будущее 0.002 0.62 0.001
предотвратить 0.001 0.921 0.001
читать 0.001 0.444 0.0
правда 0.001 0.456 0.0
ампутировать 0.001 1.523 0.002
нога 0.001 0.959 0.001
бороться 0.001 0.796 0.001
pfizer 0.001 0.886 0.001
стать 0.001 0.149 0.0
могущественный 0.001 1.699 0.002
фармацевтический 0.001 1.523 0.002
мирерасследование 0.001 2.0 0.002
financial 0.001 1.222 0.001
times 0.001 0.699 0.001
означать 0.001 0.585 0.001
распространение 0.001 0.523 0.001
омикрон 0.001 0.921 0.001
спойлер 0.001 0.796 0.001
прийти 0.001 0.658 0.001
точка 0.001 0.444 0.0
путь 0.001 0.62 0.001
трудный 0.001 0.721 0.001
ранний 0.001 0.409 0.0
асель 0.001 2.0 0.002
мусабеков 0.001 2.0 0.002
редакция 0.002 0.066 0.0
кодекс 0.001 0.066 0.0
блог 0.001 0.066 0.0
meduzacare 0.001 0.066 0.0
связаться 0.001 0.066 0.0
анонимно 0.001 0.066 0.0
платформа 0.002 0.066 0.0
ios 0.001 0.066 0.0
android 0.001 0.066 0.0
инстаграм 0.001 0.066 0.0
twitter 0.001 0.0 0.0
facebook 0.001 0.0 0.0
вконтакте 0.001 0.066 0.0
youtube 0.001 0.06 0.0
– 0.001 0.06 0.0
live 0.001 0.022 0.0
вечерний 0.001 0.066 0.0
вообще 0.001 0.066 0.0
реклама 0.002 0.066 0.0
требование 0.001 0.066 0.0
баннер 0.001 0.066 0.0
безопасно 0.001 0.066 0.0
персональный 0.001 0.066 0.0
правило 0.001 0.066 0.0
обработка 0.001 0.066 0.0
кук 0.001 0.066 0.0
наслать 0.001 0.066 0.0
ошибка 0.001 0.066 0.0
выделить 0.001 0.066 0.0
нажать 0.001 0.066 0.0
ctrl+enter 0.001 0.066 0.0
спасибоgiphyз 0.001 0.066 0.0
гифка 0.001 0.066 0.0
© 0.001 0.0 0.0
