перейти 0.001 0.066 0.0
материал 0.003 0.066 0.0
связь 0.005 0.0 0.0
новостиисторииразборшапитокоронавирусмагаз 0.001 0.066 0.0
медуза 0.011 0.066 0.001
рекламаmeduza 0.001 0.066 0.0
in 0.001 0.0 0.0
english 0.001 0.06 0.0
показывать 0.002 0.066 0.0
порядок 0.001 0.066 0.0
en 0.001 0.066 0.0
кнопка 0.001 0.066 0.0
поддержка 0.002 0.066 0.0
история 0.004 0.26 0.001
казаться 0.003 0.409 0.001
единственный 0.001 0.481 0.0
культурный 0.004 1.046 0.004
сфера 0.006 0.921 0.006
который 0.003 0.071 0.0
пострадать 0.001 0.796 0.001
санкция 0.004 0.62 0.002
стать 0.007 0.149 0.001
литература 0.006 0.959 0.006
увы 0.001 1.097 0.001
это 0.009000000000000001 0.066 0.001
галина 0.004 2.0 0.008
юзефович 0.004 1.398 0.006
будущее 0.003 0.62 0.002
индустрия 0.001 1.222 0.001
март 0.001 0.284 0.0
источник 0.001 0.167 0.0
meduza 0.004 0.0 0.0
данный 0.001 0.097 0.0
сообщение 0.001 0.102 0.0
создать 0.001 0.097 0.0
распространить 0.001 0.102 0.0
иностранный 0.005 0.097 0.0
средство 0.001 0.097 0.0
массовый 0.001 0.097 0.0
информация 0.003 0.102 0.0
выполнять 0.003 0.097 0.0
функция 0.003 0.097 0.0
агент 0.003 0.097 0.0
российский 0.008 0.071 0.001
юридический 0.001 0.102 0.0
лицо 0.001 0.086 0.0
мы 0.005 0.066 0.0
нужный 0.004 0.086 0.0
ваш 0.004 0.081 0.0
помощь 0.003 0.071 0.0
пожалуйста 0.001 0.102 0.0
поддержать 0.002 0.066 0.0
влад 0.001 1.699 0.002
некрасов 0.001 1.523 0.002
коммерстантъ 0.001 2.0 0.002
другой 0.003 0.097 0.0
отрасль 0.001 1.301 0.001
экономика 0.001 0.796 0.001
книжный 0.009000000000000001 1.699 0.015
рынок 0.007 0.699 0.005
россия 0.009000000000000001 0.108 0.001
начало 0.001 0.26 0.0
война 0.003 0.357 0.001
украина 0.003 0.347 0.001
ответный 0.001 1.699 0.002
сторона 0.001 0.347 0.0
запад 0.001 0.678 0.001
столкнуться 0.001 1.046 0.001
тяжёлый 0.001 0.377 0.0
испытание 0.001 0.77 0.001
несмотря 0.003 0.456 0.001
многие 0.004 0.284 0.001
развлечение 0.001 1.699 0.002
фактически 0.001 0.721 0.001
недоступный 0.001 1.398 0.001
повод 0.002 0.553 0.001
радость 0.001 2.0 0.002
книжник 0.001 2.0 0.002
немного 0.001 0.77 0.001
какой 0.003 0.357 0.001
проблема 0.001 0.347 0.0
диагностировать 0.001 1.523 0.002
ожидать 0.004 0.62 0.002
писатель 0.002 1.398 0.003
издатель 0.008 2.0 0.016
книготорговец 0.001 2.0 0.002
читатель 0.006 0.523 0.003
близкий 0.002 0.347 0.001
рассказывать 0.002 0.337 0.001
литературный 0.002 2.0 0.004
критик 0.001 1.699 0.002
стоимость 0.003 1.301 0.004
книга 0.011 0.886 0.01
очень 0.003 0.149 0.0
сильно 0.004 0.509 0.002
вырасти 0.001 0.824 0.001
глубокий 0.001 1.097 0.001
кризис 0.002 0.921 0.002
из-за 0.003 0.229 0.001
дефицит 0.001 1.398 0.001
бумага 0.003 1.222 0.004
типографский 0.002 2.0 0.004
мощность 0.001 1.523 0.002
этот 0.004 0.137 0.001
ситуация 0.003 0.337 0.001
усугубиться 0.001 1.699 0.002
падение 0.001 0.921 0.001
курс 0.001 0.824 0.001
рубль 0.001 1.0 0.001
привести 0.001 0.456 0.0
дальнейший 0.001 0.886 0.001
удорожание 0.001 2.0 0.002
печать 0.001 1.398 0.001
сотрудничество 0.001 0.959 0.001
зарубежный 0.003 0.886 0.003
поставщик 0.001 1.222 0.001
типография 0.001 1.699 0.002
например 0.001 0.229 0.0
холдинг 0.001 1.398 0.001
эксмо-аста 0.001 2.0 0.002
часть 0.001 0.377 0.0
тираж 0.004 1.398 0.006
печатать 0.002 1.523 0.003
казахстан 0.001 1.222 0.001
издательство 0.009000000000000001 1.523 0.014
синдбад 0.001 2.0 0.002
литва 0.001 1.523 0.002
далее 0.001 0.921 0.001
скорее 0.001 0.509 0.001
прийтись 0.001 0.602 0.001
отказаться 0.001 0.62 0.001
чисто 0.001 1.301 0.001
финансовый 0.001 1.046 0.001
причина 0.001 0.398 0.0
плюс 0.001 1.0 0.001
к 0.001 0.745 0.001
весь 0.004 0.114 0.0
рваться 0.001 1.699 0.002
цепочка 0.001 1.222 0.001
поставка 0.001 0.921 0.001
устаревший 0.001 2.0 0.002
оборудование 0.001 1.222 0.001
невозможно 0.001 0.602 0.001
оперативно 0.001 1.301 0.001
заменить 0.001 0.921 0.001
модернизировать 0.001 1.699 0.002
сила 0.001 0.456 0.0
ввести 0.001 0.538 0.001
лёт 0.001 2.0 0.002
прогнозировать 0.001 1.699 0.002
рост 0.001 0.824 0.001
цена 0.001 1.0 0.001
30–50 0.001 2.0 0.002
умеренно 0.001 2.0 0.002
оптимистичный 0.001 1.398 0.001
прогноз 0.001 0.824 0.001
предполагать 0.001 0.699 0.001
измениться 0.001 0.745 0.001
плохой 0.001 0.509 0.001
радикально 0.001 1.301 0.001
параллельно 0.001 1.097 0.001
упасть 0.001 0.77 0.001
качество 0.001 0.553 0.001
переходить 0.001 1.046 0.001
самый 0.002 0.208 0.0
дешёвый 0.001 1.398 0.001
технология 0.001 1.0 0.001
нарядный 0.001 2.0 0.002
суперобложка 0.001 2.0 0.002
закладок-лясса 0.001 2.0 0.002
цветной 0.001 1.699 0.002
иллюстрация 0.001 1.699 0.002
увидеть 0.001 0.553 0.001
дистрибуция 0.001 1.699 0.002
вызывать 0.001 0.523 0.001
серьёзный 0.001 0.553 0.001
тревога 0.002 1.097 0.002
особенно 0.003 0.553 0.002
фон 0.003 0.745 0.002
тотальный 0.001 1.301 0.001
подорожание 0.001 2.0 0.002
бумажный 0.001 1.398 0.001
продажа 0.001 0.854 0.001
снизиться 0.001 1.222 0.001
магазин 0.002 0.796 0.002
переживать 0.001 0.886 0.001
хороший 0.001 0.377 0.0
время 0.004 0.086 0.0
сложно 0.001 0.538 0.001
сводить 0.001 1.699 0.002
конец 0.002 0.444 0.001
сегодня 0.003 0.638 0.002
ясно 0.001 0.886 0.001
выжить 0.001 1.0 0.001
причём 0.003 0.62 0.002
пандемия 0.001 0.538 0.001
закрываться 0.001 1.301 0.001
основное 0.001 0.553 0.001
небольшой 0.002 0.602 0.001
независимый 0.002 0.409 0.001
сей 0.001 0.456 0.0
уцелеть 0.001 2.0 0.002
непросто 0.001 1.155 0.001
гигант 0.001 2.0 0.002
прошедшее 0.001 1.097 0.001
год 0.003 0.119 0.0
начать 0.004 0.276 0.001
понемногу 0.001 2.0 0.002
переориентироваться 0.001 1.699 0.002
аудио- 0.001 2.0 0.002
электронный 0.001 1.046 0.001
формат 0.001 1.699 0.002
очевидный 0.001 0.678 0.001
тенденция 0.001 1.523 0.002
усилиться 0.001 1.699 0.002
однако 0.003 0.337 0.001
учёт 0.001 0.824 0.001
амбициозный 0.001 1.523 0.002
проект 0.001 0.745 0.001
аудио 0.001 2.0 0.002
шведский 0.001 1.523 0.002
сервис 0.001 0.959 0.001
storytel 0.001 2.0 0.002
поставить 0.001 0.796 0.001
пауза 0.001 1.398 0.001
хотеться 0.001 0.77 0.001
надеяться 0.001 0.699 0.001
временно 0.001 1.301 0.001
перспектива 0.001 1.301 0.001
направление 0.001 0.886 0.001
выглядеть 0.001 0.495 0.0
особо 0.001 1.097 0.001
лучезарный 0.001 2.0 0.002
заблокировать 0.001 0.553 0.001
готовый 0.001 0.509 0.001
продолжать 0.001 0.292 0.0
работать 0.005 0.102 0.001
прямо 0.001 0.357 0.0
далёкий 0.003 0.481 0.001
трудный 0.001 0.721 0.001
издание 0.001 0.481 0.0
интерес 0.003 0.155 0.0
хотеть 0.003 0.102 0.0
помочьхотать 0.001 0.886 0.001
помочь 0.004 0.125 0.001
едва 0.001 1.523 0.002
сократиться 0.002 1.222 0.002
маленький 0.001 0.328 0.0
дорого 0.001 1.523 0.002
существенный 0.001 0.921 0.001
сокращение 0.001 0.959 0.001
количество 0.001 0.481 0.0
наименование 0.001 2.0 0.002
пересматривать 0.001 2.0 0.002
свой 0.003 0.143 0.0
план 0.001 0.658 0.001
удалять 0.001 1.222 0.001
портфель 0.001 1.398 0.001
откладывать 0.001 1.523 0.002
неопределённый 0.001 1.398 0.001
срок 0.001 0.824 0.001
кроме 0.003 0.387 0.001
гарантировать 0.001 0.854 0.001
бестселлер 0.002 2.0 0.004
иной 0.001 0.921 0.001
слово 0.001 0.268 0.0
ассортимент 0.003 1.699 0.005
неизбежно 0.001 1.398 0.001
сузиться 0.001 2.0 0.002
первый 0.003 0.143 0.0
очередь 0.003 0.538 0.002
счёт 0.001 0.721 0.001
неочевидный 0.001 1.097 0.001
новый 0.001 0.187 0.0
необычный 0.001 1.301 0.001
коммуникация 0.001 1.155 0.001
строиться 0.001 1.523 0.002
социальный 0.001 0.721 0.001
сеть 0.001 0.824 0.001
поэтому 0.001 0.328 0.0
потеря 0.001 0.824 0.001
фейсбук 0.001 1.0 0.001
инстаграм 0.002 0.066 0.0
болезненный 0.001 1.301 0.001
удар 0.001 0.745 0.001
многий 0.003 0.495 0.001
прямой 0.001 0.658 0.001
реклама 0.005 0.066 0.0
слишком 0.001 0.553 0.001
эффективный 0.002 0.553 0.001
окупать 0.001 2.0 0.002
вложение 0.001 1.699 0.002
лишиться 0.001 1.097 0.001
важный 0.001 0.284 0.0
канал 0.001 0.699 0.001
сложный 0.002 0.602 0.001
новинка 0.001 2.0 0.002
акция 0.001 0.745 0.001
анонсировать 0.001 1.301 0.001
встреча 0.001 1.0 0.001
получать 0.001 0.569 0.001
обратный 0.001 1.155 0.001
отчасти 0.001 1.398 0.001
вконтакте 0.003 0.066 0.0
телеграм 0.001 1.0 0.001
полностью 0.001 0.538 0.001
сохранить 0.001 0.796 0.001
контакт 0.002 0.886 0.002
подписчик 0.001 1.301 0.001
вряд 0.001 0.854 0.001
удаться 0.001 0.456 0.0
культура 0.001 0.77 0.001
отразиться 0.001 1.222 0.001
событие 0.001 0.509 0.001
жизнь 0.004 0.319 0.001
рухнуть 0.001 1.222 0.001
надолго 0.001 1.222 0.001
насколько 0.001 0.42 0.0
плохо 0.001 0.569 0.001
право 0.006 0.538 0.003
зона 0.001 0.921 0.001
особый 0.001 0.745 0.001
риск 0.001 0.357 0.0
демонстративный 0.002 1.699 0.003
разрыв 0.001 1.398 0.001
заявить 0.001 0.553 0.001
несколько 0.003 0.187 0.001
суперзвезда 0.001 2.0 0.002
вроде 0.003 0.658 0.002
стивен 0.001 1.301 0.001
кинг 0.001 1.699 0.002
нил 0.001 1.699 0.002
гейман 0.001 2.0 0.002
менее 0.003 0.432 0.001
чувствительный 0.001 1.523 0.002
уход 0.001 1.155 0.001
один 0.005 0.119 0.001
крупный 0.001 0.523 0.001
мировой 0.001 0.721 0.001
правообладатель 0.002 2.0 0.004
концерн 0.001 2.0 0.002
penguin 0.001 2.0 0.002
random 0.001 2.0 0.002
house 0.001 1.301 0.001
официально 0.001 0.959 0.001
прекратить 0.001 0.824 0.001
продавать 0.001 0.921 0.001
сделать 0.001 0.208 0.0
macmillans 0.001 2.0 0.002
simon 0.001 2.0 0.002
and 0.003 0.721 0.002
schuster 0.001 2.0 0.002
uk 0.004 1.523 0.006
usa 0.001 2.0 0.002
hachette 0.001 2.0 0.002
оценка 0.001 0.745 0.001
эксмо 0.001 2.0 0.002
закупить 0.001 1.523 0.002
хватить 0.001 1.155 0.001
полгода-год 0.001 1.699 0.002
заметно 0.001 1.222 0.001
дополнительный 0.001 0.77 0.001
случай 0.004 0.194 0.001
недавний 0.001 1.0 0.001
отказ 0.001 0.77 0.001
кировский 0.001 1.523 0.002
арбитражный 0.001 2.0 0.002
суд 0.001 1.097 0.001
наложить 0.001 1.523 0.002
взыскание 0.001 2.0 0.002
предприниматель 0.001 1.155 0.001
незаконно 0.001 1.699 0.002
использовать 0.001 0.319 0.0
образ 0.001 0.553 0.001
свинка 0.001 1.699 0.002
пепп 0.001 2.0 0.002
судья 0.001 1.699 0.002
сослаться 0.001 1.523 0.002
указ 0.001 1.699 0.002
президент 0.001 0.523 0.001
рф 0.001 0.745 0.001
февраль 0.001 0.337 0.0
применение 0.001 0.721 0.001
специальный 0.001 0.638 0.001
экономический 0.001 0.854 0.001
мера 0.001 0.377 0.0
недружественный 0.001 2.0 0.002
действие 0.001 0.409 0.0
соединить 0.001 1.301 0.001
штат 0.001 1.097 0.001
америка 0.001 1.222 0.001
примкнуть 0.001 2.0 0.002
государство 0.001 0.569 0.001
международный 0.001 0.569 0.001
организация 0.001 0.509 0.001
основание 0.001 0.569 0.001
отказать 0.001 1.155 0.001
истец 0.001 1.699 0.002
британский 0.001 0.721 0.001
компания 0.001 0.444 0.0
entertainment 0.001 2.0 0.002
one 0.001 0.824 0.001
ltd. 0.001 1.699 0.002
возмещение 0.001 2.0 0.002
ущерб 0.001 1.398 0.001
пока 0.005 0.208 0.001
единичный 0.001 1.097 0.001
снисходительный 0.001 2.0 0.002
отношение 0.001 0.509 0.001
контрафакт 0.001 2.0 0.002
норма 0.001 1.0 0.001
перестать 0.001 0.678 0.001
сотрудничать 0.001 1.301 0.001
тот 0.001 0.131 0.0
планировать 0.001 0.886 0.001
рвать 0.001 1.523 0.002
наш 0.001 0.337 0.0
страна 0.001 0.155 0.0
любой 0.001 0.319 0.0
относительный 0.001 1.155 0.001
авторский 0.001 1.523 0.002
становиться 0.001 0.553 0.001
непосильный 0.001 2.0 0.002
сам 0.001 0.137 0.0
идиллический 0.001 2.0 0.002
сценарий 0.001 1.097 0.001
покупать 0.001 0.824 0.001
переводить 0.001 1.398 0.001
быть 0.001 0.215 0.0
явный 0.001 1.097 0.001
жертвовать 0.001 1.699 0.002
остальной 0.001 0.553 0.001
цензура 0.004 1.046 0.004
видеться 0.001 1.699 0.002
наиболее 0.001 0.745 0.001
весомый 0.001 1.398 0.001
угроза 0.001 0.824 0.001
деятель 0.001 1.097 0.001
поддерживать 0.001 0.569 0.001
власть 0.001 0.31 0.0
неправильный 0.001 1.398 0.001
космополитический 0.001 2.0 0.002
искоренить 0.001 2.0 0.002
внедрить 0.001 2.0 0.002
место 0.001 0.409 0.0
правильный 0.001 1.301 0.001
патриотический 0.001 1.699 0.002
надежда 0.001 0.77 0.001
преждевременный 0.001 1.398 0.001
введение 0.001 0.658 0.001
полномасштабный 0.001 1.301 0.001
вещь 0.001 0.62 0.001
дорогой 0.001 1.046 0.001
недостаточно 0.001 0.921 0.001
большой 0.001 0.347 0.0
влиятельный 0.001 1.699 0.002
кто-то 0.001 0.523 0.001
государственный 0.001 0.523 0.001
уровень 0.001 0.367 0.0
захотеть 0.001 1.222 0.001
всерьёз 0.001 1.699 0.002
прессовать 0.001 2.0 0.002
контролировать 0.001 1.222 0.001
несчастие 0.001 1.699 0.002
означать 0.001 0.585 0.001
общий 0.001 0.444 0.0
давление 0.001 0.699 0.001
перестраховываться 0.001 1.699 0.002
отказываться 0.001 0.721 0.001
публиковать 0.001 0.638 0.001
сомнительный 0.001 1.398 0.001
точка 0.001 0.444 0.0
зрение 0.001 0.585 0.001
идеология 0.001 1.523 0.002
всякий 0.001 0.921 0.001
нажим 0.001 2.0 0.002
извне 0.001 2.0 0.002
опыт 0.001 0.699 0.001
некоторый 0.001 0.222 0.0
детский 0.001 0.77 0.001
изменить 0.001 0.538 0.001
политика 0.001 0.602 0.001
принятие 0.001 1.0 0.001
закон 0.001 0.658 0.001
защита 0.001 0.569 0.001
ребёнок 0.001 0.387 0.0
нежелательный 0.001 0.77 0.001
такой 0.004 0.114 0.0
самоцензура 0.001 1.699 0.002
порой 0.001 1.398 0.001
официальный 0.001 0.538 0.001
прочитать 0.003 0.796 0.002
издать 0.003 1.398 0.004
коллективный 0.003 0.959 0.003
вино 0.003 1.398 0.004
менять 0.003 0.886 0.003
человек 0.003 0.092 0.0
немец 0.003 1.155 0.003
неудобный 0.003 1.699 0.005
прошлое 0.003 1.046 0.003
благоволительница 0.003 2.0 0.006
день 0.003 0.167 0.001
назад 0.003 0.18 0.001
24/7 0.001 0.102 0.0
читателейн 0.001 0.174 0.0
срочно 0.001 0.167 0.0
редакция 0.003 0.066 0.0
кодекс 0.001 0.066 0.0
блог 0.001 0.066 0.0
meduzacare 0.001 0.066 0.0
связаться 0.001 0.066 0.0
анонимно 0.001 0.066 0.0
платформа 0.003 0.066 0.0
ios 0.001 0.066 0.0
android 0.001 0.066 0.0
twitter 0.001 0.0 0.0
facebook 0.001 0.0 0.0
youtube 0.001 0.06 0.0
– 0.001 0.06 0.0
live 0.001 0.022 0.0
вечерний 0.001 0.066 0.0
вообще 0.001 0.066 0.0
требование 0.001 0.066 0.0
баннер 0.001 0.066 0.0
безопасно 0.001 0.066 0.0
персональный 0.001 0.066 0.0
дать 0.001 0.066 0.0
правило 0.001 0.066 0.0
обработка 0.001 0.066 0.0
использование 0.001 0.066 0.0
кук 0.001 0.066 0.0
наслать 0.001 0.066 0.0
ошибка 0.001 0.066 0.0
выделить 0.001 0.066 0.0
нажать 0.001 0.066 0.0
ctrl+enter 0.001 0.066 0.0
спасибоgiphyз 0.001 0.066 0.0
гифка 0.001 0.066 0.0
© 0.001 0.0 0.0
