перейти 0.0 0.066 0.0
материал 0.0 0.066 0.0
связь 0.0 0.0 0.0
новостиисторииразборшапитокоронавирусмагаз 0.0 0.066 0.0
медуза 0.004 0.066 0.0
рекламаmeduza 0.0 0.066 0.0
in 0.0 0.0 0.0
english 0.0 0.06 0.0
показывать 0.0 0.066 0.0
порядок 0.0 0.066 0.0
en 0.0 0.066 0.0
кнопка 0.0 0.066 0.0
поддержка 0.0 0.066 0.0
разбор 0.0 0.387 0.0
мягкий 0.002 1.097 0.002
омикрон 0.030999999999999996 0.921 0.029
дельта 0.017 0.854 0.015
учёный 0.005 0.569 0.003
дать 0.003 0.066 0.0
который 0.005 0.071 0.0
позволять 0.002 0.585 0.001
делать 0.001 0.18 0.0
надёжный 0.0 0.824 0.0
вывод 0.004 0.886 0.004
инфекция 0.005 0.569 0.003
отличаться 0.002 0.553 0.001
клеточный 0.0 1.0 0.0
уровень 0.001 0.367 0.0
стать 0.001 0.149 0.0
понятный 0.0 0.959 0.0
январь 0.001 0.824 0.001
источник 0.0 0.167 0.0
meduza 0.001 0.0 0.0
newsis 0.0 2.0 0.0
xinhua 0.0 1.398 0.0
scanpix 0.0 0.301 0.0
leta 0.0 0.301 0.0
данный 0.0 0.097 0.0
сообщение 0.0 0.102 0.0
создать 0.0 0.097 0.0
распространить 0.0 0.102 0.0
иностранный 0.001 0.097 0.0
средство 0.0 0.097 0.0
массовый 0.0 0.097 0.0
информация 0.0 0.102 0.0
выполнять 0.001 0.097 0.0
функция 0.001 0.097 0.0
агент 0.001 0.097 0.0
российский 0.0 0.071 0.0
юридический 0.0 0.102 0.0
лицо 0.0 0.086 0.0
мы 0.0 0.066 0.0
нужный 0.001 0.086 0.0
ваш 0.001 0.081 0.0
помощь 0.0 0.071 0.0
пожалуйста 0.0 0.102 0.0
поддержать 0.0 0.066 0.0
новый 0.001 0.187 0.0
вариант 0.011000000000000001 0.481 0.005
sars-cov-2 0.002 0.824 0.002
получить 0.001 0.328 0.0
название 0.0 0.745 0.0
b-1.1.529 0.0 2.0 0.0
ba-1 0.0 2.0 0.0
обнаружить 0.0 0.658 0.0
ноябрь 0.0 0.699 0.0
юар 0.002 1.222 0.002
группа 0.002 0.387 0.001
эпидемиолог 0.002 1.301 0.003
руководство 0.001 0.796 0.001
тулио 0.0 2.0 0.0
де 0.0 1.699 0.0
оливейра 0.0 2.0 0.0
буквально 0.0 0.886 0.0
сразу 0.001 0.553 0.001
обнаружение 0.001 1.155 0.001
многие 0.001 0.284 0.0
неспециалист 0.0 2.0 0.0
высказывать 0.0 1.523 0.0
надежда 0.0 0.77 0.0
должный 0.003 0.201 0.001
существенно 0.004 0.721 0.003
предшественник 0.0 1.523 0.0
вызывать 0.001 0.523 0.001
среднее 0.002 0.77 0.002
менее 0.004 0.432 0.002
тяжёлый 0.006 0.377 0.002
течение 0.004 0.638 0.003
болезнь 0.005 0.553 0.003
приводить 0.0 0.602 0.0
малый 0.001 0.678 0.001
число 0.003 0.201 0.001
смерть 0.0 0.553 0.0
последний 0.001 0.284 0.0
полтора 0.0 0.959 0.0
месяц 0.002 0.432 0.001
выйти 0.0 0.456 0.0
несколько 0.002 0.187 0.0
работа 0.004 0.357 0.001
вроде 0.0 0.658 0.0
подтверждать 0.0 1.097 0.0
теория 0.0 1.0 0.0
например 0.001 0.229 0.0
недавний 0.0 1.0 0.0
исследование 0.002 0.42 0.001
анализ 0.0 0.721 0.0
заболеваемость 0.002 0.796 0.002
калифорния 0.001 1.699 0.002
широко 0.0 1.097 0.0
разойтись 0.0 1.523 0.0
сми 0.001 0.602 0.001
соцсеть 0.0 0.824 0.0
разбираться 0.0 1.046 0.0
действительно 0.003 0.377 0.001
это 0.009000000000000001 0.066 0.001
подарок 0.001 1.523 0.002
помочь 0.0 0.125 0.0
человечество 0.0 1.222 0.0
целое 0.001 0.585 0.001
конкретный 0.0 0.658 0.0
человек 0.011 0.092 0.001
спокойный 0.0 1.222 0.0
жить 0.0 0.481 0.0
коронавирус 0.0 0.387 0.0
четыре 0.0 0.509 0.0
главный 0.0 0.276 0.0
тезис 0.0 2.0 0.0
текст 0.0 0.62 0.0
тот 0.005 0.131 0.001
привить 0.0 0.678 0.0
переболеть 0.006 0.745 0.004
опасный 0.002 0.699 0.001
точка 0.0 0.444 0.0
зрение 0.0 0.585 0.0
возможный 0.0 0.523 0.0
госпитализация 0.006 0.77 0.005
сделать 0.005 0.208 0.001
бустер 0.001 1.523 0.002
риск 0.011 0.357 0.004
значительно 0.0 0.959 0.0
ниже 0.003 0.77 0.002
выше 0.004 0.509 0.002
самый 0.0 0.208 0.0
высокий 0.0 0.495 0.0
иммунитет 0.005 0.77 0.004
прививка 0.001 0.602 0.001
встреча 0.002 1.0 0.002
кто 0.0 0.377 0.0
примерно 0.003 0.585 0.002
десять 0.001 0.585 0.001
почему 0.001 0.337 0.0
вообще 0.002 0.066 0.0
решить 0.0 0.398 0.0
коротко 0.003 0.824 0.002
аргумент 0.0 0.62 0.0
связать 0.0 0.469 0.0
происхождение 0.002 1.097 0.002
второй 0.0 0.357 0.0
первый 0.001 0.143 0.0
данные 0.005 0.31 0.002
распространение 0.002 0.523 0.001
аргументация 0.0 1.699 0.0
изначально 0.0 0.959 0.0
стоять 0.0 1.0 0.0
предположение 0.0 1.222 0.0
сводиться 0.0 1.699 0.0
два 0.002 0.26 0.001
основный 0.0 0.62 0.0
пункт 0.0 0.721 0.0
судить 0.001 0.585 0.001
большой 0.0 0.347 0.0
набор 0.0 0.959 0.0
встречаться 0.0 0.824 0.0
ранее 0.002 0.62 0.001
мутация 0.002 1.097 0.002
мочь 0.0 0.102 0.0
впервые 0.0 0.824 0.0
возникнуть 0.001 0.77 0.001
подавить 0.0 1.222 0.0
иммунный 0.001 0.678 0.001
система 0.001 0.398 0.0
ход 0.001 0.796 0.001
постепенный 0.0 2.0 0.0
эволюция 0.003 1.301 0.004
значит 0.003 0.444 0.001
всякий 0.0 0.921 0.0
паразит 0.0 2.0 0.0
приспособиться 0.0 1.523 0.0
условие 0.0 0.495 0.0
организм 0.001 0.745 0.001
долго 0.0 0.745 0.0
существовать 0.0 0.602 0.0
невыгодный 0.0 1.301 0.0
убивать 0.0 0.824 0.0
соотношение 0.001 1.398 0.001
количество 0.001 0.481 0.0
зарегистрировать 0.001 0.602 0.001
заболевание 0.008 0.481 0.004
страна 0.0 0.155 0.0
удар 0.0 0.745 0.0
омикронный 0.001 2.0 0.002
волна 0.002 0.921 0.002
великобритания 0.0 0.699 0.0
казаться 0.001 0.409 0.0
указывать 0.0 0.796 0.0
гораздо 0.0 0.699 0.0
низкий 0.001 0.638 0.001
случай 0.006 0.194 0.001
заражение 0.002 0.745 0.001
сравнение 0.003 0.602 0.002
происходить 0.002 0.301 0.001
прежде 0.0 0.62 0.0
из-за 0.002 0.229 0.0
двусмысленность 0.0 2.0 0.0
понятие 0.0 1.398 0.0
мягкость 0.002 2.0 0.004
понимать 0.0 0.42 0.0
особенность 0.001 0.854 0.001
текущий 0.0 0.959 0.0
вспышка 0.0 1.0 0.0
сам 0.002 0.137 0.0
вирус 0.008 0.538 0.004
разный 0.001 0.276 0.0
вещь 0.0 0.62 0.0
свойство 0.0 1.301 0.0
мягкость-2 0.0 2.0 0.0
оцениваться 0.0 1.155 0.0
основное 0.0 0.553 0.0
чистый 0.0 1.046 0.0
лабораторный 0.002 0.959 0.002
эксперимент 0.0 0.959 0.0
результат 0.001 0.367 0.0
мягкости-1 0.0 2.0 0.0
введение 0.0 0.658 0.0
множество 0.0 0.796 0.0
дополнительный 0.0 0.77 0.0
поправка 0.0 1.301 0.0
контроль 0.0 0.585 0.0
запутывать 0.0 2.0 0.0
дело 0.002 0.252 0.001
процесс 0.0 0.538 0.0
смягчаться 0.0 2.0 0.0
говорить 0.0 0.18 0.0
итог 0.001 0.509 0.001
обычный 0.0 0.509 0.0
грипп 0.0 1.0 0.0
геном 0.001 1.097 0.001
насколько 0.001 0.42 0.0
известно 0.001 0.481 0.0
больший 0.001 0.328 0.0
около 0.0 0.432 0.0
другой 0.003 0.097 0.0
ветвь 0.0 1.523 0.0
позволить 0.0 0.62 0.0
предположить 0.0 0.886 0.0
длительный 0.0 1.523 0.0
такой 0.003 0.114 0.0
обычно 0.001 0.523 0.001
накопление 0.0 1.301 0.0
появление 0.001 0.699 0.001
способность 0.001 0.77 0.001
уходить 0.001 0.824 0.001
подобный 0.001 0.721 0.001
описать 0.0 0.721 0.0
неоднократно 0.0 1.398 0.0
россия 0.002 0.108 0.0
оно 0.0 0.444 0.0
иметь 0.0 0.337 0.0
место 0.0 0.409 0.0
надёжно 0.0 1.222 0.0
доказать 0.0 0.886 0.0
сожаление 0.001 0.553 0.001
гарантировать 0.0 0.854 0.0
снизить 0.001 0.854 0.001
вирулентность 0.006 1.699 0.01
уменьшение 0.0 2.0 0.0
опасность 0.001 0.854 0.001
достаточно 0.0 0.444 0.0
убить 0.0 1.097 0.0
один 0.0 0.119 0.0
носитель 0.0 1.301 0.0
передаться 0.001 2.0 0.002
далёкий 0.001 0.481 0.0
поэтому 0.004 0.328 0.001
давление 0.001 0.699 0.001
отбор 0.001 1.398 0.001
огромный 0.0 0.721 0.0
оказаться 0.003 0.31 0.001
фактор 0.0 0.824 0.0
случайность 0.001 1.301 0.001
начинать 0.001 0.569 0.001
передаваться 0.0 1.523 0.0
испытывать 0.0 1.0 0.0
эволюционный 0.0 1.523 0.0
снижение 0.002 0.745 0.001
хотя 0.001 0.276 0.0
принцип 0.0 0.638 0.0
тяжесть 0.002 0.959 0.002
вирусный 0.0 1.097 0.0
снижаться 0.0 1.155 0.0
мера 0.0 0.377 0.0
необходимо 0.001 0.585 0.001
соблюдаться 0.0 1.398 0.0
важный 0.001 0.284 0.0
положительно 0.0 1.523 0.0
сказываться 0.0 1.222 0.0
вероятность 0.0 0.602 0.0
паразитический 0.0 2.0 0.0
слово 0.001 0.268 0.0
выгодно 0.0 1.398 0.0
жалеть 0.0 1.523 0.0
свой 0.003 0.143 0.0
хозяин 0.0 1.097 0.0
смысл 0.0 0.481 0.0
пойти 0.0 0.509 0.0
сторона 0.001 0.347 0.0
смягчение 0.0 1.523 0.0
ковид 0.0 0.387 0.0
последствие 0.0 0.523 0.0
острый 0.0 1.222 0.0
дыхательный 0.002 1.523 0.003
недостаточность 0.0 1.523 0.0
цитокиновый 0.0 2.0 0.0
шторм 0.0 1.699 0.0
тромбоз 0.0 1.155 0.0
наступать 0.0 1.097 0.0
поздно 0.0 1.301 0.0
максимальный 0.0 1.046 0.0
шанс 0.0 0.638 0.0
никакой 0.002 0.409 0.001
зависеть 0.001 0.509 0.001
кроме 0.0 0.387 0.0
лаконичный 0.0 2.0 0.0
мысль 0.0 1.222 0.0
высказать 0.0 1.155 0.0
уильям 0.0 2.0 0.0
ханадж 0.0 2.0 0.0
профессор 0.0 1.222 0.0
эпидемиология 0.0 1.222 0.0
центр 0.0 0.432 0.0
инфекционный 0.001 1.301 0.001
гарвардский 0.0 1.699 0.0
школа 0.0 0.699 0.0
медицина 0.0 1.046 0.0
статья 0.0 0.553 0.0
посвятить 0.0 1.097 0.0
трудность 0.0 1.155 0.0
измерение 0.0 1.301 0.0
истинный 0.002 1.155 0.002
врождённый 0.0 1.699 0.0
тенденция 0.0 1.523 0.0
просто 0.002 0.194 0.0
отбирать 0.0 1.523 0.0
превосходить 0.0 1.523 0.0
создание 0.0 0.921 0.0
covid-19 0.0 0.77 0.0
подавлять 0.001 1.097 0.001
большинство 0.003 0.509 0.002
форма 0.0 0.62 0.0
вероятно 0.0 0.699 0.0
подвергаться 0.0 0.959 0.0
прямой 0.0 0.658 0.0
вич 0.0 1.699 0.0
классический 0.0 1.398 0.0
пример 0.0 0.585 0.0
успешный 0.0 1.046 0.0
патоген 0.0 1.523 0.0
несмотря 0.0 0.456 0.0
отсутствие 0.0 0.699 0.0
лечение 0.0 0.77 0.0
смертельный 0.001 1.155 0.001
какой-то 0.001 0.328 0.0
сравниваться 0.0 1.699 0.0
выглядеть 0.0 0.495 0.0
обнадёживать 0.0 1.699 0.0
заразиться 0.001 1.0 0.001
протекать 0.001 1.301 0.001
лёгкий 0.003 0.638 0.002
относительно 0.001 0.721 0.001
смертность 0.001 1.046 0.001
фон 0.0 0.745 0.0
взрывной 0.0 1.699 0.0
рост 0.0 0.824 0.0
видный 0.0 1.046 0.0
официальный 0.0 0.538 0.0
статистика 0.001 0.921 0.001
диспропорция 0.0 2.0 0.0
обратить 0.0 1.222 0.0
внимание 0.0 0.523 0.0
начало 0.0 0.26 0.0
декабрь 0.0 0.745 0.0
польза 0.001 0.745 0.001
наряду 0.0 1.398 0.0
ранний 0.001 0.409 0.0
сопровождаться 0.0 1.222 0.0
эквивалентный 0.0 1.523 0.0
этот 0.002 0.137 0.0
зависимость 0.0 0.745 0.0
нарушить 0.0 2.0 0.0
произойти 0.0 0.638 0.0
изменение 0.0 0.854 0.0
состав 0.0 0.745 0.0
заболеть 0.002 0.585 0.001
вакцинировать 0.004 0.602 0.002
дополнительно 0.0 1.398 0.0
подкрепить 0.0 1.523 0.0
южноафриканский 0.001 1.523 0.002
шерил 0.0 2.0 0.0
коэн 0.0 2.0 0.0
сообщить 0.0 0.638 0.0
пять 0.0 0.432 0.0
редкий 0.002 0.824 0.002
раз 0.0 0.569 0.0
развитие 0.0 0.638 0.0
понизить 0.0 1.699 0.0
рассчитать 0.0 1.301 0.0
учёт 0.0 0.824 0.0
посторонний 0.0 1.301 0.0
влиять 0.0 0.886 0.0
возраст 0.0 0.658 0.0
ожирение 0.0 1.398 0.0
диабет 0.0 1.222 0.0
т. 0.0 0.921 0.0
д. 0.0 1.0 0.0
прошлый 0.0 0.745 0.0
неделя 0.0 0.328 0.0
похожий 0.0 0.602 0.0
выпустить 0.0 0.699 0.0
исследователь 0.001 0.721 0.001
сша 0.0 0.469 0.0
анализироваться 0.0 1.699 0.0
исход 0.0 0.921 0.0
положительный 0.0 1.155 0.0
тест 0.001 0.77 0.001
юг 0.0 1.301 0.0
снова 0.0 0.678 0.0
подтвердить 0.0 0.678 0.0
инфицировать 0.002 0.959 0.002
вдвое 0.001 1.222 0.001
попадать 0.0 0.854 0.0
больница 0.002 0.495 0.001
маленький 0.002 0.328 0.001
находиться 0.0 0.367 0.0
умирать 0.0 1.046 0.0
механический 0.0 2.0 0.0
вентиляция 0.0 1.523 0.0
понадобиться 0.001 1.301 0.001
никто 0.0 0.432 0.0
сильно 0.002 0.509 0.001
контрастировать 0.0 2.0 0.0
пациент 0.0 0.678 0.0
попасть 0.0 0.409 0.0
вентилятор 0.0 2.0 0.0
довольно 0.001 0.523 0.001
выборка 0.0 1.046 0.0
тысяча 0.001 0.31 0.0
причём 0.001 0.62 0.001
провести 0.0 0.538 0.0
статистический 0.0 1.097 0.0
компенсация 0.0 1.301 0.0
искажение 0.0 1.523 0.0
дельтакрон 0.002 1.398 0.003
рассказывать 0.001 0.337 0.0
впечатляющий 0.001 1.155 0.001
короткий 0.001 0.921 0.001
история 0.001 0.26 0.0
сочетать 0.001 1.398 0.001
похоже 0.001 0.886 0.001
ошибка 0.001 0.066 0.0
назад 0.002 0.18 0.0
предполагать 0.0 0.699 0.0
иметься 0.0 0.77 0.0
лишь 0.001 0.481 0.0
немногое 0.0 2.0 0.0
проблема 0.0 0.347 0.0
доля 0.003 0.745 0.002
среди 0.004 0.42 0.002
заразить 0.001 0.959 0.001
поскольку 0.001 0.678 0.001
проходить 0.0 0.495 0.0
заметно 0.0 1.222 0.0
тяжело 0.0 0.796 0.0
вакцина 0.003 0.538 0.002
значительный 0.0 0.854 0.0
степень 0.002 0.658 0.001
полностью 0.001 0.538 0.001
сохранять 0.0 1.046 0.0
эффективность 0.005 0.538 0.003
против 0.003 0.229 0.001
получаться 0.0 0.824 0.0
грубо 0.0 1.046 0.0
начинаться 0.0 0.886 0.0
преимущественно 0.002 1.222 0.002
болеть 0.001 0.745 0.001
обладать 0.0 1.097 0.0
защитить 0.0 0.721 0.0
вакцинация 0.001 0.553 0.001
перенести 0.0 0.959 0.0
сложно 0.001 0.538 0.001
корректно 0.0 1.398 0.0
оценить 0.002 0.678 0.001
популяция 0.001 1.046 0.001
способный 0.0 0.854 0.0
преодолевать 0.001 1.523 0.002
писать 0.0 0.347 0.0
требоваться 0.001 0.854 0.001
знать 0.001 0.244 0.0
невакцинировать 0.002 1.155 0.002
каждый 0.0 0.244 0.0
установить 0.0 0.721 0.0
отделить 0.001 1.398 0.001
иммуннонаивный 0.0 2.0 0.0
сравнить 0.002 1.046 0.002
вычислить 0.0 1.523 0.0
день 0.0 0.167 0.0
становиться 0.0 0.553 0.0
сложный 0.0 0.602 0.0
быстро 0.0 0.495 0.0
вытесняться 0.0 2.0 0.0
сравнивать 0.002 0.796 0.002
скоро 0.0 0.796 0.0
южный 0.0 0.854 0.0
доза 0.0 0.721 0.0
препарат 0.0 0.585 0.0
pfizer/biontech 0.001 1.046 0.001
остальной 0.0 0.553 0.0
возможно 0.001 0.398 0.0
часть 0.0 0.377 0.0
территория 0.0 0.62 0.0
время 0.0 0.086 0.0
невакцировать 0.0 2.0 0.0
фактически 0.0 0.721 0.0
пропорция 0.0 1.699 0.0
обратный 0.0 1.155 0.0
изменить 0.0 0.538 0.0
общий 0.0 0.444 0.0
вынести 0.0 1.398 0.0
эффект 0.0 0.796 0.0
скобка 0.0 2.0 0.0
попытаться 0.0 0.854 0.0
отдельно 0.0 1.097 0.0
прийтись 0.0 0.602 0.0
столкнуться 0.0 1.046 0.0
полусотня 0.0 2.0 0.0
слишком 0.001 0.553 0.001
мало 0.001 0.538 0.001
начаться 0.0 0.367 0.0
недавно 0.0 0.62 0.0
осмыслить 0.0 1.699 0.0
госпитализировать 0.0 0.959 0.0
расчётный 0.0 1.699 0.0
лежать 0.0 0.824 0.0
где-то 0.0 0.721 0.0
промежуток 0.0 1.398 0.0
расчёт 0.001 1.301 0.001
статистически 0.0 1.301 0.0
значимый 0.0 1.097 0.0
падение 0.0 0.921 0.0
удаться 0.001 0.456 0.0
увидеть 0.0 0.553 0.0
также 0.0 0.237 0.0
очевидный 0.0 0.678 0.0
какой 0.0 0.357 0.0
сочетание 0.0 1.097 0.0
неизвестно 0.0 0.77 0.0
невозможно 0.0 0.602 0.0
процитировать 0.0 1.523 0.0
глава 0.0 0.658 0.0
американский 0.0 0.585 0.0
профилактика 0.0 0.886 0.0
совершенно 0.0 0.678 0.0
корректный 0.0 1.523 0.0
период 0.0 0.678 0.0
смешанный 0.0 1.699 0.0
циркуляция 0.0 1.523 0.0
ассоциироваться 0.0 2.0 0.0
клинический 0.0 0.721 0.0
конечный 0.0 1.0 0.0
продолжительность 0.0 1.301 0.0
пребывание 0.0 2.0 0.0
изложить 0.0 1.398 0.0
ясно 0.0 0.886 0.0
вовсе 0.001 0.921 0.001
вирулентный 0.0 2.0 0.0
грубый 0.0 1.301 0.0
видимо 0.0 0.824 0.0
хороший 0.0 0.377 0.0
момент 0.0 0.387 0.0
попытка 0.0 0.921 0.0
войти 0.0 1.155 0.0
западно-капский 0.0 2.0 0.0
провинция 0.001 1.523 0.002
избыточный 0.0 0.921 0.0
составить 0.0 0.658 0.0
0,72 0.0 2.0 0.0
25–30 0.001 2.0 0.002
схожий 0.0 1.155 0.0
величина 0.0 1.398 0.0
нил 0.0 1.699 0.0
фергюсон 0.0 2.0 0.0
имперский 0.0 1.699 0.0
колледж 0.0 1.523 0.0
лондон 0.0 1.155 0.0
треть 0.0 1.699 0.0
однако 0.001 0.337 0.0
использовать 0.0 0.319 0.0
очень 0.004 0.149 0.001
приближение 0.0 2.0 0.0
повторный 0.0 1.222 0.0
пытаться 0.0 0.409 0.0
предел 0.0 0.959 0.0
оценка 0.0 0.745 0.0
доклад 0.0 0.959 0.0
британский 0.0 0.721 0.0
кембридж 0.0 2.0 0.0
подробность 0.0 1.0 0.0
пока 0.002 0.208 0.0
по-прежнему 0.0 0.824 0.0
неизвестный 0.0 1.097 0.0
точно 0.001 0.481 0.0
равно 0.002 0.638 0.001
вырасти 0.0 0.824 0.0
мир 0.0 0.26 0.0
вопрос 0.001 0.276 0.0
переформулировать 0.0 2.0 0.0
разбить 0.0 2.0 0.0
измениться 0.0 0.745 0.0
приход 0.0 1.222 0.0
именно 0.001 0.244 0.0
каков 0.0 1.155 0.0
что-то 0.0 0.509 0.0
суть 0.0 0.959 0.0
оба 0.0 0.62 0.0
недостаточно 0.0 0.921 0.0
пройти 0.0 0.387 0.0
немного 0.001 0.77 0.001
распоряжение 0.0 1.301 0.0
собирать 0.0 0.699 0.0
медик 0.0 1.301 0.0
представить 0.0 0.638 0.0
свежий 0.0 1.097 0.0
отчёт 0.0 1.0 0.0
опубликовать 0.0 0.509 0.0
симптоматический 0.0 1.523 0.0
бустерный 0.0 1.398 0.0
повышать 0.0 1.0 0.0
столкновение 0.0 1.523 0.0
значение 0.0 0.721 0.0
89–94 0.0 2.0 0.0
затем 0.001 0.678 0.001
медленно 0.0 1.222 0.0
падать 0.0 0.824 0.0
напрямую 0.0 1.0 0.0
втрое 0.0 2.0 0.0
одинаковый 0.0 1.0 0.0
штамм 0.0 0.796 0.0
слух 0.0 1.222 0.0
оказываться 0.0 0.721 0.0
преувеличить 0.0 2.0 0.0
работать 0.0 0.102 0.0
неплохо 0.0 1.523 0.0
защищать 0.0 0.585 0.0
повысить 0.0 1.155 0.0
население 0.0 0.569 0.0
бонусный 0.0 2.0 0.0
всё-таки 0.0 0.553 0.0
появиться 0.001 0.367 0.0
гипотеза 0.0 1.523 0.0
путь 0.001 0.62 0.001
проникновение 0.001 1.523 0.002
клетка 0.004 0.921 0.004
ретроспективный 0.0 1.523 0.0
эпидемиологический 0.0 1.0 0.0
давать 0.0 0.31 0.0
точный 0.0 1.0 0.0
релевантный 0.0 1.523 0.0
риска 0.0 1.398 0.0
род 0.001 0.77 0.001
культура 0.0 0.77 0.0
животное 0.0 0.854 0.0
лаборатория 0.0 0.959 0.0
упомянуть 0.0 1.155 0.0
кратко 0.0 1.699 0.0
потенциально 0.0 1.046 0.0
биологический 0.0 1.222 0.0
объяснение 0.001 1.0 0.001
видеть 0.0 0.444 0.0
китайский 0.0 0.886 0.0
модель 0.0 0.824 0.0
сирийский 0.0 1.699 0.0
хомячок 0.0 1.699 0.0
наблюдаться 0.0 0.921 0.0
поражение 0.0 1.155 0.0
ткань 0.0 1.046 0.0
потеря 0.0 0.824 0.0
вес 0.0 1.301 0.0
стресс 0.0 1.398 0.0
смотреть 0.0 0.62 0.0
соответствующий 0.0 1.301 0.0
сигнальный 0.0 1.699 0.0
молекула 0.0 1.301 0.0
минус 0.0 1.222 0.0
безусловно 0.0 1.222 0.0
относиться 0.0 0.62 0.0
факт 0.0 0.638 0.0
параметр 0.0 0.959 0.0
трудно 0.0 0.824 0.0
привести 0.001 0.456 0.0
метрика 0.0 2.0 0.0
следовать 0.0 0.678 0.0
вид 0.0 0.398 0.0
норма 0.0 1.0 0.0
вообще-то 0.0 1.699 0.0
протяжённость 0.0 2.0 0.0
следовательно 0.0 1.155 0.0
динамика 0.0 1.301 0.0
интересно 0.0 1.398 0.0
зафиксировать 0.0 0.921 0.0
небольшой 0.0 0.602 0.0
магистральный 0.0 1.699 0.0
вступить 0.0 1.155 0.0
взаимодействие 0.0 1.155 0.0
рецептор 0.0 1.523 0.0
ace2 0.0 2.0 0.0
разрезать 0.0 1.699 0.0
s-белок 0.0 1.222 0.0
равиндра 0.0 2.0 0.0
гупт 0.0 2.0 0.0
трёхмерный 0.0 1.523 0.0
человеческий 0.0 0.886 0.0
плохой 0.0 0.509 0.0
размножаться 0.0 1.046 0.0
нижний 0.0 1.097 0.0
оставаться 0.0 0.387 0.0
бронх 0.0 2.0 0.0
эпителий 0.0 1.699 0.0
носовой 0.0 2.0 0.0
полость 0.0 2.0 0.0
весь 0.0 0.114 0.0
благодаря 0.0 0.77 0.0
некоторый 0.0 0.222 0.0
разучиться 0.0 2.0 0.0
пользоваться 0.0 0.886 0.0
протеаза 0.0 1.699 0.0
tmprss2 0.0 2.0 0.0
фурина 0.0 2.0 0.0
использоваться 0.0 0.585 0.0
разрезание 0.0 2.0 0.0
присутствовать 0.0 1.097 0.0
верхний 0.0 1.301 0.0
эндоcома 0.0 2.0 0.0
ограничивать 0.0 1.523 0.0
присутствие 0.0 1.222 0.0
идеально 0.0 1.699 0.0
подходить 0.0 1.155 0.0
предлагать 0.0 0.602 0.0
интересный 0.0 1.155 0.0
механистический 0.0 2.0 0.0
помнить 0.001 0.699 0.001
биология 0.0 2.0 0.0
здоровый 0.0 1.046 0.0
призвать 0.0 0.886 0.0
воспроизводить 0.0 1.699 0.0
далеко 0.0 0.745 0.0
наблюдение 0.0 0.886 0.0
воспроизводиться 0.0 2.0 0.0
полноценный 0.0 1.046 0.0
сей 0.0 0.456 0.0
пора 0.0 0.357 0.0
речь 0.0 0.398 0.0
идти 0.0 0.222 0.0
делаться 0.0 1.046 0.0
основа 0.0 0.678 0.0
начать 0.0 0.276 0.0
появляться 0.0 0.658 0.0
неиммунный 0.0 1.699 0.0
изначальный 0.0 1.155 0.0
уханьский 0.0 1.398 0.0
численно 0.0 1.699 0.0
плохо 0.001 0.569 0.001
измерять 0.0 1.301 0.0
новость 0.0 0.357 0.0
повышаться 0.0 1.222 0.0
естественно 0.0 1.155 0.0
абсолютный 0.0 1.222 0.0
цифра 0.0 1.097 0.0
ничто 0.0 1.097 0.0
многий 0.0 0.495 0.0
влияние 0.0 0.921 0.0
искажённый 0.0 1.523 0.0
оптика 0.0 2.0 0.0
приобрести 0.0 1.155 0.0
помогать 0.0 0.444 0.0
переносить 0.0 1.155 0.0
важно 0.0 0.509 0.0
скорость 0.0 1.301 0.0
повышенный 0.0 0.77 0.0
заражать 0.0 1.222 0.0
она 0.0 1.0 0.0
быстрый 0.0 0.699 0.0
перегрузка 0.0 1.699 0.0
медицинский 0.0 0.523 0.0
прогноз 0.002 0.824 0.002
год 0.002 0.119 0.0
прямо 0.001 0.357 0.0
распространяться 0.001 0.699 0.001
извинить 0.001 1.0 0.001
утешительный 0.001 1.699 0.002
24/7 0.0 0.102 0.0
интерес 0.0 0.155 0.0
читателейн 0.0 0.174 0.0
срочно 0.0 0.167 0.0
хотеть 0.0 0.102 0.0
александр 0.0 0.456 0.0
ершовый 0.0 0.77 0.0
редакция 0.001 0.066 0.0
кодекс 0.0 0.066 0.0
блог 0.0 0.066 0.0
meduzacare 0.0 0.066 0.0
связаться 0.0 0.066 0.0
анонимно 0.0 0.066 0.0
платформа 0.001 0.066 0.0
ios 0.0 0.066 0.0
android 0.0 0.066 0.0
инстаграм 0.0 0.066 0.0
twitter 0.0 0.0 0.0
facebook 0.0 0.0 0.0
вконтакте 0.0 0.066 0.0
youtube 0.0 0.06 0.0
– 0.0 0.06 0.0
live 0.0 0.022 0.0
вечерний 0.0 0.066 0.0
реклама 0.001 0.066 0.0
требование 0.0 0.066 0.0
баннер 0.0 0.066 0.0
безопасно 0.0 0.066 0.0
персональный 0.0 0.066 0.0
правило 0.0 0.066 0.0
обработка 0.0 0.066 0.0
использование 0.0 0.066 0.0
кук 0.0 0.066 0.0
наслать 0.0 0.066 0.0
выделить 0.0 0.066 0.0
нажать 0.0 0.066 0.0
ctrl+enter 0.0 0.066 0.0
спасибоgiphyз 0.0 0.066 0.0
гифка 0.0 0.066 0.0
© 0.0 0.0 0.0
