перейти 0.001 0.066 0.0
материал 0.002 0.066 0.0
связь 0.001 0.0 0.0
новостиисторииразборшапитокоронавирусмагаз 0.001 0.066 0.0
медуза 0.006 0.066 0.0
рекламаmeduza 0.001 0.066 0.0
in 0.001 0.0 0.0
english 0.001 0.06 0.0
показывать 0.001 0.066 0.0
порядок 0.001 0.066 0.0
en 0.001 0.066 0.0
кнопка 0.001 0.066 0.0
поддержка 0.002 0.066 0.0
разбор 0.001 0.387 0.0
похоже 0.002 0.886 0.002
найти 0.001 0.456 0.0
вещество 0.004 1.0 0.004
который 0.009000000000000001 0.071 0.001
уметь 0.001 0.921 0.001
бороться 0.001 0.796 0.001
коронавирус 0.004 0.387 0.002
молнупиравир 0.018000000000000002 1.699 0.031
мешать 0.001 0.824 0.001
вирус 0.01 0.538 0.005
размножаться 0.003 1.046 0.003
раз 0.002 0.569 0.001
снижать 0.004 0.854 0.003
риск 0.006 0.357 0.002
госпитализация 0.002 0.77 0.002
заразить 0.002 0.959 0.002
человек 0.009000000000000001 0.092 0.001
октябрь 0.001 0.796 0.001
источник 0.001 0.167 0.0
meduza 0.002 0.0 0.0
данный 0.001 0.097 0.0
сообщение 0.001 0.102 0.0
создать 0.003 0.097 0.0
распространить 0.001 0.102 0.0
иностранный 0.003 0.097 0.0
средство 0.001 0.097 0.0
массовый 0.001 0.097 0.0
информация 0.001 0.102 0.0
выполнять 0.002 0.097 0.0
функция 0.002 0.097 0.0
агент 0.002 0.097 0.0
российский 0.001 0.071 0.0
юридический 0.001 0.102 0.0
лицо 0.001 0.086 0.0
мы 0.003 0.066 0.0
нужный 0.002 0.086 0.0
ваш 0.002 0.081 0.0
помощь 0.002 0.071 0.0
пожалуйста 0.001 0.102 0.0
поддержать 0.002 0.066 0.0
капсула 0.001 2.0 0.002
merck 0.003 1.523 0.005
co 0.002 2.0 0.004
inc 0.001 2.0 0.002
ap 0.001 0.854 0.001
scanpix 0.001 0.301 0.0
leta 0.001 0.301 0.0
последний 0.001 0.284 0.0
несколько 0.002 0.187 0.0
день 0.009999999999999998 0.167 0.002
мир 0.001 0.26 0.0
устать 0.001 1.222 0.001
новость 0.001 0.357 0.0
пандемия 0.003 0.538 0.002
снова 0.001 0.678 0.001
заговорить 0.001 1.523 0.002
тема 0.001 0.678 0.001
некоторый 0.002 0.222 0.0
доля 0.001 0.745 0.001
оптимизм 0.001 1.523 0.002
произойти 0.001 0.638 0.001
заметный 0.001 1.155 0.001
продвижение 0.001 1.155 0.001
область 0.002 0.523 0.001
разработка 0.004 1.097 0.004
лекарство 0.01 0.569 0.006
коронавирусный 0.003 1.155 0.003
инфекция 0.003 0.569 0.002
назвать 0.001 0.569 0.001
честь 0.001 1.222 0.001
молотый 0.001 2.0 0.002
германо-скандинавский 0.001 2.0 0.002
бог 0.001 1.097 0.001
тор 0.001 2.0 0.002
мьельнира 0.001 2.0 0.002
обладать 0.001 1.097 0.001
способность 0.001 0.77 0.001
вносить 0.001 1.222 0.001
мутация 0.004 1.097 0.004
самый 0.002 0.208 0.0
останавливать 0.001 1.097 0.001
жизненный 0.001 1.523 0.002
цикл 0.001 1.301 0.001
судить 0.001 0.585 0.001
клинический 0.008 0.721 0.006
испытание 0.005 0.77 0.004
это 0.009000000000000001 0.066 0.001
пероральный 0.003 1.699 0.005
заболеть 0.003 0.585 0.002
обновление 0.001 1.0 0.001
ноябрь 0.001 0.699 0.001
согласно 0.005 0.745 0.004
уточнить 0.001 1.097 0.001
данные 0.003 0.31 0.001
компания 0.009000000000000001 0.444 0.004
merck/msd 0.001 2.0 0.002
эффективность 0.003 0.538 0.002
составить 0.003 0.658 0.002
сообщаться 0.001 1.097 0.001
исходно 0.001 1.398 0.001
разработать 0.001 0.959 0.001
университет 0.001 0.721 0.001
эморить 0.001 2.0 0.002
сша 0.005 0.469 0.002
университетский 0.001 2.0 0.002
фармацевтический 0.001 1.523 0.002
drug 0.002 2.0 0.004
innovation 0.002 2.0 0.004
ventures 0.002 1.523 0.003
at 0.002 0.824 0.002
emory 0.002 2.0 0.004
drive 0.002 2.0 0.004
проявить 0.001 1.398 0.001
эффективный 0.003 0.553 0.002
препарат 0.011000000000000001 0.585 0.006
лечение 0.003 0.77 0.002
грипп 0.001 1.0 0.001
впоследствии 0.001 1.301 0.001
оно 0.002 0.444 0.001
приобрести 0.001 1.155 0.001
ridgeback 0.002 2.0 0.004
biotherapeutics 0.002 2.0 0.004
поздний 0.002 0.745 0.001
заключить 0.001 1.097 0.001
соглашение 0.001 1.155 0.001
co. 0.001 1.523 0.002
апрель 0.002 0.886 0.002
2020-го 0.001 1.097 0.001
журнал 0.003 0.77 0.002
science 0.001 1.398 0.001
translational 0.001 2.0 0.002
medicine 0.001 1.398 0.001
выйти 0.002 0.456 0.001
исследование 0.010000000000000002 0.42 0.004
продемонстрировать 0.002 1.155 0.002
выраженный 0.001 1.398 0.001
антивирусный 0.001 1.699 0.002
активность 0.001 1.155 0.001
отношение 0.002 0.509 0.001
sars-cov-2 0.002 0.824 0.002
mers-cov 0.002 2.0 0.004
sars-cov 0.002 2.0 0.004
ряд 0.002 0.824 0.002
другой 0.003 0.097 0.0
частность 0.001 0.678 0.001
модель 0.001 0.824 0.001
мышь 0.001 1.398 0.001
показать 0.003 0.432 0.001
улучшать 0.002 1.699 0.003
работа 0.003 0.357 0.001
лёгкий 0.005 0.638 0.003
потеря 0.001 0.824 0.001
вес 0.001 1.301 0.001
животное 0.002 0.854 0.002
титр 0.002 1.097 0.002
количество 0.002 0.481 0.001
организм 0.005 0.745 0.004
декабрь 0.002 0.745 0.001
год 0.011 0.119 0.001
nature 0.002 1.523 0.003
опубликовать 0.002 0.509 0.001
статья 0.002 0.553 0.001
хорьковый 0.001 1.699 0.002
инфицировать 0.001 0.959 0.001
ежедневный 0.001 1.398 0.001
введение 0.002 0.658 0.001
существенно 0.002 0.721 0.001
вирусный 0.004 1.097 0.004
нагрузка 0.001 0.959 0.001
верхний 0.001 1.301 0.001
дыхательный 0.001 1.523 0.002
путь 0.001 0.62 0.001
также 0.005 0.237 0.001
полностью 0.001 0.538 0.001
блокировать 0.001 1.155 0.001
передача 0.001 1.222 0.001
хорёк 0.001 1.699 0.002
час 0.003 0.538 0.002
приём 0.002 0.921 0.002
работать 0.004 0.102 0.0
тот 0.002 0.131 0.0
момент 0.004 0.387 0.002
понятно 0.001 0.699 0.001
являться 0.001 0.602 0.001
мутаген 0.001 2.0 0.002
встраиваться 0.002 1.699 0.003
геном 0.002 1.097 0.002
детальный 0.001 1.523 0.002
механизм 0.002 0.886 0.002
изучить 0.001 0.854 0.001
недавно 0.001 0.62 0.001
сентябрь 0.001 0.824 0.001
structural 0.001 2.0 0.002
molecular 0.001 2.0 0.002
biology 0.001 2.0 0.002
обзор 0.001 1.046 0.001
два 0.002 0.26 0.001
описываться 0.001 2.0 0.002
подробный 0.001 0.569 0.001
образ 0.002 0.553 0.001
код 0.001 1.699 0.002
mk-4482 0.001 2.0 0.002
eidd-2801 0.001 2.0 0.002
основа 0.001 0.678 0.001
синтетический 0.001 1.699 0.002
нуклеозидный 0.001 2.0 0.002
производный 0.001 1.699 0.002
n4-гидроксицитидин 0.001 2.0 0.002
представлять 0.001 0.678 0.001
себя 0.001 0.62 0.001
молекула 0.004 1.301 0.005
рнк 0.002 1.301 0.003
реплицироваться 0.002 1.699 0.003
использовать 0.001 0.319 0.0
постройка 0.001 1.699 0.002
новый 0.003 0.187 0.001
такой 0.003 0.114 0.0
четыре 0.001 0.509 0.001
вид 0.002 0.398 0.001
кирпичик 0.001 1.699 0.002
рибонуклеотид 0.002 2.0 0.004
называться 0.001 0.699 0.001
a 0.001 0.699 0.001
g 0.001 1.699 0.002
c 0.001 1.046 0.001
u. 0.001 2.0 0.002
этот 0.002 0.137 0.0
нуклеотид 0.002 1.699 0.003
частый 0.001 0.523 0.001
вместо 0.001 0.77 0.001
c. 0.001 1.523 0.002
следующий 0.001 0.553 0.001
этап 0.002 0.921 0.002
репликация 0.002 1.523 0.003
повести 0.001 1.523 0.002
либо 0.002 0.569 0.001
u 0.001 2.0 0.002
видимо 0.001 0.824 0.001
происходить 0.003 0.301 0.001
явление 0.001 0.886 0.001
таутомерия 0.001 2.0 0.002
существовать 0.001 0.602 0.001
изомер 0.001 2.0 0.002
определённый 0.001 0.77 0.001
равновесие 0.001 1.398 0.001
первый 0.002 0.143 0.0
сценарий 0.001 1.097 0.001
никакой 0.001 0.409 0.0
особенный 0.001 1.523 0.002
последствие 0.001 0.523 0.001
второй 0.002 0.357 0.001
привести 0.001 0.456 0.0
появление 0.003 0.699 0.002
важно 0.002 0.509 0.001
замедление 0.002 2.0 0.004
точка 0.001 0.444 0.0
полимераза 0.004 1.699 0.007
продолжать 0.002 0.292 0.001
обычный 0.001 0.509 0.001
режим 0.001 0.658 0.001
застревать 0.001 2.0 0.002
позволять 0.001 0.585 0.001
скрыть 0.001 1.398 0.001
возникновение 0.001 0.921 0.001
внимание 0.001 0.523 0.001
система 0.001 0.398 0.0
предназначить 0.001 1.699 0.002
починка 0.001 2.0 0.002
противный 0.001 1.523 0.002
случай 0.002 0.194 0.0
мочь 0.001 0.102 0.0
заметить 0.001 0.886 0.001
застрять 0.001 1.398 0.001
начать 0.002 0.276 0.001
процесс 0.001 0.538 0.001
исправление 0.001 1.699 0.002
противоположный 0.001 1.398 0.001
эффект 0.002 0.796 0.002
наблюдаться 0.002 0.921 0.002
например 0.002 0.229 0.0
ремдесивира 0.007 1.523 0.011
потенциал 0.001 1.699 0.002
covid-19 0.002 0.77 0.002
говорить 0.003 0.18 0.001
аналог 0.001 1.523 0.002
вызывать 0.002 0.523 0.001
обрыв 0.001 2.0 0.002
цепь 0.001 1.398 0.001
недавний 0.001 1.0 0.001
кстати 0.001 0.886 0.001
вообще 0.002 0.066 0.0
картина 0.001 0.721 0.001
пациент 0.012 0.678 0.008
борьба 0.002 0.658 0.001
ковид 0.003 0.387 0.001
россия 0.003 0.108 0.0
разрешить 0.001 0.886 0.001
выпускать 0.001 1.0 0.001
согласие 0.001 1.046 0.001
американский 0.002 0.585 0.001
компаниина 0.001 1.699 0.002
возлагать 0.001 1.523 0.002
больший 0.001 0.328 0.0
надежда 0.001 0.77 0.001
сей 0.001 0.456 0.0
пора 0.001 0.357 0.0
доказать 0.001 0.886 0.001
результат 0.005 0.367 0.002
встраивание 0.001 2.0 0.002
многий 0.002 0.495 0.001
случайный 0.001 1.097 0.001
оказываться 0.001 0.721 0.001
серьёзный 0.001 0.553 0.001
изменить 0.001 0.538 0.001
переставать 0.001 1.155 0.001
нормальный 0.001 0.77 0.001
строить 0.001 1.155 0.001
оболочка 0.001 1.398 0.001
т. 0.001 0.921 0.001
п. 0.001 1.523 0.002
очередь 0.001 0.538 0.001
приводить 0.001 0.602 0.001
снижение 0.002 0.745 0.001
насколько 0.001 0.42 0.0
любой 0.001 0.319 0.0
связанный 0.001 0.745 0.001
мутагенез 0.001 2.0 0.002
немедленно 0.001 1.155 0.001
вопрос 0.001 0.276 0.0
опасно 0.001 0.921 0.001
хозяйский 0.001 2.0 0.002
клетка 0.001 0.921 0.001
бывший 0.001 0.699 0.001
глава 0.001 0.658 0.001
управление 0.002 0.824 0.002
перспективный 0.001 1.523 0.002
биомедицинский 0.001 2.0 0.002
barda 0.001 2.0 0.002
рик 0.001 2.0 0.002
брайт 0.001 2.0 0.002
подать 0.002 1.046 0.002
жалоба 0.001 1.222 0.001
касаться 0.004 0.553 0.002
дальнейший 0.002 0.886 0.002
из-за 0.001 0.229 0.0
существование 0.001 0.886 0.001
аналогичный 0.002 0.959 0.002
вызывающий 0.001 1.523 0.002
врождённый 0.001 1.699 0.002
дефект 0.001 1.699 0.002
джордж 0.002 1.301 0.003
пейнтереть 0.002 2.0 0.004
генеральный 0.002 1.046 0.002
директор 0.002 0.796 0.002
заявить 0.002 0.553 0.001
однако 0.001 0.337 0.0
необходимый 0.001 0.638 0.001
токсичность 0.001 2.0 0.002
провести 0.002 0.538 0.001
дать 0.003 0.066 0.0
предоставить 0.001 1.046 0.001
регулировать 0.002 1.398 0.003
орган 0.002 0.886 0.002
великобритания 0.001 0.699 0.001
позволить 0.002 0.62 0.001
продолжить 0.001 0.921 0.001
безопасность 0.002 0.387 0.001
доброволец 0.003 0.854 0.003
нынешний 0.002 0.77 0.002
находиться 0.001 0.367 0.0
третий 0.002 0.553 0.001
фаза 0.002 0.796 0.002
должный 0.002 0.201 0.0
завершиться 0.001 1.097 0.001
близкий 0.001 0.347 0.0
2021-го 0.001 1.155 0.001
промежуточный 0.002 1.097 0.002
настолько 0.001 0.886 0.001
оптимистичный 0.001 1.398 0.001
набор 0.002 0.959 0.002
стадия 0.002 1.222 0.002
экстренно 0.001 1.699 0.002
приостановить 0.001 1.155 0.001
рекомендация 0.001 0.678 0.001
независимый 0.002 0.409 0.001
комитет 0.001 1.097 0.001
мониторинг 0.001 1.155 0.001
консультация 0.001 1.046 0.001
санитарный 0.001 1.398 0.001
надзор 0.001 2.0 0.002
качество 0.001 0.553 0.001
пищевой 0.001 1.301 0.001
продукт 0.001 0.678 0.001
медикамент 0.001 1.222 0.001
food 0.001 1.097 0.001
and 0.001 0.721 0.001
administration 0.001 1.155 0.001
fda 0.001 1.222 0.001
общий 0.001 0.444 0.0
сложность 0.001 1.222 0.001
phase 0.001 1.699 0.002
move-out 0.001 2.0 0.002
планироваться 0.001 1.155 0.001
эксперимент 0.002 0.959 0.002
весь 0.001 0.114 0.0
группа 0.01 0.387 0.004
приостановление 0.001 1.699 0.002
набрать 0.001 1.046 0.001
двойной 0.001 1.097 0.001
слепой 0.001 1.155 0.001
рандомизировать 0.001 1.398 0.001
плацебо-контролировать 0.001 1.699 0.002
международный 0.001 0.569 0.001
проводить 0.004 0.509 0.002
разный 0.001 0.276 0.0
страна 0.004 0.155 0.001
включая 0.002 0.959 0.002
канада 0.001 1.301 0.001
украина 0.001 0.347 0.0
польша 0.001 0.854 0.001
аргентина 0.001 0.921 0.001
бразилия 0.001 1.155 0.001
чили 0.001 1.301 0.001
германия 0.001 0.699 0.001
франция 0.001 0.854 0.001
египет 0.001 1.398 0.001
южно-африканский 0.001 2.0 0.002
республика 0.001 0.921 0.001
многие 0.001 0.284 0.0
невакцинировать 0.001 1.155 0.001
рекрутировать 0.001 2.0 0.002
август 0.001 0.854 0.001
иметь 0.002 0.337 0.001
подтвердить 0.001 0.678 0.001
лаборатория 0.001 0.959 0.001
развиться 0.001 1.301 0.001
пять 0.005 0.432 0.002
назад 0.004 0.18 0.001
средний 0.003 0.796 0.002
симптом 0.002 0.824 0.002
заболевание 0.002 0.481 0.001
соответствовать 0.003 0.824 0.002
хотя 0.001 0.276 0.0
один 0.002 0.119 0.0
список 0.001 0.569 0.001
фактор 0.002 0.824 0.002
неблагоприятный 0.002 1.398 0.003
течение 0.009000000000000001 0.638 0.006
болезнь 0.006 0.553 0.003
ожирение 0.001 1.398 0.001
возраст 0.001 0.658 0.001
старший 0.001 0.678 0.001
сахарный 0.001 1.523 0.002
диабет 0.001 1.222 0.001
так 0.002 1.222 0.002
д. 0.001 1.0 0.001
испытуемый 0.002 1.398 0.003
принимать 0.006 0.432 0.003
перорально 0.002 2.0 0.004
мг 0.002 2.0 0.004
плацебо 0.006 0.959 0.006
каждый 0.002 0.244 0.0
настоящий 0.001 0.585 0.001
иметься 0.001 0.77 0.001
примерно 0.002 0.585 0.001
половина 0.001 0.721 0.001
выборка 0.001 1.046 0.001
наблюдать 0.001 0.824 0.001
госпитализировать 0.003 0.959 0.003
восемь 0.002 0.854 0.002
умереть 0.002 0.638 0.001
время 0.004 0.086 0.0
снизить 0.001 0.854 0.001
тяжёлый 0.002 0.377 0.001
статистически 0.001 1.301 0.001
значимый 0.001 1.097 0.001
свой 0.001 0.143 0.0
действие 0.002 0.409 0.001
p-value 0.001 2.0 0.002
0,0012 0.001 2.0 0.002
доступный 0.001 0.824 0.001
секвенирование 0.001 1.699 0.002
одинаково 0.001 1.301 0.001
вариант 0.002 0.481 0.001
число 0.003 0.201 0.001
штамм 0.002 0.796 0.002
гамма 0.001 2.0 0.002
дельта 0.001 0.854 0.001
мю 0.001 2.0 0.002
исследовать 0.001 0.959 0.001
зависеть 0.001 0.509 0.001
конкретный 0.001 0.658 0.001
симптоматика 0.002 2.0 0.004
исходный 0.001 1.398 0.001
тест 0.001 0.77 0.001
контроль 0.001 0.585 0.001
отличаться 0.002 0.553 0.001
основной 0.004 0.854 0.003
повод 0.001 0.553 0.001
опасаться 0.001 1.046 0.001
побочный 0.001 0.959 0.001
hetero 0.002 1.699 0.003
labs 0.002 2.0 0.004
индия 0.001 1.155 0.001
параллельно 0.001 1.097 0.001
среди 0.002 0.42 0.001
форма 0.004 0.62 0.002
пока 0.002 0.208 0.0
известный 0.001 0.569 0.001
наблюдение 0.001 0.886 0.001
улучшение 0.002 2.0 0.004
шкала 0.001 1.222 0.001
воз 0.002 0.796 0.002
балл 0.001 2.0 0.002
быстрый 0.002 0.699 0.001
зафиксировать 0.002 0.921 0.002
против 0.002 0.229 0.0
медиана 0.001 2.0 0.002
индийский 0.002 1.222 0.002
исчезать 0.001 1.155 0.001
пцр-тест 0.001 1.301 0.001
стать 0.002 0.149 0.0
отрицательный 0.001 1.046 0.001
спустя 0.001 0.886 0.001
плацебо-группа 0.002 2.0 0.004
десять 0.001 0.585 0.001
значительно 0.002 0.959 0.002
составлять 0.001 0.745 0.001
тяжесть 0.001 0.959 0.001
научный 0.001 0.658 0.001
выложить 0.001 1.046 0.001
база 0.001 0.854 0.001
препринт 0.001 1.155 0.001
medrxiv 0.001 2.0 0.002
получать 0.001 0.569 0.001
400–800 0.001 2.0 0.002
обнаруживаться 0.001 1.398 0.001
пятый 0.001 0.854 0.001
выявляться 0.001 2.0 0.002
собираться 0.001 0.602 0.001
получить 0.001 0.328 0.0
разрешение 0.001 0.886 0.001
использование 0.002 0.066 0.0
чрезвычайный 0.001 1.398 0.001
ситуация 0.001 0.337 0.0
emergency 0.001 1.523 0.002
use 0.001 1.0 0.001
authorization 0.001 2.0 0.002
eua 0.001 1.523 0.002
заявка 0.001 1.155 0.001
регистрация 0.001 0.854 0.001
объявить 0.001 0.553 0.001
план 0.001 0.658 0.001
лицензировать 0.001 1.699 0.002
производитель 0.001 0.796 0.001
дженерик 0.001 2.0 0.002
ускорить 0.001 1.523 0.002
продажа 0.001 0.854 0.001
неисключительный 0.001 2.0 0.002
добровольный 0.001 1.523 0.002
лицензия 0.001 0.854 0.001
выдать 0.001 1.097 0.001
вышеупомянутый 0.001 2.0 0.002
сам 0.001 0.137 0.0
дожидаться 0.001 1.523 0.002
окончание 0.001 1.097 0.001
производить 0.001 1.097 0.001
планировать 0.001 0.886 0.001
конец 0.001 0.444 0.0
выпустить 0.001 0.699 0.001
миллион 0.002 0.495 0.001
курс 0.001 0.824 0.001
терапия 0.001 1.155 0.001
биржевой 0.001 2.0 0.002
котировка 0.001 1.523 0.002
вырасти 0.001 0.824 0.001
увеличение 0.001 1.222 0.001
рыночный 0.001 1.301 0.001
стоимость 0.001 1.301 0.001
миллиард 0.002 1.046 0.002
доллар 0.002 0.921 0.002
поставка 0.001 0.921 0.001
договориться 0.001 1.155 0.001
июнь 0.001 0.699 0.001
остановить 0.001 0.523 0.001
вышеперечисленный 0.001 1.699 0.002
оптимистический 0.001 2.0 0.002
ранний 0.001 0.409 0.0
существенный 0.001 0.921 0.001
по-видимому 0.002 0.959 0.002
оказывать 0.001 1.046 0.001
выявить 0.001 1.222 0.001
предыдущий 0.001 0.886 0.001
иной 0.002 0.921 0.002
слово 0.001 0.268 0.0
помочь 0.002 0.125 0.0
принять 0.001 0.42 0.0
сразу 0.001 0.553 0.001
кроме 0.002 0.387 0.001
ухудшение 0.001 1.301 0.001
состояние 0.001 0.721 0.001
часто 0.001 0.456 0.0
связать 0.001 0.469 0.0
чрезмерный 0.001 2.0 0.002
иммунный 0.001 0.678 0.001
реакция 0.001 0.678 0.001
цитокинов 0.001 2.0 0.002
шторм 0.001 1.699 0.002
п 0.001 2.0 0.002
бессильный 0.001 2.0 0.002
воздействие 0.001 1.398 0.001
играть 0.001 0.699 0.001
значительный 0.001 0.854 0.001
роль 0.002 0.721 0.001
отличие 0.001 0.699 0.001
поставляться 0.001 1.523 0.002
внутривенно 0.001 1.699 0.002
капельница 0.001 1.699 0.002
домашний 0.001 1.155 0.001
условие 0.001 0.495 0.0
оказаться 0.001 0.31 0.0
очень 0.001 0.149 0.0
важный 0.001 0.284 0.0
речь 0.001 0.398 0.0
идти 0.001 0.222 0.0
смочь 0.001 0.328 0.0
дом 0.002 0.495 0.001
ускорять 0.001 2.0 0.002
переход 0.001 1.398 0.001
заражение 0.001 0.745 0.001
параллельный 0.001 2.0 0.002
профилактический 0.001 1.523 0.002
применение 0.001 0.721 0.001
приглашаться 0.001 2.0 0.002
жить 0.001 0.481 0.0
мнение 0.001 0.509 0.001
учёный 0.001 0.569 0.001
врач 0.001 0.509 0.001
эксперт 0.001 0.745 0.001
эпидемиология 0.001 1.222 0.001
шанс 0.001 0.638 0.001
эндемик 0.001 2.0 0.002
остаться 0.001 0.432 0.0
навсегда 0.001 0.854 0.001
приобретать 0.002 1.523 0.003
быть 0.001 0.215 0.0
устойчивость 0.001 2.0 0.002
вакцина 0.001 0.538 0.001
темп 0.001 0.959 0.001
вакцинация 0.001 0.553 0.001
оставлять 0.001 0.959 0.001
желать 0.001 1.0 0.001
хороший 0.001 0.377 0.0
расти 0.001 0.886 0.001
поэтому 0.001 0.328 0.0
именно 0.001 0.244 0.0
противовирусный 0.001 1.222 0.001
сыграть 0.001 1.523 0.002
главный 0.001 0.276 0.0
плохой 0.002 0.509 0.001
провалиться 0.002 1.523 0.003
эгида 0.002 1.523 0.003
надеяться 0.002 0.699 0.001
24/7 0.001 0.102 0.0
интерес 0.001 0.155 0.0
читателейн 0.001 0.174 0.0
срочно 0.001 0.167 0.0
хотеть 0.001 0.102 0.0
анна 0.001 1.046 0.001
казнадзь 0.001 1.699 0.002
редакция 0.002 0.066 0.0
кодекс 0.001 0.066 0.0
блог 0.001 0.066 0.0
meduzacare 0.001 0.066 0.0
связаться 0.001 0.066 0.0
анонимно 0.001 0.066 0.0
платформа 0.002 0.066 0.0
ios 0.001 0.066 0.0
android 0.001 0.066 0.0
инстаграм 0.001 0.066 0.0
twitter 0.001 0.0 0.0
facebook 0.001 0.0 0.0
вконтакте 0.001 0.066 0.0
youtube 0.001 0.06 0.0
– 0.001 0.06 0.0
live 0.001 0.022 0.0
вечерний 0.001 0.066 0.0
реклама 0.002 0.066 0.0
требование 0.001 0.066 0.0
баннер 0.001 0.066 0.0
безопасно 0.001 0.066 0.0
персональный 0.001 0.066 0.0
правило 0.001 0.066 0.0
обработка 0.001 0.066 0.0
кук 0.001 0.066 0.0
наслать 0.001 0.066 0.0
ошибка 0.001 0.066 0.0
выделить 0.001 0.066 0.0
нажать 0.001 0.066 0.0
ctrl+enter 0.001 0.066 0.0
спасибоgiphyз 0.001 0.066 0.0
гифка 0.001 0.066 0.0
© 0.001 0.0 0.0
