перейти 0.0 0.066 0.0
материал 0.0 0.066 0.0
связь 0.0 0.0 0.0
новостиисторииразборшапитокоронавирусмагаз 0.0 0.066 0.0
медуза 0.0 0.066 0.0
рекламаmeduza 0.0 0.066 0.0
in 0.0 0.0 0.0
english 0.0 0.06 0.0
показывать 0.0 0.066 0.0
порядок 0.0 0.066 0.0
en 0.0 0.066 0.0
кнопка 0.0 0.066 0.0
поддержка 0.0 0.066 0.0
разбор 0.0 0.387 0.0
карта 0.0 0.886 0.0
война 0.0 0.357 0.0
украина 0.001 0.347 0.0
посмотреть 0.0 0.523 0.0
идти 0.001 0.222 0.0
бой 0.004 0.959 0.004
сегодня 0.0 0.638 0.0
последний 0.0 0.284 0.0
обновление 0.0 1.0 0.0
мск 0.0 1.523 0.0
март 0.0 0.284 0.0
февраль 0.0 0.337 0.0
источник 0.0 0.167 0.0
meduza 0.001 0.0 0.0
данный 0.0 0.097 0.0
сообщение 0.0 0.102 0.0
создать 0.0 0.097 0.0
распространить 0.0 0.102 0.0
иностранный 0.0 0.097 0.0
средство 0.0 0.097 0.0
массовый 0.0 0.097 0.0
информация 0.0 0.102 0.0
выполнять 0.0 0.097 0.0
функция 0.0 0.097 0.0
агент 0.0 0.097 0.0
российский 0.032 0.071 0.002
юридический 0.0 0.102 0.0
лицо 0.0 0.086 0.0
мы 0.0 0.066 0.0
нужный 0.0 0.086 0.0
ваш 0.0 0.081 0.0
помощь 0.0 0.071 0.0
пожалуйста 0.0 0.102 0.0
поддержать 0.0 0.066 0.0
проверить 0.0 0.886 0.0
боевой 0.0 0.77 0.0
действие 0.0 0.409 0.0
очень 0.0 0.149 0.0
трудно 0.0 0.824 0.0
менее 0.0 0.432 0.0
объективный 0.0 1.301 0.0
картина 0.0 0.721 0.0
составить 0.0 0.658 0.0
основа 0.0 0.678 0.0
видео 0.001 0.678 0.001
фото 0.0 0.959 0.0
который 0.0 0.071 0.0
очевидец 0.0 2.0 0.0
публиковать 0.0 0.638 0.0
соцсеть 0.0 0.824 0.0
такой 0.0 0.114 0.0
дать 0.0 0.066 0.0
давать 0.0 0.31 0.0
возможность 0.0 0.444 0.0
объективно 0.0 1.699 0.0
фиксировать 0.0 1.097 0.0
хотя 0.0 0.276 0.0
некоторый 0.0 0.222 0.0
событие 0.001 0.509 0.001
любой 0.0 0.319 0.0
современный 0.0 0.959 0.0
конфликт 0.0 0.959 0.0
нанести 0.0 1.222 0.0
больший 0.001 0.328 0.0
часть 0.001 0.377 0.0
документальный 0.0 1.398 0.0
свидетельство 0.0 1.155 0.0
интерактивный 0.0 1.523 0.0
ниже 0.0 0.77 0.0
тот 0.0 0.131 0.0
сведение 0.0 1.046 0.0
приводиться 0.0 1.523 0.0
форма 0.0 0.62 0.0
таблица 0.0 1.097 0.0
редакция 0.0 0.066 0.0
стараться 0.0 0.854 0.0
аккуратно 0.0 1.523 0.0
работать 0.0 0.102 0.0
доступный 0.0 0.824 0.0
данные 0.0 0.31 0.0
однако 0.0 0.337 0.0
вынудить 0.0 0.886 0.0
признать 0.0 0.658 0.0
условие 0.0 0.495 0.0
туман 0.0 2.0 0.0
ошибка 0.0 0.066 0.0
возможный 0.0 0.523 0.0
неизбежный 0.0 1.523 0.0
мочь 0.0 0.102 0.0
заверить 0.0 1.699 0.0
исправлять 0.0 1.699 0.0
максимальный 0.0 1.046 0.0
скорость 0.0 1.301 0.0
сообщить 0.0 0.638 0.0
reports 0.0 1.097 0.0
meduza.io 0.0 1.398 0.0
видеть 0.0 0.444 0.0
какой-то 0.0 0.328 0.0
неточность 0.0 2.0 0.0
спасибо 0.0 1.222 0.0
красный 0.0 1.097 0.0
показать 0.0 0.432 0.0
самый 0.0 0.208 0.0
серый 0.0 1.523 0.0
ранний 0.0 0.409 0.0
справа 0.0 1.301 0.0
открываться 0.0 1.222 0.0
панель 0.0 2.0 0.0
поиск 0.0 1.222 0.0
описание 0.0 1.222 0.0
воздушный 0.0 1.301 0.0
удар 0.013000000000000001 0.745 0.01
отметить 0.0 0.886 0.0
особый 0.0 0.745 0.0
иконка 0.0 2.0 0.0
наземный 0.0 2.0 0.0
операция 0.0 0.721 0.0
точка 0.0 0.444 0.0
получить 0.0 0.328 0.0
ссылка 0.0 0.886 0.0
нажать 0.0 0.066 0.0
что-то 0.0 0.509 0.0
попробовать 0.0 1.046 0.0
открыть 0.0 0.538 0.0
браузер 0.0 1.398 0.0
воспользоваться 0.0 1.097 0.0
публикация 0.0 0.796 0.0
топоним 0.0 2.0 0.0
15/03 0.003 2.0 0.006
время:16 0.005 2.0 0.01
авдеевка 0.001 2.0 0.002
танк 0.006 0.854 0.005
вероятно 0.003 0.699 0.002
днр 0.001 0.959 0.001
подорваться 0.0 2.0 0.0
мина 0.0 1.699 0.0
время 0.005 0.086 0.0
атака 0.0 0.959 0.0
промзона 0.0 1.699 0.0
донбассе.источник 0.001 2.0 0.002
опубликовано:15/03,16.произошло:20/03 0.0 2.0 0.0
17/03 0.003 2.0 0.006
н.д 0.009 2.0 0.018
мархалёвка 0.0 2.0 0.0
последствие 0.007 0.523 0.004
юго-запад 0.0 1.523 0.0
киева.источник 0.004 2.0 0.008
опубликовано:17/03 0.0 2.0 0.0
авиаудар 0.032 1.046 0.033
рубежный 0.001 2.0 0.002
сила 0.001 0.456 0.0
лнр 0.001 1.0 0.001
центр 0.001 0.432 0.0
город 0.002 0.409 0.001
рубежное.источник 0.0 2.0 0.0
время:20 0.004 2.0 0.008
мариуполь 0.007 0.77 0.005
боец 0.001 1.523 0.002
обыскивать 0.0 2.0 0.0
беженец 0.0 1.155 0.0
мариуполя.источник 0.003 2.0 0.006
опубликовано:17/03,20 0.0 2.0 0.0
глебовка 0.0 2.0 0.0
обломок 0.0 1.699 0.0
украинский 0.016 0.538 0.009
штурмовик 0.001 2.0 0.002
су-25 0.001 2.0 0.002
утверждаться 0.003 1.097 0.003
это 0.001 0.066 0.0
район 0.005 0.678 0.003
киевом.источник 0.002 2.0 0.004
время:18 0.007 2.0 0.014
сватово 0.0 2.0 0.0
разбитый 0.001 1.301 0.001
комплекс 0.001 1.046 0.001
пво 0.001 1.699 0.002
с-300пс.источник 0.0 2.0 0.0
опубликовано:17/03,18 0.0 2.0 0.0
время:17 0.007 2.0 0.014
марьинка 0.0 2.0 0.0
пожар 0.002 1.155 0.002
детский 0.0 0.77 0.0
дом 0.001 0.495 0.0
творчество 0.0 1.398 0.0
донецком.источник 0.0 2.0 0.0
опубликовано:17/03,17 0.0 2.0 0.0
время:14 0.005 2.0 0.01
каменка 0.001 2.0 0.002
колонна 0.004 1.0 0.004
недалеко 0.0 1.301 0.0
изюм 0.001 1.699 0.002
войско 0.009000000000000001 0.678 0.006
переправиться 0.0 2.0 0.0
северный 0.001 0.824 0.001
донец 0.0 2.0 0.0
вести 0.002 0.553 0.001
наступление 0.0 1.097 0.0
тыл 0.0 1.699 0.0
группировка 0.0 1.398 0.0
опубликовано:17/03,14 0.0 2.0 0.0
время:12 0.005 2.0 0.01
зирка 0.0 2.0 0.0
предположительно 0.003 1.301 0.004
пункт 0.0 0.721 0.0
снабжение 0.0 1.523 0.0
съёмка 0.001 1.699 0.002
дрона.источник 0.001 2.0 0.002
опубликовано:17/03,12 0.0 2.0 0.0
время:10 0.004 2.0 0.008
слатин 0.0 2.0 0.0
территориальный 0.0 1.046 0.0
оборона 0.0 0.959 0.0
наносить 0.0 1.301 0.0
грузовик 0.0 1.523 0.0
рпг.источник 0.0 2.0 0.0
опубликовано:17/03,10 0.0 2.0 0.0
16/03 0.002 2.0 0.004
время:9 0.004 2.0 0.008
киев 0.008 0.699 0.006
телецентра.источник 0.0 2.0 0.0
опубликовано:16/03,9 0.0 2.0 0.0
ракетный 0.005 1.222 0.006
один 0.0 0.119 0.0
центральный 0.0 1.097 0.0
время:8 0.002 2.0 0.004
бпнуть 0.001 2.0 0.002
иноходец 0.0 2.0 0.0
опубликовано:16/03,8 0.0 2.0 0.0
время:3 0.002 2.0 0.004
виноградный 0.0 2.0 0.0
чеченский 0.0 1.523 0.0
патруль 0.0 2.0 0.0
рядом 0.001 0.854 0.001
мариуполем.источник 0.0 2.0 0.0
опубликовано:17/03,3.произошло:16/03 0.001 2.0 0.002
одесса 0.001 1.222 0.001
бмп 0.001 2.0 0.002
улица 0.004 0.699 0.003
одессы.источник 0.0 2.0 0.0
сарны 0.0 2.0 0.0
ровенский 0.0 2.0 0.0
область 0.008 0.523 0.004
сообщаться 0.001 1.097 0.001
объект 0.0 0.886 0.0
военный 0.005 0.444 0.002
инфраструктура 0.0 1.301 0.0
.источник 0.004 2.0 0.008
время:22 0.003 2.0 0.006
харьков 0.008 0.886 0.007
сильный 0.0 0.553 0.0
ул 0.0 2.0 0.0
герой 0.0 1.046 0.0
труд 0.0 0.854 0.0
харькове.источник 0.001 2.0 0.002
опубликовано:16/03,22 0.0 2.0 0.0
время:21 0.003 2.0 0.006
подбить 0.004 1.699 0.007
несколько 0.001 0.187 0.0
выстрел 0.0 1.301 0.0
площадь 0.0 1.046 0.0
свобода 0.0 0.77 0.0
член 0.0 0.745 0.0
экипаж 0.0 1.523 0.0
спасаться 0.0 1.398 0.0
бегством.источник 0.0 2.0 0.0
опубликовано:16/03,21 0.0 2.0 0.0
время:19 0.004 2.0 0.008
ахтырский 0.0 2.0 0.0
артиллерия 0.002 1.155 0.002
направляться 0.0 1.699 0.0
ахтырки.источник 0.0 2.0 0.0
опубликовано:16/03,19 0.0 2.0 0.0
гореть 0.003 1.155 0.003
тц 0.0 2.0 0.0
елизавета 0.0 1.523 0.0
мариуполе.источник 0.0 2.0 0.0
опубликовано:16/03,18 0.0 2.0 0.0
скадовск 0.001 2.0 0.002
стрельба 0.0 1.523 0.0
демострация 0.0 2.0 0.0
протестовать 0.001 1.222 0.001
против 0.001 0.229 0.0
оккупация 0.0 1.301 0.0
скадовске.источник 0.0 2.0 0.0
опубликовано:16/03,16 0.0 2.0 0.0
драмтеатр 0.0 1.398 0.0
разрушить 0.001 0.77 0.001
здания.источник 0.0 2.0 0.0
чернигов 0.003 1.046 0.003
олимпийский 0.0 1.398 0.0
спортивный 0.0 1.301 0.0
подготовка 0.0 0.886 0.0
пострадать 0.0 0.796 0.0
бомбёжка 0.0 1.155 0.0
спутниковый 0.0 1.699 0.0
снимок.источник 0.0 2.0 0.0
опубликовано:17/03,12.произошло:16/03 0.0 2.0 0.0
голубовский 0.0 2.0 0.0
вертолёт 0.001 1.699 0.002
ми-28н 0.0 2.0 0.0
попасной.источник 0.0 2.0 0.0
опубликовано:16/03,10 0.0 2.0 0.0
время:4 0.001 2.0 0.002
второй 0.0 0.357 0.0
локация 0.006 2.0 0.012
смотреть 0.0 0.62 0.0
выше 0.0 0.509 0.0
первый 0.0 0.143 0.0
разрушение 0.001 1.398 0.001
жилой 0.001 0.886 0.001
подольский 0.0 1.699 0.0
район.источник 0.0 2.0 0.0
опубликовано:15/03,4 0.0 2.0 0.0
ночной 0.0 1.301 0.0
харькову.источник 0.001 2.0 0.002
опубликовано:15/03,3 0.001 2.0 0.002
забуяние 0.0 2.0 0.0
техника 0.011 1.046 0.012
антоновка 0.001 2.0 0.002
беспилотник 0.0 1.699 0.0
пво.источник 0.001 2.0 0.002
время:23 0.002 2.0 0.004
окрестность 0.0 2.0 0.0
опубликовано:15/03,23 0.0 2.0 0.0
макеевка 0.0 2.0 0.0
контролировать 0.0 1.222 0.0
днр.источник 0.0 2.0 0.0
опубликовано:15/03,22 0.001 2.0 0.002
никополь 0.0 2.0 0.0
точный 0.007 1.0 0.007
неизвестна.источник 0.006 2.0 0.012
ахтырка 0.002 1.699 0.003
пригород 0.0 1.046 0.0
полностью 0.0 0.538 0.0
превратиться 0.0 0.886 0.0
воронка 0.0 1.523 0.0
бомбардировок.источник 0.0 2.0 0.0
железнодорожный 0.0 1.398 0.0
вокзал 0.0 1.523 0.0
опубликовано:15/03,21 0.0 2.0 0.0
чернобаевка 0.001 2.0 0.002
артиллерийский 0.002 1.523 0.003
аэропорт 0.003 1.222 0.004
хернсон 0.0 2.0 0.0
авиабаза 0.001 2.0 0.002
располагаться 0.0 1.301 0.0
база 0.001 0.854 0.001
снять 0.0 1.222 0.0
неизвестно.источник 0.0 2.0 0.0
опубликовано:16/03,19.произошло:15/03 0.0 2.0 0.0
мирный 0.0 0.699 0.0
авиа- 0.0 2.0 0.0
село 0.001 1.222 0.001
одесский 0.0 2.0 0.0
области.источник 0.002 2.0 0.004
опубликовано:15/03,18 0.0 2.0 0.0
время:11 0.004 2.0 0.008
повредить 0.0 1.301 0.0
небоскрёб 0.0 2.0 0.0
завод 0.001 0.959 0.001
артём 0.0 1.046 0.0
удар.источник 0.0 2.0 0.0
опубликовано:15/03,11 0.0 2.0 0.0
14/03 0.004 2.0 0.008
авиазавод 0.0 2.0 0.0
имя 0.0 0.585 0.0
антонов 0.0 1.699 0.0
киеве.источник 0.001 2.0 0.002
опубликовано:14/03,9 0.0 2.0 0.0
время:6 0.001 2.0 0.002
попадание 0.001 1.301 0.001
снаряд 0.001 0.959 0.001
девятиэтажка 0.0 2.0 0.0
опубликовано:14/03,6 0.0 2.0 0.0
безымённый 0.0 2.0 0.0
подразделение 0.0 1.222 0.0
мариуполю.источник 0.0 2.0 0.0
опубликовано:14/03,4 0.0 2.0 0.0
сартан 0.0 2.0 0.0
северо-восточный 0.0 1.699 0.0
окраина 0.004 1.097 0.004
опубликовано:15/03,3.произошло:14/03 0.0 2.0 0.0
богородичный 0.0 2.0 0.0
снятой 0.0 1.398 0.0
момент 0.001 0.387 0.0
взрыв 0.001 0.959 0.001
мост 0.002 1.222 0.002
север 0.002 1.301 0.003
славянск 0.0 1.699 0.0
начать 0.0 0.276 0.0
цель 0.0 0.745 0.0
окружить 0.0 1.222 0.0
опубликовано:14/03,23 0.001 2.0 0.002
солдат 0.001 0.886 0.001
армия 0.001 0.721 0.001
ресторан 0.0 1.222 0.0
губерния 0.0 2.0 0.0
чернигове.источник 0.0 2.0 0.0
берёзовый 0.0 2.0 0.0
уничтожить 0.001 1.0 0.001
посёлок 0.003 1.523 0.005
донецкий 0.0 1.155 0.0
мелитополь 0.003 1.301 0.004
оккупировать 0.0 1.097 0.0
мелитополь.источник 0.0 2.0 0.0
опубликовано:14/03,22 0.0 2.0 0.0
обстрел 0.004 0.678 0.003
опубликовано:14/03,19 0.0 2.0 0.0
волноваха 0.001 1.301 0.001
огонь 0.001 1.046 0.001
невидимый 0.0 2.0 0.0
противник 0.0 0.959 0.0
дата 0.001 1.301 0.001
неизвестный 0.001 1.097 0.001
взять 0.0 0.553 0.0
день 0.0 0.167 0.0
назад.источник 0.0 2.0 0.0
бердянск 0.001 1.398 0.001
корабль 0.0 1.398 0.0
катер 0.0 2.0 0.0
прибыль 0.0 1.523 0.0
порт 0.0 1.523 0.0
бердянска.источник 0.001 2.0 0.002
опубликовано:14/03,18 0.0 2.0 0.0
вооружённый 0.0 1.0 0.0
россия 0.0 0.108 0.0
военно-морской 0.0 2.0 0.0
восток 0.0 0.886 0.0
бердянске.источник 0.0 2.0 0.0
тяжёлый 0.0 0.377 0.0
гражданский 0.0 0.745 0.0
опубликовано:14/03,17 0.0 2.0 0.0
ракета 0.003 1.0 0.003
происхождение 0.0 1.097 0.0
неизвестно 0.0 0.77 0.0
попасть 0.0 0.409 0.0
сбить 0.002 1.523 0.003
собственно 0.0 1.699 0.0
опубликовано:14/03,14 0.0 2.0 0.0
донецк 0.001 1.301 0.001
река 0.0 1.398 0.0
кальмиус 0.0 1.699 0.0
опубликовано:14/03,12 0.0 2.0 0.0
точка-у 0.0 2.0 0.0
кассетный 0.0 2.0 0.0
боеприпас 0.0 2.0 0.0
число 0.0 0.201 0.0
жертва 0.0 0.824 0.0
среди 0.001 0.42 0.0
население 0.0 0.569 0.0
двигатель 0.0 1.699 0.0
стоящий 0.0 1.699 0.0
вооружение 0.0 1.398 0.0
всу 0.0 1.699 0.0
ранее 0.0 0.62 0.0
использовать 0.0 0.319 0.0
найти 0.0 0.456 0.0
командование 0.0 1.699 0.0
отрицать 0.0 1.222 0.0
причастность 0.0 1.398 0.0
обстрелу.источник 0.0 2.0 0.0
опубликовано:14/03,11 0.0 2.0 0.0
каменский 0.0 2.0 0.0
взорвать 0.0 1.398 0.0
энергодар 0.003 2.0 0.006
захватить 0.0 0.959 0.0
запорожье 0.001 1.699 0.002
контролироваться 0.0 1.398 0.0
дорога 0.001 0.959 0.001
должный 0.0 0.201 0.0
проехать 0.0 1.523 0.0
беженцами.источник 0.0 2.0 0.0
опубликовано:14/03,10 0.0 2.0 0.0
антополь 0.0 2.0 0.0
казарма 0.0 2.0 0.0
национальный 0.0 0.77 0.0
гвардия 0.0 1.699 0.0
власть 0.0 0.31 0.0
утверждать 0.0 0.658 0.0
привести 0.0 0.456 0.0
гибель 0.0 1.398 0.0
жителей.источник 0.0 2.0 0.0
время:0 0.001 2.0 0.002
размещение 0.0 2.0 0.0
отражение 0.0 1.699 0.0
десант 0.0 1.523 0.0
моря.источник 0.0 2.0 0.0
опубликовано:15/03,0.произошло:14/03 0.0 2.0 0.0
13/03 0.003 2.0 0.006
николаев 0.003 1.699 0.005
корпус 0.0 1.699 0.0
предприятие 0.0 0.959 0.0
нпк 0.0 2.0 0.0
зоря-машпроект 0.0 2.0 0.0
слово 0.0 0.268 0.0
мэр 0.0 0.77 0.0
результат 0.001 0.367 0.0
авиаудара.источник 0.001 2.0 0.002
опубликовано:13/03,9 0.0 2.0 0.0
ирпень 0.002 1.155 0.002
бронетехника 0.0 1.699 0.0
г. 0.0 1.699 0.0
запад 0.0 0.678 0.0
время:24 0.001 2.0 0.002
квартал 0.0 0.959 0.0
опубликовано:14/03,24.произошло:13/03 0.0 2.0 0.0
чулаковка 0.0 2.0 0.0
херсонский 0.001 1.523 0.002
опубликовано:13/03,23 0.0 2.0 0.0
дергач 0.0 2.0 0.0
фабрика 0.0 1.523 0.0
игрушка 0.0 1.523 0.0
папа 0.0 1.155 0.0
карло 0.0 2.0 0.0
харьковом.источник 0.001 2.0 0.002
опубликовано:13/03,20 0.0 2.0 0.0
авдеевский 0.0 2.0 0.0
коксохимический 0.0 2.0 0.0
находиться 0.001 0.367 0.0
контроль 0.0 0.585 0.0
армии.источник 0.0 2.0 0.0
трамвайный 0.0 2.0 0.0
депо 0.0 2.0 0.0
опубликовано:13/03,19 0.0 2.0 0.0
васильевка 0.0 2.0 0.0
сначала 0.0 0.602 0.0
смочь 0.0 0.328 0.0
единица 0.001 1.155 0.001
снизить 0.0 0.854 0.0
заявка 0.0 1.155 0.0
потеря 0.0 0.824 0.0
реальный 0.0 0.638 0.0
неизвестны.источник 0.0 2.0 0.0
опубликовано:14/03,19.произошло:13/03 0.0 2.0 0.0
время:15 0.005 2.0 0.01
херсон 0.007 1.699 0.012
разгон 0.0 2.0 0.0
нелетальный 0.0 2.0 0.0
оружие 0.0 0.921 0.0
опубликовано:13/03,15 0.0 2.0 0.0
арест 0.0 1.398 0.0
северодонецк 0.001 1.699 0.002
луганский 0.002 1.398 0.003
важный 0.0 0.284 0.0
города.источник 0.0 2.0 0.0
опубликовано:13/03,14 0.0 2.0 0.0
продолжаться 0.0 0.699 0.0
неделю.источник 0.0 2.0 0.0
время:13 0.004 2.0 0.008
р. 0.0 1.699 0.0
северский 0.0 2.0 0.0
лиман 0.0 2.0 0.0
славянский 0.0 1.699 0.0
ограждение 0.0 1.699 0.0
автомобильный 0.0 1.523 0.0
сторона 0.001 0.347 0.0
жд-моста.источник 0.0 2.0 0.0
опубликовано:13/03,13 0.0 2.0 0.0
яворовый 0.0 2.0 0.0
яворов 0.0 2.0 0.0
львов 0.0 1.301 0.0
минобороны 0.0 1.046 0.0
подтвердить 0.0 0.678 0.0
львовский 0.0 1.699 0.0
погибнуть 0.0 0.824 0.0
добровольцы.источник 0.0 2.0 0.0
опубликовано:13/03,12 0.0 2.0 0.0
12/03 0.001 2.0 0.002
время:7 0.001 2.0 0.002
поднятие 0.0 2.0 0.0
флаг 0.001 1.0 0.001
около 0.002 0.432 0.001
волновахский 0.0 1.699 0.0
районный 0.0 1.398 0.0
администрация 0.001 0.959 0.001
опубликовано:12/03,7 0.0 2.0 0.0
частично 0.0 1.301 0.0
гостиница 0.0 1.699 0.0
опубликовано:12/03,3 0.0 2.0 0.0
военнослужащий 0.001 1.398 0.001
позировать 0.0 2.0 0.0
фон 0.0 0.745 0.0
бтр 0.001 1.699 0.002
опубликовано:12/03,18 0.0 2.0 0.0
зданий.источник 0.0 2.0 0.0
опубликовано:12/03,16 0.0 2.0 0.0
квитневый 0.0 2.0 0.0
логистический 0.0 1.523 0.0
возникнуть 0.0 0.77 0.0
обстрелов.источник 0.0 2.0 0.0
опубликовано:12/03,11 0.0 2.0 0.0
тростянец 0.0 2.0 0.0
реактивный 0.0 1.699 0.0
система 0.0 0.398 0.0
залповый 0.0 2.0 0.0
тростянец.источник 0.0 2.0 0.0
опубликовано:12/03,0 0.0 2.0 0.0
крыша 0.0 1.398 0.0
здание 0.001 0.854 0.001
работа 0.0 0.357 0.0
боезарядом.источник 0.0 2.0 0.0
11/03 0.001 2.0 0.002
ивано-франковск 0.001 2.0 0.002
базироваться 0.0 1.301 0.0
авиабригада 0.0 2.0 0.0
миг-29 0.0 2.0 0.0
подвергаться 0.0 0.959 0.0
бомбардировке.источник 0.0 2.0 0.0
опубликовано:11/03,6 0.0 2.0 0.0
луцк 0.0 2.0 0.0
аэродром 0.001 1.699 0.002
миг-29.источник 0.0 2.0 0.0
молодёжный 0.0 1.523 0.0
подкрепление 0.0 1.699 0.0
прибывать 0.0 1.398 0.0
область.источник 0.001 2.0 0.002
опубликовано:11/03,23 0.0 2.0 0.0
бросить 0.003 1.046 0.003
волновахе.источник 0.0 2.0 0.0
опубликовано:11/03,22 0.0 2.0 0.0
оскол 0.0 2.0 0.0
краснооскольский 0.0 2.0 0.0
психоневрологический 0.0 2.0 0.0
интернат 0.0 2.0 0.0
изюмом.источник 0.0 2.0 0.0
опубликовано:11/03,16 0.0 2.0 0.0
днепр 0.001 1.398 0.001
петровский 0.0 2.0 0.0
металлургический 0.0 1.699 0.0
бывший 0.0 0.699 0.0
днепропетровск 0.0 1.699 0.0
опубликовано:11/03,10 0.0 2.0 0.0
10/03 0.002 2.0 0.004
мокрец 0.0 2.0 0.0
северо-восток 0.0 1.699 0.0
опубликовано:10/03,23 0.0 2.0 0.0
залесье 0.0 2.0 0.0
засада 0.0 1.699 0.0
броварами.источник 0.0 2.0 0.0
опубликовано:11/03,23.произошло:10/03 0.0 2.0 0.0
церковь 0.0 1.222 0.0
изюмский 0.0 2.0 0.0
района.источник 0.0 2.0 0.0
опубликовано:10/03,22 0.0 2.0 0.0
общеобразовательный 0.0 2.0 0.0
школа 0.0 0.699 0.0
великий 0.0 1.222 0.0
камышевахе.источник 0.0 2.0 0.0
опубликовано:10/03,21 0.0 2.0 0.0
глубокий 0.0 1.097 0.0
авиационный 0.0 1.523 0.0
неподалёку 0.0 1.301 0.0
драматический 0.0 1.699 0.0
театр 0.0 1.097 0.0
похожий 0.0 0.602 0.0
образоваться 0.0 1.398 0.0
поликлиника 0.0 1.301 0.0
марта.источник 0.0 2.0 0.0
опубликовано:10/03,20 0.0 2.0 0.0
геолокация 0.0 1.523 0.0
опубликовано:10/03,18 0.0 2.0 0.0
кривая 0.001 2.0 0.002
рог 0.0 1.699 0.0
возле 0.0 1.097 0.0
лозоватка.источник 0.0 2.0 0.0
опубликовано:10/03,17 0.0 2.0 0.0
скибин 0.0 2.0 0.0
крупный 0.0 0.523 0.0
скибиня 0.0 2.0 0.0
бровары 0.002 1.523 0.003
километр 0.0 1.046 0.0
опубликовано:10/03,13 0.0 2.0 0.0
бтр-82 0.0 2.0 0.0
опубликовано:10/03,12 0.0 2.0 0.0
09/03 0.002 2.0 0.004
приазовский 0.0 2.0 0.0
государственный 0.0 0.523 0.0
университета.источник 0.0 2.0 0.0
опубликовано:09/03,24 0.0 2.0 0.0
никольский 0.0 2.0 0.0
опубликовано:10/03,21.произошло:09/03 0.0 2.0 0.0
медучреждение 0.0 1.523 0.0
сильно 0.0 0.509 0.0
входить 0.0 1.0 0.0
временно 0.0 1.301 0.0
из-за 0.0 0.229 0.0
ремонт 0.0 1.398 0.0
также 0.0 0.237 0.0
родильный 0.0 1.699 0.0
отделение.источник 0.0 2.0 0.0
опубликовано:09/03,20 0.0 2.0 0.0
житомир 0.001 1.398 0.001
житомире.источник 0.0 2.0 0.0
опубликовано:09/03,19 0.0 2.0 0.0
мангуш 0.0 1.699 0.0
мангуш.источник 0.0 2.0 0.0
опубликовано:09/03,18 0.001 2.0 0.002
краматорск 0.0 1.699 0.0
спрятать 0.0 1.523 0.0
лес 0.0 1.301 0.0
вознесенск 0.0 2.0 0.0
николаевский 0.001 1.699 0.002
поезд 0.0 1.155 0.0
херсон.источник 0.0 2.0 0.0
занять 0.001 0.921 0.001
08/03 0.003 2.0 0.006
харьковский 0.0 1.523 0.0
обстрела.источник 0.0 2.0 0.0
опубликовано:08/03,21 0.0 2.0 0.0
новый 0.001 0.187 0.0
басаня 0.0 2.0 0.0
черниговский 0.001 2.0 0.002
снегиревка 0.0 2.0 0.0
начало 0.0 0.26 0.0
рог.источник 0.0 2.0 0.0
опубликовано:08/03,20 0.001 2.0 0.002
кандыбино 0.0 2.0 0.0
окрание 0.0 2.0 0.0
кандыбино.источник 0.0 2.0 0.0
полог 0.0 2.0 0.0
запорожский 0.001 1.301 0.001
остриё 0.0 2.0 0.0
наступления.источник 0.0 2.0 0.0
изоляционный 0.0 2.0 0.0
изовата 0.0 2.0 0.0
ныне 0.0 2.0 0.0
общежитие 0.0 1.523 0.0
мкр 0.0 2.0 0.0
корбутовка.источник 0.0 2.0 0.0
киевский 0.001 1.155 0.001
переезжать 0.0 1.523 0.0
понтонный 0.0 2.0 0.0
уж.источник 0.0 2.0 0.0
опубликовано:08/03,18 0.0 2.0 0.0
городской 0.0 1.046 0.0
совет 0.0 0.721 0.0
авиаударом.источник 0.0 2.0 0.0
сума 0.002 1.301 0.003
боестолкновение 0.0 2.0 0.0
откуда 0.0 1.046 0.0
начаться 0.0 0.367 0.0
эвакуация 0.0 1.301 0.0
опубликовано:08/03,17 0.0 2.0 0.0
белозерко 0.0 2.0 0.0
парашют 0.0 2.0 0.0
лётчик 0.0 1.699 0.0
катапультироваться 0.0 2.0 0.0
самолёт 0.002 1.097 0.002
принадлежность 0.001 1.523 0.002
опубликовано:08/03,16 0.0 2.0 0.0
камаз 0.0 2.0 0.0
макаров 0.001 1.523 0.002
трасса 0.001 1.398 0.001
киев-житомир.источник 0.0 2.0 0.0
опубликовано:08/03,13 0.0 2.0 0.0
богдановка 0.0 2.0 0.0
бронировать 0.0 2.0 0.0
двигаться 0.0 0.921 0.0
опубликовано:08/03,11 0.0 2.0 0.0
07/03 0.004 2.0 0.008
запас 0.0 1.523 0.0
бригада 0.001 1.222 0.001
бердянском.источник 0.0 2.0 0.0
опубликовано:07/03 0.0 2.0 0.0
артобстрел 0.0 2.0 0.0
опубликовано:07/03,9 0.0 2.0 0.0
луганск 0.0 2.0 0.0
луганске.источник 0.0 2.0 0.0
опубликовано:07/03,8 0.0 2.0 0.0
гостомель 0.002 2.0 0.004
ранить 0.0 1.398 0.0
чеченец 0.0 2.0 0.0
полка 0.0 1.398 0.0
росгвардия 0.002 1.699 0.003
гостомель.источник 0.001 2.0 0.002
опубликовано:07/03,6 0.0 2.0 0.0
донецка.источник 0.0 2.0 0.0
опубликовано:07/03,22 0.0 2.0 0.0
заворичать 0.0 2.0 0.0
опубликовано:07/03,20 0.001 2.0 0.002
васильков 0.0 1.523 0.0
пять 0.0 0.432 0.0
васильковый 0.0 2.0 0.0
чернях 0.0 2.0 0.0
нефтебаза 0.0 2.0 0.0
черняхов 0.0 2.0 0.0
житомирский 0.0 2.0 0.0
холодный 0.0 1.301 0.0
ярый 0.0 1.699 0.0
яре.источник 0.0 2.0 0.0
опубликовано:07/03,19 0.0 2.0 0.0
бомбардировка 0.0 1.398 0.0
опубликовано:07/03,18 0.0 2.0 0.0
бронепоезд 0.0 2.0 0.0
опубликовано:07/03,17 0.0 2.0 0.0
прилуки 0.0 1.699 0.0
заправщик 0.0 2.0 0.0
запускать 0.0 1.398 0.0
противотанковый 0.0 1.398 0.0
аэропорта.источник 0.0 2.0 0.0
опубликовано:08/03,16.произошло:07/03 0.0 2.0 0.0
опубликовано:07/03,15 0.0 2.0 0.0
упасть 0.0 0.77 0.0
зоопарке.источник 0.0 2.0 0.0
опубликовано:07/03,14 0.0 2.0 0.0
купянск 0.001 2.0 0.002
купянске.источник 0.0 2.0 0.0
опубликовано:07/03,13 0.0 2.0 0.0
06/03 0.003 2.0 0.006
200-й 0.0 2.0 0.0
мотострелковый 0.0 2.0 0.0
флот 0.0 1.699 0.0
харькова.источник 0.003 2.0 0.006
опубликовано:06/03,9 0.0 2.0 0.0
северодонецка.источник 0.0 2.0 0.0
опубликовано:07/03,22.произошло:06/03 0.0 2.0 0.0
поражать 0.0 1.699 0.0
бомбардировщик 0.0 2.0 0.0
су-34 0.001 2.0 0.002
опубликовано:06/03,19 0.0 2.0 0.0
винница 0.0 1.699 0.0
винницы.источник 0.0 2.0 0.0
опубликовано:06/03,15 0.0 2.0 0.0
старобельск 0.001 2.0 0.002
местный 0.001 0.602 0.001
житель 0.001 0.456 0.0
сорвать 0.0 2.0 0.0
сжечь 0.0 1.523 0.0
лнр.источник 0.001 2.0 0.002
тероборона 0.0 1.523 0.0
опубликовано:06/03,14 0.0 2.0 0.0
буксировать 0.0 2.0 0.0
гаубица 0.0 1.699 0.0
позиция 0.0 0.745 0.0
опубликовано:06/03,13 0.0 2.0 0.0
автобус 0.0 1.222 0.0
покинуть 0.0 0.745 0.0
город.источник 0.0 2.0 0.0
рсзый 0.001 2.0 0.002
смерч 0.001 2.0 0.002
опубликовано:06/03,12 0.0 2.0 0.0
опубликовано:06/03,11 0.0 2.0 0.0
опубликовано:06/03,10 0.0 2.0 0.0
салтовка 0.0 1.699 0.0
салтовке.источник 0.0 2.0 0.0
черниговый 0.001 2.0 0.002
опубликовано:07/03,0.произошло:06/03 0.0 2.0 0.0
05/03 0.002 2.0 0.004
снова 0.0 0.678 0.0
войти 0.001 1.155 0.001
опубликовано:05/03,18 0.001 2.0 0.002
новопсков 0.0 2.0 0.0
стрелять 0.0 1.0 0.0
энергодар.источник 0.0 2.0 0.0
белокуракин 0.0 2.0 0.0
протест 0.0 0.745 0.0
опубликовано:05/03,16 0.001 2.0 0.002
мелитополе.источник 0.001 2.0 0.002
херсоном.источник 0.001 2.0 0.002
ударный 0.0 1.699 0.0
опубликовано:05/03,13 0.0 2.0 0.0
04/03 0.002 2.0 0.004
восточный 0.0 1.046 0.0
опубликовано:04/03,9 0.0 2.0 0.0
перестрелка 0.001 1.523 0.002
аэс.источник 0.001 2.0 0.002
опубликовано:04/03,7 0.0 2.0 0.0
трудовой 0.0 1.699 0.0
северо-запад 0.0 1.699 0.0
опубликовано:04/03,19 0.0 2.0 0.0
опубликовано:04/03,18 0.0 2.0 0.0
гранитный 0.0 2.0 0.0
опубликовано:04/03,17 0.001 2.0 0.002
липец 0.0 2.0 0.0
киев-житомир 0.0 2.0 0.0
макарова.источник 0.0 2.0 0.0
бронеавтомбиль 0.0 2.0 0.0
территория 0.0 0.62 0.0
опубликовано:04/03,14 0.0 2.0 0.0
опубликовано:04/03,13 0.0 2.0 0.0
03/03 0.001 2.0 0.002
авиудара.источник 0.0 2.0 0.0
опубликовано:03/03,8 0.0 2.0 0.0
хатной 0.0 2.0 0.0
граница 0.001 0.658 0.001
россией.источник 0.0 2.0 0.0
опубликовано:03/03,15 0.0 2.0 0.0
чернигову.источник 0.0 2.0 0.0
опубликовано:03/03,14 0.0 2.0 0.0
московский 0.0 0.824 0.0
бобрик 0.0 2.0 0.0
бобрик.источник 0.0 2.0 0.0
опубликовано:03/03,12 0.0 2.0 0.0
02/03 0.004 2.0 0.008
разгонять 0.0 1.398 0.0
дымовой 0.0 2.0 0.0
гранат.источник 0.0 2.0 0.0
опубликовано:02/03,21 0.0 2.0 0.0
каменка-днепровский 0.0 2.0 0.0
запорожье.источник 0.001 2.0 0.002
опубликовано:02/03,20 0.0 2.0 0.0
барышёвка 0.0 2.0 0.0
борисполь.источник 0.0 2.0 0.0
опубликовано:02/03,19 0.0 2.0 0.0
опубликовано:02/03,18 0.0 2.0 0.0
местоположение 0.0 2.0 0.0
опубликовано:02/03,17 0.0 2.0 0.0
херсона.источник 0.002 2.0 0.004
опубликовано:02/03,15 0.0 2.0 0.0
ирпенить 0.0 1.523 0.0
опубликовано:02/03,14 0.0 2.0 0.0
шевченко 0.0 2.0 0.0
опубликовано:03/03,14.произошло:02/03 0.0 2.0 0.0
протсетовать 0.0 2.0 0.0
областной 0.0 1.699 0.0
администрацией.источник 0.0 2.0 0.0
опубликовано:02/03,13 0.0 2.0 0.0
пропускать 0.0 1.699 0.0
старобельске.источник 0.0 2.0 0.0
въезд 0.0 1.222 0.0
заблокировать 0.0 0.553 0.0
жителями.источник 0.0 2.0 0.0
опубликовано:02/03,12 0.001 2.0 0.002
конотоп 0.0 1.699 0.0
сумский 0.002 1.699 0.003
встречать 0.0 1.222 0.0
делегация 0.0 1.398 0.0
приехать 0.0 0.854 0.0
предъявить 0.0 1.523 0.0
требование 0.0 0.066 0.0
сдача 0.0 2.0 0.0
старый 0.0 0.658 0.0
крым 0.001 0.854 0.001
замкнуться 0.0 2.0 0.0
кольцо 0.0 1.222 0.0
окружение 0.0 1.222 0.0
столкновение 0.0 1.523 0.0
сбу 0.0 1.699 0.0
херсоне.источник 0.001 2.0 0.002
опубликовано:02/03,11 0.0 2.0 0.0
балаклея 0.0 1.699 0.0
проходить 0.0 0.495 0.0
балаклее.источник 0.0 2.0 0.0
опубликовано:02/03,10 0.0 2.0 0.0
изюм.источник 0.0 2.0 0.0
опубликовано:02/03,0 0.0 2.0 0.0
житомере.источник 0.0 2.0 0.0
опубликовано:03/03,0.произошло:02/03 0.0 2.0 0.0
01/03 0.005 2.0 0.01
бородянка 0.001 1.699 0.002
оператор 0.0 1.523 0.0
опубликовано:01/03 0.0 2.0 0.0
оперативно-тактический 0.001 2.0 0.002
опубликовано:01/03,9 0.0 2.0 0.0
опубликовано:01/03,8 0.0 2.0 0.0
залютин 0.0 2.0 0.0
залютино.источник 0.0 2.0 0.0
опубликовано:01/03,4 0.0 2.0 0.0
чемодановка 0.0 2.0 0.0
опубликовано:01/03,3 0.0 2.0 0.0
опубликовано:08/03,21.произошло:01/03 0.0 2.0 0.0
опубликовано:01/03,20 0.0 2.0 0.0
чугуев 0.0 2.0 0.0
мощный 0.0 1.046 0.0
чугуеве.источник 0.0 2.0 0.0
погибший 0.0 2.0 0.0
бабий 0.0 1.699 0.0
яру.источник 0.0 2.0 0.0
опубликовано:01/03,19 0.0 2.0 0.0
телебашня 0.0 2.0 0.0
яр 0.0 2.0 0.0
транспортно-подъёмный 0.0 2.0 0.0
оборудование 0.0 1.222 0.0
подъезд 0.0 1.523 0.0
больница 0.0 0.495 0.0
рядом.источник 0.0 2.0 0.0
опубликовано:01/03,15 0.001 2.0 0.002
машина 0.0 0.921 0.0
артиллерией.источник 0.0 2.0 0.0
делать 0.0 0.18 0.0
предупреждать 0.0 1.398 0.0
украинцев.источник 0.0 2.0 0.0
старобельск.источник 0.0 2.0 0.0
опубликовано:01/03,14 0.001 2.0 0.002
митинг 0.0 1.0 0.0
украинец 0.0 0.796 0.0
бородянка.источник 0.0 2.0 0.0
опубликовано:01/03,13 0.0 2.0 0.0
военнослужащих.источник 0.0 2.0 0.0
коблевый 0.0 2.0 0.0
тунгуска 0.0 2.0 0.0
опубликовано:02/03,12.произошло:01/03 0.0 2.0 0.0
арестовывать 0.0 2.0 0.0
опубликовано:01/03,11 0.0 2.0 0.0
донецке.источник 0.0 2.0 0.0
опубликовано:02/03,11.произошло:01/03 0.0 2.0 0.0
опубликовано:01/03,10 0.0 2.0 0.0
многоэтажка.источник 0.0 2.0 0.0
буча 0.001 1.398 0.001
российская.источник 0.0 2.0 0.0
опубликовано:01/03,0 0.0 2.0 0.0
28/02 0.004 2.0 0.008
опубликовано:28/02 0.001 2.0 0.002
мартыновка 0.0 2.0 0.0
полтавский 0.0 2.0 0.0
дагестан 0.0 1.699 0.0
занятой 0.0 1.301 0.0
накануне 0.0 1.046 0.0
толпа 0.0 1.301 0.0
протестущий 0.0 2.0 0.0
охватить 0.0 1.699 0.0
подойти 0.0 1.097 0.0
н.д.произошло:28/02 0.0 2.0 0.0
батальон 0.0 1.398 0.0
управление 0.0 0.824 0.0
обеспечение 0.0 1.046 0.0
опубликовано:28/02,21 0.0 2.0 0.0
талаковка 0.0 2.0 0.0
снимать 0.0 0.824 0.0
опубликовано:28/02,18 0.0 2.0 0.0
опубликовано:28/02,17 0.001 2.0 0.002
лебединый 0.0 2.0 0.0
установить 0.0 0.721 0.0
баррикада 0.0 1.699 0.0
стоить 0.0 0.469 0.0
вдалеке.источник 0.0 2.0 0.0
гнутовый 0.0 2.0 0.0
гнутово.источник 0.0 2.0 0.0
опубликовано:28/02,16 0.0 2.0 0.0
иванков 0.001 2.0 0.002
направление 0.0 0.886 0.0
иванковке.источник 0.0 2.0 0.0
опубликовано:28/02,15 0.001 2.0 0.002
донецку.источник 0.0 2.0 0.0
счастие 0.0 1.523 0.0
бронеавтомбить 0.0 2.0 0.0
айдар 0.0 1.699 0.0
луганском.источник 0.0 2.0 0.0
опубликовано:28/02,13 0.0 2.0 0.0
возможно 0.0 0.398 0.0
опубликовано:28/02,12 0.0 2.0 0.0
опубликовано:28/02,11 0.0 2.0 0.0
27/02 0.006 2.0 0.012
сау 0.0 2.0 0.0
завязнуть 0.0 2.0 0.0
поле 0.0 1.155 0.0
опубликовано:27/02 0.0 2.0 0.0
пятидуб 0.0 2.0 0.0
бук 0.0 1.699 0.0
байрактар 0.0 2.0 0.0
экран 0.0 1.155 0.0
аппарата.источник 0.0 2.0 0.0
н.д.произошло:27/02 0.0 2.0 0.0
украиснкай 0.0 2.0 0.0
опубликовано:27/02,8 0.0 2.0 0.0
берестейский 0.0 2.0 0.0
киев.источник 0.0 2.0 0.0
опубликовано:27/02,24 0.0 2.0 0.0
полицейский 0.0 1.046 0.0
отделение 0.0 1.046 0.0
опубликовано:27/02,21 0.0 2.0 0.0
днепропрудный 0.0 2.0 0.0
остановить 0.0 0.523 0.0
т-90.источник 0.0 2.0 0.0
опубликовано:27/02,19 0.0 2.0 0.0
житомиром.источник 0.0 2.0 0.0
опубликовано:27/02,18 0.0 2.0 0.0
каховка 0.001 2.0 0.002
вдв 0.0 2.0 0.0
опубликовано:27/02,16 0.0 2.0 0.0
ми-35 0.0 2.0 0.0
февраля.источник 0.0 2.0 0.0
опубликовано:28/02,16.произошло:27/02 0.0 2.0 0.0
транспортный 0.0 1.699 0.0
завода.источник 0.0 2.0 0.0
опубликовано:27/02,15 0.001 2.0 0.002
ирпена 0.0 1.398 0.0
бой.источник 0.0 2.0 0.0
российскаять 0.0 2.0 0.0
харьеовский 0.0 2.0 0.0
право 0.001 0.538 0.001
берег 0.001 1.523 0.002
днепра.источник 0.001 2.0 0.002
обходить 0.0 1.699 0.0
запада.источник 0.0 2.0 0.0
опубликовано:27/02,14 0.001 2.0 0.002
блок-пост 0.0 2.0 0.0
сумы.источник 0.0 2.0 0.0
опубликовано:27/02,13 0.0 2.0 0.0
лозовая 0.0 1.699 0.0
вместе 0.0 0.602 0.0
бронеемашин 0.0 2.0 0.0
частный 0.0 0.824 0.0
автомобилем.источник 0.0 2.0 0.0
брошеный 0.0 2.0 0.0
опубликовано:27/02,12 0.0 2.0 0.0
украинскиесолдат 0.0 2.0 0.0
россйский 0.0 2.0 0.0
спецназ 0.0 1.699 0.0
опубликовано:27/02,11 0.001 2.0 0.002
автомобиль 0.0 1.301 0.0
патрулровать 0.0 2.0 0.0
совместно 0.0 1.301 0.0
полицией.источник 0.0 2.0 0.0
вертролет 0.0 2.0 0.0
атаковать 0.0 1.046 0.0
бучи.источник 0.0 2.0 0.0
сгореть 0.0 1.699 0.0
установка 0.0 1.398 0.0
николаеве.источник 0.001 2.0 0.002
юрковца 0.0 2.0 0.0
танков.источник 0.0 2.0 0.0
николаева.источник 0.001 2.0 0.002
охинька 0.0 2.0 0.0
приближаться 0.0 1.155 0.0
опубликовано:27/02,10 0.0 2.0 0.0
26/02 0.009 2.0 0.018
опубликовано:26/02 0.001 2.0 0.002
сага 0.0 2.0 0.0
зенитный 0.0 2.0 0.0
опубликовано:26/02,9 0.0 2.0 0.0
мо 0.0 2.0 0.0
выпустить 0.0 0.699 0.0
опубликовано:26/02,8 0.0 2.0 0.0
опубликовано:26/02,24 0.0 2.0 0.0
ровеньки 0.0 2.0 0.0
опубликовано:26/02,23 0.0 2.0 0.0
опубликовано:26/02,21 0.0 2.0 0.0
октябрьский 0.0 2.0 0.0
белгородский 0.0 1.699 0.0
опубликовано:26/02,20 0.0 2.0 0.0
рада.источник 0.0 2.0 0.0
опубликовано:26/02,19 0.0 2.0 0.0
недригайл 0.0 2.0 0.0
задокументированный 0.0 2.0 0.0
применение 0.0 0.721 0.0
коктейль 0.0 1.523 0.0
молотов 0.0 1.699 0.0
опубликовано:26/02,18 0.001 2.0 0.002
гранатомёт 0.0 1.699 0.0
nlaw 0.0 2.0 0.0
кадыровца 0.0 2.0 0.0
полк 0.0 2.0 0.0
росгвадрдия 0.0 2.0 0.0
4-1 0.0 2.0 0.0
нацгвардия 0.0 1.699 0.0
гостомеле.источник 0.0 2.0 0.0
токмак 0.0 2.0 0.0
танковый 0.0 1.301 0.0
здвижевка 0.0 2.0 0.0
сотня 0.0 0.721 0.0
стоарогнатовка 0.0 2.0 0.0
старогнатовка 0.0 2.0 0.0
опубликовано:26/02,17 0.002 2.0 0.004
донский 0.0 2.0 0.0
перерезана.источник 0.0 2.0 0.0
окружный 0.0 1.398 0.0
бронеавтомобиль 0.0 2.0 0.0
humvee.источник 0.0 2.0 0.0
эрегодар 0.0 2.0 0.0
подступ 0.0 1.699 0.0
энергодару.источник 0.0 2.0 0.0
утвреждаться 0.0 2.0 0.0
рсзо.источник 0.0 2.0 0.0
бмп-1 0.0 2.0 0.0
сумах.источник 0.001 2.0 0.002
прорываться 0.0 1.523 0.0
опубликовано:26/02,16 0.001 2.0 0.002
бахмач 0.0 2.0 0.0
безуспешно 0.0 1.398 0.0
пытаться 0.0 0.409 0.0
танки.источник 0.0 2.0 0.0
юг 0.001 1.301 0.001
запорожья.источник 0.0 2.0 0.0
известна.источник 0.0 2.0 0.0
российсие 0.0 2.0 0.0
выйти 0.0 0.456 0.0
воядной 0.0 2.0 0.0
распологаться 0.0 2.0 0.0
опубликовано:26/02,15 0.0 2.0 0.0
михайловка 0.0 2.0 0.0
зрк 0.0 2.0 0.0
панцирь 0.0 2.0 0.0
опубликовано:26/02,14 0.001 2.0 0.002
каховский 0.0 2.0 0.0
водохранилище 0.0 1.699 0.0
патрулировать 0.0 2.0 0.0
мелитополя.источник 0.001 2.0 0.002
опубликовано:26/02,13 0.0 2.0 0.0
инверсионный 0.0 2.0 0.0
след 0.0 1.398 0.0
вероятный 0.0 1.155 0.0
васильковым.источник 0.0 2.0 0.0
опубликовано:26/02,12 0.001 2.0 0.002
голый 0.0 1.523 0.0
пристать 0.0 2.0 0.0
инженерный 0.0 2.0 0.0
сборная 0.0 1.699 0.0
левый 0.0 1.301 0.0
волхов 0.0 2.0 0.0
марш 0.0 1.398 0.0
южный 0.0 0.854 0.0
олешек 0.001 2.0 0.002
разитая 0.0 2.0 0.0
мста-б 0.0 2.0 0.0
опубликовано:26/02,11 0.001 2.0 0.002
станица 0.0 2.0 0.0
человек 0.0 0.092 0.0
вывеска 0.0 1.699 0.0
административный 0.0 1.222 0.0
луганской.источник 0.0 2.0 0.0
снимка 0.0 1.699 0.0
25/02 0.007 2.0 0.014
опубликовано:25/02,9 0.001 2.0 0.002
миллерово 0.0 2.0 0.0
баллистический 0.0 2.0 0.0
миллерово.источник 0.0 2.0 0.0
дымера 0.0 2.0 0.0
су-27 0.0 2.0 0.0
опубликовано:25/02,6 0.0 2.0 0.0
миргород 0.0 2.0 0.0
опубликовано:25/02,22 0.0 2.0 0.0
староконстантин 0.0 2.0 0.0
старконстантинов 0.0 2.0 0.0
хмельницкий 0.0 2.0 0.0
орудие 0.0 2.0 0.0
опасаться 0.0 1.046 0.0
вертолётный 0.0 1.699 0.0
десанта.источник 0.0 2.0 0.0
опубликовано:25/02,20 0.001 2.0 0.002
топливный 0.0 1.699 0.0
терминал 0.0 1.699 0.0
стартегический 0.0 2.0 0.0
резерв 0.0 1.222 0.0
высадка 0.0 1.699 0.0
вокруг 0.0 0.721 0.0
онкологический 0.0 1.222 0.0
опубликовано:25/02,19 0.0 2.0 0.0
опубликовано:25/02,18 0.0 2.0 0.0
продвигаться 0.0 1.699 0.0
вдоль 0.0 2.0 0.0
азовский 0.0 1.699 0.0
море 0.0 1.699 0.0
бердянск.источник 0.0 2.0 0.0
опубликовано:25/02,17 0.001 2.0 0.002
обалсть.источник 0.0 2.0 0.0
подкрепления.источник 0.0 2.0 0.0
предположитеьный 0.0 2.0 0.0
опубликовано:25/02,16 0.0 2.0 0.0
насаление 0.0 2.0 0.0
опубликовано:25/02,14 0.0 2.0 0.0
т-64 0.0 2.0 0.0
вышгород 0.0 1.699 0.0
вышгороде.источник 0.0 2.0 0.0
опубликовано:25/02,13 0.0 2.0 0.0
хвостовик 0.0 2.0 0.0
млрс 0.0 2.0 0.0
опубликовано:25/02,12 0.001 2.0 0.002
мелитополем.источник 0.0 2.0 0.0
оболонь 0.001 2.0 0.002
опубликовано:25/02,11 0.0 2.0 0.0
опубликовано:25/02,10 0.001 2.0 0.002
десантник 0.0 1.523 0.0
каховке.источник 0.0 2.0 0.0
24/02 0.01 2.0 0.02
гостомеля.источник 0.0 2.0 0.0
опубликовано:24/02 0.002 2.0 0.004
рактный 0.0 2.0 0.0
ивано-франковску.источник 0.0 2.0 0.0
волчанск 0.0 2.0 0.0
волчанске.источник 0.0 2.0 0.0
украинка 0.0 1.398 0.0
трипольский 0.0 2.0 0.0
тэц 0.0 2.0 0.0
мелитополю.источник 0.0 2.0 0.0
чаэс 0.0 1.699 0.0
чернобыльский 0.0 1.155 0.0
атомный 0.0 1.699 0.0
станции.источник 0.0 2.0 0.0
луцка.источник 0.0 2.0 0.0
очаков 0.0 2.0 0.0
очакове.источник 0.0 2.0 0.0
опубликовано:24/02,9 0.001 2.0 0.002
чугуеву.источник 0.0 2.0 0.0
перекоп 0.0 2.0 0.0
переходить 0.0 1.046 0.0
перекопе.источник 0.0 2.0 0.0
аропорту 0.0 2.0 0.0
опубликовано:24/02,8 0.001 2.0 0.002
сеньковка 0.0 2.0 0.0
сеньковки.источник 0.0 2.0 0.0
сумам.источник 0.0 2.0 0.0
опубликовано:24/02,7 0.001 2.0 0.002
краматорску.источник 0.0 2.0 0.0
достигнуть 0.0 0.824 0.0
опубликовано:24/02,24 0.0 2.0 0.0
контратака 0.0 2.0 0.0
опубликовано:24/02,23 0.0 2.0 0.0
опубликовано:24/02,22 0.0 2.0 0.0
отбросить 0.0 2.0 0.0
кольцевой 0.0 2.0 0.0
опубликовано:24/02,18 0.001 2.0 0.002
опубликовано:24/02,17 0.001 2.0 0.002
дачный 0.0 2.0 0.0
пер 0.0 1.699 0.0
ахтырку.источник 0.0 2.0 0.0
переправляться 0.0 2.0 0.0
антоновский 0.0 2.0 0.0
бурынь 0.0 2.0 0.0
росскай 0.0 2.0 0.0
опубликовано:24/02,16 0.001 2.0 0.002
алёшка 0.0 2.0 0.0
колонный 0.0 2.0 0.0
геническ 0.0 2.0 0.0
геническе.источник 0.0 2.0 0.0
м2 0.0 2.0 0.0
опубликовано:24/02,15 0.001 2.0 0.002
пленный 0.0 1.699 0.0
высаживать 0.0 2.0 0.0
опубликовано:24/02,14 0.001 2.0 0.002
летатательный 0.0 2.0 0.0
аппарат 0.0 1.097 0.0
вроятный 0.0 2.0 0.0
захват 0.0 1.699 0.0
переправа 0.0 2.0 0.0
днепр.источник 0.0 2.0 0.0
опубликовано:24/02,13 0.001 2.0 0.002
каланчак 0.0 2.0 0.0
каланчаке.источник 0.0 2.0 0.0
промышленный 0.0 1.523 0.0
одессе.источник 0.0 2.0 0.0
опубликовано:24/02,12 0.0 2.0 0.0
опубликовано:24/02,11 0.0 2.0 0.0
опубликовано:24/02,10 0.001 2.0 0.002
виннице.источник 0.0 2.0 0.0
кодекс 0.0 0.066 0.0
блог 0.0 0.066 0.0
meduzacare 0.0 0.066 0.0
связаться 0.0 0.066 0.0
анонимно 0.0 0.066 0.0
платформа 0.0 0.066 0.0
ios 0.0 0.066 0.0
android 0.0 0.066 0.0
инстаграм 0.0 0.066 0.0
twitter 0.0 0.0 0.0
facebook 0.0 0.0 0.0
вконтакте 0.0 0.066 0.0
youtube 0.0 0.06 0.0
– 0.0 0.06 0.0
live 0.0 0.022 0.0
вечерний 0.0 0.066 0.0
вообще 0.0 0.066 0.0
реклама 0.0 0.066 0.0
баннер 0.0 0.066 0.0
безопасно 0.0 0.066 0.0
персональный 0.0 0.066 0.0
правило 0.0 0.066 0.0
обработка 0.0 0.066 0.0
использование 0.0 0.066 0.0
кук 0.0 0.066 0.0
наслать 0.0 0.066 0.0
выделить 0.0 0.066 0.0
ctrl+enter 0.0 0.066 0.0
спасибоgiphyз 0.0 0.066 0.0
гифка 0.0 0.066 0.0
© 0.0 0.0 0.0
