перейти 0.0 0.066 0.0
материал 0.0 0.066 0.0
связь 0.0 0.0 0.0
новостиисторииразборшапитокоронавирусмагаз 0.0 0.066 0.0
медуза 0.006 0.066 0.0
рекламаmeduza 0.0 0.066 0.0
in 0.0 0.0 0.0
english 0.0 0.06 0.0
показывать 0.0 0.066 0.0
порядок 0.0 0.066 0.0
en 0.0 0.066 0.0
кнопка 0.0 0.066 0.0
поддержка 0.0 0.066 0.0
разбор 0.0 0.387 0.0
эпиваккорона 0.008 0.959 0.008
вредный 0.0 1.222 0.0
пустышка 0.0 1.222 0.0
регистрация 0.002 0.854 0.002
который 0.012 0.071 0.001
должный 0.002 0.201 0.0
отозвать 0.0 1.155 0.0
независимый 0.001 0.409 0.0
исследование 0.016 0.42 0.007
европейский 0.001 0.602 0.001
университет 0.001 0.721 0.001
установить 0.0 0.721 0.0
отрицательный 0.0 1.046 0.0
эффективность 0.017 0.538 0.009
январь 0.001 0.824 0.001
источник 0.002 0.167 0.0
meduza 0.001 0.0 0.0
данный 0.0 0.097 0.0
сообщение 0.001 0.102 0.0
создать 0.0 0.097 0.0
распространить 0.0 0.102 0.0
иностранный 0.0 0.097 0.0
средство 0.0 0.097 0.0
массовый 0.001 0.097 0.0
информация 0.003 0.102 0.0
выполнять 0.0 0.097 0.0
функция 0.0 0.097 0.0
агент 0.0 0.097 0.0
российский 0.002 0.071 0.0
юридический 0.0 0.102 0.0
лицо 0.0 0.086 0.0
мы 0.002 0.066 0.0
нужный 0.001 0.086 0.0
ваш 0.0 0.081 0.0
помощь 0.0 0.071 0.0
пожалуйста 0.0 0.102 0.0
поддержать 0.0 0.066 0.0
производство 0.001 0.658 0.001
завод 0.0 0.959 0.0
оболенск 0.0 2.0 0.0
октябрь 0.0 0.796 0.0
год 0.003 0.119 0.0
эмин 0.0 2.0 0.0
джафар 0.0 2.0 0.0
коммерсантъ 0.0 1.523 0.0
несмотря 0.001 0.456 0.0
минздрав 0.002 0.678 0.001
россия 0.005 0.108 0.001
отказаться 0.0 0.62 0.0
закупка 0.0 1.301 0.0
вакцина 0.021 0.538 0.011
производитель 0.001 0.796 0.001
настроить 0.0 1.0 0.0
оптимистично 0.0 1.699 0.0
ждать 0.0 0.481 0.0
очередной 0.0 0.796 0.0
заказ 0.0 1.301 0.0
февраль 0.0 0.337 0.0
учёный 0.002 0.569 0.001
также 0.002 0.237 0.0
журналист 0.0 0.481 0.0
получить 0.004 0.328 0.001
убедительный 0.0 1.398 0.0
доказательство 0.0 0.824 0.0
этот 0.003 0.137 0.0
неэффективный 0.0 1.301 0.0
создавать 0.0 0.796 0.0
привить 0.002 0.678 0.001
человек 0.007 0.092 0.001
совершенно 0.001 0.678 0.001
ложный 0.0 1.398 0.0
чувство 0.0 1.155 0.0
безопасность 0.0 0.387 0.0
отличие 0.001 0.699 0.001
спутник 0.009000000000000001 0.678 0.006
v 0.004 0.699 0.003
точно 0.0 0.481 0.0
защищать 0.0 0.585 0.0
тяжёлый 0.001 0.377 0.0
течение 0.002 0.638 0.001
ковид 0.001 0.387 0.0
рассказывать 0.0 0.337 0.0
два 0.0 0.26 0.0
позволить 0.0 0.62 0.0
прийти 0.0 0.658 0.0
такой 0.004 0.114 0.0
вывод 0.002 0.886 0.002
пептидный 0.0 1.398 0.0
против 0.002 0.229 0.0
covid-19 0.0 0.77 0.0
центр 0.0 0.432 0.0
вектор 0.0 1.222 0.0
роспотребнадзор 0.0 1.301 0.0
зарегистрировать 0.0 0.602 0.0
проведение 0.001 0.921 0.001
клинический 0.002 0.721 0.001
насколько 0.001 0.42 0.0
обеспечивать 0.0 0.824 0.0
защита 0.0 0.569 0.0
сей 0.002 0.456 0.001
пора 0.002 0.357 0.001
ясно 0.0 0.886 0.0
принимать 0.0 0.432 0.0
внимание 0.0 0.523 0.0
дать 0.011 0.066 0.001
соответствующиеисследование 0.0 2.0 0.0
начать 0.0 0.276 0.0
конец 0.001 0.444 0.0
2020-го 0.0 1.097 0.0
результат 0.005 0.367 0.002
научный 0.0 0.658 0.0
печать 0.0 1.398 0.0
где-либо 0.0 2.0 0.0
единственный 0.0 0.481 0.0
статья 0.0 0.553 0.0
разработчик 0.001 0.77 0.001
применение 0.002 0.721 0.001
хомяк 0.0 1.699 0.0
опубликовать 0.0 0.509 0.0
журнал 0.0 0.77 0.0
инфекция 0.001 0.569 0.001
иммунитет 0.004 0.77 0.003
издаваться 0.0 1.699 0.0
структура 0.0 0.745 0.0
сам 0.002 0.137 0.0
привести 0.0 0.456 0.0
иммуногенность 0.0 1.301 0.0
способность 0.001 0.77 0.001
стимулировать 0.0 1.301 0.0
выработка 0.0 1.155 0.0
антитело 0.001 0.77 0.001
однако 0.004 0.337 0.001
косвенный 0.0 1.155 0.0
сведение 0.001 1.046 0.001
содержать 0.0 0.745 0.0
множество 0.001 0.796 0.001
методический 0.0 1.222 0.0
провал 0.0 1.699 0.0
прямо 0.0 0.357 0.0
противоречить 0.0 1.155 0.0
аналогичный 0.001 0.959 0.001
сыворотка 0.0 1.0 0.0
кровь 0.001 0.77 0.001
вакцинировать 0.013000000000000001 0.602 0.008
провести 0.001 0.538 0.001
доброволец 0.001 0.854 0.001
каков 0.0 1.155 0.0
реальный 0.0 0.638 0.0
эпидемический 0.0 1.523 0.0
оставаться 0.0 0.387 0.0
догадываться 0.0 1.523 0.0
препарат 0.004 0.585 0.002
активно 0.0 0.77 0.0
производиться 0.001 1.155 0.001
применяться 0.0 1.046 0.0
особенно 0.0 0.553 0.0
предел 0.0 0.959 0.0
москва 0.01 0.523 0.005
удаться 0.002 0.456 0.001
самостоятельно 0.0 1.097 0.0
проанализировать 0.0 1.222 0.0
другой 0.005 0.097 0.0
основа 0.002 0.678 0.001
данные 0.008 0.31 0.002
заболеваемость 0.006 0.796 0.005
лето 0.001 1.046 0.001
подтверждать 0.0 1.097 0.0
многие 0.0 0.284 0.0
никто 0.0 0.432 0.0
мочь 0.003 0.102 0.0
статистически 0.0 1.301 0.0
доказать 0.0 0.886 0.0
отношение 0.002 0.509 0.001
давать 0.001 0.31 0.0
ощущение 0.0 1.097 0.0
самый 0.001 0.208 0.0
бо́льшуя 0.0 1.699 0.0
сделать 0.002 0.208 0.0
иметь 0.0 0.337 0.0
доступ 0.0 0.796 0.0
московский 0.001 0.824 0.001
система 0.002 0.398 0.001
мониторинг 0.001 1.155 0.001
фиксироваться 0.0 1.301 0.0
среди 0.004 0.42 0.002
прочее 0.0 1.222 0.0
разбивка 0.0 1.699 0.0
заболеть 0.007 0.585 0.004
статус 0.0 1.155 0.0
вакцинация 0.007 0.553 0.004
один 0.0 0.119 0.0
доза 0.0 0.721 0.0
использовать 0.001 0.319 0.0
анализ 0.006 0.721 0.004
посвятить 0.0 1.097 0.0
отдельный 0.0 0.678 0.0
рукопись 0.0 1.523 0.0
публиковаться 0.0 1.398 0.0
одновременно 0.001 0.796 0.001
наш 0.005 0.337 0.002
расчёт 0.005 1.301 0.007
полностью 0.001 0.538 0.001
открыть 0.0 0.538 0.0
выложить 0.0 1.046 0.0
github 0.0 2.0 0.0
хотя 0.001 0.276 0.0
редакция 0.0 0.066 0.0
уверить 0.0 0.959 0.0
свой 0.0 0.143 0.0
абсолютно 0.0 0.721 0.0
убедить 0.0 1.097 0.0
достоверность 0.0 1.523 0.0
предоставить 0.0 1.046 0.0
поскольку 0.0 0.678 0.0
подтверждение 0.0 1.301 0.0
это 0.008 0.066 0.001
иной 0.0 0.921 0.0
форма 0.0 0.62 0.0
санкт-петербург 0.0 1.301 0.0
группа 0.015 0.387 0.006
руководство 0.0 0.796 0.0
антон 0.001 1.155 0.001
барчук 0.001 2.0 0.002
собственный 0.0 0.569 0.0
методологически 0.0 2.0 0.0
существенно 0.001 0.721 0.001
отличаться 0.001 0.553 0.001
участвовать 0.0 0.569 0.0
планирование 0.0 1.398 0.0
обсуждение 0.0 1.301 0.0
работа 0.002 0.357 0.001
подтвердить 0.0 0.678 0.0
получаться 0.0 0.824 0.0
фон 0.0 0.745 0.0
рекордный 0.0 1.097 0.0
публиковать 0.0 0.638 0.0
качество 0.001 0.553 0.001
вызывать 0.0 0.523 0.0
сомнение 0.0 0.959 0.0
целый 0.0 0.658 0.0
набор 0.0 0.959 0.0
признак 0.0 0.959 0.0
ключевой 0.0 0.886 0.0
совпадать 0.0 1.222 0.0
известно 0.001 0.481 0.0
общий 0.001 0.444 0.0
консенсус 0.0 1.398 0.0
сравнительный 0.0 1.523 0.0
разный 0.006 0.276 0.002
возрастной 0.005 1.301 0.007
фальсификация 0.0 1.523 0.0
потребоваться 0.0 0.921 0.0
знание 0.0 1.222 0.0
эпидемиология 0.0 1.222 0.0
обладание 0.0 2.0 0.0
точный 0.0 1.0 0.0
статистика 0.001 0.921 0.001
зарубежный 0.0 0.886 0.0
экспорт 0.0 1.398 0.0
поставляться 0.0 1.523 0.0
декабрь 0.001 0.745 0.001
2021-го 0.0 1.155 0.0
исполниться 0.0 1.523 0.0
ровно 0.0 1.222 0.0
начало 0.002 0.26 0.001
кампания 0.001 0.699 0.001
практически 0.0 0.602 0.0
начаться 0.0 0.367 0.0
мировой 0.0 0.721 0.0
прививочный 0.0 1.046 0.0
сначала 0.0 0.602 0.0
великобритания 0.001 0.699 0.001
сша 0.001 0.469 0.0
израиль 0.0 0.921 0.0
затем 0.001 0.678 0.001
страна 0.002 0.155 0.0
первый 0.0 0.143 0.0
стать 0.001 0.149 0.0
мир 0.0 0.26 0.0
настоящий 0.0 0.585 0.0
момент 0.003 0.387 0.001
pfizer/biontech 0.0 1.046 0.0
евросоюз 0.0 0.886 0.0
суммарно 0.0 1.523 0.0
около 0.001 0.432 0.0
миллион 0.0 0.495 0.0
компания 0.0 0.444 0.0
собираться 0.0 0.602 0.0
произвести 0.0 1.398 0.0
2021-м 0.0 1.523 0.0
миллиард 0.0 1.046 0.0
период 0.001 0.678 0.001
проводиться 0.001 0.854 0.001
национальный 0.0 0.77 0.0
примерно 0.001 0.585 0.001
повсеместно 0.0 1.699 0.0
объём 0.0 1.0 0.0
касаться 0.0 0.553 0.0
несопоставимый 0.0 2.0 0.0
открытый 0.0 0.886 0.0
иметься 0.0 0.77 0.0
вид 0.0 0.398 0.0
далеко 0.0 0.745 0.0
технический 0.0 0.959 0.0
вещь 0.0 0.62 0.0
протокол 0.0 1.0 0.0
экспертиза 0.0 1.155 0.0
речь 0.001 0.398 0.0
идти 0.0 0.222 0.0
гораздо 0.0 0.699 0.0
важный 0.0 0.284 0.0
вопрос 0.002 0.276 0.001
эффективный 0.0 0.553 0.0
измениться 0.0 0.745 0.0
приход 0.0 1.222 0.0
вариант 0.002 0.481 0.001
дельта 0.002 0.854 0.002
омикрон 0.001 0.921 0.001
завершение 0.0 1.097 0.0
лёгкий 0.0 0.638 0.0
заболевание 0.002 0.481 0.001
бессимптомный 0.0 1.301 0.0
смертность 0.001 1.046 0.001
долго 0.0 0.745 0.0
сохраняться 0.0 1.301 0.0
вакцинный 0.0 1.097 0.0
влиять 0.0 0.886 0.0
длительность 0.0 2.0 0.0
возраст 0.002 0.658 0.001
бустерный 0.001 1.398 0.001
июль 0.001 0.959 0.001
всё-таки 0.0 0.553 0.0
произойти 0.0 0.638 0.0
эпидемиологический 0.0 1.0 0.0
называть 0.0 0.432 0.0
знать 0.002 0.244 0.0
ответ 0.001 0.432 0.0
очень 0.001 0.149 0.0
сложно 0.0 0.538 0.0
западный 0.0 0.553 0.0
соответствующий 0.0 1.301 0.0
найти 0.0 0.456 0.0
ход 0.001 0.796 0.001
ретроспективный 0.0 1.523 0.0
анализироваться 0.0 1.699 0.0
прививка 0.001 0.602 0.001
проходить 0.0 0.495 0.0
медучреждение 0.0 1.523 0.0
регион 0.0 0.638 0.0
сопоставляться 0.0 2.0 0.0
реестр 0.001 1.155 0.001
дополнительно 0.001 1.398 0.001
перепроверяться 0.0 2.0 0.0
образ 0.001 0.553 0.001
становиться 0.0 0.553 0.0
понятный 0.0 0.959 0.0
условие 0.001 0.495 0.0
рандомизация 0.0 1.699 0.0
ослепление 0.0 2.0 0.0
падать 0.0 0.824 0.0
время 0.004 0.086 0.0
смена 0.0 1.046 0.0
исходный 0.0 1.398 0.0
sars-cov-2 0.0 0.824 0.0
приходить 0.0 0.824 0.0
новый 0.0 0.187 0.0
например 0.002 0.229 0.0
именно 0.002 0.244 0.0
благодаря 0.0 0.77 0.0
подобный 0.001 0.721 0.001
впервые 0.0 0.824 0.0
конечный 0.0 1.0 0.0
точка 0.0 0.444 0.0
большинство 0.0 0.509 0.0
смерть 0.0 0.553 0.0
измерить 0.0 1.046 0.0
параметр 0.001 0.959 0.001
попросту 0.0 1.301 0.0
невозможно 0.002 0.602 0.001
из-за 0.0 0.229 0.0
редкость 0.0 1.398 0.0
исход 0.001 0.921 0.001
частота 0.0 0.959 0.0
понадобиться 0.0 1.301 0.0
десятка 0.0 0.721 0.0
сотня 0.0 0.721 0.0
тысяча 0.0 0.31 0.0
участник 0.0 0.658 0.0
обнаружить 0.0 0.658 0.0
распространение 0.0 0.523 0.0
вирус 0.0 0.538 0.0
просто 0.0 0.194 0.0
лишь 0.002 0.481 0.001
несколько 0.001 0.187 0.0
пример 0.0 0.585 0.0
англия 0.0 1.398 0.0
шотландия 0.0 1.699 0.0
обзор 0.0 1.046 0.0
uptodate 0.0 1.523 0.0
последний 0.0 0.284 0.0
юар 0.0 1.222 0.0
писать 0.001 0.347 0.0
работать 0.001 0.102 0.0
главный 0.0 0.276 0.0
задавать 0.0 1.222 0.0
приятный 0.0 1.398 0.0
месяц 0.001 0.432 0.0
назад 0.001 0.18 0.0
серия 0.0 1.097 0.0
следовательно 0.0 1.155 0.0
надёжный 0.001 0.824 0.001
необходимый 0.0 0.638 0.0
прежде 0.002 0.62 0.001
старший 0.001 0.678 0.001
подробный 0.0 0.569 0.0
швеция 0.0 1.398 0.0
прочитать 0.001 0.796 0.001
крохотный 0.0 2.0 0.0
катар 0.0 1.398 0.0
внести 0.0 1.097 0.0
ощутимый 0.0 1.699 0.0
вклад 0.0 1.301 0.0
понимание 0.0 1.301 0.0
динамика 0.0 1.301 0.0
ситуация 0.001 0.337 0.0
странный 0.0 1.301 0.0
ковивак 0.0 1.046 0.0
итог 0.0 0.509 0.0
регистрироваться 0.0 1.222 0.0
несравнимый 0.0 2.0 0.0
равно 0.001 0.638 0.001
парадоксальный 0.0 1.699 0.0
рубеж 0.0 1.097 0.0
исключение 0.0 0.854 0.0
во-первых 0.001 0.796 0.001
медицинский 0.0 0.523 0.0
тарусский 0.0 2.0 0.0
больница 0.001 0.495 0.0
весь 0.0 0.114 0.0
составлять 0.0 0.745 0.0
крайний 0.0 0.602 0.0
мера 0.0 0.377 0.0
госпитализация 0.0 0.77 0.0
заразиться 0.0 1.0 0.0
попадать 0.0 0.854 0.0
пять 0.0 0.432 0.0
редкий 0.0 0.824 0.0
пройти 0.0 0.387 0.0
полный 0.0 0.377 0.0
препринт 0.001 1.155 0.001
контекст 0.0 1.0 0.0
зрение 0.0 0.585 0.0
заявление 0.001 0.62 0.001
важно 0.001 0.509 0.001
сожаление 0.001 0.553 0.001
ограничить 0.0 0.959 0.0
тот 0.004 0.131 0.001
успеть 0.0 0.678 0.0
причём 0.0 0.62 0.0
достаточно 0.0 0.444 0.0
тяжело 0.0 0.796 0.0
попасть 0.001 0.409 0.0
кт-скрининг 0.0 2.0 0.0
зависеть 0.0 0.509 0.0
число 0.005 0.201 0.001
предотвращать 0.0 1.301 0.0
заражение 0.0 0.745 0.0
второе 0.0 1.398 0.0
ограничение 0.001 0.585 0.001
отсутствие 0.0 0.699 0.0
какой-либо 0.0 0.854 0.0
во-вторых 0.001 0.854 0.001
лайта 0.002 1.301 0.003
гамалея 0.001 1.155 0.001
использоваться 0.0 0.585 0.0
оно 0.001 0.444 0.0
доминирование 0.001 1.699 0.002
охватывать 0.0 1.699 0.0
житель 0.001 0.456 0.0
многое 0.0 0.886 0.0
аналогично 0.0 1.699 0.0
описать 0.0 0.721 0.0
ниже 0.002 0.77 0.002
увы 0.0 1.097 0.0
немой 0.001 0.585 0.001
опустить 0.0 1.523 0.0
кроме 0.0 0.387 0.0
исключительно 0.0 1.155 0.0
поэтому 0.001 0.328 0.0
скорее 0.0 0.509 0.0
россиянин 0.0 0.444 0.0
экспортный 0.0 1.523 0.0
задача 0.0 0.77 0.0
напрямую 0.0 1.0 0.0
судить 0.0 0.585 0.0
позволять 0.001 0.585 0.001
косвенно 0.0 1.155 0.0
сила 0.0 0.456 0.0
относительно 0.001 0.721 0.001
многократно 0.001 1.523 0.002
дополнительный 0.0 0.77 0.0
бывать 0.0 0.77 0.0
исчерпываться 0.0 1.523 0.0
уровень 0.0 0.367 0.0
корреляция 0.0 1.523 0.0
простой 0.0 0.538 0.0
хотеться 0.0 0.77 0.0
существовать 0.0 0.602 0.0
аргентина 0.0 0.921 0.0
недавно 0.0 0.62 0.0
венгрия 0.0 1.301 0.0
оба 0.0 0.62 0.0
недоставать 0.0 1.398 0.0
альфа 0.0 1.523 0.0
ограниченный 0.0 1.301 0.0
ценность 0.0 0.959 0.0
способный 0.0 0.854 0.0
уходить 0.0 0.824 0.0
сменяться 0.0 1.699 0.0
опасный 0.0 0.699 0.0
образоваться 0.0 1.398 0.0
территория 0.0 0.62 0.0
исследуться 0.0 1.699 0.0
отвечать 0.0 0.456 0.0
кто 0.0 0.377 0.0
вынудить 0.0 0.886 0.0
ссылаться 0.0 1.155 0.0
американский 0.0 0.585 0.0
израильский 0.0 1.222 0.0
опыт 0.0 0.699 0.0
снова 0.0 0.678 0.0
вспоминать 0.0 1.0 0.0
фармкомпания 0.0 1.523 0.0
pfizer 0.0 0.886 0.0
доклад 0.0 0.959 0.0
британский 0.0 0.721 0.0
nhs 0.0 1.699 0.0
аналогия 0.0 1.301 0.0
вынужденный 0.0 2.0 0.0
неизбежный 0.0 1.523 0.0
решение 0.001 0.347 0.0
релевантный 0.0 1.523 0.0
прямой 0.0 0.658 0.0
выше 0.002 0.509 0.001
действительно 0.0 0.377 0.0
осознавать 0.0 1.301 0.0
сложиться 0.0 1.155 0.0
вовсе 0.001 0.921 0.001
вполне 0.0 0.699 0.0
реально 0.0 0.959 0.0
прямолинейный 0.0 2.0 0.0
методика 0.0 1.699 0.0
оценить 0.001 0.678 0.001
снижать 0.0 0.854 0.0
риск 0.002 0.357 0.001
необходимо 0.0 0.585 0.0
понимать 0.0 0.42 0.0
учреждение 0.0 0.959 0.0
сдать 0.0 1.301 0.0
соответствовать 0.0 0.824 0.0
тест 0.001 0.77 0.001
болезнь 0.001 0.553 0.001
тестирование 0.0 1.398 0.0
агрегированный 0.001 2.0 0.002
обобщённый 0.0 2.0 0.0
персональный 0.0 0.066 0.0
род 0.001 0.77 0.001
швейцария 0.0 1.301 0.0
любой 0.0 0.319 0.0
крупный 0.0 0.523 0.0
ответить 0.001 0.495 0.0
текущий 0.0 0.959 0.0
прорывный 0.0 1.699 0.0
делаться 0.0 1.046 0.0
буквально 0.0 0.886 0.0
стандартный 0.0 1.301 0.0
учебник 0.0 2.0 0.0
департамент 0.0 1.097 0.0
здравоохранение 0.0 0.658 0.0
ведомство 0.0 0.796 0.0
поделиться 0.0 1.301 0.0
общественность 0.0 1.699 0.0
аналитик 0.0 1.301 0.0
считать 0.0 0.319 0.0
упоминаться 0.0 1.155 0.0
небольшой 0.0 0.602 0.0
почему-то 0.0 1.222 0.0
делиться 0.0 1.046 0.0
c 0.001 1.046 0.001
гражданин 0.0 0.553 0.0
депздравый 0.002 1.699 0.003
оговорка 0.0 1.699 0.0
сказать 0.0 0.31 0.0
некоторый 0.0 0.222 0.0
представлять 0.001 0.678 0.001
себя 0.001 0.62 0.001
таблица 0.0 1.097 0.0
тяжесть 0.0 0.959 0.0
июнь 0.001 0.699 0.001
тип 0.0 0.796 0.0
ранее 0.0 0.62 0.0
представить 0.0 0.638 0.0
количество 0.002 0.481 0.001
говорить 0.0 0.18 0.0
имя 0.0 0.585 0.0
название 0.0 0.745 0.0
идентифицировать 0.0 2.0 0.0
пациент 0.0 0.678 0.0
прошедшее 0.0 1.097 0.0
каждый 0.0 0.244 0.0
постановка 0.0 1.398 0.0
диагноз 0.001 1.398 0.001
помочь 0.0 0.125 0.0
евгений 0.0 1.097 0.0
фельдман 0.0 1.523 0.0
подробность 0.0 1.0 0.0
быть 0.0 0.215 0.0
довольно 0.001 0.523 0.001
сопоставлять 0.0 1.699 0.0
доля 0.004 0.745 0.003
учитываться 0.0 1.699 0.0
население 0.002 0.569 0.001
город 0.001 0.409 0.0
рассказ 0.0 1.155 0.0
подробно 0.0 0.921 0.0
формула 0.0 1.301 0.0
смещение 0.0 2.0 0.0
смысл 0.0 0.481 0.0
практический 0.0 1.523 0.0
значение 0.002 0.721 0.001
твёрдо 0.0 2.0 0.0
утверждать 0.0 0.658 0.0
внутренний 0.0 0.745 0.0
наличие 0.001 0.745 0.001
защитный 0.0 1.222 0.0
повышаться 0.0 1.222 0.0
обнаружиться 0.0 1.523 0.0
вообще 0.001 0.066 0.0
маленький 0.0 0.328 0.0
доверительный 0.0 1.155 0.0
интервал 0.0 1.046 0.0
ди 0.0 1.699 0.0
оценка 0.001 0.745 0.001
оказаться 0.0 0.31 0.0
большой 0.0 0.347 0.0
характерный 0.0 1.222 0.0
средний 0.0 0.796 0.0
минус 0.0 1.222 0.0
−16 0.0 2.0 0.0
18–50 0.0 2.0 0.0
предполагать 0.0 0.699 0.0
связать 0.0 0.469 0.0
ожидать 0.0 0.62 0.0
изменение 0.0 0.854 0.0
поведение 0.0 1.222 0.0
начинать 0.0 0.569 0.0
вести 0.0 0.553 0.0
активный 0.0 0.796 0.0
жизнь 0.0 0.319 0.0
рассчитывать 0.0 0.886 0.0
пожилой 0.0 1.046 0.0
заболевать 0.0 1.222 0.0
непропорционально 0.0 2.0 0.0
частый 0.0 0.523 0.0
молодой 0.0 0.854 0.0
повышенный 0.0 0.77 0.0
означать 0.0 0.585 0.0
плохой 0.0 0.509 0.0
многий 0.0 0.495 0.0
отделить 0.0 1.398 0.0
биологический 0.0 1.222 0.0
поведенческий 0.0 2.0 0.0
фактор 0.0 0.824 0.0
расчётный 0.0 1.699 0.0
видимый 0.0 1.699 0.0
снижение 0.001 0.745 0.001
объясняться 0.0 1.523 0.0
падение 0.0 0.921 0.0
причина 0.0 0.398 0.0
какой 0.0 0.357 0.0
учитывать 0.002 0.854 0.002
предварительный 0.0 0.959 0.0
острый 0.0 1.222 0.0
необходимость 0.0 0.745 0.0
рассказать 0.0 0.469 0.0
решить 0.0 0.398 0.0
следующий 0.0 0.553 0.0
проблема 0.0 0.347 0.0
изначально 0.0 0.959 0.0
iii 0.0 1.222 0.0
фаза 0.0 0.796 0.0
слишком 0.0 0.553 0.0
достаточный 0.0 0.854 0.0
точность 0.0 1.301 0.0
менее 0.001 0.432 0.0
сравнить 0.0 1.046 0.0
принципиально 0.0 0.959 0.0
возможно 0.0 0.398 0.0
поставить 0.0 0.796 0.0
работник 0.0 0.824 0.0
вытеснять 0.0 2.0 0.0
длиться 0.0 1.398 0.0
неагрегированный 0.0 2.0 0.0
повториться 0.0 1.523 0.0
распоряжение 0.001 1.301 0.001
петербург 0.001 1.222 0.001
независимо 0.0 1.398 0.0
автор 0.0 0.62 0.0
петербургский 0.0 1.523 0.0
напомнить 0.0 0.699 0.0
направление 0.0 0.886 0.0
методически 0.001 2.0 0.002
непривитый 0.001 1.097 0.001
петербуржец 0.0 2.0 0.0
положительный 0.0 1.155 0.0
коронавирус 0.0 0.387 0.0
направить 0.0 0.959 0.0
городской 0.0 1.046 0.0
распределение 0.0 1.398 0.0
больной 0.0 1.155 0.0
компьютерный 0.0 1.301 0.0
томография 0.0 1.301 0.0
приниматься 0.0 0.959 0.0
составить 0.0 0.658 0.0
68–88 0.0 2.0 0.0
прошлый 0.0 0.745 0.0
возможность 0.0 0.444 0.0
сопоставить 0.0 1.699 0.0
подавлять 0.0 1.097 0.0
спокойно 0.0 0.824 0.0
допустить 0.0 0.854 0.0
относиться 0.0 0.62 0.0
рассматриваться 0.0 1.699 0.0
отдельно 0.0 1.097 0.0
явный 0.0 1.097 0.0
неэффективность 0.0 1.398 0.0
—40 0.0 2.0 0.0
сравнение 0.001 0.602 0.001
95-процентный 0.0 2.0 0.0
—144 0.0 2.0 0.0
опускаться 0.0 1.523 0.0
метод 0.002 0.678 0.001
основный 0.0 0.62 0.0
случай 0.002 0.194 0.0
контроль 0.001 0.585 0.001
когортный 0.0 2.0 0.0
подход 0.0 0.854 0.0
пцр-тест 0.0 1.301 0.0
подбираться 0.0 1.699 0.0
пара 0.0 0.658 0.0
болеть 0.0 0.745 0.0
максимально 0.001 0.721 0.001
похожий 0.0 0.602 0.0
потенциально 0.0 1.046 0.0
пол 0.0 1.155 0.0
обычно 0.0 0.523 0.0
район 0.0 0.678 0.0
проживание 0.0 1.699 0.0
т. 0.0 0.921 0.0
д. 0.0 1.0 0.0
невакцинировать 0.003 1.155 0.003
рассчитываться 0.001 1.699 0.002
определение 0.0 1.222 0.0
сопоставление 0.0 1.699 0.0
включаться 0.0 1.699 0.0
отправной 0.0 2.0 0.0
являться 0.0 0.602 0.0
общегородской 0.0 2.0 0.0
срез 0.0 1.699 0.0
тяжелобольной 0.0 1.523 0.0
кт 0.0 1.523 0.0
отправляться 0.0 1.398 0.0
пытаться 0.0 0.409 0.0
значительный 0.0 0.854 0.0
переболеть 0.002 0.745 0.001
делать 0.001 0.18 0.0
опрашивать 0.0 1.699 0.0
понятно 0.0 0.699 0.0
учесть 0.0 1.398 0.0
малый 0.0 0.678 0.0
часть 0.0 0.377 0.0
опираться 0.0 1.097 0.0
серомониторинг 0.001 2.0 0.002
госпитализировать 0.0 0.959 0.0
отметить 0.0 0.886 0.0
кстати 0.0 0.886 0.0
наблюдаться 0.0 0.921 0.0
тенденция 0.0 1.523 0.0
повышение 0.0 1.097 0.0
18–30 0.0 2.0 0.0
60+ 0.0 1.699 0.0
заметный 0.0 1.155 0.0
дело 0.0 0.252 0.0
три 0.0 0.569 0.0
потенциальный 0.0 0.886 0.0
хронический 0.0 1.097 0.0
когорта 0.0 2.0 0.0
влияние 0.0 0.921 0.0
венгерский 0.0 1.523 0.0
однозначно 0.0 0.959 0.0
польза 0.0 0.745 0.0
оправданный 0.0 1.699 0.0
продолжать 0.0 0.292 0.0
отменять 0.0 1.155 0.0
неизвестно 0.0 0.77 0.0
неизвестный 0.0 1.097 0.0
вместо 0.0 0.77 0.0
ввести 0.0 0.538 0.0
гражданский 0.0 0.745 0.0
оборот 0.0 1.222 0.0
сообщать 0.0 0.921 0.0
комплект 0.0 1.699 0.0
поделить 0.0 1.699 0.0
расфасовка 0.0 2.0 0.0
серпухов 0.0 2.0 0.0
сентябрь 0.0 0.824 0.0
артём 0.0 1.046 0.0
геодакян 0.0 1.699 0.0
тасс 0.0 0.699 0.0
помимо 0.0 0.796 0.0
ориентироваться 0.0 1.046 0.0
выборка 0.003 1.046 0.003
он 0.0 1.155 0.0
август 0.0 0.854 0.0
быстро 0.0 0.495 0.0
свернуть 0.0 2.0 0.0
пойти 0.0 0.509 0.0
спад 0.0 1.398 0.0
продолжаться 0.0 0.699 0.0
свежий 0.0 1.097 0.0
поставка 0.0 0.921 0.0
пресс-служба 0.0 1.155 0.0
подмосковье 0.0 1.301 0.0
значительно 0.0 0.959 0.0
якутия 0.0 1.699 0.0
эпивак 0.0 1.699 0.0
пятый 0.0 0.854 0.0
пермский 0.0 1.699 0.0
край 0.0 1.155 0.0
новосибирский 0.0 1.398 0.0
область 0.0 0.523 0.0
немаленький 0.0 2.0 0.0
осень 0.0 1.0 0.0
зимой 0.0 1.301 0.0
появление 0.0 0.699 0.0
нужно 0.001 0.237 0.0
счёт 0.0 0.721 0.0
приостановить 0.0 1.155 0.0
останавливаться 0.0 1.523 0.0
планировать 0.0 0.886 0.0
слово 0.0 0.268 0.0
представитель 0.0 0.638 0.0
временной 0.0 1.046 0.0
приостановка 0.0 1.523 0.0
получение 0.0 1.097 0.0
ожидаться 0.0 1.046 0.0
происхождение 0.0 1.097 0.0
основать 0.0 0.921 0.0
публичный 0.0 1.097 0.0
непубличный 0.0 1.699 0.0
вычисление 0.0 2.0 0.0
передать 0.0 0.959 0.0
сертификат 0.0 1.046 0.0
собранный 0.0 1.222 0.0
анонимизировать 0.0 2.0 0.0
официальный 0.0 0.538 0.0
озвучить 0.0 1.301 0.0
мэр 0.0 0.77 0.0
сергей 0.0 0.796 0.0
собянин 0.0 1.398 0.0
собирать 0.0 0.699 0.0
аналитический 0.0 1.155 0.0
сайт 0.0 0.658 0.0
gogov.ru 0.0 1.699 0.0
росстат 0.0 1.523 0.0
демографический 0.0 1.699 0.0
репрезентативный 0.0 2.0 0.0
сероопрос 0.001 2.0 0.002
проводить 0.0 0.509 0.0
литература 0.0 0.959 0.0
к 0.0 0.745 0.0
учёт 0.0 0.824 0.0
власть 0.0 0.31 0.0
оперативно 0.0 1.301 0.0
мониторить 0.0 2.0 0.0
реагировать 0.0 1.097 0.0
содержаться 0.0 1.222 0.0
запись 0.0 1.0 0.0
поступить 0.0 0.921 0.0
среднетяжёлый 0.0 2.0 0.0
так 0.0 1.222 0.0
далее 0.0 0.921 0.0
прочий 0.0 1.046 0.0
передавать 0.0 1.301 0.0
вноситься 0.0 1.699 0.0
поменяться 0.0 1.155 0.0
классификация 0.0 1.301 0.0
соответсвовать 0.0 1.699 0.0
мкб-10 0.0 1.699 0.0
u07.1 0.0 2.0 0.0
u07.2 0.0 2.0 0.0
исключить 0.0 1.0 0.0
исчезающе 0.0 1.699 0.0
малое 0.0 1.523 0.0
процесс 0.0 0.538 0.0
полугодовой 0.0 1.523 0.0
немного 0.0 0.77 0.0
корректироваться 0.0 1.699 0.0
вероятно 0.0 0.699 0.0
уточнение 0.0 1.398 0.0
превышать 0.0 1.155 0.0
исходно 0.0 1.398 0.0
официально 0.0 0.959 0.0
эпизодически 0.0 2.0 0.0
наиболее 0.0 0.745 0.0
список 0.0 0.569 0.0
раскрывать 0.0 1.398 0.0
аспект 0.0 1.398 0.0
инструмент 0.0 0.854 0.0
счастие 0.0 1.523 0.0
введение 0.0 0.658 0.0
qr-код 0.0 1.222 0.0
обойти 0.0 1.398 0.0
случайный 0.0 1.097 0.0
рождение 0.0 1.046 0.0
дата 0.0 1.301 0.0
действовать 0.0 0.602 0.0
выдать 0.0 1.097 0.0
второй 0.0 0.357 0.0
компонент 0.0 0.824 0.0
собрать 0.0 0.886 0.0
подневный 0.0 2.0 0.0
внутри 0.001 0.745 0.001
применять 0.0 0.796 0.0
очередь 0.0 0.538 0.0
рассчитать 0.001 1.301 0.001
определяться 0.0 1.301 0.0
корректно 0.0 1.398 0.0
остальной 0.0 0.553 0.0
похожесть 0.0 2.0 0.0
добиваться 0.0 1.301 0.0
плацебо 0.0 0.959 0.0
субъективность 0.0 2.0 0.0
сопровождаться 0.0 1.222 0.0
двойной 0.0 1.097 0.0
врач 0.0 0.509 0.0
соответственно 0.0 0.921 0.0
плацебо-контроль 0.0 2.0 0.0
сопоставимость 0.0 1.699 0.0
день 0.0 0.167 0.0
раса 0.0 1.398 0.0
сбалансированный 0.0 1.398 0.0
часто 0.0 0.456 0.0
экспозиция 0.0 1.699 0.0
длина 0.0 1.523 0.0
относительный 0.0 1.155 0.0
шанс 0.001 0.638 0.001
or 0.001 0.886 0.001
противоковидный 0.0 1.222 0.0
напоминать 0.0 0.921 0.0
шведский 0.0 1.523 0.0
лена 0.0 2.0 0.0
скон 0.0 2.0 0.0
воспроизводить 0.0 1.699 0.0
индивидуальный 0.0 1.097 0.0
групповой 0.0 1.523 0.0
массово 0.0 1.097 0.0
дальнейший 0.0 0.886 0.0
четыре 0.0 0.509 0.0
a 0.001 0.699 0.001
b 0.0 2.0 0.0
контрольный 0.002 1.398 0.003
d 0.001 1.097 0.001
генеральный 0.0 1.046 0.0
совокупность 0.0 1.699 0.0
принять 0.0 0.42 0.0
игнорировать 0.0 1.097 0.0
приезжий 0.0 1.699 0.0
пренебрежимый 0.0 2.0 0.0
51–70 0.0 2.0 0.0
71–100 0.0 2.0 0.0
летальный 0.0 1.222 0.0
основание 0.0 0.569 0.0
больший 0.0 0.328 0.0
сложность 0.0 1.222 0.0
москвич 0.001 1.699 0.002
единственно 0.0 1.523 0.0
правильный 0.0 1.301 0.0
сходный 0.0 2.0 0.0
способ 0.0 0.602 0.0
вычитание 0.0 2.0 0.0
точнее 0.0 0.921 0.0
известный 0.0 0.569 0.0
конкретный 0.0 0.658 0.0
сильный 0.0 0.553 0.0
занижать 0.0 2.0 0.0
эффект 0.0 0.796 0.0
легко 0.0 0.824 0.0
проиллюстрировать 0.0 1.699 0.0
половина 0.0 0.721 0.0
популяция 0.0 1.046 0.0
изучать 0.0 0.854 0.0
разделить 0.0 1.155 0.0
10/500000 0.0 2.0 0.0
100/500000 0.0 2.0 0.0
0,1 0.0 1.523 0.0
эквивалентный 0.0 1.523 0.0
90-процентный 0.0 1.699 0.0
естественный 0.0 1.046 0.0
знаменатель 0.0 1.699 0.0
принцип 0.0 0.638 0.0
следовать 0.0 0.678 0.0
уменьшить 0.0 1.301 0.0
истинный 0.0 1.155 0.0
100/250000 0.0 2.0 0.0
0,05 0.0 2.0 0.0
ve 0.0 0.886 0.0
− 0.0 1.699 0.0
суммарный 0.0 1.398 0.0
занизить 0.0 1.699 0.0
избыточный 0.0 0.921 0.0
хороший 0.0 0.377 0.0
количественный 0.0 1.523 0.0
популяционный 0.0 1.523 0.0
апрель 0.0 0.886 0.0
перенести 0.0 0.959 0.0
горожанин 0.0 1.523 0.0
очевидный 0.0 0.678 0.0
находиться 0.0 0.367 0.0
где-то 0.0 0.721 0.0
промежуток 0.0 1.398 0.0
неиммунный 0.0 1.699 0.0
сильно 0.0 0.509 0.0
смещенность 0.0 2.0 0.0
тестировать 0.0 1.699 0.0
предложить 0.0 0.699 0.0
оптимальный 0.0 1.155 0.0
недостаток 0.0 1.0 0.0
показатель 0.0 0.721 0.0
столь 0.0 1.046 0.0
низкий 0.0 0.638 0.0
развитие 0.0 0.638 0.0
пандемия 0.0 0.538 0.0
существование 0.0 0.886 0.0
нижний 0.0 1.097 0.0
граница 0.0 0.658 0.0
сместить 0.0 2.0 0.0
новость 0.0 0.357 0.0
заключаться 0.0 0.959 0.0
вне 0.0 0.886 0.0
зависимость 0.0 0.745 0.0
никак 0.0 0.886 0.0
меняться 0.0 0.854 0.0
высокий 0.0 0.495 0.0
бесспорный 0.0 1.699 0.0
младший 0.0 1.097 0.0
видно 0.0 0.921 0.0
никакой 0.0 0.409 0.0
обнаруживаться 0.0 1.398 0.0
взять 0.0 0.553 0.0
посчитать 0.0 1.398 0.0
регистр 0.0 1.699 0.0
сколько 0.0 0.585 0.0
укол 0.0 1.0 0.0
c. 0.0 1.523 0.0
вычет 0.0 2.0 0.0
воспользоваться 0.0 1.097 0.0
пропорционально 0.0 2.0 0.0
сразу 0.0 0.553 0.0
заметить 0.0 0.886 0.0
рост 0.0 0.824 0.0
особо 0.0 1.097 0.0
сложный 0.0 0.602 0.0
воспроизвести 0.0 2.0 0.0
правильно 0.0 0.824 0.0
интерпретировать 0.0 1.699 0.0
накладывать 0.0 1.699 0.0
недостаточность 0.0 1.523 0.0
непрозрачность 0.0 2.0 0.0
возможный 0.0 0.523 0.0
ошибка 0.0 0.066 0.0
постараться 0.0 1.301 0.0
аккуратно 0.0 1.523 0.0
подойти 0.0 1.097 0.0
кроха 0.0 2.0 0.0
чиновник 0.0 1.0 0.0
корректный 0.0 1.523 0.0
дания 0.0 1.301 0.0
неболеть 0.0 2.0 0.0
полагаться 0.0 1.398 0.0
вносить 0.0 1.222 0.0
альтернативный 0.0 1.0 0.0
иммунный 0.0 0.678 0.0
инвитро 0.0 2.0 0.0
середина 0.0 0.854 0.0
замкнутый 0.0 1.699 0.0
приехать 0.0 0.854 0.0
вакцинироваться 0.0 0.886 0.0
уехать 0.0 0.824 0.0
друг 0.0 0.387 0.0
место 0.0 0.409 0.0
повлиять 0.0 1.0 0.0
миграция 0.0 1.523 0.0
столица 0.0 0.854 0.0
в-третьих 0.0 1.301 0.0
чёткий 0.0 1.0 0.0
организовать 0.0 0.921 0.0
волна 0.0 0.921 0.0
смочь 0.0 0.328 0.0
привиться 0.0 0.796 0.0
взрослый 0.0 1.0 0.0
темп 0.0 0.959 0.0
полуобязательный 0.0 1.699 0.0
повторить 0.0 1.046 0.0
сравнивать 0.0 0.796 0.0
рандомизировать 0.0 1.398 0.0
посмотреть 0.0 0.523 0.0
выпустить 0.0 0.699 0.0
денис 0.0 1.222 0.0
логуновый 0.0 1.523 0.0
крайне 0.0 0.721 0.0
своевременно 0.0 2.0 0.0
разработать 0.0 0.959 0.0
удачный 0.0 1.301 0.0
аденовирусный 0.0 1.046 0.0
платформа 0.0 0.066 0.0
репутация 0.0 1.222 0.0
информационный 0.0 0.854 0.0
прозрачность 0.0 2.0 0.0
нежелание 0.0 1.301 0.0
статистический 0.0 1.097 0.0
вынуждать 0.0 1.222 0.0
искать 0.0 0.678 0.0
сан-марино 0.0 1.301 0.0
меркнуть 0.0 2.0 0.0
недоказанный 0.0 2.0 0.0
мнение 0.0 0.509 0.0
конструктивно 0.0 2.0 0.0
петиция 0.0 1.398 0.0
исследователь 0.0 0.721 0.0
старый 0.0 0.658 0.0
обезличить 0.0 2.0 0.0
расчитывать 0.0 2.0 0.0
доверие 0.0 1.155 0.0
успех 0.0 0.921 0.0
борьба 0.0 0.658 0.0
обнародовать 0.0 2.0 0.0
вестись 0.0 1.097 0.0
мягкий 0.0 1.097 0.0
клеточный 0.0 1.0 0.0
васна 0.0 2.0 0.0
александр 0.0 0.456 0.0
ершовый 0.0 0.77 0.0
ольга 0.0 1.398 0.0
матвеев 0.0 2.0 0.0
участие 0.0 0.638 0.0
дмитрий 0.0 0.62 0.0
кузнец 0.0 1.222 0.0
благодарить 0.0 1.155 0.0
волонтёр 0.0 0.959 0.0
проект 0.0 0.745 0.0
v1v2.ru 0.0 2.0 0.0
лично 0.0 0.959 0.0
макс 0.0 1.699 0.0
попов 0.0 1.398 0.0
подготовка 0.0 0.886 0.0
кодекс 0.0 0.066 0.0
блог 0.0 0.066 0.0
meduzacare 0.0 0.066 0.0
связаться 0.0 0.066 0.0
анонимно 0.0 0.066 0.0
ios 0.0 0.066 0.0
android 0.0 0.066 0.0
инстаграм 0.0 0.066 0.0
twitter 0.0 0.0 0.0
facebook 0.0 0.0 0.0
вконтакте 0.0 0.066 0.0
youtube 0.0 0.06 0.0
– 0.0 0.06 0.0
live 0.0 0.022 0.0
вечерний 0.0 0.066 0.0
реклама 0.0 0.066 0.0
требование 0.0 0.066 0.0
баннер 0.0 0.066 0.0
безопасно 0.0 0.066 0.0
правило 0.0 0.066 0.0
обработка 0.0 0.066 0.0
использование 0.0 0.066 0.0
кук 0.0 0.066 0.0
наслать 0.0 0.066 0.0
выделить 0.0 0.066 0.0
нажать 0.0 0.066 0.0
ctrl+enter 0.0 0.066 0.0
спасибоgiphyз 0.0 0.066 0.0
гифка 0.0 0.066 0.0
© 0.0 0.0 0.0
