перейти 0.0 0.066 0.0
материал 0.001 0.066 0.0
связь 0.001 0.0 0.0
новостиисторииразборшапитокоронавирусмагаз 0.0 0.066 0.0
медуза 0.003 0.066 0.0
рекламаmeduza 0.0 0.066 0.0
in 0.0 0.0 0.0
english 0.0 0.06 0.0
показывать 0.0 0.066 0.0
порядок 0.0 0.066 0.0
en 0.0 0.066 0.0
кнопка 0.0 0.066 0.0
поддержка 0.0 0.066 0.0
разбор 0.0 0.387 0.0
абсолютно 0.0 0.721 0.0
исчерпывающий 0.0 1.222 0.0
постоянно 0.0 0.62 0.0
обновлять 0.0 1.398 0.0
путеводитель 0.0 1.523 0.0
вакцина 0.047 0.538 0.025
коронавирус 0.003 0.387 0.001
ноябрь 0.003 0.699 0.002
источник 0.001 0.167 0.0
тасс 0.0 0.699 0.0
данный 0.0 0.097 0.0
сообщение 0.0 0.102 0.0
создать 0.0 0.097 0.0
распространить 0.0 0.102 0.0
иностранный 0.0 0.097 0.0
средство 0.001 0.097 0.0
массовый 0.0 0.097 0.0
информация 0.002 0.102 0.0
выполнять 0.0 0.097 0.0
функция 0.0 0.097 0.0
агент 0.0 0.097 0.0
российский 0.003 0.071 0.0
юридический 0.0 0.102 0.0
лицо 0.0 0.086 0.0
мы 0.0 0.066 0.0
нужный 0.0 0.086 0.0
ваш 0.0 0.081 0.0
помощь 0.0 0.071 0.0
пожалуйста 0.0 0.102 0.0
поддержать 0.0 0.066 0.0
какой 0.003 0.357 0.001
вирус 0.002 0.538 0.001
sars-cov-2 0.002 0.824 0.002
разрабатываться 0.0 2.0 0.0
мир 0.002 0.26 0.001
отличаться 0.003 0.553 0.002
технологически 0.0 1.699 0.0
разный 0.003 0.276 0.001
технология 0.0 1.0 0.0
ограничение 0.0 0.585 0.0
подробно 0.0 0.921 0.0
писать 0.0 0.347 0.0
начало 0.001 0.26 0.0
май 0.0 0.959 0.0
россия 0.008 0.108 0.001
идти 0.001 0.222 0.0
вакцинация 0.005 0.553 0.003
зарегистрировать 0.003 0.602 0.002
один 0.002 0.119 0.0
очень 0.003 0.149 0.0
новость 0.0 0.357 0.0
исследование 0.017 0.42 0.007
производство 0.008 0.658 0.005
приходить 0.0 0.824 0.0
каждый 0.0 0.244 0.0
день 0.003 0.167 0.001
продолжать 0.0 0.292 0.0
собирать 0.0 0.699 0.0
важный 0.0 0.284 0.0
дать 0.002 0.066 0.0
точка 0.001 0.444 0.0
зрение 0.0 0.585 0.0
реальный 0.0 0.638 0.0
применимость 0.0 1.699 0.0
значительно 0.0 0.959 0.0
обновить 0.0 1.046 0.0
февраль 0.003 0.337 0.001
долгий 0.0 0.745 0.0
перерыв 0.0 1.301 0.0
добавить 0.001 1.0 0.001
новый 0.0 0.187 0.0
весь 0.001 0.114 0.0
последний 0.0 0.284 0.0
обновление 0.0 1.0 0.0
клинический 0.005 0.721 0.004
испытание 0.009000000000000001 0.77 0.007
который 0.011000000000000001 0.071 0.001
проводиться 0.001 0.854 0.001
фактически 0.001 0.721 0.001
переписать 0.0 1.699 0.0
вводный 0.0 2.0 0.0
часть 0.001 0.377 0.0
глава 0.0 0.658 0.0
декабрь 0.002 0.745 0.001
первый 0.007 0.143 0.001
результат 0.012 0.367 0.004
инактивированный 0.004 1.301 0.005
именно 0.002 0.244 0.0
китайский 0.001 0.886 0.001
sinovac 0.001 1.523 0.002
biotech 0.001 2.0 0.002
текущий 0.0 0.959 0.0
план 0.001 0.658 0.001
спутник 0.005 0.678 0.003
v 0.005 0.699 0.003
moderna 0.001 1.0 0.001
pfizer/biontech 0.003 1.046 0.003
второй 0.002 0.357 0.001
промежуточный 0.0 1.097 0.0
анализ 0.0 0.721 0.0
эффективность 0.01 0.538 0.005
получить 0.002 0.328 0.001
россиянин 0.001 0.444 0.0
согласно 0.001 0.745 0.001
обзор 0.0 1.046 0.0
воз 0.001 0.796 0.001
год 0.006 0.119 0.001
проходить 0.001 0.495 0.0
препарат 0.004 0.585 0.002
исследуться 0.0 1.699 0.0
животное 0.002 0.854 0.002
третий 0.0 0.553 0.0
фаза 0.008 0.796 0.006
становиться 0.0 0.553 0.0
понятно 0.001 0.699 0.001
снижать 0.0 0.854 0.0
вероятность 0.0 0.602 0.0
заболеть 0.002 0.585 0.001
пока 0.004 0.208 0.001
добраться 0.0 1.398 0.0
сожаление 0.0 0.553 0.0
некоторый 0.001 0.222 0.0
производитель 0.002 0.796 0.002
сообщить 0.001 0.638 0.001
прекращение 0.0 1.097 0.0
дальнейший 0.0 0.886 0.0
разработка 0.0 1.097 0.0
четыре 0.0 0.509 0.0
неудовлетворительный 0.0 2.0 0.0
полностью 0.0 0.538 0.0
завершиться 0.0 1.097 0.0
поэтому 0.001 0.328 0.0
постоянный 0.0 1.046 0.0
регистрация 0.003 0.854 0.003
однако 0.003 0.337 0.001
несколько 0.001 0.187 0.0
временной 0.0 1.046 0.0
экстренный 0.0 1.523 0.0
это 0.01 0.066 0.001
следующий 0.0 0.553 0.0
центр 0.004 0.432 0.002
гамалея 0.001 1.155 0.001
вектор 0.002 1.222 0.002
astrazeneca 0.001 0.959 0.001
cansino 0.002 1.301 0.003
biologics 0.0 2.0 0.0
sinopharm 0.001 1.398 0.001
bharat 0.0 2.0 0.0
чумаков 0.003 1.523 0.005
ран 0.0 1.523 0.0
важно 0.001 0.509 0.001
подчеркнуть 0.0 1.398 0.0
факт 0.0 0.638 0.0
тот 0.004 0.131 0.001
иной 0.0 0.921 0.0
страна 0.002 0.155 0.0
говорить 0.0 0.18 0.0
степень 0.0 0.658 0.0
исследованность 0.0 2.0 0.0
разработчик 0.002 0.77 0.002
частично 0.0 1.301 0.0
выложить 0.0 1.046 0.0
полный 0.0 0.377 0.0
доклад 0.0 0.959 0.0
опубликовать 0.003 0.509 0.002
статья 0.001 0.553 0.001
научный 0.001 0.658 0.001
журнал 0.001 0.77 0.001
ход 0.001 0.796 0.001
публичный 0.0 1.097 0.0
экспертиза 0.001 1.155 0.001
открытый 0.0 0.886 0.0
обсуждение 0.0 1.301 0.0
относительно 0.001 0.721 0.001
другой 0.006 0.097 0.001
такой 0.002 0.114 0.0
подробность 0.001 1.0 0.001
либо 0.001 0.569 0.001
ограничить 0.0 0.959 0.0
короткий 0.0 0.921 0.0
пресс-релиз 0.001 1.301 0.001
подробный 0.0 0.569 0.0
этот 0.001 0.137 0.0
особенность 0.001 0.854 0.001
сказать 0.0 0.31 0.0
ниже 0.0 0.77 0.0
испытывать 0.0 1.0 0.0
стать 0.001 0.149 0.0
доступный 0.001 0.824 0.001
сочетание 0.0 1.097 0.0
регуляторный 0.0 1.699 0.0
экономический 0.0 0.854 0.0
причина 0.0 0.398 0.0
во-первых 0.0 0.796 0.0
необходимо 0.0 0.585 0.0
пройти 0.0 0.387 0.0
минздрав 0.001 0.678 0.001
потребоваться 0.0 0.921 0.0
проведение 0.001 0.921 0.001
отдельный 0.001 0.678 0.001
включение 0.0 1.398 0.0
медучреждение 0.0 1.523 0.0
международный 0.0 0.569 0.0
компания 0.004 0.444 0.002
англо-шведский 0.0 2.0 0.0
astrazeneсa 0.0 2.0 0.0
начать 0.0 0.276 0.0
во-вторых 0.0 0.854 0.0
эпиваккорона 0.001 0.959 0.001
смочь 0.0 0.328 0.0
претендовать 0.0 1.699 0.0
государственный 0.0 0.523 0.0
закупка 0.0 1.301 0.0
правило 0.0 0.066 0.0
лишний 0.0 1.097 0.0
значит 0.001 0.444 0.0
серьёзный 0.001 0.553 0.001
стимул 0.0 2.0 0.0
возможно 0.001 0.398 0.0
biological 0.001 1.699 0.002
всё-таки 0.001 0.553 0.001
быть 0.001 0.215 0.0
скорее 0.0 0.509 0.0
частный 0.0 0.824 0.0
вне 0.0 0.886 0.0
рамка 0.0 1.0 0.0
омс 0.0 2.0 0.0
конец 0.001 0.444 0.0
2020-го 0.0 1.097 0.0
привезти 0.0 1.222 0.0
кластер 0.0 1.699 0.0
сколково 0.0 1.222 0.0
действовать 0.0 0.602 0.0
особый 0.0 0.745 0.0
режим 0.0 0.658 0.0
сообщать 0.0 0.921 0.0
клиника 0.0 0.886 0.0
хадасс 0.0 1.523 0.0
вскоре 0.0 1.0 0.0
отказаться 0.0 0.62 0.0
свой 0.0 0.143 0.0
образ 0.0 0.553 0.0
близкий 0.0 0.347 0.0
будущее 0.0 0.62 0.0
мочь 0.001 0.102 0.0
рассчитывать 0.0 0.886 0.0
пять 0.0 0.432 0.0
ковивак 0.001 1.046 0.001
конвиденция 0.0 1.699 0.0
время 0.0 0.086 0.0
большинство 0.0 0.509 0.0
прививочный 0.0 1.046 0.0
пункт 0.0 0.721 0.0
найти 0.0 0.456 0.0
правительство 0.0 0.678 0.0
составлять 0.001 0.745 0.001
львиный 0.0 2.0 0.0
доля 0.001 0.745 0.001
планироваться 0.001 1.155 0.001
произвести 0.002 1.398 0.003
миллион 0.007 0.495 0.003
комплект 0.002 1.699 0.003
доза 0.007 0.721 0.005
полугодие 0.0 2.0 0.0
исходить 0.0 1.222 0.0
раздельный 0.0 2.0 0.0
группа 0.004 0.387 0.002
испытываться 0.001 1.699 0.002
иметь 0.0 0.337 0.0
какой-то 0.0 0.328 0.0
шанс 0.0 0.638 0.0
попасть 0.0 0.409 0.0
поликлиника 0.0 1.301 0.0
дойти 0.001 1.301 0.001
iii 0.004 1.222 0.005
остальной 0.001 0.553 0.001
привиться 0.001 0.796 0.001
любой 0.0 0.319 0.0
желать 0.0 1.0 0.0
всякий 0.0 0.921 0.0
лекарственный 0.002 1.097 0.002
должный 0.0 0.201 0.0
делаться 0.0 1.046 0.0
основание 0.001 0.569 0.001
подавать 0.0 1.301 0.0
множество 0.0 0.796 0.0
документ 0.002 0.678 0.001
число 0.003 0.201 0.001
процедура 0.0 0.959 0.0
регулировать 0.0 1.398 0.0
федеральный 0.001 0.959 0.001
закон 0.0 0.658 0.0
обращение 0.0 1.301 0.0
12.04.2010 0.0 2.0 0.0
61-фз 0.0 2.0 0.0
хотя 0.001 0.276 0.0
ряд 0.0 0.824 0.0
исключение 0.0 0.854 0.0
точно 0.0 0.481 0.0
необходимый 0.0 0.638 0.0
делиться 0.0 1.046 0.0
доклинический 0.0 1.699 0.0
лечебный 0.0 2.0 0.0
учреждение 0.0 0.959 0.0
человек-доброволец 0.0 2.0 0.0
соответствие 0.0 0.959 0.0
мировой 0.0 0.721 0.0
практика 0.0 0.796 0.0
формализовать 0.0 2.0 0.0
стандарт 0.0 1.222 0.0
надлежащий 0.0 1.699 0.0
gcp 0.0 2.0 0.0
немного 0.0 0.77 0.0
этап 0.0 0.921 0.0
совместить 0.0 1.398 0.0
i 0.0 0.745 0.0
небольшой 0.0 0.602 0.0
десятка 0.0 0.721 0.0
человек 0.006 0.092 0.001
здоровый 0.0 1.046 0.0
доброволец 0.005 0.854 0.004
проверять 0.0 0.77 0.0
общий 0.0 0.444 0.0
безопасность 0.001 0.387 0.0
ii 0.0 2.0 0.0
сотня 0.0 0.721 0.0
обычно 0.001 0.523 0.001
подбирать 0.0 1.301 0.0
подходящий 0.0 1.222 0.0
случай 0.002 0.194 0.0
прежде 0.001 0.62 0.001
смотреть 0.0 0.62 0.0
иммунный 0.001 0.678 0.001
реакция 0.001 0.678 0.001
вырабатываться 0.001 1.222 0.001
антитело 0.005 0.77 0.004
активироваться 0.0 1.699 0.0
лимфоцит 0.0 1.699 0.0
получать 0.0 0.569 0.0
количество 0.003 0.481 0.001
вариант 0.0 0.481 0.0
происходить 0.001 0.301 0.0
наиболее 0.0 0.745 0.0
оптимальный 0.0 1.155 0.0
способ 0.0 0.602 0.0
позволять 0.0 0.585 0.0
косвенно 0.0 1.155 0.0
оценить 0.0 0.678 0.0
будущий 0.0 1.222 0.0
защитный 0.0 1.222 0.0
эффект 0.001 0.796 0.001
предсказывать 0.0 1.523 0.0
-ной 0.0 2.0 0.0
точность 0.0 1.301 0.0
участвовать 0.0 0.569 0.0
тысяча 0.002 0.31 0.001
проверяться 0.0 1.523 0.0
лоб 0.0 1.699 0.0
исследователь 0.001 0.721 0.001
ждать 0.0 0.481 0.0
определённый 0.0 0.77 0.0
заболевание 0.0 0.481 0.0
сравнивать 0.0 0.796 0.0
среди 0.002 0.42 0.001
плацебо 0.002 0.959 0.002
сопоставлять 0.0 1.699 0.0
риск 0.0 0.357 0.0
соотношение 0.0 1.398 0.0
регистрироваться 0.0 1.222 0.0
специальный 0.001 0.638 0.001
реестр 0.0 1.155 0.0
национальный 0.0 0.77 0.0
называться 0.0 0.699 0.0
разрешение 0.0 0.886 0.0
clinicaltrials.gov 0.0 2.0 0.0
обязательный 0.0 0.886 0.0
сша 0.002 0.469 0.001
добровольный 0.0 1.523 0.0
приводиться 0.0 1.523 0.0
проводить 0.0 0.509 0.0
сколько 0.0 0.585 0.0
немой 0.0 0.585 0.0
также 0.002 0.237 0.0
главный 0.002 0.276 0.001
ожидать 0.001 0.62 0.001
показатель 0.0 0.721 0.0
конечный 0.0 1.0 0.0
endpoints 0.0 2.0 0.0
например 0.002 0.229 0.0
инфицировать 0.0 0.959 0.0
тяжёлый 0.0 0.377 0.0
больной 0.0 1.155 0.0
вещь 0.0 0.62 0.0
указывать 0.0 0.796 0.0
заранее 0.0 0.959 0.0
вносить 0.0 1.222 0.0
поправка 0.0 1.301 0.0
считаться 0.0 0.824 0.0
рискованный 0.0 1.699 0.0
протокол 0.0 1.0 0.0
публиковаться 0.0 1.398 0.0
интеллектуальный 0.0 1.222 0.0
собственность 0.0 2.0 0.0
организация 0.0 0.509 0.0
covid-19 0.001 0.77 0.001
многие 0.0 0.284 0.0
сам 0.0 0.137 0.0
требовать 0.001 0.658 0.001
публикация 0.001 0.796 0.001
приниматься 0.0 0.959 0.0
решение 0.0 0.347 0.0
цитата 0.0 1.222 0.0
соответствовать 0.0 0.824 0.0
уполномоченный 0.0 1.699 0.0
орган 0.0 0.886 0.0
исполнительный 0.0 1.699 0.0
власть 0.001 0.31 0.0
размещать 0.0 2.0 0.0
официальный 0.0 0.538 0.0
сайт 0.0 0.658 0.0
сеть 0.0 0.824 0.0
интернет 0.0 0.921 0.0
связанный 0.0 0.745 0.0
осуществление 0.0 2.0 0.0
включая 0.0 0.959 0.0
исключить 0.0 1.0 0.0
поздний 0.0 0.745 0.0
рабочий 0.0 0.886 0.0
получение 0.0 1.097 0.0
сей 0.001 0.456 0.0
пора 0.001 0.357 0.0
требование 0.0 0.066 0.0
игнорироваться 0.0 2.0 0.0
нужно 0.0 0.237 0.0
вакцинироваться 0.0 0.886 0.0
лично 0.0 0.959 0.0
задача 0.0 0.77 0.0
текст 0.0 0.62 0.0
представление 0.0 1.155 0.0
ландшафт 0.0 2.0 0.0
иметься 0.0 0.77 0.0
сегодня 0.001 0.638 0.001
они 0.0 0.538 0.0
стоить 0.0 0.469 0.0
практический 0.0 1.523 0.0
выбор 0.0 0.886 0.0
делать 0.0 0.18 0.0
прививка 0.0 0.602 0.0
прочитать 0.0 0.796 0.0
наш 0.0 0.337 0.0
помочь 0.0 0.125 0.0
правильно 0.0 0.824 0.0
взвесить 0.0 1.523 0.0
против 0.001 0.229 0.0
рекомендовать 0.0 0.569 0.0
хотеть 0.0 0.102 0.0
понять 0.001 0.495 0.0
насколько 0.001 0.42 0.0
безопасный 0.0 0.824 0.0
измерять 0.0 1.301 0.0
определяться 0.0 1.301 0.0
описать 0.0 0.721 0.0
параметр 0.0 0.959 0.0
формула 0.0 1.301 0.0
ковид 0.0 0.387 0.0
почему 0.001 0.337 0.0
меняться 0.0 0.854 0.0
мухлёж 0.0 1.523 0.0
назад 0.0 0.18 0.0
карточка 0.001 0.569 0.001
гам-ковид-вак 0.0 1.301 0.0
тип 0.002 0.796 0.002
аденовирусный 0.002 1.046 0.002
the 0.001 0.481 0.0
lancet 0.001 1.301 0.001
хранение 0.001 1.523 0.002
−18 0.0 2.0 0.0
°с 0.001 2.0 0.002
месяц 0.001 0.432 0.0
2–8 0.001 2.0 0.002
переоформить 0.0 2.0 0.0
инструкция 0.001 0.699 0.001
грлс 0.001 1.398 0.001
высушить 0.0 2.0 0.0
форма 0.001 0.62 0.001
статус 0.001 1.155 0.001
список 0.0 0.569 0.0
расширяться 0.0 1.699 0.0
исследовать 0.0 0.959 0.0
лайта 0.0 1.301 0.0
отдельно 0.0 1.097 0.0
применять 0.0 0.796 0.0
компонент 0.002 0.824 0.002
основа 0.004 0.678 0.003
два 0.002 0.26 0.001
человеческий 0.0 0.886 0.0
аденовирус 0.002 1.301 0.003
выступать 0.0 0.658 0.0
носитель 0.0 1.301 0.0
генетический 0.0 1.222 0.0
клетка 0.0 0.921 0.0
вакцинировать 0.001 0.602 0.001
производить 0.0 1.097 0.0
s-белок 0.002 1.222 0.002
спайк 0.0 2.0 0.0
вызывать 0.0 0.523 0.0
частность 0.0 0.678 0.0
образование 0.0 0.886 0.0
активация 0.0 1.699 0.0
t-клетка 0.0 2.0 0.0
десяток 0.0 0.921 0.0
похожий 0.002 0.602 0.001
отличительный 0.0 2.0 0.0
черта 0.0 1.301 0.0
отнести 0.0 1.523 0.0
двухэтапный 0.0 2.0 0.0
иммунизация 0.0 1.398 0.0
сначала 0.0 0.602 0.0
качество 0.0 0.553 0.0
использоваться 0.0 0.585 0.0
редкий 0.0 0.824 0.0
аденовирус-26 0.0 2.0 0.0
затем 0.0 0.678 0.0
повторный 0.0 1.222 0.0
аденовируса-5 0.0 2.0 0.0
поскольку 0.001 0.678 0.001
взаимозаменяемый 0.0 2.0 0.0
теоретически 0.001 1.046 0.001
схема 0.0 1.222 0.0
компенсировать 0.0 1.523 0.0
проблема 0.0 0.347 0.0
касаться 0.001 0.553 0.001
низкий 0.0 0.638 0.0
выпускаться 0.0 2.0 0.0
заморозить 0.0 1.699 0.0
упрощать 0.0 1.699 0.0
логистика 0.0 1.523 0.0
формально 0.0 1.398 0.0
являться 0.001 0.602 0.001
johnson 0.001 1.155 0.001
bio 0.0 1.699 0.0
оба 0.0 0.62 0.0
двухкомпонентный 0.0 1.523 0.0
просто 0.0 0.194 0.0
одинаковый 0.0 1.0 0.0
анонсировать 0.0 1.301 0.0
интервью 0.001 0.745 0.001
середина 0.0 0.854 0.0
июль 0.0 0.959 0.0
i/ii 0.001 1.523 0.002
суммарно 0.0 1.523 0.0
нейтрализовать 0.001 1.155 0.001
старший 0.001 0.678 0.001
logunov 0.0 2.0 0.0
et 0.0 1.699 0.0
al. 0.0 2.0 0.0
2021//https 0.0 2.0 0.0
//doi.org/10.1016/s0140-6736 0.0 2.0 0.0
00234-8 0.0 2.0 0.0
разбирать 0.0 0.854 0.0
вывод 0.0 0.886 0.0
сообщество 0.0 0.886 0.0
заключаться 0.0 0.959 0.0
по-видимому 0.0 0.959 0.0
эффективный 0.001 0.553 0.001
составить 0.001 0.658 0.001
-й 0.0 2.0 0.0
доверительный 0.0 1.155 0.0
интервал 0.0 1.046 0.0
примерно 0.001 0.585 0.001
возрастной 0.0 1.301 0.0
действие 0.0 0.409 0.0
начинать 0.0 0.569 0.0
сказываться 0.0 1.222 0.0
18–20-й 0.0 2.0 0.0
знать 0.004 0.244 0.001
момент 0.001 0.387 0.0
абсолютный 0.0 1.222 0.0
значение 0.0 0.721 0.0
самый 0.0 0.208 0.0
обсуждать 0.0 0.745 0.0
десятилетиерассказывать 0.0 2.0 0.0
хвалить 0.0 1.699 0.0
критиковать 0.0 1.301 0.0
учёный 0.0 0.569 0.0
наконец-то 0.0 1.222 0.0
создатель 0.0 1.0 0.0
вопрос 0.0 0.276 0.0
остаться 0.0 0.432 0.0
телеграм 0.0 1.0 0.0
народный 0.0 0.959 0.0
коронавирусама 0.0 2.0 0.0
спросить 0.0 1.222 0.0
организатор 0.0 1.301 0.0
узнать 0.0 0.481 0.0
процентный 0.0 1.699 0.0
pfizer 0.0 0.886 0.0
спецкор 0.0 0.921 0.0
светлана 0.0 1.046 0.0
рейтер 0.0 1.155 0.0
попросить 0.0 0.699 0.0
записывать 0.0 1.301 0.0
ощущение 0.0 1.097 0.0
большой 0.0 0.347 0.0
денис 0.0 1.222 0.0
логун 0.0 1.523 0.0
рассказать 0.0 0.469 0.0
сентябрь 0.0 0.824 0.0
помимо 0.0 0.796 0.0
основный 0.0 0.62 0.0
дополнительный 0.0 0.77 0.0
формулировка 0.0 1.301 0.0
название 0.0 0.745 0.0
онкопациент 0.0 2.0 0.0
привлечь 0.0 1.097 0.0
150–250 0.0 2.0 0.0
установить 0.0 0.721 0.0
удаться 0.0 0.456 0.0
озвучить 0.0 1.301 0.0
премьер-министр 0.0 1.301 0.0
михаил 0.0 0.921 0.0
мишустин 0.0 1.301 0.0
заседание 0.0 1.097 0.0
правительственный 0.0 1.301 0.0
комиссия 0.001 1.222 0.001
накопить 0.0 1.523 0.0
итог 0.0 0.509 0.0
сегодняшний 0.001 1.155 0.001
дата 0.0 1.301 0.0
находиться 0.001 0.367 0.0
оборот 0.0 1.222 0.0
планировать 0.001 0.886 0.001
объём 0.0 1.0 0.0
приходиться 0.0 0.745 0.0
квартал 0.0 0.959 0.0
уровень 0.0 0.367 0.0
30,5 0.0 2.0 0.0
оценка 0.0 0.745 0.0
гражданин 0.0 0.553 0.0
доступно 0.0 1.699 0.0
выпустить 0.0 0.699 0.0
использование 0.0 0.066 0.0
население 0.0 0.569 0.0
слово 0.001 0.268 0.0
вице-премьер 0.0 1.222 0.0
рф 0.0 0.745 0.0
татьяна 0.0 1.398 0.0
голиков 0.0 1.699 0.0
январь 0.001 0.824 0.001
провести 0.0 0.538 0.0
направить 0.0 0.959 0.0
регион 0.0 0.638 0.0
рфпить 0.001 1.523 0.002
заключить 0.0 1.097 0.0
экспортный 0.0 1.523 0.0
контракт 0.0 1.301 0.0
поставка 0.002 0.921 0.002
рубеж 0.0 1.097 0.0
бразилия 0.0 1.155 0.0
сербия 0.0 1.523 0.0
боливия 0.0 1.523 0.0
венгрия 0.0 1.301 0.0
далее 0.0 0.921 0.0
срок 0.0 0.824 0.0
зафиксировать 0.0 0.921 0.0
договор 0.0 1.155 0.0
площадка 0.0 0.796 0.0
поставлять 0.0 1.155 0.0
экспорт 0.0 1.398 0.0
раскрыть 0.0 1.222 0.0
полгода 0.0 0.886 0.0
турция 0.0 1.222 0.0
известно 0.001 0.481 0.0
значительный 0.0 0.854 0.0
аргентина 0.0 0.921 0.0
наступление 0.0 1.097 0.0
отгрузить 0.0 2.0 0.0
пятый 0.0 0.854 0.0
кроме 0.001 0.387 0.0
сведение 0.0 1.046 0.0
озвучивать 0.0 1.699 0.0
чиновник 0.0 1.0 0.0
статистика 0.0 0.921 0.0
отличие 0.001 0.699 0.001
израиль 0.0 0.921 0.0
многий 0.0 0.495 0.0
темп 0.0 0.959 0.0
данные 0.001 0.31 0.0
издание 0.0 0.481 0.0
рбк 0.0 1.523 0.0
около 0.0 0.432 0.0
недостаток 0.0 1.0 0.0
невозможно 0.0 0.602 0.0
дело 0.0 0.252 0.0
бутылочный 0.0 2.0 0.0
горлышко 0.0 2.0 0.0
отсутствие 0.0 0.699 0.0
нежелание 0.0 1.301 0.0
прививаться 0.001 0.824 0.001
вакцинныхскептик 0.0 2.0 0.0
пандемия 0.0 0.538 0.0
сильно 0.0 0.509 0.0
отставать 0.0 1.699 0.0
вакцинирование 0.0 1.398 0.0
великобритания 0.001 0.699 0.001
оаэ 0.0 1.301 0.0
бахрейн 0.0 1.699 0.0
москва 0.0 0.523 0.0
по-разному 0.0 1.222 0.0
где-то 0.0 0.721 0.0
сложно 0.0 0.538 0.0
врач 0.0 0.509 0.0
стартовать 0.0 1.398 0.0
осень 0.0 1.0 0.0
существенно 0.001 0.721 0.001
маленький 0.001 0.328 0.0
ранний 0.001 0.409 0.0
экспертный 0.0 1.523 0.0
проверка 0.0 0.921 0.0
публиковать 0.0 0.638 0.0
заключение 0.0 1.046 0.0
лекарство 0.0 0.569 0.0
выходить 0.0 0.62 0.0
рынок 0.0 0.699 0.0
исполняться 0.0 2.0 0.0
западный 0.0 0.553 0.0
добровольно 0.0 1.301 0.0
начаться 0.001 0.367 0.0
разрабатывать 0.0 1.301 0.0
безопасно 0.0 0.066 0.0
роспотребнадзор 0.001 1.301 0.001
пептидный 0.0 1.398 0.0
неизвестный 0.001 1.097 0.001
условие 0.0 0.495 0.0
туркмения 0.0 2.0 0.0
пептид 0.001 1.699 0.002
содержать 0.001 0.745 0.001
вспомогательный 0.0 1.699 0.0
вещество 0.0 1.0 0.0
белок-носитель 0.0 1.699 0.0
адъюванта 0.0 1.523 0.0
гидроксид 0.0 1.699 0.0
алюминий 0.001 1.699 0.002
состоять 0.0 0.959 0.0
три 0.0 0.569 0.0
синтетический 0.0 1.699 0.0
соединить 0.0 1.301 0.0
закрепить 0.0 1.523 0.0
единственный 0.001 0.481 0.0
прошедший 0.0 1.523 0.0
далёкий 0.0 0.481 0.0
завершение 0.0 1.097 0.0
фрагмент 0.0 1.155 0.0
вирусный 0.0 1.097 0.0
белок 0.0 1.155 0.0
максимально 0.0 0.721 0.0
подверженный 0.0 1.398 0.0
изменчивость 0.0 1.699 0.0
сторона 0.0 0.347 0.0
плохо 0.0 0.569 0.0
повлиять 0.0 1.0 0.0
вообще 0.001 0.066 0.0
обнаружить 0.0 0.658 0.0
университет 0.001 0.721 0.001
тюбинген 0.0 2.0 0.0
германия 0.0 0.699 0.0
вступить 0.0 1.155 0.0
neo7logic 0.0 2.0 0.0
турецкий 0.0 1.699 0.0
босфор 0.0 1.699 0.0
публично 0.0 1.046 0.0
исчерпываться 0.0 1.523 0.0
патент 0.0 1.523 0.0
страничка 0.0 2.0 0.0
часто 0.0 0.456 0.0
задавать 0.0 1.222 0.0
напомнить 0.0 0.699 0.0
чаво 0.0 2.0 0.0
рецензироваться 0.0 2.0 0.0
независимый 0.0 0.409 0.0
пресс-служба 0.0 1.155 0.0
отправить 0.0 0.959 0.0
i—ii 0.0 1.699 0.0
зарубежный 0.0 0.886 0.0
рецензировать 0.0 2.0 0.0
отправка 0.0 1.523 0.0
гарантировать 0.0 0.854 0.0
принцип 0.0 0.638 0.0
отбираться 0.0 1.699 0.0
последовательность 0.0 1.222 0.0
пересекаться 0.0 1.523 0.0
участок 0.0 0.959 0.0
шиповидный 0.0 2.0 0.0
больший 0.0 0.328 0.0
стимулировать 0.0 1.301 0.0
работа 0.0 0.357 0.0
ясно 0.001 0.886 0.001
эксперимент 0.0 0.959 0.0
сотрудник 0.0 0.658 0.0
определять 0.0 1.155 0.0
титр 0.001 1.097 0.001
ограничиться 0.0 1.523 0.0
примат 0.0 1.699 0.0
вроде 0.0 0.658 0.0
пусть 0.0 0.921 0.0
написать 0.0 0.62 0.0
выше 0.0 0.509 0.0
принять 0.0 0.42 0.0
участие 0.002 0.638 0.001
соответственно 0.0 0.921 0.0
индукция 0.0 1.699 0.0
специфический 0.0 1.301 0.0
произойти 0.0 0.638 0.0
самоорганизоваться 0.0 1.699 0.0
участник 0.0 0.658 0.0
обнаруживаться 0.0 1.398 0.0
никакой 0.0 0.409 0.0
тест-система 0.0 1.699 0.0
система 0.0 0.398 0.0
доказывать 0.0 1.301 0.0
принципиально 0.0 0.959 0.0
способный 0.0 0.854 0.0
работать 0.0 0.102 0.0
объяснение 0.0 1.0 0.0
пытаться 0.0 0.409 0.0
обрывок 0.0 2.0 0.0
представлять 0.0 0.678 0.0
себя 0.0 0.62 0.0
предлагаться 0.0 1.301 0.0
премьер 0.0 1.523 0.0
выделить 0.0 0.066 0.0
миллиард 0.001 1.046 0.001
рубль 0.0 1.0 0.0
совещание 0.0 1.523 0.0
интерфакс 0.0 1.699 0.0
сделать 0.0 0.208 0.0
гендиректор 0.0 1.222 0.0
ринат 0.0 1.699 0.0
максют 0.0 2.0 0.0
заявить 0.0 0.553 0.0
предприятие 0.0 0.959 0.0
московский 0.0 0.824 0.0
рассматривать 0.0 1.097 0.0
повторить 0.0 1.046 0.0
литература 0.0 0.959 0.0
убитый 0.0 1.523 0.0
роль 0.0 0.721 0.0
0,5 0.0 1.699 0.0
миллилитр 0.0 1.699 0.0
микрограмм 0.0 1.523 0.0
клеточный 0.0 1.0 0.0
линия 0.0 1.0 0.0
vero 0.0 2.0 0.0
индивидуальный 0.0 1.097 0.0
флакон 0.0 1.523 0.0
иммунобиологический 0.0 2.0 0.0
имя 0.0 0.585 0.0
м. 0.0 1.699 0.0
п. 0.0 1.523 0.0
инактивация 0.0 2.0 0.0
старый 0.0 0.658 0.0
отработать 0.0 1.699 0.0
испытанный 0.0 2.0 0.0
создание 0.0 0.921 0.0
обычный 0.0 0.509 0.0
заражать 0.0 1.222 0.0
выращиваться 0.0 1.699 0.0
биореактор 0.0 1.699 0.0
инактивироваться 0.0 2.0 0.0
химический 0.0 1.523 0.0
векторный 0.001 1.046 0.001
рнк-вакцина 0.0 2.0 0.0
продвинуться 0.0 2.0 0.0
проникать 0.0 1.155 0.0
t-лимфоцит 0.0 2.0 0.0
ограничиваться 0.0 1.699 0.0
менее 0.0 0.432 0.0
применяться 0.0 1.046 0.0
профилактика 0.0 0.886 0.0
борьба 0.0 0.658 0.0
энцефалит 0.0 1.523 0.0
полиомиелит 0.0 1.699 0.0
друг 0.0 0.387 0.0
основной 0.0 0.854 0.0
вирус-возбудитель 0.0 2.0 0.0
механизм 0.0 0.886 0.0
обезвредить 0.0 2.0 0.0
высокий 0.0 0.495 0.0
температура 0.0 0.824 0.0
потенциальный 0.0 0.886 0.0
конкурент 0.0 1.301 0.0
назвать 0.0 0.569 0.0
индийский 0.0 1.222 0.0
казахстанский 0.0 1.699 0.0
институт 0.0 0.77 0.0
вирусология 0.0 1.699 0.0
город 0.0 0.409 0.0
ухань 0.0 1.699 0.0
мышь 0.0 1.398 0.0
мармозетка 0.0 2.0 0.0
кролик 0.0 2.0 0.0
морской 0.0 1.523 0.0
свинка 0.0 1.699 0.0
выяснить 0.0 0.824 0.0
n+1 0.0 2.0 0.0
поговорить 0.0 0.62 0.0
инъекция 0.001 1.523 0.002
достаточный 0.0 0.854 0.0
включать 0.0 0.959 0.0
запланировать 0.0 1.155 0.0
март 0.0 0.284 0.0
известный 0.001 0.569 0.001
нежелательный 0.0 0.77 0.0
явление 0.0 0.886 0.0
содержаться 0.0 1.222 0.0
утверждаться 0.0 1.097 0.0
системный 0.0 1.398 0.0
частый 0.0 0.523 0.0
побочка 0.0 1.301 0.0
боль 0.0 0.699 0.0
место 0.0 0.409 0.0
укол 0.0 1.0 0.0
наблюдаться 0.0 0.921 0.0
иммуногенность 0.001 1.301 0.001
способность 0.0 0.77 0.0
выработка 0.001 1.155 0.001
т-клетка 0.0 1.699 0.0
т. 0.0 0.921 0.0
заявление 0.0 0.62 0.0
директор 0.0 0.796 0.0
айдар 0.0 1.699 0.0
ишмухаметов 0.0 2.0 0.0
испытуемый 0.0 1.398 0.0
28-й 0.0 1.699 0.0
появляться 0.0 0.658 0.0
противоречие 0.0 1.699 0.0
детектировать 0.0 2.0 0.0
измерить 0.0 1.046 0.0
погрешность 0.0 2.0 0.0
кто 0.0 0.377 0.0
зато 0.0 0.886 0.0
почему-то 0.0 1.222 0.0
лечь 0.0 1.523 0.0
штамм 0.0 0.796 0.0
пациент 0.0 0.678 0.0
больница 0.0 0.495 0.0
коммунарка 0.0 1.699 0.0
живой 0.0 0.553 0.0
промышленный 0.0 1.523 0.0
запустить 0.0 1.046 0.0
предполагать 0.0 0.699 0.0
выпускать 0.0 1.0 0.0
возможность 0.0 0.444 0.0
расширение 0.0 1.398 0.0
запуститься 0.0 1.699 0.0
сила 0.0 0.456 0.0
апрель 0.0 0.886 0.0
многое 0.0 0.886 0.0
подходить 0.0 1.155 0.0
предотвращение 0.0 1.523 0.0
мрнк-вакцина 0.0 1.046 0.0
ad5-ncov 0.001 1.699 0.002
конвидеция 0.0 1.699 0.0
продолжаться 0.0 0.699 0.0
°c 0.0 1.523 0.0
китай 0.0 0.824 0.0
мексика 0.001 1.523 0.002
пакистан 0.001 1.523 0.002
локализовать 0.0 1.523 0.0
схожий 0.0 1.155 0.0
нести 0.0 0.886 0.0
природный 0.0 1.155 0.0
саудовский 0.0 1.523 0.0
аравия 0.0 1.523 0.0
локализация 0.0 1.699 0.0
заниматься 0.0 0.62 0.0
петровакса 0.0 1.523 0.0
потенциально 0.001 1.046 0.001
способствовать 0.0 1.0 0.0
снизить 0.0 0.854 0.0
переболеть 0.0 0.745 0.0
стараться 0.0 0.854 0.0
использовать 0.0 0.319 0.0
прибегать 0.0 1.301 0.0
практически 0.0 0.602 0.0
непонятно 0.0 0.921 0.0
показать 0.001 0.432 0.0
обнадёживать 0.0 1.699 0.0
напрямую 0.0 1.0 0.0
ответ 0.0 0.432 0.0
называть 0.0 0.432 0.0
единичный 0.0 1.097 0.0
пояснить 0.0 1.523 0.0
завершить 0.0 1.155 0.0
николай 0.0 1.097 0.0
додонов 0.0 2.0 0.0
bloomberg 0.0 1.046 0.0
обработать 0.0 2.0 0.0
выработаться 0.0 1.301 0.0
применение 0.0 0.721 0.0
военный 0.0 0.444 0.0
оцениваться 0.0 1.155 0.0
восемь 0.0 0.854 0.0
чили 0.0 1.301 0.0
советник 0.0 1.097 0.0
антон 0.0 1.155 0.0
тихонов 0.0 1.699 0.0
настоящий 0.0 0.585 0.0
локальный 0.0 1.301 0.0
представитель 0.0 0.638 0.0
пообщаться 0.0 1.699 0.0
профиль 0.0 1.523 0.0
„ 0.0 0.62 0.0
“ 0.0 0.432 0.0
проанализировать 0.0 1.222 0.0
провакцинировать 0.0 2.0 0.0
ожидаться 0.0 1.046 0.0
совместный 0.0 0.886 0.0
комбинация 0.0 1.398 0.0
импортировать 0.0 1.699 0.0
субстанция 0.0 2.0 0.0
подготовка 0.0 0.886 0.0
производственный 0.0 1.699 0.0
процесс 0.0 0.538 0.0
мощность 0.0 1.523 0.0
однократный 0.0 2.0 0.0
оказаться 0.001 0.31 0.0
недостаточный 0.0 1.523 0.0
оксфордский 0.0 1.699 0.0
эффективность:82,4 0.0 2.0 0.0
промежуток 0.0 1.398 0.0
неделя 0.001 0.328 0.0
ii/iii 0.0 2.0 0.0
алжир 0.0 1.523 0.0
австралия 0.0 1.222 0.0
бангладеш 0.0 1.699 0.0
бутан 0.0 1.699 0.0
доминиканский 0.0 1.523 0.0
республика 0.0 0.921 0.0
египет 0.0 1.398 0.0
европейский 0.0 0.602 0.0
союз 0.0 0.886 0.0
исландия 0.0 1.699 0.0
индия 0.0 1.155 0.0
ирак 0.0 1.523 0.0
кувейт 0.0 1.699 0.0
мальдивский 0.0 2.0 0.0
остров 0.0 1.222 0.0
марокко 0.0 1.699 0.0
монголия 0.0 1.699 0.0
непал 0.0 1.699 0.0
норвегия 0.0 1.155 0.0
сейшельский 0.0 1.699 0.0
сальвадор 0.0 1.699 0.0
шри-ланка 0.0 1.699 0.0
южный 0.0 0.854 0.0
африка 0.0 1.222 0.0
корея 0.0 1.523 0.0
таиланд 0.0 1.523 0.0
королевство 0.0 2.0 0.0
филиппина 0.0 1.699 0.0
технический 0.0 0.959 0.0
azd1222 0.0 2.0 0.0
торговый 0.0 1.046 0.0
covishield 0.0 2.0 0.0
шимпанзе 0.0 1.523 0.0
chadox1 0.0 1.699 0.0
предусмотреть 0.0 1.699 0.0
оригинальный 0.0 2.0 0.0
иммунитет 0.001 0.77 0.001
reithera/leukocare/univercells 0.0 2.0 0.0
горилла 0.0 2.0 0.0
появление 0.0 0.699 0.0
лишь 0.0 0.481 0.0
несмотря 0.0 0.456 0.0
трудность 0.0 1.155 0.0
половина 0.0 0.721 0.0
достигать 0.0 1.301 0.0
разбивка 0.0 1.699 0.0
обещать 0.0 0.921 0.0
отметить 0.0 0.886 0.0
тяжелобольной 0.0 1.523 0.0
заметить 0.0 0.886 0.0
побочный 0.001 0.959 0.001
препринт 0.0 1.155 0.0
увеличение 0.0 1.222 0.0
окно 0.0 0.886 0.0
шесть 0.0 0.745 0.0
популяция 0.0 1.046 0.0
оно 0.0 0.444 0.0
влиять 0.0 0.886 0.0
плохой 0.0 0.509 0.0
прислать 0.0 0.77 0.0
юар 0.0 1.222 0.0
распространение 0.0 0.523 0.0
южноафриканский 0.0 1.523 0.0
501y.v2 0.0 2.0 0.0
целое 0.0 0.585 0.0
судить 0.0 0.585 0.0
выполняться 0.0 2.0 0.0
предварительный 0.0 0.959 0.0
принимать 0.0 0.432 0.0
приводить 0.0 0.602 0.0
карта 0.0 0.886 0.0
.pdf 0.0 1.398 0.0
р-фарм 0.0 1.699 0.0
ранее 0.0 0.62 0.0
аналитический 0.0 1.155 0.0
torreya 0.0 2.0 0.0
июнь 0.0 0.699 0.0
недоступный 0.0 1.398 0.0
искусственно 0.0 2.0 0.0
синтезировать 0.0 1.699 0.0
матричный 0.0 1.699 0.0
рнк 0.001 1.301 0.001
упаковать 0.0 2.0 0.0
липидный 0.0 1.523 0.0
пузырёк 0.0 1.523 0.0
нуклеиновый 0.0 1.699 0.0
кислота 0.0 1.523 0.0
исходно 0.0 1.398 0.0
biontech 0.0 1.699 0.0
версия 0.001 0.77 0.001
bnt162b1 0.0 2.0 0.0
bnt162b2 0.0 2.0 0.0
признать 0.0 0.658 0.0
удачный 0.0 1.301 0.0
из-за 0.001 0.229 0.0
малый 0.0 0.678 0.0
частота 0.0 0.959 0.0
присутствовать 0.0 1.097 0.0
точечный 0.0 2.0 0.0
изменение 0.0 0.854 0.0
мрнк 0.0 1.155 0.0
впервые 0.0 0.824 0.0
довольно 0.001 0.523 0.001
нестабильный 0.0 2.0 0.0
видимо 0.0 0.824 0.0
отражаться 0.0 1.699 0.0
требоваться 0.0 0.854 0.0
хранить 0.0 1.699 0.0
глубокий 0.0 1.097 0.0
заморозок 0.0 2.0 0.0
минус 0.0 1.222 0.0
градус 0.0 1.398 0.0
цельсий 0.0 2.0 0.0
достижимый 0.0 2.0 0.0
холодильник 0.0 2.0 0.0
сухой 0.0 1.398 0.0
лёд 0.0 1.699 0.0
решить 0.0 0.398 0.0
c 0.0 1.046 0.0
мобильный 0.0 1.222 0.0
отслеживание 0.0 1.523 0.0
потребовать 0.0 1.097 0.0
перезарядка 0.0 2.0 0.0
основать 0.0 0.921 0.0
изменить 0.0 0.538 0.0
достижение 0.0 1.097 0.0
зависеть 0.0 0.509 0.0
возраст 0.0 0.658 0.0
пол 0.0 1.155 0.0
раса 0.0 1.398 0.0
отмечаться 0.0 1.523 0.0
65+ 0.0 2.0 0.0
свыше 0.0 1.699 0.0
сомнение 0.0 0.959 0.0
обнаружиться 0.0 1.523 0.0
преимущественно 0.0 1.222 0.0
слабость 0.0 1.523 0.0
головной 0.0 1.155 0.0
наблюдение 0.0 0.886 0.0
подать 0.0 1.046 0.0
заявка 0.0 1.155 0.0
eua 0.0 1.523 0.0
подобный 0.0 0.721 0.0
быстрый 0.0 0.699 0.0
главное 0.0 0.585 0.0
рассматриваться 0.0 1.699 0.0
подача 0.0 1.523 0.0
эпидемиолог 0.0 1.301 0.0
интересовать 0.0 1.398 0.0
создавать 0.0 0.796 0.0
стерилизовать 0.0 1.523 0.0
грубо 0.0 1.046 0.0
защищать 0.0 0.585 0.0
симптом 0.0 0.824 0.0
по-прежнему 0.0 0.824 0.0
инфицироваться 0.0 2.0 0.0
предотвращать 0.0 1.301 0.0
развитие 0.0 0.638 0.0
размножение 0.0 1.523 0.0
организм 0.0 0.745 0.0
moderna/nih 0.0 2.0 0.0
mrna-1273 0.0 2.0 0.0
крайне 0.0 0.721 0.0
причём 0.0 0.62 0.0
измерение 0.0 1.301 0.0
минимальный 0.0 0.959 0.0
скора 0.0 2.0 0.0
упаковка 0.0 1.523 0.0
рнк-молекула 0.0 2.0 0.0
объявить 0.0 0.553 0.0
упростить 0.0 1.523 0.0
дистрибуция 0.0 1.699 0.0
сравнение 0.0 0.602 0.0
набор 0.0 0.959 0.0
fda 0.0 1.222 0.0
медицинский 0.0 0.523 0.0
агентство 0.0 0.824 0.0
постепенно 0.0 1.222 0.0
швейцария 0.0 1.301 0.0
канада 0.0 1.301 0.0
сингапур 0.0 1.699 0.0
успешно 0.0 1.097 0.0
уточнить 0.0 1.097 0.0
сообщаться 0.0 1.097 0.0
раз 0.0 0.569 0.0
означать 0.0 0.585 0.0
хватить 0.0 1.155 0.0
август 0.0 0.854 0.0
штат 0.0 1.097 0.0
дополнительно 0.0 1.398 0.0
доллар 0.0 0.921 0.0
обмен 0.0 1.097 0.0
аналогичный 0.0 0.959 0.0
сделка 0.0 1.398 0.0
япония 0.0 1.301 0.0
катар 0.0 1.398 0.0
ес 0.0 1.0 0.0
novavax 0.0 1.699 0.0
субъединичный 0.0 2.0 0.0
агрегат 0.0 2.0 0.0
наночастица 0.0 2.0 0.0
состав 0.0 0.745 0.0
играть 0.0 0.699 0.0
стимулирование 0.0 1.523 0.0
интересно 0.0 1.398 0.0
насекомое 0.0 2.0 0.0
кукурузный 0.0 2.0 0.0
совка 0.0 2.0 0.0
sanofi 0.0 2.0 0.0
pasteur 0.0 2.0 0.0
gsk 0.0 2.0 0.0
стадия 0.0 1.222 0.0
адъювант 0.0 2.0 0.0
средний 0.0 0.796 0.0
мнение 0.0 0.509 0.0
иммунолог 0.0 2.0 0.0
флориан 0.0 2.0 0.0
краммера 0.0 2.0 0.0
давать 0.0 0.31 0.0
хороший 0.0 0.377 0.0
партнёр 0.0 1.222 0.0
договориться 0.0 1.155 0.0
ясный 0.0 1.222 0.0
рекомбинантный 0.0 1.699 0.0
сопрячь 0.0 2.0 0.0
ad26.cov2.s 0.0 2.0 0.0
наряду 0.0 1.398 0.0
одновременно 0.0 0.796 0.0
двукратный 0.0 1.523 0.0
октябрь 0.0 0.796 0.0
прерывать 0.0 1.699 0.0
болезнь 0.0 0.553 0.0
входить 0.0 1.0 0.0
продолжиться 0.0 1.155 0.0
евросоюз 0.0 0.886 0.0
интерес 0.0 0.155 0.0
необходимость 0.0 0.745 0.0
позволить 0.0 0.62 0.0
различие 0.0 1.155 0.0
тонкость 0.0 2.0 0.0
дозирование 0.0 2.0 0.0
лицензирование 0.0 2.0 0.0
класс 0.0 1.097 0.0
биобезопасность 0.0 1.699 0.0
среднее 0.0 0.77 0.0
выдающийся 0.0 1.699 0.0
вырабатывать 0.0 1.523 0.0
испытать 0.0 1.699 0.0
слабо 0.0 1.398 0.0
появиться 0.0 0.367 0.0
территория 0.0 0.62 0.0
указать 0.0 0.796 0.0
цельный 0.0 2.0 0.0
картина 0.0 0.721 0.0
поставляться 0.0 1.523 0.0
ниша 0.0 1.699 0.0
занять 0.0 0.921 0.0
кандидат 0.0 1.699 0.0
доклиника 0.0 1.699 0.0
необычный 0.0 1.301 0.0
спреть 0.0 2.0 0.0
iga 0.0 2.0 0.0
поверхность 0.0 1.222 0.0
слизистый 0.0 1.523 0.0
мишень 0.0 1.398 0.0
атака 0.0 0.959 0.0
стойкий 0.0 1.222 0.0
обратиться 0.0 0.658 0.0
вакцинный 0.0 1.097 0.0
фундаментальный 0.0 1.301 0.0
nature 0.0 1.523 0.0
следить 0.0 0.796 0.0
экран 0.0 1.155 0.0
перспективный 0.0 1.523 0.0
дополняться 0.0 2.0 0.0
открыть 0.0 0.538 0.0
лицензия 0.0 0.854 0.0
creative 0.0 0.921 0.0
commons 0.0 1.0 0.0
cc 0.0 1.046 0.0
by 0.0 0.658 0.0
перепечатать 0.0 1.097 0.0
фотография 0.0 0.553 0.0
распространяться 0.0 0.699 0.0
24/7 0.0 0.102 0.0
читателейн 0.0 0.174 0.0
срочно 0.0 0.167 0.0
александр 0.0 0.456 0.0
ершовый 0.0 0.77 0.0
даниил 0.0 2.0 0.0
давыдов 0.0 2.0 0.0
редакция 0.0 0.066 0.0
кодекс 0.0 0.066 0.0
блог 0.0 0.066 0.0
meduzacare 0.0 0.066 0.0
связаться 0.0 0.066 0.0
анонимно 0.0 0.066 0.0
платформа 0.0 0.066 0.0
ios 0.0 0.066 0.0
android 0.0 0.066 0.0
инстаграм 0.0 0.066 0.0
twitter 0.0 0.0 0.0
facebook 0.0 0.0 0.0
вконтакте 0.0 0.066 0.0
youtube 0.0 0.06 0.0
meduza 0.0 0.0 0.0
– 0.0 0.06 0.0
live 0.0 0.022 0.0
вечерний 0.0 0.066 0.0
реклама 0.0 0.066 0.0
баннер 0.0 0.066 0.0
персональный 0.0 0.066 0.0
обработка 0.0 0.066 0.0
кук 0.0 0.066 0.0
наслать 0.0 0.066 0.0
ошибка 0.0 0.066 0.0
нажать 0.0 0.066 0.0
ctrl+enter 0.0 0.066 0.0
спасибоgiphyз 0.0 0.066 0.0
гифка 0.0 0.066 0.0
© 0.0 0.0 0.0
