перейти 0.001 0.066 0.0
материал 0.003 0.066 0.0
связь 0.001 0.0 0.0
новостиисторииразборшапитокоронавирусмагаз 0.001 0.066 0.0
медуза 0.012 0.066 0.001
рекламаmeduza 0.001 0.066 0.0
in 0.001 0.0 0.0
english 0.001 0.06 0.0
показывать 0.001 0.066 0.0
порядок 0.002 0.066 0.0
en 0.001 0.066 0.0
кнопка 0.001 0.066 0.0
поддержка 0.002 0.066 0.0
разбор 0.001 0.387 0.0
из-за 0.003 0.229 0.001
ковид 0.007 0.387 0.003
человек 0.016 0.092 0.001
часто 0.004 0.456 0.002
плохой 0.004 0.509 0.002
чувствовать 0.012 0.678 0.008
запах 0.024999999999999998 1.523 0.038
это 0.022000000000000002 0.066 0.001
надолго 0.004 1.222 0.005
что-то 0.004 0.509 0.002
сделать 0.002 0.208 0.0
карточка 0.001 0.569 0.001
октябрь 0.001 0.796 0.001
случиться 0.003 0.509 0.002
возникать 0.003 0.824 0.002
проблема 0.007 0.347 0.002
обоняние 0.016 2.0 0.032
почему 0.004 0.337 0.001
вообще 0.005 0.066 0.0
происходить 0.003 0.301 0.001
пропадать 0.007 1.699 0.012
лечиться 0.003 1.398 0.004
подробный 0.003 0.569 0.002
делать 0.004 0.18 0.001
стать 0.003 0.149 0.0
неприятный 0.003 1.097 0.003
мочь 0.007 0.102 0.001
посоветовать 0.003 1.398 0.004
также 0.006 0.237 0.001
напоминать 0.003 0.921 0.003
данный 0.002 0.097 0.0
сообщение 0.001 0.102 0.0
создать 0.001 0.097 0.0
распространить 0.001 0.102 0.0
иностранный 0.004 0.097 0.0
средство 0.002 0.097 0.0
массовый 0.001 0.097 0.0
информация 0.004 0.102 0.0
выполнять 0.004 0.097 0.0
функция 0.004 0.097 0.0
агент 0.003 0.097 0.0
российский 0.001 0.071 0.0
юридический 0.002 0.102 0.0
лицо 0.001 0.086 0.0
мы 0.002 0.066 0.0
нужный 0.003 0.086 0.0
ваш 0.003 0.081 0.0
помощь 0.001 0.071 0.0
пожалуйста 0.001 0.102 0.0
поддержать 0.002 0.066 0.0
многие 0.001 0.284 0.0
заболеть 0.002 0.585 0.001
жаловаться 0.001 0.921 0.001
кто-то 0.004 0.523 0.002
переставать 0.001 1.155 0.001
вовсе 0.001 0.921 0.001
состояние 0.003 0.721 0.002
называться 0.001 0.699 0.001
аносмия 0.004 2.0 0.008
гипосмия 0.003 2.0 0.006
искажаться 0.001 2.0 0.002
результат 0.007 0.367 0.003
любой 0.001 0.319 0.0
еда 0.005 0.678 0.003
начать 0.001 0.276 0.0
пахнуть 0.009000000000000001 2.0 0.018
тошнотворный 0.002 2.0 0.004
паросмий 0.005 2.0 0.01
единственный 0.001 0.481 0.0
симптом 0.003 0.824 0.002
первый 0.005 0.143 0.001
появляться 0.001 0.658 0.001
остальной 0.002 0.553 0.001
решить 0.001 0.398 0.0
рассказать 0.001 0.469 0.0
известно 0.004 0.481 0.002
причина 0.006 0.398 0.002
развитие 0.003 0.638 0.002
прогноз 0.001 0.824 0.001
заслать 0.001 1.699 0.002
сюда 0.001 1.097 0.001
любознательность 0.001 2.0 0.002
очень 0.003 0.149 0.0
понимать 0.001 0.42 0.0
тема 0.001 0.678 0.001
уделяться 0.001 2.0 0.002
внимание 0.003 0.523 0.002
попасть 0.002 0.409 0.001
такой 0.004 0.114 0.0
ситуация 0.002 0.337 0.001
объяснение 0.001 1.0 0.001
вместе 0.001 0.602 0.001
возможность 0.004 0.444 0.002
наслаждаться 0.001 2.0 0.002
момент 0.001 0.387 0.0
различать 0.001 1.398 0.001
несколько 0.004 0.187 0.001
вкус 0.002 1.699 0.003
солёный 0.001 2.0 0.002
горький 0.001 1.398 0.001
сладкий 0.001 2.0 0.002
кислый 0.001 2.0 0.002
ум 0.001 1.301 0.001
возможно 0.001 0.398 0.0
жирный 0.001 2.0 0.002
некоторый 0.004 0.222 0.001
другой 0.005 0.097 0.0
нюанс 0.001 1.301 0.001
создаваться 0.001 1.222 0.001
счёт 0.001 0.721 0.001
поэтому 0.001 0.328 0.0
сложно 0.001 0.538 0.001
чувствоваться 0.002 1.523 0.003
ранний 0.001 0.409 0.0
казаться 0.001 0.409 0.0
пресный 0.001 2.0 0.002
кроме 0.003 0.387 0.001
отсутствие 0.001 0.699 0.001
небезопасно 0.003 1.398 0.004
учуять 0.001 2.0 0.002
утечка 0.002 1.301 0.003
газ 0.003 1.097 0.003
дым 0.002 1.301 0.003
пожар 0.001 1.155 0.001
понять 0.001 0.495 0.0
плохо 0.001 0.569 0.001
качество 0.001 0.553 0.001
жизнь 0.001 0.319 0.0
значительно 0.001 0.959 0.001
ухудшаться 0.001 1.523 0.002
выше 0.001 0.509 0.001
риск 0.001 0.357 0.0
депрессия 0.001 1.523 0.002
частый 0.001 0.523 0.001
тревожиться 0.001 2.0 0.002
нередко 0.001 1.222 0.001
маленький 0.004 0.328 0.001
есть 0.002 1.046 0.002
получать 0.001 0.569 0.001
питательный 0.001 2.0 0.002
вещество 0.002 1.0 0.002
необходимо 0.001 0.585 0.001
вместо 0.001 0.77 0.001
привычный 0.001 1.523 0.002
какой-то 0.004 0.328 0.001
мучительный 0.001 2.0 0.002
обычно 0.005 0.523 0.003
малоприятный 0.001 2.0 0.002
любимый 0.001 1.222 0.001
мыло 0.001 1.398 0.001
цветок 0.001 1.523 0.002
отвратительный 0.001 1.699 0.002
получить 0.001 0.328 0.0
удовольствие 0.001 1.523 0.002
многое 0.001 0.886 0.001
мыть 0.001 1.155 0.001
рука 0.001 0.62 0.001
порой 0.001 1.398 0.001
испытывать 0.001 1.0 0.001
настоящий 0.001 0.585 0.001
отвращение 0.001 2.0 0.002
достоверно 0.001 1.155 0.001
неизвестно 0.001 0.77 0.001
один 0.003 0.119 0.0
последний 0.001 0.284 0.0
анализ 0.001 0.721 0.001
иметься 0.001 0.77 0.001
данные 0.001 0.31 0.0
говориться 0.001 0.796 0.001
среднее 0.003 0.77 0.002
случаться 0.001 1.155 0.001
половина 0.001 0.721 0.001
европеец 0.001 1.398 0.001
пациент 0.007 0.678 0.005
страна 0.001 0.155 0.0
азия 0.001 1.523 0.002
теория 0.003 1.0 0.003
доступ 0.001 0.796 0.001
молекула 0.001 1.301 0.001
отвечать 0.005 0.456 0.002
рецептор 0.003 1.523 0.005
который 0.012 0.071 0.001
воспринимать 0.001 1.222 0.001
блокироваться 0.001 2.0 0.002
отёк 0.001 1.699 0.002
слизистый 0.001 1.523 0.002
нос 0.003 1.301 0.004
избыток 0.001 1.398 0.001
сопля 0.001 2.0 0.002
нередкий 0.001 1.699 0.002
история 0.001 0.26 0.0
вирусный 0.001 1.097 0.001
инфекция 0.002 0.569 0.001
приводить 0.001 0.602 0.001
насморк 0.002 2.0 0.004
развиваться 0.001 1.155 0.001
тот 0.006 0.131 0.001
кто 0.001 0.377 0.0
нервный 0.007 1.155 0.008
клетка 0.012 0.921 0.011
передача 0.001 1.222 0.001
гибнуть 0.001 1.155 0.001
этот 0.002 0.137 0.0
поступать 0.001 1.699 0.002
мозг 0.004 1.301 0.005
сомнение 0.001 0.959 0.001
вызывать 0.001 0.523 0.001
большой 0.002 0.347 0.001
часть 0.003 0.377 0.001
возвращаться 0.004 0.854 0.003
быстрый 0.001 0.699 0.001
восстанавливаться 0.002 1.523 0.003
коронавирус 0.003 0.387 0.001
зацепиться 0.001 2.0 0.002
специфичный 0.001 1.398 0.001
ворота 0.001 1.523 0.002
попадать 0.001 0.854 0.001
вирус 0.004 0.538 0.002
проникать 0.002 1.155 0.002
глубоко 0.001 1.398 0.001
восприятие 0.004 1.523 0.006
работа 0.001 0.357 0.0
нарушаться 0.001 1.398 0.001
повреждение 0.001 1.398 0.001
позволить 0.001 0.62 0.001
количество 0.001 0.481 0.0
восстановиться 0.003 1.523 0.005
быстро 0.001 0.495 0.0
повреждаться 0.001 1.523 0.002
поддерживать 0.002 0.569 0.001
обонятельный 0.003 2.0 0.006
система 0.001 0.398 0.0
помогать 0.001 0.444 0.0
участвовать 0.001 0.569 0.001
сам 0.003 0.137 0.0
этап 0.001 0.921 0.001
время 0.001 0.086 0.0
выходить 0.001 0.62 0.001
строй 0.001 1.699 0.002
плюс 0.001 1.0 0.001
необходимый 0.001 0.638 0.001
новый 0.001 0.187 0.0
теоретически 0.001 1.046 0.001
зона 0.001 0.921 0.001
урон 0.001 2.0 0.002
масштабный 0.001 1.0 0.001
пытаться 0.001 0.409 0.0
работать 0.004 0.102 0.0
должный 0.001 0.201 0.0
возникнуть 0.003 0.77 0.002
искажение 0.001 1.523 0.002
вплоть 0.001 1.222 0.001
признать 0.001 0.658 0.001
исследование 0.006 0.42 0.003
учёный 0.001 0.569 0.001
уделять 0.001 1.699 0.002
гораздо 0.001 0.699 0.001
восемь-девять 0.001 1.699 0.002
день 0.006 0.167 0.001
везти 0.001 1.222 0.001
нормальный 0.001 0.77 0.001
уходить 0.002 0.824 0.002
сожаление 0.003 0.553 0.002
дело 0.001 0.252 0.0
мало 0.001 0.538 0.001
к 0.001 0.745 0.001
весь 0.002 0.114 0.0
небольшой 0.003 0.602 0.002
участие 0.001 0.638 0.001
провести 0.001 0.538 0.001
италия 0.001 1.046 0.001
наблюдать 0.001 0.824 0.001
судить 0.001 0.585 0.001
рекордный 0.001 1.097 0.001
продолжительность 0.001 1.301 0.001
прицел 0.001 1.699 0.002
потеря 0.001 0.824 0.001
большинство 0.001 0.509 0.001
итог 0.001 0.509 0.001
однако 0.003 0.337 0.001
сохраниться 0.001 1.155 0.001
отклонение 0.001 2.0 0.002
либо 0.003 0.569 0.002
знать 0.002 0.244 0.0
рекомендовать 0.001 0.569 0.001
ждать 0.001 0.481 0.0
следить 0.001 0.796 0.001
рацион 0.001 1.523 0.002
сбалансированный 0.001 1.398 0.001
тренироваться 0.001 2.0 0.002
ряд 0.001 0.824 0.001
эффективность 0.003 0.538 0.002
показать 0.003 0.432 0.001
метод 0.004 0.678 0.003
каждый 0.004 0.244 0.001
нюхать 0.004 2.0 0.008
довольно 0.001 0.523 0.001
сильно 0.003 0.509 0.002
поочерёдно 0.001 2.0 0.002
давать 0.001 0.31 0.0
становиться 0.001 0.553 0.001
вряд 0.001 0.854 0.001
опасный 0.001 0.699 0.001
рекомендуютиспользовать 0.001 2.0 0.002
пропасть 0.001 1.301 0.001
интересный 0.001 1.155 0.001
подробность 0.001 1.0 0.001
проводить 0.001 0.509 0.001
тренировка 0.002 1.699 0.003
найти 0.001 0.456 0.0
напомнить 0.001 0.699 0.001
онлайн-переводчик 0.001 1.699 0.002
краткий 0.001 1.222 0.001
версия 0.001 0.77 0.001
взять 0.001 0.553 0.001
четыре 0.001 0.509 0.001
закрытый 0.001 0.854 0.001
подписать 0.001 1.046 0.001
контейнер 0.004 2.0 0.008
разный 0.001 0.276 0.0
использоваться 0.001 0.585 0.001
лимон 0.001 2.0 0.002
эвкалипт 0.001 2.0 0.002
роза 0.001 1.699 0.002
гвоздика 0.001 2.0 0.002
открыть 0.002 0.538 0.001
понюхать 0.001 2.0 0.002
оценить 0.001 0.678 0.001
пятибальный 0.001 2.0 0.002
шкала 0.001 1.222 0.001
насколько 0.001 0.42 0.0
записать 0.001 0.959 0.001
дата 0.001 1.301 0.001
откуда 0.001 1.046 0.001
начинать 0.001 0.569 0.001
повторять 0.001 1.222 0.001
запись 0.001 1.0 0.001
лишь 0.001 0.481 0.0
изредка 0.001 1.699 0.002
смочь 0.001 0.328 0.0
замечать 0.001 1.222 0.001
прогресс 0.001 1.398 0.001
раз 0.001 0.569 0.001
содержимое 0.001 1.523 0.002
секунда 0.001 1.301 0.001
перерыв 0.001 1.301 0.001
внимательно 0.001 1.301 0.001
представлять 0.001 0.678 0.001
объект 0.001 0.886 0.001
соответствующе 0.001 2.0 0.002
держать 0.001 0.824 0.001
где-то 0.001 0.721 0.001
вид 0.001 0.398 0.0
забывать 0.001 1.0 0.001
упражнение 0.001 2.0 0.002
касаться 0.001 0.553 0.001
рекомендоваться 0.001 1.046 0.001
очередь 0.001 0.538 0.001
устранять 0.001 1.699 0.002
например 0.001 0.229 0.0
заложенность 0.001 2.0 0.002
патологический 0.001 1.699 0.002
сухость 0.001 2.0 0.002
рот 0.001 1.301 0.001
случай 0.002 0.194 0.0
невозможно 0.001 0.602 0.001
специфический 0.001 1.301 0.001
лечение 0.001 0.77 0.001
сей 0.001 0.456 0.0
пора 0.001 0.357 0.0
существовать 0.001 0.602 0.001
организм 0.001 0.745 0.001
врач 0.001 0.509 0.001
использовать 0.001 0.319 0.0
препарат 0.001 0.585 0.001
польза 0.001 0.745 0.001
сомнительный 0.001 1.398 0.001
точка 0.001 0.444 0.0
зрение 0.001 0.585 0.001
россия 0.001 0.108 0.0
назначать 0.001 1.398 0.001
доктор 0.001 1.699 0.002
редкий 0.001 0.824 0.001
паросмия 0.001 2.0 0.002
удалять 0.001 1.222 0.001
слизистая 0.001 1.699 0.002
оболочка 0.001 1.398 0.001
область 0.001 0.523 0.001
забыть 0.001 1.046 0.001
купить 0.001 0.796 0.001
домой 0.001 0.824 0.001
датчик 0.001 2.0 0.002
детектор 0.001 2.0 0.002
безопасность 0.001 0.387 0.0
воздух 0.004 0.886 0.004
очиститель 0.001 2.0 0.002
выбрать 0.001 0.886 0.001
кварцевание 0.001 2.0 0.002
полезно 0.001 1.699 0.002
комнатный 0.001 2.0 0.002
растение 0.001 2.0 0.002
важный 0.001 0.284 0.0
вопрос 0.001 0.276 0.0
дом 0.001 0.495 0.0
распространение 0.001 0.523 0.001
лицензия 0.002 0.854 0.002
creative 0.001 0.921 0.001
commons 0.001 1.0 0.001
cc 0.001 1.046 0.001
by 0.001 0.658 0.001
перепечатать 0.001 1.097 0.001
фотография 0.001 0.553 0.001
распространяться 0.001 0.699 0.001
24/7 0.001 0.102 0.0
интерес 0.001 0.155 0.0
читателейн 0.001 0.174 0.0
срочно 0.001 0.167 0.0
хотеть 0.001 0.102 0.0
помочь 0.001 0.125 0.0
дарья 0.001 0.921 0.001
саркисян 0.001 0.959 0.001
редакция 0.003 0.066 0.0
кодекс 0.001 0.066 0.0
блог 0.001 0.066 0.0
meduzacare 0.001 0.066 0.0
связаться 0.001 0.066 0.0
анонимно 0.001 0.066 0.0
платформа 0.003 0.066 0.0
ios 0.001 0.066 0.0
android 0.001 0.066 0.0
инстаграм 0.001 0.066 0.0
twitter 0.001 0.0 0.0
facebook 0.001 0.0 0.0
вконтакте 0.001 0.066 0.0
youtube 0.001 0.06 0.0
meduza 0.003 0.0 0.0
– 0.001 0.06 0.0
live 0.001 0.022 0.0
вечерний 0.001 0.066 0.0
реклама 0.003 0.066 0.0
требование 0.001 0.066 0.0
баннер 0.001 0.066 0.0
безопасно 0.001 0.066 0.0
персональный 0.001 0.066 0.0
дать 0.001 0.066 0.0
правило 0.001 0.066 0.0
обработка 0.001 0.066 0.0
использование 0.001 0.066 0.0
кук 0.001 0.066 0.0
наслать 0.001 0.066 0.0
ошибка 0.001 0.066 0.0
выделить 0.001 0.066 0.0
нажать 0.001 0.066 0.0
ctrl+enter 0.001 0.066 0.0
спасибоgiphyз 0.001 0.066 0.0
гифка 0.001 0.066 0.0
© 0.001 0.0 0.0
