перейти 0.001 0.066 0.0
материал 0.002 0.066 0.0
связь 0.002 0.0 0.0
новостиисторииразборшапитокоронавирусмагаз 0.001 0.066 0.0
медуза 0.018000000000000002 0.066 0.001
рекламаmeduza 0.001 0.066 0.0
in 0.001 0.0 0.0
english 0.001 0.06 0.0
показывать 0.001 0.066 0.0
порядок 0.001 0.066 0.0
en 0.001 0.066 0.0
кнопка 0.001 0.066 0.0
поддержка 0.002 0.066 0.0
история 0.002 0.26 0.001
исключение 0.001 0.854 0.001
понимать 0.002 0.42 0.001
врать 0.003 1.222 0.004
рассказывать 0.003 0.337 0.001
марина 0.009000000000000001 1.301 0.012
овсянников 0.030000000000000002 1.301 0.039
выйти 0.002 0.456 0.001
антивоенный 0.007 0.796 0.006
плакат 0.004 1.097 0.004
эфир 0.007 0.959 0.007
первый 0.012 0.143 0.002
канал 0.012 0.699 0.008
бонус 0.001 1.523 0.002
происходить 0.005 0.301 0.002
из-за 0.001 0.229 0.0
война 0.012 0.357 0.004
март 0.003 0.284 0.001
источник 0.006 0.167 0.001
meduza 0.003 0.0 0.0
данный 0.001 0.097 0.0
сообщение 0.002 0.102 0.0
создать 0.001 0.097 0.0
распространить 0.001 0.102 0.0
иностранный 0.002 0.097 0.0
средство 0.001 0.097 0.0
массовый 0.001 0.097 0.0
информация 0.002 0.102 0.0
выполнять 0.001 0.097 0.0
функция 0.001 0.097 0.0
агент 0.001 0.097 0.0
российский 0.005 0.071 0.0
юридический 0.001 0.102 0.0
лицо 0.002 0.086 0.0
мы 0.003 0.066 0.0
нужный 0.002 0.086 0.0
ваш 0.002 0.081 0.0
помощь 0.002 0.071 0.0
пожалуйста 0.001 0.102 0.0
поддержать 0.002 0.066 0.0
прямой 0.002 0.658 0.001
программа 0.004 0.824 0.003
время 0.008 0.086 0.001
главное 0.002 0.585 0.001
вечерний 0.003 0.066 0.0
выпуск 0.001 0.959 0.001
новость 0.004 0.357 0.001
сотрудница 0.002 1.398 0.003
встать 0.002 1.155 0.002
спина 0.002 1.155 0.002
ведущий 0.004 0.959 0.004
екатерина 0.002 1.222 0.002
андреев 0.002 1.699 0.003
удаться 0.001 0.456 0.0
провести 0.001 0.538 0.001
несколько 0.001 0.187 0.0
секунда 0.001 1.301 0.001
трансляция 0.001 1.301 0.001
студия 0.008 1.301 0.01
отключить 0.001 1.097 0.001
задержать 0.004 0.959 0.004
судить 0.001 0.585 0.001
пока 0.001 0.208 0.0
административный 0.002 1.222 0.002
статья 0.002 0.553 0.001
участие 0.002 0.638 0.001
несогласованный 0.001 1.699 0.002
акция 0.006 0.745 0.004
обязать 0.001 1.097 0.001
выплатить 0.001 1.523 0.002
государство 0.001 0.569 0.001
тысяча 0.002 0.31 0.001
рубль 0.001 1.0 0.001
такой 0.003 0.114 0.0
какой 0.002 0.357 0.001
настроение 0.001 1.097 0.001
царить 0.001 1.699 0.002
государственный 0.004 0.523 0.002
телевидение 0.001 1.222 0.001
начало 0.004 0.26 0.001
украина 0.006 0.347 0.002
вечером 0.001 1.398 0.001
редактор 0.006 0.921 0.006
выступить 0.002 0.721 0.001
высказывание 0.001 1.155 0.001
около 0.001 0.432 0.0
московский 0.001 0.824 0.001
читать 0.003 0.444 0.001
подводка 0.001 1.699 0.002
сюжет 0.003 1.222 0.004
противодействие 0.001 1.523 0.002
западный 0.001 0.553 0.001
санкция 0.002 0.62 0.001
войти 0.001 1.155 0.001
кадр 0.002 1.097 0.002
который 0.009000000000000001 0.071 0.001
написать 0.003 0.62 0.002
no 0.001 0.796 0.001
war 0.001 0.77 0.001
остановить 0.003 0.523 0.002
верить 0.003 0.553 0.002
пропаганда 0.002 0.745 0.001
russians 0.001 1.0 0.001
against 0.001 0.824 0.001
повторить 0.001 1.046 0.001
пустить 0.001 1.301 0.001
хотя 0.001 0.276 0.0
закончить 0.001 1.097 0.001
он 0.001 1.155 0.001
записать 0.001 0.959 0.001
видеообращение 0.001 1.398 0.001
против 0.003 0.229 0.001
это 0.012 0.066 0.001
преступление 0.001 1.046 0.001
россия 0.006 0.108 0.001
страна-агрессор 0.001 2.0 0.002
ответственность 0.001 0.678 0.001
агрессия 0.001 1.301 0.001
лежать 0.001 0.824 0.001
совесть 0.001 1.523 0.002
один 0.004 0.119 0.0
человек 0.007 0.092 0.001
владимир 0.002 0.523 0.001
путин 0.001 0.523 0.001
заявить 0.001 0.553 0.001
добавить 0.001 1.0 0.001
должный 0.001 0.201 0.0
немедленно 0.001 1.155 0.001
братоубийственный 0.001 1.699 0.002
призвать 0.001 0.886 0.001
россиянин 0.002 0.444 0.001
выходить 0.002 0.62 0.001
митинг 0.002 1.0 0.002
случиться 0.001 0.509 0.001
фейсбук 0.001 1.0 0.001
появиться 0.002 0.367 0.001
комментарий 0.001 1.046 0.001
слово 0.004 0.268 0.001
пользователь 0.001 1.046 0.001
называть 0.002 0.432 0.001
герой 0.001 1.046 0.001
мужественный 0.001 1.699 0.002
храбрый 0.001 1.699 0.002
публикация 0.001 0.796 0.001
видеоролик 0.001 1.699 0.002
выступление 0.002 0.959 0.002
вменить 0.001 2.0 0.002
оштрафовать 0.001 1.699 0.002
издание 0.002 0.481 0.001
тасс 0.001 0.699 0.001
baza 0.001 2.0 0.002
ссылка 0.001 0.886 0.001
утверждать 0.001 0.658 0.001
грозить 0.001 1.097 0.001
уголовный 0.001 0.959 0.001
преследование 0.001 1.301 0.001
новый 0.001 0.187 0.0
распространение 0.001 0.523 0.001
фейк 0.002 1.0 0.002
армия 0.002 0.721 0.001
якобы 0.001 0.854 0.001
проводиться 0.001 0.854 0.001
доследственный 0.001 1.699 0.002
проверка 0.002 0.921 0.002
толковый 0.002 2.0 0.004
барышня 0.001 2.0 0.002
трудно 0.001 0.824 0.001
последний 0.002 0.284 0.001
сутки 0.001 0.824 0.001
говорить 0.008 0.18 0.001
весь 0.003 0.114 0.0
русскоязычный 0.001 1.097 0.001
интернет 0.001 0.921 0.001
данные 0.001 0.31 0.0
родиться 0.001 0.921 0.001
год 0.006 0.119 0.001
одесса 0.001 1.222 0.001
замужество 0.001 2.0 0.002
носить 0.001 0.796 0.001
фамилия 0.001 1.301 0.001
ткачук 0.001 2.0 0.002
отец 0.001 1.0 0.001
украинец 0.004 0.796 0.003
мать 0.001 0.854 0.001
русский 0.001 0.62 0.001
профессионально 0.001 1.699 0.002
заниматься 0.002 0.62 0.001
плавание 0.001 1.699 0.002
юношеский 0.001 2.0 0.002
разряд 0.001 1.699 0.002
переплыть 0.001 2.0 0.002
волга 0.001 1.699 0.002
пролив 0.001 1.699 0.002
босфор 0.001 1.699 0.002
поступить 0.002 0.921 0.002
факультет 0.001 2.0 0.002
журналистика 0.002 1.523 0.003
кубанский 0.002 2.0 0.004
университет 0.002 0.721 0.001
кубга 0.001 2.0 0.002
вести 0.001 0.553 0.001
местный 0.001 0.602 0.001
день 0.008 0.167 0.001
кубань 0.003 2.0 0.006
телеканал 0.005 0.854 0.004
входить 0.001 1.0 0.001
холдинг 0.001 1.398 0.001
вгтрк 0.002 1.699 0.003
описывать 0.001 1.0 0.001
период 0.001 0.678 0.001
свой 0.003 0.143 0.0
жизнь 0.002 0.319 0.001
юный 0.001 2.0 0.002
амбициозный 0.001 1.523 0.002
студент 0.001 1.097 0.001
готовый 0.002 0.509 0.001
работать 0.014000000000000002 0.102 0.001
региональный 0.001 1.0 0.001
ночь 0.001 0.854 0.001
невзирая 0.001 2.0 0.002
выходной 0.001 1.301 0.001
праздник 0.001 1.301 0.001
просто 0.001 0.194 0.0
жить 0.001 0.481 0.0
гореть 0.001 1.155 0.001
работа 0.003 0.357 0.001
сообщить 0.003 0.638 0.002
выпускник 0.001 1.699 0.002
тахир 0.001 2.0 0.002
холикбердий 0.001 2.0 0.002
курс 0.001 0.824 0.001
учиться 0.001 0.959 0.001
маргарита 0.002 1.222 0.002
симоньян 0.003 1.398 0.004
главный 0.002 0.276 0.001
rt 0.002 0.824 0.002
отрицать 0.001 1.222 0.001
однокурсница 0.001 2.0 0.002
отмечать 0.001 0.921 0.001
конкурировать 0.001 2.0 0.002
место 0.002 0.409 0.001
всесильный 0.002 2.0 0.004
любимица 0.001 2.0 0.002
директор 0.001 0.796 0.001
гтрк 0.001 2.0 0.002
„ 0.005 0.62 0.003
“ 0.005 0.432 0.002
руновый 0.004 2.0 0.008
именно 0.001 0.244 0.0
яростно 0.001 2.0 0.002
сопротивляться 0.001 2.0 0.002
мой 0.003 0.585 0.002
назначение 0.001 1.0 0.001
собкор 0.002 2.0 0.004
краснодарский 0.001 1.699 0.002
край 0.001 1.155 0.001
т. 0.001 0.921 0.001
к. 0.001 1.699 0.002
прочить 0.001 2.0 0.002
протеже 0.001 2.0 0.002
подтвердить 0.001 0.678 0.001
журналистка 0.002 1.222 0.002
поговорить 0.001 0.62 0.001
заявление 0.003 0.62 0.002
руководить 0.001 1.398 0.001
разговор 0.001 0.745 0.001
прокомментировать 0.002 1.301 0.003
неправда 0.002 1.699 0.003
мочь 0.003 0.102 0.0
препятствовать 0.001 1.301 0.001
карьерный 0.001 2.0 0.002
рост 0.001 0.824 0.001
другой 0.002 0.097 0.0
проводник 0.001 2.0 0.002
сопровождать 0.001 1.699 0.002
заметный 0.001 1.155 0.001
фигура 0.001 1.398 0.001
желание 0.001 0.921 0.001
максимально 0.001 0.721 0.001
выделиться 0.001 2.0 0.002
пробиться 0.001 2.0 0.002
реализоваться 0.001 1.523 0.002
протестный 0.001 1.523 0.002
менее 0.001 0.432 0.0
оценить 0.001 0.678 0.001
негативно 0.001 1.398 0.001
поступок 0.003 1.398 0.004
видеть 0.002 0.444 0.001
героизм 0.001 2.0 0.002
смелость 0.001 1.699 0.002
глупость 0.001 1.523 0.002
писать 0.001 0.347 0.0
снимать 0.002 0.824 0.002
искать 0.001 0.678 0.001
приключение 0.001 2.0 0.002
задница 0.001 2.0 0.002
предложить 0.001 0.699 0.001
москва 0.002 0.523 0.001
академия 0.001 1.155 0.001
народный 0.001 0.959 0.001
хозяйство 0.001 1.523 0.002
служба 0.006 0.678 0.004
президент 0.002 0.523 0.001
ранхигс 0.001 1.699 0.002
рекомендательный 0.001 2.0 0.002
письмо 0.001 0.854 0.001
помочь 0.003 0.125 0.0
поступление 0.001 1.301 0.001
заблокировать 0.001 0.553 0.001
этот 0.001 0.137 0.0
продолжать 0.001 0.292 0.0
несмотря 0.001 0.456 0.0
прямо 0.001 0.357 0.0
далёкий 0.001 0.481 0.0
трудный 0.001 0.721 0.001
независимый 0.001 0.409 0.0
интерес 0.001 0.155 0.0
читатель 0.001 0.523 0.001
хотеть 0.001 0.102 0.0
помочьхотать 0.001 0.886 0.001
охранник 0.001 1.398 0.001
оказаться 0.001 0.31 0.0
поворот 0.001 1.398 0.001
событие 0.002 0.509 0.001
близкий 0.003 0.347 0.001
вспоминать 0.001 1.0 0.001
2000-й 0.001 1.523 0.002
устроить 0.001 0.854 0.001
тогдашний 0.001 1.699 0.002
муж 0.001 1.155 0.001
режиссёр 0.001 1.699 0.002
игорь 0.002 1.222 0.002
мама 0.001 0.854 0.001
ирина 0.001 1.301 0.001
титр 0.001 1.097 0.001
вроде 0.001 0.658 0.001
сразу 0.001 0.553 0.001
корреспондент 0.004 1.046 0.004
двое 0.001 1.155 0.001
ребёнок 0.002 0.387 0.001
старший 0.001 0.678 0.001
насколько 0.001 0.42 0.0
международный 0.003 0.569 0.002
смена 0.001 1.046 0.001
город 0.001 0.409 0.0
сподвигнуть 0.001 2.0 0.002
к 0.001 0.745 0.001
вчерашний 0.001 1.523 0.002
знать 0.006 0.244 0.001
собеседник 0.002 1.097 0.002
свободно 0.001 1.301 0.001
покинуть 0.001 0.745 0.001
затем 0.001 0.678 0.001
быстро 0.001 0.495 0.0
среагировать 0.002 2.0 0.004
аппаратный 0.002 1.699 0.003
безопасность 0.002 0.387 0.001
взять 0.001 0.553 0.001
рассказать 0.004 0.469 0.002
пресс-служба 0.002 1.155 0.002
ответить 0.002 0.495 0.001
основание 0.001 0.569 0.001
удерживать 0.001 1.301 0.001
сколько 0.001 0.585 0.001
продолжаться 0.001 0.699 0.001
неизвестно 0.001 0.77 0.001
власть 0.004 0.31 0.001
бороться 0.003 0.796 0.002
протест 0.002 0.745 0.001
мешать 0.001 0.824 0.001
высказываться 0.001 1.155 0.001
преследовать 0.001 1.301 0.001
доклад 0.001 0.959 0.001
овд-инфо 0.001 1.398 0.001
назад 0.007 0.18 0.001
бывший 0.003 0.699 0.002
коллега 0.002 0.796 0.002
журналист 0.002 0.481 0.001
рискин 0.005 2.0 0.01
прислать 0.001 0.77 0.001
ответ 0.001 0.432 0.0
предложение 0.001 0.921 0.001
находиться 0.001 0.367 0.0
полиция 0.001 1.0 0.001
останкино 0.001 2.0 0.002
увидеть 0.001 0.553 0.001
2006-м 0.001 2.0 0.002
вашингтон 0.001 1.699 0.002
2009-м 0.001 2.0 0.002
уволиться 0.002 1.398 0.003
ужасно 0.001 1.398 0.001
подействовать 0.001 1.523 0.002
грузия 0.001 1.398 0.001
освещать 0.001 1.301 0.001
поскольку 0.002 0.678 0.001
нести 0.001 0.886 0.001
участвовать 0.001 0.569 0.001
напрямую 0.001 1.0 0.001
полный 0.002 0.377 0.001
ужас 0.001 1.699 0.002
отразиться 0.001 1.222 0.001
принятие 0.001 1.0 0.001
решение 0.001 0.347 0.0
устраивать 0.002 0.886 0.002
громкий 0.001 1.222 0.001
уйти 0.002 0.77 0.002
мнение 0.001 0.509 0.001
рассуждение 0.001 1.523 0.002
соцсеть 0.001 0.824 0.001
устроенный 0.001 1.699 0.002
сам 0.004 0.137 0.001
пройти 0.002 0.387 0.001
мимо 0.001 1.301 0.001
охрана 0.002 1.398 0.003
несостоятельный 0.001 2.0 0.002
тот 0.002 0.131 0.0
раз 0.001 0.569 0.001
телецентр 0.001 2.0 0.002
концертный 0.001 1.398 0.001
ранний 0.002 0.409 0.001
записывать 0.001 1.301 0.001
знаменитый 0.001 1.222 0.001
передача 0.002 1.222 0.002
например 0.001 0.229 0.0
вокруг 0.001 0.721 0.001
смех 0.001 1.699 0.002
рабочий 0.001 0.886 0.001
компьютер 0.001 1.523 0.002
расположить 0.003 1.097 0.003
объяснять 0.001 0.538 0.001
касаться 0.001 0.553 0.001
существовать 0.001 0.602 0.001
вход 0.001 1.046 0.001
внутри 0.001 0.745 0.001
посменно 0.001 1.699 0.002
неделя 0.001 0.328 0.0
запоминаться 0.001 2.0 0.002
друг 0.002 0.387 0.001
принести 0.001 1.046 0.001
вчетверо 0.001 2.0 0.002
сложить 0.001 1.523 0.002
развернуть 0.001 1.301 0.001
технически 0.001 1.398 0.001
несложно 0.001 2.0 0.002
предполагать 0.001 0.699 0.001
задерживать 0.001 1.301 0.001
некого 0.001 1.699 0.002
дать 0.002 0.066 0.0
сигнал 0.001 1.222 0.001
марин 0.001 1.699 0.002
выход 0.001 0.796 0.001
пост 0.001 0.638 0.001
неподалёку 0.001 1.301 0.001
стол 0.001 1.0 0.001
успеть 0.001 0.678 0.001
подобный 0.001 0.721 0.001
дедлайн 0.001 1.699 0.002
школа 0.001 0.699 0.001
расчеловечивание 0.001 1.699 0.002
эпизод 0.001 1.222 0.001
сотрудник 0.002 0.658 0.001
сегодня 0.001 0.638 0.001
нерв 0.002 1.523 0.003
мозг 0.002 1.301 0.003
доступ 0.002 0.796 0.002
сдавать 0.001 1.398 0.001
телевизионный 0.001 1.523 0.002
мерка 0.001 1.301 0.001
спокойный 0.001 1.222 0.001
истерик 0.001 1.398 0.001
париж 0.001 1.699 0.002
жанна 0.001 2.0 0.002
агалаковый 0.003 2.0 0.006
уход 0.001 1.155 0.001
стать 0.001 0.149 0.0
известно 0.001 0.481 0.0
следующий 0.001 0.553 0.001
характеризовать 0.001 1.523 0.002
очень 0.001 0.149 0.0
приятный 0.001 1.398 0.001
общение 0.001 1.155 0.001
сталкиваться 0.001 1.398 0.001
регион 0.001 0.638 0.001
каков 0.001 1.155 0.001
обстановка 0.001 1.097 0.001
объявить 0.001 0.553 0.001
руководство 0.001 0.796 0.001
увольняться 0.001 1.523 0.002
передавать 0.001 1.301 0.001
дело 0.002 0.252 0.001
свобода 0.001 0.77 0.001
наступить 0.001 1.301 0.001
пятница 0.001 1.398 0.001
ждать 0.001 0.481 0.0
момент 0.001 0.387 0.0
вопрос 0.003 0.276 0.001
почему 0.001 0.337 0.0
решить 0.001 0.398 0.0
сказать 0.002 0.31 0.001
думать 0.001 0.456 0.0
очевидный 0.001 0.678 0.001
запрещать 0.001 1.523 0.002
правда 0.004 0.456 0.002
принять 0.001 0.42 0.0
закон 0.001 0.658 0.001
дискредитация 0.001 1.222 0.001
военный 0.001 0.444 0.0
надпись 0.001 1.222 0.001
снег 0.001 1.222 0.001
проповедь 0.001 1.699 0.002
глава 0.001 0.658 0.001
дирекция 0.001 2.0 0.002
креативный 0.001 1.699 0.002
планирование 0.001 1.398 0.001
елена 0.001 1.0 0.001
афанасьев 0.001 2.0 0.002
многие 0.001 0.284 0.0
число 0.001 0.201 0.0
информационный 0.001 0.854 0.001
согласный 0.001 1.0 0.001
официальный 0.003 0.538 0.002
точка 0.001 0.444 0.0
зрение 0.001 0.585 0.001
кто-то 0.001 0.523 0.001
искренне 0.001 1.523 0.002
делать 0.001 0.18 0.0
негде 0.001 1.523 0.002
медиаполяна 0.001 2.0 0.002
сжаться 0.001 2.0 0.002
шагреневый 0.001 2.0 0.002
кожа 0.001 1.301 0.001
комментировать 0.001 1.222 0.001
многий 0.001 0.495 0.0
разделять 0.001 1.301 0.001
отношение 0.001 0.509 0.001
транслировать 0.001 1.222 0.001
бояться 0.001 0.699 0.001
родитель 0.001 0.854 0.001
ипотека 0.001 2.0 0.002
рухнуть 0.001 1.222 0.001
сбережение 0.001 1.699 0.002
надвигаться 0.001 2.0 0.002
безработица 0.001 1.523 0.002
страх 0.001 0.796 0.001
волчий 0.001 2.0 0.002
билет 0.001 1.301 0.001
висеть 0.001 1.301 0.001
экран 0.002 1.155 0.002
reuters 0.001 0.745 0.001
ap 0.001 0.854 0.001
сверху 0.001 1.155 0.001
спускать 0.001 1.398 0.001
темник 0.001 2.0 0.002
текст 0.001 0.62 0.001
вообще 0.001 0.066 0.0
биться 0.001 1.222 0.001
реальность 0.001 0.77 0.001
среднее 0.001 0.77 0.001
состав 0.001 0.745 0.001
новостной 0.001 2.0 0.002
паника 0.001 1.155 0.001
начальство 0.001 1.523 0.002
успокаивать 0.001 1.699 0.002
дескать 0.001 2.0 0.002
скинуть 0.001 1.523 0.002
зеленский 0.001 0.854 0.001
идти 0.001 0.222 0.0
никто 0.001 0.432 0.0
скидывать 0.001 1.699 0.002
важный 0.003 0.284 0.001
собирать 0.002 0.699 0.001
мир 0.001 0.26 0.0
разный 0.001 0.276 0.0
уверенный 0.001 0.921 0.001
закончиться 0.001 0.62 0.001
показательный 0.001 1.699 0.002
процесс 0.001 0.538 0.001
последовать 0.001 1.398 0.001
пример 0.001 0.585 0.001
телевизор 0.001 0.921 0.001
значит 0.001 0.444 0.0
дочь 0.001 0.886 0.001
сестра 0.001 1.046 0.001
пытаться 0.001 0.409 0.0
родственник 0.002 0.745 0.001
некоторый 0.001 0.222 0.0
телекомпания 0.001 2.0 0.002
недовольный 0.001 1.523 0.002
ситуация 0.002 0.337 0.001
приходиться 0.001 0.745 0.001
миротворческий 0.001 1.699 0.002
спецоперация 0.002 1.222 0.002
призывный 0.001 1.699 0.002
возраст 0.001 0.658 0.001
вывозить 0.001 2.0 0.002
страна 0.001 0.155 0.0
чудовищно 0.001 2.0 0.002
здорово 0.001 1.699 0.002
свободный 0.001 0.77 0.001
судорожно 0.001 2.0 0.002
помогать 0.001 0.444 0.0
вещь 0.001 0.62 0.001
твой 0.001 1.046 0.001
освободительный 0.001 1.523 0.002
попасть 0.001 0.409 0.0
психологический 0.001 1.301 0.001
травма 0.001 1.398 0.001
громадный 0.001 2.0 0.002
никакой 0.002 0.409 0.001
завод 0.001 0.959 0.001
спокойно 0.002 0.824 0.002
начать 0.001 0.276 0.0
служебный 0.001 1.398 0.001
интерфакс 0.001 1.699 0.002
посторонний 0.001 1.301 0.001
указание 0.002 1.155 0.002
имя 0.001 0.585 0.001
должность 0.001 1.301 0.001
пресс-секретарь 0.001 1.155 0.001
лариса 0.001 2.0 0.002
крымов 0.001 2.0 0.002
измениться 0.001 0.745 0.001
какой-то 0.001 0.328 0.0
особенный 0.001 1.523 0.002
шум 0.001 1.523 0.002
компания 0.001 0.444 0.0
гром 0.001 2.0 0.002
дойти 0.002 1.301 0.003
факт 0.001 0.638 0.001
конец 0.001 0.444 0.0
февраль 0.001 0.337 0.0
ургант 0.002 2.0 0.004
иван 0.001 1.523 0.002
сценарист 0.001 2.0 0.002
александр 0.001 0.456 0.0
гудков 0.001 2.0 0.002
развлекательный 0.001 1.523 0.002
убрать 0.001 1.398 0.001
утверждение 0.001 1.222 0.001
представитель 0.001 0.638 0.001
общественно-политический 0.001 2.0 0.002
отказаться 0.001 0.62 0.001
также 0.001 0.237 0.0
прекратить 0.001 0.824 0.001
отдать 0.001 0.959 0.001
привести 0.001 0.456 0.0
миграционный 0.001 1.155 0.001
катастрофа 0.001 0.886 0.001
европа 0.001 0.495 0.0
1940-й 0.001 1.097 0.001
репортаж 0.001 0.678 0.001
кристина 0.001 1.097 0.001
сафонов 0.001 1.155 0.001
польша 0.001 0.854 0.001
боль 0.001 0.699 0.001
любовь 0.001 1.0 0.001
24/7 0.001 0.102 0.0
читателейн 0.001 0.174 0.0
срочно 0.001 0.167 0.0
саша 0.001 1.398 0.001
сивцов 0.001 1.699 0.002
светлана 0.001 1.046 0.001
рейтер 0.001 1.155 0.001
семён 0.001 1.699 0.002
башкиров 0.001 1.699 0.002
редакция 0.001 0.066 0.0
кодекс 0.001 0.066 0.0
блог 0.001 0.066 0.0
meduzacare 0.001 0.066 0.0
связаться 0.001 0.066 0.0
анонимно 0.001 0.066 0.0
платформа 0.001 0.066 0.0
ios 0.001 0.066 0.0
android 0.001 0.066 0.0
инстаграм 0.001 0.066 0.0
twitter 0.001 0.0 0.0
facebook 0.001 0.0 0.0
вконтакте 0.001 0.066 0.0
youtube 0.001 0.06 0.0
– 0.001 0.06 0.0
live 0.001 0.022 0.0
реклама 0.001 0.066 0.0
требование 0.001 0.066 0.0
баннер 0.001 0.066 0.0
безопасно 0.001 0.066 0.0
персональный 0.001 0.066 0.0
правило 0.001 0.066 0.0
обработка 0.001 0.066 0.0
использование 0.001 0.066 0.0
кук 0.001 0.066 0.0
наслать 0.001 0.066 0.0
ошибка 0.001 0.066 0.0
выделить 0.001 0.066 0.0
нажать 0.001 0.066 0.0
ctrl+enter 0.001 0.066 0.0
спасибоgiphyз 0.001 0.066 0.0
гифка 0.001 0.066 0.0
© 0.001 0.0 0.0
