перейти 0.001 0.066 0.0
материал 0.002 0.066 0.0
связь 0.002 0.0 0.0
новостиисторииразборшапитокоронавирусмагаз 0.001 0.066 0.0
медуза 0.009000000000000001 0.066 0.001
рекламаmeduza 0.001 0.066 0.0
in 0.001 0.0 0.0
english 0.001 0.06 0.0
показывать 0.001 0.066 0.0
порядок 0.001 0.066 0.0
en 0.001 0.066 0.0
кнопка 0.001 0.066 0.0
поддержка 0.002 0.066 0.0
новость 0.001 0.357 0.0
европа 0.009000000000000001 0.495 0.004
снимать 0.004 0.824 0.003
антиковидный 0.001 1.301 0.001
ограничение 0.015 0.585 0.009
хотя 0.002 0.276 0.001
заболеваемость 0.009000000000000001 0.796 0.007
бить 0.001 1.155 0.001
рекорд 0.001 1.398 0.001
достигнуть 0.002 0.824 0.002
пик 0.001 1.301 0.001
привиться 0.003 0.796 0.002
власть 0.007 0.31 0.002
считать 0.003 0.319 0.001
запрет 0.006 0.921 0.006
нужный 0.003 0.086 0.0
январь 0.013 0.824 0.011
источник 0.001 0.167 0.0
meduza 0.005 0.0 0.0
данный 0.001 0.097 0.0
сообщение 0.001 0.102 0.0
создать 0.001 0.097 0.0
распространить 0.001 0.102 0.0
иностранный 0.003 0.097 0.0
средство 0.001 0.097 0.0
массовый 0.003 0.097 0.0
информация 0.001 0.102 0.0
выполнять 0.002 0.097 0.0
функция 0.002 0.097 0.0
агент 0.002 0.097 0.0
российский 0.002 0.071 0.0
юридический 0.001 0.102 0.0
лицо 0.001 0.086 0.0
мы 0.002 0.066 0.0
ваш 0.002 0.081 0.0
помощь 0.001 0.071 0.0
пожалуйста 0.001 0.102 0.0
поддержать 0.002 0.066 0.0
бар 0.005 1.699 0.008
нидерландский 0.001 1.699 0.002
город 0.002 0.409 0.001
тилбург 0.001 2.0 0.002
открыться 0.004 1.222 0.005
год 0.002 0.119 0.0
снятие 0.001 1.398 0.001
работа 0.003 0.357 0.001
заведение 0.004 1.301 0.005
общественный 0.006 0.745 0.004
питание 0.002 1.222 0.002
rob 0.001 2.0 0.002
engelaar 0.001 2.0 0.002
epa 0.001 0.959 0.001
scanpix 0.001 0.301 0.0
leta 0.001 0.301 0.0
большинство 0.001 0.509 0.001
страна 0.020000000000000004 0.155 0.003
рекордный 0.001 1.097 0.001
коронавирус 0.001 0.387 0.0
фон 0.005 0.745 0.004
распространение 0.001 0.523 0.001
омикрон 0.004 0.921 0.004
континент 0.001 1.699 0.002
суммарно 0.001 1.523 0.002
фиксировать 0.001 1.097 0.001
полтора 0.002 0.959 0.002
миллион 0.008 0.495 0.004
новый 0.009000000000000001 0.187 0.002
случай 0.009000000000000001 0.194 0.002
день 0.003 0.167 0.001
некоторый 0.002 0.222 0.0
начинать 0.001 0.569 0.001
смягчать 0.001 2.0 0.002
гражданин 0.001 0.553 0.001
ранний 0.001 0.409 0.0
это 0.007 0.066 0.0
делать 0.002 0.18 0.0
спад 0.002 1.398 0.003
основное 0.001 0.553 0.001
объяснять 0.001 0.538 0.001
свой 0.003 0.143 0.0
решение 0.002 0.347 0.001
учёт 0.001 0.824 0.001
большой 0.001 0.347 0.0
количество 0.009999999999999998 0.481 0.005
привить 0.003 0.678 0.002
человек 0.004 0.092 0.0
система 0.001 0.398 0.0
здравоохранение 0.001 0.658 0.001
грозить 0.001 1.097 0.001
перегрузка 0.002 1.699 0.003
происходить 0.002 0.301 0.001
австрия 0.003 1.222 0.004
отменять 0.002 1.155 0.002
локдаун 0.005 1.155 0.006
невакцинировать 0.001 1.155 0.001
население 0.006 0.569 0.003
ежедневный 0.006 1.398 0.008
тысяча 0.007 0.31 0.002
продолжать 0.008 0.292 0.002
расти 0.006 0.886 0.005
перестать 0.001 0.678 0.001
действовать 0.001 0.602 0.001
самый 0.001 0.208 0.0
жёсткий 0.003 0.678 0.002
непривитый 0.006 1.097 0.007
середина 0.004 0.854 0.003
ноябрь 0.001 0.699 0.001
вакцинироваться 0.001 0.886 0.001
разрешаться 0.001 1.699 0.002
выходить 0.001 0.62 0.001
дом 0.001 0.495 0.0
продуктовый 0.001 1.398 0.001
магазин 0.003 0.796 0.002
аптека 0.002 1.0 0.002
прогулка 0.001 1.699 0.002
объяснить 0.002 0.602 0.001
отмена 0.004 1.398 0.006
режим 0.001 0.658 0.001
ожидать 0.001 0.62 0.001
больница 0.001 0.495 0.0
отделение 0.001 1.046 0.001
интенсивный 0.001 1.699 0.002
терапия 0.001 1.155 0.001
следующий 0.001 0.553 0.001
вступить 0.001 1.155 0.001
действие 0.003 0.409 0.001
закон 0.001 0.658 0.001
обязательный 0.005 0.886 0.004
вакцинация 0.009000000000000001 0.553 0.005
первый 0.004 0.143 0.001
род 0.001 0.77 0.001
правительство 0.007 0.678 0.005
пообещать 0.001 1.523 0.002
письменно 0.001 1.699 0.002
известить 0.001 2.0 0.002
каждый 0.002 0.244 0.0
домохозяйство 0.001 2.0 0.002
требование 0.006 0.066 0.0
возможность 0.001 0.444 0.0
сей 0.001 0.456 0.0
пора 0.001 0.357 0.0
пройти 0.002 0.387 0.001
около 0.001 0.432 0.0
австриец 0.001 1.699 0.002
март 0.001 0.284 0.0
полиция 0.001 1.0 0.001
начать 0.002 0.276 0.001
проверять 0.001 0.77 0.001
наличие 0.001 0.745 0.001
сертификат 0.004 1.046 0.004
штраф 0.001 1.301 0.001
отсутствие 0.001 0.699 0.001
составить 0.001 0.658 0.001
евро 0.001 1.301 0.001
прививка 0.001 0.602 0.001
освободить 0.001 1.301 0.001
ребёнок 0.002 0.387 0.001
подросток 0.001 1.155 0.001
беременный 0.001 1.523 0.002
женщина 0.001 0.824 0.001
недавно 0.001 0.62 0.001
переболеть 0.001 0.745 0.001
тот 0.002 0.131 0.0
кто 0.001 0.377 0.0
противопоказание 0.001 1.046 0.001
дания 0.004 1.301 0.005
внутри 0.003 0.745 0.002
40,0 0.001 2.0 0.002
обратиться 0.001 0.658 0.001
парламент 0.001 1.301 0.001
предложение 0.001 0.921 0.001
февраль 0.005 0.337 0.002
отменить 0.004 0.921 0.004
внутренний 0.001 0.745 0.001
ранее 0.001 0.62 0.001
ввести 0.003 0.538 0.002
из-за 0.006 0.229 0.001
предполагаться 0.001 1.301 0.001
ресторан 0.004 1.222 0.005
кафе 0.003 1.097 0.003
смочь 0.002 0.328 0.001
работать 0.002 0.102 0.0
любой 0.002 0.319 0.001
время 0.006 0.086 0.001
быть 0.001 0.215 0.0
открыть 0.001 0.538 0.001
ночной 0.002 1.301 0.003
клуб 0.002 1.523 0.003
участник 0.001 0.658 0.001
мероприятие 0.002 1.046 0.002
ограничить 0.002 0.959 0.002
также 0.012 0.237 0.003
датчанин 0.002 2.0 0.004
носить 0.001 0.796 0.001
маска 0.003 0.886 0.003
предъявлять 0.002 1.523 0.003
пускать 0.001 1.097 0.001
место 0.003 0.409 0.001
минимум 0.001 0.77 0.001
четыре 0.001 0.509 0.001
неделя 0.002 0.328 0.001
сохранить 0.001 0.796 0.001
предъявление 0.001 2.0 0.002
пцр-тест 0.002 1.301 0.003
прибывать 0.001 1.398 0.001
высокий 0.003 0.495 0.001
уровень 0.003 0.367 0.001
предприниматься 0.001 1.699 0.002
несмотря 0.001 0.456 0.0
заболеть 0.001 0.585 0.001
увеличиваться 0.001 1.222 0.001
очень 0.003 0.149 0.0
среди 0.001 0.42 0.0
низкий 0.001 0.638 0.001
число 0.002 0.201 0.0
госпитализация 0.001 0.77 0.001
глава 0.001 0.658 0.001
минздрав 0.001 0.678 0.001
магнус 0.001 2.0 0.002
хойник 0.001 2.0 0.002
подчеркнуть 0.002 1.398 0.003
ковид 0.001 0.387 0.0
считаться 0.001 0.824 0.001
заболевание 0.001 0.481 0.0
опасный 0.001 0.699 0.001
общество 0.001 0.602 0.001
нидерланды 0.002 1.301 0.003
открывать 0.001 1.097 0.001
декабрь 0.003 0.745 0.002
стать 0.002 0.149 0.0
один 0.003 0.119 0.0
наиболее 0.001 0.745 0.001
фактически 0.001 0.721 0.001
объявить 0.003 0.553 0.002
закрытый 0.002 0.854 0.002
кроме 0.001 0.387 0.0
товар 0.001 1.097 0.001
необходимость 0.001 0.745 0.001
давление 0.001 0.699 0.001
разрешить 0.002 0.886 0.002
фитнес-центр 0.001 2.0 0.002
парикмахерский 0.002 2.0 0.004
секс-шоп 0.001 2.0 0.002
однако 0.002 0.337 0.001
оставить 0.003 1.097 0.003
музей 0.003 1.398 0.004
выставка 0.002 1.523 0.003
вызвать 0.001 0.721 0.001
больший 0.002 0.328 0.001
недовольство 0.001 1.699 0.002
житель 0.002 0.456 0.001
протест 0.003 0.745 0.002
который 0.003 0.071 0.0
разгонять 0.001 1.398 0.001
сила 0.001 0.456 0.0
спецназ 0.001 1.699 0.002
акция 0.002 0.745 0.001
провести 0.001 0.538 0.001
десятка 0.001 0.721 0.001
концертный 0.001 1.398 0.001
зал 0.001 1.222 0.001
устроить 0.001 0.854 0.001
временной 0.001 1.046 0.001
маникюрный 0.001 1.699 0.002
салон 0.001 1.523 0.002
итог 0.001 0.509 0.001
пойти 0.003 0.509 0.002
уступка 0.001 1.699 0.002
учреждение 0.001 0.959 0.001
культура 0.001 0.77 0.001
кинотеатр 0.001 1.523 0.002
премьер-министр 0.002 1.301 0.003
марк 0.001 2.0 0.002
рютта 0.001 2.0 0.002
идти 0.001 0.222 0.0
риск 0.001 0.357 0.0
темп 0.001 0.959 0.001
против 0.001 0.229 0.0
великобритания 0.004 0.699 0.003
снижаться 0.001 1.155 0.001
столкнуться 0.001 1.046 0.001
резкий 0.001 1.155 0.001
рост 0.001 0.824 0.001
начаться 0.001 0.367 0.0
пиковый 0.001 2.0 0.002
значение 0.001 0.721 0.001
190-200 0.001 2.0 0.002
достаточно 0.003 0.444 0.001
быстро 0.001 0.495 0.0
премьер 0.001 1.523 0.002
борис 0.003 1.398 0.004
джонсон 0.004 2.0 0.008
англия 0.001 1.398 0.001
ношение 0.001 1.222 0.001
рекомендовать 0.002 0.569 0.001
вход 0.001 1.046 0.001
оно 0.001 0.444 0.0
усмотрение 0.001 1.398 0.001
владелец 0.001 1.097 0.001
площадка 0.001 0.796 0.001
похожий 0.001 0.602 0.001
мера 0.002 0.377 0.001
северный 0.001 0.824 0.001
ирландия 0.001 1.523 0.002
должный 0.001 0.201 0.0
близкий 0.001 0.347 0.0
вслед 0.001 1.523 0.002
сообщить 0.001 0.638 0.001
смягчение 0.002 1.523 0.003
граница 0.002 0.658 0.001
полностью 0.001 0.538 0.001
путешественник 0.003 2.0 0.006
въезжать 0.001 1.699 0.002
самоизоляция 0.001 1.699 0.002
заменить 0.001 0.921 0.001
тест 0.003 0.77 0.002
скандал 0.001 1.523 0.002
вокруг 0.001 0.721 0.001
обвинять 0.001 1.301 0.001
проведение 0.001 0.921 0.001
вечеринка 0.002 1.523 0.003
собственный 0.001 0.569 0.001
резиденция 0.001 2.0 0.002
критика 0.002 1.222 0.002
хотеть 0.002 0.102 0.0
отвлечь 0.001 2.0 0.002
внимание 0.001 0.523 0.001
допустить 0.001 0.854 0.001
нарушение 0.001 0.886 0.001
скотланд-ярд 0.001 2.0 0.002
расследование 0.001 1.0 0.001
читать 0.003 0.444 0.001
рейтинг 0.001 1.0 0.001
рухнуть 0.001 1.222 0.001
прошлое 0.001 1.046 0.001
рождество 0.001 2.0 0.002
узнать 0.001 0.481 0.0
смиобычный 0.001 2.0 0.002
британец 0.001 1.699 0.002
запрещать 0.001 1.523 0.002
навещать 0.001 1.699 0.002
умирающий 0.001 2.0 0.002
родственник 0.001 0.745 0.001
норвегия 0.004 1.155 0.005
возвращать 0.001 1.523 0.002
алкоголь 0.003 1.046 0.003
смягчить 0.001 1.398 0.001
приезжать 0.001 0.921 0.001
карантин 0.001 1.301 0.001
требоваться 0.001 0.854 0.001
предъявить 0.001 1.523 0.002
отрицательный 0.001 1.046 0.001
сделать 0.002 0.208 0.0
въезд 0.003 1.222 0.004
касаться 0.002 0.553 0.001
турист 0.001 1.523 0.002
отечественный 0.001 1.301 0.001
вакцина 0.001 0.538 0.001
вакцинировать 0.001 0.602 0.001
препарат 0.001 0.585 0.001
одобрить 0.001 1.0 0.001
воз 0.001 0.796 0.001
продажа 0.001 0.854 0.001
алкогольный 0.001 1.699 0.002
напиток 0.001 1.699 0.002
этот 0.001 0.137 0.0
сильно 0.001 0.509 0.001
ударить 0.001 1.097 0.001
индустрия 0.001 1.222 0.001
многие 0.001 0.284 0.0
невозможность 0.001 2.0 0.002
продавать 0.001 0.921 0.001
период 0.001 0.678 0.001
праздник 0.001 1.301 0.001
вынудить 0.001 0.886 0.001
закрыться 0.001 2.0 0.002
подвергаться 0.001 0.959 0.001
вместо 0.001 0.77 0.001
столик 0.001 1.699 0.002
употреблять 0.001 1.523 0.002
ес 0.007 1.0 0.007
перемещение 0.001 1.523 0.002
совет 0.002 0.721 0.001
снять 0.001 1.222 0.001
передвижение 0.001 2.0 0.002
сообщество 0.002 0.886 0.002
обладатель 0.001 2.0 0.002
европейский 0.003 0.602 0.002
ковид-сертификат 0.003 1.523 0.005
попасть 0.001 0.409 0.0
другой 0.001 0.097 0.0
путешествовать 0.001 1.301 0.001
жизненно 0.001 2.0 0.002
важный 0.001 0.284 0.0
обстоятельство 0.001 1.046 0.001
приграничный 0.001 2.0 0.002
район 0.001 0.678 0.001
никакой 0.001 0.409 0.0
нужно 0.001 0.237 0.0
продолжить 0.001 0.921 0.001
публиковать 0.001 0.638 0.001
карта 0.001 0.886 0.001
цветовой 0.001 2.0 0.002
разделение 0.001 2.0 0.002
зависимость 0.001 0.745 0.001
тёмно-красный 0.001 1.699 0.002
рекомендоваться 0.001 1.046 0.001
применять 0.001 0.796 0.001
многиероссийскиесми 0.001 2.0 0.002
воспринять 0.001 2.0 0.002
рекомендация 0.002 0.678 0.001
разрешение 0.001 0.886 0.001
евросоюз 0.002 0.886 0.002
россия 0.001 0.108 0.0
поездка 0.001 1.155 0.001
сам 0.001 0.137 0.0
обсуждать 0.001 0.745 0.001
входящий 0.001 1.222 0.001
хотеться 0.002 0.77 0.002
получить 0.002 0.328 0.001
инструкция 0.002 0.699 0.001
месяц 0.002 0.432 0.001
назад 0.002 0.18 0.0
24/7 0.001 0.102 0.0
интерес 0.001 0.155 0.0
читателейн 0.001 0.174 0.0
срочно 0.001 0.167 0.0
помочь 0.001 0.125 0.0
редакция 0.002 0.066 0.0
кодекс 0.001 0.066 0.0
блог 0.001 0.066 0.0
meduzacare 0.001 0.066 0.0
связаться 0.001 0.066 0.0
анонимно 0.001 0.066 0.0
платформа 0.002 0.066 0.0
ios 0.001 0.066 0.0
android 0.001 0.066 0.0
инстаграм 0.001 0.066 0.0
twitter 0.001 0.0 0.0
facebook 0.001 0.0 0.0
вконтакте 0.001 0.066 0.0
youtube 0.001 0.06 0.0
– 0.001 0.06 0.0
live 0.001 0.022 0.0
вечерний 0.001 0.066 0.0
вообще 0.001 0.066 0.0
реклама 0.002 0.066 0.0
баннер 0.001 0.066 0.0
безопасно 0.001 0.066 0.0
персональный 0.001 0.066 0.0
дать 0.001 0.066 0.0
правило 0.001 0.066 0.0
обработка 0.001 0.066 0.0
использование 0.001 0.066 0.0
кук 0.001 0.066 0.0
наслать 0.001 0.066 0.0
ошибка 0.001 0.066 0.0
выделить 0.001 0.066 0.0
нажать 0.001 0.066 0.0
ctrl+enter 0.001 0.066 0.0
спасибоgiphyз 0.001 0.066 0.0
гифка 0.001 0.066 0.0
© 0.001 0.0 0.0
