skip 0.001 0.854 0.001
to 0.023 0.77 0.018
main 0.001 0.854 0.001
content 0.001 0.854 0.001
связь 0.001 0.0 0.0
aboutмедуза 0.001 0.854 0.001
по-русски 0.001 0.854 0.001
the 0.047 0.481 0.023
real 0.001 0.854 0.001
russia 0.003 0.854 0.003
today 0.001 0.854 0.001
ru 0.001 0.824 0.001
i 0.005 0.745 0.004
’ 0.03 0.824 0.025
m 0.001 0.886 0.001
with 0.007 0.824 0.006
you 0.002 0.824 0.002
meduza 0.016 0.0 0.0
stories 0.002 0.921 0.002
‘ 0.002 0.921 0.002
everyone 0.001 1.097 0.001
knows 0.002 1.155 0.002
they 0.008 0.854 0.007
re 0.004 0.886 0.004
lying 0.001 1.222 0.001
how 0.001 0.886 0.001
marina 0.004 1.301 0.005
ovsyannikova 0.015 1.301 0.02
rebelled 0.001 1.398 0.001
against 0.001 0.824 0.001
russian 0.004 0.824 0.003
state 0.005 0.959 0.005
television 0.008 1.222 0.01
am 0.001 1.097 0.001
march 0.002 0.886 0.002
source 0.007 0.921 0.006
during 0.001 1.155 0.001
a 0.015 0.699 0.01
live 0.002 0.022 0.0
broadcast 0.003 1.301 0.004
on 0.012 0.854 0.01
monday 0.003 1.523 0.005
evening 0.003 1.398 0.004
channel 0.008 1.222 0.01
one 0.011 0.824 0.009
station 0.003 1.301 0.004
employee 0.001 1.398 0.001
named 0.001 1.699 0.002
ran 0.001 1.398 0.001
out 0.003 0.886 0.003
stage 0.002 1.523 0.003
behind 0.001 1.155 0.001
news 0.005 0.959 0.005
anchor 0.002 1.699 0.003
unfurled 0.001 2.0 0.002
an 0.005 0.854 0.004
antiwar 0.001 1.699 0.002
sign 0.001 1.097 0.001
and 0.021 0.721 0.015
shouted 0.001 2.0 0.002
slogans 0.001 1.699 0.002
managed 0.002 1.398 0.003
just 0.003 0.886 0.003
few 0.001 1.0 0.001
seconds 0.001 1.699 0.002
air 0.001 1.046 0.001
before 0.003 0.854 0.003
transmission 0.001 2.0 0.002
cut 0.001 1.398 0.001
away 0.001 1.046 0.001
another 0.002 0.921 0.002
segment 0.001 2.0 0.002
she 0.013 1.0 0.013
was 0.01 0.854 0.009
later 0.001 1.222 0.001
arrested 0.001 1.301 0.001
held 0.002 1.398 0.003
overnight 0.001 2.0 0.002
convicted 0.001 1.699 0.002
following 0.002 1.301 0.003
of 0.01 0.721 0.007
misdemeanor 0.001 1.523 0.002
offense 0.001 1.699 0.002
inciting 0.001 1.699 0.002
unpermitted 0.001 1.699 0.002
protests 0.001 1.222 0.001
in 0.017 0.0 0.0
prerecorded 0.001 1.523 0.002
statement 0.001 1.523 0.002
that 0.015 0.854 0.013
circulated 0.001 2.0 0.002
social 0.002 0.959 0.002
media 0.004 0.959 0.004
fined 0.001 1.523 0.002
30,000 0.001 1.398 0.001
rubles 0.001 1.398 0.001
roughly 0.001 1.699 0.002
released 0.001 1.523 0.002
federal 0.001 1.046 0.001
investigators 0.001 2.0 0.002
are 0.004 0.854 0.003
still 0.001 0.959 0.001
reviewing 0.001 2.0 0.002
her 0.014 1.0 0.014
televised 0.001 1.699 0.002
protest 0.004 1.155 0.005
might 0.001 1.046 0.001
press 0.001 0.824 0.001
separate 0.001 1.699 0.002
possibly 0.001 1.699 0.002
felony 0.001 1.523 0.002
charges 0.001 1.222 0.001
spoke 0.001 1.222 0.001
s 0.015 0.796 0.012
colleagues 0.001 1.398 0.001
pieced 0.001 2.0 0.002
together 0.001 1.222 0.001
story 0.002 1.046 0.002
though 0.001 1.0 0.001
alone 0.001 1.523 0.002
has 0.003 0.854 0.003
even 0.002 0.921 0.002
dared 0.001 1.699 0.002
such 0.001 1.398 0.001
disruption 0.001 2.0 0.002
personal 0.001 1.301 0.001
opposition 0.001 1.398 0.001
war 0.002 0.77 0.002
ukraine 0.002 0.921 0.002
is 0.005 0.854 0.004
not 0.003 0.854 0.003
uncommon 0.001 2.0 0.002
among 0.001 1.301 0.001
those 0.001 1.0 0.001
who 0.005 0.824 0.004
work 0.004 0.959 0.004
for 0.006 0.77 0.005
tv 0.002 1.155 0.002
learned 0.001 1.155 0.001
college 0.001 1.398 0.001
days 0.001 1.0 0.001
according 0.001 1.097 0.001
at 0.008 0.824 0.007
agency 0.001 1.0 0.001
tass 0.001 1.222 0.001
born 0.001 1.523 0.002
odesa 0.001 1.699 0.002
married 0.001 2.0 0.002
surname 0.001 2.0 0.002
tkachuk 0.001 2.0 0.002
as 0.005 0.854 0.004
mentioned 0.001 1.699 0.002
father 0.001 1.523 0.002
ethnic 0.001 1.699 0.002
ukrainian 0.001 1.046 0.001
mother 0.001 1.301 0.001
accomplished 0.001 1.699 0.002
swimmer 0.001 2.0 0.002
having 0.001 1.523 0.002
swam 0.001 2.0 0.002
across 0.001 1.222 0.001
both 0.001 1.155 0.001
volga 0.001 2.0 0.002
river 0.001 2.0 0.002
bosporus 0.001 2.0 0.002
strait 0.001 2.0 0.002
became 0.001 1.222 0.001
student 0.001 1.301 0.001
kuban 0.002 2.0 0.004
university 0.001 1.301 0.001
journalism 0.002 1.398 0.003
department 0.001 1.523 0.002
long 0.001 1.097 0.001
involved 0.001 1.699 0.002
local 0.001 1.097 0.001
public 0.002 1.0 0.002
d 0.001 1.097 0.001
describe 0.001 2.0 0.002
this 0.003 0.854 0.003
period 0.001 1.523 0.002
life 0.001 1.0 0.001
exhausting 0.001 2.0 0.002
but 0.005 0.854 0.004
exciting 0.001 2.0 0.002
moment 0.001 1.301 0.001
“ 0.016 0.432 0.007
back 0.001 0.959 0.001
then 0.001 1.097 0.001
we 0.001 0.886 0.001
were 0.001 0.921 0.001
very 0.001 1.0 0.001
young 0.001 1.222 0.001
ambitious 0.001 2.0 0.002
students 0.001 1.523 0.002
ready 0.001 1.301 0.001
regional 0.002 1.398 0.003
day 0.001 0.921 0.001
night 0.001 1.523 0.002
whether 0.001 1.222 0.001
it 0.006 0.854 0.005
weekend 0.001 1.699 0.002
or 0.003 0.886 0.003
holiday 0.001 2.0 0.002
living 0.001 1.155 0.001
breathing 0.001 2.0 0.002
work. 0.001 2.0 0.002
” 0.016 0.886 0.014
fellow 0.001 2.0 0.002
alum 0.001 2.0 0.002
takhir 0.001 2.0 0.002
kholikbergdiev 0.001 2.0 0.002
told 0.011 0.959 0.011
took 0.001 1.398 0.001
least 0.001 1.097 0.001
class 0.001 1.699 0.002
future 0.001 1.155 0.001
editor-in-chief 0.001 1.699 0.002
margarita 0.001 1.699 0.002
simonyan 0.002 1.699 0.003
denies 0.001 1.699 0.002
classmates 0.001 2.0 0.002
simultaneously 0.001 1.301 0.001
acknowledges 0.001 2.0 0.002
once 0.001 1.301 0.001
competed 0.001 2.0 0.002
airtime 0.001 2.0 0.002
nearly 0.001 1.699 0.002
all-powerful 0.001 2.0 0.002
favorite 0.001 1.699 0.002
almost 0.001 1.046 0.001
all-russia 0.001 1.699 0.002
radio 0.001 1.523 0.002
broadcasting 0.002 1.398 0.003
company 0.001 1.222 0.001
director 0.001 1.398 0.001
vladimir 0.001 1.097 0.001
runov 0.003 2.0 0.006
because 0.002 0.959 0.002
he 0.009 0.959 0.009
fiercely 0.001 2.0 0.002
resisted 0.001 2.0 0.002
my 0.001 1.046 0.001
appointment 0.001 2.0 0.002
correspondent 0.002 1.398 0.003
holding 0.001 1.699 0.002
position 0.001 1.398 0.001
wrote 0.001 1.046 0.001
confirmed 0.001 1.398 0.001
protégé 0.001 2.0 0.002
from 0.008 0.824 0.007
mistaken 0.001 2.0 0.002
interfering 0.001 2.0 0.002
professional 0.001 1.301 0.001
rise 0.001 2.0 0.002
never 0.003 0.886 0.003
worked 0.003 1.222 0.004
moreover 0.001 2.0 0.002
had 0.002 0.921 0.002
other 0.002 0.886 0.002
champions 0.001 2.0 0.002
along 0.001 1.398 0.001
prominent 0.001 1.699 0.002
figure 0.001 1.523 0.002
then. 0.001 2.0 0.002
calls 0.001 1.398 0.001
sensible 0.001 2.0 0.002
woman 0.001 1.301 0.001
hard 0.001 1.222 0.001
stop 0.001 1.046 0.001
always 0.001 0.921 0.001
wanted 0.001 1.523 0.002
stand 0.001 1.523 0.002
nevertheless 0.001 1.699 0.002
disapproves 0.001 2.0 0.002
recent 0.001 1.523 0.002
see 0.001 1.0 0.001
no 0.002 0.796 0.002
heroism 0.001 2.0 0.002
courage 0.001 1.699 0.002
what 0.002 0.854 0.002
did 0.002 1.222 0.002
if 0.001 0.921 0.001
ask 0.001 1.523 0.002
me 0.001 0.959 0.001
more 0.001 0.886 0.001
stupid 0.001 1.523 0.002
than 0.001 0.921 0.001
anything 0.001 1.046 0.001
should 0.001 1.301 0.001
be 0.001 0.854 0.001
doing 0.001 1.222 0.001
writing 0.001 1.398 0.001
filming 0.001 2.0 0.002
going 0.001 0.886 0.001
asking 0.001 1.398 0.001
it. 0.001 2.0 0.002
continued 0.001 1.398 0.001
education 0.001 2.0 0.002
presidential 0.001 1.301 0.001
academy 0.001 2.0 0.002
national 0.001 1.222 0.001
economy 0.001 1.301 0.001
administration 0.001 1.155 0.001
thanks 0.001 2.0 0.002
part 0.001 1.097 0.001
recommendation 0.001 2.0 0.002
letter 0.001 1.398 0.001
saw 0.001 1.301 0.001
coming 0.001 1.155 0.001
ties 0.002 1.398 0.003
husband 0.001 1.523 0.002
igor 0.002 1.398 0.003
helped 0.001 1.523 0.002
get 0.002 0.959 0.002
job 0.002 1.398 0.003
editor 0.002 1.523 0.003
early 0.001 1.398 0.001
2000s 0.001 2.0 0.002
leveraging 0.001 2.0 0.002
fact 0.001 1.097 0.001
his 0.002 0.959 0.002
already 0.001 1.0 0.001
there 0.003 0.854 0.003
couple 0.001 2.0 0.002
two 0.002 0.921 0.002
children 0.001 1.222 0.001
don 0.001 0.886 0.001
t 0.007 0.886 0.006
know 0.002 1.0 0.002
prompted 0.001 2.0 0.002
do 0.001 0.921 0.001
said 0.004 0.959 0.004
when 0.002 0.959 0.002
asked 0.002 0.959 0.002
about 0.003 0.854 0.003
after 0.003 0.959 0.003
onto 0.001 1.222 0.001
interrupted 0.001 1.523 0.002
prevented 0.001 1.699 0.002
leaving 0.001 1.222 0.001
recording 0.001 1.699 0.002
studio 0.004 1.699 0.007
guards 0.003 2.0 0.006
sprang 0.001 2.0 0.002
action 0.001 1.699 0.002
tried 0.001 1.523 0.002
exit 0.001 1.699 0.002
building 0.002 1.301 0.003
spokespeople 0.001 1.699 0.002
respond 0.001 1.398 0.001
questions 0.002 1.301 0.003
justification 0.001 2.0 0.002
detaining 0.001 2.0 0.002
leave 0.002 1.155 0.002
unknown 0.001 1.398 0.001
custody 0.001 2.0 0.002
like 0.002 0.854 0.002
reemerge 0.001 2.0 0.002
publicly 0.001 1.301 0.001
until 0.001 1.155 0.001
court 0.001 1.301 0.001
interrupts 0.001 1.523 0.002
anti-war 0.001 1.222 0.001
message 0.001 1.222 0.001
journalist 0.001 1.046 0.001
riskin 0.004 2.0 0.008
used 0.001 1.155 0.001
received 0.001 1.699 0.002
p.m. 0.001 1.523 0.002
moscow 0.001 0.921 0.001
time 0.001 0.921 0.001
written 0.001 1.699 0.002
earlier 0.001 1.523 0.002
offering 0.001 2.0 0.002
help 0.001 0.886 0.001
him 0.001 1.046 0.001
being 0.001 0.959 0.001
ostankino 0.001 2.0 0.002
tower 0.001 2.0 0.002
didn 0.002 1.097 0.002
write 0.001 1.523 0.002
again 0.001 1.301 0.001
including 0.001 1.222 0.001
year-long 0.001 2.0 0.002
stint 0.001 2.0 0.002
washington 0.001 1.301 0.001
georgia 0.001 1.699 0.002
particularly 0.001 1.699 0.002
way 0.001 1.097 0.001
covered 0.001 1.699 0.002
deeply 0.001 1.699 0.002
disillusioned 0.001 2.0 0.002
responsible 0.001 1.155 0.001
too 0.001 0.921 0.001
wasn 0.001 1.398 0.001
participating 0.001 1.398 0.001
directly 0.001 1.523 0.002
unlike 0.001 1.523 0.002
any 0.001 0.921 0.001
resigned 0.001 2.0 0.002
left 0.001 1.097 0.001
says 0.003 1.301 0.004
internet 0.001 1.222 0.001
users 0.001 1.301 0.001
have 0.004 0.824 0.003
conspiracy 0.001 2.0 0.002
theories 0.001 2.0 0.002
claiming 0.001 1.699 0.002
itself 0.001 1.155 0.001
staged 0.001 1.398 0.001
people 0.003 0.886 0.003
believe 0.001 1.046 0.001
argue 0.001 2.0 0.002
security 0.002 1.046 0.002
would 0.001 0.921 0.001
allowed 0.001 1.398 0.001
unplanned 0.001 2.0 0.002
incident 0.001 1.523 0.002
been 0.002 0.921 0.002
center 0.001 1.155 0.001
studio. 0.001 2.0 0.002
former 0.001 1.097 0.001
concert 0.001 1.699 0.002
explaining 0.001 1.699 0.002
video 0.001 1.155 0.001
editors 0.001 2.0 0.002
same 0.001 0.959 0.001
space 0.001 1.523 0.002
room 0.001 2.0 0.002
aren 0.001 1.301 0.001
beyond 0.001 1.699 0.002
entrance 0.001 2.0 0.002
shifts 0.001 2.0 0.002
weeks 0.001 1.0 0.001
learn 0.001 1.523 0.002
faces 0.001 2.0 0.002
everybody 0.001 1.222 0.001
each 0.001 1.301 0.001
bringing 0.001 2.0 0.002
poster 0.001 1.699 0.002
folded 0.001 2.0 0.002
up 0.001 0.854 0.001
four 0.001 1.222 0.001
times 0.001 0.699 0.001
unfolding 0.001 2.0 0.002
standing 0.001 1.699 0.002
isn 0.001 1.222 0.001
rocket 0.001 1.699 0.002
science 0.001 1.398 0.001
assume 0.001 2.0 0.002
nobody 0.001 1.222 0.001
detain 0.001 2.0 0.002
control 0.001 1.222 0.001
above 0.001 1.699 0.002
probably 0.001 1.398 0.001
signaled 0.001 2.0 0.002
detained 0.001 1.523 0.002
does 0.001 1.0 0.001
guard 0.002 1.398 0.003
now 0.001 0.886 0.001
stationed 0.001 2.0 0.002
near 0.001 1.301 0.001
desk 0.001 2.0 0.002
failed 0.001 1.398 0.001
react 0.001 2.0 0.002
quickly 0.001 1.398 0.001
enough 0.001 1.046 0.001
nothing 0.001 1.222 0.001
ever 0.001 1.398 0.001
happened 0.001 1.301 0.001
simply 0.001 1.301 0.001
temperament 0.001 2.0 0.002
described 0.001 1.699 0.002
calm 0.001 1.699 0.002
by 0.002 0.658 0.001
standards. 0.001 2.0 0.002
emotional 0.001 1.523 0.002
zhanna 0.001 1.699 0.002
agalakova 0.002 1.699 0.003
special 0.001 1.155 0.001
based 0.001 1.699 0.002
paris 0.001 2.0 0.002
whose 0.001 1.398 0.001
resignation 0.001 2.0 0.002
network 0.002 1.222 0.002
tuesday 0.001 1.523 0.002
pleasant 0.001 2.0 0.002
colleague 0.001 2.0 0.002
interacted 0.001 2.0 0.002
only 0.001 0.959 0.001
rarely 0.001 2.0 0.002
foreign 0.001 1.097 0.001
primarily 0.001 1.523 0.002
correspondents 0.001 1.699 0.002
doesn 0.001 1.046 0.001
current 0.001 1.301 0.001
mood 0.001 1.699 0.002
handed 0.001 2.0 0.002
notice 0.001 1.699 0.002
last 0.001 1.046 0.001
friday 0.001 1.699 0.002
freedom 0.001 1.523 0.002
comes 0.001 1.301 0.001
can 0.002 0.854 0.002
wait. 0.001 2.0 0.002
why 0.001 1.0 0.001
decided 0.001 1.097 0.001
resign 0.001 1.699 0.002
think 0.001 1.046 0.001
answer 0.001 1.523 0.002
obvious. 0.001 2.0 0.002
down 0.001 1.097 0.001
dumps 0.001 2.0 0.002
elena 0.001 1.699 0.002
afanasyeva 0.001 1.699 0.002
creative 0.001 0.921 0.001
planning 0.001 1.523 0.002
loyalty 0.001 2.0 0.002
kremlin 0.001 1.097 0.001
official 0.001 1.097 0.001
narrative 0.001 1.699 0.002
varies 0.001 2.0 0.002
many 0.001 0.921 0.001
employees 0.001 1.398 0.001
genuine 0.001 2.0 0.002
believers 0.001 2.0 0.002
while 0.002 1.0 0.002
others 0.001 1.046 0.001
merely 0.001 2.0 0.002
find 0.001 1.046 0.001
jobs 0.001 1.301 0.001
anywhere 0.001 1.301 0.001
else 0.001 1.222 0.001
shrinking 0.001 2.0 0.002
industry 0.001 1.523 0.002
numerous 0.001 1.398 0.001
oppose 0.001 1.523 0.002
afraid 0.001 1.398 0.001
ve 0.002 0.886 0.002
got 0.002 1.301 0.003
kids 0.001 1.523 0.002
parents 0.001 1.301 0.001
look 0.001 1.523 0.002
mortgages 0.001 1.699 0.002
their 0.001 0.854 0.001
savings 0.001 1.523 0.002
decimated 0.001 2.0 0.002
fear 0.001 1.523 0.002
unemployment 0.001 1.398 0.001
blacklisted. 0.001 1.699 0.002
beginning 0.001 1.0 0.001
all 0.002 0.854 0.002
staff 0.001 1.301 0.001
edge 0.001 1.523 0.002
close 0.001 1.097 0.001
without 0.002 1.097 0.002
exception 0.001 1.699 0.002
right 0.001 0.959 0.001
monitors 0.001 2.0 0.002
showing 0.001 1.301 0.001
reports 0.001 1.097 0.001
reuters 0.001 0.745 0.001
ap 0.001 0.854 0.001
getting 0.001 1.046 0.001
guidelines 0.001 2.0 0.002
scripted 0.001 2.0 0.002
higher 0.001 1.523 0.002
utterly 0.001 2.0 0.002
divorced 0.001 1.699 0.002
reality 0.001 1.155 0.001
saying 0.001 1.155 0.001
levels 0.001 1.699 0.002
started 0.001 1.046 0.001
panicking 0.001 1.523 0.002
themselves 0.001 1.155 0.001
lies 0.001 1.699 0.002
senior 0.001 1.523 0.002
management 0.001 1.523 0.002
will 0.002 0.854 0.002
return 0.001 1.699 0.002
normal 0.001 1.398 0.001
zelensky 0.001 1.222 0.001
picture 0.001 1.523 0.002
president 0.001 1.222 0.001
staying 0.001 1.523 0.002
power 0.001 1.301 0.001
frayed 0.001 2.0 0.002
nerves 0.001 2.0 0.002
anyone 0.001 1.046 0.001
brains 0.001 1.699 0.002
access 0.001 1.155 0.001
information. 0.001 1.699 0.002
information 0.001 1.097 0.001
since 0.001 1.0 0.001
important 0.001 1.046 0.001
bureaus 0.001 2.0 0.002
cities 0.001 1.155 0.001
service 0.001 1.097 0.001
where 0.001 0.959 0.001
collect 0.001 2.0 0.002
around 0.001 1.222 0.001
world 0.001 1.0 0.001
different 0.001 1.046 0.001
explained 0.001 1.398 0.001
adding 0.001 1.699 0.002
expects 0.001 2.0 0.002
face 0.001 1.155 0.001
show 0.002 1.301 0.003
trial 0.001 1.699 0.002
eventually 0.001 1.523 0.002
authorities 0.001 1.046 0.001
make 0.001 0.959 0.001
example 0.001 1.155 0.001
major 0.001 1.222 0.001
outlets 0.001 1.097 0.001
vgtrk 0.001 1.699 0.002
several 0.001 1.046 0.001
journalists 0.001 1.097 0.001
unhappy 0.001 2.0 0.002
forced 0.001 1.398 0.001
talk 0.001 1.222 0.001
peacekeeping 0.001 1.699 0.002
operation 0.001 1.301 0.001
also 0.001 0.959 0.001
relatives 0.001 1.301 0.001
draft 0.001 1.523 0.002
age 0.001 1.699 0.002
whom 0.001 1.301 0.001
trying 0.001 1.155 0.001
country 0.001 0.959 0.001
means 0.001 1.301 0.001
necessary 0.001 1.699 0.002
arguing 0.001 1.398 0.001
duplicity 0.001 2.0 0.002
required 0.001 1.699 0.002
report 0.001 1.523 0.002
government 0.001 1.0 0.001
falsehoods 0.001 2.0 0.002
inflicts 0.001 2.0 0.002
huge 0.001 1.699 0.002
psychological 0.001 2.0 0.002
trauma 0.001 2.0 0.002
launched 0.001 1.699 0.002
internal 0.001 2.0 0.002
review 0.001 1.699 0.002
referring 0.001 1.301 0.001
statements 0.001 1.222 0.001
outsider 0.001 2.0 0.002
shot 0.001 1.398 0.001
mentioning 0.001 2.0 0.002
name 0.001 1.398 0.001
secretary 0.001 1.523 0.002
larisa 0.001 2.0 0.002
krymova 0.001 2.0 0.002
sources 0.001 1.155 0.001
changed 0.001 1.222 0.001
working 0.002 0.854 0.002
new 0.001 0.699 0.001
instructions 0.001 1.523 0.002
factory 0.001 1.699 0.002
workers 0.001 1.523 0.002
quietly 0.001 2.0 0.002
thunder 0.001 2.0 0.002
hasn 0.001 1.523 0.002
hit 0.001 1.222 0.001
yet 0.001 1.097 0.001
maybe 0.001 1.699 0.002
late 0.001 1.398 0.001
february 0.001 1.097 0.001
shortly 0.001 2.0 0.002
its 0.001 1.046 0.001
full-scale 0.001 1.301 0.001
invasion 0.001 1.0 0.001
late-night 0.001 2.0 0.002
talk-show 0.001 2.0 0.002
host 0.001 1.699 0.002
ivan 0.001 1.523 0.002
urgant 0.002 2.0 0.004
head 0.001 1.398 0.001
writer 0.001 2.0 0.002
alexander 0.001 1.155 0.001
gudkov 0.001 2.0 0.002
shared 0.001 1.301 0.001
messages 0.001 1.301 0.001
immediately 0.001 1.155 0.001
removed 0.001 1.699 0.002
program 0.001 1.523 0.002
stating 0.001 2.0 0.002
hiatus 0.001 2.0 0.002
light 0.001 1.699 0.002
socio-political 0.001 2.0 0.002
events. 0.001 2.0 0.002
declined 0.001 1.699 0.002
speak 0.001 1.222 0.001
24/7 0.001 0.102 0.0
our 0.001 0.854 0.001
readerswe 0.001 0.921 0.001
need 0.001 0.854 0.001
your 0.001 0.854 0.001
okay 0.001 0.921 0.001
sasha 0.001 1.699 0.002
sivtsova 0.001 1.699 0.002
svetlana 0.001 1.699 0.002
reiter 0.001 2.0 0.002
semyon 0.001 2.0 0.002
bashkirov 0.001 2.0 0.002
abridged 0.001 1.398 0.001
translation 0.001 1.0 0.001
kevin 0.001 2.0 0.002
rothrock 0.001 2.0 0.002
code 0.001 0.824 0.001
conduct 0.001 0.824 0.001
advertise 0.001 0.854 0.001
privacy 0.001 0.854 0.001
notes 0.001 0.824 0.001
cookies 0.001 0.854 0.001
facebook 0.001 0.0 0.0
twitter 0.001 0.0 0.0
instagram 0.001 0.745 0.001
rss 0.001 0.854 0.001
© 0.001 0.0 0.0
rights 0.001 0.854 0.001
reserved 0.001 0.854 0.001
