перейти 0.001 0.066 0.0
материал 0.002 0.066 0.0
связь 0.001 0.0 0.0
новостиисторииразборшапитокоронавирусмагаз 0.001 0.066 0.0
медуза 0.007 0.066 0.0
рекламаmeduza 0.001 0.066 0.0
in 0.001 0.0 0.0
english 0.001 0.06 0.0
показывать 0.001 0.066 0.0
порядок 0.003 0.066 0.0
en 0.001 0.066 0.0
кнопка 0.001 0.066 0.0
поддержка 0.002 0.066 0.0
история 0.001 0.26 0.0
курс 0.005 0.824 0.004
валюта 0.012 1.301 0.016
улететь 0.001 1.398 0.001
космос 0.001 1.222 0.001
накопление 0.008 1.301 0.01
как-то 0.002 0.699 0.001
спасти 0.001 0.854 0.001
вложиться 0.001 1.699 0.002
золото 0.005 1.699 0.008
инвестиция 0.001 1.301 0.001
мочь 0.002 0.102 0.0
помочь 0.002 0.125 0.0
март 0.001 0.284 0.0
источник 0.001 0.167 0.0
meduza 0.002 0.0 0.0
данный 0.001 0.097 0.0
сообщение 0.001 0.102 0.0
создать 0.001 0.097 0.0
распространить 0.001 0.102 0.0
иностранный 0.003 0.097 0.0
средство 0.001 0.097 0.0
массовый 0.001 0.097 0.0
информация 0.001 0.102 0.0
выполнять 0.002 0.097 0.0
функция 0.002 0.097 0.0
агент 0.002 0.097 0.0
российский 0.007 0.071 0.0
юридический 0.001 0.102 0.0
лицо 0.001 0.086 0.0
мы 0.003 0.066 0.0
нужный 0.002 0.086 0.0
ваш 0.003 0.081 0.0
помощь 0.002 0.071 0.0
пожалуйста 0.001 0.102 0.0
поддержать 0.002 0.066 0.0
максим 0.001 0.796 0.001
шемет 0.001 1.699 0.002
reuters 0.001 0.745 0.001
scanpix 0.001 0.301 0.0
leta 0.001 0.301 0.0
февраль 0.003 0.337 0.001
армия 0.001 0.721 0.001
вторгнуться 0.001 1.523 0.002
украина 0.001 0.347 0.0
рубль 0.007 1.0 0.007
доллар 0.002 0.921 0.002
евро 0.002 1.301 0.003
другой 0.001 0.097 0.0
упасть 0.002 0.77 0.002
вдвое 0.001 1.222 0.001
одновременно 0.001 0.796 0.001
центробанк 0.003 1.523 0.005
ввести 0.001 0.538 0.001
ограничение 0.005 0.585 0.003
снятие 0.001 1.398 0.001
покупка 0.001 1.523 0.002
сбережение 0.002 1.699 0.003
многий 0.002 0.495 0.001
россиянин 0.004 0.444 0.002
начать 0.002 0.276 0.001
таять 0.001 2.0 0.002
условие 0.006 0.495 0.003
постоянно 0.001 0.62 0.001
меняться 0.001 0.854 0.001
сохранить 0.002 0.796 0.002
свой 0.003 0.143 0.0
удаться 0.002 0.456 0.001
вообще 0.002 0.066 0.0
это 0.011 0.066 0.001
сделать 0.002 0.208 0.0
объяснять 0.001 0.538 0.001
доцент 0.001 2.0 0.002
ранхигс 0.001 1.699 0.002
специалист 0.001 0.796 0.001
фондовый 0.003 1.699 0.005
рынок 0.016 0.699 0.011
сергей 0.002 0.796 0.002
хестан 0.002 2.0 0.004
человек 0.010000000000000002 0.092 0.001
делать 0.005 0.18 0.001
легко 0.002 0.824 0.002
ответить 0.001 0.495 0.0
вопрос 0.003 0.276 0.001
стать 0.005 0.149 0.001
гораздо 0.002 0.699 0.001
сложный 0.002 0.602 0.001
из-за 0.003 0.229 0.001
непонятно 0.001 0.921 0.001
быть 0.007 0.215 0.002
работать 0.009000000000000001 0.102 0.001
многие 0.008 0.284 0.002
традиционный 0.001 1.222 0.001
способ 0.002 0.602 0.001
снижение 0.001 0.745 0.001
риск 0.004 0.357 0.001
ранний 0.001 0.409 0.0
логика 0.002 1.699 0.003
который 0.004 0.071 0.0
хотеть 0.004 0.102 0.0
защитить 0.001 0.721 0.001
инфляция 0.004 1.699 0.007
девальвация 0.003 1.699 0.005
довольно 0.006 0.523 0.003
простой 0.004 0.538 0.002
рассматривать 0.001 1.097 0.001
инструмент 0.003 0.854 0.003
достаточно 0.005 0.444 0.002
иметь 0.002 0.337 0.001
долгосрочный 0.002 1.097 0.002
тот 0.007 0.131 0.001
заведомо 0.001 1.523 0.002
предполагаться 0.001 1.301 0.001
использовать 0.003 0.319 0.001
близкий 0.003 0.347 0.001
год-два 0.001 2.0 0.002
хранить 0.002 1.699 0.003
называть 0.001 0.432 0.0
твёрдый 0.002 2.0 0.004
причём 0.001 0.62 0.001
важно 0.001 0.509 0.001
недавний 0.002 1.0 0.002
время 0.008 0.086 0.001
радикально 0.002 1.301 0.003
ниже 0.001 0.77 0.001
рублёвый 0.003 2.0 0.006
сторона 0.002 0.347 0.001
никакой 0.002 0.409 0.001
движение 0.002 0.921 0.002
капитал 0.002 1.398 0.003
разумный 0.001 1.699 0.002
стратегия 0.002 1.097 0.002
банально 0.001 1.699 0.002
кто 0.001 0.377 0.0
значительный 0.002 0.854 0.002
подумать 0.002 1.0 0.002
использование 0.002 0.066 0.0
финансовый 0.001 1.046 0.001
состоятельный 0.001 1.699 0.002
евробонд 0.001 2.0 0.002
этот 0.005 0.137 0.001
заметно 0.002 1.222 0.002
десятилетие 0.001 1.155 0.001
аккуратно 0.001 1.523 0.002
подбирать 0.001 1.301 0.001
слово 0.002 0.268 0.001
непростой 0.002 1.699 0.003
геополитический 0.003 1.699 0.005
обстановка 0.001 1.097 0.001
такой 0.002 0.114 0.0
логичный 0.001 1.523 0.002
схема 0.001 1.222 0.001
некоторый 0.004 0.222 0.001
перестать 0.001 0.678 0.001
настоящий 0.001 0.585 0.001
конвертируемость 0.001 2.0 0.002
ограничить 0.002 0.959 0.002
также 0.002 0.237 0.0
возможность 0.002 0.444 0.001
совершать 0.001 1.222 0.001
трансграничный 0.001 2.0 0.002
транзакция 0.001 1.699 0.002
располагать 0.002 1.699 0.003
небольшой 0.004 0.602 0.002
сумма 0.003 1.398 0.004
смысл 0.002 0.481 0.001
наличный 0.002 1.699 0.003
позднесоветский 0.001 1.699 0.002
год 0.013000000000000003 0.119 0.002
союз 0.001 0.886 0.001
формальный 0.001 1.222 0.001
обращение 0.001 1.301 0.001
запретить 0.001 0.77 0.001
желать 0.001 1.0 0.001
покупать 0.001 0.824 0.001
продавать 0.003 0.921 0.003
чёрный 0.005 0.959 0.005
более-менее 0.001 1.155 0.001
понятный 0.002 0.959 0.002
поскольку 0.002 0.678 0.001
продать 0.002 1.301 0.003
крупный 0.006 0.523 0.003
вид 0.001 0.398 0.0
сложно 0.001 0.538 0.001
большой 0.005 0.347 0.002
вероятность 0.002 0.602 0.001
вызвать 0.002 0.721 0.001
серьёзный 0.002 0.553 0.001
правоохранительный 0.001 2.0 0.002
орган 0.001 0.886 0.001
слабый 0.001 1.097 0.001
оптимизм 0.002 1.523 0.003
внушать 0.002 2.0 0.004
степень 0.003 0.658 0.002
рыночность 0.001 2.0 0.002
экономика 0.005 0.796 0.004
оставаться 0.002 0.387 0.001
потребность 0.001 1.222 0.001
часть 0.003 0.377 0.001
экономический 0.002 0.854 0.002
субъект 0.001 1.699 0.002
защита 0.001 0.569 0.001
соответственно 0.002 0.921 0.002
надежда 0.003 0.77 0.002
какой-то 0.007 0.328 0.002
подход 0.003 0.854 0.003
блок 0.001 1.222 0.001
правительство 0.003 0.678 0.002
банк 0.006 0.959 0.006
россия 0.007 0.108 0.001
решение 0.003 0.347 0.001
проблема 0.002 0.347 0.001
постепенно 0.001 1.222 0.001
сформироваться 0.002 1.523 0.003
заблокировать 0.001 0.553 0.001
готовый 0.003 0.509 0.002
продолжать 0.001 0.292 0.0
несмотря 0.002 0.456 0.001
прямо 0.002 0.357 0.001
далёкий 0.003 0.481 0.001
весь 0.001 0.114 0.0
трудный 0.001 0.721 0.001
независимый 0.001 0.409 0.0
издание 0.001 0.481 0.0
интерес 0.002 0.155 0.0
читатель 0.001 0.523 0.001
помочьхотать 0.001 0.886 0.001
кроме 0.002 0.387 0.001
отсутствие 0.001 0.699 0.001
свободный 0.001 0.77 0.001
валютный 0.007 1.523 0.011
котировка 0.001 1.523 0.002
число 0.002 0.201 0.0
зарубежный 0.001 0.886 0.001
площадка 0.001 0.796 0.001
возможно 0.002 0.398 0.001
где-то 0.001 0.721 0.001
вблизи 0.001 1.699 0.002
текущий 0.002 0.959 0.002
нащупывать 0.001 2.0 0.002
промежуточный 0.001 1.097 0.001
равновесие 0.001 1.398 0.001
укрепиться 0.001 2.0 0.002
значение 0.001 0.721 0.001
очень 0.001 0.149 0.0
сигнал 0.001 1.222 0.001
центральный 0.002 1.097 0.002
смягчение 0.001 1.523 0.002
вернуться 0.001 0.638 0.001
похожий 0.001 0.602 0.001
ситуация 0.002 0.337 0.001
ответ 0.001 0.432 0.0
деньга 0.003 0.602 0.002
минфин 0.005 1.523 0.008
советовать 0.001 0.854 0.001
выходить 0.001 0.62 0.001
счёт 0.001 0.721 0.001
вкладываться 0.001 1.523 0.002
насколько 0.004 0.42 0.002
оправдать 0.001 1.222 0.001
недостаток 0.001 1.0 0.001
купить 0.001 0.796 0.001
один 0.002 0.119 0.0
грамм 0.001 2.0 0.002
попытка 0.001 0.921 0.001
типичный 0.001 1.699 0.002
являться 0.001 0.602 0.001
требование 0.002 0.066 0.0
экспертиза 0.003 1.155 0.003
слитковый 0.001 2.0 0.002
затратный 0.001 1.699 0.002
маленький 0.001 0.328 0.0
объём 0.001 1.0 0.001
стоить 0.002 0.469 0.001
дорогой 0.001 1.046 0.001
сам 0.003 0.137 0.0
необходимость 0.002 0.745 0.001
продажа 0.001 0.854 0.001
сильно 0.001 0.509 0.001
ограничивать 0.001 1.523 0.002
применимость 0.001 1.699 0.002
вероятно 0.002 0.699 0.001
день 0.006 0.167 0.001
столкнуться 0.001 1.046 0.001
прекрасно 0.001 1.222 0.001
понимать 0.001 0.42 0.0
значимый 0.001 1.097 0.001
возникновение 0.002 0.921 0.002
крайне 0.001 0.721 0.001
нежелательно 0.001 1.523 0.002
снизить 0.001 0.854 0.001
управляемость 0.001 2.0 0.002
целый 0.001 0.658 0.001
букет 0.001 2.0 0.002
нежелание 0.001 1.301 0.001
цб 0.004 1.301 0.005
допустить 0.002 0.854 0.002
формирование 0.001 1.222 0.001
баланс 0.002 1.699 0.003
поступление 0.001 1.301 0.001
импорт 0.002 1.523 0.003
нынешний 0.004 0.77 0.003
появиться 0.001 0.367 0.0
либерализовать 0.001 2.0 0.002
казаться 0.002 0.409 0.001
затягивать 0.001 2.0 0.002
регулятор 0.001 1.222 0.001
постараться 0.002 1.301 0.003
открыть 0.001 0.538 0.001
нормальный 0.001 0.77 0.001
просто 0.002 0.194 0.0
соображение 0.002 1.398 0.003
открыться 0.002 1.222 0.002
явочный 0.001 2.0 0.002
смочь 0.003 0.328 0.001
действительно 0.001 0.377 0.0
высокий 0.003 0.495 0.001
консервативный 0.001 1.301 0.001
прогноз 0.001 0.824 0.001
ожидаться 0.001 1.046 0.001
уровень 0.002 0.367 0.001
сравнение 0.001 0.602 0.001
составить 0.001 0.658 0.001
чувствительно 0.001 1.699 0.002
размер 0.001 1.097 0.001
полугодовой 0.001 1.523 0.002
годовой 0.001 1.523 0.002
зарплата 0.004 1.398 0.006
посмотреть 0.001 0.523 0.001
альтернативный 0.001 1.0 0.001
ставка 0.002 1.222 0.002
привести 0.001 0.456 0.0
доходность 0.001 1.699 0.002
депозит 0.003 2.0 0.006
находиться 0.001 0.367 0.0
выше 0.001 0.509 0.001
малый 0.001 0.678 0.001
зло 0.001 1.301 0.001
тупо 0.001 2.0 0.002
держать 0.001 0.824 0.001
подушка 0.001 1.699 0.002
выход 0.001 0.796 0.001
подсластить 0.001 2.0 0.002
пилюля 0.001 2.0 0.002
безработица 0.004 1.523 0.006
кризис 0.004 0.921 0.004
волна 0.002 0.921 0.002
завод 0.002 0.959 0.002
остановиться 0.002 0.959 0.002
санкция 0.002 0.62 0.001
отвечать 0.005 0.456 0.002
регионалиста 0.002 1.699 0.003
наталья 0.002 1.097 0.002
зубаревич 0.002 1.699 0.003
удивительно 0.002 1.398 0.003
вселять 0.002 1.523 0.003
назад 0.005 0.18 0.001
уверенный 0.001 0.921 0.001
агентство 0.001 0.824 0.001
страхование 0.001 1.699 0.002
вклад 0.002 1.301 0.003
гарантировать 0.001 0.854 0.001
выплата 0.001 1.398 0.001
разориться 0.001 2.0 0.002
трудность 0.002 1.155 0.002
косвенно 0.001 1.155 0.001
связать 0.001 0.469 0.0
пофантазировать 0.001 2.0 0.002
представить 0.001 0.638 0.001
стабилизироваться 0.001 2.0 0.002
сверхжёсткий 0.001 2.0 0.002
операция 0.001 0.721 0.001
двукратный 0.001 1.523 0.002
надёжно 0.001 1.222 0.001
сократить 0.001 1.222 0.001
товар 0.001 1.097 0.001
опыт 0.001 0.699 0.001
подсказывать 0.001 1.398 0.001
чувствительный 0.001 1.523 0.002
падать 0.002 0.824 0.002
сильный 0.002 0.553 0.001
экспорт 0.001 1.398 0.001
автоматически 0.001 1.222 0.001
укреплять 0.001 2.0 0.002
торговый 0.001 1.046 0.001
мотивация 0.001 1.301 0.001
жёсткий 0.001 0.678 0.001
себя 0.001 0.62 0.001
отпадать 0.001 2.0 0.002
последний 0.002 0.284 0.001
выйти 0.001 0.456 0.0
миллион 0.001 0.495 0.0
повести 0.001 1.523 0.002
биржа 0.001 1.699 0.002
вновь 0.001 1.155 0.001
падение 0.002 0.921 0.002
акция 0.001 0.745 0.001
общий 0.001 0.444 0.0
первый 0.003 0.143 0.0
заметный 0.001 1.155 0.001
ценный 0.001 1.398 0.001
бумага 0.003 1.222 0.004
инвестор 0.003 1.699 0.005
брать 0.001 0.77 0.001
пауза 0.001 1.398 0.001
цена 0.001 1.0 0.001
сократиться 0.002 1.222 0.002
подождать 0.001 1.301 0.001
хотя 0.002 0.276 0.001
среднее 0.001 0.77 0.001
расти 0.001 0.886 0.001
бизнес 0.004 0.824 0.003
шанс 0.002 0.638 0.001
выжить 0.001 1.0 0.001
общий-то 0.002 1.699 0.003
компания 0.001 0.444 0.0
мой 0.001 0.585 0.001
память 0.001 1.398 0.001
умереть 0.001 0.638 0.001
звать 0.001 1.398 0.001
юкос 0.001 1.699 0.002
поэтому 0.002 0.328 0.001
частный 0.002 0.824 0.002
подешеветь 0.001 2.0 0.002
дивидендный 0.001 2.0 0.002
привлекательность 0.001 2.0 0.002
правильно 0.001 0.824 0.001
понять 0.001 0.495 0.0
мнение 0.001 0.509 0.001
открытие 0.001 1.301 0.001
именно 0.001 0.244 0.0
попытаться 0.001 0.854 0.001
какой 0.001 0.357 0.0
каждый 0.002 0.244 0.0
начальник 0.001 1.222 0.001
встречаться 0.001 0.824 0.001
рациональный 0.001 1.699 0.002
совершенно 0.001 0.678 0.001
идиотский 0.001 2.0 0.002
большинство 0.001 0.509 0.001
мягко 0.001 1.301 0.001
говорить 0.003 0.18 0.001
самый 0.002 0.208 0.0
среди 0.001 0.42 0.0
покупатель 0.001 1.398 0.001
игрок 0.001 1.523 0.002
произойти 0.002 0.638 0.001
труд 0.003 0.854 0.003
возвращаться 0.002 0.854 0.002
1990-й 0.002 1.301 0.003
скоро 0.002 0.796 0.002
безработный 0.002 1.523 0.003
платить 0.002 1.097 0.002
.. 0.002 1.523 0.003
исследователь 0.002 0.721 0.001
владимир 0.002 0.523 0.001
гимпельсон 0.002 1.523 0.003
тяжёлый 0.001 0.377 0.0
власть 0.003 0.31 0.001
пойти 0.001 0.509 0.001
введение 0.002 0.658 0.001
карточный 0.001 2.0 0.002
система 0.001 0.398 0.0
дело 0.001 0.252 0.0
внутри 0.001 0.745 0.001
принимать 0.003 0.432 0.001
разный 0.001 0.276 0.0
взгляд 0.001 1.046 0.001
сторонник 0.001 1.0 0.001
мобилизационно-распределительный 0.001 2.0 0.002
господин 0.001 1.301 0.001
вице-премьер 0.001 1.222 0.001
андрей 0.001 1.046 0.001
белоус 0.001 2.0 0.002
назвать 0.001 0.569 0.001
дирижизм 0.001 2.0 0.002
государство 0.001 0.569 0.001
директивный 0.001 2.0 0.002
устанавливать 0.001 1.222 0.001
задача 0.001 0.77 0.001
определённый 0.001 0.77 0.001
этап 0.001 0.921 0.001
страна 0.001 0.155 0.0
проходить 0.001 0.495 0.0
отнюдь 0.001 2.0 0.002
ссср 0.001 1.155 0.001
представитель 0.001 0.638 0.001
чётко 0.001 1.0 0.001
стоять 0.001 1.0 0.001
рыночный 0.001 1.301 0.001
позиция 0.001 0.745 0.001
прежде 0.001 0.62 0.001
способность 0.001 0.77 0.001
относительно 0.001 0.721 0.001
благополучно 0.001 1.699 0.002
пережить 0.001 1.097 0.001
базироваться 0.001 1.301 0.001
два 0.001 0.26 0.0
вещь 0.002 0.62 0.001
сбалансированный 0.001 1.398 0.001
бюджет 0.001 1.301 0.001
прошлый 0.001 0.745 0.001
закрыть 0.001 0.959 0.001
профицит 0.001 2.0 0.002
второе 0.001 1.398 0.001
плавать 0.001 1.699 0.002
долго 0.001 0.745 0.001
спорить 0.001 2.0 0.002
свободность 0.001 2.0 0.002
связка 0.002 1.398 0.003
начало 0.001 0.26 0.0
формироваться 0.001 1.301 0.001
2006-го 0.001 2.0 0.002
успешно 0.002 1.097 0.002
пройти 0.001 0.387 0.0
укрепить 0.001 1.523 0.002
уверенность 0.001 1.046 0.001
закредитованность 0.002 2.0 0.004
гражданин 0.001 0.553 0.001
месяц 0.001 0.432 0.0
увеличиваться 0.001 1.222 0.001
заёмный 0.001 2.0 0.002
ужесточить 0.001 1.523 0.002
политика 0.001 0.602 0.001
выдача 0.001 1.523 0.002
кредит 0.003 1.699 0.005
минимум 0.001 0.77 0.001
пора 0.001 0.357 0.0
пока 0.001 0.208 0.0
наступить 0.001 1.301 0.001
относительный 0.001 1.155 0.001
определённость 0.001 1.699 0.002
способствовать 0.001 1.0 0.001
разгул 0.001 2.0 0.002
кредитование 0.001 2.0 0.002
старый 0.001 0.658 0.001
потихоньку 0.001 2.0 0.002
гаситься 0.001 2.0 0.002
скорее 0.002 0.509 0.001
кто-то 0.002 0.523 0.001
обанкротиться 0.001 1.699 0.002
выплатить 0.001 1.523 0.002
видеть 0.001 0.444 0.0
больший 0.001 0.328 0.0
потребительский 0.001 1.699 0.002
исчезающе 0.001 1.699 0.002
мало 0.001 0.538 0.001
неплохо 0.001 1.523 0.002
уметь 0.001 0.921 0.001
определение 0.001 1.222 0.001
надёжность 0.001 2.0 0.002
заёмщик 0.001 2.0 0.002
едва 0.001 1.523 0.002
испортиться 0.001 2.0 0.002
кредитный 0.001 1.699 0.002
портфель 0.001 1.398 0.001
особо 0.001 1.097 0.001
страшный 0.001 0.959 0.001
сюрприз 0.001 1.699 0.002
ждать 0.003 0.481 0.001
попросту 0.001 1.301 0.001
шокировать 0.001 1.301 0.001
размах 0.001 2.0 0.002
панический 0.001 2.0 0.002
настроение 0.001 1.097 0.001
несколько 0.001 0.187 0.0
спасть 0.001 1.155 0.001
сложиться 0.001 1.155 0.001
впечатление 0.001 1.398 0.001
событие 0.002 0.509 0.001
неожиданность 0.001 2.0 0.002
весьма 0.001 1.222 0.001
режиссировать 0.001 2.0 0.002
внимание 0.001 0.523 0.001
дискуссия 0.001 1.222 0.001
либо 0.002 0.569 0.001
отговорить 0.001 1.699 0.002
действие 0.001 0.409 0.0
невозможно 0.001 0.602 0.001
подготовиться 0.001 1.155 0.001
случиться 0.001 0.509 0.001
международный 0.001 0.569 0.001
резерв 0.001 1.222 0.001
болезненный 0.001 1.301 0.001
неприятный 0.001 1.097 0.001
период 0.001 0.678 0.001
приспособление 0.001 1.699 0.002
процент 0.001 1.046 0.001
прийтись 0.001 0.602 0.001
ужаться 0.001 2.0 0.002
что-то 0.001 0.509 0.001
пожертвовать 0.001 1.523 0.002
приспособиться 0.001 1.523 0.002
предположить 0.001 0.886 0.001
оно 0.002 0.444 0.001
остаться 0.001 0.432 0.0
суровый 0.001 2.0 0.002
глубина 0.001 1.398 0.001
перестройка 0.001 2.0 0.002
польза 0.001 0.745 0.001
пик 0.001 1.301 0.001
пять 0.001 0.432 0.0
раз 0.001 0.569 0.001
дефолт 0.004 1.699 0.007
сколько 0.002 0.585 0.001
прожить 0.002 1.222 0.002
девяностый 0.002 1.398 0.003
экономист 0.002 1.046 0.002
олег 0.002 1.301 0.003
буклемишев 0.002 1.699 0.003
24/7 0.001 0.102 0.0
читателейн 0.001 0.174 0.0
срочно 0.001 0.167 0.0
редакция 0.002 0.066 0.0
кодекс 0.001 0.066 0.0
блог 0.001 0.066 0.0
meduzacare 0.001 0.066 0.0
связаться 0.001 0.066 0.0
анонимно 0.001 0.066 0.0
платформа 0.002 0.066 0.0
ios 0.001 0.066 0.0
android 0.001 0.066 0.0
инстаграм 0.001 0.066 0.0
twitter 0.001 0.0 0.0
facebook 0.001 0.0 0.0
вконтакте 0.001 0.066 0.0
youtube 0.001 0.06 0.0
– 0.001 0.06 0.0
live 0.001 0.022 0.0
вечерний 0.001 0.066 0.0
реклама 0.002 0.066 0.0
баннер 0.001 0.066 0.0
безопасно 0.001 0.066 0.0
персональный 0.001 0.066 0.0
дать 0.001 0.066 0.0
правило 0.001 0.066 0.0
обработка 0.001 0.066 0.0
кук 0.001 0.066 0.0
наслать 0.001 0.066 0.0
ошибка 0.001 0.066 0.0
выделить 0.001 0.066 0.0
нажать 0.001 0.066 0.0
ctrl+enter 0.001 0.066 0.0
спасибоgiphyз 0.001 0.066 0.0
гифка 0.001 0.066 0.0
© 0.001 0.0 0.0
