перейти 0.0 0.066 0.0
материал 0.0 0.066 0.0
связь 0.001 0.0 0.0
новостиисторииразборшапитокоронавирусмагаз 0.0 0.066 0.0
медуза 0.006 0.066 0.0
рекламаmeduza 0.0 0.066 0.0
in 0.0 0.0 0.0
english 0.0 0.06 0.0
показывать 0.0 0.066 0.0
порядок 0.0 0.066 0.0
en 0.0 0.066 0.0
кнопка 0.0 0.066 0.0
поддержка 0.0 0.066 0.0
история 0.0 0.26 0.0
наш 0.006 0.337 0.002
бабушка 0.008 1.0 0.008
военный 0.001 0.444 0.0
объект 0.001 0.886 0.001
ирпень 0.002 1.155 0.002
пригород 0.001 1.046 0.001
киев 0.005 0.699 0.003
который 0.008 0.071 0.001
время 0.002 0.086 0.0
война 0.006 0.357 0.002
украина 0.003 0.347 0.001
узнать 0.0 0.481 0.0
весь 0.002 0.114 0.0
мир 0.0 0.26 0.0
происходить 0.001 0.301 0.0
март 0.002 0.284 0.001
источник 0.0 0.167 0.0
meduza 0.001 0.0 0.0
данный 0.0 0.097 0.0
сообщение 0.0 0.102 0.0
создать 0.0 0.097 0.0
распространить 0.0 0.102 0.0
иностранный 0.001 0.097 0.0
средство 0.0 0.097 0.0
массовый 0.0 0.097 0.0
информация 0.0 0.102 0.0
выполнять 0.001 0.097 0.0
функция 0.001 0.097 0.0
агент 0.001 0.097 0.0
российский 0.001 0.071 0.0
юридический 0.0 0.102 0.0
лицо 0.0 0.086 0.0
мы 0.006 0.066 0.0
нужный 0.002 0.086 0.0
ваш 0.001 0.081 0.0
помощь 0.0 0.071 0.0
пожалуйста 0.0 0.102 0.0
поддержать 0.0 0.066 0.0
противотанковый 0.0 1.398 0.0
заграждение 0.0 2.0 0.0
улица 0.001 0.699 0.001
ирпенить 0.004 1.523 0.006
год 0.003 0.119 0.0
marcus 0.001 1.398 0.001
yam 0.001 1.398 0.001
los 0.001 1.301 0.001
angeles 0.001 1.301 0.001
times 0.001 0.699 0.001
getty 0.001 0.886 0.001
images 0.001 0.796 0.001
небольшой 0.0 0.602 0.0
город 0.009000000000000001 0.409 0.004
час 0.004 0.538 0.002
езда 0.0 1.699 0.0
первый 0.004 0.143 0.001
день 0.016 0.167 0.003
аэропорт 0.001 1.222 0.001
неподалёку 0.001 1.301 0.001
занять 0.0 0.921 0.0
войско 0.001 0.678 0.001
начать 0.003 0.276 0.001
продвижение 0.0 1.155 0.0
столица 0.0 0.854 0.0
тот 0.003 0.131 0.0
пора 0.0 0.357 0.0
постоянно 0.001 0.62 0.001
идти 0.003 0.222 0.001
бой 0.001 0.959 0.001
электричество 0.001 1.0 0.001
газ 0.001 1.097 0.001
железнодорожный 0.001 1.398 0.001
путь 0.001 0.62 0.001
разрушить 0.001 0.77 0.001
единственный 0.001 0.481 0.0
способ 0.0 0.602 0.0
эвакуироваться 0.001 1.155 0.001
пешком 0.0 2.0 0.0
обстрел 0.001 0.678 0.001
авиаудар 0.0 1.046 0.0
мост 0.002 1.222 0.002
поговорить 0.0 0.62 0.0
житель 0.001 0.456 0.0
всё-таки 0.001 0.553 0.001
удаться 0.001 0.456 0.0
покинуть 0.001 0.745 0.001
пережить 0.001 1.097 0.001
дмитрий 0.0 0.62 0.0
вместе 0.001 0.602 0.001
жена 0.0 1.046 0.0
мама 0.004 0.854 0.003
родный 0.001 1.0 0.001
жить 0.003 0.481 0.001
начало 0.002 0.26 0.001
классно 0.0 2.0 0.0
новость 0.002 0.357 0.001
особо 0.001 1.097 0.001
смотреть 0.0 0.62 0.0
вторжение 0.0 0.569 0.0
территория 0.0 0.62 0.0
позвонить 0.001 1.155 0.001
друг 0.001 0.387 0.0
грузия 0.0 1.398 0.0
сказать 0.004 0.31 0.001
димчик 0.0 2.0 0.0
воевать 0.0 0.886 0.0
утро 0.0 1.046 0.0
давать 0.0 0.31 0.0
сначала 0.002 0.602 0.001
проснуться 0.001 1.097 0.001
нет-нуть 0.0 2.0 0.0
русский 0.004 0.62 0.002
маман 0.001 2.0 0.002
супруг 0.0 1.699 0.0
работа 0.001 0.357 0.0
собираться 0.0 0.602 0.0
операция 0.001 0.721 0.001
находиться 0.002 0.367 0.001
больничный 0.0 1.523 0.0
утром 0.001 1.046 0.001
такой 0.004 0.114 0.0
услышать 0.002 1.155 0.002
проверять 0.0 0.77 0.0
связываться 0.0 1.155 0.0
местный 0.001 0.602 0.001
слышать 0.0 0.745 0.0
знать 0.006 0.244 0.001
прошлый 0.0 0.745 0.0
служить 0.0 1.301 0.0
сослуживец 0.0 2.0 0.0
ребята 0.002 1.046 0.002
говорить 0.004 0.18 0.001
обстановка 0.0 1.097 0.0
напрячь 0.0 1.523 0.0
прокомментировать 0.0 1.301 0.0
пока 0.001 0.208 0.0
мочь 0.003 0.102 0.0
какой-то 0.004 0.328 0.001
кипеть 0.0 2.0 0.0
конкретно 0.0 1.222 0.0
просматривать 0.0 2.0 0.0
телеграм-канал 0.0 1.222 0.0
сообщество 0.0 0.886 0.0
сосед 0.0 1.155 0.0
общаться 0.0 0.959 0.0
просто 0.007 0.194 0.001
похоже 0.0 0.886 0.0
розыгрыш 0.0 1.699 0.0
очень 0.007 0.149 0.001
абсурдно 0.0 2.0 0.0
звучать 0.0 0.959 0.0
вечером 0.0 1.398 0.0
северный 0.0 0.824 0.0
сторона 0.001 0.347 0.0
район 0.0 0.678 0.0
вышгород 0.0 1.699 0.0
киевский 0.0 1.155 0.0
область 0.0 0.523 0.0
прим 0.001 1.301 0.001
артиллерийский 0.001 1.523 0.002
удар 0.001 0.745 0.001
отличать 0.0 2.0 0.0
звук 0.0 0.921 0.0
выстрел 0.0 1.301 0.0
взрыв 0.001 0.959 0.001
семья 0.0 0.796 0.0
по-моему 0.001 1.699 0.002
что-то 0.001 0.509 0.001
начаться 0.0 0.367 0.0
мать 0.002 0.854 0.002
поехать 0.001 1.398 0.001
попробовать 0.0 1.046 0.0
заправить 0.0 2.0 0.0
автомобиль 0.0 1.301 0.0
проезжать 0.0 1.523 0.0
часть 0.001 0.377 0.0
где-то 0.001 0.721 0.001
километр 0.0 1.046 0.0
оглушающий 0.0 2.0 0.0
машина 0.001 0.921 0.001
тряхнуть 0.0 2.0 0.0
попасть 0.002 0.409 0.001
яма 0.0 2.0 0.0
землетрясение 0.0 2.0 0.0
буквально 0.001 0.886 0.001
вспышка 0.0 1.0 0.0
секунда 0.0 1.301 0.0
два 0.006 0.26 0.002
почувствовать 0.0 1.523 0.0
выяснить 0.0 0.824 0.0
времявестись 0.0 2.0 0.0
атака 0.0 0.959 0.0
гостомелить 0.001 2.0 0.002
дожидаться 0.0 1.523 0.0
заправка 0.0 2.0 0.0
разворачиваться 0.0 2.0 0.0
прорываться 0.0 1.523 0.0
огромный 0.0 0.721 0.0
пробка 0.0 1.398 0.0
успеть 0.0 0.678 0.0
набрать 0.0 1.046 0.0
хватать 0.0 0.886 0.0
кошка 0.0 1.398 0.0
остальной 0.0 0.553 0.0
выезжать 0.001 1.222 0.001
дом 0.011 0.495 0.005
конец 0.0 0.444 0.0
пытаться 0.002 0.409 0.001
связаться 0.001 0.066 0.0
сила 0.0 0.456 0.0
территориальный 0.001 1.046 0.001
оборона 0.001 0.959 0.001
обещать 0.0 0.921 0.0
оружие 0.001 0.921 0.001
сразу 0.001 0.553 0.001
зарезервировать 0.0 2.0 0.0
автомат 0.001 1.523 0.002
пулемёт 0.0 2.0 0.0
опыт 0.0 0.699 0.0
общение 0.0 1.155 0.0
да-да 0.0 1.523 0.0
сейчас 0.0 2.0 0.0
извинить 0.0 1.0 0.0
привезти 0.001 1.222 0.001
сообщить 0.0 0.638 0.0
выдать 0.0 1.097 0.0
тысяча 0.001 0.31 0.0
единица 0.0 1.155 0.0
это 0.015 0.066 0.001
вызвать 0.0 0.721 0.0
непонимание 0.0 2.0 0.0
подход 0.0 0.854 0.0
логичный 0.0 1.523 0.0
держать 0.0 0.824 0.0
страна 0.001 0.155 0.0
быть 0.005 0.215 0.001
защищать 0.001 0.585 0.001
последний 0.001 0.284 0.0
киевлянин 0.001 1.0 0.001
россия 0.002 0.108 0.0
назад 0.005 0.18 0.001
рука 0.0 0.62 0.0
момент 0.003 0.387 0.001
охотничий 0.0 2.0 0.0
ружьё 0.0 2.0 0.0
охотник 0.0 2.0 0.0
призрачный 0.0 2.0 0.0
надежда 0.0 0.77 0.0
защита 0.0 0.569 0.0
обороняться 0.0 2.0 0.0
иголка 0.0 2.0 0.0
против 0.001 0.229 0.0
лопата 0.0 2.0 0.0
дробовик 0.0 1.699 0.0
глупо 0.0 2.0 0.0
чисто 0.0 1.301 0.0
случай 0.001 0.194 0.0
мародёр 0.0 2.0 0.0
полезть 0.0 2.0 0.0
смочь 0.004 0.328 0.001
защитить 0.0 0.721 0.0
сам 0.0 0.137 0.0
второй 0.002 0.357 0.001
житомир 0.0 1.398 0.0
грохотать 0.0 2.0 0.0
близкий-близкий 0.0 2.0 0.0
подходить 0.0 1.155 0.0
стрекотание 0.0 2.0 0.0
относительно 0.0 0.721 0.0
недалеко 0.001 1.301 0.001
пронестись 0.0 2.0 0.0
самолёт 0.001 1.097 0.001
поход 0.0 2.0 0.0
заходить 0.0 1.301 0.0
обратно 0.0 1.699 0.0
возвращаться 0.0 0.854 0.0
низко 0.0 1.699 0.0
лететь 0.0 1.699 0.0
видеть 0.001 0.444 0.0
прорваться 0.0 1.699 0.0
магазин 0.001 0.796 0.001
купить 0.004 0.796 0.003
животное 0.0 0.854 0.0
еда 0.004 0.678 0.003
покупать 0.0 0.824 0.0
валюта 0.0 1.301 0.0
продавец 0.0 1.523 0.0
карточка 0.001 0.569 0.001
принимать 0.001 0.432 0.0
заблокировать 0.0 0.553 0.0
понятный 0.001 0.959 0.001
дело 0.001 0.252 0.0
ахинея 0.0 2.0 0.0
доллар 0.0 0.921 0.0
расти 0.0 0.886 0.0
хотеть 0.007 0.102 0.001
наличка 0.0 2.0 0.0
положение 0.0 1.046 0.0
никто 0.002 0.432 0.001
ответственно 0.0 1.523 0.0
относиться 0.0 0.62 0.0
понимать 0.002 0.42 0.001
ажиотаж 0.0 1.699 0.0
оставить 0.001 1.097 0.001
корм 0.0 1.699 0.0
очередь 0.002 0.538 0.001
нужно 0.001 0.237 0.0
кот 0.0 1.301 0.0
собака 0.0 1.301 0.0
следующий 0.001 0.553 0.001
попытаться 0.001 0.854 0.001
ассортимент 0.0 1.699 0.0
такой… 0.0 2.0 0.0
какой-нибудь 0.0 1.155 0.0
конфета 0.0 1.699 0.0
чипсы 0.0 2.0 0.0
снек 0.0 2.0 0.0
алкоголь 0.0 1.046 0.0
продавать 0.0 0.921 0.0
возможность 0.002 0.444 0.001
никакой 0.0 0.409 0.0
хлебобулочный 0.0 2.0 0.0
изделие 0.0 2.0 0.0
овощ 0.0 1.523 0.0
старенький 0.0 1.523 0.0
свёкла 0.0 2.0 0.0
картофелина 0.0 2.0 0.0
репа 0.0 2.0 0.0
прогнить 0.0 2.0 0.0
помидор 0.0 2.0 0.0
молочный 0.0 1.699 0.0
продукт 0.0 0.678 0.0
испортить 0.0 1.699 0.0
непригодный 0.0 2.0 0.0
употребление 0.0 1.699 0.0
торт 0.0 2.0 0.0
заморозка 0.0 1.699 0.0
выгрести 0.0 2.0 0.0
остаться 0.002 0.432 0.001
креветка 0.0 2.0 0.0
ящик 0.0 1.523 0.0
энергетика 0.0 2.0 0.0
головка 0.0 2.0 0.0
сыр 0.0 1.699 0.0
бри 0.0 2.0 0.0
большой 0.0 0.347 0.0
флакон 0.0 1.523 0.0
шампунь 0.0 2.0 0.0
сушёный 0.0 2.0 0.0
колбаска 0.0 1.699 0.0
пиво 0.0 2.0 0.0
пищеблок 0.0 2.0 0.0
школа 0.001 0.699 0.001
сырьё 0.0 1.699 0.0
выпекать 0.0 2.0 0.0
хлеб 0.002 1.301 0.003
готовить 0.002 0.959 0.002
человек 0.009000000000000001 0.092 0.001
прятаться 0.0 1.0 0.0
бомбоубежище 0.001 1.046 0.001
приготовить 0.0 1.523 0.0
горячий 0.0 1.155 0.0
полицейский 0.0 1.046 0.0
сварить 0.0 1.699 0.0
суп 0.0 1.699 0.0
хотя 0.001 0.276 0.0
кусочек 0.0 1.699 0.0
пятый 0.001 0.854 0.001
боевой 0.0 0.77 0.0
дух 0.0 1.398 0.0
здоровский 0.0 2.0 0.0
туго 0.0 2.0 0.0
аптека 0.0 1.0 0.0
безумный 0.0 1.699 0.0
скупать 0.0 2.0 0.0
настолько 0.002 0.886 0.002
впрок… 0.0 2.0 0.0
кто-то 0.005 0.523 0.003
упаковка 0.0 1.523 0.0
противопростудный 0.0 2.0 0.0
вместо 0.0 0.77 0.0
одной-двуха 0.0 2.0 0.0
набирать 0.0 1.699 0.0
десятка 0.0 0.721 0.0
работать 0.0 0.102 0.0
регулярный 0.0 1.301 0.0
режим 0.0 0.658 0.0
открываться 0.0 1.222 0.0
примерно 0.0 0.585 0.0
11-12 0.0 2.0 0.0
закрываться 0.0 1.301 0.0
около 0.001 0.432 0.0
три-четыре 0.001 1.523 0.002
пять 0.001 0.432 0.0
начинаться 0.0 0.886 0.0
комендантский 0.0 1.301 0.0
выдерживать 0.0 1.523 0.0
нерв 0.0 1.523 0.0
уходить 0.0 0.824 0.0
мой 0.001 0.585 0.001
препарат 0.001 0.585 0.001
рецептурный 0.0 1.699 0.0
получиться 0.0 0.745 0.0
выписка 0.0 1.523 0.0
действительно 0.001 0.377 0.0
третий 0.001 0.553 0.001
пропасть 0.0 1.301 0.0
восьмой-девятый 0.0 2.0 0.0
оставаться 0.0 0.387 0.0
прийтись 0.001 0.602 0.001
искать 0.001 0.678 0.001
условие 0.0 0.495 0.0
дефицит 0.0 1.398 0.0
сима-карта 0.0 1.523 0.0
другой 0.0 0.097 0.0
оператор 0.0 1.523 0.0
спасть 0.0 1.155 0.0
верхний 0.0 1.301 0.0
одежда 0.0 0.921 0.0
любой 0.0 0.319 0.0
сработать 0.0 1.222 0.0
сирена 0.0 1.301 0.0
бежать 0.001 0.796 0.001
погреб 0.0 1.699 0.0
установить 0.0 0.721 0.0
приложение 0.0 1.097 0.0
уведомлять 0.0 2.0 0.0
далеко 0.001 0.745 0.001
обычный 0.0 0.509 0.0
уведомление 0.0 1.523 0.0
повезти 0.001 0.854 0.001
пауэрбанка 0.001 1.699 0.002
зарядить 0.0 1.699 0.0
хороший 0.0 0.377 0.0
привычка 0.0 1.523 0.0
заряжать 0.001 2.0 0.002
телефон 0.001 0.745 0.001
интернет 0.0 0.921 0.0
читать 0.001 0.444 0.0
изначально 0.0 0.959 0.0
куда-то 0.001 1.222 0.001
цель 0.0 0.745 0.0
стоить 0.002 0.469 0.001
вид 0.0 0.398 0.0
категорически 0.0 1.523 0.0
отказываться 0.0 0.721 0.0
покидать 0.001 1.046 0.001
место 0.002 0.409 0.001
жительство 0.0 1.523 0.0
привязываться 0.0 2.0 0.0
позиция 0.0 0.745 0.0
решить 0.002 0.398 0.001
оставлять 0.001 0.959 0.001
соответственно 0.0 0.921 0.0
хотеться 0.001 0.77 0.001
несколько 0.001 0.187 0.0
пройти 0.001 0.387 0.0
дискуссия 0.0 1.222 0.0
ехать 0.002 1.0 0.002
разный 0.0 0.276 0.0
отношение 0.0 0.509 0.0
допустить 0.0 0.854 0.0
спокойно 0.001 0.824 0.001
спать 0.001 1.097 0.001
канонада 0.0 2.0 0.0
армия 0.0 0.721 0.0
удаваться 0.0 1.097 0.0
проспать 0.0 2.0 0.0
танк 0.001 0.854 0.001
палить 0.0 2.0 0.0
возле 0.001 1.097 0.001
насколько 0.0 0.42 0.0
крепкий 0.0 1.523 0.0
сон 0.001 1.301 0.001
нервничать 0.0 1.398 0.0
ходить 0.001 0.77 0.001
ходуном 0.0 1.699 0.0
особенно 0.0 0.553 0.0
рядом 0.001 0.854 0.001
неприятный 0.0 1.097 0.0
чувство 0.0 1.155 0.0
довольно 0.001 0.523 0.001
уехать 0.0 0.824 0.0
маленький 0.0 0.328 0.0
чемоданчик 0.0 2.0 0.0
багажник 0.0 2.0 0.0
хэтчбек 0.0 2.0 0.0
насовать 0.0 2.0 0.0
перемещаться 0.0 2.0 0.0
втроём 0.0 2.0 0.0
плюс 0.0 1.0 0.0
брать 0.001 0.77 0.001
по-минимум 0.0 2.0 0.0
вещь 0.002 0.62 0.001
технически 0.0 1.398 0.0
вывезти 0.0 2.0 0.0
перегруз 0.0 2.0 0.0
создавать 0.0 0.796 0.0
суть 0.0 0.959 0.0
каждый 0.001 0.244 0.0
пара 0.003 0.658 0.002
штаны 0.001 2.0 0.002
футболка 0.0 1.398 0.0
свитер 0.0 2.0 0.0
один 0.003 0.119 0.0
обувь 0.001 2.0 0.002
себя 0.001 0.62 0.001
документ 0.0 0.678 0.0
зарядка 0.0 2.0 0.0
наверное 0.001 0.921 0.001
сильно 0.001 0.509 0.001
привязаться 0.0 2.0 0.0
включать 0.001 0.959 0.001
созвониться 0.0 1.699 0.0
голос 0.0 1.301 0.0
вода 0.001 0.638 0.001
свет 0.001 1.097 0.001
благо 0.0 1.523 0.0
печка 0.001 2.0 0.002
грубый 0.0 1.301 0.0
дрова 0.0 1.699 0.0
убирать 0.0 1.222 0.0
ломать 0.0 1.523 0.0
помогать 0.001 0.444 0.0
спасаться 0.0 1.398 0.0
сегодняшний 0.0 1.155 0.0
топить 0.0 1.699 0.0
обогревать 0.0 2.0 0.0
граница 0.0 0.658 0.0
туда 0.001 0.921 0.001
чистый 0.0 1.046 0.0
случайность 0.0 1.301 0.0
мало 0.0 0.538 0.0
заехать 0.0 2.0 0.0
дорога 0.003 0.959 0.003
лес 0.0 1.301 0.0
правда 0.001 0.456 0.0
заслать 0.0 1.699 0.0
наслать 0.001 0.066 0.0
направить 0.0 0.959 0.0
спросить 0.0 1.222 0.0
ответить 0.0 0.495 0.0
выйти 0.001 0.456 0.0
выбить 0.0 1.699 0.0
оттуда 0.002 1.097 0.002
испугаться 0.0 1.699 0.0
понять 0.002 0.495 0.001
бы… 0.0 2.0 0.0
пугливый 0.0 2.0 0.0
горючка 0.0 2.0 0.0
вообще 0.002 0.066 0.0
критично 0.0 2.0 0.0
заправиться 0.001 2.0 0.002
белый 0.0 1.0 0.0
церковь 0.001 1.222 0.001
км 0.001 2.0 0.002
отпускать 0.0 1.699 0.0
литр 0.001 1.699 0.002
благодаря 0.0 0.77 0.0
знакомый 0.0 0.854 0.0
резерв 0.0 1.222 0.0
бензин 0.0 1.699 0.0
выехать 0.002 1.222 0.002
практически 0.0 0.602 0.0
горючее 0.001 2.0 0.002
причина 0.0 0.398 0.0
задерживать 0.0 1.301 0.0
выезд 0.0 1.523 0.0
восемь 0.001 0.854 0.001
округ 0.0 1.301 0.0
найти 0.0 0.456 0.0
… 0.0 1.301 0.0
нигде 0.0 1.699 0.0
украинец 0.001 0.796 0.001
свой 0.003 0.143 0.0
посмотреть 0.001 0.523 0.001
портрет 0.001 1.523 0.002
окно 0.002 0.886 0.002
уезжать 0.001 1.046 0.001
поезд 0.002 1.155 0.002
никак 0.0 0.886 0.0
эвакуация 0.002 1.301 0.003
восьмой 0.0 1.523 0.0
девятый 0.0 1.699 0.0
организовывать 0.001 1.523 0.002
железный 0.001 1.398 0.001
женщина 0.0 0.824 0.0
ребёнок 0.001 0.387 0.0
очередном… 0.0 2.0 0.0
бомбёжка 0.0 1.155 0.0
повредить 0.0 1.301 0.0
вокзал 0.001 1.523 0.002
ирпена 0.002 1.398 0.003
пеший 0.0 2.0 0.0
действовать 0.0 0.602 0.0
колонна 0.0 1.0 0.0
раз 0.001 0.569 0.001
встать 0.0 1.155 0.0
ждать 0.0 0.481 0.0
десять 0.0 0.585 0.0
коридор 0.0 0.959 0.0
вестись 0.001 1.097 0.001
рискованно 0.0 1.699 0.0
отправлять 0.0 1.0 0.0
группа 0.0 0.387 0.0
полгорода 0.0 2.0 0.0
надеяться 0.001 0.699 0.001
наступать 0.0 1.097 0.0
противник 0.0 0.959 0.0
как-то 0.002 0.699 0.001
оттеснить 0.0 2.0 0.0
близлежайший 0.0 2.0 0.0
зона 0.0 0.921 0.0
произойти 0.0 0.638 0.0
смысл 0.0 0.481 0.0
подвал 0.0 1.0 0.0
вариант 0.0 0.481 0.0
сокращаться 0.0 1.699 0.0
семь 0.0 0.721 0.0
участок 0.0 0.959 0.0
преодолевать 0.0 1.523 0.0
встречка 0.0 2.0 0.0
куча 0.0 1.155 0.0
валяться 0.0 1.523 0.0
тело 0.0 0.886 0.0
испуганный 0.0 2.0 0.0
соблюдать 0.0 1.222 0.0
правило 0.001 0.066 0.0
убиваться 0.0 2.0 0.0
коллега 0.0 0.796 0.0
предыдущий 0.0 0.886 0.0
деваться 0.0 2.0 0.0
некуда 0.001 1.301 0.001
встречать 0.002 1.222 0.002
гость 0.002 1.097 0.002
позвать 0.0 1.699 0.0
приехать 0.001 0.854 0.001
больший 0.0 0.328 0.0
отъезд 0.001 1.523 0.002
прислать 0.0 0.77 0.0
фото 0.0 0.959 0.0
полуразрушить 0.0 2.0 0.0
снаряд 0.003 0.959 0.003
госпиталь 0.0 1.699 0.0
жилой 0.001 0.886 0.001
квартал 0.0 0.959 0.0
единичный 0.0 1.097 0.0
попадание 0.0 1.301 0.0
гражданский 0.0 0.745 0.0
топливо 0.0 1.523 0.0
звонить 0.0 0.886 0.0
товарищ 0.0 1.523 0.0
отвечать 0.0 0.456 0.0
сжечь 0.0 1.523 0.0
помимо 0.0 0.796 0.0
земля 0.0 0.796 0.0
пехота 0.0 2.0 0.0
техника… 0.0 2.0 0.0
стать 0.001 0.149 0.0
двое 0.0 1.155 0.0
истреблять 0.0 2.0 0.0
нация 0.0 1.046 0.0
гражданин 0.001 0.553 0.001
мирный 0.001 0.699 0.001
простой 0.0 0.538 0.0
частный 0.001 0.824 0.001
сектор 0.0 1.523 0.0
власть 0.0 0.31 0.0
отдавать 0.0 1.398 0.0
предложение 0.0 0.921 0.0
сдаться 0.0 1.523 0.0
послать 0.0 1.398 0.0
вслед 0.0 1.523 0.0
корабль 0.0 1.398 0.0
вернуться 0.002 0.638 0.001
завтра 0.0 1.523 0.0
ожидать 0.0 0.62 0.0
неделя 0.003 0.328 0.001
скажем 0.0 1.222 0.0
геноцид 0.0 1.523 0.0
украинский 0.0 0.538 0.0
запад 0.0 0.678 0.0
настроение 0.001 1.097 0.001
гитлер 0.0 1.097 0.0
любить 0.0 0.921 0.0
заметить 0.0 0.886 0.0
язык 0.001 0.678 0.001
притеснение 0.0 1.699 0.0
блок 0.0 1.222 0.0
пост 0.0 0.638 0.0
иметь 0.0 0.337 0.0
косой 0.0 1.699 0.0
взгляд 0.0 1.046 0.0
паспорт 0.0 1.046 0.0
рождение 0.0 1.046 0.0
скорее 0.0 0.509 0.0
обратиться 0.0 0.658 0.0
военкомат 0.0 1.398 0.0
родина 0.0 1.222 0.0
предпенсионный 0.0 2.0 0.0
возраст 0.0 0.658 0.0
стрелять 0.001 1.0 0.001
представить 0.001 0.638 0.001
какой 0.0 0.357 0.0
понятно 0.001 0.699 0.001
писать 0.0 0.347 0.0
обращаться 0.0 0.854 0.0
мишень 0.0 1.398 0.0
задача 0.0 0.77 0.0
найтись 0.0 1.523 0.0
обязательно 0.0 0.959 0.0
гуманитарный 0.0 0.921 0.0
чистить 0.001 1.523 0.002
боекомплект 0.0 2.0 0.0
убивать 0.0 0.824 0.0
почему 0.002 0.337 0.001
убийство 0.0 1.155 0.0
считать 0.001 0.319 0.0
грех 0.0 2.0 0.0
наоборот 0.0 0.824 0.0
план 0.0 0.658 0.0
попутешествовать 0.0 2.0 0.0
обзавестись 0.0 2.0 0.0
собственный 0.0 0.569 0.0
безопасность 0.0 0.387 0.0
запланировать 0.0 1.155 0.0
ужин 0.0 2.0 0.0
вы 0.0 1.0 0.0
начинать 0.002 0.569 0.001
гореть 0.0 1.155 0.0
штора 0.0 1.699 0.0
продолжать 0.0 0.292 0.0
тушить 0.0 1.398 0.0
пожар 0.0 1.155 0.0
загореться 0.0 1.699 0.0
жизнь 0.001 0.319 0.0
радоваться 0.0 1.699 0.0
иначе 0.001 0.745 0.001
ум 0.0 1.301 0.0
сойти 0.0 1.523 0.0
плохо 0.0 0.569 0.0
равно 0.001 0.638 0.001
смеяться 0.0 1.301 0.0
повод 0.0 0.553 0.0
веселие 0.0 2.0 0.0
впасть 0.0 1.699 0.0
уныние 0.0 2.0 0.0
ложиться 0.0 1.699 0.0
слово 0.0 0.268 0.0
порадоваться 0.0 2.0 0.0
очередной 0.0 0.796 0.0
уснуть 0.0 1.699 0.0
залп 0.0 2.0 0.0
радушный 0.0 2.0 0.0
народ 0.0 0.745 0.0
рада 0.001 1.398 0.001
контакт 0.0 0.886 0.0
слушайте 0.0 1.699 0.0
макдоналдс 0.0 1.699 0.0
закрывать 0.0 1.222 0.0
даша 0.001 2.0 0.002
студентка 0.0 1.523 0.0
родиться 0.0 0.921 0.0
садик 0.0 1.699 0.0
поступить 0.0 0.921 0.0
университет 0.0 0.721 0.0
общественный 0.0 0.745 0.0
транспорт 0.0 0.854 0.0
час-полтора 0.0 2.0 0.0
добираться 0.0 1.699 0.0
должный 0.002 0.201 0.0
кафе 0.0 1.097 0.0
подружка 0.001 1.699 0.002
бомбить 0.001 0.824 0.001
просидеть 0.0 2.0 0.0
квартира 0.001 1.0 0.001
собирать 0.0 0.699 0.0
безопасный 0.0 0.824 0.0
перебраться 0.0 1.398 0.0
всякий 0.0 0.921 0.0
паника 0.003 1.155 0.003
итог 0.001 0.509 0.001
случиться 0.001 0.509 0.001
крупа 0.0 1.699 0.0
сахар 0.0 1.523 0.0
пустой 0.0 1.398 0.0
полка 0.0 1.398 0.0
завоз 0.0 1.523 0.0
раскупить 0.0 1.699 0.0
кроме 0.0 0.387 0.0
дорогой 0.0 1.046 0.0
макароны 0.0 1.699 0.0
лист 0.0 1.398 0.0
лазание 0.0 2.0 0.0
честно 0.001 1.0 0.001
помнить 0.001 0.699 0.001
упасть 0.002 0.77 0.002
напротив 0.001 1.222 0.001
новостройка 0.001 2.0 0.002
отрезать 0.0 1.398 0.0
возможный 0.0 0.523 0.0
река 0.0 1.398 0.0
построить 0.0 1.097 0.0
повзрывать 0.0 1.699 0.0
поэтому 0.0 0.328 0.0
эффективный 0.0 0.553 0.0
сбрасывать 0.0 1.301 0.0
причём 0.0 0.62 0.0
повториться 0.0 1.523 0.0
незнакомый 0.0 1.699 0.0
ситуация 0.0 0.337 0.0
плохой 0.0 0.509 0.0
февраль 0.0 0.337 0.0
атаковать 0.0 1.046 0.0
аэродром 0.0 1.699 0.0
гостомела 0.0 1.699 0.0
принять 0.0 0.42 0.0
три 0.0 0.569 0.0
думать 0.001 0.456 0.0
взять 0.0 0.553 0.0
казаться 0.001 0.409 0.0
безопасно 0.001 0.066 0.0
высокий 0.0 0.495 0.0
уровень 0.0 0.367 0.0
умудряться 0.0 2.0 0.0
подруга 0.001 1.222 0.001
ездить 0.0 1.097 0.0
больница 0.001 0.495 0.0
быстро 0.001 0.495 0.0
скооперироваться 0.0 2.0 0.0
бывало 0.0 2.0 0.0
приходить 0.0 0.824 0.0
помочь 0.001 0.125 0.0
делиться 0.0 1.046 0.0
возможно 0.0 0.398 0.0
пролететь 0.0 2.0 0.0
поздний 0.0 0.745 0.0
сбить 0.0 1.523 0.0
пойти 0.0 0.509 0.0
картошка 0.0 2.0 0.0
кухня 0.0 1.398 0.0
накормить 0.0 2.0 0.0
телевизор 0.0 0.921 0.0
зуб 0.0 1.699 0.0
раздаваться 0.001 2.0 0.002
свист 0.0 1.699 0.0
течение 0.0 0.638 0.0
падать 0.001 0.824 0.001
пол 0.001 1.155 0.001
проход 0.0 1.699 0.0
спальня 0.0 2.0 0.0
залом 0.0 2.0 0.0
далёкий 0.002 0.481 0.001
мощный 0.0 1.046 0.0
треск 0.0 2.0 0.0
вылетать 0.0 1.699 0.0
соседний 0.001 1.222 0.001
комната 0.0 1.301 0.0
вырывать 0.001 2.0 0.002
дверь 0.0 0.921 0.0
слышный 0.0 1.046 0.0
хруст 0.0 2.0 0.0
трескаться 0.0 2.0 0.0
потолок 0.0 1.523 0.0
накрыла… 0.0 2.0 0.0
бояться 0.001 0.699 0.001
прям 0.0 2.0 0.0
паниковать 0.0 2.0 0.0
сердце 0.0 1.155 0.0
биться 0.0 1.222 0.0
дрожать 0.0 1.523 0.0
успевать 0.0 1.301 0.0
подняться 0.0 1.155 0.0
нога 0.0 0.959 0.0
повторный 0.0 1.222 0.0
сново 0.001 2.0 0.002
волна 0.0 0.921 0.0
окончательно 0.0 1.301 0.0
молиться 0.001 1.523 0.002
остановить 0.0 0.523 0.0
никуда 0.0 1.097 0.0
опасно 0.001 0.921 0.001
подметать 0.0 2.0 0.0
осколок 0.0 1.301 0.0
убраться 0.0 2.0 0.0
спустя 0.001 0.886 0.001
кусок 0.0 1.222 0.0
портфель 0.0 1.398 0.0
сумка 0.0 1.222 0.0
этот 0.001 0.137 0.0
разъезд 0.0 2.0 0.0
элементарно 0.0 1.699 0.0
страшно 0.001 1.097 0.001
увидеть 0.0 0.553 0.0
дыра 0.0 1.301 0.0
здание 0.0 0.854 0.0
гараж 0.0 1.523 0.0
мужчина 0.0 1.046 0.0
разгребать 0.0 2.0 0.0
мусор 0.0 1.523 0.0
проехать 0.0 1.523 0.0
скорый 0.001 0.921 0.001
вдалеке 0.0 2.0 0.0
одноклассник 0.0 1.398 0.0
живой 0.0 0.553 0.0
он 0.001 1.155 0.001
побежать 0.0 2.0 0.0
обнимать 0.0 1.523 0.0
забрать 0.002 1.046 0.002
домой 0.002 0.824 0.002
мамин 0.0 2.0 0.0
происшествие 0.0 2.0 0.0
стена 0.0 0.921 0.0
оказаться 0.0 0.31 0.0
харьков 0.002 0.886 0.002
освобождать 0.001 1.222 0.001
численность 0.001 1.398 0.001
рассказывать 0.002 0.337 0.001
журналист 0.001 0.481 0.0
переночевать 0.0 1.523 0.0
всемером 0.0 2.0 0.0
постелить 0.0 2.0 0.0
пенопласт 0.0 2.0 0.0
застелить 0.0 2.0 0.0
ковёр 0.0 1.699 0.0
укрываться 0.0 1.398 0.0
одеяло 0.0 1.398 0.0
пододеяльник 0.0 1.699 0.0
ночь 0.0 0.854 0.0
беспокойный 0.0 2.0 0.0
просыпаться 0.0 1.398 0.0
воздушный 0.0 1.301 0.0
тревога 0.0 1.097 0.0
взвод 0.0 2.0 0.0
плакать 0.0 1.301 0.0
лечь 0.0 1.523 0.0
известно 0.0 0.481 0.0
мэр 0.001 0.77 0.001
минута 0.0 0.745 0.0
обсудить 0.0 1.222 0.0
выбраться 0.0 1.0 0.0
куда-нибудь 0.0 2.0 0.0
отвезти 0.0 1.699 0.0
мешать 0.0 0.824 0.0
разбитый 0.0 1.301 0.0
уйти 0.0 0.77 0.0
обедать 0.0 2.0 0.0
сидеть 0.002 0.77 0.002
разговаривать 0.0 1.0 0.0
помолиться 0.0 2.0 0.0
обычно 0.0 0.523 0.0
поникнуть 0.0 2.0 0.0
опересться 0.0 2.0 0.0
стенка 0.0 2.0 0.0
старый 0.0 0.658 0.0
тяжело 0.001 0.796 0.001
изменение 0.0 0.854 0.0
лёгкий 0.0 0.638 0.0
сесть 0.0 1.699 0.0
электричка 0.0 1.699 0.0
лев 0.001 1.046 0.001
кто 0.0 0.377 0.0
отсюда 0.0 1.097 0.0
стоять 0.0 1.0 0.0
перрон 0.001 1.699 0.002
медленно 0.0 1.222 0.0
тихо 0.0 1.699 0.0
привлекать 0.0 1.301 0.0
внимание 0.0 0.523 0.0
заминировать 0.0 1.523 0.0
александр 0.0 0.456 0.0
маркушина 0.0 2.0 0.0
представитель 0.0 0.638 0.0
поддерживать 0.0 0.569 0.0
успокаивать 0.001 1.699 0.002
медицинский 0.0 0.523 0.0
работник 0.0 0.824 0.0
общительный 0.0 2.0 0.0
прекращать 0.0 1.301 0.0
стоя 0.0 2.0 0.0
забитый 0.0 1.699 0.0
привлечь 0.0 1.097 0.0
злой 0.0 1.523 0.0
стресс 0.0 1.398 0.0
бить 0.0 1.155 0.0
кричать 0.001 1.155 0.001
родитель 0.0 0.854 0.0
сильный 0.0 0.553 0.0
обнимка 0.0 2.0 0.0
ты 0.0 1.0 0.0
меняться 0.0 0.854 0.0
подружиться 0.0 2.0 0.0
польша 0.001 0.854 0.001
предлагать 0.0 0.602 0.0
посидеть 0.0 1.699 0.0
устать 0.0 1.222 0.0
присесть 0.001 2.0 0.002
отдохнуть 0.001 1.699 0.002
состав 0.0 0.745 0.0
двенадцать 0.0 2.0 0.0
удивительно 0.0 1.398 0.0
беспокоиться 0.0 1.301 0.0
предложить 0.0 0.699 0.0
попить 0.0 1.523 0.0
перекусить 0.0 2.0 0.0
проходить 0.0 0.495 0.0
тяжёлый 0.0 0.377 0.0
легко 0.0 0.824 0.0
отделаться 0.0 2.0 0.0
подряд 0.0 1.301 0.0
львов 0.0 1.301 0.0
приют 0.0 1.699 0.0
беженец 0.002 1.155 0.002
кофта 0.0 2.0 0.0
кроссовок 0.0 2.0 0.0
зимний 0.0 1.699 0.0
ботинок 0.0 1.699 0.0
носок 0.0 2.0 0.0
трус 0.0 1.699 0.0
медикамент 0.0 1.222 0.0
необходимость 0.0 0.745 0.0
обезболивать 0.0 1.523 0.0
витамин 0.0 1.699 0.0
антидепрессант 0.0 1.699 0.0
выписать 0.0 1.523 0.0
психотерапевт 0.0 2.0 0.0
треш 0.0 2.0 0.0
успокоительный 0.0 1.699 0.0
допить 0.0 1.699 0.0
делать 0.001 0.18 0.0
приём 0.0 0.921 0.0
точно 0.001 0.481 0.0
также 0.0 0.237 0.0
европа 0.002 0.495 0.001
миллион 0.001 0.495 0.0
из-за 0.001 0.229 0.0
репортаж 0.001 0.678 0.001
берлин 0.001 1.046 0.001
книжка 0.001 1.398 0.001
буква 0.0 1.046 0.0
плыть 0.0 2.0 0.0
прочитать 0.0 0.796 0.0
скоро 0.0 0.796 0.0
закончиться 0.001 0.62 0.001
закрытый 0.0 0.854 0.0
мотя 0.0 2.0 0.0
фрося 0.0 2.0 0.0
рассчитывать 0.0 0.886 0.0
ужасно 0.0 1.398 0.0
присмотреть 0.0 2.0 0.0
хозяйство 0.0 1.523 0.0
человеческий 0.0 0.886 0.0
ценный 0.0 1.398 0.0
жалко 0.0 1.523 0.0
предпочесть 0.0 1.699 0.0
рисковать 0.0 1.699 0.0
тупой 0.0 1.699 0.0
голодный 0.0 2.0 0.0
порвать 0.0 1.699 0.0
пакет 0.0 1.046 0.0
достаточно 0.0 0.444 0.0
пить 0.0 1.222 0.0
туалетный 0.0 2.0 0.0
бачок 0.0 2.0 0.0
рф 0.0 0.745 0.0
обойти 0.0 1.398 0.0
разрешить 0.0 0.886 0.0
сделать 0.0 0.208 0.0
зелёный 0.0 1.155 0.0
умирать 0.0 1.046 0.0
голод 0.0 1.699 0.0
спасение 0.0 1.301 0.0
сомневаться 0.0 0.886 0.0
целый 0.0 0.658 0.0
брат 0.0 1.222 0.0
отец 0.001 1.0 0.001
разрешать 0.002 1.523 0.003
пересекать 0.0 2.0 0.0
призывный 0.0 1.699 0.0
выпускать 0.0 1.0 0.0
мальчик 0.0 1.222 0.0
подорвать 0.0 2.0 0.0
автодорожный 0.0 2.0 0.0
взорвать 0.0 1.398 0.0
фотография 0.0 0.553 0.0
толпа 0.0 1.301 0.0
переходить 0.0 1.046 0.0
страшный 0.0 0.959 0.0
спрятаться 0.0 1.699 0.0
рассказать 0.0 0.469 0.0
показать 0.0 0.432 0.0
правительство 0.0 0.678 0.0
враг 0.0 1.046 0.0
бабушкин 0.0 2.0 0.0
взрослый 0.0 1.0 0.0
сын 0.0 0.921 0.0
эвакуировать 0.0 1.523 0.0
труп 0.0 1.301 0.0
лежать 0.0 0.824 0.0
ребёночек 0.0 1.699 0.0
трогать 0.0 1.398 0.0
похоронить 0.0 1.699 0.0
двор 0.001 1.398 0.001
дотащить 0.0 2.0 0.0
ямка 0.0 2.0 0.0
число 0.0 0.201 0.0
бывший 0.0 0.699 0.0
парень 0.0 1.398 0.0
подстрелить 0.001 2.0 0.002
буча 0.0 1.398 0.0
активный 0.0 0.796 0.0
действие 0.0 0.409 0.0
ранение 0.0 1.097 0.0
живот 0.0 1.523 0.0
приходиться 0.0 0.745 0.0
контактировать 0.0 1.523 0.0
10-15 0.0 1.699 0.0
ходьба 0.0 1.699 0.0
близко 0.0 1.301 0.0
прооперировать 0.0 2.0 0.0
учиться 0.0 0.959 0.0
киево-могилянский 0.0 2.0 0.0
академия 0.0 1.155 0.0
филология 0.0 2.0 0.0
изучать 0.0 0.854 0.0
английский 0.0 1.046 0.0
немецкий 0.0 0.699 0.0
судьба 0.0 1.097 0.0
немного 0.0 0.77 0.0
учить 0.0 1.222 0.0
польский 0.0 1.301 0.0
ранний 0.0 0.409 0.0
научиться 0.0 1.301 0.0
главный 0.001 0.276 0.0
семнадцатый 0.001 1.398 0.001
онлайн 0.001 0.959 0.001
24/7 0.0 0.102 0.0
интерес 0.0 0.155 0.0
читателейн 0.0 0.174 0.0
срочно 0.0 0.167 0.0
беседовать 0.0 1.301 0.0
ольга 0.0 1.398 0.0
калашников 0.0 2.0 0.0
редакция 0.001 0.066 0.0
кодекс 0.0 0.066 0.0
блог 0.0 0.066 0.0
meduzacare 0.0 0.066 0.0
анонимно 0.0 0.066 0.0
платформа 0.001 0.066 0.0
ios 0.0 0.066 0.0
android 0.0 0.066 0.0
инстаграм 0.0 0.066 0.0
twitter 0.0 0.0 0.0
facebook 0.0 0.0 0.0
вконтакте 0.0 0.066 0.0
youtube 0.0 0.06 0.0
– 0.0 0.06 0.0
live 0.0 0.022 0.0
вечерний 0.0 0.066 0.0
реклама 0.001 0.066 0.0
требование 0.0 0.066 0.0
баннер 0.0 0.066 0.0
персональный 0.0 0.066 0.0
дать 0.0 0.066 0.0
обработка 0.0 0.066 0.0
использование 0.0 0.066 0.0
кук 0.0 0.066 0.0
ошибка 0.0 0.066 0.0
выделить 0.0 0.066 0.0
нажать 0.0 0.066 0.0
ctrl+enter 0.0 0.066 0.0
спасибоgiphyз 0.0 0.066 0.0
гифка 0.0 0.066 0.0
© 0.0 0.0 0.0
