перейти 0.0 0.066 0.0
материал 0.0 0.066 0.0
связь 0.002 0.0 0.0
новостиисторииразборшапитокоронавирусмагаз 0.0 0.066 0.0
медуза 0.005 0.066 0.0
рекламаmeduza 0.0 0.066 0.0
in 0.0 0.0 0.0
english 0.0 0.06 0.0
показывать 0.0 0.066 0.0
порядок 0.0 0.066 0.0
en 0.0 0.066 0.0
кнопка 0.0 0.066 0.0
поддержка 0.0 0.066 0.0
разбор 0.0 0.387 0.0
многие 0.002 0.284 0.001
хотеть 0.001 0.102 0.0
делать 0.002 0.18 0.0
прививка 0.006 0.602 0.004
бояться 0.0 0.699 0.0
побочка 0.004 1.301 0.005
разбираться 0.001 1.046 0.001
какой 0.003 0.357 0.001
бывать 0.002 0.77 0.002
спутник 0.012 0.678 0.008
v 0.008 0.699 0.006
часто 0.003 0.456 0.001
встречаться 0.002 0.824 0.002
насколько 0.003 0.42 0.001
опасный 0.003 0.699 0.002
июль 0.001 0.959 0.001
источник 0.001 0.167 0.0
meduza 0.001 0.0 0.0
данный 0.0 0.097 0.0
сообщение 0.001 0.102 0.0
создать 0.0 0.097 0.0
распространить 0.0 0.102 0.0
иностранный 0.001 0.097 0.0
средство 0.001 0.097 0.0
массовый 0.0 0.097 0.0
информация 0.002 0.102 0.0
выполнять 0.001 0.097 0.0
функция 0.001 0.097 0.0
агент 0.001 0.097 0.0
российский 0.0 0.071 0.0
юридический 0.0 0.102 0.0
лицо 0.0 0.086 0.0
мы 0.001 0.066 0.0
нужный 0.001 0.086 0.0
ваш 0.001 0.081 0.0
помощь 0.002 0.071 0.0
пожалуйста 0.0 0.102 0.0
поддержать 0.0 0.066 0.0
евгений 0.0 1.097 0.0
фельдман 0.0 1.523 0.0
продолжать 0.0 0.292 0.0
отвечать 0.0 0.456 0.0
опасение 0.0 1.398 0.0
вакцинация 0.015 0.553 0.008
разобрать 0.0 1.222 0.0
беременная 0.0 1.301 0.0
кормить 0.0 1.155 0.0
также 0.003 0.237 0.001
противопоказание 0.001 1.046 0.001
действительно 0.001 0.377 0.0
важный 0.002 0.284 0.001
назвать 0.0 0.569 0.0
один 0.002 0.119 0.0
причина 0.001 0.398 0.0
который 0.016 0.071 0.001
некоторый 0.001 0.222 0.0
читатель 0.0 0.523 0.0
страх 0.0 0.796 0.0
побочный 0.006 0.959 0.006
явление 0.004 0.886 0.004
аргентинский 0.001 1.398 0.001
власть 0.0 0.31 0.0
представить 0.0 0.638 0.0
доклад 0.0 0.959 0.0
тема 0.0 0.678 0.0
читать 0.0 0.444 0.0
текст 0.0 0.62 0.0
интересно 0.0 1.398 0.0
реакция 0.022000000000000002 0.678 0.015
вызывать 0.001 0.523 0.001
переходить 0.0 1.046 0.0
сразу 0.001 0.553 0.001
к 0.001 0.745 0.001
второй 0.003 0.357 0.001
часть 0.002 0.377 0.001
понять 0.0 0.495 0.0
вообще 0.004 0.066 0.0
такой 0.003 0.114 0.0
учёный 0.0 0.569 0.0
определять 0.0 1.155 0.0
связать 0.002 0.469 0.001
ухудшение 0.0 1.301 0.0
состояние 0.0 0.721 0.0
человек 0.006 0.092 0.001
вакцина 0.018000000000000002 0.538 0.01
прочесть 0.0 1.523 0.0
первый 0.003 0.143 0.0
немного 0.001 0.77 0.001
занудный 0.0 2.0 0.0
почему 0.002 0.337 0.001
всякий 0.0 0.921 0.0
боль 0.008 0.699 0.006
укол 0.005 1.0 0.005
это 0.011 0.066 0.001
коротко 0.004 0.824 0.003
происходить 0.001 0.301 0.0
результат 0.001 0.367 0.0
действие 0.0 0.409 0.0
лекарственный 0.001 1.097 0.001
медицинский 0.001 0.523 0.001
процедура 0.0 0.959 0.0
мочь 0.003 0.102 0.0
нежелательный 0.014000000000000002 0.77 0.011
эффект 0.002 0.796 0.002
вполне 0.0 0.699 0.0
ожидать 0.0 0.62 0.0
попадание 0.0 1.301 0.0
организм 0.001 0.745 0.001
новый 0.001 0.187 0.0
антиген 0.0 1.222 0.0
должный 0.0 0.201 0.0
иммунитет 0.001 0.77 0.001
приятный 0.0 1.398 0.0
например 0.003 0.229 0.001
вид 0.002 0.398 0.001
интерфероновое 0.0 2.0 0.0
синдром 0.002 1.301 0.003
проявляться 0.0 1.301 0.0
повышение 0.001 1.097 0.001
температура 0.004 0.824 0.003
ломота 0.0 2.0 0.0
головной 0.003 1.155 0.003
т. 0.001 0.921 0.001
далее 0.001 0.921 0.001
кстати 0.0 0.886 0.0
безрецептурный 0.0 2.0 0.0
иммуностимулятор 0.0 2.0 0.0
работать 0.001 0.102 0.0
приём 0.0 0.921 0.0
давать 0.0 0.31 0.0
именно 0.002 0.244 0.0
ощущение 0.001 1.097 0.001
довольно 0.001 0.523 0.001
жаловаться 0.0 0.921 0.0
место 0.004 0.409 0.002
поскольку 0.001 0.678 0.001
всё-таки 0.001 0.553 0.001
микротравма 0.0 2.0 0.0
болевой 0.001 2.0 0.002
совершенно 0.0 0.678 0.0
пустышка 0.0 1.222 0.0
случай 0.005 0.194 0.001
настоящий 0.0 0.585 0.0
иммунный 0.0 0.678 0.0
точнее 0.0 0.921 0.0
выброс 0.0 2.0 0.0
провоспалительный 0.0 2.0 0.0
вещество 0.0 1.0 0.0
обострять 0.0 1.699 0.0
степень 0.001 0.658 0.001
выраженность 0.001 2.0 0.002
зависеть 0.0 0.509 0.0
особенность 0.0 0.854 0.0
наличие 0.0 0.745 0.0
адъюванта 0.0 1.523 0.0
дозировка 0.0 1.398 0.0
д. 0.001 1.0 0.001
установить 0.002 0.721 0.001
этот 0.003 0.137 0.0
мало 0.0 0.538 0.0
просто 0.002 0.194 0.0
зафиксировать 0.002 0.921 0.002
факт 0.001 0.638 0.001
неприятный 0.0 1.097 0.0
нужно 0.002 0.237 0.0
проводить 0.0 0.509 0.0
статистический 0.001 1.097 0.001
исследование 0.013000000000000001 0.42 0.005
сравнивать 0.0 0.796 0.0
частотность 0.0 2.0 0.0
вакцинировать 0.003 0.602 0.002
группа 0.006 0.387 0.002
плацебо 0.002 0.959 0.002
среднее 0.001 0.77 0.001
популяция 0.001 1.046 0.001
проверять 0.0 0.77 0.0
возможность 0.0 0.444 0.0
случайный 0.0 1.097 0.0
отличие 0.0 0.699 0.0
самый 0.004 0.208 0.001
говорить 0.001 0.18 0.0
справедливо 0.0 1.523 0.0
другой 0.006 0.097 0.001
менее 0.002 0.432 0.001
очевидный 0.0 0.678 0.0
возникать 0.0 0.824 0.0
высокий 0.002 0.495 0.001
вероятность 0.001 0.602 0.001
наблюдаться 0.0 0.921 0.0
слабость 0.002 1.523 0.003
вплоть 0.0 1.222 0.0
смертельный 0.0 1.155 0.0
исход 0.0 0.921 0.0
сожаление 0.001 0.553 0.001
достоверный 0.0 1.523 0.0
способ 0.001 0.602 0.001
отличить 0.0 1.222 0.0
из-за 0.001 0.229 0.0
они 0.0 0.538 0.0
являться 0.0 0.602 0.0
тот 0.001 0.131 0.0
вследствие 0.0 1.699 0.0
анализ 0.003 0.721 0.002
частота 0.003 0.959 0.003
контрольный 0.0 1.398 0.0
подробный 0.001 0.569 0.001
конкретный 0.0 0.658 0.0
история 0.001 0.26 0.0
болезнь 0.001 0.553 0.001
причинно-следственный 0.0 1.699 0.0
последствие 0.003 0.523 0.002
собираться 0.0 0.602 0.0
дать 0.004 0.066 0.0
надёжный 0.0 0.824 0.0
искать 0.0 0.678 0.0
клинический 0.002 0.721 0.001
iii 0.003 1.222 0.004
фаза 0.003 0.796 0.002
чисто 0.0 1.301 0.0
образ 0.0 0.553 0.0
распределять 0.0 1.523 0.0
получать 0.0 0.569 0.0
редкий 0.005 0.824 0.004
служба 0.001 0.678 0.001
разный 0.007 0.276 0.002
страна 0.004 0.155 0.001
привить 0.0 0.678 0.0
обычно 0.0 0.523 0.0
становиться 0.0 0.553 0.0
основный 0.0 0.62 0.0
наиболее 0.002 0.745 0.001
частый 0.005 0.523 0.003
любой 0.001 0.319 0.0
достоверно 0.0 1.155 0.0
доказательство 0.0 0.824 0.0
благодаря 0.0 0.77 0.0
рандомизация 0.001 1.699 0.002
появляться 0.0 0.658 0.0
недостаток 0.0 1.0 0.0
участвовать 0.0 0.569 0.0
тысяча 0.003 0.31 0.001
максимум 0.0 1.301 0.0
десятка 0.0 0.721 0.0
доброволец 0.001 0.854 0.001
значит 0.002 0.444 0.001
невозможно 0.001 0.602 0.001
гарантировать 0.0 0.854 0.0
быть 0.0 0.215 0.0
обнаружить 0.002 0.658 0.001
сотня 0.0 0.721 0.0
весьма 0.0 1.222 0.0
серьёзный 0.005 0.553 0.003
привлекать 0.0 1.301 0.0
внимание 0.0 0.523 0.0
поэтому 0.002 0.328 0.001
несмотря 0.0 0.456 0.0
редкость 0.0 1.398 0.0
необходимо 0.0 0.585 0.0
отслеживать 0.0 1.398 0.0
поиск 0.0 1.222 0.0
использоваться 0.002 0.585 0.001
система 0.001 0.398 0.0
фармаконадзор 0.001 2.0 0.002
совокупность 0.0 1.699 0.0
механизм 0.0 0.886 0.0
собирать 0.0 0.699 0.0
выявить 0.0 1.222 0.0
очень 0.006 0.149 0.001
похожий 0.0 0.602 0.0
одинаковый 0.0 1.0 0.0
какой-то 0.0 0.328 0.0
возможно 0.002 0.398 0.001
способный 0.0 0.854 0.0
объективный 0.0 1.301 0.0
важно 0.002 0.509 0.001
сопоставление 0.0 1.699 0.0
данные 0.004 0.31 0.001
получить 0.001 0.328 0.0
пусть 0.001 0.921 0.001
метод 0.0 0.678 0.0
выявление 0.0 1.523 0.0
наблюдательный 0.0 1.523 0.0
огромный 0.0 0.721 0.0
пострегистрационный 0.0 1.523 0.0
зато 0.0 0.886 0.0
участник 0.0 0.658 0.0
испытание 0.002 0.77 0.002
тщательно 0.001 1.301 0.001
обследовать 0.0 2.0 0.0
опрашивать 0.001 1.699 0.002
тяжёлый 0.003 0.377 0.001
угрожать 0.001 1.046 0.001
заболевание 0.002 0.481 0.001
смерть 0.001 0.553 0.001
мешать 0.001 0.824 0.001
нормально 0.0 1.097 0.0
жить 0.001 0.481 0.0
локальный 0.0 1.301 0.0
системный 0.0 1.398 0.0
затрагивать 0.0 1.523 0.0
весь 0.0 0.114 0.0
понимать 0.0 0.42 0.0
новость 0.0 0.357 0.0
привести 0.0 0.456 0.0
жизнь 0.001 0.319 0.0
иметь 0.002 0.337 0.001
иной 0.0 0.921 0.0
согласно 0.001 0.745 0.001
принятойfda 0.0 2.0 0.0
ema 0.001 1.523 0.002
классификация 0.0 1.301 0.0
пять 0.0 0.432 0.0
ступень 0.0 2.0 0.0
тяжесть 0.0 0.959 0.0
лёгкий 0.0 0.638 0.0
mild 0.0 2.0 0.0
grade 0.004 2.0 0.008
повседневный 0.0 1.398 0.0
проходить 0.001 0.495 0.0
сам 0.0 0.137 0.0
средний 0.0 0.796 0.0
moderate 0.0 1.699 0.0
сюда 0.0 1.097 0.0
попадать 0.001 0.854 0.001
недолгий 0.0 2.0 0.0
приступ 0.0 1.699 0.0
тошнота 0.0 1.699 0.0
severe 0.0 1.398 0.0
сильно 0.001 0.509 0.001
требовать 0.0 0.658 0.0
применение 0.001 0.721 0.001
медикамент 0.0 1.222 0.0
вмешательство 0.0 1.398 0.0
требоваться 0.0 0.854 0.0
медик 0.0 1.301 0.0
заканчиваться 0.0 1.301 0.0
госпитализация 0.0 0.77 0.0
относиться 0.001 0.62 0.001
уровень 0.0 0.367 0.0
работа 0.001 0.357 0.0
считаться 0.0 0.824 0.0
отнести 0.0 1.523 0.0
нести 0.0 0.886 0.0
большой 0.0 0.347 0.0
опасность 0.0 0.854 0.0
здоровье 0.0 0.796 0.0
делиться 0.0 1.046 0.0
вроде 0.001 0.658 0.001
покраснение 0.0 1.699 0.0
термин 0.0 1.523 0.0
чёткий 0.0 1.0 0.0
численный 0.0 1.398 0.0
выражение 0.0 0.959 0.0
никакой 0.001 0.409 0.0
сработать 0.0 1.222 0.0
болеть 0.0 0.745 0.0
голова 0.0 0.959 0.0
ломить 0.0 1.699 0.0
тело 0.0 0.886 0.0
повышаться 0.0 1.222 0.0
вовсе 0.001 0.921 0.001
означать 0.001 0.585 0.001
ответ 0.0 0.432 0.0
слабый 0.0 1.097 0.0
отсутствовать 0.0 1.523 0.0
беззащитный 0.0 1.699 0.0
ощущать 0.0 1.523 0.0
существовать 0.0 0.602 0.0
корреляция 0.0 1.523 0.0
яркость 0.0 2.0 0.0
сила 0.0 0.456 0.0
интересный 0.0 1.155 0.0
отдельный 0.0 0.678 0.0
вопрос 0.0 0.276 0.0
однозначный 0.0 1.699 0.0
достаточно 0.001 0.444 0.0
пойти 0.001 0.509 0.001
наш 0.001 0.337 0.0
инструкция 0.002 0.699 0.001
решить 0.001 0.398 0.0
привиться 0.001 0.796 0.001
ура 0.001 1.097 0.001
подготовиться 0.001 1.155 0.001
сделать 0.003 0.208 0.001
правда 0.001 0.456 0.0
месяц 0.001 0.432 0.0
назад 0.002 0.18 0.0
ждать 0.0 0.481 0.0
исследовать 0.0 0.959 0.0
иметься 0.0 0.77 0.0
собрать 0.0 0.886 0.0
методология 0.001 1.699 0.002
исчерпывающий 0.0 1.222 0.0
список 0.0 0.569 0.0
статья 0.002 0.553 0.001
заместитель 0.0 1.046 0.0
директор 0.0 0.796 0.0
центр 0.0 0.432 0.0
гамалея 0.0 1.155 0.0
денис 0.001 1.222 0.001
логуновый 0.001 1.523 0.002
коллега 0.0 0.796 0.0
журнал 0.001 0.77 0.001
the 0.001 0.481 0.0
lancet 0.001 1.301 0.001
совместить 0.0 1.398 0.0
i/ii 0.0 1.523 0.0
почерпнуть 0.0 2.0 0.0
грубый 0.0 1.301 0.0
оценка 0.0 0.745 0.0
описать 0.003 0.721 0.002
маленький 0.001 0.328 0.0
выборка 0.001 1.046 0.001
столько 0.0 0.921 0.0
компонент 0.003 0.824 0.002
применять 0.001 0.796 0.001
обзор 0.0 1.046 0.0
промежуточный 0.0 1.097 0.0
существенно 0.002 0.721 0.001
больший 0.0 0.328 0.0
оба 0.0 0.62 0.0
хотя 0.001 0.276 0.0
подавлять 0.0 1.097 0.0
большинство 0.0 0.509 0.0
дневник 0.0 1.699 0.0
возможный 0.001 0.523 0.001
телефон 0.0 0.745 0.0
опубликовать 0.001 0.509 0.001
старший 0.001 0.678 0.001
год 0.004 0.119 0.0
ванин 0.0 2.0 0.0
паготто 0.0 2.0 0.0
небольшой 0.0 0.602 0.0
медработник 0.0 2.0 0.0
буэнос-айрес 0.0 1.523 0.0
наблюдение 0.002 0.886 0.002
длиться 0.001 1.398 0.001
несколько 0.002 0.187 0.0
день 0.002 0.167 0.0
отсечка 0.0 2.0 0.0
час 0.0 0.538 0.0
сначала 0.001 0.602 0.001
препринт 0.001 1.155 0.001
принять 0.0 0.42 0.0
печать 0.0 1.398 0.0
medicina 0.0 2.0 0.0
rocca 0.001 2.0 0.002
сан-марино 0.003 1.301 0.004
житель 0.0 0.456 0.0
успеть 0.0 0.678 0.0
семь 0.0 0.721 0.0
каждый 0.0 0.244 0.0
начало 0.002 0.26 0.001
май 0.0 0.959 0.0
народный 0.001 0.959 0.001
телеграм-чат 0.0 1.699 0.0
провести 0.0 0.538 0.0
международный 0.0 0.569 0.0
руководство 0.0 0.796 0.0
виталий 0.0 1.699 0.0
белик 0.0 2.0 0.0
свободный 0.0 0.77 0.0
университет 0.0 0.721 0.0
берлин 0.0 1.046 0.0
язык 0.0 0.678 0.0
исследователь 0.0 0.721 0.0
классифицировать 0.0 2.0 0.0
чат 0.0 1.097 0.0
сопоставить 0.0 1.699 0.0
зависимость 0.0 0.745 0.0
возраст 0.0 0.658 0.0
характеристика 0.0 1.699 0.0
предыдущий 0.0 0.886 0.0
серия 0.0 1.097 0.0
отчёт 0.001 1.0 0.001
минздрав 0.001 0.678 0.001
приводиться 0.0 1.523 0.0
потенциально 0.001 1.046 0.001
связанный 0.001 0.745 0.001
отметить 0.0 0.886 0.0
научный 0.002 0.658 0.001
немой 0.0 0.585 0.0
ограничение 0.0 0.585 0.0
какой-либо 0.0 0.854 0.0
интерпретация 0.0 1.699 0.0
излагать 0.0 2.0 0.0
потенциальный 0.0 0.886 0.0
последний 0.0 0.284 0.0
13-й 0.0 2.0 0.0
содержать 0.0 0.745 0.0
июнь 0.0 0.699 0.0
момент 0.001 0.387 0.0
упомянуть 0.0 1.155 0.0
сей 0.001 0.456 0.0
пора 0.001 0.357 0.0
россия 0.001 0.108 0.0
обратиться 0.0 0.658 0.0
жалоба 0.0 1.222 0.0
аналогичный 0.0 0.959 0.0
неизвестно 0.001 0.77 0.001
окончательный 0.0 1.699 0.0
продолжиться 0.0 1.155 0.0
близкий 0.001 0.347 0.0
время 0.001 0.086 0.0
завершаться 0.0 1.699 0.0
набрать 0.0 1.046 0.0
очередь 0.0 0.538 0.0
использовать 0.0 0.319 0.0
прежде 0.0 0.62 0.0
венгрия 0.0 1.301 0.0
словакия 0.0 1.699 0.0
пока 0.001 0.208 0.0
завершить 0.001 1.155 0.001
начать 0.0 0.276 0.0
оаэ 0.001 1.301 0.001
независимый 0.0 0.409 0.0
оно 0.0 0.444 0.0
подразумевать 0.0 1.301 0.0
течение 0.001 0.638 0.001
три 0.0 0.569 0.0
пройти 0.0 0.387 0.0
топ-3 0.0 2.0 0.0
гриппоподобный 0.0 1.523 0.0
создатель 0.0 1.0 0.0
таблица 0.001 1.097 0.001
s7 0.001 2.0 0.002
мышечный 0.001 1.398 0.001
повышенный 0.001 0.77 0.001
аргентина 0.002 0.921 0.002
зарубежный 0.0 0.886 0.0
телеграм-группа 0.0 2.0 0.0
сведение 0.0 1.046 0.0
относительно 0.0 0.721 0.0
половина 0.0 0.721 0.0
регистрироваться 0.0 1.222 0.0
противоковидный 0.0 1.222 0.0
так 0.001 1.222 0.001
причём 0.001 0.62 0.001
мрнк-вакцина 0.0 1.046 0.0
pfizer/biontech 0.0 1.046 0.0
moderna 0.0 1.0 0.0
находиться 0.0 0.367 0.0
векторный 0.001 1.046 0.001
johnson 0.001 1.155 0.001
astrazeneca 0.003 0.959 0.003
cansino 0.0 1.301 0.0
biological 0.0 1.699 0.0
падать 0.0 0.824 0.0
женщина 0.0 0.824 0.0
сообщать 0.0 0.921 0.0
мужчина 0.0 1.046 0.0
содержательный 0.0 1.699 0.0
вывод 0.0 0.886 0.0
проводиться 0.001 0.854 0.001
методика 0.001 1.699 0.002
где-то 0.001 0.721 0.001
писать 0.0 0.347 0.0
вариант 0.0 0.481 0.0
осматривать 0.0 2.0 0.0
употребляться 0.0 2.0 0.0
терминология 0.0 2.0 0.0
демографически 0.0 2.0 0.0
простой 0.0 0.538 0.0
параметр 0.0 0.959 0.0
фиксироваться 0.0 1.301 0.0
сложно 0.0 0.538 0.0
сказать 0.001 0.31 0.0
отражать 0.0 1.523 0.0
различие 0.0 1.155 0.0
раз 0.0 0.569 0.0
что-то 0.0 0.509 0.0
точка 0.0 0.444 0.0
зрение 0.0 0.585 0.0
иммунология 0.0 1.699 0.0
ответственно 0.0 1.523 0.0
отнестись 0.0 1.699 0.0
фиксация 0.001 1.699 0.002
стандарт 0.0 1.222 0.0
meddra 0.0 2.0 0.0
27th 0.0 2.0 0.0
system 0.0 1.301 0.0
organ 0.0 2.0 0.0
class 0.0 1.699 0.0
глазной 0.0 2.0 0.0
подходящий 0.0 1.222 0.0
понятие 0.0 1.398 0.0
.pdf 0.001 1.398 0.001
подобный 0.0 0.721 0.0
позволять 0.0 0.585 0.0
ответить 0.0 0.495 0.0
реактогенный 0.0 2.0 0.0
однако 0.002 0.337 0.001
телеграм 0.0 1.0 0.0
дело 0.0 0.252 0.0
обстоять 0.0 1.699 0.0
ровно 0.0 1.222 0.0
наоборот 0.001 0.824 0.001
свидетельствовать 0.0 1.301 0.0
защита 0.0 0.569 0.0
друг 0.0 0.387 0.0
пожалуй 0.0 1.523 0.0
главный 0.0 0.276 0.0
два 0.001 0.26 0.0
достаточный 0.0 0.854 0.0
гарантированно 0.0 1.699 0.0
около 0.0 0.432 0.0
процент 0.0 1.046 0.0
госпитализировать 0.0 0.959 0.0
единственный 0.0 0.481 0.0
девять 0.0 1.155 0.0
миллион 0.0 0.495 0.0
оттуда 0.0 1.097 0.0
число 0.002 0.201 0.0
надеяться 0.0 0.699 0.0
найти 0.0 0.456 0.0
идти 0.0 0.222 0.0
речь 0.0 0.398 0.0
о 0.0 1.523 0.0
событие 0.003 0.509 0.002
называться 0.0 0.699 0.0
events 0.0 1.155 0.0
supposedly 0.0 2.0 0.0
attributable 0.0 2.0 0.0
to 0.0 0.77 0.0
vaccination 0.0 2.0 0.0
esavi 0.0 2.0 0.0
реестр 0.0 1.155 0.0
последующий 0.0 1.155 0.0
общий 0.0 0.444 0.0
составить 0.0 0.658 0.0
основное 0.0 0.553 0.0
прививочный 0.0 1.046 0.0
кампания 0.001 0.699 0.001
0,87 0.0 2.0 0.0
применить 0.0 1.699 0.0
доза 0.001 0.721 0.001
sinopharm 0.0 1.398 0.0
показатель 0.0 0.721 0.0
0,58 0.0 2.0 0.0
0,33 0.0 2.0 0.0
соответственно 0.0 0.921 0.0
стать 0.0 0.149 0.0
выше 0.001 0.509 0.001
по-видимому 0.0 0.959 0.0
выраженный 0.0 1.398 0.0
гийена 0.001 2.0 0.002
барра 0.001 2.0 0.002
тромбоцитопения 0.0 1.523 0.0
тромбоз 0.001 1.155 0.001
перикардит 0.0 2.0 0.0
низкий 0.0 0.638 0.0
одновременно 0.0 0.796 0.0
тромбоцитопенический 0.0 2.0 0.0
ранее 0.0 0.62 0.0
проблема 0.001 0.347 0.0
европейский 0.001 0.602 0.001
агентство 0.001 0.824 0.001
признать 0.001 0.658 0.001
тромб 0.001 1.398 0.001
призвать 0.001 0.886 0.001
продолжить 0.001 0.921 0.001
использование 0.001 0.066 0.0
обнаружиться 0.0 1.523 0.0
5–10 0.001 2.0 0.002
долговременный 0.001 1.301 0.001
ковид 0.002 0.387 0.001
точно 0.001 0.481 0.0
плохой 0.001 0.509 0.001
обнаружение 0.0 1.155 0.0
исключить 0.0 1.0 0.0
будущее 0.0 0.62 0.0
принципиально 0.001 0.959 0.001
непредсказуемый 0.0 1.398 0.0
узнать 0.0 0.481 0.0
философский 0.0 1.699 0.0
контекст 0.0 1.0 0.0
следовать 0.0 0.678 0.0
равный 0.0 1.097 0.0
предотвратить 0.0 0.921 0.0
основание 0.0 0.569 0.0
считать 0.0 0.319 0.0
предсказуемый 0.0 1.699 0.0
вызываться 0.0 1.699 0.0
живой 0.0 0.553 0.0
вирус 0.0 0.538 0.0
проникать 0.0 1.155 0.0
орган 0.0 0.886 0.0
ткань 0.0 1.046 0.0
вирусоподобный 0.0 1.523 0.0
частица 0.0 1.222 0.0
размножаться 0.0 1.046 0.0
исчезать 0.0 1.155 0.0
следовательно 0.0 1.155 0.0
шанс 0.0 0.638 0.0
проявиться 0.0 1.523 0.0
плохо 0.0 0.569 0.0
изучить 0.0 0.854 0.0
проявлять 0.0 1.398 0.0
нейротропность 0.0 2.0 0.0
способность 0.0 0.77 0.0
инфицировать 0.0 0.959 0.0
нервный 0.0 1.155 0.0
препарат 0.0 0.585 0.0
обнаруживаться 0.0 1.398 0.0
лишь 0.0 0.481 0.0
спустя 0.001 0.886 0.001
притом 0.0 1.523 0.0
одобрить 0.0 1.0 0.0
затем 0.0 0.678 0.0
уйти 0.0 0.77 0.0
рынок 0.001 0.699 0.001
известный 0.0 0.569 0.0
релевантный 0.0 1.523 0.0
пример 0.001 0.585 0.001
американский 0.0 0.585 0.0
против 0.0 0.229 0.0
ротавирус 0.0 1.523 0.0
rotashield 0.0 1.699 0.0
убрать 0.0 1.398 0.0
инвагинация 0.0 1.699 0.0
кишечник 0.0 1.699 0.0
свиной 0.001 2.0 0.002
грипп 0.001 1.0 0.001
повышать 0.0 1.0 0.0
риск 0.0 0.357 0.0
впоследствии 0.0 1.301 0.0
отменить 0.0 0.921 0.0
доказать 0.0 0.886 0.0
известно 0.001 0.481 0.0
сша 0.0 0.469 0.0
прочитать 0.0 0.796 0.0
ошибка 0.0 0.066 0.0
провал 0.0 1.699 0.0
желание 0.0 0.921 0.0
крайний 0.0 0.602 0.0
мера 0.0 0.377 0.0
крайне 0.0 0.721 0.0
маловероятный 0.0 1.222 0.0
сценарий 0.0 1.097 0.0
неожиданный 0.0 1.523 0.0
передача 0.0 1.222 0.0
прионный 0.0 2.0 0.0
энцефалопатия 0.0 2.0 0.0
кройцфельдт 0.0 2.0 0.0
якоб 0.0 2.0 0.0
кура 0.0 1.699 0.0
сыворотка 0.002 1.0 0.002
новорождённый 0.0 1.301 0.0
телёнок 0.0 2.0 0.0
fbs 0.0 2.0 0.0
широко 0.0 1.097 0.0
выращивание 0.0 1.699 0.0
клеточный 0.0 1.0 0.0
культура 0.0 0.77 0.0
лаборатория 0.0 0.959 0.0
натуральный 0.0 1.523 0.0
контроль 0.0 0.585 0.0
разработчик 0.0 0.77 0.0
регулятор 0.0 1.222 0.0
прекрасно 0.0 1.222 0.0
осведомить 0.0 2.0 0.0
риска 0.0 1.398 0.0
рекомендовать 0.0 0.569 0.0
fda 0.0 1.222 0.0
стр 0.0 1.699 0.0
производство 0.001 0.658 0.001
многий 0.0 0.495 0.0
сравнение 0.001 0.602 0.001
увидеть 0.0 0.553 0.0
особый 0.0 0.745 0.0
смысл 0.0 0.481 0.0
изложить 0.0 1.398 0.0
прямой 0.0 0.658 0.0
скорее 0.0 0.509 0.0
грубо 0.0 1.046 0.0
разделить 0.0 1.155 0.0
фактически 0.0 0.721 0.0
остальной 0.0 0.553 0.0
предлагать 0.0 0.602 0.0
журналист 0.0 0.481 0.0
хилёд 0.0 2.0 0.0
бастиан 0.0 2.0 0.0
экспертный 0.0 1.523 0.0
мнение 0.0 0.509 0.0
карта 0.0 0.886 0.0
эффективность 0.0 0.538 0.0
реактогенность 0.0 2.0 0.0
располагаться 0.0 1.301 0.0
примерно 0.0 0.585 0.0
следить 0.0 0.796 0.0
дополнить 0.0 1.699 0.0
картина 0.0 0.721 0.0
безопасность 0.0 0.387 0.0
деталь 0.0 1.155 0.0
изменить 0.0 0.538 0.0
итоговый 0.001 1.398 0.001
стоить 0.0 0.469 0.0
вакцинироваться 0.001 0.886 0.001
редактор 0.0 0.921 0.0
александр 0.001 0.456 0.0
ершовый 0.001 0.77 0.001
переживать 0.0 0.886 0.0
вакцинированысейчас 0.0 1.699 0.0
рассказать 0.0 0.469 0.0
чётко 0.0 1.0 0.0
эмоционально 0.0 1.046 0.0
заранее 0.0 0.959 0.0
извинить 0.0 1.0 0.0
спрашивать 0.0 0.886 0.0
аллергия 0.0 1.155 0.0
беременность 0.0 1.097 0.0
случаеврассказывать 0.0 1.699 0.0
мама 0.0 0.854 0.0
малыш 0.0 1.301 0.0
24/7 0.0 0.102 0.0
интерес 0.0 0.155 0.0
читателейн 0.0 0.174 0.0
срочно 0.0 0.167 0.0
помочь 0.0 0.125 0.0
редакция 0.001 0.066 0.0
кодекс 0.0 0.066 0.0
блог 0.0 0.066 0.0
meduzacare 0.0 0.066 0.0
связаться 0.0 0.066 0.0
анонимно 0.0 0.066 0.0
платформа 0.001 0.066 0.0
ios 0.0 0.066 0.0
android 0.0 0.066 0.0
инстаграм 0.0 0.066 0.0
twitter 0.0 0.0 0.0
facebook 0.0 0.0 0.0
вконтакте 0.0 0.066 0.0
youtube 0.0 0.06 0.0
– 0.0 0.06 0.0
live 0.0 0.022 0.0
вечерний 0.0 0.066 0.0
реклама 0.001 0.066 0.0
требование 0.0 0.066 0.0
баннер 0.0 0.066 0.0
безопасно 0.0 0.066 0.0
персональный 0.0 0.066 0.0
правило 0.0 0.066 0.0
обработка 0.0 0.066 0.0
кук 0.0 0.066 0.0
наслать 0.0 0.066 0.0
выделить 0.0 0.066 0.0
нажать 0.0 0.066 0.0
ctrl+enter 0.0 0.066 0.0
спасибоgiphyз 0.0 0.066 0.0
гифка 0.0 0.066 0.0
© 0.0 0.0 0.0
