skip 0.001 0.854 0.001
to 0.038 0.77 0.029
main 0.001 0.854 0.001
content 0.001 0.854 0.001
связь 0.001 0.0 0.0
aboutмедуза 0.001 0.854 0.001
по-русски 0.001 0.854 0.001
the 0.032 0.481 0.015
real 0.001 0.854 0.001
russia 0.006 0.854 0.005
today 0.001 0.854 0.001
ru 0.001 0.824 0.001
i 0.046 0.745 0.034
’ 0.048 0.824 0.04
m 0.01 0.886 0.009
with 0.006 0.824 0.005
you 0.002 0.824 0.002
meduza 0.003 0.0 0.0
stories 0.001 0.921 0.001
‘ 0.002 0.921 0.002
we 0.011 0.886 0.01
re 0.006 0.886 0.005
on 0.005 0.854 0.004
titanic 0.001 1.523 0.002
and 0.03 0.721 0.022
it 0.013 0.854 0.011
s 0.009 0.796 0.007
just 0.002 0.886 0.002
hit 0.001 1.222 0.001
iceberg 0.001 1.523 0.002
russian 0.001 0.824 0.001
readers 0.001 1.222 0.001
explain 0.001 1.301 0.001
why 0.002 1.0 0.002
they 0.003 0.854 0.003
not 0.005 0.854 0.004
leaving 0.004 1.222 0.005
country 0.01 0.959 0.01
pm 0.001 1.155 0.001
march 0.001 0.886 0.001
source 0.001 0.921 0.001
over 0.001 0.959 0.001
last 0.001 1.046 0.001
few 0.001 1.0 0.001
weeks 0.001 1.0 0.001
thousands 0.001 1.155 0.001
of 0.014 0.721 0.01
people 0.003 0.886 0.003
have 0.009 0.824 0.007
fled 0.001 2.0 0.002
hoping 0.001 1.398 0.001
avoid 0.001 1.699 0.002
domestic 0.001 1.398 0.001
political 0.001 1.155 0.001
social 0.001 0.959 0.001
economic 0.001 1.301 0.001
consequences 0.001 1.699 0.002
war 0.002 0.77 0.002
but 0.007 0.854 0.006
those 0.001 1.0 0.001
are 0.002 0.854 0.002
in 0.018 0.0 0.0
minority 0.001 2.0 0.002
everyone 0.001 1.097 0.001
can 0.007 0.854 0.006
leave 0.009 1.155 0.01
home 0.001 1.523 0.002
move 0.003 1.398 0.004
a 0.024 0.699 0.017
new 0.001 0.699 0.001
such 0.001 1.398 0.001
little 0.001 1.155 0.001
notice 0.001 1.699 0.002
no 0.001 0.796 0.001
matter 0.001 1.301 0.001
how 0.002 0.886 0.002
much 0.001 1.301 0.001
might 0.002 1.046 0.002
want 0.003 1.155 0.003
some 0.002 0.921 0.002
remained 0.001 2.0 0.002
for 0.01 0.77 0.008
family 0.002 1.301 0.003
reasons 0.001 1.222 0.001
others 0.001 1.046 0.001
t 0.015 0.886 0.013
afford 0.001 1.699 0.002
while 0.001 1.0 0.001
made 0.001 1.155 0.001
conscious 0.001 2.0 0.002
decisions 0.001 1.699 0.002
principle 0.001 1.523 0.002
asked 0.001 0.959 0.001
our 0.002 0.854 0.002
tell 0.001 1.155 0.001
us 0.002 0.886 0.002
decided 0.001 1.097 0.001
stay 0.005 1.398 0.007
or 0.005 0.886 0.004
didn 0.002 1.097 0.002
choice 0.001 1.699 0.002
publishing 0.001 2.0 0.002
their 0.001 0.854 0.001
answers 0.001 1.523 0.002
below 0.001 1.398 0.001
kirill 0.001 1.523 0.002
engineer 0.001 2.0 0.002
moscow 0.004 0.921 0.004
my 0.023 1.046 0.024
thought 0.005 1.155 0.006
about 0.006 0.854 0.005
emigrating 0.001 2.0 0.002
there 0.005 0.854 0.004
nowhere 0.001 2.0 0.002
go 0.002 1.0 0.002
what 0.002 0.854 0.002
point 0.001 1.301 0.001
going 0.003 0.886 0.003
somewhere 0.002 1.523 0.003
would 0.003 0.921 0.003
only 0.002 0.959 0.002
make 0.002 0.959 0.002
harder 0.001 1.699 0.002
come 0.001 1.0 0.001
back 0.002 0.959 0.002
ready 0.001 1.301 0.001
live 0.003 0.022 0.0
as 0.002 0.854 0.002
an 0.005 0.854 0.004
illegal 0.001 2.0 0.002
immigrant 0.001 2.0 0.002
yet 0.001 1.097 0.001
if 0.002 0.921 0.002
were 0.001 0.921 0.001
possible 0.001 1.398 0.001
through 0.001 1.046 0.001
official 0.001 1.097 0.001
process 0.001 1.222 0.001
legally 0.001 1.699 0.002
seems 0.001 1.699 0.002
me 0.005 0.959 0.005
that 0.005 0.854 0.004
this 0.005 0.854 0.004
has 0.001 0.854 0.001
dark 0.001 2.0 0.002
times 0.001 0.699 0.001
ahead 0.001 1.699 0.002
grateful 0.001 2.0 0.002
population 0.001 1.301 0.001
will 0.005 0.854 0.004
be 0.007 0.854 0.006
hopefully 0.001 2.0 0.002
counting 0.001 1.699 0.002
remaining 0.001 1.301 0.001
heartbeats 0.001 2.0 0.002
its 0.001 1.046 0.001
great 0.001 1.398 0.001
leader 0.001 1.699 0.002
tatyana 0.001 1.699 0.002
works 0.005 1.222 0.006
company 0.001 1.222 0.001
perm 0.001 2.0 0.002
region 0.001 1.046 0.001
because 0.002 0.959 0.002
elderly 0.001 1.699 0.002
parents 0.003 1.301 0.004
partner 0.001 1.699 0.002
who 0.004 0.824 0.003
civil 0.001 1.699 0.002
service 0.001 1.097 0.001
eu 0.001 1.398 0.001
probably 0.001 1.398 0.001
also 0.003 0.959 0.003
crisis 0.001 1.301 0.001
soon 0.001 1.301 0.001
easier 0.001 1.523 0.002
survive 0.002 1.398 0.003
unsafe 0.001 2.0 0.002
outside 0.001 1.301 0.001
right 0.003 0.959 0.003
now 0.004 0.886 0.004
all 0.003 0.854 0.003
russophobia 0.001 2.0 0.002
mention 0.001 2.0 0.002
expensive 0.001 2.0 0.002
cost 0.001 1.523 0.002
living 0.001 1.155 0.001
shot 0.001 1.398 0.001
up 0.003 0.854 0.003
when 0.005 0.959 0.005
migration 0.001 2.0 0.002
started 0.002 1.046 0.002
elizaveta 0.001 1.523 0.002
pr 0.001 1.523 0.002
marketing 0.001 1.523 0.002
angarsk 0.001 1.699 0.002
still 0.002 0.959 0.002
thinking 0.002 1.301 0.003
years 0.001 1.155 0.001
old 0.001 1.222 0.001
from 0.001 0.824 0.001
small 0.001 1.398 0.001
town 0.001 1.222 0.001
siberia 0.001 1.699 0.002
was 0.005 0.854 0.004
recently 0.001 1.699 0.002
began 0.001 1.155 0.001
eat 0.001 2.0 0.002
good 0.001 1.398 0.001
food 0.001 1.097 0.001
buy 0.001 2.0 0.002
nice 0.001 2.0 0.002
things 0.002 1.155 0.002
travel 0.001 1.699 0.002
husband 0.001 1.523 0.002
is 0.006 0.854 0.005
pushing 0.001 1.699 0.002
poverty 0.002 2.0 0.004
time 0.002 0.921 0.002
life 0.004 1.0 0.004
traveling 0.001 1.699 0.002
abroad 0.005 1.398 0.007
seemed 0.001 1.699 0.002
like 0.002 0.854 0.002
fantasy 0.001 1.699 0.002
don 0.004 0.886 0.004
anything 0.001 1.046 0.001
do 0.001 0.921 0.001
aggressor 0.001 1.523 0.002
doesn 0.002 1.046 0.002
fit 0.001 2.0 0.002
worldview 0.001 1.699 0.002
guardians 0.001 2.0 0.002
child 0.001 1.523 0.002
currently 0.001 1.301 0.001
take 0.002 1.046 0.002
her 0.004 1.0 0.004
out 0.001 0.886 0.001
plus 0.001 1.398 0.001
haven 0.001 1.301 0.001
had 0.004 0.921 0.004
save 0.001 1.398 0.001
enough 0.002 1.046 0.002
ll 0.003 1.046 0.003
start 0.001 1.222 0.001
studying 0.001 1.699 0.002
foreign 0.001 1.097 0.001
language 0.001 1.523 0.002
laying 0.001 2.0 0.002
groundwork 0.001 2.0 0.002
aidar 0.001 2.0 0.002
programmer 0.001 1.699 0.002
kazan 0.001 1.523 0.002
ve 0.003 0.886 0.003
keep 0.001 1.301 0.001
either 0.001 1.398 0.001
until 0.001 1.155 0.001
rest 0.001 1.699 0.002
several 0.001 1.046 0.001
first 0.001 0.886 0.001
oldest 0.001 1.699 0.002
son 0.002 1.523 0.003
brother 0.001 1.699 0.002
at 0.002 0.824 0.002
least 0.001 1.097 0.001
anytime 0.001 2.0 0.002
logical 0.001 1.523 0.002
younger 0.001 1.699 0.002
wealthier 0.001 2.0 0.002
work 0.002 0.959 0.002
older 0.001 1.398 0.001
totalitarian 0.001 1.699 0.002
other 0.001 0.886 0.001
reason 0.001 1.301 0.001
girlfriend 0.001 2.0 0.002
future 0.003 1.155 0.003
wife 0.001 1.699 0.002
see 0.001 1.0 0.001
way 0.002 1.097 0.002
away 0.001 1.046 0.001
here 0.004 1.0 0.004
guarantees 0.001 1.699 0.002
weren 0.001 1.301 0.001
these 0.001 1.046 0.001
two 0.001 0.921 0.001
factors 0.001 2.0 0.002
even 0.002 0.921 0.002
without 0.001 1.097 0.001
uncertain 0.001 2.0 0.002
think 0.003 1.046 0.003
d 0.001 1.097 0.001
able 0.003 1.097 0.003
experienced 0.001 1.699 0.002
give 0.001 1.0 0.001
same 0.001 0.959 0.001
guarantee 0.001 1.699 0.002
loved 0.002 1.523 0.003
ones 0.002 1.398 0.003
need 0.002 0.854 0.002
more 0.001 0.886 0.001
being 0.001 0.959 0.001
comfortable 0.001 1.699 0.002
less-comfortable 0.001 2.0 0.002
promising 0.001 1.523 0.002
every 0.001 1.046 0.001
day 0.001 0.921 0.001
goes 0.001 1.699 0.002
feel 0.001 1.523 0.002
indirectly 0.001 2.0 0.002
responsible 0.002 1.155 0.002
happening 0.001 1.301 0.001
perhaps 0.001 1.523 0.002
am 0.001 1.097 0.001
citizen 0.001 1.398 0.001
tiny 0.001 1.523 0.002
built 0.001 1.523 0.002
nonetheless 0.001 1.699 0.002
his 0.001 0.959 0.001
does 0.001 1.0 0.001
protest 0.001 1.155 0.001
risking 0.001 2.0 0.002
jail 0.001 2.0 0.002
sentence 0.001 1.523 0.002
which 0.001 0.921 0.001
unable 0.001 1.523 0.002
help 0.002 0.886 0.002
too 0.001 0.921 0.001
dangerous 0.001 1.523 0.002
risk 0.001 1.301 0.001
protesters 0.001 1.398 0.001
heard 0.001 1.699 0.002
screams 0.001 1.699 0.002
important 0.002 1.046 0.002
record 0.001 1.523 0.002
alexandra 0.001 1.699 0.002
kaluzhskikh 0.001 1.699 0.002
young 0.001 1.222 0.001
woman 0.001 1.301 0.001
secretly 0.001 1.699 0.002
recorded 0.001 1.222 0.001
audio 0.001 1.699 0.002
officers 0.001 1.523 0.002
beating 0.001 1.699 0.002
police 0.001 1.155 0.001
station 0.001 1.301 0.001
tells 0.001 1.398 0.001
story 0.001 1.046 0.001
days 0.002 1.0 0.002
ago 0.002 1.046 0.002
accountant 0.001 2.0 0.002
student 0.001 1.301 0.001
sexuality 0.001 2.0 0.002
factor 0.001 2.0 0.002
courage 0.001 1.699 0.002
chance 0.001 1.398 0.001
gone 0.001 1.222 0.001
mom 0.001 1.699 0.002
stroke 0.001 2.0 0.002
puppy 0.001 2.0 0.002
hands 0.001 2.0 0.002
broke 0.001 1.523 0.002
profession 0.001 2.0 0.002
wouldn 0.001 1.398 0.001
interest 0.001 1.523 0.002
anyone 0.001 1.046 0.001
lot 0.002 1.097 0.002
high 0.001 1.523 0.002
inflation 0.001 1.523 0.002
unemployment 0.001 1.398 0.001
business 0.001 1.222 0.001
closures 0.001 2.0 0.002
lead 0.001 1.097 0.001
straight 0.001 2.0 0.002
poor 0.001 2.0 0.002
very 0.002 1.0 0.002
well 0.001 1.046 0.001
die 0.001 1.523 0.002
hunger 0.001 2.0 0.002
aliya 0.001 2.0 0.002
modern 0.001 1.523 0.002
art 0.001 1.699 0.002
gallery 0.001 2.0 0.002
he 0.001 0.959 0.001
find 0.001 1.046 0.001
knowing 0.001 1.523 0.002
any 0.001 0.921 0.001
special 0.001 1.155 0.001
skills 0.001 1.699 0.002
question 0.001 1.398 0.001
92-year-old 0.001 2.0 0.002
grandmother 0.001 1.699 0.002
care 0.001 1.301 0.001
scared 0.001 1.523 0.002
get 0.001 0.959 0.001
bad 0.001 1.301 0.001
tyrannical 0.001 2.0 0.002
law 0.001 1.398 0.001
enforcement 0.001 1.699 0.002
banditry 0.001 2.0 0.002
cottage 0.001 1.699 0.002
village 0.001 1.301 0.001
everything 0.001 1.097 0.001
falls 0.001 1.699 0.002
apart 0.001 1.699 0.002
basically 0.001 1.301 0.001
been 0.001 0.921 0.001
deprived 0.001 2.0 0.002
opportunity 0.001 1.523 0.002
self-actualization 0.001 2.0 0.002
enjoyment 0.001 2.0 0.002
professional 0.001 1.301 0.001
nobody 0.001 1.222 0.001
needs 0.001 1.523 0.002
aftermath 0.001 1.699 0.002
alisa 0.001 2.0 0.002
industry 0.001 1.523 0.002
krasnodar 0.001 1.699 0.002
regularly 0.001 1.523 0.002
consider 0.001 1.699 0.002
trying 0.001 1.155 0.001
hard 0.001 1.222 0.001
bring 0.001 1.301 0.001
almost 0.001 1.046 0.001
certainly 0.001 1.699 0.002
end 0.002 1.222 0.002
staying 0.001 1.523 0.002
order 0.001 1.523 0.002
close 0.001 1.097 0.001
won 0.002 1.046 0.002
allow 0.001 1.301 0.001
myself 0.001 1.398 0.001
them 0.001 0.921 0.001
behind 0.001 1.155 0.001
sometimes 0.001 1.523 0.002
recall 0.001 2.0 0.002
dad 0.001 1.699 0.002
told 0.001 0.959 0.001
1990s 0.001 1.699 0.002
foresee 0.001 2.0 0.002
worse 0.001 1.523 0.002
than 0.001 0.921 0.001
jobless 0.001 2.0 0.002
become 0.001 1.222 0.001
serious 0.001 1.398 0.001
issue 0.001 2.0 0.002
crime 0.001 1.699 0.002
soar 0.001 2.0 0.002
nastya 0.001 1.699 0.002
sells 0.001 2.0 0.002
products 0.001 1.398 0.001
market 0.001 1.523 0.002
burning 0.001 1.699 0.002
desire 0.001 1.398 0.001
georgia 0.001 1.699 0.002
cis 0.001 2.0 0.002
stupid 0.001 1.523 0.002
age 0.001 1.699 0.002
where 0.002 0.959 0.002
savings 0.001 1.523 0.002
drop 0.001 1.699 0.002
indefinitely 0.001 2.0 0.002
grandma 0.001 1.523 0.002
samara 0.001 2.0 0.002
stock 0.001 1.699 0.002
essentials 0.001 2.0 0.002
worried 0.001 1.699 0.002
pension 0.001 2.0 0.002
product 0.001 2.0 0.002
shortages 0.001 2.0 0.002
confident 0.001 1.699 0.002
change 0.001 1.222 0.001
something 0.001 1.097 0.001
especially 0.001 1.523 0.002
regime 0.001 1.523 0.002
vulnerable 0.001 2.0 0.002
build 0.001 1.398 0.001
hope 0.001 1.301 0.001
best 0.001 1.398 0.001
whatever 0.001 1.398 0.001
oleg 0.001 1.301 0.001
university 0.001 1.301 0.001
yelets 0.001 2.0 0.002
know 0.001 1.0 0.001
morally 0.001 1.699 0.002
but… 0.001 2.0 0.002
daughter 0.001 1.523 0.002
she 0.001 1.0 0.001
lives 0.001 1.155 0.001
ex-wife 0.001 1.699 0.002
mother 0.001 1.301 0.001
grave 0.001 2.0 0.002
yevgeny 0.001 1.699 0.002
auto 0.001 1.523 0.002
shop 0.001 1.699 0.002
vladivostok 0.001 1.699 0.002
recovery 0.001 2.0 0.002
reforms 0.001 2.0 0.002
government 0.001 1.0 0.001
view 0.001 1.699 0.002
betray 0.001 1.523 0.002
overcome 0.001 1.699 0.002
criminals 0.001 2.0 0.002
power 0.001 1.301 0.001
by 0.001 0.658 0.001
uniting 0.001 2.0 0.002
entire 0.001 1.222 0.001
opposition 0.001 1.398 0.001
direct 0.001 1.523 0.002
strength 0.001 1.699 0.002
one 0.001 0.824 0.001
direction 0.001 2.0 0.002
demands 0.001 1.699 0.002
divided 0.001 1.699 0.002
let 0.001 1.155 0.001
divide 0.001 1.699 0.002
conquer 0.001 2.0 0.002
dasha 0.001 2.0 0.002
researcher 0.001 2.0 0.002
decision 0.001 1.523 0.002
five 0.001 1.222 0.001
changed 0.001 1.222 0.001
mind 0.001 1.523 0.002
thoughts 0.001 1.398 0.001
friends 0.001 1.301 0.001
talking 0.001 1.699 0.002
immediately 0.001 1.155 0.001
after 0.001 0.959 0.001
february 0.001 1.097 0.001
panicked 0.001 2.0 0.002
joined 0.001 2.0 0.002
bunch 0.001 2.0 0.002
immigration 0.001 2.0 0.002
groups 0.001 1.699 0.002
online 0.001 1.301 0.001
ticket 0.001 2.0 0.002
istanbul 0.001 2.0 0.002
beginning 0.001 1.0 0.001
bought 0.001 2.0 0.002
long 0.001 1.097 0.001
before 0.001 0.854 0.001
happened 0.001 1.301 0.001
lucky 0.001 2.0 0.002
coincidence 0.001 2.0 0.002
getting 0.001 1.046 0.001
flight 0.001 2.0 0.002
already 0.001 1.0 0.001
lived 0.001 2.0 0.002
experience 0.001 1.222 0.001
understand 0.001 1.155 0.001
value 0.001 1.699 0.002
really 0.001 1.097 0.001
love 0.001 1.301 0.001
learned 0.001 1.155 0.001
friendship 0.001 2.0 0.002
became 0.001 1.222 0.001
acquired 0.001 1.699 0.002
most 0.001 1.0 0.001
values 0.001 1.699 0.002
meaning 0.001 1.398 0.001
freedom 0.001 1.523 0.002
worth 0.001 2.0 0.002
fighting 0.001 1.301 0.001
often 0.001 1.398 0.001
joke 0.001 2.0 0.002
therapist 0.001 2.0 0.002
three 0.001 1.155 0.001
left 0.001 1.097 0.001
navalny 0.001 1.301 0.001
putin 0.001 1.0 0.001
working 0.001 0.854 0.001
24/7 0.001 0.102 0.0
always 0.001 0.921 0.001
readerswe 0.001 0.921 0.001
your 0.001 0.854 0.001
never 0.001 0.886 0.001
okay 0.001 0.921 0.001
abridged 0.001 1.398 0.001
translation 0.001 1.0 0.001
sam 0.001 1.222 0.001
breazeale 0.001 1.222 0.001
code 0.001 0.824 0.001
conduct 0.001 0.824 0.001
advertise 0.001 0.854 0.001
privacy 0.001 0.854 0.001
notes 0.001 0.824 0.001
cookies 0.001 0.854 0.001
facebook 0.001 0.0 0.0
twitter 0.001 0.0 0.0
instagram 0.001 0.745 0.001
rss 0.001 0.854 0.001
© 0.001 0.0 0.0
rights 0.001 0.854 0.001
reserved 0.001 0.854 0.001
