перейти 0.001 0.066 0.0
материал 0.002 0.066 0.0
связь 0.003 0.0 0.0
новостиисторииразборшапитокоронавирусмагаз 0.001 0.066 0.0
медуза 0.01 0.066 0.001
рекламаmeduza 0.001 0.066 0.0
in 0.001 0.0 0.0
english 0.001 0.06 0.0
показывать 0.001 0.066 0.0
порядок 0.002 0.066 0.0
en 0.001 0.066 0.0
кнопка 0.001 0.066 0.0
поддержка 0.002 0.066 0.0
разбор 0.001 0.387 0.0
делать 0.008 0.18 0.001
прививка 0.014000000000000002 0.602 0.008
коронавирус 0.006 0.387 0.002
переболеть 0.018000000000000002 0.745 0.013
отвечать 0.004 0.456 0.002
коротко 0.001 0.824 0.001
один 0.004 0.119 0.0
слово 0.001 0.268 0.0
карточка 0.001 0.569 0.001
март 0.001 0.284 0.0
случиться 0.003 0.509 0.002
именно 0.005 0.244 0.001
непонятно 0.003 0.921 0.003
прививать 0.006 0.959 0.006
другой 0.006 0.097 0.001
страна 0.009000000000000001 0.155 0.001
долго 0.004 0.745 0.003
нужно 0.004 0.237 0.001
ждать 0.004 0.481 0.002
болезнь 0.006 0.553 0.003
сделать 0.006 0.208 0.001
этот 0.005 0.137 0.001
спутник 0.005 0.678 0.003
v 0.005 0.699 0.003
иначе 0.003 0.745 0.002
заболеть 0.008 0.585 0.005
первый 0.009000000000000001 0.143 0.001
второй 0.007 0.357 0.002
укол 0.004 1.0 0.004
большой 0.003 0.347 0.001
риск 0.003 0.357 0.001
данный 0.001 0.097 0.0
сообщение 0.001 0.102 0.0
создать 0.001 0.097 0.0
распространить 0.001 0.102 0.0
иностранный 0.004 0.097 0.0
средство 0.001 0.097 0.0
массовый 0.001 0.097 0.0
информация 0.004 0.102 0.0
выполнять 0.004 0.097 0.0
функция 0.003 0.097 0.0
агент 0.003 0.097 0.0
российский 0.001 0.071 0.0
юридический 0.001 0.102 0.0
лицо 0.002 0.086 0.0
мы 0.004 0.066 0.0
нужный 0.003 0.086 0.0
ваш 0.004 0.081 0.0
помощь 0.001 0.071 0.0
пожалуйста 0.001 0.102 0.0
поддержать 0.002 0.066 0.0
россия 0.001 0.108 0.0
вакцина 0.024 0.538 0.013
казаться 0.001 0.409 0.0
доступный 0.001 0.824 0.001
весь 0.002 0.114 0.0
желать 0.001 1.0 0.001
больший 0.001 0.328 0.0
количество 0.001 0.481 0.0
число 0.001 0.201 0.0
который 0.012 0.071 0.001
судить 0.003 0.585 0.002
избыточный 0.001 0.921 0.001
смертность 0.001 1.046 0.001
половина 0.001 0.721 0.001
население 0.001 0.569 0.001
возникать 0.001 0.824 0.001
вопрос 0.005 0.276 0.001
стоить 0.003 0.469 0.001
такой 0.004 0.114 0.0
человек 0.008 0.092 0.001
естественный 0.007 1.046 0.007
иммунитет 0.012 0.77 0.009
вполне 0.001 0.699 0.001
достаточно 0.001 0.444 0.0
заразиться 0.001 1.0 0.001
эксперт 0.005 0.745 0.004
минздрав 0.002 0.678 0.001
ответить 0.002 0.495 0.001
временной 0.001 1.046 0.001
методический 0.001 1.222 0.001
рекомендация 0.004 0.678 0.003
последний 0.001 0.284 0.0
10-й 0.001 2.0 0.002
версия 0.001 0.77 0.001
выйти 0.001 0.456 0.0
февраль 0.001 0.337 0.0
год 0.004 0.119 0.0
аналогичный 0.001 0.959 0.001
пассаж 0.001 2.0 0.002
повторяться 0.001 1.398 0.001
документ 0.004 0.678 0.003
проведение 0.002 0.921 0.002
вакцинация 0.015 0.553 0.008
взрослый 0.001 1.0 0.001
подготовка 0.002 0.886 0.002
против 0.001 0.229 0.0
covid-19 0.004 0.77 0.003
лабораторный 0.001 0.959 0.001
исследование 0.005 0.42 0.002
наличие 0.004 0.745 0.003
иммуноглобулин 0.003 1.699 0.005
класс 0.003 1.097 0.003
g 0.003 1.699 0.005
м 0.003 1.699 0.005
вирус 0.004 0.538 0.002
sars-cov-2 0.004 0.824 0.003
являться 0.001 0.602 0.001
обязательный 0.001 0.886 0.001
вместе 0.001 0.602 0.001
иметь 0.002 0.337 0.001
положительный 0.003 1.155 0.003
результат 0.002 0.367 0.001
получить 0.002 0.328 0.001
вне 0.001 0.886 0.001
рамка 0.001 1.0 0.001
вакцинирование 0.001 1.398 0.001
прививаться 0.002 0.824 0.002
это 0.011 0.066 0.001
значит 0.001 0.444 0.0
сожаление 0.001 0.553 0.001
понять 0.001 0.495 0.0
получаться 0.001 0.824 0.001
сам 0.002 0.137 0.0
рассказать 0.003 0.469 0.001
тест 0.003 0.77 0.002
антитело 0.007 0.77 0.005
привить 0.003 0.678 0.002
какой 0.001 0.357 0.0
решение 0.003 0.347 0.001
оптимальный 0.001 1.155 0.001
благополучие 0.001 1.523 0.002
точка 0.001 0.444 0.0
зрение 0.001 0.585 0.001
формальный 0.001 1.222 0.001
процедура 0.001 0.959 0.001
говорить 0.005 0.18 0.001
сказать 0.001 0.31 0.0
мотивация 0.001 1.301 0.001
отказывать 0.001 1.398 0.001
почему-то 0.001 1.222 0.001
решить 0.002 0.398 0.001
добровольно 0.001 1.301 0.001
признаться 0.001 1.699 0.002
свой 0.001 0.143 0.0
статус 0.001 1.155 0.001
поэтому 0.001 0.328 0.0
узнать 0.001 0.481 0.0
медицинский 0.003 0.523 0.002
агентство 0.001 0.824 0.001
вообще 0.004 0.066 0.0
тема 0.001 0.678 0.001
наука 0.001 1.301 0.001
несмотря 0.001 0.456 0.0
перенести 0.003 0.959 0.003
заболевание 0.004 0.481 0.002
рекомендовать 0.007 0.569 0.004
воз 0.006 0.796 0.005
профильный 0.001 1.523 0.002
ведомство 0.001 0.796 0.001
удаться 0.001 0.456 0.0
найти 0.001 0.456 0.0
сша 0.001 0.469 0.0
великобритания 0.001 0.699 0.001
германия 0.001 0.699 0.001
индия 0.003 1.155 0.003
канада 0.001 1.301 0.001
относиться 0.002 0.62 0.001
производство 0.001 0.658 0.001
pfizer/biontech 0.001 1.046 0.001
moderna 0.001 1.0 0.001
учитывать 0.001 0.854 0.001
принятие 0.001 1.0 0.001
указать 0.001 0.796 0.001
пока 0.005 0.208 0.001
невозможно 0.001 0.602 0.001
давать 0.001 0.31 0.0
дополнительный 0.001 0.77 0.001
защита 0.002 0.569 0.001
насколько 0.001 0.42 0.0
значительный 0.001 0.854 0.001
данные 0.006 0.31 0.002
оценить 0.001 0.678 0.001
недостаточно 0.001 0.921 0.001
разниться 0.001 1.699 0.002
согласный 0.001 1.0 0.001
случай 0.004 0.194 0.001
прежде 0.001 0.62 0.001
выздороветь 0.001 1.398 0.001
следовать 0.004 0.678 0.003
долгий 0.001 0.745 0.001
соображение 0.003 1.398 0.004
достаточность 0.004 2.0 0.008
и/ить 0.001 1.523 0.002
нехватка 0.001 1.523 0.002
тот 0.001 0.131 0.0
разный 0.001 0.276 0.0
по-разному 0.001 1.222 0.001
например 0.003 0.229 0.001
полагать 0.001 1.222 0.001
недавно 0.001 0.62 0.001
отложить 0.004 1.301 0.005
полгода 0.004 0.886 0.004
основание 0.001 0.569 0.001
повторный 0.007 1.222 0.009
заражение 0.007 0.745 0.005
ранее 0.003 0.62 0.002
шесть 0.001 0.745 0.001
месяц 0.002 0.432 0.001
крайне 0.001 0.721 0.001
редкий 0.001 0.824 0.001
оговариваться 0.001 2.0 0.002
продолжительность 0.001 1.301 0.001
период 0.004 0.678 0.003
будущее 0.001 0.62 0.001
пересмотреть 0.001 1.699 0.002
поступление 0.001 1.301 0.001
новый 0.006 0.187 0.001
американский 0.001 0.585 0.001
центр 0.001 0.432 0.0
контроль 0.001 0.585 0.001
профилактика 0.001 0.886 0.001
cdc 0.003 1.301 0.004
некоторый 0.002 0.222 0.0
время 0.001 0.086 0.0
хотя 0.001 0.276 0.0
указывать 0.004 0.796 0.003
конкретный 0.001 0.658 0.001
либо 0.001 0.569 0.001
90-дневный 0.001 2.0 0.002
ориентир 0.001 1.699 0.002
факт 0.002 0.638 0.001
условие 0.001 0.495 0.0
дефицит 0.001 1.398 0.001
временный 0.001 2.0 0.002
отказ 0.001 0.77 0.001
помочь 0.003 0.125 0.0
британский 0.001 0.721 0.001
национальный 0.001 0.77 0.001
служба 0.001 0.678 0.001
здравоохранение 0.001 0.658 0.001
nhs 0.001 1.699 0.002
подождать 0.001 1.301 0.001
лишь 0.004 0.481 0.002
день 0.003 0.167 0.001
возникновение 0.001 0.921 0.001
симптом 0.001 0.824 0.001
короче 0.001 1.699 0.002
срок 0.001 0.824 0.001
германский 0.001 1.398 0.001
институт 0.001 0.77 0.001
кох 0.001 1.699 0.002
точнее 0.001 0.921 0.001
комиссия 0.001 1.222 0.001
около 0.003 0.432 0.001
выздоровление 0.003 1.398 0.004
опять-таки 0.001 1.699 0.002
изложить 0.001 1.398 0.001
выше 0.001 0.509 0.001
касаться 0.001 0.553 0.001
аденовирусный 0.005 1.046 0.005
основа 0.001 0.678 0.001
мрнк 0.001 1.155 0.001
сильно 0.001 0.509 0.001
отличаться 0.001 0.553 0.001
astrazeneca 0.001 0.959 0.001
johnson 0.003 1.155 0.003
существовать 0.001 0.602 0.001
теория 0.004 1.0 0.004
согласно 0.003 0.745 0.002
мрнк-вакцина 0.002 1.046 0.002
несколько 0.001 0.187 0.0
каждый 0.001 0.244 0.0
одинаково 0.001 1.301 0.001
эффективно 0.001 1.046 0.001
зависеть 0.001 0.509 0.001
уровень 0.002 0.367 0.001
появляться 0.001 0.658 0.001
аденовирус 0.002 1.301 0.003
роль 0.001 0.721 0.001
вектор-носитель 0.001 1.699 0.002
фрагмент 0.001 1.155 0.001
геном 0.001 1.097 0.001
оказаться 0.001 0.31 0.0
очень 0.004 0.149 0.001
смочь 0.001 0.328 0.0
связать 0.001 0.469 0.0
нейтрализовать 0.001 1.155 0.001
аденовирус-носитель 0.001 2.0 0.002
успеть 0.001 0.678 0.001
проникнуть 0.001 1.398 0.001
клетка 0.001 0.921 0.001
подействовать 0.001 1.523 0.002
пандемия 0.001 0.538 0.001
продлиться 0.001 1.699 0.002
вводить 0.001 0.886 0.001
реальный 0.003 0.638 0.002
надобность 0.001 2.0 0.002
положиться 0.001 2.0 0.002
подкрепить 0.001 1.523 0.002
различие 0.001 1.155 0.001
вряд 0.001 0.854 0.001
существенный 0.001 0.921 0.001
во-первых 0.001 0.796 0.001
противоаденовирусный 0.001 2.0 0.002
вечный 0.001 1.699 0.002
возможно 0.001 0.398 0.0
важный 0.001 0.284 0.0
статья 0.001 0.553 0.001
исследователь 0.001 0.721 0.001
наслать 0.003 0.066 0.0
никакой 0.001 0.409 0.0
иммунный 0.002 0.678 0.001
ответ 0.001 0.432 0.0
доброволец 0.001 0.854 0.001
во-вторых 0.001 0.854 0.001
дать 0.003 0.066 0.0
реакция 0.001 0.678 0.001
снижать 0.001 0.854 0.001
эффективность 0.002 0.538 0.001
мочь 0.001 0.102 0.0
вызывать 0.001 0.523 0.001
вещество 0.001 1.0 0.001
полимер 0.001 2.0 0.002
полиэтиленгликоль 0.001 2.0 0.002
пэг 0.001 2.0 0.002
отсутствие 0.001 0.699 0.001
введение 0.001 0.658 0.001
два 0.001 0.26 0.0
тип 0.001 0.796 0.001
теоретический 0.001 1.699 0.002
спор 0.001 1.046 0.001
явный 0.001 1.097 0.001
победитель 0.001 1.699 0.002
значение 0.001 0.721 0.001
равно 0.001 0.638 0.001
шанс 0.001 0.638 0.001
обычный 0.001 0.509 0.001
штамм 0.006 0.796 0.005
по-видимому 0.001 0.959 0.001
небольшой 0.001 0.602 0.001
частота 0.001 0.959 0.001
истинный 0.001 1.155 0.001
вариант 0.002 0.481 0.001
изучить 0.001 0.854 0.001
плохо 0.001 0.569 0.001
явно 0.001 0.959 0.001
низкий 0.001 0.638 0.001
провести 0.001 0.538 0.001
катар 0.001 1.398 0.001
выборка 0.001 1.046 0.001
тысяча 0.001 0.31 0.0
обнаружить 0.001 0.658 0.001
повторно 0.001 1.699 0.002
0,1 0.001 1.523 0.002
среднее 0.001 0.77 0.001
наблюдать 0.001 0.824 0.001
четыре 0.001 0.509 0.001
подробно 0.001 0.921 0.001
писать 0.001 0.347 0.0
начало 0.001 0.26 0.0
ноябрь 0.001 0.699 0.001
южноафриканский 0.001 1.523 0.002
бразильский 0.001 1.699 0.002
подробный 0.004 0.569 0.002
текст 0.001 0.62 0.001
могутоказатьсядовольночастый 0.001 2.0 0.002
надеяться 0.001 0.699 0.001
инфекция 0.001 0.569 0.001
старый 0.001 0.658 0.001
защищать 0.001 0.585 0.001
тяжёлый 0.001 0.377 0.0
течение 0.001 0.638 0.001
правда 0.001 0.456 0.0
надёжный 0.001 0.824 0.001
говорящий 0.001 2.0 0.002
сколько 0.003 0.585 0.002
действовать 0.003 0.602 0.002
жить 0.003 0.481 0.001
ранний 0.003 0.409 0.001
защитить 0.003 0.721 0.002
рассказывать 0.003 0.337 0.001
известно 0.003 0.481 0.001
вакцинный 0.003 1.097 0.003
прямо 0.003 0.357 0.001
назад 0.003 0.18 0.001
работать 0.001 0.102 0.0
24/7 0.001 0.102 0.0
интерес 0.001 0.155 0.0
читателейн 0.001 0.174 0.0
срочно 0.001 0.167 0.0
хотеть 0.001 0.102 0.0
александр 0.001 0.456 0.0
ершовый 0.001 0.77 0.001
редакция 0.003 0.066 0.0
кодекс 0.001 0.066 0.0
блог 0.001 0.066 0.0
meduzacare 0.001 0.066 0.0
связаться 0.001 0.066 0.0
анонимно 0.001 0.066 0.0
платформа 0.003 0.066 0.0
ios 0.001 0.066 0.0
android 0.001 0.066 0.0
инстаграм 0.001 0.066 0.0
twitter 0.001 0.0 0.0
facebook 0.001 0.0 0.0
вконтакте 0.001 0.066 0.0
youtube 0.001 0.06 0.0
meduza 0.003 0.0 0.0
– 0.001 0.06 0.0
live 0.001 0.022 0.0
вечерний 0.001 0.066 0.0
реклама 0.003 0.066 0.0
требование 0.001 0.066 0.0
баннер 0.001 0.066 0.0
безопасно 0.001 0.066 0.0
персональный 0.001 0.066 0.0
правило 0.001 0.066 0.0
обработка 0.001 0.066 0.0
использование 0.001 0.066 0.0
кук 0.001 0.066 0.0
ошибка 0.001 0.066 0.0
выделить 0.001 0.066 0.0
нажать 0.001 0.066 0.0
ctrl+enter 0.001 0.066 0.0
спасибоgiphyз 0.001 0.066 0.0
гифка 0.001 0.066 0.0
© 0.001 0.0 0.0
