перейти 0.002 0.066 0.0
материал 0.002 0.066 0.0
связь 0.003 0.0 0.0
новостиисторииразборшапитокоронавирусмагаз 0.001 0.066 0.0
медуза 0.007 0.066 0.0
рекламаmeduza 0.001 0.066 0.0
in 0.001 0.0 0.0
english 0.001 0.06 0.0
показывать 0.001 0.066 0.0
порядок 0.001 0.066 0.0
en 0.001 0.066 0.0
кнопка 0.001 0.066 0.0
поддержка 0.002 0.066 0.0
история 0.004 0.26 0.001
это 0.023 0.066 0.002
крах 0.001 1.301 0.001
мой 0.013000000000000005 0.585 0.008
пятилетний 0.001 1.523 0.002
труд 0.001 0.854 0.001
читатель 0.002 0.523 0.001
блокировка 0.008 1.097 0.009
инстаграм 0.033 0.066 0.002
изменить 0.002 0.538 0.001
жизнь 0.008 0.319 0.003
март 0.001 0.284 0.0
источник 0.002 0.167 0.0
meduza 0.002 0.0 0.0
данный 0.001 0.097 0.0
сообщение 0.002 0.102 0.0
создать 0.001 0.097 0.0
распространить 0.001 0.102 0.0
иностранный 0.002 0.097 0.0
средство 0.001 0.097 0.0
массовый 0.001 0.097 0.0
информация 0.001 0.102 0.0
выполнять 0.001 0.097 0.0
функция 0.001 0.097 0.0
агент 0.001 0.097 0.0
российский 0.003 0.071 0.0
юридический 0.001 0.102 0.0
лицо 0.001 0.086 0.0
мы 0.004 0.066 0.0
нужный 0.001 0.086 0.0
ваш 0.002 0.081 0.0
помощь 0.002 0.071 0.0
пожалуйста 0.001 0.102 0.0
поддержать 0.002 0.066 0.0
annette 0.001 1.699 0.002
shaff 0.001 1.699 0.002
shutterstock.com 0.001 1.523 0.002
ночь 0.001 0.854 0.001
роскомнадзор 0.001 1.097 0.001
обещать 0.001 0.921 0.001
заблокировать 0.007 0.553 0.004
мнение 0.002 0.509 0.001
ведомство 0.001 0.796 0.001
сосцести 0.001 2.0 0.002
распространяться 0.001 0.699 0.001
призыв 0.001 0.854 0.001
совершение 0.001 1.699 0.002
насильственный 0.001 2.0 0.002
действие 0.001 0.409 0.0
отношение 0.002 0.509 0.001
гражданин 0.002 0.553 0.001
федерация 0.001 1.0 0.001
число 0.002 0.201 0.0
военнослужащий 0.001 1.398 0.001
владелец 0.002 1.097 0.002
платформа 0.002 0.066 0.0
компания 0.003 0.444 0.001
meta 0.001 1.222 0.001
генпрокуратура 0.001 1.398 0.001
россия 0.005 0.108 0.001
требовать 0.001 0.658 0.001
признать 0.001 0.658 0.001
экстремистский 0.001 1.222 0.001
организация 0.001 0.509 0.001
соцсеть 0.007 0.824 0.006
пользоваться 0.002 0.886 0.002
vpn 0.003 1.301 0.004
преследоваться 0.001 2.0 0.002
закон 0.001 0.658 0.001
знать 0.007 0.244 0.002
никто 0.001 0.432 0.0
попросить 0.001 0.699 0.001
рассказать 0.001 0.469 0.0
какой 0.003 0.357 0.001
место 0.002 0.409 0.001
занимать 0.001 1.0 0.001
ответить 0.001 0.495 0.0
зоя 0.001 2.0 0.002
тату-мастер 0.001 2.0 0.002
москва 0.003 0.523 0.002
основной 0.001 0.854 0.001
рабочий 0.002 0.886 0.002
площадка 0.005 0.796 0.004
выкладывать 0.003 1.523 0.005
фотография 0.005 0.553 0.003
работа 0.004 0.357 0.001
к 0.001 0.745 0.001
приходить 0.002 0.824 0.002
основный 0.003 0.62 0.002
часть 0.001 0.377 0.0
клиент 0.004 1.097 0.004
вконтакте 0.003 0.066 0.0
идти 0.001 0.222 0.0
человек 0.013000000000000001 0.092 0.001
гораздо 0.001 0.699 0.001
маленький 0.004 0.328 0.001
заточить 0.002 2.0 0.004
визуальный 0.001 1.523 0.002
контент 0.002 1.523 0.003
реклама 0.003 0.066 0.0
работать 0.004 0.102 0.0
немой 0.001 0.585 0.001
ожидать 0.001 0.62 0.001
потеря 0.004 0.824 0.003
деньга 0.002 0.602 0.001
который 0.010000000000000002 0.071 0.001
договорённость 0.001 1.523 0.002
смочь 0.002 0.328 0.001
найти 0.002 0.456 0.001
роман 0.001 1.398 0.001
студент 0.001 1.097 0.001
астрахань 0.001 2.0 0.002
бабушка 0.001 1.0 0.001
учить 0.002 1.222 0.002
французский 0.001 1.097 0.001
язык 0.002 0.678 0.001
учитель 0.002 1.222 0.002
жить 0.003 0.481 0.001
франция 0.001 0.854 0.001
вести 0.005 0.553 0.003
блогер 0.001 1.523 0.002
специализироваться 0.001 1.523 0.002
инстаграм-блог 0.001 2.0 0.002
лишить 0.001 1.523 0.002
способ 0.001 0.602 0.001
получение 0.001 1.097 0.001
независимый 0.001 0.409 0.0
изучение 0.001 1.398 0.001
вчера 0.003 1.222 0.004
написать 0.003 0.62 0.002
очень 0.006 0.149 0.001
грустно 0.001 1.398 0.001
бабуля 0.001 2.0 0.002
современный 0.001 0.959 0.001
самостоятельно 0.001 1.097 0.001
настроить 0.001 1.0 0.001
надеяться 0.002 0.699 0.001
сильно 0.001 0.509 0.001
сказаться 0.001 1.523 0.002
взгляд 0.001 1.046 0.001
желание 0.003 0.921 0.003
артём 0.001 1.046 0.001
север 0.001 1.301 0.001
непопулярный 0.001 2.0 0.002
звучать 0.001 0.959 0.001
эгоистичный 0.001 2.0 0.002
сам 0.003 0.137 0.0
полностью 0.001 0.538 0.001
равнодушный 0.001 1.699 0.002
неравнодушный 0.001 2.0 0.002
заметно 0.001 1.222 0.001
участиться 0.001 2.0 0.002
случай 0.001 0.194 0.0
подряд 0.001 1.301 0.001
относиться 0.001 0.62 0.001
сочувствие 0.001 2.0 0.002
чей 0.001 1.097 0.001
доход 0.002 1.222 0.002
досуг 0.001 2.0 0.002
зависеть 0.001 0.509 0.001
приложение 0.001 1.097 0.001
сегодня 0.001 0.638 0.001
никак 0.001 0.886 0.001
лично 0.003 0.959 0.003
коснуться 0.002 1.523 0.003
новость 0.002 0.357 0.001
принести 0.001 1.046 0.001
завтрашний 0.001 2.0 0.002
день 0.004 0.167 0.001
екатерина 0.001 1.222 0.001
руководитель 0.001 0.886 0.001
отдел 0.001 1.301 0.001
маркетинг 0.001 2.0 0.002
владивосток 0.001 1.523 0.002
связать 0.001 0.469 0.0
весь 0.005 0.114 0.001
бьюти-сфера 0.001 2.0 0.002
маникюрный 0.001 1.699 0.002
салон 0.002 1.523 0.003
магазин 0.002 0.796 0.002
косметика 0.001 1.699 0.002
красивый 0.002 1.222 0.002
фотоконтент 0.001 2.0 0.002
продавать 0.001 0.921 0.001
услуга 0.001 1.398 0.001
определённый 0.001 0.77 0.001
образ 0.001 0.553 0.001
мечта 0.001 1.398 0.001
что-то 0.002 0.509 0.001
больший 0.002 0.328 0.001
команда 0.001 1.222 0.001
пятеро 0.001 1.523 0.002
занятый 0.001 1.097 0.001
производство 0.001 0.658 0.001
продажа 0.002 0.854 0.002
инст 0.003 2.0 0.006
понедельник 0.001 1.222 0.001
лишиться 0.002 1.097 0.002
инструмент 0.002 0.854 0.002
заработок 0.002 1.699 0.003
перевезти 0.001 2.0 0.002
канал 0.001 0.699 0.001
телеграм 0.003 1.0 0.003
социальный 0.003 0.721 0.002
сеть 0.002 0.824 0.002
лонгрид 0.001 2.0 0.002
классный 0.001 1.523 0.002
текст 0.001 0.62 0.001
фотка 0.001 2.0 0.002
иллюзия 0.001 1.523 0.002
аудитория 0.002 1.097 0.002
собирать 0.001 0.699 0.001
год 0.012 0.119 0.001
потерять 0.002 0.854 0.002
навсегда 0.001 0.854 0.001
виктор 0.001 1.699 0.002
пенсионер 0.001 2.0 0.002
санкт-петербург 0.004 1.301 0.005
запрет 0.001 0.921 0.001
использование 0.001 0.066 0.0
плохо 0.001 0.569 0.001
разбираться 0.001 1.046 0.001
родственник 0.003 0.745 0.002
дочь 0.003 0.886 0.003
жаль 0.001 2.0 0.002
блокировать 0.001 1.155 0.001
вызывать 0.003 0.523 0.002
раздражение 0.001 2.0 0.002
думать 0.003 0.456 0.001
когда-то 0.001 1.301 0.001
свободный 0.002 0.77 0.002
максим 0.001 0.796 0.001
ученик 0.001 1.301 0.001
класс 0.001 1.097 0.001
бизнес 0.001 0.824 0.001
иметь 0.002 0.337 0.001
альбом 0.001 1.523 0.002
воспоминание 0.001 2.0 0.002
пост 0.002 0.638 0.001
селфи 0.001 2.0 0.002
каждый 0.003 0.244 0.001
час 0.002 0.538 0.001
заходить 0.001 1.301 0.001
пролайкать 0.001 2.0 0.002
свой 0.009000000000000001 0.143 0.001
знакомый 0.001 0.854 0.001
какой-то 0.002 0.328 0.001
знаменательный 0.001 2.0 0.002
событие 0.001 0.509 0.001
первый 0.001 0.143 0.0
бежать 0.001 0.796 0.001
забег 0.001 2.0 0.002
встать 0.001 1.155 0.001
лыжа 0.001 2.0 0.002
ходить 0.001 0.77 0.001
сандун 0.001 2.0 0.002
далее 0.001 0.921 0.001
туда 0.001 0.921 0.001
собака 0.002 1.301 0.003
самый 0.002 0.208 0.0
важный 0.003 0.284 0.001
лиза 0.001 2.0 0.002
smm-специалист 0.001 1.699 0.002
татарстан 0.001 1.699 0.002
четыре 0.001 0.509 0.001
точнее 0.001 0.921 0.001
страница 0.003 0.959 0.003
небольшой 0.002 0.602 0.001
родный 0.001 1.0 0.001
специалист 0.001 0.796 0.001
мастер 0.001 1.699 0.002
волос 0.001 1.523 0.002
кафе 0.001 1.097 0.001
красота 0.001 1.699 0.002
стилист 0.001 2.0 0.002
прошлый 0.001 0.745 0.001
неделя 0.002 0.328 0.001
стать 0.006 0.149 0.001
понятно 0.001 0.699 0.001
таргетировать 0.001 2.0 0.002
актуальный 0.001 1.301 0.001
обход 0.001 1.523 0.002
геолокация 0.001 1.523 0.002
из-за 0.002 0.229 0.0
соответсвовать 0.001 1.699 0.002
действительность 0.001 1.398 0.001
последний 0.003 0.284 0.001
верить 0.001 0.553 0.001
прийтись 0.001 0.602 0.001
искать 0.001 0.678 0.001
новый 0.002 0.187 0.0
решение 0.001 0.347 0.0
другой 0.001 0.097 0.0
выстраивать 0.001 1.699 0.002
заново 0.001 1.523 0.002
изучать 0.002 0.854 0.002
механика 0.001 1.699 0.002
локальный 0.001 1.301 0.001
проект 0.001 0.745 0.001
переходить 0.001 1.046 0.001
бесполезно 0.001 2.0 0.002
поэтому 0.001 0.328 0.0
быстро 0.001 0.495 0.0
создавать 0.002 0.796 0.002
сообщество 0.001 0.886 0.001
обнуление 0.001 2.0 0.002
семилетний 0.001 1.699 0.002
опыт 0.001 0.699 0.001
доверие 0.001 1.155 0.001
плотный 0.001 1.155 0.001
взаимодействие 0.001 1.155 0.001
провластный 0.001 1.398 0.001
структура 0.001 0.745 0.001
пока 0.003 0.208 0.001
быть 0.002 0.215 0.0
говорить 0.001 0.18 0.0
честно 0.001 1.0 0.001
невыносимый 0.001 1.097 0.001
больно 0.001 1.398 0.001
происходить 0.001 0.301 0.0
мочь 0.002 0.102 0.0
спокойно 0.001 0.824 0.001
делать 0.001 0.18 0.0
вид 0.002 0.398 0.001
алексей 0.001 0.886 0.001
глэмпинг 0.001 2.0 0.002
недавно 0.001 0.62 0.001
запустить 0.001 1.046 0.001
агротуристический 0.001 2.0 0.002
объект 0.001 0.886 0.001
ленинградский 0.001 1.699 0.002
область 0.001 0.523 0.001
вложить 0.002 1.523 0.003
душа 0.001 1.398 0.001
удаться 0.001 0.456 0.0
месяц 0.001 0.432 0.0
момент 0.001 0.387 0.0
запуск 0.001 1.222 0.001
выстроить 0.001 1.155 0.001
отличный 0.001 1.398 0.001
воронка 0.001 1.523 0.002
состоять 0.001 0.959 0.001
инстаграм-клиент 0.001 2.0 0.002
заполняемость 0.001 1.523 0.002
полный 0.001 0.377 0.0
учёт 0.001 0.824 0.001
низкий 0.001 0.638 0.001
сезон 0.001 1.523 0.002
остановиться 0.001 0.959 0.001
санкция 0.001 0.62 0.001
бронирование 0.001 2.0 0.002
упасть 0.001 0.77 0.001
аккаунт 0.001 1.222 0.001
успеть 0.002 0.678 0.001
миллион 0.001 0.495 0.0
рубль 0.001 1.0 0.001
продолжать 0.003 0.292 0.001
приносить 0.001 1.301 0.001
видимо 0.001 0.824 0.001
система 0.001 0.398 0.0
островок 0.001 2.0 0.002
ржд-букинг 0.001 2.0 0.002
vk 0.001 1.398 0.001
пустой 0.001 1.398 0.001
давать 0.002 0.31 0.001
близко 0.001 1.301 0.001
конверсия 0.001 2.0 0.002
надежда 0.002 0.77 0.002
инна 0.001 2.0 0.002
гид-экскурсовод 0.001 2.0 0.002
начало 0.003 0.26 0.001
блог 0.005 0.066 0.0
посвятить 0.001 1.097 0.001
несмотря 0.001 0.456 0.0
возраст 0.001 0.658 0.001
освоить 0.001 2.0 0.002
smm 0.001 2.0 0.002
учиться 0.001 0.959 0.001
фотографировать 0.001 1.699 0.002
писать 0.003 0.347 0.001
вкладывать 0.001 1.398 0.001
один 0.003 0.119 0.0
сотня 0.002 0.721 0.001
тысяча 0.003 0.31 0.001
продвижение 0.001 1.155 0.001
подписчик 0.004 1.301 0.005
оформить 0.001 1.398 0.001
ип 0.001 2.0 0.002
проводить 0.001 0.509 0.001
частный 0.001 0.824 0.001
экскурсия 0.001 2.0 0.002
несколько 0.001 0.187 0.0
существовать 0.001 0.602 0.001
собственный 0.001 0.569 0.001
сайт 0.001 0.658 0.001
именно 0.002 0.244 0.0
означать 0.001 0.585 0.001
навык 0.001 1.699 0.002
никуда 0.001 1.097 0.001
делиться 0.001 1.046 0.001
перелить 0.001 2.0 0.002
около 0.001 0.432 0.0
три 0.001 0.569 0.001
спасибо 0.001 1.222 0.001
чудовищный 0.001 1.699 0.002
удар 0.002 0.745 0.001
еноф 0.001 2.0 0.002
топ-менеджер 0.001 1.398 0.001
сочи 0.001 2.0 0.002
совершенно 0.001 0.678 0.001
безразличный 0.001 2.0 0.002
куча 0.001 1.155 0.001
равняться 0.001 2.0 0.002
ольга 0.002 1.398 0.003
бузов 0.001 2.0 0.002
смешанный 0.001 1.699 0.002
чувство 0.001 1.155 0.001
считать 0.001 0.319 0.0
ущемление 0.001 2.0 0.002
право 0.002 0.538 0.001
общение 0.002 1.155 0.002
рад 0.001 2.0 0.002
доступ 0.002 0.796 0.002
закрыть 0.001 0.959 0.001
возможно 0.001 0.398 0.0
начать 0.002 0.276 0.001
читать 0.001 0.444 0.0
смотреть 0.003 0.62 0.002
девушка 0.002 0.959 0.002
сделать 0.004 0.208 0.001
губа 0.001 1.301 0.001
наш 0.003 0.337 0.001
информационный 0.001 0.854 0.001
поле 0.001 1.155 0.001
еда 0.001 0.678 0.001
прочий 0.001 1.046 0.001
шелуха 0.001 2.0 0.002
большой 0.001 0.347 0.0
плюс 0.001 1.0 0.001
неплохо 0.001 1.523 0.002
листать 0.001 2.0 0.002
книга 0.001 0.886 0.001
намного 0.001 0.959 0.001
бесконечный 0.001 1.301 0.001
лента 0.002 1.398 0.003
мама 0.004 0.854 0.003
декрет 0.001 2.0 0.002
рождение 0.001 1.046 0.001
старший 0.001 0.678 0.001
фотоальбом 0.001 2.0 0.002
семья 0.002 0.796 0.002
менее 0.001 0.432 0.0
навязчивый 0.001 2.0 0.002
отправлять 0.001 1.0 0.001
фото 0.002 0.959 0.002
ребёнок 0.001 0.387 0.0
благодаря 0.002 0.77 0.002
близкий 0.001 0.347 0.0
двоюродный 0.001 1.699 0.002
сестра 0.001 1.046 0.001
общаться 0.002 0.959 0.002
такой 0.003 0.114 0.0
незатейливый 0.001 2.0 0.002
обмен 0.001 1.097 0.001
профиль 0.001 1.523 0.002
интересоваться 0.001 1.699 0.002
друг 0.004 0.387 0.002
поддерживать 0.003 0.569 0.002
больница 0.001 0.495 0.0
просто 0.003 0.194 0.001
выставить 0.001 1.699 0.002
подпись 0.001 1.398 0.001
болтать 0.001 2.0 0.002
спонтанный 0.001 2.0 0.002
помогать 0.002 0.444 0.001
настя 0.001 1.523 0.002
фотограф 0.001 1.699 0.002
десять 0.001 0.585 0.001
заниматься 0.001 0.62 0.001
экзотический 0.001 1.523 0.002
животное 0.006 0.854 0.005
змея 0.002 2.0 0.004
ящерица 0.001 1.699 0.002
паук 0.001 2.0 0.002
разводить 0.001 1.699 0.002
статья 0.001 0.553 0.001
снимать 0.001 0.824 0.001
познавательный 0.001 2.0 0.002
смешной 0.001 1.699 0.002
видео 0.001 0.678 0.001
общий 0.001 0.444 0.0
знакомить 0.001 2.0 0.002
прекрасный 0.001 1.222 0.001
существо 0.001 1.523 0.002
любить 0.001 0.921 0.001
десятка 0.001 0.721 0.001
любимый 0.003 1.222 0.004
дело 0.001 0.252 0.0
кормить 0.001 1.155 0.001
многочисленный 0.001 1.222 0.001
подопечный 0.002 1.699 0.003
заботиться 0.001 1.398 0.001
сожаление 0.001 0.553 0.001
представлять 0.001 0.678 0.001
стараться 0.001 0.854 0.001
дениз 0.001 2.0 0.002
проджект-менеджер 0.001 2.0 0.002
крым 0.001 0.854 0.001
чувствовать 0.001 0.678 0.001
осознавать 0.001 1.301 0.001
война 0.001 0.357 0.0
затрагивать 0.001 1.523 0.002
прятаться 0.001 1.0 0.001
ракушка 0.001 2.0 0.002
где-то 0.001 0.721 0.001
далеко 0.001 0.745 0.001
решать 0.001 1.097 0.001
вне 0.001 0.886 0.001
политика 0.001 0.602 0.001
тот 0.001 0.131 0.0
мариуполь 0.002 0.77 0.002
электричество 0.002 1.0 0.002
продукт 0.001 0.678 0.001
лекарство 0.001 0.569 0.001
моральный 0.002 1.398 0.003
вообще 0.002 0.066 0.0
жаловаться 0.001 0.921 0.001
находиться 0.001 0.367 0.0
осада 0.001 0.854 0.001
город 0.001 0.409 0.0
вода 0.001 0.638 0.001
тепло 0.001 1.301 0.001
подвал 0.001 1.0 0.001
бомбоубежище 0.001 1.046 0.001
художник-теддист 0.001 2.0 0.002
инвалид-колясочник 0.001 2.0 0.002
устроиться 0.001 1.398 0.001
непросто 0.001 1.155 0.001
кардинально 0.001 1.699 0.002
курс 0.001 0.824 0.001
создание 0.001 0.921 0.001
тедди-игрушка 0.001 2.0 0.002
единомышленник 0.001 1.398 0.001
открыть 0.001 0.538 0.001
поделиться 0.001 1.301 0.001
творческий 0.001 1.523 0.002
успех 0.001 0.921 0.001
заработать 0.001 1.398 0.001
лишаться 0.001 1.699 0.002
единственный 0.001 0.481 0.0
журналист 0.001 0.481 0.0
тюмень 0.001 2.0 0.002
познакомиться 0.001 1.301 0.001
помочь 0.002 0.125 0.0
выбраться 0.001 1.0 0.001
депрессия 0.001 1.523 0.002
мотивация 0.002 1.301 0.003
периодически 0.001 1.046 0.001
обмениваться 0.001 1.699 0.002
хотя 0.003 0.276 0.001
время 0.002 0.086 0.0
видеться 0.001 1.699 0.002
достаточно 0.001 0.444 0.0
просыпаться 0.001 1.398 0.001
двигаться 0.001 0.921 0.001
далёкий 0.002 0.481 0.001
сториза 0.001 2.0 0.002
комментарий 0.001 1.046 0.001
получать 0.001 0.569 0.001
ответ 0.001 0.432 0.0
понимать 0.002 0.42 0.001
виртуально 0.001 2.0 0.002
непонятно 0.001 0.921 0.001
серьёзный 0.001 0.553 0.001
сила 0.001 0.456 0.0
отнять 0.001 1.699 0.002
тимур 0.001 1.699 0.002
новосибирск 0.001 2.0 0.002
увлечение 0.001 2.0 0.002
сериал 0.001 1.523 0.002
шутка 0.001 1.699 0.002
находить 0.001 1.301 0.001
отклик 0.001 2.0 0.002
долгий 0.002 0.745 0.001
коммуникация 0.002 1.155 0.002
реакция 0.001 0.678 0.001
огонёк 0.001 2.0 0.002
внезапный 0.001 2.0 0.002
тема 0.001 0.678 0.001
беседа 0.001 1.222 0.001
период 0.001 0.678 0.001
одиночества… 0.001 2.0 0.002
здорово 0.001 1.699 0.002
осуществлять 0.001 1.398 0.001
фактический 0.001 1.155 0.001
кто-то 0.001 0.523 0.001
отвечать 0.001 0.456 0.0
взаимность 0.001 2.0 0.002
кристина 0.001 1.097 0.001
менеджер 0.001 1.301 0.001
банк 0.001 0.959 0.001
сургут 0.001 2.0 0.002
волонтёр 0.001 0.959 0.001
спасать 0.002 1.046 0.002
бездомный 0.001 1.699 0.002
остаться 0.001 0.432 0.0
антон 0.001 1.155 0.001
программист 0.001 2.0 0.002
повестка 0.001 1.398 0.001
вряд 0.001 0.854 0.001
опубликовать 0.001 0.509 0.001
попробовать 0.002 1.046 0.002
являться 0.001 0.602 0.001
относительно 0.001 0.721 0.001
активный 0.001 0.796 0.001
пользователь 0.001 1.046 0.001
публиковать 0.001 0.638 0.001
путешествие 0.001 1.301 0.001
разный 0.001 0.276 0.0
страна 0.002 0.155 0.0
публикация 0.001 0.796 0.001
изменение 0.001 0.854 0.001
правило 0.002 0.066 0.0
выражение 0.001 0.959 0.001
ненависть 0.001 1.222 0.001
военный 0.001 0.444 0.0
рф 0.001 0.745 0.001
ева 0.001 2.0 0.002
студентка 0.002 1.523 0.003
хотеть 0.002 0.102 0.0
бизнес-страничка 0.001 2.0 0.002
шесть 0.002 0.745 0.001
нуль 0.001 1.155 0.001
кирпичик 0.001 1.699 0.002
база 0.001 0.854 0.001
живой 0.002 0.553 0.001
витрина 0.001 2.0 0.002
отзыв 0.001 1.301 0.001
отменить 0.001 0.921 0.001
выставка 0.001 1.523 0.002
обычно 0.001 0.523 0.001
реализовывать 0.001 1.699 0.002
украшение 0.001 2.0 0.002
выжить 0.001 1.0 0.001
фактически 0.001 0.721 0.001
финансовый 0.001 1.046 0.001
вложение 0.001 1.699 0.002
физический 0.001 1.523 0.002
плакать 0.002 1.301 0.003
немыслимо 0.001 1.699 0.002
тяжело 0.001 0.796 0.001
нажать 0.002 0.066 0.0
должный 0.002 0.201 0.0
получаться 0.002 0.824 0.002
расстраиваться 0.001 2.0 0.002
сильный 0.001 0.553 0.001
перенести 0.001 0.959 0.001
телеграмма 0.001 2.0 0.002
куда-то 0.001 1.222 0.001
почему 0.001 0.337 0.0
переживать 0.001 0.886 0.001
елизавета 0.001 1.523 0.002
маркетолог 0.001 2.0 0.002
ангарск 0.001 2.0 0.002
узнать 0.001 0.481 0.0
заранее 0.001 0.959 0.001
скачать 0.001 1.398 0.001
архив 0.001 1.523 0.002
предвидеть 0.001 2.0 0.002
исход 0.001 0.921 0.001
хороший 0.001 0.377 0.0
возможность 0.001 0.444 0.0
ненавязчивый 0.001 2.0 0.002
здоровый 0.001 1.046 0.001
зарабатывать 0.002 1.398 0.003
вынашивать 0.001 2.0 0.002
идея 0.001 0.585 0.001
отбирать 0.001 1.523 0.002
абсолютно 0.001 0.721 0.001
ален 0.001 2.0 0.002
совладелица 0.001 2.0 0.002
приют 0.003 1.699 0.005
ростов-на-дону 0.001 1.699 0.002
гуманитарный 0.001 0.921 0.001
катастрофа 0.001 0.886 0.001
вдвоём 0.001 1.523 0.002
малое 0.001 1.523 0.002
обрести 0.001 1.699 0.002
котик 0.001 1.699 0.002
пёсик 0.001 2.0 0.002
кот 0.001 1.301 0.001
они 0.001 0.538 0.001
дом 0.001 0.495 0.0
половина 0.001 0.721 0.001
старик 0.001 1.398 0.001
хроник 0.001 2.0 0.002
инвалид 0.001 1.699 0.002
называть 0.001 0.432 0.0
непристраевыть 0.001 2.0 0.002
пристраивать 0.001 2.0 0.002
активно 0.001 0.77 0.001
содержать 0.001 0.745 0.001
донат 0.001 2.0 0.002
пожертвование 0.001 1.523 0.002
кровь 0.001 0.77 0.001
качественный 0.001 1.046 0.001
корм 0.001 1.699 0.002
ветдиета 0.001 2.0 0.002
лечение 0.001 0.77 0.001
тяжёлый 0.001 0.377 0.0
клиника 0.001 0.886 0.001
высокотехнологичный 0.001 2.0 0.002
сложный 0.001 0.602 0.001
операция 0.001 0.721 0.001
терять 0.001 1.097 0.001
помощник 0.001 1.398 0.001
кроме 0.001 0.387 0.0
рекламист 0.001 2.0 0.002
фейсбук 0.001 1.0 0.001
практически 0.001 0.602 0.001
выживать 0.001 1.398 0.001
трэвел-блогер 0.001 2.0 0.002
муж 0.001 1.155 0.001
заприметить 0.001 2.0 0.002
измениться 0.001 0.745 0.001
мгновение 0.001 1.699 0.002
обычный 0.001 0.509 0.001
второкурсница 0.001 2.0 0.002
род 0.001 0.77 0.001
племя 0.001 2.0 0.002
превратиться 0.001 0.886 0.001
эффектный 0.001 2.0 0.002
соблазнительница-путешественница 0.001 2.0 0.002
записаться 0.001 1.398 0.001
марафон 0.001 2.0 0.002
виктория 0.001 1.398 0.001
бонить 0.001 2.0 0.002
решиться 0.001 1.523 0.002
увидеть 0.001 0.553 0.001
случайно 0.001 1.222 0.001
понравиться 0.001 1.398 0.001
похудеть 0.001 1.699 0.002
килограмм 0.001 1.699 0.002
вернуть 0.001 1.398 0.001
фигура 0.001 1.398 0.001
уверенность 0.001 1.046 0.001
двадцатилетний 0.001 2.0 0.002
ужасный 0.001 1.301 0.001
узнавать 0.001 1.301 0.001
виток 0.001 2.0 0.002
зацепить 0.001 1.699 0.002
совет 0.001 0.721 0.001
прочесть 0.001 1.523 0.002
зато 0.001 0.886 0.001
читать🤞 0.001 2.0 0.002
светлана 0.001 1.046 0.001
китай 0.001 0.824 0.001
давно 0.001 0.77 0.001
ссылка 0.001 0.886 0.001
цензура 0.001 1.046 0.001
контроль 0.001 0.585 0.001
жёсткий 0.001 0.678 0.001
нужно 0.003 0.237 0.001
скоро 0.001 0.796 0.001
instagram 0.001 0.745 0.001
максимально 0.001 0.721 0.001
короткий 0.001 0.921 0.001
инструкция 0.001 0.699 0.001
заменить 0.001 0.921 0.001
назад 0.001 0.18 0.0
24/7 0.001 0.102 0.0
интерес 0.001 0.155 0.0
читателейн 0.001 0.174 0.0
срочно 0.001 0.167 0.0
редакция 0.001 0.066 0.0
кодекс 0.001 0.066 0.0
meduzacare 0.001 0.066 0.0
связаться 0.001 0.066 0.0
анонимно 0.001 0.066 0.0
ios 0.001 0.066 0.0
android 0.001 0.066 0.0
twitter 0.001 0.0 0.0
facebook 0.001 0.0 0.0
youtube 0.001 0.06 0.0
– 0.001 0.06 0.0
live 0.001 0.022 0.0
вечерний 0.001 0.066 0.0
требование 0.001 0.066 0.0
баннер 0.001 0.066 0.0
безопасно 0.001 0.066 0.0
персональный 0.001 0.066 0.0
дать 0.001 0.066 0.0
обработка 0.001 0.066 0.0
кук 0.001 0.066 0.0
наслать 0.001 0.066 0.0
ошибка 0.001 0.066 0.0
выделить 0.001 0.066 0.0
ctrl+enter 0.001 0.066 0.0
спасибоgiphyз 0.001 0.066 0.0
гифка 0.001 0.066 0.0
© 0.001 0.0 0.0
