перейти 0.001 0.066 0.0
материал 0.004 0.066 0.0
связь 0.001 0.0 0.0
новостиисторииразборшапитокоронавирусмагаз 0.001 0.066 0.0
медуза 0.009000000000000001 0.066 0.001
рекламаmeduza 0.001 0.066 0.0
in 0.001 0.0 0.0
english 0.001 0.06 0.0
показывать 0.001 0.066 0.0
порядок 0.001 0.066 0.0
en 0.001 0.066 0.0
кнопка 0.001 0.066 0.0
поддержка 0.001 0.066 0.0
история 0.001 0.26 0.0
последний 0.001 0.284 0.0
дать 0.007 0.066 0.0
коронавирус 0.002 0.387 0.001
весь 0.001 0.114 0.0
мир 0.004 0.26 0.001
таблица 0.004 1.097 0.004
карта 0.004 0.886 0.004
распространение 0.003 0.523 0.002
сколько 0.001 0.585 0.001
заболеть 0.002 0.585 0.001
вакцинировать 0.002 0.602 0.001
число 0.003 0.201 0.001
жертва 0.001 0.824 0.001
обновляться 0.002 1.301 0.003
источник 0.004 0.167 0.001
meduza 0.004 0.0 0.0
данный 0.001 0.097 0.0
сообщение 0.001 0.102 0.0
создать 0.001 0.097 0.0
распространить 0.001 0.102 0.0
иностранный 0.004 0.097 0.0
средство 0.001 0.097 0.0
массовый 0.001 0.097 0.0
информация 0.001 0.102 0.0
выполнять 0.003 0.097 0.0
функция 0.003 0.097 0.0
агент 0.003 0.097 0.0
российский 0.001 0.071 0.0
юридический 0.001 0.102 0.0
лицо 0.001 0.086 0.0
мы 0.002 0.066 0.0
нужный 0.001 0.086 0.0
ваш 0.001 0.081 0.0
помощь 0.001 0.071 0.0
пожалуйста 0.001 0.102 0.0
поддержать 0.002 0.066 0.0
новый 0.007 0.187 0.001
коронавирусный 0.001 1.155 0.001
инфекция 0.001 0.569 0.001
продолжать 0.001 0.292 0.0
распространяться 0.001 0.699 0.001
представить 0.001 0.638 0.001
статистика 0.004 0.921 0.004
случай 0.001 0.194 0.0
заболевание 0.001 0.481 0.0
умерший 0.001 1.301 0.001
ковид 0.001 0.387 0.0
также 0.001 0.237 0.0
высчитывать 0.001 2.0 0.002
доля 0.002 0.745 0.001
население 0.003 0.569 0.002
разный 0.001 0.276 0.0
страна 0.002 0.155 0.0
собрать 0.001 0.886 0.001
университет 0.001 0.721 0.001
джонс 0.001 2.0 0.002
хопкинс 0.001 2.0 0.002
россия 0.004 0.108 0.0
брать 0.001 0.77 0.001
сайт 0.004 0.658 0.003
gogov.ru 0.004 1.699 0.007
это 0.004 0.066 0.0
неофициальный 0.003 2.0 0.006
который 0.003 0.071 0.0
собирать 0.003 0.699 0.002
заболеваемость 0.003 0.796 0.002
вакцинация 0.004 0.553 0.002
данные 0.004 0.31 0.001
региональный 0.003 1.0 0.003
оперштаб 0.003 2.0 0.006
местный 0.003 0.602 0.002
сми 0.003 0.602 0.002
умереть 0.001 0.638 0.001
вакцинироваться 0.001 0.886 0.001
🇺🇸 0.001 2.0 0.002
сша 0.001 0.469 0.0
🇮🇳 0.001 2.0 0.002
индия 0.001 1.155 0.001
🇧🇷 0.001 2.0 0.002
бразилия 0.001 1.155 0.001
🇫🇷 0.001 2.0 0.002
франция 0.001 0.854 0.001
🇬🇧 0.001 2.0 0.002
великобритания 0.003 0.699 0.002
🇩🇪 0.001 2.0 0.002
германия 0.001 0.699 0.001
🇷🇺 0.001 2.0 0.002
🇹🇷 0.001 2.0 0.002
турция 0.001 1.222 0.001
🇮🇹 0.001 2.0 0.002
италия 0.001 1.046 0.001
🇪🇸 0.001 2.0 0.002
испания 0.001 1.222 0.001
🇦🇷 0.001 2.0 0.002
аргентина 0.001 0.921 0.001
🇰🇷 0.001 2.0 0.002
южный 0.002 0.854 0.002
корея 0.001 1.523 0.002
🇳🇱 0.001 2.0 0.002
нидерланды 0.001 1.301 0.001
🇻🇳 0.001 2.0 0.002
вьетнам 0.001 1.523 0.002
🇮🇷 0.001 2.0 0.002
иран 0.001 1.699 0.002
🇨🇴 0.001 2.0 0.002
колумбия 0.001 2.0 0.002
🇯🇵 0.001 2.0 0.002
япония 0.001 1.301 0.001
🇮🇩 0.001 2.0 0.002
индонезия 0.001 1.699 0.002
🇵🇱 0.001 2.0 0.002
польша 0.001 0.854 0.001
🇲🇽 0.001 2.0 0.002
мексика 0.001 1.523 0.002
🇺🇦 0.001 2.0 0.002
украина 0.001 0.347 0.0
🇲🇾 0.001 2.0 0.002
малайзия 0.001 1.699 0.002
🇦🇺 0.001 2.0 0.002
австралия 0.001 1.222 0.001
🇮🇱 0.001 2.0 0.002
израиль 0.001 0.921 0.001
🇨🇿 0.001 2.0 0.002
чехия 0.001 1.699 0.002
🇿🇦 0.001 2.0 0.002
юар 0.001 1.222 0.001
🇧🇪 0.001 2.0 0.002
бельгия 0.001 1.398 0.001
🇵🇭 0.001 2.0 0.002
филиппина 0.001 1.699 0.002
🇵🇪 0.001 2.0 0.002
перу 0.001 2.0 0.002
🇵🇹 0.001 2.0 0.002
португалия 0.001 1.523 0.002
🇨🇦 0.001 2.0 0.002
канада 0.001 1.301 0.001
🇨🇱 0.001 2.0 0.002
чили 0.001 1.301 0.001
🇦🇹 0.001 2.0 0.002
австрия 0.001 1.222 0.001
🇹🇭 0.001 2.0 0.002
таиланд 0.001 1.523 0.002
🇨🇭 0.001 2.0 0.002
швейцария 0.001 1.301 0.001
🇩🇰 0.001 2.0 0.002
дания 0.001 1.301 0.001
🇷🇴 0.001 2.0 0.002
румыния 0.001 2.0 0.002
🇬🇷 0.001 2.0 0.002
греция 0.001 1.301 0.001
🇸🇪 0.001 2.0 0.002
швеция 0.001 1.398 0.001
🇸🇰 0.001 2.0 0.002
словакия 0.001 1.699 0.002
🇮🇶 0.001 2.0 0.002
ирак 0.001 1.523 0.002
🇧🇩 0.001 2.0 0.002
бангладеш 0.001 1.699 0.002
🇷🇸 0.001 2.0 0.002
сербия 0.001 1.523 0.002
🇭🇺 0.001 2.0 0.002
венгрия 0.001 1.301 0.001
🇯🇴 0.001 2.0 0.002
иордания 0.001 1.699 0.002
🇬🇪 0.001 2.0 0.002
грузия 0.001 1.398 0.001
🇵🇰 0.001 2.0 0.002
пакистан 0.001 1.523 0.002
🇰🇿 0.001 2.0 0.002
казахстан 0.001 1.222 0.001
🇳🇴 0.001 2.0 0.002
норвегия 0.001 1.155 0.001
🇮🇪 0.001 2.0 0.002
ирландия 0.001 1.523 0.002
🇲🇦 0.001 2.0 0.002
марокко 0.001 1.699 0.002
🇧🇬 0.001 2.0 0.002
болгария 0.001 1.398 0.001
🇱🇧 0.001 2.0 0.002
ливана 0.001 2.0 0.002
🇭🇷 0.001 2.0 0.002
хорватия 0.001 1.523 0.002
🇨🇺 0.001 2.0 0.002
куба 0.001 1.523 0.002
🇹🇳 0.001 2.0 0.002
тунис 0.001 2.0 0.002
🇸🇬 0.001 2.0 0.002
сингапур 0.001 1.699 0.002
🇱🇹 0.001 2.0 0.002
литва 0.001 1.523 0.002
🇳🇵 0.001 2.0 0.002
непал 0.001 1.699 0.002
🇧🇾 0.001 2.0 0.002
белоруссия 0.001 2.0 0.002
🇸🇮 0.001 2.0 0.002
словения 0.001 2.0 0.002
🇲🇳 0.001 2.0 0.002
монголия 0.001 1.699 0.002
🇧🇴 0.001 2.0 0.002
боливия 0.001 1.523 0.002
🇦🇪 0.001 2.0 0.002
оаэ 0.001 1.301 0.001
🇺🇾 0.001 2.0 0.002
уругвай 0.001 2.0 0.002
🇪🇨 0.001 2.0 0.002
эквадор 0.001 1.699 0.002
🇨🇷 0.001 2.0 0.002
коста-рика 0.001 2.0 0.002
🇬🇹 0.001 2.0 0.002
гватемала 0.001 1.699 0.002
🇨🇳 0.001 2.0 0.002
китай 0.001 0.824 0.001
🇦🇿 0.001 2.0 0.002
азербайджан 0.001 2.0 0.002
🇫🇮 0.001 2.0 0.002
финляндия 0.001 1.699 0.002
🇱🇻 0.001 2.0 0.002
латвия 0.001 1.523 0.002
🇵🇦 0.001 2.0 0.002
панама 0.001 2.0 0.002
🇸🇦 0.001 2.0 0.002
саудовский 0.001 1.523 0.002
аравия 0.001 1.523 0.002
🇱🇰 0.001 2.0 0.002
шри-ланка 0.001 1.699 0.002
🇵🇸 0.001 2.0 0.002
палестинский 0.001 2.0 0.002
территория 0.001 0.62 0.001
🇵🇾 0.001 2.0 0.002
парагвай 0.001 1.699 0.002
🇰🇼 0.001 2.0 0.002
кувейт 0.001 1.699 0.002
🇲🇲 0.001 2.0 0.002
мьянма 0.001 2.0 0.002
бирма 0.001 2.0 0.002
🇩🇴 0.001 2.0 0.002
доминиканский 0.001 1.523 0.002
республика 0.001 0.921 0.001
🇧🇭 0.001 2.0 0.002
бахрейн 0.001 1.699 0.002
🇪🇪 0.001 2.0 0.002
эстония 0.001 1.699 0.002
🇻🇪 0.001 2.0 0.002
венесуэла 0.001 1.699 0.002
🇲🇩 0.001 2.0 0.002
молдова 0.001 1.699 0.002
🇱🇾 0.001 2.0 0.002
ливия 0.001 1.699 0.002
🇪🇬 0.001 2.0 0.002
египет 0.001 1.398 0.001
🇪🇹 0.001 2.0 0.002
эфиопия 0.001 2.0 0.002
🇳🇿 0.001 2.0 0.002
зеландия 0.001 1.523 0.002
🇦🇲 0.001 2.0 0.002
армения 0.001 2.0 0.002
🇭🇳 0.001 2.0 0.002
гондурас 0.001 1.699 0.002
🇴🇲 0.001 2.0 0.002
оман 0.001 2.0 0.002
🇧🇦 0.001 2.0 0.002
босния 0.001 2.0 0.002
герцеговина 0.001 2.0 0.002
🇨🇾 0.001 2.0 0.002
кипр 0.001 1.523 0.002
🇶🇦 0.001 2.0 0.002
катар 0.001 1.398 0.001
🇰🇪 0.001 2.0 0.002
кения 0.001 2.0 0.002
🇷🇪 0.001 2.0 0.002
реюньон 0.001 2.0 0.002
🇿🇲 0.001 2.0 0.002
замбия 0.001 2.0 0.002
🇲🇰 0.001 2.0 0.002
северный 0.001 0.824 0.001
македония 0.001 2.0 0.002
🇦🇱 0.001 2.0 0.002
албания 0.001 2.0 0.002
🇩🇿 0.001 2.0 0.002
алжир 0.001 1.523 0.002
🇧🇼 0.001 2.0 0.002
ботсвана 0.001 2.0 0.002
🇳🇬 0.001 2.0 0.002
нигерия 0.001 2.0 0.002
🇿🇼 0.001 2.0 0.002
зимбабве 0.001 2.0 0.002
🇺🇿 0.001 2.0 0.002
узбекистан 0.001 2.0 0.002
🇲🇪 0.001 2.0 0.002
черногория 0.001 2.0 0.002
🇽🇰 0.001 2.0 0.002
косово 0.001 2.0 0.002
🇲🇿 0.001 2.0 0.002
мозамбик 0.001 2.0 0.002
🇰🇬 0.001 2.0 0.002
киргизия 0.001 2.0 0.002
🇱🇺 0.001 2.0 0.002
люксембург 0.001 2.0 0.002
🇲🇺 0.001 2.0 0.002
маврикий 0.001 2.0 0.002
🇦🇫 0.001 2.0 0.002
афганистан 0.001 1.523 0.002
🇲🇻 0.001 2.0 0.002
мальдивы 0.001 2.0 0.002
🇮🇸 0.001 2.0 0.002
исландия 0.001 1.699 0.002
🇺🇬 0.001 2.0 0.002
уганда 0.001 1.699 0.002
🇬🇭 0.001 2.0 0.002
гана 0.001 1.699 0.002
🇸🇻 0.001 2.0 0.002
сальвадор 0.001 1.699 0.002
🇳🇦 0.001 2.0 0.002
намибия 0.001 2.0 0.002
🇱🇦 0.001 2.0 0.002
лаос 0.001 2.0 0.002
🇲🇶 0.001 2.0 0.002
мартиника 0.001 2.0 0.002
🇰🇭 0.001 2.0 0.002
камбоджа 0.001 2.0 0.002
🇹🇹 0.001 2.0 0.002
тринидад 0.001 2.0 0.002
тобаго 0.001 2.0 0.002
🇷🇼 0.001 2.0 0.002
руанда 0.001 2.0 0.002
🇯🇲 0.001 2.0 0.002
ямайка 0.001 2.0 0.002
🇬🇵 0.001 2.0 0.002
гваделупа 0.001 1.699 0.002
🇧🇳 0.001 2.0 0.002
бруней-даруссалам 0.001 2.0 0.002
🇨🇲 0.001 2.0 0.002
камерун 0.001 2.0 0.002
🇦🇴 0.001 2.0 0.002
ангола 0.001 2.0 0.002
🇨🇩 0.001 2.0 0.002
конго 0.003 2.0 0.006
киншаса 0.001 2.0 0.002
🇸🇳 0.001 2.0 0.002
сенегал 0.001 2.0 0.002
🇲🇼 0.001 2.0 0.002
малави 0.001 2.0 0.002
🇨🇮 0.001 2.0 0.002
кот-д 0.001 2.0 0.002
’ 0.001 0.824 0.001
ивуар 0.001 2.0 0.002
🇸🇷 0.001 2.0 0.002
суринам 0.001 2.0 0.002
🇬🇫 0.001 2.0 0.002
французский 0.003 1.097 0.003
гвиана 0.001 1.699 0.002
🇲🇹 0.001 2.0 0.002
мальта 0.001 2.0 0.002
🇵🇫 0.001 2.0 0.002
полинезия 0.001 2.0 0.002
🇸🇿 0.001 2.0 0.002
эсватиня 0.001 2.0 0.002
🇫🇯 0.001 2.0 0.002
фиджи 0.001 2.0 0.002
🇲🇬 0.001 2.0 0.002
мадагаскар 0.001 2.0 0.002
🇬🇾 0.001 2.0 0.002
гайана 0.001 2.0 0.002
🇸🇩 0.001 2.0 0.002
судан 0.003 2.0 0.006
🇳🇨 0.001 2.0 0.002
каледония 0.001 2.0 0.002
🇲🇷 0.001 2.0 0.002
мавритания 0.001 2.0 0.002
🇧🇧 0.001 2.0 0.002
барбадос 0.001 2.0 0.002
🇧🇿 0.001 2.0 0.002
белиз 0.001 2.0 0.002
🇨🇻 0.001 2.0 0.002
кабо-верде 0.001 2.0 0.002
🇸🇾 0.001 2.0 0.002
сирия 0.001 1.398 0.001
🇬🇦 0.001 2.0 0.002
габон 0.001 2.0 0.002
🇵🇬 0.001 2.0 0.002
папуа 0.001 2.0 0.002
гвинея 0.004 2.0 0.008
🇸🇨 0.001 2.0 0.002
сейшельский 0.001 1.699 0.002
остров 0.006 1.222 0.007
🇨🇼 0.001 2.0 0.002
кюрасао 0.001 2.0 0.002
🇦🇩 0.001 2.0 0.002
андорра 0.001 2.0 0.002
🇧🇮 0.001 2.0 0.002
бурунди 0.001 2.0 0.002
🇹🇬 0.001 2.0 0.002
🇬🇳 0.001 2.0 0.002
🇫🇴 0.001 2.0 0.002
фарерский 0.001 2.0 0.002
о-в 0.008 2.0 0.016
🇦🇼 0.001 2.0 0.002
аруба 0.001 2.0 0.002
🇹🇿 0.001 2.0 0.002
танзания 0.001 2.0 0.002
🇧🇸 0.001 2.0 0.002
багамы 0.001 2.0 0.002
🇱🇸 0.001 2.0 0.002
лесото 0.001 2.0 0.002
🇭🇹 0.001 2.0 0.002
гаити 0.001 2.0 0.002
🇲🇱 0.001 2.0 0.002
мали 0.001 2.0 0.002
🇧🇯 0.001 2.0 0.002
бенин 0.001 2.0 0.002
🇸🇴 0.001 2.0 0.002
сомали 0.001 2.0 0.002
🇮🇲 0.001 2.0 0.002
мэн 0.001 2.0 0.002
🇨🇬 0.001 2.0 0.002
браззавиль 0.001 2.0 0.002
🇱🇨 0.001 2.0 0.002
сент-люсия 0.001 2.0 0.002
🇹🇱 0.001 2.0 0.002
восточный 0.001 1.046 0.001
тимор 0.001 2.0 0.002
🇹🇼 0.001 2.0 0.002
тайвань 0.001 1.523 0.002
🇧🇫 0.001 2.0 0.002
буркина-фасо 0.001 2.0 0.002
🇧🇹 0.001 2.0 0.002
бутан 0.001 1.699 0.002
🇰🇾 0.001 2.0 0.002
кайман 0.001 2.0 0.002
🇳🇮 0.001 2.0 0.002
никарагуа 0.001 2.0 0.002
🇹🇯 0.001 2.0 0.002
таджикистан 0.001 2.0 0.002
🇸🇸 0.001 2.0 0.002
🇬🇮 0.001 2.0 0.002
гибралтар 0.001 2.0 0.002
🇬🇶 0.001 2.0 0.002
экваториальный 0.001 2.0 0.002
🇩🇯 0.001 2.0 0.002
джибути 0.001 2.0 0.002
🇱🇮 0.001 2.0 0.002
лихтенштейн 0.001 2.0 0.002
🇸🇲 0.001 2.0 0.002
сан-марино 0.001 1.301 0.001
🇨🇫 0.001 2.0 0.002
цар 0.001 2.0 0.002
🇬🇩 0.001 2.0 0.002
гренада 0.001 2.0 0.002
🇧🇲 0.001 2.0 0.002
бермудский 0.001 2.0 0.002
🇬🇲 0.001 2.0 0.002
гамбия 0.001 2.0 0.002
🇬🇱 0.001 2.0 0.002
гренландия 0.001 2.0 0.002
🇾🇪 0.001 2.0 0.002
йемен 0.001 2.0 0.002
🇩🇲 0.001 2.0 0.002
доминик 0.001 2.0 0.002
🇲🇨 0.001 2.0 0.002
монако 0.001 2.0 0.002
🇲🇫 0.001 2.0 0.002
сен-мартен 0.001 2.0 0.002
🇸🇧 0.001 2.0 0.002
соломонов 0.001 2.0 0.002
🇪🇷 0.001 2.0 0.002
эритрея 0.001 2.0 0.002
🇸🇽 0.001 2.0 0.002
синт-мартен 0.001 2.0 0.002
🇳🇪 0.001 2.0 0.002
нигер 0.001 2.0 0.002
🇻🇨 0.001 2.0 0.002
сент-винсент 0.001 2.0 0.002
гренадин 0.001 2.0 0.002
🇬🇼 0.001 2.0 0.002
гвинея-бисау 0.001 2.0 0.002
🇰🇲 0.001 2.0 0.002
коморы 0.001 2.0 0.002
🇸🇱 0.001 2.0 0.002
сьерра-леоне 0.001 2.0 0.002
🇦🇬 0.001 2.0 0.002
антигуа 0.001 2.0 0.002
барбуда 0.001 2.0 0.002
🇱🇷 0.001 2.0 0.002
либерия 0.001 2.0 0.002
🇹🇩 0.001 2.0 0.002
чадо 0.001 2.0 0.002
🇻🇬 0.001 2.0 0.002
виргинский 0.001 2.0 0.002
🇸🇹 0.001 2.0 0.002
сан-томе 0.001 2.0 0.002
принсипи 0.001 2.0 0.002
🇹🇨 0.001 2.0 0.002
тёркс 0.001 2.0 0.002
кайкос 0.001 2.0 0.002
🇰🇳 0.001 2.0 0.002
сент-китс 0.001 2.0 0.002
невис 0.001 2.0 0.002
🇵🇼 0.001 2.0 0.002
палау 0.001 2.0 0.002
🇧🇱 0.001 2.0 0.002
сен-бартелеми 0.001 2.0 0.002
🇰🇮 0.001 2.0 0.002
кирибати 0.001 2.0 0.002
🇦🇮 0.001 2.0 0.002
ангилья 0.001 2.0 0.002
🇹🇴 0.001 2.0 0.002
тонга 0.001 2.0 0.002
🇵🇲 0.001 2.0 0.002
сен-пьер 0.001 2.0 0.002
микелон 0.001 2.0 0.002
🛳 0.001 2.0 0.002
лайнер 0.001 2.0 0.002
даймонд 0.001 2.0 0.002
принсесс 0.001 2.0 0.002
🇻🇺 0.001 2.0 0.002
вануату 0.001 2.0 0.002
🇲🇸 0.001 2.0 0.002
монтсеррат 0.001 2.0 0.002
🇫🇰 0.001 2.0 0.002
фолклендский 0.001 1.699 0.002
🇼🇸 0.001 2.0 0.002
самоа 0.001 2.0 0.002
🇻🇦 0.001 2.0 0.002
ватикан 0.001 2.0 0.002
🇦🇶 0.001 2.0 0.002
антарктида 0.001 1.699 0.002
🇲🇭 0.001 2.0 0.002
маршаллов 0.001 2.0 0.002
🇫🇲 0.001 2.0 0.002
федеративный 0.001 2.0 0.002
штат 0.001 1.097 0.001
микронезия 0.001 2.0 0.002
📝 0.001 1.699 0.002
jhu 0.001 2.0 0.002
csse 0.001 2.0 0.002
оперативный 0.001 1.398 0.001
штаб 0.001 1.155 0.001
рф 0.001 0.745 0.001
борьба 0.001 0.658 0.001
вирус 0.001 0.538 0.001
обновить 0.001 1.046 0.001
18.03.2022 0.001 1.699 0.002
московский 0.001 0.824 0.001
время 0.001 0.086 0.0
гражданин 0.001 0.553 0.001
прошедшее 0.001 1.097 0.001
полный 0.001 0.377 0.0
курс 0.001 0.824 0.001
процент 0.001 1.046 0.001
высчитываться 0.001 2.0 0.002
привить 0.001 0.678 0.001
общий 0.001 0.444 0.0
численность 0.001 1.398 0.001
фото 0.001 0.959 0.001
анонс 0.001 1.398 0.001
thomas 0.001 1.699 0.002
kienzle 0.001 2.0 0.002
afp 0.001 0.854 0.001
scanpix 0.001 0.301 0.0
leta 0.001 0.301 0.0
редакция 0.003 0.066 0.0
кодекс 0.001 0.066 0.0
блог 0.001 0.066 0.0
meduzacare 0.001 0.066 0.0
связаться 0.001 0.066 0.0
анонимно 0.001 0.066 0.0
платформа 0.003 0.066 0.0
ios 0.001 0.066 0.0
android 0.001 0.066 0.0
инстаграм 0.001 0.066 0.0
twitter 0.001 0.0 0.0
facebook 0.001 0.0 0.0
вконтакте 0.001 0.066 0.0
youtube 0.001 0.06 0.0
– 0.001 0.06 0.0
live 0.001 0.022 0.0
вечерний 0.001 0.066 0.0
вообще 0.001 0.066 0.0
реклама 0.003 0.066 0.0
требование 0.001 0.066 0.0
баннер 0.001 0.066 0.0
безопасно 0.001 0.066 0.0
персональный 0.001 0.066 0.0
правило 0.001 0.066 0.0
обработка 0.001 0.066 0.0
использование 0.001 0.066 0.0
кук 0.001 0.066 0.0
наслать 0.001 0.066 0.0
ошибка 0.001 0.066 0.0
выделить 0.001 0.066 0.0
нажать 0.001 0.066 0.0
ctrl+enter 0.001 0.066 0.0
спасибоgiphyз 0.001 0.066 0.0
гифка 0.001 0.066 0.0
© 0.001 0.0 0.0
