перейти 0.001 0.066 0.0
материал 0.002 0.066 0.0
связь 0.001 0.0 0.0
новостиисторииразборшапитокоронавирусмагаз 0.001 0.066 0.0
медуза 0.008 0.066 0.001
рекламаmeduza 0.001 0.066 0.0
in 0.001 0.0 0.0
english 0.001 0.06 0.0
показывать 0.002 0.066 0.0
порядок 0.001 0.066 0.0
en 0.001 0.066 0.0
кнопка 0.001 0.066 0.0
поддержка 0.002 0.066 0.0
разбор 0.001 0.387 0.0
температура 0.04 0.824 0.033
тело 0.001 0.886 0.001
нормальный 0.007 0.77 0.005
делать 0.004 0.18 0.001
слишком 0.007 0.553 0.004
высокий 0.002 0.495 0.001
низкий 0.005 0.638 0.003
карточка 0.001 0.569 0.001
апрель 0.001 0.886 0.001
случиться 0.002 0.509 0.001
проблема 0.002 0.347 0.001
идеал 0.002 2.0 0.004
определять 0.003 1.155 0.003
как-то 0.002 0.699 0.001
повышенный 0.006 0.77 0.005
вообще 0.006 0.066 0.0
означать 0.002 0.585 0.001
какой-то 0.005 0.328 0.002
инфекция 0.007 0.569 0.004
понизить 0.004 1.699 0.007
это 0.016 0.066 0.001
нормально 0.004 1.097 0.004
правильно 0.002 0.824 0.002
измерять 0.007 1.301 0.009
термометр 0.015 2.0 0.03
выбрать 0.002 0.886 0.002
повысить 0.007 1.155 0.008
необходимо 0.003 0.585 0.002
обратиться 0.002 0.658 0.001
врач 0.004 0.509 0.002
данный 0.002 0.097 0.0
сообщение 0.001 0.102 0.0
создать 0.001 0.097 0.0
распространить 0.001 0.102 0.0
иностранный 0.003 0.097 0.0
средство 0.003 0.097 0.0
массовый 0.001 0.097 0.0
информация 0.002 0.102 0.0
выполнять 0.002 0.097 0.0
функция 0.002 0.097 0.0
агент 0.002 0.097 0.0
российский 0.001 0.071 0.0
юридический 0.001 0.102 0.0
лицо 0.001 0.086 0.0
мы 0.002 0.066 0.0
нужный 0.003 0.086 0.0
ваш 0.003 0.081 0.0
помощь 0.001 0.071 0.0
пожалуйста 0.001 0.102 0.0
поддержать 0.002 0.066 0.0
самый 0.003 0.208 0.001
частый 0.004 0.523 0.002
симптом 0.005 0.824 0.004
новый 0.003 0.187 0.001
коронавирусный 0.004 1.155 0.005
встречаться 0.002 0.824 0.002
случай 0.004 0.194 0.001
правда 0.002 0.456 0.001
появляться 0.001 0.658 0.001
развитие 0.001 0.638 0.001
заболевание 0.006 0.481 0.003
сам 0.001 0.137 0.0
начало 0.001 0.26 0.0
список 0.001 0.569 0.001
остальной 0.005 0.553 0.003
какой 0.001 0.357 0.0
один 0.002 0.119 0.0
картинка 0.001 1.155 0.001
из-за 0.002 0.229 0.0
человек 0.015 0.092 0.001
стать 0.002 0.149 0.0
оказаться 0.001 0.31 0.0
редко 0.001 1.301 0.001
бывать 0.004 0.77 0.003
°c 0.014 1.523 0.021
повод 0.001 0.553 0.001
беспокойство 0.001 1.155 0.001
идеальный 0.001 1.097 0.001
средний 0.003 0.796 0.002
здоровый 0.002 1.046 0.002
измерить 0.003 1.046 0.003
рот 0.003 1.301 0.004
исследование 0.001 0.42 0.0
разброс 0.001 1.699 0.002
значение 0.003 0.721 0.002
составить 0.001 0.658 0.001
друг 0.001 0.387 0.0
уха 0.001 2.0 0.002
висок 0.001 2.0 0.002
ниже 0.004 0.77 0.003
сотый 0.001 1.699 0.002
доля 0.001 0.745 0.001
градус 0.001 1.398 0.001
мышка 0.002 1.699 0.003
среднее 0.002 0.77 0.002
0,26 0.001 2.0 0.002
составлять 0.001 0.745 0.001
примерно 0.001 0.585 0.001
данные 0.001 0.31 0.0
ректальный 0.004 1.699 0.007
маленький 0.001 0.328 0.0
тот 0.003 0.131 0.0
говорить 0.002 0.18 0.0
кроме 0.001 0.387 0.0
течение 0.002 0.638 0.001
день 0.002 0.167 0.0
меняться 0.001 0.854 0.001
полградус 0.001 2.0 0.002
также 0.002 0.237 0.0
одинаковый 0.001 1.0 0.001
зависимость 0.001 0.745 0.001
время 0.002 0.086 0.0
год 0.003 0.119 0.0
возраст 0.003 0.658 0.002
старший 0.002 0.678 0.001
фаза 0.001 0.796 0.001
менструальный 0.001 2.0 0.002
цикл 0.001 1.301 0.001
есть 0.001 1.046 0.001
измерение 0.01 1.301 0.013
еда 0.001 0.678 0.001
повышаться 0.001 1.222 0.001
другой 0.003 0.097 0.0
фактор 0.002 0.824 0.002
очень 0.006 0.149 0.001
условно 0.001 1.398 0.001
медицинский 0.002 0.523 0.001
специалист 0.001 0.796 0.001
нужно 0.008 0.237 0.002
принимать 0.004 0.432 0.002
сложный 0.002 0.602 0.001
решение 0.001 0.347 0.0
нередко 0.002 1.222 0.002
довольно 0.001 0.523 0.001
быстро 0.002 0.495 0.001
очевидный 0.002 0.678 0.001
заранее 0.001 0.959 0.001
определить 0.001 1.222 0.001
конкретный 0.001 0.658 0.001
ориентироваться 0.002 1.046 0.002
показатель 0.001 0.721 0.001
сказать 0.002 0.31 0.001
прямо 0.001 0.357 0.0
поэтому 0.001 0.328 0.0
использоваться 0.001 0.585 0.001
например 0.01 0.229 0.002
всемирный 0.002 0.959 0.002
организация 0.002 0.509 0.001
здравоохранение 0.002 0.658 0.001
призывать 0.001 1.046 0.001
оставаться 0.001 0.387 0.0
дом 0.001 0.495 0.0
слабо 0.001 1.398 0.001
выраженный 0.001 1.398 0.001
уточнение 0.002 1.398 0.003
место 0.003 0.409 0.001
работник 0.001 0.824 0.001
условие 0.002 0.495 0.001
эпидемия 0.001 0.959 0.001
предлагать 0.001 0.602 0.001
обращать 0.001 1.097 0.001
внимание 0.001 0.523 0.001
жар 0.004 2.0 0.008
выше 0.003 0.509 0.002
американский 0.002 0.585 0.001
центр 0.001 0.432 0.0
контроль 0.001 0.585 0.001
профилактика 0.001 0.886 0.001
безотносительно 0.001 2.0 0.002
принять 0.002 0.42 0.001
жаропонижающий 0.004 1.699 0.007
разрешаться 0.001 1.699 0.002
ощущение 0.001 1.097 0.001
пациент 0.002 0.678 0.001
чувствовать 0.001 0.678 0.001
видимо 0.001 0.824 0.001
известно 0.001 0.481 0.0
новорождённый 0.001 1.301 0.001
хронический 0.001 1.097 0.001
почечный 0.001 2.0 0.002
недостаточность 0.001 1.523 0.002
кортикостероид 0.001 2.0 0.002
мочь 0.002 0.102 0.0
иметь 0.001 0.337 0.0
жара 0.004 2.0 0.008
дело 0.001 0.252 0.0
состояние 0.005 0.721 0.004
который 0.004 0.071 0.0
называться 0.001 0.699 0.001
гипертермия 0.004 2.0 0.008
разница 0.001 0.77 0.001
организм 0.002 0.745 0.001
начинать 0.001 0.569 0.001
считать 0.002 0.319 0.001
активно 0.001 0.77 0.001
поддерживать 0.001 0.569 0.001
переставать 0.001 1.155 0.001
разный 0.001 0.276 0.0
причина 0.002 0.398 0.001
нагреваться 0.001 2.0 0.002
тёплый 0.002 1.222 0.002
одежда 0.001 0.921 0.001
тренировка 0.001 1.699 0.002
жаркий 0.001 2.0 0.002
помещение 0.002 0.854 0.002
гипертиреоз 0.001 2.0 0.002
употребление 0.001 1.699 0.002
экстази 0.001 2.0 0.002
такой 0.002 0.114 0.0
бороться 0.002 0.796 0.002
обычный 0.002 0.509 0.001
работать 0.002 0.102 0.0
физический 0.002 1.523 0.003
способ 0.002 0.602 0.001
вроде 0.002 0.658 0.001
ванна 0.001 2.0 0.002
прохладный 0.001 2.0 0.002
холодный 0.001 1.301 0.001
вода 0.003 0.638 0.002
отделить 0.001 1.398 0.001
универсальный 0.001 1.301 0.001
обычно 0.002 0.523 0.001
полагаться 0.001 1.398 0.001
сопутствовать 0.001 1.523 0.002
привезти 0.001 1.222 0.001
больница 0.002 0.495 0.001
август 0.001 0.854 0.001
спортивный 0.001 1.301 0.001
площадка 0.001 0.796 0.001
скорее 0.001 0.509 0.001
заподозрить 0.001 2.0 0.002
горячий 0.002 1.155 0.002
потеть 0.001 2.0 0.002
свидетельство 0.001 1.155 0.001
польза 0.002 0.745 0.001
ситуация 0.001 0.337 0.0
помогать 0.002 0.444 0.001
мороз 0.001 1.699 0.002
улица 0.001 0.699 0.001
гипотермия 0.001 2.0 0.002
возникнуть 0.002 0.77 0.002
гипотиреоз 0.001 2.0 0.002
травма 0.001 1.398 0.001
голова 0.001 0.959 0.001
инсульт 0.001 1.398 0.001
гипогликемия 0.001 2.0 0.002
уровень 0.001 0.367 0.0
сахар 0.001 1.523 0.002
кровь 0.001 0.77 0.001
сахарный 0.001 1.523 0.002
диабет 0.001 1.222 0.001
нервный 0.001 1.155 0.001
анорексия 0.001 1.699 0.002
приём 0.002 0.921 0.002
некоторый 0.002 0.222 0.0
препарат 0.002 0.585 0.001
бета-блокатор 0.001 2.0 0.002
отсутствие 0.001 0.699 0.001
активность 0.001 1.155 0.001
отравление 0.001 1.523 0.002
алкоголь 0.002 1.046 0.002
допустить 0.001 0.854 0.001
мешать 0.001 0.824 0.001
водка 0.001 2.0 0.002
энергетик 0.001 2.0 0.002
леонид 0.001 1.301 0.001
парфён 0.001 2.0 0.002
пить 0.002 1.222 0.002
столько 0.001 0.921 0.001
вино 0.001 1.398 0.001
выглядеть 0.001 0.495 0.0
отвечать 0.001 0.456 0.0
вопрос 0.003 0.276 0.001
читатель 0.001 0.523 0.001
здоровье 0.001 0.796 0.001
трясти 0.001 1.523 0.002
наоборот 0.001 0.824 0.001
вялый 0.001 2.0 0.002
появиться 0.005 0.367 0.002
спутанность 0.002 1.398 0.003
сознание 0.002 1.222 0.002
потеря 0.001 0.824 0.001
память 0.001 1.398 0.001
труд 0.001 0.854 0.001
дышать 0.002 1.301 0.003
точный 0.002 1.0 0.002
метод 0.001 0.678 0.001
доступный 0.001 0.824 0.001
домашний 0.001 1.155 0.001
прямой 0.002 0.658 0.001
кишка 0.002 2.0 0.004
большой 0.001 0.347 0.0
точность 0.001 1.301 0.001
неудобно 0.001 1.523 0.002
решить 0.001 0.398 0.0
20–30 0.001 1.398 0.001
минута 0.001 0.745 0.001
покурить 0.001 2.0 0.002
съесть 0.001 2.0 0.002
что-то 0.002 0.509 0.001
выпилить 0.001 1.699 0.002
либо 0.001 0.569 0.001
холодное 0.001 2.0 0.002
кончик 0.002 1.699 0.003
положить 0.003 1.0 0.003
язык 0.001 0.678 0.001
нос 0.001 1.301 0.001
академия 0.001 1.155 0.001
педиатрия 0.001 1.398 0.001
рекомендовать 0.003 0.569 0.002
ребёнок 0.003 0.387 0.001
три 0.001 0.569 0.001
вряд 0.001 0.854 0.001
быть 0.001 0.215 0.0
держать 0.001 0.824 0.001
смазать 0.001 2.0 0.002
вазелин 0.001 1.699 0.002
живот 0.002 1.523 0.003
колено 0.001 1.398 0.001
спина 0.002 1.155 0.002
согнуть 0.001 2.0 0.002
нога 0.001 0.959 0.001
вставить 0.001 2.0 0.002
1–2,5 0.001 2.0 0.002
сантиметр 0.001 1.699 0.002
неточный 0.001 1.699 0.002
неплотно 0.001 1.699 0.002
прижимать 0.001 1.699 0.002
рука 0.001 0.62 0.001
однако 0.002 0.337 0.001
великобритания 0.001 0.699 0.001
именно 0.001 0.244 0.0
пять 0.001 0.432 0.0
отговаривать 0.001 1.301 0.001
мыть 0.001 1.155 0.001
мыло 0.001 1.398 0.001
использование 0.002 0.066 0.0
протирать 0.001 2.0 0.002
спирт 0.001 1.523 0.002
каждый 0.001 0.244 0.0
должный 0.001 0.201 0.0
свой 0.001 0.143 0.0
использовать 0.003 0.319 0.001
подмышечный 0.001 2.0 0.002
ртутный 0.003 2.0 0.006
точнее 0.002 0.921 0.002
риск 0.001 0.357 0.0
превышать 0.001 1.155 0.001
весь 0.001 0.114 0.0
мир 0.001 0.26 0.0
избавляться 0.001 1.523 0.002
официальный 0.001 0.538 0.001
централизовать 0.001 2.0 0.002
пункт 0.001 0.721 0.001
регион 0.001 0.638 0.001
частный 0.001 0.824 0.001
компания 0.001 0.444 0.0
муниципальный 0.001 2.0 0.002
предприятие 0.001 0.959 0.001
электронный 0.001 1.046 0.001
хороший 0.001 0.377 0.0
идея 0.001 0.585 0.001
посмотреть 0.001 0.523 0.001
инструкция 0.002 0.699 0.001
найти 0.002 0.456 0.001
лучшеподержать 0.001 2.0 0.002
звуковой 0.001 2.0 0.002
сигнал 0.001 1.222 0.001
результат 0.001 0.367 0.0
инфракрасный 0.001 2.0 0.002
бесконтактный 0.001 2.0 0.002
удобный 0.001 1.523 0.002
они 0.002 0.538 0.001
забывать 0.001 1.0 0.001
ухаживать 0.001 1.523 0.002
согласно 0.001 0.745 0.001
показание 0.001 1.301 0.001
максимально 0.001 0.721 0.001
соска 0.001 2.0 0.002
химический 0.001 1.523 0.002
насадка 0.001 2.0 0.002
телефон 0.001 0.745 0.001
менее 0.001 0.432 0.0
надёжный 0.002 0.824 0.002
плохой 0.001 0.509 0.001
изучить 0.001 0.854 0.001
зависеть 0.001 0.509 0.001
плохо 0.001 0.569 0.001
ибупрофный 0.002 2.0 0.004
парацетамол 0.001 1.398 0.001
достаточно 0.001 0.444 0.0
жидкость 0.001 1.301 0.001
обезвоживание 0.001 1.699 0.002
никакой 0.001 0.409 0.0
магический 0.001 2.0 0.002
цифра 0.001 1.097 0.001
непременно 0.001 2.0 0.002
сбивать 0.001 1.523 0.002
вред 0.001 1.097 0.001
непосредственно 0.002 0.959 0.002
существовать 0.001 0.602 0.001
мнение 0.001 0.509 0.001
иммунный 0.002 0.678 0.001
система 0.002 0.398 0.001
доказательство 0.001 0.824 0.001
нюанс 0.001 1.301 0.001
связанный 0.001 0.745 0.001
подозрение 0.001 1.046 0.001
ухудшать 0.001 1.523 0.002
момент 0.001 0.387 0.0
этот 0.001 0.137 0.0
подтверждение 0.001 1.301 0.001
беременный 0.001 1.523 0.002
выписаться 0.001 2.0 0.002
операция 0.001 0.721 0.001
подверженный 0.001 1.398 0.001
инфекционный 0.001 1.301 0.001
недавно 0.002 0.62 0.001
вернуться 0.001 0.638 0.001
страна 0.001 0.155 0.0
экзотический 0.001 1.523 0.002
проходить 0.001 0.495 0.0
химиотерапия 0.001 2.0 0.002
держаться 0.001 0.886 0.001
час 0.001 0.538 0.001
подавлять 0.001 1.097 0.001
работа 0.001 0.357 0.0
уходить 0.001 0.824 0.001
несколько 0.001 0.187 0.0
возвращаться 0.001 0.854 0.001
укусить 0.001 2.0 0.002
клещ 0.001 2.0 0.002
тяжёлый 0.001 0.377 0.0
сыпь 0.001 2.0 0.002
бледнеть 0.001 2.0 0.002
надавливание 0.001 2.0 0.002
прозрачный 0.001 1.523 0.002
стакан 0.001 2.0 0.002
звонить 0.005 0.886 0.004
скорый 0.006 0.921 0.006
одышка 0.001 1.398 0.001
признак 0.001 0.959 0.001
пневмония 0.001 1.222 0.001
сильный 0.002 0.553 0.001
головной 0.001 1.155 0.001
боль 0.003 0.699 0.002
скованность 0.001 2.0 0.002
шея 0.001 1.699 0.002
бок 0.001 1.699 0.002
судорожный 0.001 2.0 0.002
приступ 0.001 1.699 0.002
сильно 0.001 0.509 0.001
рвать 0.001 1.523 0.002
диарея 0.001 1.699 0.002
24/7 0.001 0.102 0.0
интерес 0.001 0.155 0.0
читателейн 0.001 0.174 0.0
срочно 0.001 0.167 0.0
хотеть 0.001 0.102 0.0
помочь 0.001 0.125 0.0
дарья 0.001 0.921 0.001
саркисян 0.001 0.959 0.001
редакция 0.002 0.066 0.0
кодекс 0.001 0.066 0.0
блог 0.001 0.066 0.0
meduzacare 0.001 0.066 0.0
связаться 0.001 0.066 0.0
анонимно 0.001 0.066 0.0
платформа 0.002 0.066 0.0
ios 0.001 0.066 0.0
android 0.001 0.066 0.0
инстаграм 0.001 0.066 0.0
twitter 0.001 0.0 0.0
facebook 0.001 0.0 0.0
вконтакте 0.001 0.066 0.0
youtube 0.001 0.06 0.0
meduza 0.002 0.0 0.0
– 0.001 0.06 0.0
live 0.001 0.022 0.0
вечерний 0.001 0.066 0.0
реклама 0.002 0.066 0.0
требование 0.001 0.066 0.0
баннер 0.001 0.066 0.0
безопасно 0.001 0.066 0.0
персональный 0.001 0.066 0.0
дать 0.001 0.066 0.0
правило 0.001 0.066 0.0
обработка 0.001 0.066 0.0
кук 0.001 0.066 0.0
наслать 0.001 0.066 0.0
ошибка 0.001 0.066 0.0
выделить 0.001 0.066 0.0
нажать 0.001 0.066 0.0
ctrl+enter 0.001 0.066 0.0
спасибоgiphyз 0.001 0.066 0.0
гифка 0.001 0.066 0.0
© 0.001 0.0 0.0
