перейти 0.001 0.066 0.0
материал 0.002 0.066 0.0
связь 0.002 0.0 0.0
новостиисторииразборшапитокоронавирусмагаз 0.001 0.066 0.0
медуза 0.009000000000000001 0.066 0.001
рекламаmeduza 0.001 0.066 0.0
in 0.001 0.0 0.0
english 0.001 0.06 0.0
показывать 0.001 0.066 0.0
порядок 0.001 0.066 0.0
en 0.001 0.066 0.0
кнопка 0.001 0.066 0.0
поддержка 0.001 0.066 0.0
разбор 0.001 0.387 0.0
российский 0.028 0.071 0.002
армия 0.013000000000000001 0.721 0.009
новый 0.002 0.187 0.0
стратегия 0.006 1.097 0.007
анализировать 0.001 1.398 0.001
третий 0.001 0.553 0.001
неделя 0.005 0.328 0.002
вторжение 0.001 0.569 0.001
украина 0.007 0.347 0.002
вспоминать 0.001 1.0 0.001
исход 0.001 0.921 0.001
советско-финляндский 0.002 1.699 0.003
война 0.008 0.357 0.003
март 0.004 0.284 0.001
источник 0.002 0.167 0.0
meduza 0.003 0.0 0.0
данный 0.002 0.097 0.0
сообщение 0.001 0.102 0.0
создать 0.003 0.097 0.0
распространить 0.001 0.102 0.0
иностранный 0.003 0.097 0.0
средство 0.002 0.097 0.0
массовый 0.001 0.097 0.0
информация 0.001 0.102 0.0
выполнять 0.002 0.097 0.0
функция 0.002 0.097 0.0
агент 0.002 0.097 0.0
юридический 0.001 0.102 0.0
лицо 0.001 0.086 0.0
мы 0.002 0.066 0.0
нужный 0.001 0.086 0.0
ваш 0.001 0.081 0.0
помощь 0.002 0.071 0.0
пожалуйста 0.001 0.102 0.0
поддержать 0.002 0.066 0.0
сжечь 0.001 1.523 0.002
техника 0.003 1.046 0.003
мариуполь 0.003 0.77 0.002
год 0.002 0.119 0.0
reuters 0.001 0.745 0.001
scanpix 0.001 0.301 0.0
leta 0.001 0.301 0.0
текст 0.001 0.62 0.001
редакция 0.003 0.066 0.0
пытаться 0.005 0.409 0.002
оценить 0.002 0.678 0.001
боевой 0.003 0.77 0.002
обстановка 0.002 1.097 0.002
основание 0.001 0.569 0.001
доступный 0.001 0.824 0.001
данные 0.002 0.31 0.001
выступать 0.001 0.658 0.001
против 0.001 0.229 0.0
скорый 0.001 0.921 0.001
возвращение 0.001 1.155 0.001
войско 0.017 0.678 0.012
домой 0.001 0.824 0.001
командование 0.004 1.699 0.007
последний 0.005 0.284 0.001
день 0.007 0.167 0.001
изменить 0.004 0.538 0.002
подход 0.003 0.854 0.003
ведение 0.002 1.523 0.003
операция 0.007 0.721 0.005
достигнуть 0.004 0.824 0.003
цель 0.011000000000000001 0.745 0.008
глубина 0.001 1.398 0.001
кавалерийский 0.001 2.0 0.002
наскоком 0.001 2.0 0.002
марш 0.001 1.398 0.001
походный 0.001 2.0 0.002
колонна 0.003 1.0 0.003
открытый 0.003 0.886 0.003
фланг 0.006 1.699 0.01
разведка 0.002 1.301 0.003
вертолётный 0.001 1.699 0.002
десант 0.001 1.523 0.002
т. 0.003 0.921 0.003
д. 0.003 1.0 0.003
прежний 0.001 1.222 0.001
практика 0.001 0.796 0.001
обход 0.001 1.523 0.002
город 0.011000000000000003 0.409 0.004
оставление 0.001 2.0 0.002
тыл 0.004 1.699 0.007
украинский 0.020000000000000004 0.538 0.011
гарнизон 0.001 2.0 0.002
заменить 0.001 0.921 0.001
плотный 0.001 1.155 0.001
осада 0.003 0.854 0.003
штурм 0.002 1.699 0.003
населить 0.002 1.398 0.003
пункт 0.003 0.721 0.002
кроме 0.001 0.387 0.0
похоже 0.003 0.886 0.003
сильный 0.003 0.553 0.002
сразу 0.002 0.553 0.001
везде 0.003 1.046 0.003
наступать 0.006 1.097 0.007
восемь-девять 0.001 1.699 0.002
направление 0.005 0.886 0.004
одновременно 0.001 0.796 0.001
судить 0.003 0.585 0.002
событие 0.002 0.509 0.001
ключевой 0.002 0.886 0.002
последующий 0.001 1.155 0.001
должный 0.003 0.201 0.001
стать 0.001 0.149 0.0
окружение 0.004 1.222 0.005
сам 0.003 0.137 0.0
крупный 0.003 0.523 0.002
группировка 0.01 1.398 0.014
донбасс 0.003 0.959 0.003
начать 0.002 0.276 0.001
наступление 0.003 1.097 0.003
сходиться 0.001 1.523 0.002
запад 0.004 0.678 0.003
донецк 0.003 1.301 0.004
юг 0.008 1.301 0.01
харьков 0.005 0.886 0.004
резко 0.001 0.854 0.001
увеличить 0.001 1.155 0.001
потеря 0.005 0.824 0.004
случай 0.002 0.194 0.0
донбасский 0.003 2.0 0.006
удаться 0.001 0.456 0.0
спасти 0.001 0.854 0.001
потерять 0.001 0.854 0.001
больший 0.002 0.328 0.001
часть 0.006 0.377 0.002
воевать 0.001 0.886 0.001
8–9 0.001 2.0 0.002
бригада 0.002 1.222 0.002
треть 0.001 1.699 0.002
четверть 0.001 1.523 0.002
сила 0.014000000000000002 0.456 0.006
также 0.003 0.237 0.001
план 0.001 0.658 0.001
явно 0.003 0.959 0.003
оставаться 0.002 0.387 0.001
блокирование 0.002 1.699 0.003
киев 0.009000000000000001 0.699 0.006
восток 0.003 0.886 0.003
оба 0.003 0.62 0.002
сторона 0.004 0.347 0.001
днепр 0.003 1.398 0.004
накапливать 0.002 1.699 0.003
защитить 0.001 0.721 0.001
свой 0.002 0.143 0.0
отвечать 0.002 0.456 0.001
неизменный 0.001 2.0 0.002
мочь 0.002 0.102 0.0
обладать 0.001 1.097 0.001
достаточный 0.001 0.854 0.001
мобильность 0.002 2.0 0.004
условие 0.002 0.495 0.001
превосходство 0.002 2.0 0.004
противник 0.001 0.959 0.001
воздух 0.001 0.886 0.001
перемещение 0.001 1.523 0.002
масса 0.001 1.046 0.001
слишком 0.002 0.553 0.001
рискованно 0.001 1.699 0.002
из-за 0.001 0.229 0.0
нигде 0.001 1.699 0.002
иметь 0.003 0.337 0.001
инициатива 0.002 1.046 0.002
вынудить 0.001 0.886 0.001
вести 0.002 0.553 0.001
очаговый 0.001 2.0 0.002
оборона 0.002 0.959 0.002
опора 0.001 1.398 0.001
возможность 0.001 0.444 0.0
контратаковать 0.001 2.0 0.002
непосредственный 0.001 1.523 0.002
близость 0.001 2.0 0.002
этот 0.003 0.137 0.0
устраивать 0.001 0.886 0.001
засада 0.005 1.699 0.008
путь 0.001 0.62 0.001
снабжение 0.005 1.523 0.008
заставить 0.001 1.046 0.001
распылять 0.001 2.0 0.002
опорный 0.001 2.0 0.002
наносить 0.001 1.301 0.001
это 0.006 0.066 0.0
возможно 0.002 0.398 0.001
итог 0.001 0.509 0.001
затянуть 0.001 1.523 0.002
превратить 0.001 1.222 0.001
россия 0.005 0.108 0.001
череда 0.001 2.0 0.002
мелкий 0.002 1.222 0.002
расход 0.001 1.699 0.002
ясный 0.001 1.222 0.001
конечный 0.001 1.0 0.001
именно 0.003 0.244 0.001
перспектива 0.001 1.301 0.001
назвать 0.001 0.569 0.001
слово 0.001 0.268 0.0
увязнуть 0.001 1.699 0.002
онлайн 0.002 0.959 0.002
войнадевятнадцатый 0.001 2.0 0.002
краткий 0.001 1.222 0.001
сводка 0.001 2.0 0.002
измениться 0.001 0.745 0.001
очень 0.001 0.149 0.0
север 0.002 1.301 0.003
продолжаться 0.004 0.699 0.003
тяжёлый 0.004 0.377 0.002
бой 0.004 0.959 0.004
трасса 0.003 1.398 0.004
житомир 0.001 1.398 0.001
решительный 0.004 1.699 0.007
далёкий 0.001 0.481 0.0
фастов 0.001 2.0 0.002
васильков 0.001 1.523 0.002
отрезать 0.002 1.398 0.003
столица 0.003 0.854 0.003
западный 0.003 0.553 0.002
регион 0.001 0.638 0.001
причина 0.001 0.398 0.0
столкновение 0.001 1.523 0.002
район 0.006 0.678 0.004
южный 0.004 0.854 0.003
подкрепление 0.003 1.699 0.005
нужно 0.001 0.237 0.0
миновать 0.001 2.0 0.002
несколько 0.004 0.187 0.001
опасный 0.001 0.699 0.001
обстрел 0.001 0.678 0.001
гостомела 0.001 1.699 0.002
буча 0.001 1.398 0.001
ирпена 0.001 1.398 0.001
бородянка 0.001 1.699 0.002
макаров 0.001 1.523 0.002
по-прежнему 0.001 0.824 0.001
держаться 0.001 0.886 0.001
немногий 0.001 1.699 0.002
дорога 0.001 0.959 0.001
чернобыльский 0.001 1.155 0.001
зона 0.001 0.921 0.001
назад 0.001 0.18 0.0
образоваться 0.001 1.398 0.001
пробка 0.001 1.398 0.001
десяток 0.002 0.921 0.002
километр 0.003 1.046 0.003
никак 0.001 0.886 0.001
подтянуть 0.001 2.0 0.002
фронт 0.003 1.155 0.003
наличный 0.001 1.699 0.002
однако 0.003 0.337 0.001
большой 0.001 0.347 0.0
вероятность 0.002 0.602 0.001
близкий 0.001 0.347 0.0
преодолеть 0.001 1.301 0.001
остаться 0.004 0.432 0.002
блокировать 0.001 1.155 0.001
северо-восток 0.001 1.699 0.002
выйти 0.001 0.456 0.0
окраина 0.002 1.097 0.002
бровары 0.001 1.523 0.002
распространиться 0.001 1.699 0.002
наблюдаться 0.001 0.921 0.001
картина 0.001 0.721 0.001
похожий 0.001 0.602 0.001
ситуация 0.003 0.337 0.001
броваров 0.002 1.699 0.003
ротный 0.001 2.0 0.002
группа 0.002 0.387 0.001
около 0.001 0.432 0.0
сто 0.001 1.301 0.001
человек 0.002 0.092 0.0
следовать 0.001 0.678 0.001
дважды 0.001 1.699 0.002
попасть 0.002 0.409 0.001
атаковать 0.001 1.046 0.001
мобильный 0.001 1.222 0.001
гранатомёт 0.001 1.699 0.002
стрелковый 0.001 2.0 0.002
оружие 0.001 0.921 0.001
первый 0.002 0.143 0.0
накрыть 0.001 1.523 0.002
артиллерия 0.001 1.155 0.001
эпизод 0.001 1.222 0.001
подробностяхзаснять 0.001 2.0 0.002
дрон 0.001 1.523 0.002
мало 0.001 0.538 0.001
повлиять 0.001 1.0 0.001
общий 0.001 0.444 0.0
рота 0.001 1.699 0.002
вероятно 0.002 0.699 0.001
обеспечивать 0.001 0.824 0.001
главный 0.003 0.276 0.001
который 0.004 0.071 0.0
пройти 0.001 0.387 0.0
мимо 0.001 1.301 0.001
шоссе 0.001 2.0 0.002
проблема 0.003 0.347 0.001
усугубляться 0.001 1.699 0.002
висеть 0.001 1.301 0.001
длинный 0.002 1.0 0.002
линия 0.001 1.0 0.001
коммуникация 0.001 1.155 0.001
проходить 0.002 0.495 0.001
осадить 0.001 1.398 0.001
сума 0.001 1.301 0.001
чернигов 0.002 1.046 0.002
занятой 0.001 1.301 0.001
конотоп 0.001 1.699 0.002
прилуки 0.001 1.699 0.002
ромен 0.001 2.0 0.002
ежедневно 0.001 1.155 0.001
происходить 0.004 0.301 0.001
ликвидировать 0.001 2.0 0.002
сопротивление 0.003 1.301 0.004
сумах 0.001 2.0 0.002
широкий 0.001 0.921 0.001
территория 0.001 0.62 0.001
они 0.001 0.538 0.001
казаться 0.001 0.409 0.0
свободный 0.001 0.77 0.001
складываться 0.001 1.523 0.002
диктовать 0.001 1.699 0.002
изнурительный 0.001 2.0 0.002
артиллерийский 0.001 1.523 0.002
дуэль 0.001 2.0 0.002
постоянный 0.001 1.046 0.001
относительно 0.001 0.721 0.001
слабый 0.001 1.097 0.001
понятный 0.001 0.959 0.001
выход 0.001 0.796 0.001
балаклея 0.001 1.699 0.002
изюм 0.004 1.699 0.007
занятый 0.001 1.097 0.001
полностью 0.001 0.538 0.001
хотя 0.001 0.276 0.0
опубликовать 0.001 0.509 0.001
видео 0.002 0.678 0.001
центр 0.001 0.432 0.0
избавиться 0.001 1.155 0.001
барвенково 0.001 2.0 0.002
иметься 0.001 0.77 0.001
вид 0.001 0.398 0.0
река 0.001 1.398 0.001
левобережный 0.001 2.0 0.002
начаться 0.001 0.367 0.0
авиационный 0.001 1.523 0.002
удар 0.002 0.745 0.001
штаб 0.001 1.155 0.001
славянск 0.002 1.699 0.003
краматорск 0.002 1.699 0.003
навстречу 0.001 1.523 0.002
днр 0.001 0.959 0.001
гуляйполе 0.001 2.0 0.002
волноваха 0.003 1.301 0.004
понести 0.001 1.523 0.002
количество 0.001 0.481 0.0
подбить 0.001 1.699 0.002
бросить 0.001 1.046 0.001
сомнение 0.001 0.959 0.001
смочь 0.004 0.328 0.001
быстро 0.002 0.495 0.001
восстановить 0.002 1.155 0.002
лнр 0.001 1.0 0.001
малый 0.001 0.678 0.001
котёл 0.001 2.0 0.002
лисичанск 0.001 2.0 0.002
северодонецк 0.001 1.699 0.002
вероятный 0.002 1.155 0.002
просто 0.001 0.194 0.0
окружить 0.002 1.222 0.002
раздробить 0.001 1.699 0.002
опасность 0.001 0.854 0.001
такой 0.005 0.114 0.001
потенциальный 0.001 0.886 0.001
подготовить 0.001 0.854 0.001
десять 0.001 0.585 0.001
юго-запад 0.001 1.523 0.002
перебросить 0.004 2.0 0.008
частность 0.001 0.678 0.001
утверждаться 0.001 1.097 0.001
тысяча 0.002 0.31 0.001
кадыровец 0.001 2.0 0.002
отдалить 0.001 2.0 0.002
прочий 0.001 1.046 0.001
участок 0.001 0.959 0.001
николаевский 0.001 1.699 0.002
херсонский 0.002 1.523 0.003
область 0.003 0.523 0.002
действие 0.002 0.409 0.001
приближаться 0.001 1.155 0.001
одесса 0.002 1.222 0.002
отдаляться 0.001 2.0 0.002
взять 0.001 0.553 0.001
николаев 0.001 1.699 0.002
форсировать 0.001 2.0 0.002
буг 0.001 2.0 0.002
северный 0.001 0.824 0.001
обеспечить 0.001 1.097 0.001
кривой 0.002 2.0 0.004
рог 0.002 1.699 0.003
базироваться 0.001 1.301 0.001
танковый 0.001 1.301 0.001
идти 0.002 0.222 0.0
граница 0.001 0.658 0.001
днепропетровский 0.001 2.0 0.002
откуда 0.001 1.046 0.001
знать 0.001 0.244 0.0
современный 0.001 0.959 0.001
наблюдение 0.001 0.886 0.001
доброволец 0.001 0.854 0.001
собирать 0.001 0.699 0.001
фильтровать 0.001 1.699 0.002
число 0.002 0.201 0.0
предмет 0.001 1.155 0.001
фейк 0.001 1.0 0.001
двойной 0.001 1.097 0.001
подсчёт 0.001 1.301 0.001
документальный 0.001 1.398 0.001
дать 0.002 0.066 0.0
фото 0.001 0.959 0.001
список 0.002 0.569 0.001
абсолютно 0.001 0.721 0.001
прозрачный 0.001 1.523 0.002
свидетельство 0.001 1.155 0.001
каждый 0.001 0.244 0.0
проверить 0.001 0.886 0.001
любой 0.002 0.319 0.001
желать 0.001 1.0 0.001
автор 0.001 0.62 0.001
обсчитывать 0.001 2.0 0.002
сирия 0.001 1.398 0.001
ирак 0.001 1.523 0.002
ливия 0.001 1.699 0.002
карабах 0.001 2.0 0.002
посмотреть 0.001 0.523 0.001
наш 0.002 0.337 0.001
интерактивный 0.001 1.523 0.002
карта 0.001 0.886 0.001
закончиться 0.001 0.62 0.001
пока 0.002 0.208 0.0
рано 0.001 0.921 0.001
делать 0.001 0.18 0.0
предсказание 0.001 2.0 0.002
прагматичный 0.001 1.699 0.002
простой 0.001 0.538 0.001
концентрация 0.002 1.699 0.003
шанс 0.001 0.638 0.001
одержать 0.001 2.0 0.002
победа 0.002 1.046 0.002
левобережье 0.001 2.0 0.002
прийтись 0.002 0.602 0.001
исправлять 0.001 1.699 0.002
ошибка 0.003 0.066 0.0
первоначальный 0.001 1.523 0.002
развёртывание 0.001 1.699 0.002
отказаться 0.001 0.62 0.001
запорожский 0.001 1.301 0.001
усилить 0.001 1.523 0.002
сосредоточиться 0.001 1.222 0.001
наладить 0.001 1.523 0.002
исправить 0.001 1.398 0.001
собственный 0.001 0.569 0.001
начальный 0.001 1.699 0.002
этап 0.001 0.921 0.001
сложный 0.001 0.602 0.001
оно 0.001 0.444 0.0
пропустить 0.001 1.155 0.001
страна 0.003 0.155 0.0
туда 0.001 0.921 0.001
избежать 0.001 1.046 0.001
полный 0.001 0.377 0.0
трудно 0.001 0.824 0.001
основный 0.001 0.62 0.001
киевский 0.001 1.155 0.001
наиболее 0.001 0.745 0.001
тщательно 0.001 1.301 0.001
готовиться 0.001 0.959 0.001
рассказывать 0.001 0.337 0.0
командир 0.001 1.699 0.002
ослаблять 0.001 2.0 0.002
счёт 0.001 0.721 0.001
пво 0.001 1.699 0.002
факт 0.001 0.638 0.001
перехватить 0.001 1.699 0.002
гарантировать 0.001 0.854 0.001
зависеть 0.001 0.509 0.001
транслировать 0.001 1.222 0.001
военный 0.003 0.444 0.001
достижение 0.001 1.097 0.001
политический 0.001 0.658 0.001
оказаться 0.001 0.31 0.0
кремль 0.003 0.824 0.002
критически 0.001 1.301 0.001
просчитаться 0.001 2.0 0.002
стадия 0.001 1.222 0.001
планирование 0.001 1.398 0.001
превосходить 0.001 1.523 0.002
огневой 0.001 2.0 0.002
мощь 0.001 2.0 0.002
наращивать 0.001 2.0 0.002
интенсивность 0.001 1.523 0.002
авиаудар 0.001 1.046 0.001
численный 0.001 1.398 0.001
полуторный 0.001 2.0 0.002
учёт 0.001 0.824 0.001
полицейский 0.001 1.046 0.001
нерегулярный 0.001 2.0 0.002
хватить 0.001 1.155 0.001
последовательный 0.001 1.699 0.002
разгромить 0.001 1.523 0.002
надёжно 0.001 1.222 0.001
оккупировать 0.001 1.097 0.001
значительный 0.001 0.854 0.001
демонстрировать 0.001 1.222 0.001
брать 0.001 0.77 0.001
укрепить 0.001 1.523 0.002
тот 0.002 0.131 0.0
метод 0.001 0.678 0.001
выбрать 0.001 0.886 0.001
попытка 0.001 0.921 0.001
штурмовать 0.001 2.0 0.002
сотня 0.001 0.721 0.001
житель 0.001 0.456 0.0
быть 0.001 0.215 0.0
неуклонно 0.001 2.0 0.002
ухудшать 0.001 1.523 0.002
внешнеполитический 0.001 1.523 0.002
положение 0.001 1.046 0.001
нежелательность 0.001 2.0 0.002
вариант 0.001 0.481 0.0
признать 0.001 0.658 0.001
сегодня 0.001 0.638 0.001
возрастать 0.001 2.0 0.002
компромиссный 0.001 1.699 0.002
соглашение 0.003 1.155 0.003
тип 0.001 0.796 0.001
договор 0.001 1.155 0.001
окончить 0.001 1.398 0.001
обстоятельство 0.001 1.046 0.001
начало 0.001 0.26 0.0
ход 0.001 0.796 0.001
сильно 0.001 0.509 0.001
отличаться 0.001 0.553 0.001
хотеть 0.001 0.102 0.0
подойти 0.001 1.097 0.001
качество 0.001 0.553 0.001
козырь 0.001 2.0 0.002
успех 0.001 0.921 0.001
например 0.001 0.229 0.0
навязать 0.001 2.0 0.002
решить 0.001 0.398 0.0
руководство 0.002 0.796 0.002
жаждать 0.001 2.0 0.002
реванш 0.001 2.0 0.002
изоляция 0.001 1.523 0.002
альтернатива 0.001 1.046 0.001
компромисс 0.001 1.523 0.002
долгий 0.001 0.745 0.001
отнимать 0.001 1.523 0.002
скудный 0.001 1.699 0.002
ресурс 0.001 0.796 0.001
установление 0.001 1.699 0.002
марионеточный 0.001 1.699 0.002
режим 0.001 0.658 0.001
минобороны 0.001 1.046 0.001
объявить 0.001 0.553 0.001
освобождение 0.001 1.398 0.001
выглядеть 0.001 0.495 0.0
точнее 0.001 0.921 0.001
хоронить 0.001 1.155 0.001
братский 0.001 1.155 0.001
могила 0.001 1.097 0.001
практически 0.001 0.602 0.001
вода 0.001 0.638 0.001
электричество 0.001 1.0 0.001
лекарство 0.001 0.569 0.001
продолжать 0.001 0.292 0.0
обстреливать 0.001 1.0 0.001
бабушка 0.001 1.0 0.001
объект 0.001 0.886 0.001
ирпень 0.001 1.155 0.001
пригород 0.001 1.046 0.001
время 0.001 0.086 0.0
узнать 0.001 0.481 0.0
весь 0.001 0.114 0.0
мир 0.001 0.26 0.0
кодекс 0.001 0.066 0.0
блог 0.001 0.066 0.0
meduzacare 0.001 0.066 0.0
связаться 0.001 0.066 0.0
анонимно 0.001 0.066 0.0
платформа 0.002 0.066 0.0
ios 0.001 0.066 0.0
android 0.001 0.066 0.0
инстаграм 0.001 0.066 0.0
twitter 0.001 0.0 0.0
facebook 0.001 0.0 0.0
вконтакте 0.001 0.066 0.0
youtube 0.001 0.06 0.0
– 0.001 0.06 0.0
live 0.001 0.022 0.0
вечерний 0.001 0.066 0.0
вообще 0.001 0.066 0.0
реклама 0.002 0.066 0.0
требование 0.001 0.066 0.0
баннер 0.001 0.066 0.0
безопасно 0.001 0.066 0.0
персональный 0.001 0.066 0.0
правило 0.001 0.066 0.0
обработка 0.001 0.066 0.0
использование 0.001 0.066 0.0
кук 0.001 0.066 0.0
наслать 0.001 0.066 0.0
выделить 0.001 0.066 0.0
нажать 0.001 0.066 0.0
ctrl+enter 0.001 0.066 0.0
спасибоgiphyз 0.001 0.066 0.0
гифка 0.001 0.066 0.0
© 0.001 0.0 0.0
