перейти 0.001 0.066 0.0
материал 0.002 0.066 0.0
связь 0.003 0.0 0.0
новостиисторииразборшапитокоронавирусмагаз 0.001 0.066 0.0
медуза 0.011000000000000001 0.066 0.001
рекламаmeduza 0.001 0.066 0.0
in 0.001 0.0 0.0
english 0.001 0.06 0.0
показывать 0.002 0.066 0.0
порядок 0.001 0.066 0.0
en 0.001 0.066 0.0
кнопка 0.001 0.066 0.0
поддержка 0.003 0.066 0.0
новость 0.001 0.357 0.0
зеленский 0.004 0.854 0.003
обвинить 0.001 1.301 0.001
германия 0.004 0.699 0.003
возведение 0.002 1.523 0.003
новый 0.007 0.187 0.001
стена 0.018 0.921 0.017
европа 0.016 0.495 0.008
напомнить 0.001 0.699 0.001
исторический 0.002 0.921 0.002
ответственность 0.003 0.678 0.002
оккупация 0.002 1.301 0.003
украина 0.017 0.347 0.006
время 0.003 0.086 0.0
второй 0.008 0.357 0.003
мировой 0.002 0.721 0.001
речь 0.003 0.398 0.001
бундестаг 0.003 1.222 0.004
полный 0.002 0.377 0.001
текст 0.002 0.62 0.001
март 0.002 0.284 0.001
источник 0.001 0.167 0.0
meduza 0.003 0.0 0.0
данный 0.001 0.097 0.0
сообщение 0.001 0.102 0.0
создать 0.002 0.097 0.0
распространить 0.001 0.102 0.0
иностранный 0.003 0.097 0.0
средство 0.001 0.097 0.0
массовый 0.001 0.097 0.0
информация 0.001 0.102 0.0
выполнять 0.002 0.097 0.0
функция 0.002 0.097 0.0
агент 0.002 0.097 0.0
российский 0.004 0.071 0.0
юридический 0.001 0.102 0.0
лицо 0.001 0.086 0.0
мы 0.007 0.066 0.0
нужный 0.002 0.086 0.0
ваш 0.008 0.081 0.001
помощь 0.003 0.071 0.0
пожалуйста 0.001 0.102 0.0
поддержать 0.006 0.066 0.0
photothek 0.001 2.0 0.002
imago 0.002 1.699 0.003
scanpix 0.002 0.301 0.001
leta 0.002 0.301 0.001
президент 0.006 0.523 0.003
владимир 0.001 0.523 0.001
видеосвязь 0.001 2.0 0.002
киев 0.001 0.699 0.001
выступить 0.001 0.721 0.001
депутат 0.002 1.155 0.002
свой 0.005 0.143 0.001
упрекнуть 0.001 1.699 0.002
экономический 0.001 0.854 0.001
сотрудничество 0.001 0.959 0.001
россия 0.008 0.108 0.001
затягивание 0.002 2.0 0.004
процесс 0.001 0.538 0.001
вступление 0.002 1.301 0.003
евросоюз 0.003 0.886 0.003
слово 0.002 0.268 0.001
способствовать 0.001 1.0 0.001
который 0.020000000000000004 0.071 0.001
разделять 0.002 1.301 0.003
публиковать 0.001 0.638 0.001
выступление 0.001 0.959 0.001
целиком 0.001 1.301 0.001
уважаемый 0.005 1.398 0.007
госпожа 0.001 1.523 0.002
геринг-экард 0.001 2.0 0.002
господин 0.003 1.301 0.004
шольц 0.002 2.0 0.004
дама 0.002 1.699 0.003
гость 0.001 1.097 0.001
журналист 0.002 0.481 0.001
немецкий 0.003 0.699 0.002
народ 0.007 0.745 0.005
обращаться 0.013000000000000001 0.854 0.011
три 0.001 0.569 0.001
неделя 0.004 0.328 0.001
полномасштабный 0.001 1.301 0.001
вторжение 0.001 0.569 0.001
войско 0.004 0.678 0.003
восемь 0.001 0.854 0.001
год 0.011 0.119 0.001
война 0.013 0.357 0.005
восток 0.001 0.886 0.001
мой 0.001 0.585 0.001
государство 0.006 0.569 0.003
донбасс 0.002 0.959 0.002
бомбить 0.001 0.824 0.001
наш 0.009000000000000001 0.337 0.003
город 0.003 0.409 0.001
разрушать 0.002 1.699 0.003
жилой 0.002 0.886 0.002
дом 0.001 0.495 0.0
больница 0.002 0.495 0.001
школа 0.001 0.699 0.001
церковь 0.001 1.222 0.001
ракета 0.003 1.0 0.003
авиабомба 0.002 1.398 0.003
реактивный 0.001 1.699 0.002
артиллерия 0.001 1.155 0.001
погибнуть 0.001 0.824 0.001
тысяча 0.003 0.31 0.001
украинец 0.005 0.796 0.004
оккупант 0.001 1.523 0.002
убить 0.004 1.097 0.004
ребёнок 0.002 0.387 0.001
посреди 0.002 1.398 0.003
многочисленный 0.001 1.222 0.001
встреча 0.001 1.0 0.001
переговоры 0.001 0.921 0.001
заявление 0.001 0.62 0.001
просьба 0.001 0.886 0.001
действие 0.001 0.409 0.0
часть 0.001 0.377 0.0
запоздать 0.001 2.0 0.002
санкция 0.004 0.62 0.002
явно 0.001 0.959 0.001
мало 0.001 0.538 0.001
остановить 0.003 0.523 0.002
увидеть 0.003 0.553 0.002
сколько 0.001 0.585 0.001
компания 0.001 0.444 0.0
оставлять 0.001 0.959 0.001
просто 0.002 0.194 0.0
использовать 0.001 0.319 0.0
некоторый 0.002 0.222 0.0
другой 0.003 0.097 0.0
страна 0.003 0.155 0.0
финансировать 0.001 1.398 0.001
жизнь 0.002 0.319 0.001
свобода 0.003 0.77 0.002
убедиться 0.001 1.523 0.002
чувствовать 0.002 0.678 0.001
ранний 0.001 0.409 0.0
наверняка 0.001 1.398 0.001
пока 0.003 0.208 0.001
замечать 0.002 1.222 0.002
снова 0.006 0.678 0.004
берлинский 0.002 1.523 0.003
неволей 0.001 2.0 0.002
этот 0.001 0.137 0.0
крепнуть 0.001 2.0 0.002
каждый 0.004 0.244 0.001
бомба 0.001 1.046 0.001
падать 0.001 0.824 0.001
земля 0.004 0.796 0.003
решение 0.002 0.347 0.001
приниматься 0.002 0.959 0.002
ради 0.002 1.046 0.002
мир 0.007 0.26 0.002
вы 0.002 1.0 0.002
хотя 0.001 0.276 0.0
оно 0.001 0.444 0.0
помочь 0.003 0.125 0.0
это 0.015 0.066 0.001
произойти 0.001 0.638 0.001
зеленський 0.001 2.0 0.002
виступить 0.001 2.0 0.002
німецький 0.001 2.0 0.002
канал 0.001 0.699 0.001
политика 0.003 0.602 0.002
германский 0.001 1.398 0.001
почему 0.003 0.337 0.001
возможно 0.001 0.398 0.0
говорить 0.003 0.18 0.001
северный 0.001 0.824 0.001
поток 0.001 1.222 0.001
оружие 0.001 0.921 0.001
подготовка 0.001 0.886 0.001
великий 0.001 1.222 0.001
слышать 0.003 0.745 0.002
ответ 0.002 0.432 0.001
экономика 0.010000000000000002 0.796 0.008
цемент 0.001 2.0 0.002
спрашивать 0.001 0.886 0.001
должный 0.002 0.201 0.0
сделать 0.005 0.208 0.001
стать 0.001 0.149 0.0
член 0.001 0.745 0.001
нато 0.001 0.959 0.001
безопасность 0.002 0.387 0.001
получить 0.001 0.328 0.0
гарантия 0.001 1.097 0.001
такой 0.003 0.114 0.0
стол 0.002 1.0 0.002
близкий 0.002 0.347 0.001
кресло 0.001 1.523 0.002
медлить 0.001 1.699 0.002
вопрос 0.001 0.276 0.0
честно 0.002 1.0 0.002
сам 0.001 0.137 0.0
дело 0.002 0.252 0.001
камень 0.002 2.0 0.004
просить 0.001 0.886 0.001
превентивный 0.001 1.523 0.002
многие 0.002 0.284 0.001
агрессор 0.001 1.398 0.001
почувствовать 0.001 1.523 0.002
сила 0.002 0.456 0.001
видеть 0.002 0.444 0.001
ощутить 0.001 2.0 0.002
сопротивление 0.001 1.301 0.001
понять 0.001 0.495 0.0
хотеть 0.003 0.102 0.0
продолжать 0.001 0.292 0.0
торговый 0.001 1.046 0.001
маршрут 0.001 1.699 0.002
вновь 0.001 1.155 0.001
принести 0.002 1.046 0.002
жестокий 0.001 1.523 0.002
колючий 0.001 2.0 0.002
проволока 0.001 1.699 0.002
находиться 0.001 0.367 0.0
человек 0.006 0.092 0.001
мера 0.001 0.377 0.0
сегодня 0.001 0.638 0.001
переживать 0.001 0.886 0.001
имя 0.006 0.585 0.004
мариуполец 0.001 1.699 0.002
мирный 0.001 0.699 0.001
житель 0.001 0.456 0.0
русский 0.003 0.62 0.002
заблокировать 0.002 0.553 0.001
ровнять 0.001 2.0 0.002
уничтожать 0.001 1.155 0.001
сотня 0.002 0.721 0.001
обстрел 0.002 0.678 0.001
круглосуточно 0.003 2.0 0.006
еда 0.001 0.678 0.001
вода 0.001 0.638 0.001
электричество 0.001 1.0 0.001
различать 0.001 1.398 0.001
гражданский 0.001 0.745 0.001
военный 0.003 0.444 0.001
считать 0.002 0.319 0.001
мишень 0.001 1.398 0.001
театр 0.001 1.097 0.001
скрываться 0.001 1.046 0.001
взорвать 0.001 1.398 0.001
вчера 0.001 1.222 0.001
роддом 0.001 1.0 0.001
детский 0.001 0.77 0.001
район 0.001 0.678 0.001
какой-либо 0.001 0.854 0.001
объект 0.001 0.886 0.001
круглый 0.001 1.523 0.002
сутки 0.001 0.824 0.001
пускать 0.001 1.097 0.001
один 0.001 0.119 0.0
гуманитарный 0.001 0.921 0.001
груз 0.001 2.0 0.002
пять 0.001 0.432 0.0
день 0.003 0.167 0.001
прекращать 0.001 1.301 0.001
специально 0.001 0.959 0.001
допустить 0.001 0.854 0.001
спасение 0.002 1.301 0.003
мочь 0.004 0.102 0.0
подняться 0.001 1.155 0.001
вспомнить 0.001 1.046 0.001
значить 0.001 1.523 0.002
воздушный 0.002 1.301 0.003
мост 0.002 1.222 0.002
небо 0.003 1.301 0.004
безопасный 0.001 0.824 0.001
убивать 0.001 0.824 0.001
давать 0.001 0.31 0.0
старший 0.001 0.678 0.001
пережить 0.002 1.097 0.002
спастись 0.001 2.0 0.002
назад 0.005 0.18 0.001
бабий 0.003 1.699 0.005
ярый 0.003 1.699 0.005
прошлый 0.001 0.745 0.001
приезжать 0.001 0.921 0.001
штайнмайер 0.001 2.0 0.002
80-летие 0.001 2.0 0.002
трагедия 0.001 1.523 0.002
ударить 0.001 1.097 0.001
именно 0.001 0.244 0.0
место 0.001 0.409 0.0
семья 0.001 0.796 0.001
идти 0.002 0.222 0.0
монумент 0.001 2.0 0.002
стоять 0.001 1.0 0.001
ибо 0.001 1.699 0.002
пытаться 0.002 0.409 0.001
уничтожить 0.002 1.0 0.002
целый 0.001 0.658 0.001
благодаря 0.001 0.77 0.001
что 0.001 1.301 0.001
жить 0.003 0.481 0.001
тот 0.002 0.131 0.0
защищать 0.003 0.585 0.002
значит 0.001 0.444 0.0
ценность 0.002 0.959 0.002
часто 0.001 0.456 0.0
повсюду 0.002 1.523 0.003
равенство 0.001 2.0 0.002
возможность 0.001 0.444 0.0
свободно 0.001 1.301 0.001
подчиняться 0.001 2.0 0.002
чужой 0.001 1.301 0.001
жизненный 0.001 1.523 0.002
пространство 0.001 1.097 0.001
лидерство 0.002 1.222 0.002
океан 0.001 2.0 0.002
оказываться 0.001 0.721 0.001
кто-то 0.001 0.523 0.001
биться 0.001 1.222 0.001
сражаться 0.001 1.222 0.001
сохранить 0.002 0.796 0.002
christian 0.001 2.0 0.002
spicker 0.001 2.0 0.002
благодарный 0.006 1.523 0.009
весь 0.002 0.114 0.0
поддерживать 0.002 0.569 0.001
обычный 0.001 0.509 0.001
немец 0.001 1.155 0.001
искренне 0.001 1.523 0.002
помогать 0.001 0.444 0.0
делать 0.001 0.18 0.0
зло 0.001 1.301 0.001
бизнес 0.001 0.824 0.001
поставить 0.001 0.796 0.001
мораль 0.001 1.523 0.002
человечность 0.001 1.699 0.002
выше 0.003 0.509 0.002
бухгалтерия 0.001 2.0 0.002
политик 0.001 1.155 0.001
пытаются… 0.001 2.0 0.002
сломать 0.001 1.699 0.002
деньга 0.001 0.602 0.001
смерть 0.001 0.553 0.001
украинский 0.002 0.538 0.001
выбирать 0.001 1.0 0.001
усиление 0.001 1.523 0.002
против 0.001 0.229 0.0
гарантировать 0.001 0.854 0.001
колебаться 0.001 1.523 0.002
отключать 0.001 1.699 0.002
swift 0.001 2.0 0.002
знающий 0.002 1.699 0.003
нужно 0.002 0.237 0.0
эмбарго 0.001 1.699 0.002
торговля 0.001 1.523 0.002
импорт 0.001 1.523 0.002
оттуда 0.001 1.097 0.001
спонсировать 0.001 1.523 0.002
любой 0.001 0.319 0.0
знать 0.001 0.244 0.0
сильный 0.001 0.553 0.001
лежать 0.001 0.824 0.001
сложно 0.001 0.538 0.001
выстоять 0.001 2.0 0.002
трудно 0.001 0.824 0.001
оглядываться 0.001 1.523 0.002
разрушение 0.001 1.398 0.001
харькова… 0.001 2.0 0.002
бомбардировка 0.001 1.398 0.001
чернигов 0.001 1.046 0.001
сума 0.001 1.301 0.001
замучить 0.001 2.0 0.002
сей 0.001 0.456 0.0
пора 0.001 0.357 0.0
искупить 0.001 2.0 0.002
появиться 0.001 0.367 0.0
потребовать 0.001 1.097 0.001
искупление 0.001 2.0 0.002
напоминать 0.001 0.921 0.001
выжить 0.001 1.0 0.001
бывший 0.001 0.699 0.001
актёр 0.001 1.523 0.002
сша 0.001 0.469 0.0
рональд 0.001 2.0 0.002
рейган 0.001 2.0 0.002
сказать 0.002 0.31 0.001
однажды 0.001 1.301 0.001
берлин 0.001 1.046 0.001
снести 0.002 1.699 0.003
канцлер 0.001 1.523 0.002
дать 0.002 0.066 0.0
заслуживать 0.001 1.523 0.002
потомок 0.001 1.699 0.002
быть 0.001 0.215 0.0
гордиться 0.001 1.398 0.001
слава 0.001 1.301 0.001
происходить 0.002 0.301 0.001
прямо 0.002 0.357 0.001
двадцать 0.002 0.959 0.002
онлайн 0.002 0.959 0.002
час 0.002 0.538 0.001
работать 0.001 0.102 0.0
24/7 0.001 0.102 0.0
интерес 0.001 0.155 0.0
читателейн 0.001 0.174 0.0
срочно 0.001 0.167 0.0
редакция 0.002 0.066 0.0
кодекс 0.001 0.066 0.0
блог 0.001 0.066 0.0
meduzacare 0.001 0.066 0.0
связаться 0.001 0.066 0.0
анонимно 0.001 0.066 0.0
платформа 0.002 0.066 0.0
ios 0.001 0.066 0.0
android 0.001 0.066 0.0
инстаграм 0.001 0.066 0.0
twitter 0.001 0.0 0.0
facebook 0.001 0.0 0.0
вконтакте 0.001 0.066 0.0
youtube 0.001 0.06 0.0
– 0.001 0.06 0.0
live 0.001 0.022 0.0
вечерний 0.001 0.066 0.0
вообще 0.001 0.066 0.0
реклама 0.002 0.066 0.0
требование 0.001 0.066 0.0
баннер 0.001 0.066 0.0
безопасно 0.001 0.066 0.0
персональный 0.001 0.066 0.0
правило 0.001 0.066 0.0
обработка 0.001 0.066 0.0
использование 0.001 0.066 0.0
кук 0.001 0.066 0.0
наслать 0.001 0.066 0.0
ошибка 0.001 0.066 0.0
выделить 0.001 0.066 0.0
нажать 0.001 0.066 0.0
ctrl+enter 0.001 0.066 0.0
спасибоgiphyз 0.001 0.066 0.0
гифка 0.001 0.066 0.0
© 0.001 0.0 0.0
