перейти 0.0 0.066 0.0
материал 0.0 0.066 0.0
связь 0.001 0.0 0.0
новостиисторииразборшапитокоронавирусмагаз 0.0 0.066 0.0
медуза 0.011 0.066 0.001
рекламаmeduza 0.0 0.066 0.0
in 0.0 0.0 0.0
english 0.0 0.06 0.0
показывать 0.002 0.066 0.0
порядок 0.0 0.066 0.0
en 0.0 0.066 0.0
кнопка 0.0 0.066 0.0
поддержка 0.001 0.066 0.0
история 0.0 0.26 0.0
идти 0.003 0.222 0.001
неделя 0.003 0.328 0.001
война 0.011000000000000003 0.357 0.004
навсегда 0.001 0.854 0.001
изменить 0.0 0.538 0.0
киев 0.009000000000000001 0.699 0.006
киевлянин 0.002 1.0 0.002
прямо 0.003 0.357 0.001
город 0.005 0.409 0.002
готовиться 0.002 0.959 0.002
осада 0.001 0.854 0.001
репортаж 0.001 0.678 0.001
спецкор 0.001 0.921 0.001
лилия 0.002 1.046 0.002
яппаровой 0.001 1.046 0.001
март 0.004 0.284 0.001
источник 0.0 0.167 0.0
meduza 0.001 0.0 0.0
данный 0.0 0.097 0.0
сообщение 0.0 0.102 0.0
создать 0.0 0.097 0.0
распространить 0.0 0.102 0.0
иностранный 0.001 0.097 0.0
средство 0.0 0.097 0.0
массовый 0.0 0.097 0.0
информация 0.0 0.102 0.0
выполнять 0.001 0.097 0.0
функция 0.001 0.097 0.0
агент 0.001 0.097 0.0
российский 0.007 0.071 0.0
юридический 0.0 0.102 0.0
лицо 0.0 0.086 0.0
мы 0.002 0.066 0.0
нужный 0.001 0.086 0.0
ваш 0.001 0.081 0.0
помощь 0.0 0.071 0.0
пожалуйста 0.0 0.102 0.0
поддержать 0.0 0.066 0.0
блокпост 0.001 1.398 0.001
год 0.003 0.119 0.0
fadel 0.0 2.0 0.0
senna 0.0 2.0 0.0
afp 0.0 0.854 0.0
scanpix 0.0 0.301 0.0
leta 0.0 0.301 0.0
прийти 0.001 0.658 0.001
февраль 0.003 0.337 0.001
первый 0.005 0.143 0.001
день 0.009000000000000001 0.167 0.002
вторжение 0.001 0.569 0.001
судить 0.0 0.585 0.0
происходить 0.002 0.301 0.001
фронт 0.001 1.155 0.001
спустя 0.001 0.886 0.001
россия 0.002 0.108 0.0
по-прежнему 0.001 0.824 0.001
планировать 0.0 0.886 0.0
взять 0.001 0.553 0.001
столица 0.002 0.854 0.002
украина 0.003 0.347 0.001
пытаться 0.002 0.409 0.001
окружить 0.001 1.222 0.001
пока 0.001 0.208 0.0
случиться 0.0 0.509 0.0
уехать 0.001 0.824 0.001
многие 0.001 0.284 0.0
житель 0.001 0.456 0.0
слово 0.001 0.268 0.0
мэр 0.0 0.77 0.0
виталий 0.0 1.699 0.0
кличко 0.0 2.0 0.0
каждый 0.001 0.244 0.0
второй 0.001 0.357 0.0
такой 0.002 0.114 0.0
образ 0.001 0.553 0.001
оставаться 0.0 0.387 0.0
маленький 0.001 0.328 0.0
два 0.002 0.26 0.001
миллион 0.0 0.495 0.0
человек 0.004 0.092 0.0
тот 0.003 0.131 0.0
участвовать 0.0 0.569 0.0
оборона 0.002 0.959 0.002
окружение 0.001 1.222 0.001
специальный 0.0 0.638 0.0
корреспондент 0.004 1.046 0.004
яппаров 0.001 1.699 0.002
провести 0.001 0.538 0.001
полтора 0.0 0.959 0.0
рассказывать 0.002 0.337 0.001
счастливый 0.0 1.699 0.0
солнечный 0.0 1.523 0.0
неузнаваемость 0.0 2.0 0.0
казаться 0.001 0.409 0.0
ночь 0.001 0.854 0.001
бомбоубежище 0.003 1.046 0.003
станция 0.005 1.097 0.005
метро 0.003 1.222 0.004
ночевать 0.0 1.523 0.0
киевский 0.001 1.155 0.001
очень 0.003 0.149 0.0
холодно 0.0 2.0 0.0
особенно 0.001 0.553 0.001
себя 0.0 0.62 0.0
туристический 0.0 1.699 0.0
коврик 0.0 1.699 0.0
тонкий 0.0 1.523 0.0
плед 0.0 1.699 0.0
сделать 0.002 0.208 0.0
университет 0.002 0.721 0.001
центр 0.002 0.432 0.001
один 0.003 0.119 0.0
самый 0.001 0.208 0.0
переполненный 0.0 1.699 0.0
украинский 0.003 0.538 0.002
восемь 0.001 0.854 0.001
минута 0.001 0.745 0.001
начало 0.003 0.26 0.001
комендантский 0.001 1.301 0.001
час 0.003 0.538 0.002
эскалатор 0.0 2.0 0.0
останавливаться 0.0 1.523 0.0
начинать 0.001 0.569 0.001
работать 0.003 0.102 0.0
гермозатвор 0.001 2.0 0.002
выглядеть 0.001 0.495 0.0
это 0.011 0.066 0.001
толстый 0.0 2.0 0.0
кусок 0.0 1.222 0.0
пол 0.002 1.155 0.002
рядом 0.001 0.854 0.001
протяжение 0.0 1.398 0.0
несколько 0.001 0.187 0.0
гудение 0.0 2.0 0.0
подниматься 0.0 1.523 0.0
потолок 0.0 1.523 0.0
внимание 0.0 0.523 0.0
никто 0.001 0.432 0.0
обращать 0.0 1.097 0.0
решить 0.0 0.398 0.0
земля 0.0 0.796 0.0
отвлекаться 0.0 1.699 0.0
очередной 0.001 0.796 0.001
выступление 0.0 0.959 0.0
президент 0.001 0.523 0.001
владимир 0.001 0.523 0.001
зеленский 0.001 0.854 0.001
который 0.01 0.071 0.001
транслировать 0.0 1.222 0.0
телевизор 0.0 0.921 0.0
вестибюль 0.0 2.0 0.0
герметичный 0.0 2.0 0.0
дверь 0.0 0.921 0.0
плотно 0.001 1.699 0.002
закрывать 0.0 1.222 0.0
тоннель 0.0 2.0 0.0
выдержать 0.0 1.301 0.0
бомбовый 0.0 2.0 0.0
ядерный 0.0 1.097 0.0
удар 0.001 0.745 0.001
полностью 0.001 0.538 0.001
закупориваться 0.0 2.0 0.0
наступить 0.0 1.301 0.0
тишина 0.001 1.301 0.001
мгновение 0.0 1.699 0.0
оглушать 0.0 2.0 0.0
олег 0.0 1.301 0.0
тоцкий 0.0 2.0 0.0
прогуливаться 0.0 1.699 0.0
мужчина 0.001 1.046 0.001
пуховик 0.0 2.0 0.0
домашний 0.0 1.155 0.0
тапочки 0.0 2.0 0.0
край 0.0 1.155 0.0
перрон 0.0 1.699 0.0
небрежно 0.0 1.699 0.0
бросить 0.0 1.046 0.0
плечо 0.0 2.0 0.0
полотенце 0.0 1.699 0.0
следом 0.0 1.398 0.0
спешить 0.0 1.523 0.0
пожилой 0.0 1.046 0.0
женщина 0.001 0.824 0.001
тяжёлый 0.0 0.377 0.0
бушлат 0.0 2.0 0.0
рука 0.002 0.62 0.001
тарелка 0.0 2.0 0.0
еда 0.0 0.678 0.0
приготовить 0.0 1.523 0.0
время 0.003 0.086 0.0
постоянно 0.001 0.62 0.001
жить 0.001 0.481 0.0
поверхность 0.0 1.222 0.0
десяток 0.0 0.921 0.0
место 0.002 0.409 0.001
зал 0.0 1.222 0.0
занятый 0.0 1.097 0.0
устраиваться 0.0 2.0 0.0
возле 0.001 1.097 0.001
стена 0.001 0.921 0.001
бюст 0.001 2.0 0.002
максим 0.0 0.796 0.0
горький 0.001 1.398 0.001
краеведческий 0.0 2.0 0.0
заметка 0.0 1.301 0.0
отмечать 0.0 0.921 0.0
мраморный 0.0 2.0 0.0
плита 0.0 2.0 0.0
расположить 0.0 1.097 0.0
разглядеть 0.0 2.0 0.0
окаменелый 0.0 2.0 0.0
раковина 0.0 2.0 0.0
юрский 0.0 2.0 0.0
период 0.0 0.678 0.0
напротив 0.001 1.222 0.001
дмитрий 0.0 0.62 0.0
менделеев 0.0 2.0 0.0
одеяло 0.0 1.398 0.0
расположиться 0.0 2.0 0.0
девушка 0.001 0.959 0.001
пакет 0.0 1.046 0.0
сумка 0.0 1.222 0.0
рюкзак 0.0 1.398 0.0
слушать 0.0 1.046 0.0
екатерина 0.001 1.222 0.001
дарья 0.001 0.921 0.001
справа 0.0 1.301 0.0
к 0.001 0.745 0.001
сон 0.0 1.301 0.0
вагон 0.0 2.0 0.0
обжитой 0.0 2.0 0.0
поезд 0.0 1.155 0.0
поручень 0.0 2.0 0.0
сушиться 0.0 2.0 0.0
колготки 0.0 2.0 0.0
разложить 0.001 1.699 0.002
матрас 0.001 1.523 0.002
постельный 0.0 2.0 0.0
бельё 0.0 1.699 0.0
подоконник 0.0 2.0 0.0
заставить 0.0 1.046 0.0
бутылка 0.0 1.699 0.0
минералка 0.0 2.0 0.0
курага 0.0 2.0 0.0
майонез 0.0 2.0 0.0
печение 0.0 2.0 0.0
пузырёк 0.0 1.523 0.0
йод 0.0 1.699 0.0
бумажный 0.0 1.398 0.0
стаканчик 0.0 2.0 0.0
книга 0.0 0.886 0.0
вторгнуться 0.0 1.523 0.0
чей-то 0.0 1.523 0.0
жилой 0.0 0.886 0.0
пространство 0.0 1.097 0.0
достаточно 0.0 0.444 0.0
нечаянно 0.0 2.0 0.0
пройти 0.0 0.387 0.0
занятой 0.0 1.301 0.0
участок 0.0 0.959 0.0
обитатель 0.001 1.523 0.002
остро 0.0 1.523 0.0
реагировать 0.001 1.097 0.001
пристально 0.0 1.699 0.0
изучать 0.0 0.854 0.0
новичок 0.0 2.0 0.0
другой 0.0 0.097 0.0
охотно 0.0 1.699 0.0
помогать 0.0 0.444 0.0
освоиться 0.0 2.0 0.0
оказываться 0.0 0.721 0.0
сушить 0.0 2.0 0.0
постирать 0.0 2.0 0.0
вещь 0.0 0.62 0.0
кипяток 0.0 2.0 0.0
три 0.001 0.569 0.001
пятилитровка 0.0 2.0 0.0
получаться 0.0 0.824 0.0
батарея 0.0 1.523 0.0
помыться 0.0 2.0 0.0
пускать 0.0 1.097 0.0
хостел 0.0 1.699 0.0
гривна 0.0 1.523 0.0
маникюр 0.0 1.699 0.0
делать 0.0 0.18 0.0
открывать 0.0 1.097 0.0
служебный 0.0 1.398 0.0
туалет 0.0 1.523 0.0
утром 0.0 1.046 0.0
выстраиваться 0.0 1.398 0.0
зуб 0.0 1.699 0.0
чистить 0.0 1.523 0.0
объяснять 0.003 0.538 0.002
киевлянка 0.0 2.0 0.0
тамара 0.001 2.0 0.002
голова 0.001 0.959 0.001
немного 0.001 0.77 0.001
страшно 0.001 1.097 0.001
мыть 0.0 1.155 0.0
сквозняк 0.0 2.0 0.0
сестра 0.0 1.046 0.0
свой 0.001 0.143 0.0
новый 0.0 0.187 0.0
подруга 0.0 1.222 0.0
спуститься 0.001 1.699 0.002
рада 0.0 1.398 0.0
никакой 0.001 0.409 0.0
посторонний 0.0 1.301 0.0
звук 0.001 0.921 0.001
помнить 0.0 0.699 0.0
затрещать 0.0 2.0 0.0
стекло 0.0 1.301 0.0
бешено 0.0 2.0 0.0
заскрипеть 0.0 2.0 0.0
вспоминать 0.003 1.0 0.003
видеть 0.0 0.444 0.0
свет 0.002 1.097 0.002
пять 0.0 0.432 0.0
утро 0.001 1.046 0.001
плотный 0.0 1.155 0.0
штора 0.0 1.699 0.0
яркий 0.0 1.699 0.0
взрыв 0.001 0.959 0.001
готовый 0.0 0.509 0.0
слышать 0.0 0.745 0.0
некоторый 0.001 0.222 0.0
нервничать 0.0 1.398 0.0
из-за 0.0 0.229 0.0
бытовой 0.0 1.699 0.0
ночной 0.0 1.301 0.0
весь 0.003 0.114 0.0
прислушиваться 0.0 1.699 0.0
сюда 0.001 1.097 0.001
забежать 0.0 2.0 0.0
русский 0.0 0.62 0.0
расстрелять 0.0 1.398 0.0
сам 0.001 0.137 0.0
событие 0.0 0.509 0.0
юноша 0.0 2.0 0.0
чей 0.0 1.097 0.0
имя 0.0 0.585 0.0
запомнить 0.0 1.398 0.0
достать 0.001 1.699 0.002
библия 0.0 1.699 0.0
читать 0.0 0.444 0.0
молитва 0.0 1.699 0.0
присутствовать 0.0 1.097 0.0
оценить 0.0 0.678 0.0
акустик 0.0 2.0 0.0
следующий 0.0 0.553 0.0
полицейский 0.0 1.046 0.0
попросить 0.0 0.699 0.0
сойти 0.0 1.523 0.0
платформа 0.001 0.066 0.0
спрятаться 0.001 1.699 0.002
напиться 0.0 2.0 0.0
боярышник 0.0 2.0 0.0
поймать 0.0 1.523 0.0
белый 0.0 1.0 0.0
горячка 0.0 2.0 0.0
9-й 0.0 2.0 0.0
ирландец 0.0 2.0 0.0
филипп 0.0 1.699 0.0
украсть 0.0 2.0 0.0
ботинок 0.0 1.699 0.0
вор 0.0 2.0 0.0
наслать 0.001 0.066 0.0
назад 0.003 0.18 0.001
свидание 0.001 2.0 0.002
наверху 0.0 1.699 0.0
тиндёр 0.001 2.0 0.002
познакомиться 0.001 1.301 0.001
встретиться 0.0 1.398 0.0
удивиться 0.0 2.0 0.0
долго 0.001 0.745 0.001
вообще 0.002 0.066 0.0
хотеть 0.001 0.102 0.0
забрать 0.001 1.046 0.001
„ 0.008 0.62 0.005
поспать 0.0 2.0 0.0
нормальный 0.0 0.77 0.0
кровать 0.001 1.699 0.002
увидеть 0.001 0.553 0.001
“ 0.008 0.432 0.003
этот 0.0 0.137 0.0
последний 0.001 0.284 0.0
мэтч 0.0 2.0 0.0
приложение 0.0 1.097 0.0
телефон 0.0 0.745 0.0
должный 0.001 0.201 0.0
включить 0.0 1.222 0.0
геолокация 0.0 1.523 0.0
пользоваться 0.0 0.886 0.0
она 0.0 1.0 0.0
запретить 0.0 0.77 0.0
десять 0.0 0.585 0.0
вечер 0.0 1.301 0.0
выключать 0.0 1.699 0.0
спать 0.002 1.097 0.002
компания 0.002 0.444 0.001
разместиться 0.0 2.0 0.0
постамент 0.0 2.0 0.0
торец 0.0 2.0 0.0
ранний 0.0 0.409 0.0
стоять 0.0 1.0 0.0
скульптура 0.0 2.0 0.0
ленин 0.0 2.0 0.0
резаться 0.0 2.0 0.0
самодельный 0.0 1.523 0.0
карта 0.001 0.886 0.001
колода 0.0 2.0 0.0
нарисовать 0.0 1.301 0.0
картон 0.0 2.0 0.0
спасть 0.0 1.155 0.0
оказаться 0.005 0.31 0.002
обжиться 0.0 2.0 0.0
турковы 0.0 1.699 0.0
укрываться 0.0 1.398 0.0
остаться 0.001 0.432 0.0
штука 0.0 1.398 0.0
непонятный 0.0 1.523 0.0
александр 0.002 0.456 0.001
откидывать 0.0 2.0 0.0
босой 0.0 2.0 0.0
нога 0.002 0.959 0.002
узорчатый 0.0 2.0 0.0
халат 0.0 1.523 0.0
меховой 0.0 2.0 0.0
оторочка 0.0 2.0 0.0
какой-то 0.001 0.328 0.0
шубка 0.001 2.0 0.002
уйти 0.0 0.77 0.0
архив 0.001 1.523 0.002
играть 0.001 0.699 0.001
жена 0.001 1.046 0.001
экономист 0.0 1.046 0.0
оксана 0.001 2.0 0.002
высовывать 0.0 2.0 0.0
голубой 0.0 1.699 0.0
рыбка 0.0 2.0 0.0
сниться 0.0 1.699 0.0
говорить 0.004 0.18 0.001
дом 0.002 0.495 0.001
оставить 0.0 1.097 0.0
наверное 0.002 0.921 0.002
умереть 0.0 0.638 0.0
выбежать 0.0 2.0 0.0
паника 0.001 1.155 0.001
продумать 0.0 1.523 0.0
сторона 0.001 0.347 0.0
балкон 0.0 2.0 0.0
стрелять 0.0 1.0 0.0
бухать 0.0 2.0 0.0
кухня 0.0 1.398 0.0
шелест 0.0 2.0 0.0
мощный 0.0 1.046 0.0
понять 0.0 0.495 0.0
попасть 0.001 0.409 0.0
водохранилище 0.0 1.699 0.0
смыть 0.0 1.699 0.0
левый 0.001 1.301 0.001
берег 0.001 1.523 0.002
слишком 0.0 0.553 0.0
дорогой 0.0 1.046 0.0
такси 0.0 2.0 0.0
лев 0.001 1.046 0.001
отправляться 0.0 1.398 0.0
трудно 0.0 0.824 0.0
перебраться 0.0 1.398 0.0
кпп 0.001 1.699 0.002
мост 0.0 1.222 0.0
аргумент 0.0 0.62 0.0
татьяна 0.0 1.398 0.0
приводить 0.0 0.602 0.0
объяснить 0.001 0.602 0.001
почему 0.001 0.337 0.0
сей 0.001 0.456 0.0
пора 0.001 0.357 0.0
расспрос 0.0 2.0 0.0
признавать 0.0 1.0 0.0
возможность 0.0 0.444 0.0
покинуть 0.0 0.745 0.0
начать 0.001 0.276 0.0
двигаться 0.0 0.921 0.0
запад 0.0 0.678 0.0
страна 0.001 0.155 0.0
безопасный 0.0 0.824 0.0
дело 0.001 0.252 0.0
просто 0.005 0.194 0.001
переночевать 0.0 1.523 0.0
начинаться 0.0 0.886 0.0
качели 0.0 2.0 0.0
ехать 0.001 1.0 0.001
домой 0.001 0.824 0.001
польша 0.0 0.854 0.0
понимать 0.002 0.42 0.001
ощущение 0.0 1.097 0.0
чуть-чуть 0.001 1.699 0.002
закончиться 0.0 0.62 0.0
лично 0.001 0.959 0.001
выйти 0.001 0.456 0.0
жизнь 0.0 0.319 0.0
признаваться 0.0 1.301 0.0
подняться 0.0 1.155 0.0
развалины 0.0 2.0 0.0
1941-м 0.0 2.0 0.0
уничтожить 0.0 1.0 0.0
середина 0.0 0.854 0.0
перебираться 0.0 2.0 0.0
тёплый 0.0 1.222 0.0
состав 0.0 0.745 0.0
стоить 0.001 0.469 0.0
словно 0.0 1.398 0.0
пустой 0.0 1.398 0.0
видный 0.001 1.046 0.001
куча 0.0 1.155 0.0
тряпьё 0.0 2.0 0.0
глубоко 0.0 1.398 0.0
зарыться 0.0 2.0 0.0
открытие 0.0 1.301 0.0
просыпаться 0.0 1.398 0.0
встретить 0.001 1.097 0.001
никуда 0.001 1.097 0.001
убегать 0.001 1.699 0.002
быть 0.002 0.215 0.0
паркинг 0.001 2.0 0.002
ребёнок 0.004 0.387 0.002
вадим 0.002 1.699 0.003
васильчук 0.004 2.0 0.008
4-й 0.0 1.699 0.0
рота 0.001 1.699 0.002
128-го 0.0 2.0 0.0
батальон 0.001 1.398 0.001
территориальный 0.0 1.046 0.0
разговор 0.001 0.745 0.001
шестилетний 0.0 1.699 0.0
девочка 0.001 1.222 0.001
аня 0.0 1.699 0.0
богдана 0.0 2.0 0.0
десятилетний 0.0 1.699 0.0
сын 0.001 0.921 0.001
василь 0.0 2.0 0.0
знать 0.002 0.244 0.0
вспомнить 0.0 1.046 0.0
они 0.001 0.538 0.001
западный 0.002 0.553 0.001
эмоция 0.0 1.155 0.0
чувствовать 0.0 0.678 0.0
завести 0.0 1.301 0.0
пара 0.0 0.658 0.0
приходить 0.0 0.824 0.0
форма 0.0 0.62 0.0
учёба 0.0 1.523 0.0
военный 0.001 0.444 0.0
кафедра 0.0 2.0 0.0
кашлять 0.0 1.699 0.0
напрягать 0.0 1.699 0.0
челюсть 0.0 2.0 0.0
труд 0.0 0.854 0.0
продолжать 0.001 0.292 0.0
психологический 0.0 1.301 0.0
книжка 0.0 1.398 0.0
рекомендация 0.0 0.678 0.0
оттуда 0.001 1.097 0.001
плохой 0.0 0.509 0.0
кот 0.0 1.301 0.0
мышка 0.0 1.699 0.0
например 0.001 0.229 0.0
стараться 0.0 0.854 0.0
обратить 0.0 1.222 0.0
игра 0.0 1.0 0.0
зимой 0.0 1.301 0.0
школа 0.0 0.699 0.0
тренинг 0.0 2.0 0.0
чрезвычайный 0.001 1.398 0.001
ситуация 0.001 0.337 0.0
попытаться 0.0 0.854 0.0
подготовить 0.0 0.854 0.0
возможный 0.0 0.523 0.0
детский 0.0 0.77 0.0
сад 0.0 1.301 0.0
разослать 0.0 1.699 0.0
родитель 0.0 0.854 0.0
памятка 0.0 2.0 0.0
текст 0.0 0.62 0.0
поделиться 0.0 1.301 0.0
перевод 0.0 1.301 0.0
сокращение 0.0 0.959 0.0
уважаемый 0.0 1.398 0.0
информировать 0.0 1.699 0.0
проводить 0.0 0.509 0.0
гражданский 0.002 0.745 0.001
защита 0.0 0.569 0.0
рамка 0.001 1.0 0.001
ознакомить 0.0 1.699 0.0
мочь 0.001 0.102 0.0
возникнуть 0.0 0.77 0.0
эвакуация 0.001 1.301 0.001
также 0.0 0.237 0.0
предлагать 0.0 0.602 0.0
внимательно 0.0 1.301 0.0
ознакомиться 0.0 1.523 0.0
алгоритм 0.0 1.398 0.0
действие 0.001 0.409 0.0
возникновение 0.0 0.921 0.0
настоящий 0.0 0.585 0.0
прямой 0.0 0.658 0.0
угроза 0.0 0.824 0.0
безопасность 0.001 0.387 0.0
важно 0.0 0.509 0.0
иметь 0.0 0.337 0.0
чёткий 0.0 1.0 0.0
механизм 0.0 0.886 0.0
совместный 0.0 0.886 0.0
случай 0.001 0.194 0.0
именно 0.001 0.244 0.0
сохранять 0.0 1.046 0.0
личный 0.0 0.678 0.0
спокойствие 0.0 1.699 0.0
поддаваться 0.0 1.398 0.0
заблаговременный 0.0 2.0 0.0
предупреждение 0.0 1.155 0.0
соответствие 0.0 0.959 0.0
воспитателя/администратор 0.0 2.0 0.0
образовательный 0.0 2.0 0.0
учреждение 0.0 0.959 0.0
скорее 0.0 0.509 0.0
отсутствие 0.0 0.699 0.0
беспокоиться 0.0 1.301 0.0
ждать 0.0 0.481 0.0
учебный 0.0 1.523 0.0
заведение 0.0 1.301 0.0
этаж 0.0 1.398 0.0
центральный 0.0 1.097 0.0
вход 0.0 1.046 0.0
площадка 0.0 0.796 0.0
сведение 0.0 1.046 0.0
запас 0.0 1.523 0.0
медикамент 0.0 1.222 0.0
закупить 0.0 1.523 0.0
вода 0.001 0.638 0.001
перекус 0.0 2.0 0.0
лестничный 0.0 1.523 0.0
клетка 0.0 0.921 0.0
коридор 0.0 0.959 0.0
загромоздить 0.0 2.0 0.0
схема 0.0 1.222 0.0
помещение 0.0 0.854 0.0
педагогический 0.0 1.699 0.0
работник 0.0 0.824 0.0
соответствовать 0.0 0.824 0.0
инструктаж 0.0 2.0 0.0
сказать 0.0 0.31 0.0
момент 0.001 0.387 0.0
нужно 0.001 0.237 0.0
быстро 0.0 0.495 0.0
следовать 0.001 0.678 0.001
инструкция 0.001 0.699 0.001
собраться 0.0 1.523 0.0
одеться 0.0 1.699 0.0
эвакуироваться 0.0 1.155 0.0
так 0.0 1.222 0.0
д. 0.0 1.0 0.0
фраза 0.001 1.046 0.001
придавать 0.0 1.699 0.0
чувство 0.0 1.155 0.0
уверенность 0.0 1.046 0.0
снижать 0.0 0.854 0.0
страх 0.0 0.796 0.0
тревога 0.0 1.097 0.0
любить 0.0 0.921 0.0
обнять 0.0 2.0 0.0
подержать 0.0 2.0 0.0
вместе 0.001 0.602 0.001
точно 0.0 0.481 0.0
получиться 0.0 0.745 0.0
адекватно 0.0 1.699 0.0
спасибо 0.001 1.222 0.001
давать 0.0 0.31 0.0
медлить 0.0 1.699 0.0
внимательный 0.0 2.0 0.0
хороший 0.0 0.377 0.0
уверенный 0.0 0.921 0.0
помочь 0.0 0.125 0.0
предварительный 0.0 0.959 0.0
насколько 0.0 0.42 0.0
понятно… 0.0 2.0 0.0
пауза 0.0 1.398 0.0
сила 0.0 0.456 0.0
тереть 0.0 1.699 0.0
глаз 0.0 0.77 0.0
плакать 0.0 1.301 0.0
обнимать 0.0 1.523 0.0
папа 0.0 1.155 0.0
пойти 0.0 0.509 0.0
защищать 0.001 0.585 0.001
тяжело 0.001 0.796 0.001
богдан 0.0 2.0 0.0
василько 0.0 2.0 0.0
бабуся 0.0 2.0 0.0
мама 0.002 0.854 0.002
чётко 0.0 1.0 0.0
кто 0.001 0.377 0.0
участник 0.001 0.658 0.001
отправиться 0.0 1.523 0.0
военкомат 0.0 1.398 0.0
прийтись 0.001 0.602 0.001
постоять 0.0 1.222 0.0
очередь 0.001 0.538 0.001
дождаться 0.0 1.222 0.0
оружие 0.0 0.921 0.0
сумятица 0.0 2.0 0.0
резервист 0.0 2.0 0.0
настойчивый 0.0 2.0 0.0
сразу 0.001 0.553 0.001
поехать 0.0 1.398 0.0
наш 0.002 0.337 0.001
мартовский 0.0 2.0 0.0
ветер 0.0 1.523 0.0
бетонный 0.0 1.699 0.0
блок 0.0 1.222 0.0
чекпойнт 0.0 2.0 0.0
путь 0.001 0.62 0.001
войско 0.002 0.678 0.001
прорваться 0.0 1.699 0.0
пригородный 0.0 2.0 0.0
бровары 0.0 1.523 0.0
отслеживать 0.0 1.398 0.0
сколько 0.0 0.585 0.0
километр 0.0 1.046 0.0
близкий 0.0 0.347 0.0
противостояние 0.0 1.523 0.0
диверсант 0.0 2.0 0.0
основный 0.0 0.62 0.0
задача 0.0 0.77 0.0
боец 0.001 1.523 0.002
тероборона 0.002 1.523 0.003
стоящий 0.0 1.699 0.0
вроде 0.001 0.658 0.001
броварский 0.0 2.0 0.0
направление 0.0 0.886 0.0
прорыв 0.001 1.699 0.002
броваров 0.0 1.699 0.0
гость 0.0 1.097 0.0
появиться 0.0 0.367 0.0
спина 0.0 1.155 0.0
дрг 0.001 2.0 0.002
высадка 0.0 1.699 0.0
десант 0.001 1.523 0.002
прорываться 0.0 1.523 0.0
машина 0.001 0.921 0.001
остановить 0.0 0.523 0.0
выстрел 0.0 1.301 0.0
вчера 0.001 1.222 0.001
передать 0.0 0.959 0.0
служба 0.0 0.678 0.0
фотографировать 0.0 1.699 0.0
пост 0.0 0.638 0.0
непонятно 0.0 0.921 0.0
любопытный 0.0 2.0 0.0
прятаться 0.0 1.0 0.0
похожий 0.0 0.602 0.0
нести 0.001 0.886 0.001
дедушка… 0.0 2.0 0.0
что-то 0.001 0.509 0.001
зацепить 0.0 1.699 0.0
ребята 0.0 1.046 0.0
запереть 0.0 1.699 0.0
спальная 0.0 2.0 0.0
район 0.0 0.678 0.0
пустынный 0.0 2.0 0.0
промзона 0.0 1.699 0.0
вокруг 0.001 0.721 0.001
ходить 0.001 0.77 0.001
везде 0.0 1.046 0.0
ночью 0.001 1.301 0.001
странный 0.0 1.301 0.0
издалёка 0.0 1.699 0.0
кто-то 0.001 0.523 0.001
сигналить 0.0 2.0 0.0
фонарик 0.0 2.0 0.0
послать 0.001 1.398 0.001
железный 0.0 1.398 0.0
дорога 0.001 0.959 0.001
семафор 0.0 2.0 0.0
костёр 0.0 1.398 0.0
окурок 0.0 2.0 0.0
бочка 0.0 2.0 0.0
собака 0.0 1.301 0.0
лаять 0.0 2.0 0.0
проверять 0.0 0.77 0.0
выезжать 0.0 1.222 0.0
лес 0.0 1.301 0.0
задержание 0.0 1.301 0.0
нарушать 0.0 1.155 0.0
где-то 0.001 0.721 0.001
железка 0.0 2.0 0.0
благополучно 0.0 1.699 0.0
состоять 0.0 0.959 0.0
получить 0.0 0.328 0.0
стать 0.002 0.149 0.0
дополнительный 0.0 0.77 0.0
выставлять 0.0 1.301 0.0
ежи 0.001 1.699 0.002
цеплять 0.0 2.0 0.0
техника 0.0 1.046 0.0
докопать 0.0 2.0 0.0
ров 0.0 2.0 0.0
обложиться 0.0 2.0 0.0
мешок 0.001 1.523 0.002
песок 0.001 1.097 0.001
штурм 0.0 1.699 0.0
подтверждать 0.0 1.097 0.0
продвигаться 0.0 1.699 0.0
любой 0.0 0.319 0.0
рассуждать 0.001 1.523 0.002
смотреть 0.0 0.62 0.0
узнать 0.001 0.481 0.0
мариуполь 0.002 0.77 0.002
продолжить 0.0 0.921 0.0
медленно 0.0 1.222 0.0
охватывать 0.0 1.699 0.0
северо-запад 0.0 1.699 0.0
спутниковый 0.0 1.699 0.0
данные 0.001 0.31 0.0
maxar 0.0 2.0 0.0
перегруппировалсить 0.0 2.0 0.0
трактовка 0.0 2.0 0.0
минобороны 0.001 1.046 0.001
великобритания 0.0 0.699 0.0
подготовка 0.0 0.886 0.0
проведение 0.0 0.921 0.0
операция 0.0 0.721 0.0
против 0.001 0.229 0.0
текущий 0.0 0.959 0.0
темп 0.0 0.959 0.0
понадобиться 0.0 1.301 0.0
сколько-то 0.0 2.0 0.0
эффективный 0.0 0.553 0.0
дальнейший 0.0 0.886 0.0
блокада 0.0 1.523 0.0
считать 0.001 0.319 0.0
основатель 0.0 1.222 0.0
аналитический 0.0 1.155 0.0
группа 0.001 0.387 0.0
conflict 0.0 1.523 0.0
intelligence 0.0 1.301 0.0
team 0.0 1.523 0.0
руслан 0.0 2.0 0.0
левиев 0.0 2.0 0.0
полгода 0.0 0.886 0.0
движение 0.0 0.921 0.0
офицер 0.0 1.523 0.0
главное 0.0 0.585 0.0
управление 0.0 0.824 0.0
разведка 0.0 1.301 0.0
министерство 0.0 1.046 0.0
называть 0.001 0.432 0.0
скептически 0.0 1.523 0.0
относиться 0.0 0.62 0.0
новость 0.0 0.357 0.0
скорый 0.0 0.921 0.0
кольцо 0.0 1.222 0.0
собеседник 0.001 1.097 0.001
сброс 0.0 2.0 0.0
основное 0.0 0.553 0.0
вертолёт 0.0 1.699 0.0
разный 0.0 0.276 0.0
действительно 0.0 0.377 0.0
ожесточённый 0.0 2.0 0.0
уличный 0.0 1.301 0.0
бой 0.0 0.959 0.0
убеждённый 0.001 1.398 0.001
бывший 0.0 0.699 0.0
военнослужащий 0.0 1.398 0.0
всу 0.0 1.699 0.0
мася 0.0 2.0 0.0
найть 0.001 2.0 0.002
принимать 0.0 0.432 0.0
участие 0.0 0.638 0.0
кампания 0.0 0.699 0.0
отказаться 0.0 0.62 0.0
уточнить 0.0 1.097 0.0
какой 0.0 0.357 0.0
качество 0.0 0.553 0.0
бабушка 0.001 1.0 0.001
вооружённый 0.0 1.0 0.0
думать 0.0 0.456 0.0
месиво 0.0 2.0 0.0
представлять 0.0 0.678 0.0
количество 0.0 0.481 0.0
армия 0.001 0.721 0.001
зайти 0.0 1.301 0.0
успокоить 0.0 1.523 0.0
мало 0.001 0.538 0.001
ответить 0.0 0.495 0.0
вопрос 0.0 0.276 0.0
хоронить 0.001 1.155 0.001
братский 0.001 1.155 0.001
могила 0.001 1.097 0.001
практически 0.001 0.602 0.001
электричество 0.001 1.0 0.001
лекарство 0.001 0.569 0.001
обстреливать 0.001 1.0 0.001
освобождать 0.001 1.222 0.001
столько 0.001 0.921 0.001
ненависть 0.001 1.222 0.001
наталья 0.002 1.097 0.002
нимченко 0.003 2.0 0.006
оранжевый 0.0 1.699 0.0
рваный 0.0 2.0 0.0
рана 0.0 1.699 0.0
бедро 0.0 1.699 0.0
мышца 0.0 1.523 0.0
серый 0.0 1.523 0.0
цвет 0.0 1.222 0.0
ранение 0.001 1.097 0.001
зашивать 0.0 2.0 0.0
лечение 0.0 0.77 0.0
проходить 0.0 0.495 0.0
этап 0.0 0.921 0.0
повреждение 0.0 1.398 0.0
подключить 0.0 2.0 0.0
белые 0.0 1.523 0.0
трубка 0.0 1.523 0.0
vac-система 0.0 2.0 0.0
ткань 0.0 1.046 0.0
восстанавливаться 0.0 1.523 0.0
убедиться 0.0 1.523 0.0
палата 0.001 1.699 0.002
составить 0.0 0.658 0.0
впечатление 0.0 1.398 0.0
снова 0.0 0.678 0.0
закрываться 0.0 1.301 0.0
простыня 0.0 2.0 0.0
ход 0.0 0.796 0.0
подсказывать 0.0 1.398 0.0
семилетний 0.0 1.699 0.0
варвар 0.002 1.699 0.003
мать 0.001 0.854 0.001
лежать 0.001 0.824 0.001
кидать 0.0 2.0 0.0
кость 0.0 1.699 0.0
выпадать 0.0 2.0 0.0
красный 0.001 1.097 0.001
грань 0.0 1.699 0.0
игральный 0.0 2.0 0.0
кубик 0.0 2.0 0.0
значит 0.0 0.444 0.0
основание 0.0 0.569 0.0
башня 0.0 1.699 0.0
пояснять 0.0 2.0 0.0
дженга 0.001 2.0 0.002
причём 0.0 0.62 0.0
капельница 0.001 1.699 0.002
находиться 0.0 0.367 0.0
больница 0.001 0.495 0.0
охматдеть 0.001 2.0 0.002
осколочный 0.0 1.699 0.0
медицинский 0.0 0.523 0.0
комплекс 0.0 1.046 0.0
попадать 0.0 0.854 0.0
обстрел 0.003 0.678 0.002
онкологический 0.0 1.222 0.0
заболевание 0.0 0.481 0.0
гемодиализ 0.0 2.0 0.0
отсюда 0.0 1.097 0.0
эвакуировать 0.0 1.523 0.0
новорождённый 0.0 1.301 0.0
воздушный 0.0 1.301 0.0
спускать 0.0 1.398 0.0
подвал 0.0 1.0 0.0
миномётный 0.001 1.155 0.001
семья 0.001 0.796 0.001
дочь 0.0 0.886 0.0
кирилл 0.001 1.222 0.001
покидать 0.0 1.046 0.0
ирпень 0.002 1.155 0.002
пригород 0.001 1.046 0.001
прославиться 0.0 1.699 0.0
мир 0.001 0.26 0.0
чудовищный 0.0 1.699 0.0
стоянка 0.0 2.0 0.0
добраться 0.0 1.398 0.0
винница 0.0 1.699 0.0
зелёный 0.0 1.155 0.0
крест 0.0 1.699 0.0
поздно 0.0 1.301 0.0
приехать 0.001 0.854 0.001
руль 0.0 1.523 0.0
удаться 0.001 0.456 0.0
проскочить 0.0 2.0 0.0
повезти 0.001 0.854 0.001
водительский 0.0 2.0 0.0
сидение 0.0 1.699 0.0
машина… 0.0 2.0 0.0
принять 0.0 0.42 0.0
подбирать 0.0 1.301 0.0
точнее 0.0 0.921 0.0
процитировать 0.0 1.523 0.0
взрослый 0.0 1.0 0.0
осколок 0.0 1.301 0.0
окно 0.001 0.886 0.001
посыпаться 0.0 2.0 0.0
россиянин 0.0 0.444 0.0
кинуть 0.0 2.0 0.0
граната 0.0 2.0 0.0
рассыпаться 0.0 2.0 0.0
отчётливо 0.0 2.0 0.0
конец 0.0 0.444 0.0
сознание 0.0 1.222 0.0
разлететься 0.0 1.398 0.0
мой 0.001 0.585 0.001
кожа 0.0 1.301 0.0
мясо 0.001 1.398 0.001
салон 0.0 1.523 0.0
варя 0.001 2.0 0.002
ранить 0.0 1.398 0.0
зазвенеть 0.0 2.0 0.0
ухо 0.0 1.523 0.0
услышать 0.0 1.155 0.0
сильно 0.0 0.509 0.0
кричать 0.0 1.155 0.0
умирать 0.0 1.046 0.0
спасти 0.0 0.854 0.0
говориться 0.0 0.796 0.0
поездка 0.0 1.155 0.0
медсестра 0.0 1.699 0.0
убирать 0.0 1.222 0.0
оба 0.0 0.62 0.0
пятка 0.001 2.0 0.002
описать 0.0 0.721 0.0
собственный 0.0 0.569 0.0
приклеить 0.0 1.699 0.0
госпиталь 0.0 1.699 0.0
подумать 0.0 1.0 0.0
обычный 0.0 0.509 0.0
ранка 0.0 2.0 0.0
вынимать 0.0 2.0 0.0
правый 0.001 1.046 0.001
молоток 0.0 2.0 0.0
ударить 0.0 1.097 0.0
описывать 0.001 1.0 0.001
рентгеновский 0.0 1.523 0.0
снимок 0.0 1.222 0.0
посыпать 0.0 2.0 0.0
крошка 0.0 2.0 0.0
множество 0.0 0.796 0.0
застрять 0.0 1.398 0.0
мелкий 0.0 1.222 0.0
варвара 0.0 2.0 0.0
аккуратный 0.0 1.699 0.0
уточнять 0.0 1.222 0.0
фрагмент 0.0 1.155 0.0
мина 0.0 1.699 0.0
прошить 0.0 2.0 0.0
выехать 0.0 1.222 0.0
ирпенить 0.0 1.523 0.0
занять 0.0 0.921 0.0
непрерывный 0.0 1.699 0.0
перенести 0.0 0.959 0.0
разрушить 0.0 0.77 0.0
прежде 0.0 0.62 0.0
соединять 0.0 1.523 0.0
четыре 0.0 0.509 0.0
грузить 0.0 2.0 0.0
равно 0.0 0.638 0.0
свешивать 0.0 2.0 0.0
явно 0.0 0.959 0.0
разговаривать 0.0 1.0 0.0
язык 0.0 0.678 0.0
спрашивать 0.0 0.886 0.0
отец 0.0 1.0 0.0
курский 0.0 1.699 0.0
область 0.0 0.523 0.0
украинка 0.0 1.398 0.0
учиться 0.0 0.959 0.0
честно 0.0 1.0 0.0
хватать 0.001 0.886 0.001
дыхание 0.0 1.301 0.0
ненавидеть 0.0 1.301 0.0
ирпена 0.001 1.398 0.001
объект 0.001 0.886 0.001
алкоголь 0.002 1.046 0.002
введение 0.001 0.658 0.001
сухой 0.001 1.398 0.001
закон 0.001 0.658 0.001
успеть 0.001 0.678 0.001
запастись 0.001 2.0 0.002
печь 0.0 2.0 0.0
хлеб 0.0 1.301 0.0
остановиться 0.0 0.959 0.0
хлебозавод 0.0 2.0 0.0
впервые 0.001 0.824 0.001
запах 0.001 1.523 0.002
посреди 0.0 1.398 0.0
улица 0.0 0.699 0.0
грузинский 0.0 2.0 0.0
ресторан 0.0 1.222 0.0
цинандали 0.0 2.0 0.0
остальной 0.0 0.553 0.0
местный 0.0 0.602 0.0
кафе 0.0 1.097 0.0
готовить 0.0 0.959 0.0
вывоз 0.0 2.0 0.0
перестать 0.0 0.678 0.0
включать 0.0 0.959 0.0
осветить 0.0 2.0 0.0
многоэтажка 0.0 1.301 0.0
цель 0.0 0.745 0.0
гореть 0.0 1.155 0.0
светофор 0.0 2.0 0.0
пустовать 0.0 2.0 0.0
трасса 0.001 1.398 0.001
расчищать 0.0 2.0 0.0
chris 0.0 2.0 0.0
mcgrath 0.0 2.0 0.0
getty 0.002 0.886 0.002
images 0.002 0.796 0.002
последствие 0.001 0.523 0.001
mykhaylo 0.0 2.0 0.0
palinchak 0.0 2.0 0.0
sopa 0.0 1.523 0.0
lightrocket 0.0 1.699 0.0
здание 0.003 0.854 0.003
лукьяновский 0.0 2.0 0.0
anastasia 0.001 2.0 0.002
vlasova 0.001 2.0 0.002
рынок 0.0 0.699 0.0
завод 0.0 0.959 0.0
артём 0.0 1.046 0.0
marcus 0.001 1.398 0.001
yam 0.001 1.398 0.001
los 0.001 1.301 0.001
angeles 0.001 1.301 0.001
times 0.001 0.699 0.001
советовать 0.0 0.854 0.0
перебегать 0.0 2.0 0.0
переходить 0.0 1.046 0.0
мирный 0.0 0.699 0.0
едва 0.001 1.523 0.002
завидеть 0.0 2.0 0.0
приближаться 0.0 1.155 0.0
транспорт 0.0 0.854 0.0
ездить 0.0 1.097 0.0
куражиться 0.0 2.0 0.0
справиться 0.001 1.097 0.001
стресс 0.0 1.398 0.0
добавлять 0.0 1.097 0.0
роман 0.001 1.398 0.001
захаров 0.001 1.699 0.002
прогулка 0.001 1.699 0.002
городской 0.0 1.046 0.0
многий 0.0 0.495 0.0
спешка 0.0 1.523 0.0
квартира 0.0 1.0 0.0
разрешение 0.0 0.886 0.0
хозяин 0.0 1.097 0.0
аптечка 0.0 2.0 0.0
знакомый 0.0 0.854 0.0
искать 0.0 0.678 0.0
дефицитный 0.0 2.0 0.0
немногие 0.0 2.0 0.0
аптека 0.0 1.0 0.0
длинный 0.0 1.0 0.0
завоз 0.0 1.523 0.0
туда 0.001 0.921 0.001
продуктовый 0.0 1.398 0.0
исчезнуть 0.0 1.398 0.0
половина 0.0 0.721 0.0
горожанин 0.0 1.523 0.0
легко 0.0 0.824 0.0
протеиновый 0.0 2.0 0.0
йогурт 0.0 2.0 0.0
немецкий 0.0 0.699 0.0
производство 0.0 0.658 0.0
соевый 0.0 2.0 0.0
молоко 0.0 1.699 0.0
раз 0.0 0.569 0.0
попадаться 0.0 1.699 0.0
обыкновенный 0.0 2.0 0.0
повседневный 0.0 1.398 0.0
продукт 0.0 0.678 0.0
сметана 0.0 2.0 0.0
кефир 0.0 2.0 0.0
рекламный 0.0 1.301 0.0
аналитик 0.0 1.301 0.0
предприниматель 0.0 1.155 0.0
координатор 0.0 1.699 0.0
волонтёрский 0.0 1.699 0.0
держаться 0.0 0.886 0.0
привычка 0.0 1.523 0.0
сегодня 0.001 0.638 0.001
ты 0.0 1.0 0.0
неважно 0.0 1.699 0.0
сирена 0.001 1.301 0.001
заходить 0.0 1.301 0.0
пейзажный 0.0 2.0 0.0
аллея 0.0 2.0 0.0
парк 0.0 1.699 0.0
холм 0.0 2.0 0.0
откуда 0.001 1.046 0.001
открываться 0.001 1.222 0.001
вид 0.0 0.398 0.0
взбираться 0.0 1.699 0.0
околица 0.0 2.0 0.0
лужа 0.0 1.699 0.0
гараж 0.0 1.523 0.0
буквально 0.0 0.886 0.0
прим 0.0 1.301 0.0
паспорт 0.0 1.046 0.0
волонтёр 0.0 0.959 0.0
полчаса 0.0 1.301 0.0
срезать 0.0 2.0 0.0
правительственный 0.0 1.301 0.0
квартал 0.0 0.959 0.0
моментально 0.0 2.0 0.0
допросить 0.0 2.0 0.0
обыскать 0.0 2.0 0.0
охрана 0.0 1.398 0.0
офис 0.0 1.046 0.0
совершить 0.0 1.155 0.0
десятка 0.0 0.721 0.0
покушение 0.0 2.0 0.0
советник 0.0 1.097 0.0
британский 0.0 0.721 0.0
the 0.0 0.481 0.0
сообщать 0.0 0.921 0.0
ликвидация 0.0 1.699 0.0
лидер 0.0 0.886 0.0
поручить 0.0 1.301 0.0
наёмник 0.0 1.699 0.0
чвк 0.0 1.699 0.0
вагнер 0.0 1.699 0.0
дым 0.001 1.301 0.001
ирпенемой 0.0 2.0 0.0
низко 0.0 1.699 0.0
висеть 0.0 1.301 0.0
облако 0.0 2.0 0.0
вчерашний 0.0 1.523 0.0
крайний 0.001 0.602 0.001
мера 0.001 0.377 0.0
чёрный 0.0 0.959 0.0
столб 0.0 1.699 0.0
видно 0.0 0.921 0.0
прилетать 0.0 1.699 0.0
ракета 0.0 1.0 0.0
недавний 0.0 1.0 0.0
вспышка 0.0 1.0 0.0
злобный 0.001 2.0 0.002
хакер-нацист 0.001 2.0 0.002
краса 0.001 2.0 0.002
морской 0.001 1.523 0.002
лиса 0.001 2.0 0.002
лис 0.003 2.0 0.006
хактивист 0.001 2.0 0.002
ник 0.0 1.523 0.0
s34f00x 0.0 2.0 0.0
допить 0.0 1.699 0.0
победный 0.0 2.0 0.0
капля 0.0 1.301 0.0
выносить 0.0 1.222 0.0
сервер 0.001 1.699 0.002
автоматизировать 0.0 2.0 0.0
бизнес-процесс 0.001 2.0 0.002
госструктура 0.0 1.699 0.0
почта 0.0 1.523 0.0
госуслуга 0.0 1.398 0.0
департамент 0.0 1.097 0.0
информационный 0.0 0.854 0.0
технология 0.0 1.0 0.0
москва 0.0 0.523 0.0
ростелеком 0.0 2.0 0.0
газпром 0.0 2.0 0.0
переворачивать 0.0 2.0 0.0
вверх 0.0 1.398 0.0
дно 0.0 2.0 0.0
фляжка 0.0 2.0 0.0
миллилитр 0.0 1.699 0.0
коллекционный 0.0 2.0 0.0
вискарика 0.0 2.0 0.0
грустно 0.0 1.398 0.0
кукуха 0.0 2.0 0.0
маленький-маленький 0.0 2.0 0.0
глоточек 0.0 2.0 0.0
мочить 0.0 1.301 0.0
дробовик 0.001 1.699 0.002
карман 0.0 1.523 0.0
куртка 0.0 1.301 0.0
хакер 0.002 2.0 0.004
надеть 0.001 1.301 0.001
дача 0.0 1.523 0.0
глухо 0.0 2.0 0.0
далеко 0.0 0.745 0.0
васильков 0.0 1.523 0.0
интернет 0.0 0.921 0.0
интервью 0.001 0.745 0.001
s34f0x 0.001 2.0 0.002
расстелить 0.0 2.0 0.0
голый 0.0 1.523 0.0
около 0.0 0.432 0.0
проснуться 0.0 1.097 0.0
каморка 0.0 2.0 0.0
молодой 0.0 0.854 0.0
целиком 0.0 1.301 0.0
помещаться 0.0 2.0 0.0
обзор 0.0 1.046 0.0
сервис 0.0 0.959 0.0
google 0.0 1.301 0.0
meet 0.0 1.523 0.0
созваниваться 0.0 1.398 0.0
занавесить 0.0 2.0 0.0
покрывало 0.0 2.0 0.0
мешать 0.0 0.824 0.0
техподдержка 0.001 2.0 0.002
большинство 0.0 0.509 0.0
устраивать 0.0 0.886 0.0
атака 0.001 0.959 0.001
пододеяльник 0.0 1.699 0.0
украсить 0.0 1.523 0.0
ромашка 0.0 2.0 0.0
хвастаться 0.0 2.0 0.0
откуда-то 0.0 1.699 0.0
камера 0.0 1.097 0.0
тир 0.0 2.0 0.0
развлекаться 0.0 2.0 0.0
купить 0.0 0.796 0.0
патрон 0.0 1.699 0.0
воевать 0.0 0.886 0.0
плоскость 0.0 2.0 0.0
польза 0.0 0.745 0.0
реальный 0.0 0.638 0.0
devops-инженер 0.0 2.0 0.0
попрощаться 0.0 2.0 0.0
рабочий 0.0 0.886 0.0
чат 0.0 1.097 0.0
присоединиться 0.0 1.046 0.0
цифровой 0.0 1.523 0.0
сопротивление 0.0 1.301 0.0
написать 0.0 0.62 0.0
кибервоевать 0.0 2.0 0.0
киберволонтёр 0.0 2.0 0.0
заглядывать 0.0 2.0 0.0
киберсопротивление 0.0 2.0 0.0
вырасти 0.0 0.824 0.0
тысяча 0.0 0.31 0.0
насчитывать 0.0 1.699 0.0
крупный 0.0 0.523 0.0
известный 0.0 0.569 0.0
телеграма-канал 0.0 1.523 0.0
организация 0.0 0.509 0.0
ddos-нападение 0.0 2.0 0.0
группировка 0.0 1.398 0.0
anonymous 0.0 1.398 0.0
оно 0.0 0.444 0.0
ответственность 0.0 0.678 0.0
переставать 0.0 1.155 0.0
сайт 0.002 0.658 0.001
кремль 0.001 0.824 0.001
rt 0.0 0.824 0.0
сми 0.0 0.602 0.0
появляться 0.0 0.658 0.0
антивоенный 0.0 0.796 0.0
лозунг 0.0 1.398 0.0
роскосмос 0.0 1.699 0.0
страдать 0.0 1.222 0.0
утечка 0.0 1.301 0.0
выламывать 0.0 2.0 0.0
старый 0.0 0.658 0.0
уязвимость 0.0 2.0 0.0
метод 0.0 0.678 0.0
финсектор 0.0 2.0 0.0
серьёзный 0.0 0.553 0.0
барахло 0.001 2.0 0.002
фсб 0.0 1.155 0.0
фсин 0.0 2.0 0.0
любимый 0.0 1.222 0.0
баннер 0.0 0.066 0.0
флаг 0.0 1.0 0.0
останавливать 0.001 1.097 0.001
танк 0.001 0.854 0.001
масса 0.0 1.046 0.0
мент 0.0 2.0 0.0
дубинка 0.0 2.0 0.0
рассылать 0.0 2.0 0.0
депутат 0.0 1.155 0.0
госдума 0.0 1.046 0.0
эсэмэски 0.0 2.0 0.0
звучать 0.0 0.959 0.0
путин 0.0 0.523 0.0
застрелиться 0.0 2.0 0.0
бежать 0.0 0.796 0.0
главный 0.0 0.276 0.0
достижение 0.0 1.097 0.0
взлом 0.001 2.0 0.002
подрядчик 0.0 1.699 0.0
организовать 0.0 0.921 0.0
госсектор 0.0 2.0 0.0
фирма 0.0 1.523 0.0
битва 0.0 1.301 0.0
инфраструктура 0.001 1.301 0.001
ломиться 0.0 2.0 0.0
выбить 0.0 1.699 0.0
вернуться 0.0 0.638 0.0
картинка 0.001 1.155 0.001
видеозвонок 0.0 2.0 0.0
трястись 0.0 1.699 0.0
возбуждение 0.0 1.398 0.0
опрокидывать 0.0 2.0 0.0
ноутбук 0.0 1.699 0.0
вынести 0.0 1.398 0.0
терабайт 0.001 2.0 0.002
вражеский 0.0 1.699 0.0
сходить 0.0 1.222 0.0
футболка 0.0 1.398 0.0
переодеть 0.0 2.0 0.0
больно 0.0 1.398 0.0
запустить 0.0 1.046 0.0
тактика 0.0 1.398 0.0
выжечь 0.0 2.0 0.0
масштаб 0.0 1.155 0.0
подозрение 0.0 1.046 0.0
скоро 0.0 0.796 0.0
окончательно 0.0 1.301 0.0
кэшаут 0.0 2.0 0.0
казино 0.0 2.0 0.0
накопить 0.0 1.523 0.0
бабло 0.0 2.0 0.0
начаться 0.0 0.367 0.0
мандраж 0.0 2.0 0.0
шесть 0.0 0.745 0.0
вручную 0.001 1.699 0.002
выкачивать 0.0 2.0 0.0
интересный 0.0 1.155 0.0
база 0.001 0.854 0.001
складывать 0.0 1.699 0.0
некуда 0.0 1.301 0.0
прощание 0.0 1.699 0.0
ломать 0.0 1.523 0.0
удалить 0.001 1.222 0.001
бэкап 0.0 2.0 0.0
положить 0.0 1.0 0.0
один-единственный 0.0 1.699 0.0
скриншот 0.0 1.523 0.0
фссп 0.0 2.0 0.0
ведомство 0.0 0.796 0.0
подвергнуться 0.0 1.398 0.0
дефейс 0.0 2.0 0.0
финал 0.0 2.0 0.0
наконец-то 0.0 1.222 0.0
счёт 0.0 0.721 0.0
быстрый 0.0 0.699 0.0
сменить 0.0 1.699 0.0
пароль 0.0 2.0 0.0
стереть 0.0 1.523 0.0
утверждение 0.0 1.222 0.0
завершиться 0.0 1.097 0.0
набивать 0.0 2.0 0.0
команда 0.001 1.222 0.001
удаление 0.0 1.699 0.0
аж 0.0 1.699 0.0
трясти 0.0 1.523 0.0
дрожать 0.0 1.523 0.0
опечатка 0.0 1.699 0.0
стирать 0.0 1.097 0.0
уговаривать 0.0 1.699 0.0
успокоиться 0.0 1.301 0.0
дышать 0.001 1.301 0.001
жертва 0.0 0.824 0.0
киберподразделение 0.0 2.0 0.0
гру 0.0 2.0 0.0
предположительно 0.0 1.301 0.0
атаковать 0.0 1.046 0.0
накануне 0.0 1.046 0.0
смущать 0.0 2.0 0.0
ответ 0.0 0.432 0.0
приручить 0.0 2.0 0.0
посадить 0.0 1.398 0.0
трон 0.0 2.0 0.0
перед 0.0 2.0 0.0
я 0.0 1.097 0.0
структура 0.0 0.745 0.0
целый 0.0 0.658 0.0
сидеть 0.0 0.77 0.0
сносить 0.0 1.699 0.0
чертовый 0.0 2.0 0.0
бабушке… 0.0 2.0 0.0
незабываемый 0.0 1.699 0.0
обездоливать 0.0 2.0 0.0
старик 0.0 1.398 0.0
смеяться 0.0 1.301 0.0
ага 0.0 2.0 0.0
поднимать 0.001 1.301 0.001
глазок 0.001 2.0 0.002
человечек 0.001 1.699 0.002
автоматный 0.001 1.699 0.002
огонь 0.001 1.046 0.001
третий 0.0 0.553 0.0
боевой 0.0 0.77 0.0
медик 0.001 1.301 0.001
130-го 0.001 2.0 0.002
ася 0.001 2.0 0.002
куницкай 0.001 2.0 0.002
снайпер 0.002 2.0 0.004
мечтательный 0.0 2.0 0.0
интонация 0.0 1.699 0.0
сотый 0.0 1.699 0.0
улыбка 0.0 1.699 0.0
плачевно 0.0 2.0 0.0
немножко 0.0 1.222 0.0
личико 0.0 2.0 0.0
асфальт 0.0 1.699 0.0
слава 0.0 1.301 0.0
бог 0.0 1.097 0.0
обойтись 0.0 1.222 0.0
возглавлять 0.0 1.301 0.0
медпункт 0.001 2.0 0.002
районный 0.0 1.398 0.0
администрация 0.001 0.959 0.001
переоборудовать 0.0 2.0 0.0
снайперский 0.0 2.0 0.0
плохо 0.0 0.569 0.0
впечатлительный 0.0 2.0 0.0
мальчик 0.0 1.222 0.0
21–22 0.0 2.0 0.0
бронежилет 0.0 2.0 0.0
прилечь 0.0 2.0 0.0
упасть 0.0 0.77 0.0
давление 0.0 0.699 0.0
протягивать 0.0 1.699 0.0
венный 0.0 2.0 0.0
жгутик 0.0 2.0 0.0
ампула 0.0 1.523 0.0
дексаметазон 0.0 2.0 0.0
потянуться 0.0 1.699 0.0
ставить 0.0 0.886 0.0
вена 0.0 1.699 0.0
санитар 0.001 2.0 0.002
тарас 0.001 2.0 0.002
тополь 0.002 1.523 0.003
ползти 0.0 1.699 0.0
куда-то 0.0 1.222 0.0
абсолютно 0.0 0.721 0.0
поворачивать 0.0 2.0 0.0
макдоналдс 0.0 1.699 0.0
силуэт 0.0 2.0 0.0
пригнуться 0.0 2.0 0.0
свист 0.0 1.699 0.0
стеночка 0.0 2.0 0.0
дырочка 0.0 1.699 0.0
найти 0.0 0.456 0.0
независимый 0.0 0.409 0.0
подтверждение 0.0 1.301 0.0
э 0.0 2.0 0.0
автоматчик 0.0 2.0 0.0
солист 0.001 1.523 0.002
поп-рок-группа 0.0 2.0 0.0
антитiть 0.001 2.0 0.002
асина 0.0 2.0 0.0
бригада 0.0 1.222 0.0
сергей 0.0 0.796 0.0
вусик 0.0 2.0 0.0
клавишник 0.0 2.0 0.0
продюсер 0.0 1.699 0.0
коллектив 0.0 1.523 0.0
звезда 0.0 1.301 0.0
нету 0.0 1.699 0.0
2014-м 0.0 1.699 0.0
гуманитарка 0.0 1.699 0.0
дружба 0.0 1.699 0.0
родить 0.0 1.301 0.0
обречь 0.0 1.699 0.0
вечность 0.0 2.0 0.0
расписание 0.0 2.0 0.0
июнь 0.0 0.699 0.0
концерт 0.0 1.097 0.0
большой 0.0 0.347 0.0
стадионный 0.0 2.0 0.0
тур 0.0 2.0 0.0
выпуск 0.0 0.959 0.0
альбом 0.0 1.523 0.0
mlnl 0.0 2.0 0.0
миллениальный 0.0 2.0 0.0
презентовать 0.0 2.0 0.0
итог 0.0 0.509 0.0
пиар 0.0 1.699 0.0
стадион 0.0 1.699 0.0
гитарист 0.0 2.0 0.0
жолудь 0.0 2.0 0.0
записаться 0.0 1.398 0.0
гитара 0.0 1.699 0.0
каптёрщик 0.0 2.0 0.0
поздравить 0.0 1.699 0.0
весна 0.0 1.0 0.0
поиграть 0.0 2.0 0.0
старенький 0.0 1.523 0.0
песня 0.001 1.097 0.001
проверить 0.0 0.886 0.0
хит 0.0 2.0 0.0
хотеться 0.0 0.77 0.0
слышный 0.0 1.046 0.0
резкий 0.0 1.155 0.0
спирт 0.0 1.523 0.0
дезинфицировать 0.0 2.0 0.0
осмотр 0.0 1.523 0.0
поставить 0.0 0.796 0.0
занимать 0.0 1.0 0.0
четвёртый 0.0 1.222 0.0
пятый 0.0 0.854 0.0
парковочный 0.0 2.0 0.0
больничный 0.0 1.523 0.0
койка 0.0 1.699 0.0
оборудовать 0.0 2.0 0.0
массажный 0.0 2.0 0.0
стол 0.0 1.0 0.0
лазарет 0.0 2.0 0.0
огородить 0.0 2.0 0.0
превращаться 0.0 1.523 0.0
штаб 0.001 1.155 0.001
постепенно 0.0 1.222 0.0
укрепление 0.0 1.699 0.0
пункт 0.0 0.721 0.0
дислокация 0.0 2.0 0.0
указывать 0.001 0.796 0.001
16-й 0.0 1.699 0.0
расставить 0.001 2.0 0.002
глубокий 0.0 1.097 0.0
офисный 0.0 2.0 0.0
кресло 0.0 1.523 0.0
опора 0.0 1.398 0.0
парковка 0.0 1.699 0.0
наклеить 0.0 2.0 0.0
листок 0.0 2.0 0.0
надпись 0.0 1.222 0.0
кабинет 0.0 1.222 0.0
спинка 0.0 2.0 0.0
стул 0.0 1.523 0.0
соседство 0.001 2.0 0.002
прикрепить 0.0 1.523 0.0
вывеска 0.0 1.699 0.0
баррикада 0.0 1.699 0.0
выстроить 0.0 1.155 0.0
сейф 0.0 1.699 0.0
деревянный 0.0 2.0 0.0
поддон 0.0 2.0 0.0
комната 0.0 1.301 0.0
коктейль 0.0 1.523 0.0
молотов 0.0 1.699 0.0
повести 0.0 1.523 0.0
дыра 0.0 1.301 0.0
обшивка 0.0 2.0 0.0
пуля 0.0 2.0 0.0
целиться 0.0 2.0 0.0
куницковать 0.0 2.0 0.0
сквозь 0.0 1.699 0.0
плитка 0.0 2.0 0.0
внутрь 0.0 1.523 0.0
лужайка 0.0 2.0 0.0
раскидать 0.0 2.0 0.0
шина 0.0 1.699 0.0
боковой 0.0 2.0 0.0
заложить 0.0 1.523 0.0
перекрёсток 0.0 2.0 0.0
загромождать 0.0 2.0 0.0
пешеходный 0.0 2.0 0.0
зебра 0.0 2.0 0.0
противотанковый 0.0 1.398 0.0
часть 0.0 0.377 0.0
сварить 0.0 1.699 0.0
арматура 0.0 2.0 0.0
столбик 0.0 2.0 0.0
ленточный 0.0 2.0 0.0
ограждение 0.0 1.699 0.0
обычно 0.0 0.523 0.0
аэропорт 0.0 1.222 0.0
торговый 0.0 1.046 0.0
след 0.0 1.398 0.0
нанести 0.0 1.222 0.0
невооружённый 0.0 1.699 0.0
обжечь 0.0 2.0 0.0
нежелательно 0.0 1.523 0.0
наступление 0.0 1.097 0.0
повод 0.0 0.553 0.0
многократный 0.0 2.0 0.0
прослушивание 0.0 1.699 0.0
красиво 0.0 1.699 0.0
выпустить 0.0 0.699 0.0
медбригада 0.0 2.0 0.0
проникнуть 0.0 1.398 0.0
вряд 0.0 0.854 0.0
догадываться 0.0 1.523 0.0
львов 0.001 1.301 0.001
24/7 0.0 0.102 0.0
интерес 0.0 0.155 0.0
читателейн 0.0 0.174 0.0
срочно 0.0 0.167 0.0
редакция 0.001 0.066 0.0
кодекс 0.0 0.066 0.0
блог 0.0 0.066 0.0
meduzacare 0.0 0.066 0.0
связаться 0.0 0.066 0.0
анонимно 0.0 0.066 0.0
ios 0.0 0.066 0.0
android 0.0 0.066 0.0
инстаграм 0.0 0.066 0.0
twitter 0.0 0.0 0.0
facebook 0.0 0.0 0.0
вконтакте 0.0 0.066 0.0
youtube 0.0 0.06 0.0
– 0.0 0.06 0.0
live 0.0 0.022 0.0
вечерний 0.0 0.066 0.0
реклама 0.001 0.066 0.0
требование 0.0 0.066 0.0
безопасно 0.0 0.066 0.0
персональный 0.0 0.066 0.0
дать 0.0 0.066 0.0
правило 0.0 0.066 0.0
обработка 0.0 0.066 0.0
использование 0.0 0.066 0.0
кук 0.0 0.066 0.0
ошибка 0.0 0.066 0.0
выделить 0.0 0.066 0.0
нажать 0.0 0.066 0.0
ctrl+enter 0.0 0.066 0.0
спасибоgiphyз 0.0 0.066 0.0
гифка 0.0 0.066 0.0
© 0.0 0.0 0.0
