перейти 0.001 0.066 0.0
материал 0.001 0.066 0.0
связь 0.001 0.0 0.0
новостиисторииразборшапитокоронавирусмагаз 0.001 0.066 0.0
медуза 0.019000000000000003 0.066 0.001
рекламаmeduza 0.001 0.066 0.0
in 0.001 0.0 0.0
english 0.001 0.06 0.0
показывать 0.001 0.066 0.0
порядок 0.001 0.066 0.0
en 0.001 0.066 0.0
кнопка 0.001 0.066 0.0
поддержка 0.004 0.066 0.0
meduzacare 0.007 0.066 0.0
программа 0.002 0.824 0.002
благотворитель 0.01 2.0 0.02
месяц 0.016 0.432 0.007
один 0.001 0.119 0.0
тема 0.002 0.678 0.001
регулярный 0.001 1.301 0.001
пожертвование 0.001 1.523 0.002
должный 0.001 0.201 0.0
стать 0.004 0.149 0.001
привычка 0.001 1.523 0.002
это 0.013 0.066 0.001
январь 0.003 0.824 0.002
время 0.006 0.086 0.001
ковид 0.004 0.387 0.002
февраль 0.004 0.337 0.001
зоозащита 0.003 2.0 0.006
март 0.004 0.284 0.001
спина 0.006 1.155 0.007
бифид 0.006 2.0 0.012
апрель 0.003 0.886 0.003
технология 0.003 1.0 0.003
инклюзивность 0.003 2.0 0.006
май 0.001 0.959 0.001
– 0.003 0.06 0.0
июнь 0.006 0.699 0.004
работа 0.009000000000000001 0.357 0.003
человек 0.026000000000000002 0.092 0.002
особенность 0.006 0.854 0.005
июль 0.007 0.959 0.007
инсульт 0.011 1.398 0.015
август 0.003 0.854 0.003
ветеран 0.003 1.699 0.005
чеченский 0.004 1.523 0.006
война 0.004 0.357 0.001
сентябрь 0.003 0.824 0.002
филантропия 0.003 2.0 0.006
россия 0.01 0.108 0.001
октябрь 0.003 0.796 0.002
помощь 0.005 0.071 0.0
ребёнок 0.009000000000000001 0.387 0.003
ноябрь 0.003 0.699 0.002
климатический 0.004 2.0 0.008
кризис 0.003 0.921 0.003
декабрь 0.005 0.745 0.004
регион 0.002 0.638 0.001
распределение 0.001 1.398 0.001
измениться 0.001 0.745 0.001
идея 0.001 0.585 0.001
писать 0.002 0.347 0.001
сюда 0.001 1.097 0.001
care 0.001 1.301 0.001
meduza.io 0.001 1.398 0.001
бедность 0.001 1.699 0.002
история 0.038000000000000006 0.26 0.01
год 0.026000000000000002 0.119 0.003
пандемия 0.004 0.538 0.002
многие 0.003 0.284 0.001
россиянин 0.002 0.444 0.001
потерять 0.001 0.854 0.001
оказаться 0.001 0.31 0.0
черта 0.001 1.301 0.001
бедностивот 0.001 2.0 0.002
пытаться 0.002 0.409 0.001
помочь 0.006 0.125 0.001
региональный 0.001 1.0 0.001
благотворительный 0.001 1.523 0.002
фонд 0.001 1.0 0.001
назад 0.038 0.18 0.007
вокруг 0.001 0.721 0.001
плевать 0.001 2.0 0.002
мир 0.001 0.26 0.0
рушиться 0.001 2.0 0.002
постоянно 0.004 0.62 0.002
думать 0.003 0.456 0.001
рассказывать 0.003 0.337 0.001
такой 0.001 0.114 0.0
экотревожность 0.001 2.0 0.002
подросток 0.001 1.155 0.001
жить 0.007 0.481 0.003
ожидание 0.001 1.222 0.001
катастрофа 0.001 0.886 0.001
весь 0.004 0.114 0.0
система 0.002 0.398 0.001
настроить 0.001 1.0 0.001
сирота 0.001 2.0 0.002
объяснять 0.001 0.538 0.001
нужно 0.004 0.237 0.001
реформировать 0.001 2.0 0.002
орган 0.001 0.886 0.001
опека 0.001 2.0 0.002
избежать 0.001 1.046 0.001
появление 0.001 0.699 0.001
сиротский 0.001 2.0 0.002
династия 0.001 2.0 0.002
открыть 0.001 0.538 0.001
школа 0.001 0.699 0.001
программирование 0.001 2.0 0.002
аул 0.001 2.0 0.002
безумие 0.001 1.398 0.001
сам 0.001 0.137 0.0
отреставрировать 0.001 2.0 0.002
центр 0.001 0.432 0.0
город 0.001 0.409 0.0
возможно 0.001 0.398 0.0
дать 0.002 0.066 0.0
реальновот 0.001 2.0 0.002
тот 0.001 0.131 0.0
кто 0.001 0.377 0.0
получиться 0.001 0.745 0.001
помогать 0.004 0.444 0.002
другой 0.004 0.097 0.0
нужный 0.001 0.086 0.0
больший 0.001 0.328 0.0
деньга 0.001 0.602 0.001
оказываться 0.001 0.721 0.001
просто 0.001 0.194 0.0
делать 0.003 0.18 0.001
любить 0.001 0.921 0.001
бесплатнорассказывать 0.001 2.0 0.002
устроить 0.001 0.854 0.001
разбор 0.018 0.387 0.007
ровно 0.001 1.222 0.001
закончиться 0.001 0.62 0.001
первый 0.002 0.143 0.0
главное 0.001 0.585 0.001
знать 0.003 0.244 0.001
последствие 0.001 0.523 0.001
конфликт 0.001 0.959 0.001
северный 0.001 0.824 0.001
кавказ 0.001 2.0 0.002
пять 0.001 0.432 0.0
график 0.001 1.222 0.001
работать 0.004 0.102 0.0
риск 0.002 0.357 0.001
увеличиться 0.001 1.523 0.002
заметить 0.001 0.886 0.001
близкий 0.004 0.347 0.001
невыносимый 0.001 1.097 0.001
стыдный 0.001 1.523 0.002
вопрос 0.004 0.276 0.001
плохой 0.001 0.509 0.001
новость 0.001 0.357 0.0
молодеть 0.001 2.0 0.002
хороший 0.003 0.377 0.001
мочь 0.004 0.102 0.0
снизить 0.001 0.854 0.001
инструкция 0.01 0.699 0.007
самый 0.002 0.208 0.0
страшный 0.001 0.959 0.001
живой 0.001 0.553 0.001
публиковать 0.001 0.638 0.001
читатель 0.001 0.523 0.001
полный 0.001 0.377 0.0
боль 0.001 0.699 0.001
любовь 0.001 1.0 0.001
говорить 0.001 0.18 0.0
овощ 0.001 1.523 0.002
полмиллиона 0.001 1.699 0.002
ежегодно 0.001 1.523 0.002
переносить 0.001 1.155 0.001
некоторый 0.002 0.222 0.0
отчаяться 0.001 2.0 0.002
научиться 0.001 1.301 0.001
заново 0.001 1.523 0.002
ранний 0.001 0.409 0.0
который 0.006 0.071 0.0
хотеть 0.001 0.102 0.0
обманутьполтор 0.001 2.0 0.002
петербург 0.001 1.222 0.001
появиться 0.002 0.367 0.001
огурец 0.001 2.0 0.002
кафе 0.001 1.097 0.001
сделать 0.001 0.208 0.0
офис 0.001 1.046 0.001
удобный 0.001 1.523 0.002
инвалидность 0.003 1.699 0.005
немой 0.001 0.585 0.001
лёгкий 0.001 0.638 0.001
простой 0.001 0.538 0.001
казаться 0.001 0.409 0.0
найти 0.001 0.456 0.0
специалист 0.001 0.796 0.001
легко 0.001 0.824 0.001
реально 0.001 0.959 0.001
разговаривать 0.001 1.0 0.001
перчатка 0.001 2.0 0.002
курс 0.001 0.824 0.001
реабилитация 0.001 1.699 0.002
пройти 0.001 0.387 0.0
орбита 0.001 1.523 0.002
марс 0.001 1.699 0.002
инклюзивный 0.001 2.0 0.002
проект 0.001 0.745 0.001
особый 0.001 0.745 0.001
потребность 0.001 1.222 0.001
несколько 0.001 0.187 0.0
мощный 0.001 1.046 0.001
доказательство 0.001 0.824 0.001
из 0.001 1.699 0.002
день 0.002 0.167 0.0
чувствовать 0.001 0.678 0.001
видеть 0.004 0.444 0.002
слышать 0.002 0.745 0.001
болеть 0.001 0.745 0.001
шизофрения 0.001 2.0 0.002
приложение 0.001 1.097 0.001
игра 0.001 1.0 0.001
позволять 0.001 0.585 0.001
хотя 0.001 0.276 0.0
отчасти 0.001 1.398 0.001
пережить 0.001 1.097 0.001
опыт 0.001 0.699 0.001
собираться 0.001 0.602 0.001
сидеть 0.001 0.77 0.001
сложить 0.001 1.523 0.002
рука 0.002 0.62 0.001
складыватькак 0.001 2.0 0.002
чернобыльский 0.001 1.155 0.001
майкл 0.001 1.699 0.002
тримбла 0.001 2.0 0.002
добиваться 0.001 1.301 0.001
жизнь 0.003 0.319 0.001
вызывать 0.001 0.523 0.001
родитель 0.002 0.854 0.002
ярость 0.001 1.699 0.002
из-за 0.003 0.229 0.001
твой 0.001 1.046 0.001
диагноз 0.001 1.398 0.001
врач 0.002 0.509 0.001
добиться 0.001 1.046 0.001
мечтать 0.001 1.523 0.002
рождаться 0.001 2.0 0.002
дефект 0.001 1.699 0.002
позвоночник 0.001 2.0 0.002
принимать 0.001 0.432 0.0
тяжёлый 0.002 0.377 0.001
решение 0.001 0.347 0.0
зависеть 0.001 0.509 0.001
здоровье 0.003 0.796 0.002
ваш 0.001 0.081 0.0
ошибиться 0.001 1.222 0.001
отвечать 0.002 0.456 0.001
тяжелобольной 0.001 1.523 0.002
гражданка 0.001 2.0 0.002
лев 0.001 1.046 0.001
показать 0.001 0.432 0.0
кристина 0.001 1.097 0.001
сафонов 0.001 1.155 0.001
вера 0.001 1.398 0.001
чаплин 0.001 2.0 0.002
писательница 0.001 2.0 0.002
держать 0.001 0.824 0.001
дикий 0.001 1.699 0.002
зверь 0.001 1.699 0.002
коммуналка 0.001 2.0 0.002
знаменитость 0.001 1.699 0.002
забыть 0.001 1.046 0.001
улица 0.001 0.699 0.001
бездомный 0.001 1.699 0.002
собака 0.002 1.301 0.003
кошка 0.002 1.398 0.003
животный 0.001 1.523 0.002
подробный 0.001 0.569 0.001
гуманный 0.001 2.0 0.002
законодательство 0.001 1.097 0.001
животное 0.001 0.854 0.001
бродячий 0.001 2.0 0.002
продолжать 0.002 0.292 0.001
убивать 0.001 0.824 0.001
большинство 0.001 0.509 0.001
изучить 0.001 0.854 0.001
почему 0.003 0.337 0.001
российский 0.001 0.071 0.0
аптека 0.001 1.0 0.001
пропадать 0.001 1.699 0.002
лекарство 0.002 0.569 0.001
главный 0.001 0.276 0.0
ответ 0.001 0.432 0.0
вообще 0.003 0.066 0.0
никто 0.001 0.432 0.0
достаточнобольшоя 0.001 2.0 0.002
исследование 0.001 0.42 0.0
смочь 0.001 0.328 0.0
уйти 0.001 0.77 0.001
удалёнка 0.001 2.0 0.002
стоить 0.001 0.469 0.0
задержать 0.001 0.959 0.001
дыхание 0.001 1.301 0.001
ждать 0.001 0.481 0.0
месяцевкак 0.001 2.0 0.002
муковисцидоз 0.001 2.0 0.002
лишиться 0.001 1.097 0.001
объявлять 0.001 1.398 0.001
годрассказывать 0.001 2.0 0.002
какой 0.001 0.357 0.0
ментальный 0.001 2.0 0.002
каждый 0.001 0.244 0.0
пациент 0.001 0.678 0.001
здоровый 0.001 1.046 0.001
часть 0.001 0.377 0.0
увидетьрассказывать 0.001 2.0 0.002
единственный 0.001 0.481 0.0
москва 0.001 0.523 0.001
детский 0.001 0.77 0.001
психиатрический 0.001 2.0 0.002
больница 0.001 0.495 0.0
изменить 0.001 0.538 0.001
столица 0.001 0.854 0.001
слишком 0.001 0.553 0.001
есть 0.003 1.046 0.003
общий 0.001 0.444 0.0
явно 0.001 0.959 0.001
проблема 0.001 0.347 0.0
еда 0.001 0.678 0.001
биполярный 0.001 2.0 0.002
расстройство 0.002 1.699 0.003
весело 0.001 2.0 0.002
грустно 0.001 1.398 0.001
оно 0.001 0.444 0.0
часто 0.001 0.456 0.0
встречаться 0.001 0.824 0.001
талантливый 0.001 1.523 0.002
вести 0.001 0.553 0.001
депрессия 0.001 1.523 0.002
пойти 0.001 0.509 0.001
психиатр 0.001 1.699 0.002
поставить 0.001 0.796 0.001
учёт 0.001 0.824 0.001
госпитализировать 0.001 0.959 0.001
мой 0.001 0.585 0.001
согласие 0.001 1.046 0.001
важный 0.001 0.284 0.0
право 0.001 0.538 0.001
психический 0.001 2.0 0.002
самоубийство 0.001 1.699 0.002
медленноекак 0.001 2.0 0.002
девушка 0.001 0.959 0.001
злоупотреблять 0.001 1.523 0.002
мочегонное 0.001 2.0 0.002
антидепрессант 0.001 1.699 0.002
похудеть 0.001 1.699 0.002
репортаж 0.001 0.678 0.001
зеркало 0.001 2.0 0.002
чужое 0.001 2.0 0.002
человекакака 0.001 2.0 0.002
анорексия 0.001 1.699 0.002
булимия 0.001 2.0 0.002
искажённый 0.001 1.523 0.002
восприятие 0.001 1.523 0.002
свой 0.001 0.143 0.0
тело 0.001 0.886 0.001
редакция 0.003 0.066 0.0
кодекс 0.001 0.066 0.0
блог 0.001 0.066 0.0
связаться 0.001 0.066 0.0
мы 0.001 0.066 0.0
анонимно 0.001 0.066 0.0
поддержать 0.001 0.066 0.0
платформа 0.003 0.066 0.0
ios 0.001 0.066 0.0
android 0.001 0.066 0.0
инстаграм 0.001 0.066 0.0
twitter 0.001 0.0 0.0
facebook 0.001 0.0 0.0
вконтакте 0.001 0.066 0.0
youtube 0.001 0.06 0.0
meduza 0.003 0.0 0.0
live 0.001 0.022 0.0
вечерний 0.001 0.066 0.0
реклама 0.003 0.066 0.0
требование 0.001 0.066 0.0
баннер 0.001 0.066 0.0
безопасно 0.001 0.066 0.0
персональный 0.001 0.066 0.0
правило 0.001 0.066 0.0
обработка 0.001 0.066 0.0
использование 0.001 0.066 0.0
кук 0.001 0.066 0.0
наслать 0.001 0.066 0.0
ошибка 0.001 0.066 0.0
выделить 0.001 0.066 0.0
нажать 0.001 0.066 0.0
ctrl+enter 0.001 0.066 0.0
спасибоgiphyз 0.001 0.066 0.0
гифка 0.001 0.066 0.0
© 0.001 0.0 0.0
