перейти 0.003 0.066 0.0
материал 0.009000000000000001 0.066 0.001
связь 0.003 0.0 0.0
новостиисторииразборшапитокоронавирусмагаз 0.003 0.066 0.0
медуза 0.018000000000000002 0.066 0.001
рекламаmeduza 0.003 0.066 0.0
in 0.003 0.0 0.0
english 0.003 0.06 0.0
показывать 0.003 0.066 0.0
порядок 0.003 0.066 0.0
en 0.003 0.066 0.0
кнопка 0.003 0.066 0.0
поддержка 0.003 0.066 0.0
история 0.003 0.26 0.001
коронавирус 0.012 0.387 0.005
россия 0.003 0.108 0.0
последний 0.013000000000000001 0.284 0.004
дать 0.016 0.066 0.001
таблица 0.012 1.097 0.013
официальный 0.006 0.538 0.003
данные 0.009000000000000001 0.31 0.003
заболеть 0.009000000000000001 0.585 0.005
умерший 0.003 1.301 0.004
вылечиться 0.006 2.0 0.012
обновляться 0.006 1.301 0.008
источник 0.003 0.167 0.001
meduza 0.01 0.0 0.0
данный 0.003 0.097 0.0
сообщение 0.003 0.102 0.0
создать 0.003 0.097 0.0
распространить 0.003 0.102 0.0
иностранный 0.009000000000000001 0.097 0.001
средство 0.003 0.097 0.0
массовый 0.003 0.097 0.0
информация 0.009000000000000001 0.102 0.001
выполнять 0.006 0.097 0.001
функция 0.006 0.097 0.001
агент 0.006 0.097 0.001
российский 0.003 0.071 0.0
юридический 0.003 0.102 0.0
лицо 0.003 0.086 0.0
мы 0.006 0.066 0.0
нужный 0.003 0.086 0.0
ваш 0.003 0.081 0.0
помощь 0.003 0.071 0.0
пожалуйста 0.003 0.102 0.0
поддержать 0.006 0.066 0.0
мера 0.003 0.377 0.001
обновление 0.003 1.0 0.003
обычно 0.003 0.523 0.002
это 0.006 0.066 0.0
происходить 0.003 0.301 0.001
утро 0.003 1.046 0.003
мир 0.013000000000000001 0.26 0.003
посмотреть 0.003 0.523 0.002
карта 0.009000000000000001 0.886 0.008
умереть 0.003 0.638 0.002
активный 0.003 0.796 0.002
случай 0.003 0.194 0.001
москва 0.003 0.523 0.002
санкт-петербург 0.003 1.301 0.004
московский 0.006 0.824 0.005
область 0.15 0.523 0.078
свердловский 0.003 1.699 0.005
нижегородский 0.003 1.699 0.005
самарский 0.003 1.699 0.005
воронежский 0.003 1.699 0.005
красноярский 0.003 2.0 0.006
край 0.029 1.155 0.033
пермский 0.003 1.699 0.005
ростовский 0.003 2.0 0.006
челябинский 0.003 2.0 0.006
иркутский 0.003 2.0 0.006
башкортостан 0.003 2.0 0.006
алтайский 0.003 2.0 0.006
новосибирский 0.003 1.398 0.004
краснодарский 0.003 1.699 0.005
саратовский 0.003 2.0 0.006
архангельский 0.003 2.0 0.006
оренбургский 0.003 2.0 0.006
ханты-мансийский 0.003 2.0 0.006
ао 0.013 1.699 0.022
волгоградский 0.003 1.699 0.005
омский 0.003 2.0 0.006
хабаровский 0.003 1.699 0.005
ставропольский 0.003 2.0 0.006
ульяновский 0.003 2.0 0.006
тюменский 0.003 2.0 0.006
вологодский 0.003 2.0 0.006
ленинградский 0.003 1.699 0.005
пензенский 0.003 2.0 0.006
крым 0.003 0.854 0.003
якутия 0.003 1.699 0.005
приморский 0.003 2.0 0.006
республика 0.006 0.921 0.006
коми 0.003 2.0 0.006
забайкальский 0.003 2.0 0.006
калининградский 0.003 1.699 0.005
удмуртия 0.003 2.0 0.006
тверская 0.003 2.0 0.006
брянский 0.003 2.0 0.006
кемеровский 0.003 1.699 0.005
ярославский 0.003 2.0 0.006
кировский 0.003 1.523 0.005
тульский 0.003 2.0 0.006
владимирский 0.003 2.0 0.006
липецкий 0.003 2.0 0.006
ямало-ненецкий 0.003 2.0 0.006
татарстан 0.003 1.699 0.005
бурятия 0.003 2.0 0.006
мурманский 0.003 2.0 0.006
карелия 0.003 1.523 0.005
смоленский 0.003 2.0 0.006
белгородский 0.003 1.699 0.005
томский 0.003 1.699 0.005
астраханский 0.003 2.0 0.006
рязанский 0.003 2.0 0.006
курский 0.003 1.699 0.005
тамбовский 0.003 2.0 0.006
орловский 0.003 2.0 0.006
ивановский 0.003 1.699 0.005
псковский 0.003 1.699 0.005
амурский 0.003 1.699 0.005
калужский 0.003 1.699 0.005
курганский 0.003 2.0 0.006
новгородский 0.003 1.699 0.005
дагестан 0.003 1.699 0.005
хакасия 0.003 1.699 0.005
костромской 0.003 1.523 0.005
севастополь 0.003 2.0 0.006
чувашия 0.003 2.0 0.006
мордовия 0.003 2.0 0.006
сахалинский 0.003 1.699 0.005
кабардино-балкария 0.003 2.0 0.006
калмыкия 0.003 2.0 0.006
адыгея 0.003 2.0 0.006
карачаево-черкесия 0.003 2.0 0.006
тыва 0.003 2.0 0.006
марий 0.003 2.0 0.006
эл 0.003 2.0 0.006
чечня 0.003 1.523 0.005
северный 0.003 0.824 0.002
осетия 0.003 1.699 0.005
ингушетия 0.003 2.0 0.006
камчатский 0.003 2.0 0.006
алтай 0.003 2.0 0.006
магаданский 0.003 2.0 0.006
еврейский 0.003 1.699 0.005
автономный 0.003 1.398 0.004
ненецкий 0.003 2.0 0.006
чукотский 0.003 2.0 0.006
📝 0.003 1.699 0.005
оперативный 0.003 1.398 0.004
штаб 0.003 1.155 0.003
рф 0.003 0.745 0.002
борьба 0.003 0.658 0.002
обновить 0.003 1.046 0.003
18.03.2022 0.003 1.699 0.005
время 0.003 0.086 0.0
весь 0.003 0.114 0.0
распространениясколько 0.003 1.699 0.005
вакцинировать 0.003 0.602 0.002
число 0.003 0.201 0.001
жертва 0.003 0.824 0.002
распространяться 0.003 0.699 0.002
фото 0.003 0.959 0.003
анонс 0.003 1.398 0.004
артём 0.003 1.046 0.003
геодакян 0.003 1.699 0.005
тасс 0.003 0.699 0.002
scanpix 0.003 0.301 0.001
leta 0.003 0.301 0.001
редакция 0.006 0.066 0.0
кодекс 0.003 0.066 0.0
блог 0.003 0.066 0.0
meduzacare 0.003 0.066 0.0
связаться 0.003 0.066 0.0
анонимно 0.003 0.066 0.0
платформа 0.006 0.066 0.0
ios 0.003 0.066 0.0
android 0.003 0.066 0.0
инстаграм 0.003 0.066 0.0
twitter 0.003 0.0 0.0
facebook 0.003 0.0 0.0
вконтакте 0.003 0.066 0.0
youtube 0.003 0.06 0.0
– 0.003 0.06 0.0
live 0.003 0.022 0.0
вечерний 0.003 0.066 0.0
вообще 0.003 0.066 0.0
реклама 0.006 0.066 0.0
требование 0.003 0.066 0.0
баннер 0.003 0.066 0.0
безопасно 0.003 0.066 0.0
персональный 0.003 0.066 0.0
правило 0.003 0.066 0.0
обработка 0.003 0.066 0.0
использование 0.003 0.066 0.0
кук 0.003 0.066 0.0
наслать 0.003 0.066 0.0
ошибка 0.003 0.066 0.0
выделить 0.003 0.066 0.0
нажать 0.003 0.066 0.0
ctrl+enter 0.003 0.066 0.0
спасибоgiphyз 0.003 0.066 0.0
гифка 0.003 0.066 0.0
© 0.003 0.0 0.0
