skip 0.001 0.854 0.001
to 0.028 0.77 0.022
main 0.001 0.854 0.001
content 0.001 0.854 0.001
связь 0.001 0.0 0.0
aboutмедуза 0.001 0.854 0.001
по-русски 0.001 0.854 0.001
the 0.049 0.481 0.024
real 0.001 0.854 0.001
russia 0.012 0.854 0.01
today 0.001 0.854 0.001
ru 0.001 0.824 0.001
i 0.006 0.745 0.004
’ 0.036 0.824 0.03
m 0.001 0.886 0.001
with 0.005 0.824 0.004
you 0.001 0.824 0.001
meduza 0.006 0.0 0.0
stories 0.001 0.921 0.001
is 0.013 0.854 0.011
prepared 0.001 1.398 0.001
for 0.008 0.77 0.006
an 0.003 0.854 0.003
economic 0.002 1.301 0.003
crisis 0.001 1.301 0.001
development 0.001 1.301 0.001
expert 0.001 1.523 0.002
natalia 0.002 1.523 0.003
zubarevich 0.01 1.523 0.015
on 0.009 0.854 0.008
how 0.007 0.886 0.006
sanctions 0.011 1.155 0.013
will 0.018 0.854 0.015
affect 0.003 1.398 0.004
ordinary 0.001 1.398 0.001
russians 0.001 1.0 0.001
and 0.021 0.721 0.015
what 0.004 0.854 0.003
tools 0.001 1.301 0.001
government 0.001 1.0 0.001
has 0.003 0.854 0.003
soften 0.001 1.523 0.002
blow 0.002 1.398 0.003
pm 0.001 1.155 0.001
march 0.001 0.886 0.001
source 0.001 0.921 0.001
volkswagen 0.001 2.0 0.002
group 0.001 1.155 0.001
rus 0.001 1.699 0.002
plant 0.002 1.699 0.003
in 0.013 0.0 0.0
grabtsevo 0.001 2.0 0.002
technopark 0.001 2.0 0.002
kaluga 0.002 2.0 0.004
vladimir 0.001 1.097 0.001
ryabchikov 0.001 2.0 0.002
tass 0.001 1.222 0.001
there 0.006 0.854 0.005
s 0.015 0.796 0.012
no 0.002 0.796 0.002
doubt 0.001 1.699 0.002
that 0.01 0.854 0.009
passed 0.001 1.699 0.002
against 0.003 0.824 0.002
by 0.005 0.658 0.003
u.s. 0.001 1.398 0.001
eu 0.001 1.398 0.001
others 0.001 1.046 0.001
have 0.007 0.824 0.006
enormous 0.001 1.699 0.002
effect 0.001 1.699 0.002
economy 0.001 1.301 0.001
while 0.001 1.0 0.001
exodus 0.001 2.0 0.002
of 0.022 0.721 0.016
international 0.001 1.155 0.001
companies 0.003 1.398 0.004
from 0.002 0.824 0.002
russian 0.006 0.824 0.005
market 0.001 1.523 0.002
a 0.011 0.699 0.008
significant 0.001 1.699 0.002
impact 0.001 2.0 0.002
country 0.001 0.959 0.001
employment 0.001 2.0 0.002
rate 0.001 1.699 0.002
get 0.003 0.959 0.003
sense 0.001 1.523 0.002
these 0.003 1.046 0.003
changes 0.001 1.699 0.002
people 0.007 0.886 0.006
's 0.001 1.155 0.001
lives 0.003 1.155 0.003
spoke 0.001 1.222 0.001
economist 0.001 2.0 0.002
geographer 0.001 2.0 0.002
who 0.003 0.824 0.002
spent 0.001 1.301 0.001
her 0.002 1.0 0.002
career 0.001 2.0 0.002
studying 0.001 1.699 0.002
its 0.001 1.046 0.001
distribution 0.001 1.699 0.002
just 0.002 0.886 0.002
month 0.001 1.398 0.001
ago 0.003 1.046 0.003
despite 0.001 1.301 0.001
fairly 0.001 1.699 0.002
clear 0.001 1.301 0.001
american 0.001 1.398 0.001
intelligence 0.001 1.301 0.001
reports 0.001 1.097 0.001
very 0.001 1.0 0.001
few 0.001 1.0 0.001
expected 0.001 2.0 0.002
putin 0.001 1.0 0.001
launch 0.001 1.523 0.002
full-scale 0.001 1.301 0.001
invasion 0.001 1.0 0.001
ukraine 0.001 0.921 0.001
even 0.003 0.921 0.003
fewer 0.001 1.699 0.002
western 0.002 1.222 0.002
response 0.003 1.097 0.003
be 0.006 0.854 0.005
so 0.001 1.0 0.001
severe 0.001 1.398 0.001
result 0.001 1.523 0.002
sudden 0.001 1.699 0.002
lack 0.001 1.699 0.002
access 0.001 1.155 0.001
goods 0.002 2.0 0.004
supplies 0.001 2.0 0.002
within 0.001 1.398 0.001
central 0.001 1.523 0.002
bank 0.001 1.301 0.001
finance 0.001 2.0 0.002
ministry 0.001 1.097 0.001
scrambling 0.001 2.0 0.002
some 0.003 0.921 0.003
areas 0.001 1.699 0.002
fallout 0.001 2.0 0.002
already 0.001 1.0 0.001
begun 0.001 1.523 0.002
“ 0.016 0.432 0.007
first 0.001 0.886 0.001
problem 0.001 1.523 0.002
area 0.001 1.301 0.001
automobile 0.001 2.0 0.002
assembly 0.001 1.699 0.002
plants 0.003 2.0 0.006
” 0.016 0.886 0.014
said 0.007 0.959 0.007
all 0.005 0.854 0.004
manufacturers 0.001 2.0 0.002
region 0.001 1.046 0.001
are 0.01 0.854 0.009
leaving 0.001 1.222 0.001
... 0.001 1.523 0.002
they 0.009 0.854 0.008
used 0.001 1.155 0.001
assemble 0.001 2.0 0.002
german 0.001 1.523 0.002
cars 0.001 1.699 0.002
near 0.001 1.301 0.001
kaliningrad 0.001 2.0 0.002
too 0.003 0.921 0.003
but 0.006 0.854 0.005
now 0.003 0.886 0.003
re 0.003 0.886 0.003
stopping 0.001 2.0 0.002
might 0.001 1.046 0.001
well 0.002 1.046 0.002
two 0.001 0.921 0.001
worst-hit 0.001 2.0 0.002
places 0.001 1.523 0.002
auto 0.001 1.523 0.002
industry 0.006 1.523 0.009
map 0.001 2.0 0.002
right 0.003 0.959 0.003
now. 0.001 1.699 0.002
one 0.001 0.824 0.001
idea 0.001 1.222 0.001
authorities 0.002 1.046 0.002
floated 0.001 2.0 0.002
coping 0.001 2.0 0.002
mass 0.001 1.398 0.001
withdrawal 0.001 1.523 0.002
taking 0.001 1.155 0.001
over 0.001 0.959 0.001
facilities 0.001 2.0 0.002
businesses 0.002 1.699 0.003
foreign 0.002 1.097 0.002
leave 0.001 1.155 0.001
behind 0.001 1.155 0.001
scare 0.001 1.699 0.002
us 0.001 0.886 0.001
word 0.001 1.301 0.001
‘ 0.003 0.921 0.003
nationalization 0.001 2.0 0.002
it 0.007 0.854 0.006
more 0.005 0.886 0.004
accurate 0.001 2.0 0.002
call 0.001 1.398 0.001
external 0.001 2.0 0.002
management 0.001 1.523 0.002
according 0.003 1.097 0.003
likely 0.001 1.301 0.001
bring 0.001 1.301 0.001
back 0.001 0.959 0.001
strategy 0.001 1.699 0.002
during 0.001 1.155 0.001
covid-19 0.001 0.77 0.001
pandemic 0.001 2.0 0.002
mitigating 0.001 2.0 0.002
unemployment 0.001 1.398 0.001
keeping 0.001 1.523 0.002
workers 0.001 1.523 0.002
staff 0.001 1.301 0.001
paying 0.001 2.0 0.002
them 0.002 0.921 0.002
portion 0.001 2.0 0.002
their 0.006 0.854 0.005
former 0.001 1.097 0.001
salary 0.001 2.0 0.002
fact 0.001 1.097 0.001
wo 0.001 2.0 0.002
n't 0.001 1.523 0.002
anything 0.001 1.046 0.001
course 0.001 1.222 0.001
this 0.001 0.854 0.001
won 0.001 1.046 0.001
t 0.007 0.886 0.006
consumers 0.001 2.0 0.002
pay 0.001 1.398 0.001
as 0.004 0.854 0.003
prices 0.001 2.0 0.002
remaining 0.001 1.301 0.001
skyrocket 0.001 2.0 0.002
china 0.001 1.523 0.002
can 0.002 0.854 0.002
make 0.001 0.959 0.001
up 0.001 0.854 0.001
immediately 0.001 1.155 0.001
contract 0.001 2.0 0.002
dramatically 0.001 2.0 0.002
told 0.001 0.959 0.001
airline 0.001 2.0 0.002
seeing 0.001 1.398 0.001
effects 0.002 1.699 0.003
refusing 0.001 1.699 0.002
service 0.001 1.097 0.001
aircraft 0.001 1.699 0.002
many 0.001 0.921 0.001
european 0.001 1.155 0.001
aviation 0.001 1.699 0.002
barred 0.001 2.0 0.002
selling 0.001 1.523 0.002
spare 0.001 1.699 0.002
parts 0.001 1.699 0.002
give 0.001 1.0 0.001
pause 0.001 2.0 0.002
plan 0.001 1.301 0.001
extend 0.001 2.0 0.002
planes 0.001 1.699 0.002
airworthiness 0.001 1.699 0.002
period 0.001 1.523 0.002
which 0.001 0.921 0.001
expired 0.001 2.0 0.002
another 0.001 0.921 0.001
six 0.001 1.523 0.002
months 0.001 1.699 0.002
at 0.004 0.824 0.003
same 0.001 0.959 0.001
time 0.002 0.921 0.002
traveling 0.001 1.699 0.002
air 0.001 1.046 0.001
outside 0.001 1.301 0.001
virtually 0.001 1.523 0.002
impossible 0.001 1.222 0.001
due 0.001 1.398 0.001
landing 0.001 2.0 0.002
most 0.001 1.0 0.001
soil 0.001 2.0 0.002
lead 0.001 1.097 0.001
plane 0.001 2.0 0.002
arrest 0.001 1.699 0.002
much 0.001 1.301 0.001
manufacturing 0.001 1.699 0.002
though 0.001 1.0 0.001
still 0.001 0.959 0.001
early 0.002 1.398 0.003
tell 0.001 1.155 0.001
bad 0.001 1.301 0.001
things 0.001 1.155 0.001
doesn 0.001 1.046 0.001
use 0.002 1.0 0.002
imported 0.003 2.0 0.006
or 0.001 0.886 0.001
equipment 0.003 1.523 0.005
our 0.002 0.854 0.002
petrochemical 0.001 2.0 0.002
engineering 0.001 2.0 0.002
example 0.001 1.155 0.001
modest 0.001 1.699 0.002
needed 0.001 1.155 0.001
modernize 0.001 2.0 0.002
oil 0.001 1.699 0.002
refineries 0.001 2.0 0.002
mostly 0.001 2.0 0.002
not 0.003 0.854 0.003
chinese 0.001 2.0 0.002
unclear 0.001 1.699 0.002
work 0.001 0.959 0.001
going 0.002 0.886 0.002
forward 0.001 1.523 0.002
we 0.004 0.886 0.004
fuller 0.001 2.0 0.002
picture 0.001 1.523 0.002
least 0.001 1.097 0.001
month. 0.001 2.0 0.002
pharmaceutical 0.001 2.0 0.002
untouched 0.001 2.0 0.002
because 0.002 0.959 0.002
west 0.001 1.523 0.002
targeting 0.001 1.699 0.002
medicine 0.002 1.398 0.003
medicines 0.001 1.699 0.002
consumer 0.001 2.0 0.002
gadgets 0.001 2.0 0.002
household 0.001 2.0 0.002
appliances 0.001 2.0 0.002
brought 0.001 1.398 0.001
shipping 0.001 2.0 0.002
containers 0.001 2.0 0.002
major 0.001 1.222 0.001
container 0.001 2.0 0.002
ended 0.001 1.398 0.001
contracts 0.001 1.699 0.002
located 0.001 2.0 0.002
russia. 0.001 1.699 0.002
meantime 0.001 2.0 0.002
price 0.001 1.699 0.002
skyrocketing 0.001 2.0 0.002
ll 0.006 1.046 0.006
show 0.001 1.301 0.001
scale 0.003 2.0 0.006
she 0.003 1.0 0.003
about 0.003 0.854 0.003
medication 0.001 2.0 0.002
sales 0.001 1.699 0.002
out 0.001 0.886 0.001
medications 0.001 1.699 0.002
ourselves 0.001 1.301 0.001
import 0.001 2.0 0.002
80-85 0.001 2.0 0.002
ingredients 0.001 2.0 0.002
addition 0.001 1.523 0.002
supply 0.001 2.0 0.002
disruptions 0.001 2.0 0.002
having 0.001 1.523 0.002
problems 0.001 1.398 0.001
delivered 0.001 2.0 0.002
transactions 0.001 2.0 0.002
working 0.001 0.854 0.001
affects 0.001 1.523 0.002
market. 0.001 2.0 0.002
uneven 0.001 2.0 0.002
city 0.001 1.155 0.001
dwellers 0.001 2.0 0.002
villagers 0.001 2.0 0.002
experience 0.001 1.222 0.001
coming 0.001 1.155 0.001
downturn 0.001 2.0 0.002
acutely 0.001 2.0 0.002
lose 0.001 1.222 0.001
income 0.001 1.523 0.002
per 0.001 2.0 0.002
capita 0.001 2.0 0.002
moscow 0.002 0.921 0.002
twice 0.001 2.0 0.002
high 0.001 1.523 0.002
whole 0.001 1.301 0.001
demand 0.001 1.398 0.001
change 0.001 1.222 0.001
food 0.001 1.097 0.001
beverage 0.001 2.0 0.002
shrinks 0.001 2.0 0.002
housing 0.001 2.0 0.002
utility 0.001 2.0 0.002
transport 0.001 2.0 0.002
costs 0.002 1.699 0.003
aren 0.002 1.301 0.003
anywhere 0.001 1.301 0.001
talk 0.001 1.222 0.001
else 0.001 1.222 0.001
consumption 0.001 2.0 0.002
patterns 0.001 2.0 0.002
haven 0.001 1.301 0.001
changed 0.003 1.222 0.004
yet 0.001 1.097 0.001
say 0.001 1.0 0.001
skewed 0.001 2.0 0.002
towards 0.001 1.398 0.001
sector 0.001 2.0 0.002
risks 0.001 1.523 0.002
quite 0.001 1.398 0.001
high. 0.001 2.0 0.002
certain 0.001 1.398 0.001
less 0.001 1.097 0.001
worry 0.001 1.699 0.002
federal 0.001 1.046 0.001
employees 0.001 1.398 0.001
other 0.001 0.886 0.001
than 0.003 0.921 0.003
inflation 0.001 1.523 0.002
risk 0.001 1.301 0.001
keep 0.001 1.301 0.001
getting 0.001 1.046 0.001
paid 0.001 1.699 0.002
matter 0.001 1.301 0.001
world 0.001 1.0 0.001
top 0.001 1.398 0.001
target 0.001 2.0 0.002
iran 0.001 1.523 0.002
venezuela 0.001 1.699 0.002
myanmar 0.001 1.699 0.002
cuba 0.001 1.699 0.002
combined 0.001 1.699 0.002
days 0.003 1.0 0.003
cities 0.001 1.155 0.001
where 0.001 0.959 0.001
grow 0.001 2.0 0.002
own 0.001 1.0 0.001
pinch 0.001 2.0 0.002
nobody 0.001 1.222 0.001
spared 0.001 2.0 0.002
completely 0.002 1.222 0.002
beginning 0.001 1.0 0.001
giant 0.001 1.699 0.002
experiment 0.001 2.0 0.002
shift 0.001 1.699 0.002
grocery 0.001 2.0 0.002
stores 0.001 1.699 0.002
away 0.001 1.046 0.001
everything 0.001 1.097 0.001
open 0.001 1.301 0.001
question 0.001 1.398 0.001
rural 0.001 2.0 0.002
gardens 0.001 2.0 0.002
potatoes 0.001 2.0 0.002
cucumbers 0.001 2.0 0.002
tomatoes 0.001 2.0 0.002
animals 0.001 1.699 0.002
chickens 0.001 2.0 0.002
pigs 0.001 2.0 0.002
life 0.002 1.0 0.002
those 0.001 1.0 0.001
towns 0.001 2.0 0.002
lot 0.001 1.097 0.001
closely 0.001 1.699 0.002
tied 0.001 1.523 0.002
land 0.001 2.0 0.002
losses 0.001 2.0 0.002
mainly 0.001 1.699 0.002
inflation. 0.001 2.0 0.002
monocities 0.001 2.0 0.002
almost 0.001 1.046 0.001
everybody 0.001 1.222 0.001
works 0.001 1.222 0.001
sure 0.001 1.523 0.002
take 0.001 1.046 0.001
toll 0.001 1.523 0.002
thought 0.001 1.155 0.001
predict 0.001 1.699 0.002
industrial 0.001 2.0 0.002
happen 0.001 1.301 0.001
severstal 0.001 2.0 0.002
steel 0.001 2.0 0.002
factory 0.001 1.699 0.002
owner 0.001 1.301 0.001
alexey 0.001 1.222 0.001
mordashov 0.001 2.0 0.002
was 0.001 0.854 0.001
targeted 0.001 1.523 0.002
don 0.001 0.886 0.001
know 0.001 1.0 0.001
billionaire 0.001 2.0 0.002
alisher 0.001 2.0 0.002
usmanov 0.001 2.0 0.002
also 0.001 0.959 0.001
hit 0.001 1.222 0.001
mining 0.001 2.0 0.002
town 0.001 1.222 0.001
stary 0.001 2.0 0.002
oskol 0.001 2.0 0.002
either. 0.001 1.699 0.002
does 0.001 1.0 0.001
think 0.001 1.046 0.001
oligarchs 0.001 2.0 0.002
eventually 0.001 1.523 0.002
able 0.001 1.097 0.001
find 0.001 1.046 0.001
workarounds 0.001 2.0 0.002
shutting 0.001 1.699 0.002
down 0.001 1.097 0.001
come 0.001 1.0 0.001
cost 0.001 1.523 0.002
try 0.001 1.523 0.002
dummy 0.001 2.0 0.002
corporations 0.001 2.0 0.002
export 0.001 2.0 0.002
products 0.001 1.398 0.001
requires 0.001 1.699 0.002
serious 0.001 1.398 0.001
additional 0.001 1.523 0.002
expenses. 0.001 2.0 0.002
rapid 0.001 2.0 0.002
crackdown 0.001 1.699 0.002
independent 0.001 1.046 0.001
media 0.001 0.959 0.001
weeks 0.001 1.0 0.001
since 0.001 1.0 0.001
war 0.001 0.77 0.001
began 0.001 1.155 0.001
means 0.001 1.301 0.001
public 0.001 1.0 0.001
understand 0.002 1.155 0.002
older 0.001 1.398 0.001
middle-aged 0.001 2.0 0.002
start 0.001 1.222 0.001
gradually 0.001 2.0 0.002
endure 0.001 2.0 0.002
adjust 0.001 2.0 0.002
younger 0.001 1.699 0.002
perceptive 0.001 2.0 0.002
perhaps 0.001 1.523 0.002
worse 0.001 1.523 0.002
off 0.001 1.155 0.001
youth 0.001 2.0 0.002
doldrums 0.001 2.0 0.002
reason 0.001 1.301 0.001
most-watched 0.001 2.0 0.002
social 0.001 0.959 0.001
conversations 0.001 1.699 0.002
psychiatrists 0.001 2.0 0.002
nothing 0.001 1.222 0.001
do 0.001 0.921 0.001
falling 0.001 2.0 0.002
apart 0.001 1.699 0.002
front 0.001 1.301 0.001
eyes. 0.001 2.0 0.002
meanwhile 0.001 1.301 0.001
survive 0.001 1.398 0.001
buckwheat 0.001 2.0 0.002
lots 0.001 2.0 0.002
bragging 0.001 2.0 0.002
ve 0.001 0.886 0.001
seen 0.001 1.301 0.001
worse. 0.001 2.0 0.002
only 0.001 0.959 0.001
if 0.001 0.921 0.001
depressed 0.001 1.699 0.002
cut 0.001 1.398 0.001
readers 0.001 1.222 0.001
measures 0.001 1.523 0.002
24/7 0.001 0.102 0.0
always 0.001 0.921 0.001
readerswe 0.001 0.921 0.001
need 0.001 0.854 0.001
your 0.001 0.854 0.001
help 0.001 0.886 0.001
like 0.001 0.854 0.001
never 0.001 0.886 0.001
before 0.001 0.854 0.001
okay 0.001 0.921 0.001
interview 0.001 1.222 0.001
andrey 0.001 1.523 0.002
pertsev 0.001 1.699 0.002
abridged 0.001 1.398 0.001
translation 0.001 1.0 0.001
sam 0.001 1.222 0.001
breazeale 0.001 1.222 0.001
code 0.001 0.824 0.001
conduct 0.001 0.824 0.001
advertise 0.001 0.854 0.001
privacy 0.001 0.854 0.001
notes 0.001 0.824 0.001
cookies 0.001 0.854 0.001
facebook 0.001 0.0 0.0
twitter 0.001 0.0 0.0
instagram 0.001 0.745 0.001
rss 0.001 0.854 0.001
© 0.001 0.0 0.0
rights 0.001 0.854 0.001
reserved 0.001 0.854 0.001
