перейти 0.0 0.066 0.0
материал 0.0 0.066 0.0
связь 0.002 0.0 0.0
новостиисторииразборшапитокоронавирусмагаз 0.0 0.066 0.0
медуза 0.003 0.066 0.0
рекламаmeduza 0.0 0.066 0.0
in 0.0 0.0 0.0
english 0.0 0.06 0.0
показывать 0.0 0.066 0.0
порядок 0.0 0.066 0.0
en 0.0 0.066 0.0
кнопка 0.0 0.066 0.0
поддержка 0.001 0.066 0.0
история 0.0 0.26 0.0
космос 0.004 1.222 0.005
гордость 0.001 1.222 0.001
россия 0.007 0.108 0.001
освоение 0.001 1.301 0.001
прийтись 0.0 0.602 0.0
забыть 0.0 1.046 0.0
знать 0.0 0.244 0.0
убивать 0.0 0.824 0.0
наш 0.0 0.337 0.0
космонавтика 0.003 1.398 0.004
март 0.003 0.284 0.001
источник 0.001 0.167 0.0
meduza 0.001 0.0 0.0
данный 0.0 0.097 0.0
сообщение 0.0 0.102 0.0
создать 0.0 0.097 0.0
распространить 0.0 0.102 0.0
иностранный 0.001 0.097 0.0
средство 0.0 0.097 0.0
массовый 0.0 0.097 0.0
информация 0.0 0.102 0.0
выполнять 0.001 0.097 0.0
функция 0.001 0.097 0.0
агент 0.001 0.097 0.0
российский 0.012 0.071 0.001
юридический 0.0 0.102 0.0
лицо 0.0 0.086 0.0
мы 0.001 0.066 0.0
нужный 0.001 0.086 0.0
ваш 0.001 0.081 0.0
помощь 0.002 0.071 0.0
пожалуйста 0.0 0.102 0.0
поддержать 0.0 0.066 0.0
ракета-носитель 0.003 2.0 0.006
союз 0.004 0.886 0.004
мс-15 0.001 2.0 0.002
запуск 0.005 1.222 0.006
космодром 0.003 2.0 0.006
байконур 0.003 2.0 0.006
сентябрь 0.001 0.824 0.001
год 0.023 0.119 0.003
bill 0.0 1.699 0.0
ingalls 0.0 2.0 0.0
nasa 0.004 2.0 0.008
getty 0.0 0.886 0.0
images 0.0 0.796 0.0
десятилетие 0.0 1.155 0.0
гражданин 0.0 0.553 0.0
главный 0.0 0.276 0.0
повод 0.0 0.553 0.0
победа 0.0 1.046 0.0
великий 0.0 1.222 0.0
отечественный 0.0 1.301 0.0
война 0.0 0.357 0.0
успех 0.001 0.921 0.001
февраль 0.003 0.337 0.001
начало 0.002 0.26 0.001
боевой 0.0 0.77 0.0
действие 0.0 0.409 0.0
украина 0.001 0.347 0.0
оказаться 0.0 0.31 0.0
заложница 0.0 2.0 0.0
геополитический 0.0 1.699 0.0
обстановка 0.0 1.097 0.0
совершенно 0.0 0.678 0.0
точно 0.0 0.481 0.0
разделиться 0.0 2.0 0.0
популяризатор 0.001 1.699 0.002
александр 0.001 0.456 0.0
хохлов 0.001 2.0 0.002
попробовать 0.0 1.046 0.0
разобраться 0.0 1.523 0.0
ждать 0.0 0.481 0.0
отрасль 0.0 1.301 0.0
событие 0.001 0.509 0.001
развиваться 0.0 1.155 0.0
стремительно 0.001 1.523 0.002
это 0.013 0.066 0.001
лишь 0.002 0.481 0.001
предварительный 0.0 0.959 0.0
анализ 0.0 0.721 0.0
ситуация 0.002 0.337 0.001
который 0.007 0.071 0.0
многократно 0.0 1.523 0.0
меняться 0.001 0.854 0.001
последний 0.003 0.284 0.001
мочь 0.0 0.102 0.0
похвастаться 0.0 2.0 0.0
глубокий 0.0 1.097 0.0
международный 0.003 0.569 0.002
сотрудничество 0.004 0.959 0.004
сфера 0.0 0.921 0.0
отдельный 0.0 0.678 0.0
совместный 0.004 0.886 0.004
проект 0.005 0.745 0.004
продолжаться 0.001 0.699 0.001
сегодняшний 0.0 1.155 0.0
день 0.0 0.167 0.0
прежде 0.001 0.62 0.001
работа 0.006 0.357 0.002
состав 0.002 0.745 0.001
космический 0.014000000000000002 1.523 0.021
станция 0.007 1.097 0.008
партнёрство 0.0 1.699 0.0
несколько 0.001 0.187 0.0
научный 0.005 0.658 0.003
автоматический 0.0 1.398 0.0
аппарат 0.007 1.097 0.008
многие 0.0 0.284 0.0
этот 0.001 0.137 0.0
рабочий 0.0 0.886 0.0
договорённость 0.0 1.523 0.0
исследование 0.002 0.42 0.001
луна 0.001 1.699 0.002
марс 0.002 1.699 0.003
действовать 0.0 0.602 0.0
момент 0.001 0.387 0.0
федеральный 0.002 0.959 0.002
агентство 0.0 0.824 0.0
руководить 0.0 1.398 0.0
владимир 0.0 0.523 0.0
поповкин 0.0 2.0 0.0
однако 0.001 0.337 0.0
судьба 0.001 1.097 0.001
вопрос 0.002 0.276 0.001
глава 0.0 0.658 0.0
роскосмос 0.016 1.699 0.027
дмитрий 0.005 0.62 0.003
рогозин 0.005 2.0 0.01
написать 0.001 0.62 0.001
твиттер 0.001 1.222 0.001
основной 0.002 0.854 0.002
конструкторский 0.0 2.0 0.0
технологический 0.0 1.155 0.0
финансовый 0.0 1.046 0.0
ресурс 0.0 0.796 0.0
высвобождать 0.0 1.699 0.0
сша 0.005 0.469 0.002
евросоюз 0.0 0.886 0.0
исследовательский 0.0 1.301 0.0
быть 0.0 0.215 0.0
направить 0.0 0.959 0.0
создание 0.002 0.921 0.002
система 0.002 0.398 0.001
исключительно 0.0 1.155 0.0
оборонный 0.0 1.523 0.0
двойной 0.0 1.097 0.0
назначение 0.0 1.0 0.0
фактически 0.001 0.721 0.001
означать 0.001 0.585 0.001
сводить 0.0 1.699 0.0
минимум 0.0 0.77 0.0
наука 0.001 1.301 0.001
требоваться 0.0 0.854 0.0
техника 0.0 1.046 0.0
исключение 0.0 0.854 0.0
прикладной 0.0 1.523 0.0
направление 0.001 0.886 0.001
например 0.001 0.229 0.0
метеорология 0.0 2.0 0.0
тридцать 0.0 2.0 0.0
реализовать 0.0 1.398 0.0
никакой 0.0 0.409 0.0
межпланетный 0.0 2.0 0.0
программа 0.006 0.824 0.005
европа 0.0 0.495 0.0
перерыв 0.0 1.301 0.0
по-видимому 0.0 0.959 0.0
затянуться 0.0 2.0 0.0
неопределённый 0.001 1.398 0.001
срок 0.001 0.824 0.001
самый 0.0 0.208 0.0
крупный 0.002 0.523 0.001
значимый 0.0 1.097 0.0
участие 0.002 0.638 0.001
мкс 0.007 1.699 0.012
пилотировать 0.004 2.0 0.008
примерно 0.0 0.585 0.0
страна 0.003 0.155 0.0
немного 0.0 0.77 0.0
начаться 0.001 0.367 0.0
протон-к 0.0 2.0 0.0
запустить 0.002 1.046 0.002
первый 0.003 0.143 0.0
модуль 0.002 1.699 0.003
фгб 0.0 1.699 0.0
заря 0.0 1.699 0.0
заказ 0.0 1.301 0.0
функциональный 0.0 1.699 0.0
грузовой 0.0 2.0 0.0
входить 0.001 1.0 0.001
сегмент 0.001 1.301 0.001
принадлежать 0.0 1.097 0.0
юбилейный 0.0 2.0 0.0
фильм 0.001 1.398 0.001
двадцатилетие 0.0 2.0 0.0
тв 0.002 1.699 0.003
делиться 0.0 1.046 0.0
американский 0.004 0.585 0.002
управляться 0.0 2.0 0.0
основный 0.001 0.62 0.001
цупами 0.0 2.0 0.0
хьюстон 0.0 2.0 0.0
техас 0.0 2.0 0.0
подмосковный 0.0 1.699 0.0
королева 0.0 2.0 0.0
европейский 0.003 0.602 0.002
японский 0.0 1.523 0.0
лабораторный 0.0 0.959 0.0
входящий 0.0 1.222 0.0
свой 0.0 0.143 0.0
цупа 0.0 2.0 0.0
целое 0.0 0.585 0.0
они 0.0 0.538 0.0
управлять 0.0 1.155 0.0
работать 0.001 0.102 0.0
автономно 0.0 2.0 0.0
закладываться 0.0 2.0 0.0
изначальный 0.0 1.155 0.0
обеспечивать 0.0 0.824 0.0
россиянин 0.0 0.444 0.0
электроэнергия 0.0 1.699 0.0
доставлять 0.0 1.398 0.0
экипаж 0.001 1.523 0.002
корабль 0.005 1.398 0.007
также 0.003 0.237 0.001
сам 0.0 0.137 0.0
корабль-спасатель 0.0 2.0 0.0
нулевой 0.0 1.301 0.0
шаттл 0.0 2.0 0.0
равно 0.0 0.638 0.0
немой 0.0 0.585 0.0
космонавт 0.002 2.0 0.004
астронавт 0.002 2.0 0.004
любой 0.0 0.319 0.0
эвакуироваться 0.0 1.155 0.0
полёт 0.002 1.398 0.003
длиться 0.0 1.398 0.0
полгода 0.0 0.886 0.0
летать 0.0 1.301 0.0
неделя 0.0 0.328 0.0
завершение 0.0 1.097 0.0
поставщик 0.0 1.222 0.0
вода 0.0 0.638 0.0
коррекция 0.0 2.0 0.0
орбита 0.003 1.523 0.005
двигатель 0.003 1.699 0.005
служебный 0.0 1.398 0.0
звезда 0.0 1.301 0.0
прогресс 0.001 1.398 0.001
взаимодействие 0.001 1.155 0.001
партнёр 0.002 1.222 0.002
основное 0.0 0.553 0.0
идти 0.0 0.222 0.0
бартер 0.0 2.0 0.0
бывать 0.0 0.77 0.0
доставка 0.0 2.0 0.0
получать 0.0 0.569 0.0
деньга 0.002 0.602 0.001
контракт 0.001 1.301 0.001
завершить 0.0 1.155 0.0
сторона 0.001 0.347 0.0
появиться 0.0 0.367 0.0
четырехместный 0.0 2.0 0.0
crew 0.002 1.699 0.003
dragon 0.002 2.0 0.004
компания 0.006 0.444 0.003
spacex 0.003 2.0 0.006
читать 0.001 0.444 0.0
сильно 0.001 0.509 0.001
обанкротиться 0.001 1.699 0.002
новый 0.002 0.187 0.0
когда-нибудь 0.001 1.523 0.002
полететь 0.001 2.0 0.002
стыдный 0.001 1.523 0.002
назад 0.001 0.18 0.0
планироваться 0.003 1.155 0.003
наступление 0.0 1.097 0.0
необходимо 0.001 0.585 0.001
принять 0.001 0.42 0.0
решение 0.002 0.347 0.001
страна-партнёр 0.0 1.699 0.0
продолжение 0.0 1.699 0.0
операция 0.001 0.721 0.001
заявлять 0.0 1.0 0.0
планировать 0.001 0.886 0.001
продлить 0.0 1.398 0.0
служба 0.0 0.678 0.0
пока 0.001 0.208 0.0
пострадать 0.0 0.796 0.0
включая 0.0 0.959 0.0
руководитель 0.0 0.886 0.0
кэти 0.0 1.699 0.0
людерс 0.0 2.0 0.0
заявить 0.001 0.553 0.001
продолжить 0.0 0.921 0.0
весь 0.0 0.114 0.0
число 0.001 0.201 0.0
непрерывный 0.0 1.699 0.0
безопасный 0.0 0.824 0.0
эксплуатация 0.001 1.699 0.002
директор 0.001 0.796 0.001
успеть 0.0 0.678 0.0
из-за 0.002 0.229 0.0
санкция 0.003 0.62 0.002
прекращаться 0.0 1.398 0.0
германский 0.0 1.398 0.0
центр 0.004 0.432 0.002
авиация 0.0 1.523 0.0
dlr 0.0 2.0 0.0
реализация 0.001 1.222 0.001
эксперимент 0.001 0.959 0.001
ураган 0.0 2.0 0.0
матрёшка-р 0.0 2.0 0.0
вампир 0.0 2.0 0.0
экоплазма 0.0 2.0 0.0
провести 0.0 0.538 0.0
самостоятельно 0.001 1.097 0.001
контекст 0.0 1.0 0.0
неясный 0.0 1.523 0.0
роботизированный 0.0 2.0 0.0
манипулятор 0.0 2.0 0.0
era 0.001 1.523 0.002
необходимый 0.001 0.638 0.001
установка 0.0 1.398 0.0
многоцелевой 0.0 2.0 0.0
млм 0.001 2.0 0.002
шлюзовый 0.0 2.0 0.0
камера 0.0 1.097 0.0
последующий 0.0 1.155 0.0
оборудование 0.0 1.222 0.0
внешний 0.0 0.959 0.0
поверхность 0.001 1.222 0.001
демонстрационный 0.0 2.0 0.0
european 0.0 1.155 0.0
space 0.001 1.523 0.002
agency 0.0 1.0 0.0
esa 0.0 2.0 0.0
несмотря 0.001 0.456 0.0
сдержать 0.0 1.398 0.0
заявление 0.0 0.62 0.0
представитель 0.0 0.638 0.0
опасность 0.0 0.854 0.0
досрочный 0.0 1.699 0.0
прекращение 0.0 1.097 0.0
возможно 0.001 0.398 0.0
отреагировать 0.0 1.155 0.0
расширение 0.0 1.398 0.0
санкционный 0.0 1.398 0.0
список 0.0 0.569 0.0
попасть 0.0 0.409 0.0
предприятие 0.0 0.959 0.0
научно-производственный 0.0 2.0 0.0
титан-баррикада 0.0 2.0 0.0
салаватский 0.0 2.0 0.0
химический 0.0 1.523 0.0
завод 0.0 0.959 0.0
государственный 0.0 0.523 0.0
ракетный 0.001 1.222 0.001
имя 0.001 0.585 0.001
академик 0.0 2.0 0.0
макеев 0.0 2.0 0.0
правда 0.001 0.456 0.0
фраза 0.0 1.046 0.0
заблокировать 0.0 0.553 0.0
спасти 0.0 0.854 0.0
неуправляемый 0.0 2.0 0.0
сход 0.0 2.0 0.0
падение 0.001 0.921 0.001
территория 0.0 0.62 0.0
или… 0.0 2.0 0.0
илона 0.001 1.699 0.002
маск 0.0 2.0 0.0
ответить 0.0 0.495 0.0
картинка 0.0 1.155 0.0
логотип 0.0 1.523 0.0
такой 0.002 0.114 0.0
фон 0.001 0.745 0.001
вставать 0.001 1.155 0.001
подписать 0.001 1.046 0.001
соглашение 0.001 1.155 0.001
перекрёстный 0.0 1.523 0.0
обмен 0.0 1.097 0.0
очень 0.001 0.149 0.0
полезный 0.0 1.155 0.0
случай 0.0 0.194 0.0
перенос 0.001 1.699 0.002
стартовый 0.001 2.0 0.002
какой-то 0.0 0.328 0.0
аварийный 0.0 2.0 0.0
каждый 0.0 0.244 0.0
иметь 0.0 0.337 0.0
другой 0.003 0.097 0.0
строительство 0.0 1.301 0.0
разрастись 0.0 2.0 0.0
подготовить 0.0 0.854 0.0
квалифицировать 0.0 2.0 0.0
часть 0.001 0.377 0.0
осуществить 0.0 1.523 0.0
осень 0.0 1.0 0.0
анна 0.0 1.046 0.0
кикина 0.0 2.0 0.0
единственный 0.0 0.481 0.0
женщина 0.0 0.824 0.0
отряд 0.0 1.699 0.0
спектр-рг 0.001 2.0 0.002
просто 0.001 0.194 0.0
астрофизический 0.0 2.0 0.0
тот 0.001 0.131 0.0
прямо 0.0 0.357 0.0
инструмент 0.001 0.854 0.001
альтернатива 0.0 1.046 0.0
план 0.001 0.658 0.001
наблюдение 0.0 0.886 0.0
вселенная 0.0 2.0 0.0
важный 0.0 0.284 0.0
окошко 0.0 2.0 0.0
электромагнитный 0.0 2.0 0.0
излучение 0.0 1.699 0.0
рентгеновский 0.001 1.523 0.002
диапазон 0.002 1.398 0.003
состоять 0.0 0.959 0.0
базовый 0.0 1.155 0.0
построить 0.0 1.097 0.0
нпо 0.002 2.0 0.004
лавочкин 0.001 2.0 0.002
два 0.001 0.26 0.0
зеркальный 0.001 2.0 0.002
телескоп 0.001 2.0 0.002
art-xc 0.001 2.0 0.002
erosita 0.001 2.0 0.002
институт 0.001 0.77 0.001
внеземной 0.0 2.0 0.0
физика 0.0 1.523 0.0
общество 0.0 0.602 0.0
макс 0.0 1.699 0.0
планк 0.0 2.0 0.0
германия 0.0 0.699 0.0
позволить 0.0 0.62 0.0
впервые 0.0 0.824 0.0
обзор 0.0 1.046 0.0
небо 0.001 1.301 0.001
энергия 0.002 1.523 0.003
0,5–10 0.0 2.0 0.0
кэв 0.001 2.0 0.002
беспрецедентный 0.0 1.301 0.0
спектральный 0.0 2.0 0.0
угловой 0.0 2.0 0.0
разрешение 0.0 0.886 0.0
вспомогательный 0.0 1.699 0.0
изготовить 0.0 1.699 0.0
ран 0.001 1.523 0.002
совместно 0.0 1.301 0.0
ядерный 0.0 1.097 0.0
производство 0.001 0.658 0.001
расширять 0.0 1.699 0.0
высокий 0.0 0.495 0.0
вплоть 0.0 1.222 0.0
презентация 0.001 1.398 0.001
обсерватория 0.0 2.0 0.0
прошедшее 0.0 1.097 0.0
половина 0.0 0.721 0.0
выполнить 0.001 1.301 0.001
четыре 0.0 0.509 0.0
полный 0.0 0.377 0.0
начать 0.0 0.276 0.0
пятый 0.0 0.854 0.0
восемь 0.0 0.854 0.0
запланировать 0.0 1.155 0.0
сделать 0.0 0.208 0.0
ряд 0.001 0.824 0.001
открытие 0.0 1.301 0.0
наблюдать 0.0 0.824 0.0
сверхскопление 0.0 2.0 0.0
скопление 0.0 1.398 0.0
галактика 0.0 2.0 0.0
остаток 0.0 1.301 0.0
сверхновый 0.0 2.0 0.0
разрыв 0.0 1.398 0.0
чёрный 0.0 0.959 0.0
дыра 0.0 1.301 0.0
экстремальный 0.0 1.699 0.0
явление 0.0 0.886 0.0
давать 0.0 0.31 0.0
яркий 0.0 1.699 0.0
след 0.0 1.398 0.0
именно 0.001 0.244 0.0
подробный 0.0 0.569 0.0
прочитать 0.0 0.796 0.0
генеральный 0.001 1.046 0.001
ека 0.003 2.0 0.006
йозеф 0.0 2.0 0.0
ашбахер 0.0 2.0 0.0
нынешний 0.0 0.77 0.0
конфликт 0.0 0.959 0.0
гражданский 0.0 0.745 0.0
оставаться 0.0 0.387 0.0
связующий 0.0 2.0 0.0
звено 0.0 2.0 0.0
далёкий 0.0 0.481 0.0
полностью 0.0 0.538 0.0
исполнить 0.0 1.398 0.0
ввести 0.001 0.538 0.001
против 0.002 0.229 0.0
государство 0.0 0.569 0.0
член 0.0 0.745 0.0
организация 0.0 0.509 0.0
среди 0.0 0.42 0.0
временно 0.0 1.301 0.0
заморозить 0.0 1.699 0.0
результат 0.0 0.367 0.0
стать 0.002 0.149 0.0
erositaбыть 0.0 2.0 0.0
перевести 0.0 1.097 0.0
спать 0.0 1.097 0.0
режим 0.0 0.658 0.0
арт-xc 0.0 2.0 0.0
будущее 0.001 0.62 0.001
роль 0.0 0.721 0.0
спектра-рг 0.0 2.0 0.0
взять 0.0 0.553 0.0
лаборатория 0.0 0.959 0.0
афина 0.0 2.0 0.0
середина 0.0 0.854 0.0
2030-й 0.0 2.0 0.0
экзомарс-2022 0.001 2.0 0.002
область 0.001 0.523 0.001
тело 0.0 0.886 0.0
солнечный 0.0 1.523 0.0
оно 0.0 0.444 0.0
дать 0.0 0.066 0.0
старт 0.003 1.301 0.004
российско-европейский 0.0 2.0 0.0
экзомарс 0.001 2.0 0.002
exomars 0.0 2.0 0.0
делать 0.0 0.18 0.0
планета 0.001 1.222 0.001
октябрь 0.001 0.796 0.001
орбитальный 0.001 2.0 0.002
tgo 0.001 2.0 0.002
trace 0.0 2.0 0.0
gas 0.0 1.699 0.0
orbiter 0.0 2.0 0.0
элемент 0.0 1.301 0.0
миссия 0.001 1.523 0.002
выйти 0.0 0.456 0.0
протон-м 0.001 2.0 0.002
август 0.0 0.854 0.0
должный 0.002 0.201 0.0
закончиться 0.0 0.62 0.0
прибытие 0.0 2.0 0.0
станция-ретранслятор 0.0 2.0 0.0
земля 0.001 0.796 0.001
презентационный 0.0 2.0 0.0
видео 0.001 0.678 0.001
описание 0.001 1.222 0.001
экзомарс-2020 0.0 2.0 0.0
частность 0.0 0.678 0.0
оснащение 0.0 2.0 0.0
посадочный 0.002 2.0 0.004
платформа 0.001 0.066 0.0
казачок 0.001 2.0 0.002
химки 0.0 2.0 0.0
второй 0.0 0.357 0.0
этап 0.0 0.921 0.0
перелётный 0.0 2.0 0.0
марсоход 0.0 2.0 0.0
розалинда 0.0 2.0 0.0
франклин 0.0 2.0 0.0
готовый 0.0 0.509 0.0
целый 0.0 0.658 0.0
проблема 0.001 0.347 0.0
заставить 0.0 1.046 0.0
специалист 0.001 0.796 0.001
перенести 0.0 0.959 0.0
менее 0.001 0.432 0.0
находиться 0.0 0.367 0.0
успешно 0.001 1.097 0.001
пройти 0.001 0.387 0.0
испытание 0.001 0.77 0.001
август-сентябрь 0.0 2.0 0.0
сообщить 0.001 0.638 0.001
сложиться 0.0 1.155 0.0
маловероятный 0.0 1.222 0.0
следующий 0.001 0.553 0.001
окно 0.0 0.886 0.0
открыться 0.0 1.222 0.0
особенность 0.0 0.854 0.0
запускать 0.001 1.398 0.001
лунный 0.001 1.699 0.002
предполагать 0.0 0.699 0.0
серия 0.001 1.097 0.001
естественный 0.0 1.046 0.0
спутник 0.005 0.678 0.003
база 0.0 0.854 0.0
один 0.0 0.119 0.0
довольно 0.0 0.523 0.0
плотный 0.0 1.155 0.0
луна-25 0.001 2.0 0.002
луна-26 0.001 2.0 0.002
луна-27 0.001 2.0 0.002
луна-28 0.0 2.0 0.0
бортовый 0.0 2.0 0.0
прибор 0.001 1.699 0.002
уменьшить 0.0 1.301 0.0
вклад 0.0 1.301 0.0
разработать 0.0 0.959 0.0
pilot-d. 0.0 2.0 0.0
помешать 0.0 1.699 0.0
восточный 0.0 1.046 0.0
июль 0.0 0.959 0.0
очередь 0.0 0.538 0.0
потребность 0.0 1.222 0.0
радиационный 0.0 2.0 0.0
стойкий 0.001 1.222 0.001
микросхема 0.0 2.0 0.0
условие 0.001 0.495 0.0
дальний 0.0 2.0 0.0
полугодовой 0.0 1.523 0.0
луны-25 0.0 2.0 0.0
заменить 0.0 0.921 0.0
недоставать 0.0 1.398 0.0
компонент 0.001 0.824 0.001
китай 0.0 0.824 0.0
правительство 0.001 0.678 0.001
кнр 0.0 1.398 0.0
меморандум 0.0 2.0 0.0
взаимопонимание 0.0 2.0 0.0
юридически 0.0 1.699 0.0
обязательный 0.0 0.886 0.0
межправительственный 0.0 2.0 0.0
ясно 0.001 0.886 0.001
слово 0.0 0.268 0.0
китайский 0.0 0.886 0.0
посол 0.0 1.523 0.0
венера-д 0.001 2.0 0.002
далее 0.0 0.921 0.0
долгоживущий 0.0 2.0 0.0
разрабатывать 0.0 1.301 0.0
советский 0.001 0.959 0.001
венера 0.0 2.0 0.0
знаменитый 0.0 1.222 0.0
пионерский 0.0 2.0 0.0
существенный 0.0 0.921 0.0
надеяться 0.0 0.699 0.0
вега-2 0.0 2.0 0.0
название 0.0 0.745 0.0
комета 0.0 2.0 0.0
галлей 0.0 2.0 0.0
исследовать 0.0 0.959 0.0
июнь 0.0 0.699 0.0
минута 0.0 0.745 0.0
усилие 0.0 1.046 0.0
увеличить 0.0 1.155 0.0
сутки 0.0 0.824 0.0
учёный 0.0 0.569 0.0
объединить 0.0 2.0 0.0
опыт 0.001 0.699 0.001
воздействие 0.0 1.398 0.0
неблагоприятный 0.0 1.398 0.0
аппаратура 0.0 2.0 0.0
конец 0.0 0.444 0.0
речь 0.0 0.398 0.0
вместе 0.0 0.602 0.0
американец 0.0 1.398 0.0
бион-м 0.001 2.0 0.002
ссср 0.0 1.155 0.0
использовать 0.001 0.319 0.0
биологический 0.001 1.222 0.001
бион 0.0 2.0 0.0
фотон 0.0 2.0 0.0
конструкция 0.001 1.523 0.002
близкий 0.0 0.347 0.0
гагаринский 0.0 2.0 0.0
восток 0.0 0.886 0.0
значит 0.0 0.444 0.0
околоземный 0.0 2.0 0.0
пространство 0.0 1.097 0.0
возвращаться 0.0 0.854 0.0
спускать 0.0 1.398 0.0
куратор 0.0 1.699 0.0
медицинский 0.0 0.523 0.0
медико-биологический 0.0 2.0 0.0
изготавливать 0.0 2.0 0.0
самарский 0.0 1.699 0.0
ракетно-космический 0.0 2.0 0.0
формироваться 0.0 1.301 0.0
большой 0.001 0.347 0.0
количество 0.0 0.481 0.0
2023–2024 0.0 2.0 0.0
совершить 0.0 1.155 0.0
30-суточный 0.0 2.0 0.0
круговой 0.0 2.0 0.0
высота 0.0 1.301 0.0
тысяча 0.0 0.31 0.0
километр 0.0 1.046 0.0
неизвестно 0.0 0.77 0.0
повлиять 0.0 1.0 0.0
гвианский 0.001 2.0 0.002
oneweb 0.005 2.0 0.01
главкосмос 0.001 2.0 0.002
дочерний 0.0 1.699 0.0
госкорпорация 0.001 1.523 0.002
заключить 0.0 1.097 0.0
французский 0.001 1.097 0.001
arianespace 0.001 2.0 0.002
российско-французский 0.0 2.0 0.0
акционерный 0.0 2.0 0.0
старсем 0.0 2.0 0.0
ракета 0.004 1.0 0.004
союз-2 0.001 2.0 0.002
гендиректор 0.0 1.222 0.0
игорь 0.0 1.222 0.0
комаров 0.0 2.0 0.0
маска 0.001 0.886 0.001
starlink 0.0 2.0 0.0
собственный 0.001 0.569 0.001
falcon 0.0 1.699 0.0
британский 0.0 0.721 0.0
конкурент 0.0 1.301 0.0
терять 0.0 1.097 0.0
смочь 0.001 0.328 0.0
всё-таки 0.0 0.553 0.0
получить 0.001 0.328 0.0
выгодный 0.0 1.523 0.0
европеец 0.001 1.398 0.001
ожидаться 0.0 1.046 0.0
продление 0.0 2.0 0.0
заключаться 0.0 0.959 0.0
кура 0.001 1.699 0.002
гвиана 0.001 1.699 0.002
предложить 0.0 0.699 0.0
модернизировать 0.0 1.699 0.0
площадка 0.003 0.796 0.002
st-b 0.001 2.0 0.002
мнение 0.0 0.509 0.0
сэкономить 0.0 2.0 0.0
больший 0.0 0.328 0.0
транспортный 0.0 1.699 0.0
модернизация 0.0 2.0 0.0
помочь 0.0 0.125 0.0
запасный 0.0 1.699 0.0
отправка 0.0 1.523 0.0
отправлять 0.0 1.0 0.0
человек 0.001 0.092 0.0
комплекс 0.0 1.046 0.0
вариант 0.0 0.481 0.0
резерв 0.0 1.222 0.0
называть 0.0 0.432 0.0
вывести 0.0 1.301 0.0
jody 0.0 2.0 0.0
amiet 0.0 2.0 0.0
afp 0.0 0.854 0.0
scanpix 0.0 0.301 0.0
leta 0.0 0.301 0.0
предложение 0.0 0.921 0.0
потерять 0.0 0.854 0.0
какой-либо 0.001 0.854 0.001
смысл 0.001 0.481 0.0
введение 0.0 0.658 0.0
отказаться 0.0 0.62 0.0
продолжать 0.0 0.292 0.0
сопровождать 0.0 1.699 0.0
эксплуатировать 0.0 1.699 0.0
анализировать 0.0 1.398 0.0
последствие 0.0 0.523 0.0
рассматривать 0.0 1.097 0.0
перевод 0.0 1.301 0.0
нагрузка 0.0 0.959 0.0
ariane 0.001 2.0 0.002
vega 0.001 2.0 0.002
c. 0.0 1.523 0.0
остаться 0.001 0.432 0.0
законсервировать 0.0 1.699 0.0
разгонный 0.0 2.0 0.0
блок 0.0 1.222 0.0
фрегат 0.0 2.0 0.0
возврат 0.0 1.523 0.0
подлежать 0.0 2.0 0.0
форс-мажорный 0.0 2.0 0.0
обстоятельство 0.0 1.046 0.0
хороший 0.001 0.377 0.0
практически 0.001 0.602 0.001
форс-мажор 0.0 1.699 0.0
развязать 0.0 1.699 0.0
покинуть 0.0 0.745 0.0
итог 0.001 0.509 0.001
пуск 0.0 2.0 0.0
касаться 0.0 0.553 0.0
буквально 0.0 0.886 0.0
союз-2.1б 0.0 2.0 0.0
поручить 0.0 1.301 0.0
прекратить 0.0 0.824 0.0
интерес 0.001 0.155 0.0
отсутствие 0.0 0.699 0.0
гарантия 0.0 1.097 0.0
неиспользование 0.0 2.0 0.0
военный 0.0 0.444 0.0
цель 0.0 0.745 0.0
снятой 0.0 1.398 0.0
увезти 0.0 2.0 0.0
монтажно-испытательный 0.0 2.0 0.0
корпус 0.0 1.699 0.0
время 0.001 0.086 0.0
пять 0.0 0.432 0.0
состояться 0.0 1.301 0.0
отменить 0.0 0.921 0.0
шесть 0.001 0.745 0.001
оплатить 0.0 1.222 0.0
оператор 0.0 1.523 0.0
starsem 0.0 2.0 0.0
опечатать 0.0 2.0 0.0
помещение 0.0 0.854 0.0
новость 0.0 0.357 0.0
аспект 0.0 1.398 0.0
изготовление 0.0 1.523 0.0
плазменный 0.0 2.0 0.0
спд-50м 0.0 2.0 0.0
производить 0.0 1.097 0.0
калининградский 0.0 1.699 0.0
опытный 0.0 2.0 0.0
бюро 0.0 2.0 0.0
факел 0.0 2.0 0.0
интегрировать 0.0 1.523 0.0
структура 0.0 0.745 0.0
энергомаш 0.001 2.0 0.002
учёт 0.0 0.824 0.0
приостановить 0.0 1.155 0.0
вряд 0.0 0.854 0.0
выглядеть 0.0 0.495 0.0
рд-180 0.002 2.0 0.004
коммерческий 0.001 1.301 0.001
2009–2015 0.0 2.0 0.0
занимать 0.0 1.0 0.0
лидировать 0.0 1.699 0.0
место 0.0 0.409 0.0
конкуренция 0.0 1.699 0.0
постепенно 0.0 1.222 0.0
теснить 0.0 2.0 0.0
рынок 0.0 0.699 0.0
промышленность 0.0 1.699 0.0
поставка 0.001 0.921 0.001
рд-181 0.001 2.0 0.002
united 0.0 1.301 0.0
launch 0.0 1.523 0.0
alliance 0.0 1.523 0.0
ula 0.001 2.0 0.002
закупать 0.0 1.301 0.0
atlas 0.001 2.0 0.002
v 0.001 0.699 0.001
приносить 0.0 1.301 0.0
доход 0.0 1.222 0.0
использоваться 0.0 0.585 0.0
разработка 0.001 1.097 0.001
vulcan 0.0 2.0 0.0
метановый 0.0 2.0 0.0
be-4 0.0 2.0 0.0
вместо 0.001 0.77 0.001
керосиновый 0.0 2.0 0.0
апрель 0.0 0.886 0.0
передать 0.0 0.959 0.0
обслуживать 0.0 1.699 0.0
поставлять 0.0 1.155 0.0
прекращать 0.0 1.301 0.0
май 0.0 0.959 0.0
борис 0.0 1.398 0.0
кавашкина 0.0 2.0 0.0
тасс 0.001 0.699 0.001
antares 0.0 2.0 0.0
northrop 0.0 2.0 0.0
grumman 0.0 2.0 0.0
выходить 0.0 0.62 0.0
cygnus 0.0 2.0 0.0
снабжение 0.0 1.523 0.0
образ 0.0 0.553 0.0
сказать 0.0 0.31 0.0
участвовать 0.0 0.569 0.0
южнокорейский 0.0 2.0 0.0
cas500-2 0.0 2.0 0.0
ангольский 0.0 2.0 0.0
angosat-2 0.0 2.0 0.0
бангладешский 0.0 2.0 0.0
bangabandhu 0.0 2.0 0.0
satellite-2 0.0 2.0 0.0
вероятность 0.0 0.602 0.0
заключение 0.0 1.046 0.0
существующий 0.0 1.155 0.0
репутация 0.0 1.222 0.0
крайне 0.0 0.721 0.0
низкий 0.0 0.638 0.0
кроме 0.0 0.387 0.0
разный 0.0 0.276 0.0
степень 0.0 0.658 0.0
причём 0.0 0.62 0.0
проводиться 0.0 0.854 0.0
подготовительный 0.0 2.0 0.0
казахстан 0.0 1.222 0.0
байтерек 0.0 2.0 0.0
создавать 0.0 0.796 0.0
ркк 0.001 2.0 0.002
союз-5 0.0 2.0 0.0
строиться 0.0 1.523 0.0
три 0.001 0.569 0.001
арабский 0.0 1.398 0.0
эмират 0.0 1.699 0.0
третий 0.0 0.553 0.0
потенциальный 0.0 0.886 0.0
восстановление 0.0 1.398 0.0
плавучий 0.0 2.0 0.0
морской 0.0 1.523 0.0
стоимость 0.0 1.301 0.0
оцениваться 0.0 1.155 0.0
миллиард 0.0 1.046 0.0
рубль 0.0 1.0 0.0
курс 0.0 0.824 0.0
союз-фг 0.0 2.0 0.0
сергей 0.0 0.796 0.0
савостьян 0.0 2.0 0.0
столкнуться 0.0 1.046 0.0
серьёзный 0.001 0.553 0.001
стоить 0.0 0.469 0.0
вкладывать 0.0 1.398 0.0
ремонт 0.0 1.398 0.0
токсичный 0.0 1.699 0.0
арена 0.0 1.699 0.0
ток-шоу 0.0 1.523 0.0
игра 0.0 1.0 0.0
канал 0.0 0.699 0.0
возложить 0.0 1.523 0.0
вина 0.0 1.699 0.0
развал 0.0 1.523 0.0
великобритания 0.0 0.699 0.0
франция 0.0 0.854 0.0
уничтожить 0.0 1.0 0.0
создаваться 0.001 1.222 0.001
человечество 0.0 1.222 0.0
труд 0.0 0.854 0.0
кровь 0.0 0.77 0.0
осваивать 0.0 2.0 0.0
ненавидеть 0.0 1.301 0.0
допустить 0.0 0.854 0.0
назвать 0.0 0.569 0.0
личный 0.0 0.678 0.0
враг 0.0 1.046 0.0
импортозамещение 0.001 1.398 0.001
электроника 0.001 2.0 0.002
проводить 0.0 0.509 0.0
сокращение 0.0 0.959 0.0
зависимость 0.0 0.745 0.0
западный 0.0 0.553 0.0
электронный 0.0 1.046 0.0
производитель 0.0 0.796 0.0
переориентироваться 0.0 1.699 0.0
тайвань 0.0 1.523 0.0
специальный 0.0 0.638 0.0
присоединиться 0.0 1.046 0.0
мир 0.0 0.26 0.0
тайваньский 0.0 1.699 0.0
tsmc 0.0 2.0 0.0
taiwan 0.0 2.0 0.0
semiconductor 0.0 2.0 0.0
manufacturing 0.0 1.699 0.0
co. 0.0 1.523 0.0
фирма 0.0 1.523 0.0
заказывать 0.0 1.699 0.0
спроектировать 0.0 1.699 0.0
микрочип 0.0 1.699 0.0
брать 0.0 0.77 0.0
неясно 0.0 1.097 0.0
наложиться 0.0 2.0 0.0
общий 0.0 0.444 0.0
кризис 0.0 0.921 0.0
доступность 0.0 1.699 0.0
комплектующие 0.001 1.699 0.002
мировой 0.0 0.721 0.0
пандемия 0.0 0.538 0.0
ковид 0.0 0.387 0.0
перебой 0.0 2.0 0.0
туризм 0.001 2.0 0.002
союз-мс 0.0 2.0 0.0
adventures 0.0 2.0 0.0
искать 0.0 0.678 0.0
состоятельный 0.0 1.699 0.0
клиент 0.0 1.097 0.0
турист 0.0 1.523 0.0
мисуркина 0.0 2.0 0.0
юсак 0.0 2.0 0.0
маэдзав 0.0 2.0 0.0
едзый 0.0 2.0 0.0
хирано 0.0 2.0 0.0
союз-2.1 0.0 2.0 0.0
декабрь 0.0 0.745 0.0
максим 0.001 0.796 0.001
блин 0.0 1.523 0.0
репутационный 0.0 1.699 0.0
потеря 0.0 0.824 0.0
иностранец 0.0 1.398 0.0
понести 0.0 1.523 0.0
понимать 0.0 0.42 0.0
вызов 0.0 1.523 0.0
эфир 0.0 0.959 0.0
радиостанция 0.0 2.0 0.0
комсомольский 0.0 2.0 0.0
лоскут 0.0 2.0 0.0
ограничиваться 0.0 1.699 0.0
объявить 0.0 0.553 0.0
юго-восточный 0.0 2.0 0.0
азия 0.0 1.523 0.0
ближний 0.0 1.222 0.0
северный 0.0 0.824 0.0
африка 0.0 1.222 0.0
латинский 0.0 1.523 0.0
америка 0.0 1.222 0.0
приниматься 0.0 0.959 0.0
утверждать 0.0 0.658 0.0
финансирование 0.001 1.301 0.001
фкп 0.001 2.0 0.002
2016–2025 0.0 2.0 0.0
планирование 0.0 1.398 0.0
устроить 0.0 0.854 0.0
иначе 0.0 0.745 0.0
определяться 0.0 1.301 0.0
утверждаться 0.0 1.097 0.0
конгресс 0.0 1.155 0.0
президент 0.0 0.523 0.0
позволять 0.0 0.585 0.0
оперативно 0.0 1.301 0.0
реагировать 0.0 1.097 0.0
складываться 0.0 1.523 0.0
сочетание 0.0 1.097 0.0
ставить 0.0 0.886 0.0
сомнение 0.0 0.959 0.0
выполнение 0.0 1.523 0.0
дополнять 0.0 2.0 0.0
нерадужный 0.0 2.0 0.0
картина 0.0 0.721 0.0
очевидный 0.0 0.678 0.0
стратегический 0.0 1.523 0.0
орёл 0.002 2.0 0.004
ранее 0.0 0.62 0.0
называться 0.0 0.699 0.0
федерация 0.0 1.0 0.0
автономный 0.0 1.398 0.0
беспилотный 0.0 2.0 0.0
назначить 0.0 1.523 0.0
очередной 0.0 0.796 0.0
сдвинуться 0.0 1.699 0.0
вперёд 0.0 1.398 0.0
интервью 0.0 0.745 0.0
упомянуть 0.0 1.155 0.0
причина 0.0 0.398 0.0
фактический 0.0 1.155 0.0
отказ 0.0 0.77 0.0
росиия 0.0 2.0 0.0
стенд 0.0 1.699 0.0
прообраз 0.0 1.699 0.0
переименовать 0.0 1.699 0.0
поздний 0.0 0.745 0.0
сверхтяжёлый 0.0 2.0 0.0
отложить 0.0 1.301 0.0
испытательный 0.0 2.0 0.0
существование 0.0 0.886 0.0
заново 0.001 1.523 0.002
тяжёлый 0.0 0.377 0.0
орлёнок 0.001 2.0 0.002
росс 0.0 2.0 0.0
бюджет 0.0 1.301 0.0
выделить 0.0 0.066 0.0
десятилетний 0.0 1.699 0.0
период 0.0 0.678 0.0
2026–2035 0.0 2.0 0.0
парадоксальный 0.0 1.699 0.0
облегчить 0.0 1.699 0.0
версия 0.0 0.77 0.0
использование 0.0 0.066 0.0
потребовать 0.0 1.097 0.0
существенно 0.0 0.721 0.0
отличаться 0.0 0.553 0.0
поэтому 0.0 0.328 0.0
путь 0.0 0.62 0.0
инвестиция 0.0 1.301 0.0
аналитический 0.0 1.155 0.0
кредитный 0.0 1.699 0.0
рейтинговый 0.0 2.0 0.0
акр 0.0 2.0 0.0
присвоить 0.0 1.699 0.0
максимально 0.0 0.721 0.0
возможный 0.0 0.523 0.0
рейтинг 0.001 1.0 0.001
aaa 0.0 2.0 0.0
ru 0.0 0.824 0.0
c 0.0 1.046 0.0
прогноз 0.0 0.824 0.0
стабильный 0.0 2.0 0.0
соответствовать 0.0 0.824 0.0
суверенный 0.0 1.699 0.0
уровень 0.0 0.367 0.0
объяснять 0.0 0.538 0.0
замгендиректор 0.0 2.0 0.0
экономика 0.0 0.796 0.0
финансы 0.0 1.398 0.0
овчинник 0.0 2.0 0.0
выпустить 0.0 0.699 0.0
облигация 0.0 1.699 0.0
потребоваться 0.0 0.921 0.0
масштабный 0.0 1.0 0.0
инвестиционный 0.0 1.699 0.0
реализовывать 0.0 1.699 0.0
пояснить 0.0 1.523 0.0
приоритет 0.0 1.301 0.0
скорректировать 0.0 2.0 0.0
оборона 0.0 0.959 0.0
инициатива 0.0 1.046 0.0
связать 0.0 0.469 0.0
частный 0.001 0.824 0.001
решить 0.0 0.398 0.0
национализировать 0.0 1.699 0.0
бесплатно 0.0 1.398 0.0
найти 0.0 0.456 0.0
понять 0.001 0.495 0.0
бизнес 0.0 0.824 0.0
нуждаться 0.0 1.301 0.0
конкурсный 0.0 2.0 0.0
кадр 0.0 1.097 0.0
качественный 0.0 1.046 0.0
применение 0.0 0.721 0.0
свежий 0.0 1.097 0.0
идея 0.0 0.585 0.0
сервис 0.0 0.959 0.0
желательно 0.0 1.523 0.0
доступный 0.0 0.824 0.0
трудный 0.0 0.721 0.0
почему 0.0 0.337 0.0
развитие 0.0 0.638 0.0
ранний 0.001 0.409 0.0
благоприятный 0.0 2.0 0.0
амбиция 0.0 1.523 0.0
металлический 0.0 1.523 0.0
стружка 0.0 2.0 0.0
топливный 0.0 1.699 0.0
бакахон 0.0 2.0 0.0
отражение 0.0 1.699 0.0
ровно 0.0 1.222 0.0
юрий 0.0 1.699 0.0
гагарин 0.0 2.0 0.0
наслать 0.001 0.066 0.0
неочевидный 0.0 1.097 0.0
факт 0.0 0.638 0.0
доставить 0.0 1.398 0.0
исторический 0.0 0.921 0.0
событиеприйти 0.0 2.0 0.0
поговорить 0.0 0.62 0.0
выигрывать 0.0 2.0 0.0
гонка 0.0 1.699 0.0
24/7 0.0 0.102 0.0
читателейн 0.0 0.174 0.0
срочно 0.0 0.167 0.0
хотеть 0.0 0.102 0.0
редакция 0.001 0.066 0.0
кодекс 0.0 0.066 0.0
блог 0.0 0.066 0.0
meduzacare 0.0 0.066 0.0
связаться 0.0 0.066 0.0
анонимно 0.0 0.066 0.0
ios 0.0 0.066 0.0
android 0.0 0.066 0.0
инстаграм 0.0 0.066 0.0
twitter 0.0 0.0 0.0
facebook 0.0 0.0 0.0
вконтакте 0.0 0.066 0.0
youtube 0.0 0.06 0.0
– 0.0 0.06 0.0
live 0.0 0.022 0.0
вечерний 0.0 0.066 0.0
вообще 0.0 0.066 0.0
реклама 0.001 0.066 0.0
требование 0.0 0.066 0.0
баннер 0.0 0.066 0.0
безопасно 0.0 0.066 0.0
персональный 0.0 0.066 0.0
правило 0.0 0.066 0.0
обработка 0.0 0.066 0.0
кук 0.0 0.066 0.0
ошибка 0.0 0.066 0.0
нажать 0.0 0.066 0.0
ctrl+enter 0.0 0.066 0.0
спасибоgiphyз 0.0 0.066 0.0
гифка 0.0 0.066 0.0
© 0.0 0.0 0.0
