перейти 0.001 0.066 0.0
материал 0.002 0.066 0.0
связь 0.001 0.0 0.0
новостиисторииразборшапитокоронавирусмагаз 0.001 0.066 0.0
медуза 0.006 0.066 0.0
рекламаmeduza 0.001 0.066 0.0
in 0.001 0.0 0.0
english 0.001 0.06 0.0
показывать 0.001 0.066 0.0
порядок 0.001 0.066 0.0
en 0.001 0.066 0.0
кнопка 0.001 0.066 0.0
поддержка 0.002 0.066 0.0
разбор 0.001 0.387 0.0
спрашивать 0.001 0.886 0.001
вакцинироваться 0.001 0.886 0.001
аллергия 0.008 1.155 0.009
беременность 0.003 1.097 0.003
тысяча 0.003 0.31 0.001
другой 0.008 0.097 0.001
случай 0.009000000000000001 0.194 0.002
рассказывать 0.001 0.337 0.0
какой 0.001 0.357 0.0
противопоказание 0.023000000000000007 1.046 0.024
сам 0.005 0.137 0.001
дело 0.003 0.252 0.001
важный 0.001 0.284 0.0
прививка 0.008 0.602 0.005
ковид 0.007 0.387 0.003
июль 0.001 0.959 0.001
источник 0.001 0.167 0.0
meduza 0.002 0.0 0.0
данный 0.001 0.097 0.0
сообщение 0.001 0.102 0.0
создать 0.001 0.097 0.0
распространить 0.001 0.102 0.0
иностранный 0.002 0.097 0.0
средство 0.002 0.097 0.0
массовый 0.001 0.097 0.0
информация 0.002 0.102 0.0
выполнять 0.001 0.097 0.0
функция 0.001 0.097 0.0
агент 0.001 0.097 0.0
российский 0.007 0.071 0.0
юридический 0.001 0.102 0.0
лицо 0.001 0.086 0.0
мы 0.002 0.066 0.0
нужный 0.001 0.086 0.0
ваш 0.001 0.081 0.0
помощь 0.001 0.071 0.0
пожалуйста 0.001 0.102 0.0
поддержать 0.002 0.066 0.0
евгений 0.001 1.097 0.001
фельдман 0.001 1.523 0.002
судить 0.001 0.585 0.001
опрос 0.002 1.398 0.003
читатель 0.001 0.523 0.001
один 0.004 0.119 0.0
главный 0.002 0.276 0.001
причина 0.002 0.398 0.001
удерживать 0.001 1.301 0.001
россиянин 0.001 0.444 0.0
вакцинация 0.012 0.553 0.007
беспокойство 0.001 1.155 0.001
повод 0.001 0.553 0.001
хронический 0.001 1.097 0.001
заболевание 0.013000000000000005 0.481 0.006
аутоиммунный 0.003 1.398 0.004
аллергический 0.006 1.523 0.009
онкологический 0.001 1.222 0.001
история 0.002 0.26 0.001
инсульт 0.002 1.398 0.003
инфаркт 0.001 1.523 0.002
попробовать 0.002 1.046 0.002
объяснить 0.001 0.602 0.001
относиться 0.001 0.62 0.001
истинный 0.002 1.155 0.002
разный 0.002 0.276 0.001
действительность 0.001 1.398 0.001
вообще 0.001 0.066 0.0
такой 0.006 0.114 0.001
это 0.011 0.066 0.001
состояние 0.009000000000000001 0.721 0.006
который 0.014000000000000002 0.071 0.001
также 0.003 0.237 0.001
любой 0.003 0.319 0.001
медицинский 0.003 0.523 0.002
вмешательство 0.001 1.398 0.001
доказанно 0.001 2.0 0.002
нести 0.001 0.886 0.001
риск 0.008 0.357 0.003
польза 0.003 0.745 0.002
первоисточник 0.001 2.0 0.002
безопасность 0.001 0.387 0.0
вакцина 0.041 0.538 0.022
результат 0.006 0.367 0.002
клинический 0.006 0.721 0.004
испытание 0.003 0.77 0.002
например 0.002 0.229 0.0
предварительный 0.001 0.959 0.001
спутник 0.005 0.678 0.003
v 0.005 0.699 0.003
основание 0.002 0.569 0.001
этот 0.003 0.137 0.0
данные 0.004 0.31 0.001
компания-разработчик 0.001 2.0 0.002
формировать 0.001 1.523 0.002
список 0.004 0.569 0.002
тот 0.006 0.131 0.001
прививаться 0.002 0.824 0.002
нужно 0.004 0.237 0.001
осторожность 0.006 1.523 0.009
по-хорошему 0.001 1.699 0.002
каждый 0.002 0.244 0.0
правильно 0.001 0.824 0.001
сравнить 0.001 1.046 0.001
подобно 0.001 2.0 0.002
сравнивать 0.002 0.796 0.002
умереть 0.001 0.638 0.001
нежелательный 0.005 0.77 0.004
явление 0.004 0.886 0.004
вызвать 0.002 0.721 0.001
инфекция 0.004 0.569 0.002
модель 0.001 0.824 0.001
ротавирусный 0.004 2.0 0.008
соотношение 0.001 1.398 0.001
получаться 0.002 0.824 0.002
369:1 0.001 2.0 0.002
предотвращать 0.001 1.301 0.001
смерть 0.002 0.553 0.001
гастроэнтерит 0.001 2.0 0.002
вызывать 0.004 0.523 0.002
лишний 0.001 1.097 0.001
инвагинация 0.005 1.699 0.008
кишечник 0.004 1.699 0.007
хороший 0.001 0.377 0.0
масштабный 0.001 1.0 0.001
исследование 0.005 0.42 0.002
пока 0.002 0.208 0.0
преждевременный 0.001 1.398 0.001
пройти 0.001 0.387 0.0
слишком 0.001 0.553 0.001
мало 0.001 0.538 0.001
время 0.002 0.086 0.0
полноценно 0.001 2.0 0.002
оценить 0.001 0.678 0.001
появляться 0.002 0.658 0.001
препринт 0.001 1.155 0.001
статья 0.001 0.553 0.001
рецензирование 0.001 1.523 0.002
значит 0.001 0.444 0.0
согласно 0.002 0.745 0.001
методический 0.005 1.222 0.006
рекомендация 0.006 0.678 0.004
раздел 0.006 1.523 0.009
вносить 0.001 1.222 0.001
случаться 0.003 1.155 0.003
частый 0.003 0.523 0.002
человек 0.008 0.092 0.001
отличие 0.002 0.699 0.001
должный 0.005 0.201 0.001
достоверный 0.001 1.523 0.002
подтверждаться 0.001 1.398 0.001
какой-то 0.003 0.328 0.001
равно 0.001 0.638 0.001
просто 0.002 0.194 0.0
регуляторный 0.001 1.699 0.002
орган 0.001 0.886 0.001
оценивать 0.001 0.921 0.001
принимать 0.002 0.432 0.001
решение 0.002 0.347 0.001
регистрация 0.002 0.854 0.002
государственный 0.001 0.523 0.001
реестр 0.001 1.155 0.001
лекарственный 0.001 1.097 0.001
грлс 0.001 1.398 0.001
инструкция 0.017 0.699 0.012
россия 0.004 0.108 0.0
лекарство 0.003 0.569 0.002
заниматься 0.001 0.62 0.001
специальный 0.001 0.638 0.001
департамент 0.001 1.097 0.001
министерство 0.001 1.046 0.001
здравоохранение 0.001 0.658 0.001
минздрав 0.002 0.678 0.001
смочь 0.002 0.328 0.001
принять 0.001 0.42 0.0
подведомственный 0.001 2.0 0.002
организация 0.001 0.509 0.001
фгб 0.001 1.699 0.002
научный 0.003 0.658 0.002
центр 0.003 0.432 0.001
экспертиза 0.002 1.155 0.002
применение 0.003 0.721 0.002
проводить 0.003 0.509 0.002
число 0.003 0.201 0.001
автор 0.003 0.62 0.002
составлять 0.002 0.745 0.001
текст 0.001 0.62 0.001
разделить 0.001 1.155 0.001
тип 0.003 0.796 0.002
первый 0.006 0.143 0.001
гиперчувствительность 0.004 1.699 0.007
компонент 0.003 0.824 0.002
универсальный 0.001 1.301 0.001
зарубежный 0.001 0.886 0.001
называть 0.001 0.432 0.0
верно 0.001 2.0 0.002
фармакологический 0.001 2.0 0.002
псевдоаллергический 0.002 2.0 0.004
реакция 0.009000000000000001 0.678 0.006
похожий 0.001 0.602 0.001
проявление 0.002 1.523 0.003
отличаться 0.001 0.553 0.001
друг 0.002 0.387 0.001
иммунный 0.002 0.678 0.001
вплоть 0.001 1.222 0.001
понятно 0.001 0.699 0.001
именно 0.002 0.244 0.0
задействовать 0.001 1.222 0.001
иммунитет 0.001 0.77 0.001
хотя 0.002 0.276 0.001
напоминать 0.001 0.921 0.001
касаться 0.001 0.553 0.001
американский 0.005 0.585 0.003
колледж 0.001 1.523 0.002
астма 0.001 1.523 0.002
иммунология 0.001 1.699 0.002
acaai 0.001 2.0 0.002
рекомендовать 0.001 0.569 0.001
следующий 0.001 0.553 0.001
аллергологический 0.001 2.0 0.002
скрининг 0.001 1.699 0.002
представлять 0.001 0.678 0.001
себя 0.001 0.62 0.001
пациент 0.003 0.678 0.002
прививать 0.004 0.959 0.004
когда-либо 0.001 1.523 0.002
серьёзный 0.002 0.553 0.001
прежде 0.001 0.62 0.001
следовать 0.001 0.678 0.001
направить 0.001 0.959 0.001
аллерголог-иммунолог 0.002 2.0 0.004
степень 0.001 0.658 0.001
тяжесть 0.001 0.959 0.001
четыре 0.001 0.509 0.001
час 0.001 0.538 0.001
введение 0.001 0.658 0.001
доза 0.007 0.721 0.005
второй 0.003 0.357 0.001
делать 0.006 0.18 0.001
полисорбат-80 0.002 2.0 0.004
содержаться 0.001 1.222 0.001
векторный 0.001 1.046 0.001
janssen 0.001 2.0 0.002
анафилаксия 0.001 1.699 0.002
известно 0.001 0.481 0.0
широко 0.001 1.097 0.001
применяться 0.001 1.046 0.001
множество 0.001 0.796 0.001
сфера 0.001 0.921 0.001
производство 0.001 0.658 0.001
продукт 0.002 0.678 0.001
скорее 0.001 0.509 0.001
знать 0.001 0.244 0.0
проводиться 0.002 0.854 0.002
справиться 0.001 1.097 0.001
анафилактический 0.001 1.699 0.002
европейский 0.002 0.602 0.001
академия 0.002 1.155 0.002
аллергология 0.001 2.0 0.002
eaaci 0.001 2.0 0.002
предполагать 0.002 0.699 0.001
стоить 0.001 0.469 0.0
строго 0.001 1.398 0.001
исключать 0.001 1.046 0.001
возможность 0.001 0.444 0.0
угрожать 0.001 1.046 0.001
жизнь 0.001 0.319 0.0
британский 0.001 0.721 0.001
предлагаться 0.001 1.301 0.001
консультация 0.001 1.046 0.001
жизнеугрожать 0.001 2.0 0.002
менять 0.001 0.886 0.001
стационар 0.001 1.699 0.002
сожаление 0.001 0.553 0.001
встретить 0.001 1.097 0.001
формулировка 0.002 1.301 0.003
тяжёлый 0.005 0.377 0.002
анамнез 0.002 2.0 0.004
форма 0.001 0.62 0.001
уточнение 0.001 1.398 0.001
поэтому 0.003 0.328 0.001
некоторый 0.005 0.222 0.001
пыльца 0.001 2.0 0.002
животное 0.001 0.854 0.001
мочь 0.002 0.102 0.0
отказать 0.001 1.155 0.001
ссылка 0.001 0.886 0.001
гамалея 0.001 1.155 0.001
разработать 0.001 0.959 0.001
ответить 0.001 0.495 0.0
письмо 0.001 0.854 0.001
просьба 0.001 0.886 0.001
пояснить 0.001 1.523 0.002
изменить 0.001 0.538 0.001
свой 0.001 0.143 0.0
отказывать 0.001 1.398 0.001
из-за 0.001 0.229 0.0
обратиться 0.001 0.658 0.001
врач 0.001 0.509 0.001
фельдшер 0.001 2.0 0.002
понимать 0.001 0.42 0.0
принцип 0.001 0.638 0.001
формирование 0.001 1.222 0.001
остальной 0.001 0.553 0.001
речь 0.001 0.398 0.0
защищать 0.002 0.585 0.001
коронавирус 0.001 0.387 0.0
препарат 0.004 0.585 0.002
связать 0.003 0.469 0.001
овальбумин 0.001 2.0 0.002
белок 0.001 1.155 0.001
куриный 0.002 1.699 0.003
яйцо 0.001 1.398 0.001
поскольку 0.001 0.678 0.001
производиться 0.001 1.155 0.001
эмбрион 0.001 1.699 0.002
успешный 0.001 1.046 0.001
метод 0.001 0.678 0.001
лечение 0.001 0.77 0.001
пищевой 0.001 1.301 0.001
аллерген 0.001 2.0 0.002
обращать 0.001 1.097 0.001
внимание 0.001 0.523 0.001
состав 0.001 0.745 0.001
официальный 0.001 0.538 0.001
быть 0.002 0.215 0.0
одобрять 0.001 1.523 0.002
решить 0.001 0.398 0.0
привиться 0.001 0.796 0.001
ура 0.001 1.097 0.001
подготовиться 0.001 1.155 0.001
сделать 0.002 0.208 0.0
правда 0.002 0.456 0.001
работать 0.002 0.102 0.0
месяц 0.003 0.432 0.001
назад 0.003 0.18 0.001
живой 0.007 0.553 0.004
опасный 0.001 0.699 0.001
иммунодефицит 0.003 1.699 0.005
скажем 0.001 1.222 0.001
сразу 0.001 0.553 0.001
неживой 0.002 1.699 0.003
использоваться 0.002 0.585 0.001
против 0.001 0.229 0.0
туберкулёз 0.001 2.0 0.002
полиомиелит 0.005 1.699 0.008
корь 0.001 1.523 0.002
краснуха 0.001 2.0 0.002
паротит 0.001 2.0 0.002
ветряный 0.001 2.0 0.002
оспа 0.001 2.0 0.002
жёлтый 0.001 1.699 0.002
лихорадка 0.001 1.699 0.002
ку-лихорадка 0.001 2.0 0.002
туляремия 0.001 2.0 0.002
чума 0.001 2.0 0.002
бруцеллёз 0.001 2.0 0.002
сибирский 0.001 1.523 0.002
язва 0.001 1.699 0.002
лептоспироз 0.001 2.0 0.002
rotateq 0.002 2.0 0.004
помимо 0.001 0.796 0.001
зарегистрировать 0.002 0.602 0.001
название 0.002 0.745 0.001
ротатечь 0.001 2.0 0.002
появление 0.001 0.699 0.001
использование 0.002 0.066 0.0
сша 0.002 0.469 0.001
предыдущий 0.001 0.886 0.001
rotashield 0.002 1.699 0.003
благодаря 0.001 0.77 0.001
vaers 0.001 2.0 0.002
система 0.002 0.398 0.001
отчёт 0.001 1.0 0.001
учёный 0.001 0.569 0.001
обратить 0.001 1.222 0.001
журнал 0.002 0.77 0.002
педиатрия 0.002 1.398 0.003
заметить 0.001 0.886 0.001
привить 0.002 0.678 0.001
ребёнок 0.01 0.387 0.004
ожидаться 0.001 1.046 0.001
возраст 0.003 0.658 0.002
причём 0.001 0.62 0.001
происходить 0.001 0.301 0.0
основное 0.001 0.553 0.001
неделя 0.001 0.328 0.0
ротавирус 0.001 1.523 0.002
nejm 0.001 2.0 0.002
английский 0.001 1.046 0.001
медицина 0.001 1.046 0.001
вывод 0.001 0.886 0.001
десять 0.001 0.585 0.001
перестать 0.001 0.678 0.001
использовать 0.002 0.319 0.001
прийтись 0.001 0.602 0.001
приступать 0.001 2.0 0.002
разработка 0.001 1.097 0.001
новый 0.002 0.187 0.0
повышать 0.002 1.0 0.002
продемонстрировать 0.001 1.155 0.001
постмаркетинговый 0.001 2.0 0.002
опубликовать 0.001 0.509 0.001
jama 0.001 2.0 0.002
network 0.001 1.222 0.001
ассоциация 0.001 1.398 0.001
однако 0.001 0.337 0.0
другихисследование 0.001 2.0 0.002
показать 0.001 0.432 0.0
повышение 0.001 1.097 0.001
связанный 0.002 0.745 0.001
итог 0.001 0.509 0.001
оказаться 0.001 0.31 0.0
комбинированный 0.001 2.0 0.002
наблюдаться 0.002 0.921 0.002
иначе 0.001 0.745 0.001
говорить 0.001 0.18 0.0
известный 0.002 0.569 0.001
пример 0.001 0.585 0.001
опв 0.001 2.0 0.002
очень 0.002 0.149 0.0
редкий 0.001 0.824 0.001
вакциноассоциировать 0.001 2.0 0.002
паралитический 0.001 2.0 0.002
вапп 0.002 2.0 0.004
возникнуть 0.002 0.77 0.002
самый 0.001 0.208 0.0
высокий 0.001 0.495 0.0
страна 0.003 0.155 0.0
заболеваемость 0.001 0.796 0.001
примерно 0.001 0.585 0.001
миллион 0.001 0.495 0.0
родить 0.001 1.301 0.001
воз 0.001 0.796 0.001
включать 0.001 0.959 0.001
календарь 0.002 2.0 0.004
ипв 0.001 2.0 0.002
национальный 0.001 0.77 0.001
сначала 0.001 0.602 0.001
два 0.001 0.26 0.0
затем 0.001 0.678 0.001
продолжать 0.001 0.292 0.0
соблюдаться 0.001 1.398 0.001
третий 0.001 0.553 0.001
производитель 0.003 0.796 0.002
перестраховываться 0.002 1.699 0.003
нередко 0.001 1.222 0.001
добавлять 0.001 1.097 0.001
сведение 0.001 1.046 0.001
желание 0.001 0.921 0.001
уберечь 0.001 1.523 0.002
возможный 0.002 0.523 0.001
претензия 0.001 1.097 0.001
подход 0.001 0.854 0.001
привести 0.001 0.456 0.0
потребитель 0.001 1.699 0.002
вопрос 0.002 0.276 0.001
провести 0.001 0.538 0.001
основа 0.001 0.678 0.001
перечень 0.001 1.699 0.002
поменяться 0.001 1.155 0.001
правило 0.002 0.066 0.0
писать 0.001 0.347 0.0
лишь 0.002 0.481 0.001
доказать 0.001 0.886 0.001
вред 0.001 1.097 0.001
указываться 0.003 1.699 0.005
составление 0.001 1.699 0.002
говориться 0.002 0.796 0.002
грудной 0.002 1.523 0.003
вскармливание 0.002 1.699 0.003
основываться 0.001 1.222 0.001
конкретный 0.003 0.658 0.002
фактически 0.001 0.721 0.001
к 0.001 0.745 0.001
весь 0.002 0.114 0.0
написать 0.001 0.62 0.001
применять 0.002 0.796 0.002
период 0.001 0.678 0.001
версия 0.002 0.77 0.002
гепатит 0.001 1.699 0.002
engerix-b 0.001 2.0 0.002
беременная 0.004 1.301 0.005
явный 0.001 1.097 0.001
необходимость 0.001 0.745 0.001
заявлять 0.001 1.0 0.001
в. 0.001 1.523 0.002
актуальный 0.001 1.301 0.001
фраза 0.001 1.046 0.001
первоначальный 0.001 1.523 0.002
июнь 0.001 0.699 0.001
исключить 0.001 1.0 0.001
оттуда 0.001 1.097 0.001
остаться 0.001 0.432 0.0
среди 0.001 0.42 0.0
появиться 0.001 0.367 0.0
близкий 0.001 0.347 0.0
многие 0.002 0.284 0.001
хотеть 0.002 0.102 0.0
мама 0.001 0.854 0.001
малыш 0.001 1.301 0.001
карточка 0.001 0.569 0.001
изучаться 0.001 1.523 0.002
ограничение 0.001 0.585 0.001
указывать 0.002 0.796 0.002
жёсткость 0.001 1.523 0.002
опыт 0.001 0.699 0.001
ограничить 0.001 0.959 0.001
отсутствовать 0.001 1.523 0.002
противопоказанный 0.003 1.699 0.005
педиатрический 0.001 1.699 0.002
практика 0.001 0.796 0.001
зависеть 0.001 0.509 0.001
иной 0.001 0.921 0.001
вариант 0.002 0.481 0.001
довольно 0.001 0.523 0.001
часто 0.001 0.456 0.0
встречаться 0.001 0.824 0.001
вовсе 0.001 0.921 0.001
категоричный 0.001 2.0 0.002
детский 0.001 0.77 0.001
год 0.003 0.119 0.0
попадать 0.001 0.854 0.001
проходить 0.001 0.495 0.0
три 0.001 0.569 0.001
ковивак 0.002 1.046 0.002
эпиваккорона 0.001 0.959 0.001
грипп 0.004 1.0 0.004
грипполый 0.001 1.699 0.002
квадривалент 0.001 1.699 0.002
шесть 0.001 0.745 0.001
консервант 0.001 2.0 0.002
клещевой 0.001 1.699 0.002
энцефалит 0.001 1.523 0.002
клещ-э-вак 0.002 2.0 0.004
никакой 0.001 0.409 0.0
flumist 0.001 2.0 0.002
quadrivalent 0.001 2.0 0.002
подросток 0.002 1.155 0.002
аспирин 0.001 1.699 0.002
аспиринсодержащий 0.001 2.0 0.002
содержать 0.001 0.745 0.001
ослабить 0.001 2.0 0.002
вирус 0.001 0.538 0.001
синдром 0.001 1.301 0.001
рей 0.001 2.0 0.002
хорёк 0.001 1.699 0.002
гриппоподобный 0.001 1.523 0.002
некий 0.001 1.155 0.001
перестраховка 0.002 2.0 0.004
иметься 0.001 0.77 0.001
обоснование 0.001 1.699 0.002
протокол 0.001 1.0 0.001
фаза 0.001 0.796 0.001
iii 0.001 1.222 0.001
сказать 0.001 0.31 0.0
допускать 0.001 1.046 0.001
острый 0.002 1.222 0.002
коронарный 0.001 2.0 0.002
кровь 0.001 0.77 0.001
указать 0.001 0.796 0.001
как-то 0.001 0.699 0.001
вероятность 0.001 0.602 0.001
возникновение 0.001 0.921 0.001
попасть 0.001 0.409 0.0
указание 0.002 1.155 0.002
давать 0.001 0.31 0.0
международный 0.001 0.569 0.001
классификация 0.001 1.301 0.001
болезнь 0.001 0.553 0.001
мкб-10 0.001 1.699 0.002
несмотря 0.001 0.456 0.0
даваться 0.001 1.699 0.002
описательный 0.001 2.0 0.002
характеристика 0.001 1.699 0.002
печень 0.001 1.398 0.001
почка 0.001 1.398 0.001
кроветворение 0.001 1.699 0.002
распоряжение 0.001 1.301 0.001
ответ 0.001 0.432 0.0
чумаков 0.001 1.523 0.002
разработчик 0.002 0.77 0.002
числиться 0.001 2.0 0.002
подтвердить 0.001 0.678 0.001
регистрироваться 0.001 1.222 0.001
соответствие 0.001 0.959 0.001
перечисленный 0.001 1.523 0.002
ситуация 0.001 0.337 0.0
временной 0.001 1.046 0.001
частность 0.001 0.678 0.001
можнодажевый 0.001 2.0 0.002
большинство 0.001 0.509 0.001
являться 0.001 0.602 0.001
нюанс 0.001 1.301 0.001
целое 0.001 0.585 0.001
излишний 0.001 1.699 0.002
настороженный 0.001 2.0 0.002
выражаться 0.001 1.699 0.002
избыточный 0.001 0.921 0.001
обычный 0.001 0.509 0.001
трудно 0.001 0.824 0.001
понять 0.001 0.495 0.0
изучить 0.001 0.854 0.001
группа 0.001 0.387 0.0
принятие 0.001 1.0 0.001
правильный 0.001 1.301 0.001
непосредственно 0.001 0.959 0.001
интересовать 0.001 1.398 0.001
адрес 0.001 1.301 0.001
телефон 0.001 0.745 0.001
владелец 0.001 1.097 0.001
регистрационный 0.001 1.699 0.002
удостоверение 0.001 1.699 0.002
редактор 0.001 0.921 0.001
александр 0.001 0.456 0.0
ершовый 0.001 0.77 0.001
переживать 0.001 0.886 0.001
сей 0.001 0.456 0.0
пора 0.001 0.357 0.0
вакцинировать 0.001 0.602 0.001
рассказать 0.001 0.469 0.0
почему 0.001 0.337 0.0
коротко 0.001 0.824 0.001
чётко 0.001 1.0 0.001
эмоционально 0.001 1.046 0.001
заранее 0.001 0.959 0.001
извинить 0.001 1.0 0.001
24/7 0.001 0.102 0.0
интерес 0.001 0.155 0.0
читателейн 0.001 0.174 0.0
срочно 0.001 0.167 0.0
помочь 0.001 0.125 0.0
елена 0.001 1.0 0.001
савинов 0.001 1.523 0.002
блог 0.002 0.066 0.0
истерик 0.001 1.398 0.001
соучредительница 0.001 1.523 0.002
ано 0.001 1.523 0.002
коллективный 0.001 0.959 0.001
редакция 0.001 0.066 0.0
кодекс 0.001 0.066 0.0
meduzacare 0.001 0.066 0.0
связаться 0.001 0.066 0.0
анонимно 0.001 0.066 0.0
платформа 0.001 0.066 0.0
ios 0.001 0.066 0.0
android 0.001 0.066 0.0
инстаграм 0.001 0.066 0.0
twitter 0.001 0.0 0.0
facebook 0.001 0.0 0.0
вконтакте 0.001 0.066 0.0
youtube 0.001 0.06 0.0
– 0.001 0.06 0.0
live 0.001 0.022 0.0
вечерний 0.001 0.066 0.0
реклама 0.001 0.066 0.0
требование 0.001 0.066 0.0
баннер 0.001 0.066 0.0
безопасно 0.001 0.066 0.0
персональный 0.001 0.066 0.0
дать 0.001 0.066 0.0
обработка 0.001 0.066 0.0
кук 0.001 0.066 0.0
наслать 0.001 0.066 0.0
ошибка 0.001 0.066 0.0
выделить 0.001 0.066 0.0
нажать 0.001 0.066 0.0
ctrl+enter 0.001 0.066 0.0
спасибоgiphyз 0.001 0.066 0.0
гифка 0.001 0.066 0.0
© 0.001 0.0 0.0
