перейти 0.001 0.066 0.0
материал 0.002 0.066 0.0
связь 0.001 0.0 0.0
новостиисторииразборшапитокоронавирусмагаз 0.001 0.066 0.0
медуза 0.025 0.066 0.002
рекламаmeduza 0.001 0.066 0.0
in 0.001 0.0 0.0
english 0.001 0.06 0.0
показывать 0.003 0.066 0.0
порядок 0.001 0.066 0.0
en 0.001 0.066 0.0
кнопка 0.001 0.066 0.0
поддержка 0.002 0.066 0.0
история 0.001 0.26 0.0
выяснить 0.002 0.824 0.002
кремль 0.007 0.824 0.006
собираться 0.001 0.602 0.001
перезапустить 0.001 1.699 0.002
кампания 0.005 0.699 0.003
массовый 0.003 0.097 0.0
вакцинация 0.020999999999999998 0.553 0.012
однако 0.003 0.337 0.001
власть 0.007 0.31 0.002
бояться 0.001 0.699 0.001
это 0.015 0.066 0.001
обрушить 0.002 1.699 0.003
рейтинг 0.007 1.0 0.007
путин 0.008 0.523 0.004
идти 0.004 0.222 0.001
отчуждение 0.002 1.523 0.003
президент 0.014000000000000002 0.523 0.007
население 0.002 0.569 0.001
слушать 0.003 1.046 0.003
ноябрь 0.001 0.699 0.001
источник 0.010000000000000002 0.167 0.002
meduza 0.003 0.0 0.0
данный 0.001 0.097 0.0
сообщение 0.001 0.102 0.0
создать 0.001 0.097 0.0
распространить 0.001 0.102 0.0
иностранный 0.003 0.097 0.0
средство 0.001 0.097 0.0
информация 0.004 0.102 0.0
выполнять 0.003 0.097 0.0
функция 0.002 0.097 0.0
агент 0.002 0.097 0.0
российский 0.004 0.071 0.0
юридический 0.001 0.102 0.0
лицо 0.002 0.086 0.0
мы 0.004 0.066 0.0
нужный 0.002 0.086 0.0
ваш 0.002 0.081 0.0
помощь 0.001 0.071 0.0
пожалуйста 0.001 0.102 0.0
поддержать 0.002 0.066 0.0
сергей 0.003 0.796 0.002
фадеичев 0.001 2.0 0.002
тасс 0.001 0.699 0.001
scanpix 0.001 0.301 0.0
leta 0.001 0.301 0.0
россиянин 0.004 0.444 0.002
по-прежнему 0.001 0.824 0.001
хотеть 0.005 0.102 0.001
вакцинироваться 0.002 0.886 0.002
полный 0.001 0.377 0.0
пройти 0.001 0.387 0.0
житель 0.002 0.456 0.001
осознавать 0.001 1.301 0.001
утверждение 0.001 1.222 0.001
изменить 0.002 0.538 0.001
ситуация 0.001 0.337 0.0
перезапускать 0.001 2.0 0.002
администрация 0.009000000000000001 0.959 0.009
ап 0.01 1.523 0.015
сотрудник 0.001 0.658 0.001
жаловаться 0.001 0.921 0.001
интернет 0.004 0.921 0.004
антиваксерство 0.002 2.0 0.004
стать 0.004 0.149 0.001
мейнстрим 0.002 1.699 0.003
рассчитывать 0.001 0.886 0.001
переубедить 0.001 1.699 0.002
колебаться 0.003 1.523 0.005
опасаться 0.001 1.046 0.001
форсирование 0.001 2.0 0.002
владимир 0.003 0.523 0.002
стараться 0.002 0.854 0.002
привязывать 0.002 2.0 0.004
тема 0.002 0.678 0.001
губернатор 0.001 1.222 0.001
вынуждать 0.001 1.222 0.001
выступать 0.002 0.658 0.001
экстравагантный 0.001 2.0 0.002
антиковидный 0.001 1.301 0.001
мера 0.001 0.377 0.0
внутриполитический 0.003 1.523 0.005
блок 0.004 1.222 0.005
начать 0.001 0.276 0.0
перезагрузка 0.001 1.699 0.002
пропаганда 0.004 0.745 0.003
ранее 0.001 0.62 0.001
такой 0.002 0.114 0.0
план 0.001 0.658 0.001
писать 0.002 0.347 0.001
коммерсант 0.001 1.523 0.002
заниматься 0.003 0.62 0.002
она 0.001 1.0 0.001
быть 0.006 0.215 0.001
подразделение 0.001 1.222 0.001
управление 0.003 0.824 0.002
обеспечение 0.001 1.046 0.001
госсовет 0.001 1.523 0.002
руководство 0.001 0.796 0.001
александр 0.001 0.456 0.0
харичева 0.001 2.0 0.002
общественный 0.002 0.745 0.001
проект 0.001 0.745 0.001
который 0.009000000000000001 0.071 0.001
возглавлять 0.002 1.301 0.003
новиков 0.002 2.0 0.004
оба 0.001 0.62 0.001
считаться 0.002 0.824 0.002
близкий 0.009000000000000001 0.347 0.003
соратник 0.001 1.398 0.001
руководитель 0.001 0.886 0.001
политический 0.001 0.658 0.001
первый 0.002 0.143 0.0
замглавы 0.001 1.699 0.002
кириенко 0.002 1.699 0.003
харичев 0.001 2.0 0.002
работать 0.005 0.102 0.001
госкорпорация 0.001 1.523 0.002
росатом 0.001 2.0 0.002
намерить 0.001 1.699 0.002
сосредоточить 0.001 1.398 0.001
усилие 0.002 1.046 0.002
слово 0.002 0.268 0.001
системный 0.001 1.398 0.001
работа 0.004 0.357 0.001
пока 0.003 0.208 0.001
вести 0.002 0.553 0.001
один 0.003 0.119 0.0
подтвердить 0.002 0.678 0.001
собеседник 0.005 1.097 0.005
проводить 0.001 0.509 0.001
качественный 0.001 1.046 0.001
социологический 0.003 1.699 0.005
исследование 0.006 0.42 0.003
изучать 0.001 0.854 0.001
мотив 0.001 1.398 0.001
человек 0.007 0.092 0.001
прививаться 0.001 0.824 0.001
отношение 0.001 0.509 0.001
действие 0.001 0.409 0.0
именно 0.006 0.244 0.001
исходить 0.001 1.222 0.001
формироваться 0.001 1.301 0.001
новый 0.003 0.187 0.001
стратегия 0.002 1.097 0.002
главный 0.002 0.276 0.001
итог 0.001 0.509 0.001
опрос 0.003 1.398 0.004
недоверие 0.002 1.699 0.003
гражданин 0.001 0.553 0.001
падение 0.002 0.921 0.002
ковид 0.005 0.387 0.002
оказаться 0.001 0.31 0.0
хороший 0.001 0.377 0.0
соцопрос 0.001 1.222 0.001
падать 0.001 0.824 0.001
доверие 0.004 1.155 0.005
телевизор 0.001 0.921 0.001
говорить 0.001 0.18 0.0
знакомый 0.001 0.854 0.001
результат 0.001 0.367 0.0
видеть 0.003 0.444 0.001
количественный 0.001 1.523 0.002
фсо 0.001 2.0 0.002
утверждать 0.001 0.658 0.001
например 0.001 0.229 0.0
регион 0.003 0.638 0.002
приволжский 0.001 2.0 0.002
федеральный 0.002 0.959 0.002
округ 0.002 1.301 0.003
район 0.002 0.678 0.001
20–30 0.001 1.398 0.001
пандемия 0.004 0.538 0.002
35–40 0.001 2.0 0.002
примерно 0.001 0.585 0.001
показатель 0.001 0.721 0.001
северо-западный 0.001 2.0 0.002
ранний 0.001 0.409 0.0
зависимость 0.002 0.745 0.001
варьироваться 0.001 2.0 0.002
рассказать 0.002 0.469 0.001
местный 0.002 0.602 0.001
полпредство 0.001 2.0 0.002
заботить 0.001 2.0 0.002
раскалывать 0.001 1.699 0.002
общество 0.001 0.602 0.001
поэтому 0.001 0.328 0.0
наоборот 0.001 0.824 0.001
всячески 0.001 1.699 0.002
находиться 0.001 0.367 0.0
сторона 0.001 0.347 0.0
стимулирование 0.001 1.523 0.002
собирать 0.001 0.699 0.001
предложение 0.002 0.921 0.002
согласовать 0.001 1.301 0.001
единый 0.001 0.959 0.001
решение 0.001 0.347 0.0
сверху 0.001 1.155 0.001
навязывать 0.001 1.523 0.002
место 0.002 0.409 0.001
пожелание 0.001 1.699 0.002
б 0.001 1.523 0.002
чудинка 0.003 2.0 0.006
описывать 0.001 1.0 0.001
схема 0.001 1.222 0.001
качество 0.002 0.553 0.001
пример 0.002 0.585 0.001
привести 0.001 0.456 0.0
розыгрыш 0.001 1.699 0.002
три 0.001 0.569 0.001
тонна 0.001 1.523 0.002
уголь 0.001 2.0 0.002
вакцинировать 0.001 0.602 0.001
хабаровский 0.001 1.699 0.002
край 0.001 1.155 0.001
продажа 0.001 0.854 0.001
алкоголь 0.001 1.046 0.001
qr-код 0.005 1.222 0.006
свердловский 0.001 1.699 0.002
область 0.001 0.523 0.001
предъявлять 0.001 1.523 0.002
претензия 0.001 1.097 0.001
чудак-губернатор 0.001 2.0 0.002
мэр 0.001 0.77 0.001
объяснять 0.003 0.538 0.002
требовать 0.002 0.658 0.001
время 0.002 0.086 0.0
россия 0.006 0.108 0.001
rt 0.002 0.824 0.002
агрессивно 0.002 1.398 0.003
пропагандировать 0.002 1.301 0.003
ведущий 0.002 0.959 0.002
канал 0.004 0.699 0.003
называть 0.002 0.432 0.001
противник 0.003 0.959 0.003
имбецил 0.002 1.398 0.003
зато 0.002 0.886 0.002
запад 0.002 0.678 0.001
рупор 0.002 1.222 0.002
отрицатель 0.002 1.398 0.003
устроить 0.002 0.854 0.002
месяц 0.004 0.432 0.002
назад 0.004 0.18 0.001
понимать 0.001 0.42 0.0
почему 0.002 0.337 0.001
верить 0.001 0.553 0.001
надеяться 0.001 0.699 0.001
мягко 0.001 1.301 0.001
уговорить 0.001 2.0 0.002
благодаря 0.001 0.77 0.001
свой 0.003 0.143 0.0
понять 0.001 0.495 0.0
многие 0.001 0.284 0.0
причина 0.001 0.398 0.0
крупный 0.001 0.523 0.001
компания 0.001 0.444 0.0
заказ 0.001 1.301 0.001
госструктура 0.001 1.699 0.002
описать 0.001 0.721 0.001
аргумент 0.001 0.62 0.001
часто 0.001 0.456 0.0
приводить 0.001 0.602 0.001
участник 0.001 0.658 0.001
производство 0.001 0.658 0.001
„ 0.002 0.62 0.001
спутник 0.001 0.678 0.001
“ 0.002 0.432 0.001
давать 0.001 0.31 0.0
вообще 0.002 0.066 0.0
другой 0.001 0.097 0.0
секретный 0.001 1.523 0.002
вакцина 0.007 0.538 0.004
никто 0.002 0.432 0.001
рассказывать 0.001 0.337 0.0
толком 0.001 1.699 0.002
пугать 0.001 1.699 0.002
добавить 0.002 1.0 0.002
фон 0.002 0.745 0.001
кликбейт 0.001 2.0 0.002
отменять 0.001 1.155 0.001
многоголосый 0.001 2.0 0.002
антиваксера 0.001 2.0 0.002
буквально 0.001 0.886 0.001
забить 0.001 2.0 0.002
очень 0.002 0.149 0.0
скудный 0.001 1.699 0.002
интернет-штат 0.001 2.0 0.002
куратор 0.001 1.699 0.002
продвижение 0.001 1.155 0.001
попытка 0.001 0.921 0.001
дискредитация 0.001 1.222 0.001
антиваксеров 0.001 2.0 0.002
переслать 0.001 1.699 0.002
несколько 0.001 0.187 0.0
ссылка 0.001 0.886 0.001
ролик 0.002 1.523 0.003
тикток 0.001 1.699 0.002
набирать 0.001 1.699 0.002
десятка 0.001 0.721 0.001
тысяча 0.001 0.31 0.0
просмотр 0.001 1.523 0.002
девушка 0.001 0.959 0.001
слеза 0.001 1.523 0.002
заявлять 0.001 1.0 0.001
попасть 0.001 0.409 0.0
чей-то 0.001 1.523 0.002
влияние 0.001 0.921 0.001
вот… 0.001 2.0 0.002
сегодня 0.001 0.638 0.001
плохо 0.001 0.569 0.001
конченый 0.001 2.0 0.002
рука 0.001 0.62 0.001
болеть 0.001 0.745 0.001
максимально 0.001 0.721 0.001
усталость 0.001 1.398 0.001
кость 0.001 1.699 0.002
ломить 0.001 1.699 0.002
блин 0.001 1.523 0.002
ребята 0.001 1.046 0.001
этот 0.001 0.137 0.0
друг 0.001 0.387 0.0
молодой 0.001 0.854 0.001
некий 0.001 1.155 0.001
текст 0.001 0.62 0.001
якобы 0.001 0.854 0.001
совет 0.001 0.721 0.001
юрист 0.001 1.398 0.001
рекомендовать 0.001 0.569 0.001
отказываться 0.001 0.721 0.001
прививка 0.002 0.602 0.001
сделать 0.001 0.208 0.0
работодатель 0.001 1.301 0.001
попросить 0.001 0.699 0.001
письменно 0.001 1.699 0.002
ответить 0.003 0.495 0.001
вопрос 0.003 0.276 0.001
число 0.001 0.201 0.0
рекомендоваться 0.001 1.046 0.001
являться 0.001 0.602 0.001
экспериментальный 0.001 1.523 0.002
терапия 0.001 1.155 0.001
изменять 0.001 1.699 0.002
ген 0.001 1.523 0.002
мрнк 0.001 1.155 0.001
сообщить 0.001 0.638 0.001
весь 0.002 0.114 0.0
список 0.001 0.569 0.001
содержимое 0.001 1.523 0.002
настроение 0.001 1.097 0.001
затрудниться 0.001 2.0 0.002
склоняться 0.001 1.523 0.002
использование 0.002 0.066 0.0
мягкий 0.001 1.097 0.001
сила 0.001 0.456 0.0
несмотря 0.001 0.456 0.0
протест 0.001 0.745 0.001
недовольный 0.001 1.523 0.002
законопроект 0.002 1.699 0.003
введение 0.001 0.658 0.001
междугородний 0.001 2.0 0.002
транспорт 0.001 0.854 0.001
уверить 0.001 0.959 0.001
больший 0.001 0.328 0.0
часть 0.001 0.377 0.0
убеждённый 0.001 1.398 0.001
отказ 0.001 0.77 0.001
рассчитать 0.001 1.301 0.001
показать 0.001 0.432 0.0
они 0.001 0.538 0.001
готовый 0.002 0.509 0.001
разговаривать 0.001 1.0 0.001
убеждать 0.001 1.398 0.001
слышать 0.001 0.745 0.001
сеть 0.001 0.824 0.001
аудитория 0.001 1.097 0.001
какой-то 0.002 0.328 0.001
лидер 0.001 0.886 0.001
мнение 0.002 0.509 0.001
однозначно 0.001 0.959 0.001
сначала 0.001 0.602 0.001
скепсис 0.001 1.523 0.002
получать 0.001 0.569 0.001
выносить 0.001 1.222 0.001
публика 0.001 1.398 0.001
авторитетный 0.001 1.523 0.002
безопасность 0.001 0.387 0.0
облегчать 0.002 1.523 0.003
болезнь 0.001 0.553 0.001
принцип 0.002 0.638 0.001
безопасный 0.001 0.824 0.001
здоровье 0.001 0.796 0.001
получение 0.001 1.097 0.001
сертификат 0.001 1.046 0.001
серьёзно 0.001 1.301 0.001
повседневный 0.001 1.398 0.001
жизнь 0.004 0.319 0.001
простой 0.001 0.538 0.001
путешествовать 0.001 1.301 0.001
ходить 0.001 0.77 0.001
кино 0.001 1.523 0.002
далее 0.002 0.921 0.002
полностью 0.001 0.538 0.001
перезагрузить 0.001 2.0 0.002
пресс-секретарь 0.001 1.155 0.001
дмитрий 0.002 0.62 0.001
песок 0.003 1.097 0.003
заявить 0.001 0.553 0.001
пиар-кампания 0.001 2.0 0.002
соответствующий 0.001 1.301 0.001
ведомство 0.001 0.796 0.001
штаб 0.002 1.155 0.002
правительство 0.001 0.678 0.001
принципиально 0.001 0.959 0.001
планироваться 0.001 1.155 0.001
продолжаться 0.001 0.699 0.001
телеканал 0.001 0.854 0.001
врач 0.001 0.509 0.001
фиксировать 0.001 1.097 0.001
снижение 0.001 0.745 0.001
спор 0.001 1.046 0.001
вокруг 0.001 0.721 0.001
прямой 0.001 0.658 0.001
обычный 0.001 0.509 0.001
незначительный 0.001 2.0 0.002
волатильность 0.001 2.0 0.002
уровень 0.001 0.367 0.0
достаточно 0.001 0.444 0.0
высокий 0.001 0.495 0.0
забывать 0.001 1.0 0.001
борьба 0.001 0.658 0.001
коронавирус 0.001 0.387 0.0
инициатива 0.001 1.046 0.001
относиться 0.001 0.62 0.001
кабинет 0.001 1.222 0.001
министр 0.001 0.886 0.001
касаться 0.001 0.553 0.001
мир 0.001 0.26 0.0
принимать 0.001 0.432 0.0
говориться 0.001 0.796 0.001
несогласный 0.001 1.398 0.001
пусть 0.001 0.921 0.001
живой 0.001 0.553 0.001
сожаление 0.001 0.553 0.001
уносить 0.001 2.0 0.002
сей 0.002 0.456 0.001
пора 0.002 0.357 0.001
сомневаться 0.002 0.886 0.002
повторимый 0.002 1.523 0.003
наверное 0.002 0.921 0.002
тысячный 0.002 1.699 0.003
спасать 0.002 1.046 0.002
графика 0.002 1.398 0.003
доказывать 0.002 1.301 0.003
западный 0.002 0.553 0.001
европа 0.002 0.495 0.001
расти 0.002 0.886 0.002
заболеваемость 0.002 0.796 0.002
намного 0.002 0.959 0.002
маленький 0.002 0.328 0.001
смерть 0.002 0.553 0.001
24/7 0.001 0.102 0.0
интерес 0.001 0.155 0.0
читателейн 0.001 0.174 0.0
срочно 0.001 0.167 0.0
помочь 0.001 0.125 0.0
андрей 0.001 1.046 0.001
перец 0.001 1.523 0.002
участие 0.001 0.638 0.001
светлана 0.001 1.046 0.001
рейтер 0.001 1.155 0.001
редакция 0.002 0.066 0.0
кодекс 0.001 0.066 0.0
блог 0.001 0.066 0.0
meduzacare 0.001 0.066 0.0
связаться 0.001 0.066 0.0
анонимно 0.001 0.066 0.0
платформа 0.002 0.066 0.0
ios 0.001 0.066 0.0
android 0.001 0.066 0.0
инстаграм 0.001 0.066 0.0
twitter 0.001 0.0 0.0
facebook 0.001 0.0 0.0
вконтакте 0.001 0.066 0.0
youtube 0.001 0.06 0.0
– 0.001 0.06 0.0
live 0.001 0.022 0.0
вечерний 0.001 0.066 0.0
реклама 0.002 0.066 0.0
требование 0.001 0.066 0.0
баннер 0.001 0.066 0.0
безопасно 0.001 0.066 0.0
персональный 0.001 0.066 0.0
дать 0.001 0.066 0.0
правило 0.001 0.066 0.0
обработка 0.001 0.066 0.0
кук 0.001 0.066 0.0
наслать 0.001 0.066 0.0
ошибка 0.001 0.066 0.0
выделить 0.001 0.066 0.0
нажать 0.001 0.066 0.0
ctrl+enter 0.001 0.066 0.0
спасибоgiphyз 0.001 0.066 0.0
гифка 0.001 0.066 0.0
© 0.001 0.0 0.0
