перейти 0.001 0.066 0.0
материал 0.004 0.066 0.0
связь 0.001 0.0 0.0
новостиисторииразборшапитокоронавирусмагаз 0.001 0.066 0.0
медуза 0.008 0.066 0.001
рекламаmeduza 0.001 0.066 0.0
in 0.001 0.0 0.0
english 0.001 0.06 0.0
показывать 0.001 0.066 0.0
порядок 0.001 0.066 0.0
en 0.001 0.066 0.0
кнопка 0.008 0.066 0.001
поддержка 0.001 0.066 0.0
технический 0.002 0.959 0.002
требование 0.015 0.066 0.001
баннер 0.035 0.066 0.002
январь 0.001 0.824 0.001
источник 0.001 0.167 0.0
meduza 0.002 0.0 0.0
данный 0.001 0.097 0.0
сообщение 0.001 0.102 0.0
создать 0.001 0.097 0.0
распространить 0.001 0.102 0.0
иностранный 0.003 0.097 0.0
средство 0.001 0.097 0.0
массовый 0.001 0.097 0.0
информация 0.001 0.102 0.0
выполнять 0.002 0.097 0.0
функция 0.002 0.097 0.0
агент 0.002 0.097 0.0
российский 0.001 0.071 0.0
юридический 0.001 0.102 0.0
лицо 0.001 0.086 0.0
мы 0.002 0.066 0.0
нужный 0.008 0.086 0.001
ваш 0.001 0.081 0.0
помощь 0.008 0.071 0.001
пожалуйста 0.001 0.102 0.0
поддержать 0.002 0.066 0.0
страница 0.001 0.959 0.001
собрать 0.001 0.886 0.001
к 0.001 0.745 0.001
весь 0.002 0.114 0.0
возможный 0.001 0.523 0.001
формат 0.017 1.699 0.029
обратить 0.001 1.222 0.001
внимание 0.001 0.523 0.001
оставлять 0.001 0.959 0.001
себя 0.007 0.62 0.004
право 0.001 0.538 0.001
вносить 0.001 1.222 0.001
корректив 0.001 2.0 0.002
предоставить 0.008 1.046 0.008
согласование 0.001 1.699 0.002
рекламодатель 0.001 1.699 0.002
согласовывать 0.001 1.699 0.002
случай 0.001 0.194 0.0
соответствовать 0.001 0.824 0.001
визуальный 0.001 1.523 0.002
стиль 0.001 1.699 0.002
сайт 0.002 0.658 0.001
редакционный 0.001 1.398 0.001
политика 0.001 0.602 0.001
часть 0.004 0.377 0.002
первый 0.001 0.143 0.0
десктоп 0.010000000000000002 2.0 0.02
970px 0.002 2.0 0.004
× 0.009 1.398 0.013
250px 0.007 2.0 0.014
зафиксировать 0.002 0.921 0.002
верхний 0.002 1.301 0.003
окно 0.002 0.886 0.002
браузер 0.002 1.398 0.003
общий 0.007 0.444 0.003
необходимо 0.007 0.585 0.004
креатив 0.020999999999999998 1.699 0.036
html 0.014 2.0 0.028
картинка 0.005 1.155 0.006
gif 0.005 2.0 0.01
png 0.005 2.0 0.01
jpg 0.005 2.0 0.01
минимальный 0.005 0.959 0.005
ширина 0.011000000000000001 2.0 0.022
пиксель 0.014 2.0 0.028
высота 0.004 1.301 0.005
вес 0.014 1.301 0.018
архив 0.007 1.523 0.011
подгружать 0.007 2.0 0.014
файл 0.014 1.699 0.024
килобайт 0.007 2.0 0.014
дополнительный 0.007 0.77 0.005
предпочтительно 0.007 2.0 0.014
разрабатывать 0.007 1.301 0.009
html-креатив 0.007 2.0 0.014
adobe 0.013 1.699 0.022
edge 0.013 1.523 0.02
animate 0.013 2.0 0.026
google 0.013 1.301 0.017
web 0.007 2.0 0.014
designer 0.007 1.699 0.012
cc 0.007 1.046 0.007
должный 0.019 0.201 0.004
оптимизировать 0.007 1.699 0.012
dfp 0.007 2.0 0.014
согласно 0.007 0.745 0.005
инструкция 0.007 0.699 0.005
примечание 0.007 2.0 0.014
любой 0.007 0.319 0.002
html-код 0.007 2.0 0.014
число 0.007 0.201 0.001
html5 0.01 2.0 0.02
представлять 0.007 0.678 0.005
либо 0.013 0.569 0.007
html-вёрстка 0.007 2.0 0.014
css-стиль 0.007 2.0 0.014
javascript-код 0.007 2.0 0.014
код 0.007 1.699 0.012
вставка 0.007 2.0 0.014
сторонний 0.007 1.523 0.011
система 0.007 0.398 0.003
управление 0.007 0.824 0.006
интернет-реклама 0.007 2.0 0.014
настоящий 0.007 0.585 0.004
время 0.007 0.086 0.001
поддерживать 0.007 0.569 0.004
который 0.008 0.071 0.001
тег 0.007 2.0 0.014
svg 0.013 2.0 0.026
векторный 0.007 1.046 0.007
изображение 0.007 1.222 0.009
использовать 0.007 0.319 0.002
отдельный 0.007 0.678 0.005
интегрировать 0.007 1.523 0.011
видео 0.02 0.678 0.014
клиент 0.007 1.097 0.008
самостоятельно 0.007 1.097 0.008
реализовать 0.007 1.398 0.01
воспроизведение 0.013 1.699 0.022
сам 0.007 0.137 0.001
вызов 0.007 1.523 0.011
плеер 0.007 2.0 0.014
управлять 0.007 1.155 0.008
элемент 0.007 1.301 0.009
явно 0.007 0.959 0.007
инициировать 0.007 1.699 0.012
пользователь 0.01 1.046 0.01
клик 0.013 2.0 0.026
наличие 0.014 0.745 0.01
stop/play 0.007 2.0 0.014
обязательно 0.007 0.959 0.007
звук 0.007 0.921 0.006
стартовать 0.007 1.398 0.01
строго 0.007 1.398 0.01
мегабайт 0.007 2.0 0.014
flv 0.007 2.0 0.014
mp4 0.007 2.0 0.014
240px 0.002 2.0 0.004
экран 0.007 1.155 0.008
html-баннер 0.002 2.0 0.004
занимать 0.003 1.0 0.003
вне 0.002 0.886 0.002
зависимость 0.003 0.745 0.002
разрешение 0.003 0.886 0.003
пункт 0.003 0.721 0.002
мочь 0.003 0.102 0.0
иметь 0.007 0.337 0.002
фиксировать 0.007 1.097 0.008
размер 0.007 1.097 0.008
игнорировать 0.003 1.097 0.003
300px 0.003 2.0 0.006
600px 0.002 2.0 0.004
справа 0.002 1.301 0.003
контент 0.002 1.523 0.003
рубрикатор 0.002 2.0 0.004
классический 0.001 1.398 0.001
вертикальный 0.001 2.0 0.002
альтернатива 0.002 1.046 0.002
400px 0.001 2.0 0.002
нижний 0.001 1.097 0.001
перетяжка 0.002 2.0 0.004
интерактивный 0.001 1.523 0.002
второй 0.001 0.357 0.0
мобильный 0.003 1.222 0.004
веб 0.002 2.0 0.004
мобайл 0.002 2.0 0.004
единственный 0.001 0.481 0.0
сквозной 0.001 2.0 0.002
показ 0.001 1.699 0.002
следующий 0.002 0.553 0.001
предел 0.002 0.959 0.002
максимальный 0.002 1.046 0.002
третий 0.001 0.553 0.001
desktop 0.001 2.0 0.002
mobile 0.001 2.0 0.002
billboard 0.001 1.699 0.002
выглядеть 0.001 0.495 0.0
устройство 0.002 1.301 0.003
адаптивный 0.001 1.699 0.002
резиновый 0.001 2.0 0.002
менять 0.001 0.886 0.001
редакция 0.002 0.066 0.0
кодекс 0.001 0.066 0.0
блог 0.001 0.066 0.0
meduzacare 0.001 0.066 0.0
связаться 0.001 0.066 0.0
анонимно 0.001 0.066 0.0
платформа 0.002 0.066 0.0
ios 0.001 0.066 0.0
android 0.001 0.066 0.0
инстаграм 0.001 0.066 0.0
twitter 0.001 0.0 0.0
facebook 0.001 0.0 0.0
вконтакте 0.001 0.066 0.0
youtube 0.001 0.06 0.0
– 0.001 0.06 0.0
live 0.001 0.022 0.0
вечерний 0.001 0.066 0.0
вообще 0.001 0.066 0.0
реклама 0.002 0.066 0.0
это 0.001 0.066 0.0
безопасно 0.001 0.066 0.0
персональный 0.001 0.066 0.0
дать 0.001 0.066 0.0
правило 0.001 0.066 0.0
обработка 0.001 0.066 0.0
использование 0.001 0.066 0.0
кук 0.001 0.066 0.0
наслать 0.001 0.066 0.0
ошибка 0.001 0.066 0.0
выделить 0.001 0.066 0.0
нажать 0.001 0.066 0.0
ctrl+enter 0.001 0.066 0.0
спасибоgiphyз 0.001 0.066 0.0
гифка 0.001 0.066 0.0
© 0.001 0.0 0.0
