перейти 0.001 0.066 0.0
материал 0.002 0.066 0.0
связь 0.001 0.0 0.0
новостиисторииразборшапитокоронавирусмагаз 0.001 0.066 0.0
медуза 0.012 0.066 0.001
рекламаmeduza 0.001 0.066 0.0
in 0.001 0.0 0.0
english 0.001 0.06 0.0
показывать 0.001 0.066 0.0
порядок 0.001 0.066 0.0
en 0.001 0.066 0.0
кнопка 0.001 0.066 0.0
поддержка 0.003 0.066 0.0
новость 0.001 0.357 0.0
власть 0.011 0.31 0.003
мешать 0.001 0.824 0.001
россиянин 0.003 0.444 0.001
высказываться 0.002 1.155 0.002
против 0.012 0.229 0.003
война 0.016 0.357 0.006
преследовать 0.001 1.301 0.001
это 0.011 0.066 0.001
главное 0.002 0.585 0.001
доклад 0.002 0.959 0.002
овд-инфо 0.006 1.398 0.008
март 0.008 0.284 0.002
источник 0.002 0.167 0.0
meduza 0.003 0.0 0.0
данный 0.001 0.097 0.0
сообщение 0.001 0.102 0.0
создать 0.001 0.097 0.0
распространить 0.001 0.102 0.0
иностранный 0.004 0.097 0.0
средство 0.001 0.097 0.0
массовый 0.004 0.097 0.0
информация 0.007 0.102 0.001
выполнять 0.002 0.097 0.0
функция 0.002 0.097 0.0
агент 0.002 0.097 0.0
российский 0.015 0.071 0.001
юридический 0.001 0.102 0.0
лицо 0.001 0.086 0.0
мы 0.002 0.066 0.0
нужный 0.002 0.086 0.0
ваш 0.002 0.081 0.0
помощь 0.001 0.071 0.0
пожалуйста 0.001 0.102 0.0
поддержать 0.002 0.066 0.0
дмитрий 0.001 0.62 0.001
ловецкий 0.001 2.0 0.002
ap 0.001 0.854 0.001
scanpix 0.001 0.301 0.0
leta 0.001 0.301 0.0
первый 0.002 0.143 0.0
два 0.003 0.26 0.001
неделя 0.001 0.328 0.0
украина 0.006 0.347 0.002
развернуть 0.001 1.301 0.001
беспрецедентный 0.002 1.301 0.003
кампания 0.002 0.699 0.001
давление 0.005 0.699 0.003
выступать 0.004 0.658 0.003
начало 0.001 0.26 0.0
боевой 0.001 0.77 0.001
действие 0.006 0.409 0.002
госдума 0.002 1.046 0.002
рекордный 0.001 1.097 0.001
срок 0.001 0.824 0.001
принять 0.003 0.42 0.001
закон 0.005 0.658 0.003
запрет 0.001 0.921 0.001
публичный 0.002 1.097 0.002
дискредитация 0.005 1.222 0.006
вооружённый 0.001 1.0 0.001
сила 0.002 0.456 0.001
фактически 0.001 0.721 0.001
поставить 0.001 0.796 0.001
вне 0.001 0.886 0.001
любой 0.002 0.319 0.001
высказывание 0.003 1.155 0.003
отличаться 0.001 0.553 0.001
официальный 0.003 0.538 0.002
точка 0.001 0.444 0.0
зрение 0.001 0.585 0.001
специальный 0.002 0.638 0.001
военный 0.008 0.444 0.004
операция 0.002 0.721 0.001
параллельно 0.001 1.097 0.001
начать 0.002 0.276 0.001
блокировать 0.002 1.155 0.002
соцсеть 0.006 0.824 0.005
независимый 0.003 0.409 0.001
сми 0.012 0.602 0.007
жёстко 0.001 1.301 0.001
разгонять 0.001 1.398 0.001
акция 0.009000000000000001 0.745 0.007
протест 0.003 0.745 0.002
оказывать 0.003 1.046 0.003
человек 0.006 0.092 0.001
который 0.010000000000000002 0.071 0.001
организация 0.003 0.509 0.002
работать 0.002 0.102 0.0
проект 0.001 0.745 0.001
детально 0.001 1.699 0.002
проанализировать 0.001 1.222 0.001
репрессивный 0.001 1.699 0.002
бороться 0.001 0.796 0.001
антивоенный 0.014000000000000002 0.796 0.011
тезисный 0.001 2.0 0.002
пересказывать 0.001 1.222 0.001
оттуда 0.001 1.097 0.001
блокировка 0.007 1.097 0.008
число 0.002 0.201 0.0
instagram 0.003 0.745 0.002
пользоваться 0.001 0.886 0.001
миллион 0.002 0.495 0.001
роскомнадзор 0.003 1.097 0.003
заблокировать 0.008 0.553 0.004
facebook 0.003 0.0 0.0
повод 0.002 0.553 0.001
стать 0.003 0.149 0.0
дискриминационный 0.001 1.699 0.002
администрация 0.003 0.959 0.003
ряд 0.001 0.824 0.001
аккаунт 0.002 1.222 0.002
провластный 0.001 1.398 0.001
также 0.016 0.237 0.004
twitter 0.002 0.0 0.0
распространение 0.003 0.523 0.002
недостоверный 0.002 2.0 0.004
происходить 0.002 0.301 0.001
россия 0.009 0.108 0.001
насчитываться 0.001 1.699 0.002
этот 0.002 0.137 0.0
предшествовать 0.001 1.699 0.002
просьба 0.001 0.886 0.001
генпрокуратура 0.002 1.398 0.003
признать 0.001 0.658 0.001
экстремистский 0.003 1.222 0.004
компания 0.001 0.444 0.0
meta 0.003 1.222 0.004
владелец 0.001 1.097 0.001
whatsapp 0.001 1.398 0.001
причина 0.001 0.398 0.0
новый 0.005 0.187 0.001
внутренний 0.001 0.745 0.001
правило 0.002 0.066 0.0
модерация 0.001 2.0 0.002
предписывать 0.001 2.0 0.002
удалять 0.001 1.222 0.001
угроза 0.004 0.824 0.003
отношение 0.003 0.509 0.002
пожелание 0.001 1.699 0.002
смерть 0.001 0.553 0.001
владимир 0.001 0.523 0.001
путин 0.002 0.523 0.001
александр 0.002 0.456 0.001
лукашенко 0.001 2.0 0.002
известно 0.003 0.481 0.001
отказаться 0.002 0.62 0.001
youtube 0.003 0.06 0.0
объявить 0.001 0.553 0.001
канал 0.003 0.699 0.002
государственный 0.002 0.523 0.001
объяснить 0.002 0.602 0.001
нарушение 0.001 0.886 0.001
политика 0.001 0.602 0.001
отрицание 0.001 1.523 0.002
насилие 0.002 1.398 0.003
потребовать 0.002 1.097 0.002
хостинг 0.001 2.0 0.002
разблокировать 0.001 1.523 0.002
гостелерадиофонд 0.001 2.0 0.002
принадлежать 0.001 1.097 0.001
вгтрк 0.001 1.699 0.002
угрожать 0.002 1.046 0.002
противный 0.002 1.523 0.003
случай 0.004 0.194 0.001
ультимативный 0.001 1.699 0.002
требование 0.004 0.066 0.0
разблокировка 0.001 2.0 0.002
другой 0.004 0.097 0.0
ведомство 0.001 0.796 0.001
пока 0.002 0.208 0.0
выдвигать 0.001 1.699 0.002
tiktok 0.001 2.0 0.002
временно 0.001 1.301 0.001
запретить 0.003 0.77 0.002
пользователь 0.001 1.046 0.001
выкладывать 0.001 1.523 0.002
стрим 0.001 1.523 0.002
видео 0.001 0.678 0.001
возрасти 0.001 2.0 0.002
правовой 0.001 1.301 0.001
риск 0.001 0.357 0.0
читать 0.007 0.444 0.003
крах 0.001 1.301 0.001
мой 0.001 0.585 0.001
пятилетний 0.001 1.523 0.002
труд 0.001 0.854 0.001
читатель 0.001 0.523 0.001
инстаграм 0.002 0.066 0.0
изменить 0.001 0.538 0.001
жизнь 0.001 0.319 0.0
отказываться 0.001 0.721 0.001
согласовывать 0.001 1.699 0.002
участник 0.002 0.658 0.001
избивать 0.002 2.0 0.004
полицейский 0.003 1.046 0.003
крупный 0.002 0.523 0.001
город 0.002 0.409 0.001
отказывать 0.001 1.398 0.001
проведение 0.001 0.921 0.001
одиночный 0.001 2.0 0.002
пикет 0.001 1.699 0.002
мотивировать 0.001 1.699 0.002
продолжаться 0.001 0.699 0.001
пандемия 0.001 0.538 0.001
коронавирус 0.001 0.387 0.0
подчёркивать 0.001 1.301 0.001
`` 0.004 1.523 0.006
'' 0.004 1.699 0.007
практически 0.001 0.602 0.001
мероприятие 0.001 1.046 0.001
подразумевать 0.001 1.301 0.001
скопление 0.001 1.398 0.001
давно 0.001 0.77 0.001
проходить 0.001 0.495 0.0
ограничение 0.001 0.585 0.001
количество 0.001 0.481 0.0
задержание 0.004 1.301 0.005
февраль 0.001 0.337 0.0
задержать 0.004 0.959 0.004
тысяча 0.002 0.31 0.001
становиться 0.001 0.553 0.001
форма 0.001 0.62 0.001
выражение 0.001 0.959 0.001
такой 0.001 0.114 0.0
использование 0.002 0.066 0.0
символика 0.001 1.398 0.001
возложение 0.001 2.0 0.002
цвет 0.001 1.222 0.001
одежда 0.001 0.921 0.001
цвета 0.001 1.699 0.002
украинский 0.002 0.538 0.001
флаг 0.001 1.0 0.001
вопреки 0.001 1.699 0.002
проводить 0.001 0.509 0.001
силовик 0.001 1.398 0.001
опознавательный 0.001 2.0 0.002
знак 0.001 1.301 0.001
сообщать 0.002 0.921 0.002
применение 0.002 0.721 0.001
избыточный 0.001 0.921 0.001
непосредственно 0.001 0.959 0.001
избиение 0.001 2.0 0.002
отдел 0.001 1.301 0.001
полиция 0.001 1.0 0.001
минимум 0.002 0.77 0.002
несколько 0.003 0.187 0.001
десятка 0.005 0.721 0.004
избитый 0.001 2.0 0.002
потребоваться 0.001 0.921 0.001
госпитализация 0.001 0.77 0.001
порча 0.001 2.0 0.002
личный 0.001 0.678 0.001
вещь 0.001 0.62 0.001
разбитый 0.001 1.301 0.001
стекло 0.001 1.301 0.001
автомобиль 0.001 1.301 0.001
телефон 0.001 0.745 0.001
калужский 0.001 1.699 0.002
девушка 0.001 0.959 0.001
записать 0.001 0.959 0.001
диктофон 0.001 2.0 0.002
овд 0.001 2.0 0.002
братеево 0.001 2.0 0.002
поговорить 0.001 0.62 0.001
журналист 0.001 0.481 0.0
называть 0.002 0.432 0.001
издание 0.001 0.481 0.0
самый 0.001 0.208 0.0
день 0.005 0.167 0.001
описание 0.001 1.222 0.001
событие 0.001 0.509 0.001
использовать 0.001 0.319 0.0
пригрозить 0.001 1.699 0.002
штраф 0.001 1.301 0.001
десять 0.001 0.585 0.001
получить 0.001 0.328 0.0
ограничить 0.001 0.959 0.001
доступ 0.001 0.796 0.001
ркн 0.001 2.0 0.002
прямо 0.001 0.357 0.0
заявить 0.001 0.553 0.001
претензия 0.001 1.097 0.001
связать 0.001 0.469 0.0
нападение 0.001 1.523 0.002
вторжение 0.001 0.569 0.001
требовать 0.001 0.658 0.001
начаться 0.001 0.367 0.0
основное 0.001 0.553 0.001
объясняться 0.001 1.523 0.002
заведомо 0.002 1.523 0.003
ложный 0.002 1.398 0.003
сначала 0.001 0.602 0.001
многие 0.002 0.284 0.001
эхо 0.001 1.699 0.002
москва 0.002 0.523 0.001
дождь 0.002 2.0 0.004
медиазона 0.001 1.699 0.002
the 0.002 0.481 0.001
village 0.001 1.301 0.001
тайга.инфо 0.001 2.0 0.002
затем 0.001 0.678 0.001
deutsche 0.001 1.699 0.002
welle 0.001 1.699 0.002
радио 0.001 1.222 0.001
свобода 0.001 0.77 0.001
русский 0.001 0.62 0.001
служба 0.001 0.678 0.001
би-би-си 0.002 1.523 0.003
список 0.001 0.569 0.001
попасть 0.001 0.409 0.0
уголовный 0.003 0.959 0.003
преследование 0.002 1.301 0.003
решение 0.001 0.347 0.0
временной 0.001 1.046 0.001
прекращение 0.001 1.097 0.001
работа 0.001 0.357 0.0
znak.com 0.001 2.0 0.002
отделение 0.001 1.046 0.001
cnn 0.001 1.699 0.002
bloomberg 0.001 1.046 0.001
cbs 0.001 2.0 0.002
bell 0.001 1.699 0.002
газета 0.001 1.046 0.001
republic 0.001 1.222 0.001
вынужденно 0.001 2.0 0.002
освещение 0.001 1.523 0.002
уничтожать 0.001 1.155 0.001
фейсбук 0.001 1.0 0.001
распоряжение 0.001 1.301 0.001
оказаться 0.001 0.31 0.0
методичка 0.001 2.0 0.002
родитель 0.001 0.854 0.001
школьник 0.001 1.301 0.001
отвечать 0.001 0.456 0.0
вопрос 0.001 0.276 0.0
активист 0.001 1.155 0.001
массово 0.001 1.097 0.001
заводиться 0.001 2.0 0.002
дело 0.006 0.252 0.002
десяток 0.001 0.921 0.001
связанный 0.001 0.745 0.001
реакция 0.001 0.678 0.001
шесть 0.001 0.745 0.001
возбудить 0.002 1.523 0.003
обвинять 0.001 1.301 0.001
представитель 0.001 0.638 0.001
предупредить 0.001 1.699 0.002
участие 0.004 0.638 0.003
расценить 0.001 2.0 0.002
деятельность 0.002 0.854 0.002
вероятно 0.001 0.699 0.001
писать 0.001 0.347 0.0
призывать 0.001 1.046 0.001
алексей 0.001 0.886 0.001
навальный 0.001 1.222 0.001
нанесение 0.001 2.0 0.002
надпись 0.002 1.222 0.002
четыре 0.001 0.509 0.001
вандализм 0.001 2.0 0.002
статья 0.001 0.553 0.001
хулиганство 0.001 2.0 0.002
перформанс 0.001 2.0 0.002
из-за 0.001 0.229 0.0
возбуждаться 0.001 2.0 0.002
призыв 0.001 0.854 0.001
назад 0.002 0.18 0.0
армия 0.002 0.721 0.001
фейк 0.003 1.0 0.003
время 0.001 0.086 0.0
митинг 0.002 1.0 0.002
снег 0.001 1.222 0.001
проповедь 0.001 1.699 0.002
широко 0.001 1.097 0.001
противодействовать 0.001 2.0 0.002
инициатива 0.002 1.046 0.002
подвергаться 0.002 0.959 0.002
тот 0.001 0.131 0.0
просто 0.001 0.194 0.0
подписывать 0.001 1.046 0.001
открытый 0.002 0.886 0.002
письмо 0.003 0.854 0.003
вуз 0.002 1.398 0.003
сотрудник 0.001 0.658 0.001
студент 0.003 1.097 0.003
учебный 0.001 1.523 0.002
заведение 0.001 1.301 0.001
провести 0.001 0.538 0.001
беседа 0.001 1.222 0.001
недопустимость 0.001 1.699 0.002
ответственность 0.001 0.678 0.001
позиция 0.003 0.745 0.002
отличный 0.001 1.398 0.001
многий 0.001 0.495 0.0
отчисление 0.002 1.699 0.003
выселение 0.001 2.0 0.002
общежитие 0.001 1.523 0.002
быть 0.001 0.215 0.0
участвовать 0.001 0.569 0.001
спбгу 0.001 2.0 0.002
отчислить 0.001 2.0 0.002
подготовить 0.001 0.854 0.001
приказ 0.001 1.301 0.001
школа 0.001 0.699 0.001
учитель 0.001 1.222 0.001
нко 0.002 1.699 0.003
благотворительный 0.002 1.523 0.003
фонд 0.001 1.0 0.001
подписать 0.001 1.046 0.001
президент 0.001 0.523 0.001
отключить 0.001 1.097 0.001
программа 0.001 0.824 0.001
сайт 0.001 0.658 0.001
мэр 0.001 0.77 0.001
предложить 0.001 0.699 0.001
лишать 0.001 1.699 0.002
интерес 0.002 0.155 0.0
рассмотреть 0.001 1.301 0.001
наиболее 0.001 0.745 0.001
часто 0.001 0.456 0.0
отмечать 0.001 0.921 0.001
деятель 0.002 1.097 0.002
культура 0.001 0.77 0.001
работник 0.001 0.824 0.001
некоторый 0.002 0.222 0.0
театр 0.001 1.097 0.001
увольнение 0.001 1.523 0.002
высказывать 0.001 1.523 0.002
телеканал 0.001 0.854 0.001
пятница 0.001 1.398 0.001
тнт 0.001 2.0 0.002
закрыть 0.001 0.959 0.001
шоу 0.001 2.0 0.002
разорвать 0.001 1.699 0.002
продюсер 0.001 1.699 0.002
высказаться 0.001 1.523 0.002
известный 0.001 0.569 0.001
область 0.001 0.523 0.001
искусство 0.001 1.699 0.002
рассказывать 0.001 0.337 0.0
звонок 0.001 1.222 0.001
сообщаться 0.001 1.097 0.001
отмена 0.001 1.398 0.001
выступление 0.001 0.959 0.001
артист 0.001 1.523 0.002
публично 0.001 1.046 0.001
выступить 0.002 0.721 0.001
сам 0.001 0.137 0.0
весь 0.001 0.114 0.0
мир 0.001 0.26 0.0
неполный 0.001 1.699 0.002
списокновый 0.001 2.0 0.002
математика 0.001 1.301 0.001
историк 0.001 1.523 0.002
священник 0.001 1.699 0.002
уголовно 0.001 1.699 0.002
наказуемый 0.001 1.699 0.002
карточка 0.001 0.569 0.001
24/7 0.001 0.102 0.0
читателейн 0.001 0.174 0.0
срочно 0.001 0.167 0.0
хотеть 0.001 0.102 0.0
помочь 0.001 0.125 0.0
редакция 0.002 0.066 0.0
кодекс 0.001 0.066 0.0
блог 0.001 0.066 0.0
meduzacare 0.001 0.066 0.0
связаться 0.001 0.066 0.0
анонимно 0.001 0.066 0.0
платформа 0.002 0.066 0.0
ios 0.001 0.066 0.0
android 0.001 0.066 0.0
вконтакте 0.001 0.066 0.0
– 0.001 0.06 0.0
live 0.001 0.022 0.0
вечерний 0.001 0.066 0.0
вообще 0.001 0.066 0.0
реклама 0.002 0.066 0.0
баннер 0.001 0.066 0.0
безопасно 0.001 0.066 0.0
персональный 0.001 0.066 0.0
дать 0.001 0.066 0.0
обработка 0.001 0.066 0.0
кук 0.001 0.066 0.0
наслать 0.001 0.066 0.0
ошибка 0.001 0.066 0.0
выделить 0.001 0.066 0.0
нажать 0.001 0.066 0.0
ctrl+enter 0.001 0.066 0.0
спасибоgiphyз 0.001 0.066 0.0
гифка 0.001 0.066 0.0
© 0.001 0.0 0.0
