перейти 0.001 0.066 0.0
материал 0.002 0.066 0.0
связь 0.001 0.0 0.0
новостиисторииразборшапитокоронавирусмагаз 0.001 0.066 0.0
медуза 0.008 0.066 0.001
рекламаmeduza 0.001 0.066 0.0
in 0.001 0.0 0.0
english 0.001 0.06 0.0
показывать 0.001 0.066 0.0
порядок 0.001 0.066 0.0
en 0.001 0.066 0.0
кнопка 0.001 0.066 0.0
поддержка 0.002 0.066 0.0
разбор 0.001 0.387 0.0
нужно 0.003 0.237 0.001
прививать 0.005 0.959 0.005
ребёнок 0.043000000000000003 0.387 0.017
подросток 0.011 1.155 0.013
коронавирус 0.005 0.387 0.002
карточка 0.003 0.569 0.002
ноябрь 0.002 0.699 0.001
случиться 0.002 0.509 0.001
это 0.011 0.066 0.001
вообще 0.005 0.066 0.0
время 0.002 0.086 0.0
говорить 0.004 0.18 0.001
опасен… 0.002 2.0 0.004
где-то 0.002 0.721 0.001
прививка 0.007 0.602 0.004
точно 0.004 0.481 0.002
безопасный 0.002 0.824 0.002
против 0.003 0.229 0.001
болезнь 0.003 0.553 0.002
помогать 0.002 0.444 0.001
какой-то 0.007 0.328 0.002
особый 0.002 0.745 0.001
противопоказание 0.006 1.046 0.006
который 0.006 0.071 0.0
отличаться 0.003 0.553 0.002
тот 0.002 0.131 0.0
взрослый 0.011 1.0 0.011
pfizer 0.009 0.886 0.008
уверить 0.002 0.959 0.002
спутник 0.009000000000000001 0.678 0.006
значит 0.002 0.444 0.001
оптимизировать 0.003 1.699 0.005
вакцина 0.026 0.538 0.014
тип 0.003 0.796 0.002
почему 0.002 0.337 0.001
должный 0.002 0.201 0.0
интересовать 0.002 1.398 0.003
американский 0.003 0.585 0.002
результат 0.003 0.367 0.001
россия 0.003 0.108 0.0
появиться 0.003 0.367 0.001
возможность 0.003 0.444 0.001
вакцинировать 0.005 0.602 0.003
другой 0.006 0.097 0.001
российский 0.004 0.071 0.0
всё-таки 0.002 0.553 0.001
волнуюсь… 0.002 2.0 0.004
аргумент 0.002 0.62 0.001
польза 0.003 0.745 0.002
такой 0.004 0.114 0.0
данный 0.002 0.097 0.0
сообщение 0.003 0.102 0.0
создать 0.001 0.097 0.0
распространить 0.001 0.102 0.0
иностранный 0.003 0.097 0.0
средство 0.002 0.097 0.0
массовый 0.001 0.097 0.0
информация 0.003 0.102 0.0
выполнять 0.002 0.097 0.0
функция 0.002 0.097 0.0
агент 0.002 0.097 0.0
юридический 0.001 0.102 0.0
лицо 0.001 0.086 0.0
мы 0.002 0.066 0.0
нужный 0.002 0.086 0.0
ваш 0.003 0.081 0.0
помощь 0.001 0.071 0.0
пожалуйста 0.001 0.102 0.0
поддержать 0.002 0.066 0.0
началоськлинический 0.001 2.0 0.002
исследование 0.011 0.42 0.005
12–17 0.002 2.0 0.004
год 0.012 0.119 0.001
производитель 0.001 0.796 0.001
v 0.002 0.699 0.001
директор 0.002 0.796 0.002
центр 0.003 0.432 0.001
эпидемиология 0.001 1.222 0.001
микробиология 0.001 1.699 0.002
гамалея 0.002 1.155 0.002
александр 0.001 0.456 0.0
гинцбург 0.001 1.523 0.002
сообщить 0.002 0.638 0.001
получить 0.002 0.328 0.001
название 0.001 0.745 0.001
м 0.003 1.699 0.005
означать 0.001 0.585 0.001
маленький 0.004 0.328 0.001
известно 0.001 0.481 0.0
первый 0.003 0.143 0.0
фаза 0.006 0.796 0.005
принять 0.001 0.42 0.0
участие 0.003 0.638 0.002
человек 0.005 0.092 0.0
возраст 0.005 0.658 0.003
третий 0.002 0.553 0.001
собираться 0.001 0.602 0.001
задействовать 0.001 1.222 0.001
три 0.003 0.569 0.002
тысяча 0.004 0.31 0.001
доброволец 0.003 0.854 0.003
ковид 0.008 0.387 0.003
действительно 0.002 0.377 0.001
менее 0.003 0.432 0.001
опасный 0.003 0.699 0.002
особенно 0.001 0.553 0.001
пожилой 0.002 1.046 0.002
равно 0.002 0.638 0.001
заболевать 0.002 1.222 0.002
попадать 0.002 0.854 0.002
больница 0.002 0.495 0.001
страдать 0.001 1.222 0.001
долговременный 0.003 1.301 0.004
последствие 0.003 0.523 0.002
подсчитать 0.001 1.398 0.001
число 0.004 0.201 0.001
заболеть 0.003 0.585 0.002
сложно 0.001 0.538 0.001
видимо 0.001 0.824 0.001
оно 0.002 0.444 0.001
статистика 0.001 0.921 0.001
слишком 0.001 0.553 0.001
переносить 0.002 1.155 0.002
заболевание 0.001 0.481 0.0
симптом 0.001 0.824 0.001
цифра 0.001 1.097 0.001
педиатрический 0.001 1.699 0.002
академия 0.001 1.155 0.001
сообщать 0.002 0.921 0.002
момент 0.001 0.387 0.0
сша 0.005 0.469 0.002
около 0.003 0.432 0.001
коронавирусный 0.002 1.155 0.002
инфекция 0.004 0.569 0.002
младший 0.004 1.097 0.004
детский 0.004 0.77 0.003
смертность 0.001 1.046 0.001
covid-19 0.001 0.77 0.001
составлять 0.001 0.745 0.001
пять 0.002 0.432 0.001
тысячная 0.001 2.0 0.002
доля 0.001 0.745 0.001
процент 0.001 1.046 0.001
пятьдесят 0.001 1.699 0.002
миллион 0.003 0.495 0.001
скажем 0.001 1.222 0.001
ветрянка 0.001 1.699 0.002
ротавирус 0.001 1.523 0.002
появление 0.001 0.699 0.001
умирать 0.001 1.046 0.001
раз 0.003 0.569 0.002
сто 0.001 1.301 0.001
тяжело 0.001 0.796 0.001
касаться 0.001 0.553 0.001
постковидный 0.001 1.699 0.002
проявление 0.004 1.523 0.006
7–8 0.001 2.0 0.002
переболеть 0.003 0.745 0.002
хронический 0.001 1.097 0.001
усталость 0.002 1.398 0.003
головной 0.002 1.155 0.002
мышечный 0.002 1.398 0.003
боль 0.004 0.699 0.003
проблема 0.001 0.347 0.0
сон 0.001 1.301 0.001
концентрация 0.001 1.699 0.002
читать 0.002 0.444 0.001
многие 0.003 0.284 0.001
жаловаться 0.005 0.921 0.005
чувствовать 0.002 0.678 0.001
плохо 0.002 0.569 0.001
месяц 0.005 0.432 0.002
долгий 0.002 0.745 0.001
правда 0.002 0.456 0.001
существовать 0.002 0.602 0.001
например 0.003 0.229 0.001
делать 0.002 0.18 0.0
глупый 0.002 1.523 0.003
назад 0.003 0.18 0.001
некоторый 0.002 0.222 0.0
страна 0.002 0.155 0.0
вовсю 0.001 2.0 0.002
пример 0.001 0.585 0.001
привить 0.001 0.678 0.001
разрешение 0.002 0.886 0.002
выдать 0.002 1.097 0.002
середина 0.001 0.854 0.001
май 0.001 0.959 0.001
вакцинация 0.005 0.553 0.003
активно 0.001 0.77 0.001
идти 0.002 0.222 0.0
конец 0.001 0.444 0.0
сентябрь 0.001 0.824 0.001
помимо 0.002 0.796 0.002
проводиться 0.003 0.854 0.003
чили 0.002 1.301 0.003
китай 0.001 0.824 0.001
оаэ 0.001 1.301 0.001
китайский 0.001 0.886 0.001
sinovac 0.001 1.523 0.002
куба 0.002 1.523 0.003
местный 0.001 0.602 0.001
soberana 0.002 2.0 0.004
plus 0.001 1.398 0.001
католический 0.001 2.0 0.002
университет 0.001 0.721 0.001
параллельно 0.001 1.097 0.001
клинический 0.009000000000000001 0.721 0.006
испытание 0.006 0.77 0.005
четыре 0.001 0.509 0.001
два 0.001 0.26 0.0
евросоюз 0.001 0.886 0.001
двигаться 0.001 0.921 0.001
медленный 0.001 1.398 0.001
германия 0.001 0.699 0.001
разрешить 0.001 0.886 0.001
август 0.001 0.854 0.001
pfizer/biontech 0.001 1.046 0.001
moderna 0.002 1.0 0.002
выясняться 0.001 1.699 0.002
ход 0.002 0.796 0.002
влияние 0.001 0.921 0.001
5–11 0.001 2.0 0.002
показать 0.003 0.432 0.001
двойной 0.001 1.097 0.001
слепой 0.001 1.155 0.001
рандомизировать 0.001 1.398 0.001
разный 0.005 0.276 0.001
раса 0.001 1.398 0.001
клиника 0.001 0.886 0.001
двухкомпонентный 0.001 1.523 0.002
вводиться 0.001 1.398 0.001
плацебо 0.003 0.959 0.003
неприятный 0.001 1.097 0.001
семь 0.001 0.721 0.001
день 0.003 0.167 0.001
введение 0.002 0.658 0.001
наблюдаться 0.002 0.921 0.002
редкий 0.002 0.824 0.002
доза 0.006 0.721 0.004
среди 0.003 0.42 0.001
речь 0.001 0.398 0.0
группа 0.007 0.387 0.003
таковой 0.001 2.0 0.002
температура 0.002 0.824 0.002
подниматься 0.001 1.523 0.002
сила 0.002 0.456 0.001
каждый 0.001 0.244 0.0
этот 0.003 0.137 0.0
эффект 0.002 0.796 0.002
оцениваться 0.002 1.155 0.002
четырехбалльный 0.001 2.0 0.002
шкала 0.001 1.222 0.001
слабый 0.001 1.097 0.001
средний 0.002 0.796 0.002
сильный 0.001 0.553 0.001
требовать 0.002 0.658 0.001
госпитализация 0.002 0.77 0.002
выше 0.003 0.509 0.002
исключение 0.001 0.854 0.001
составить 0.002 0.658 0.001
случай 0.004 0.194 0.001
высокий 0.001 0.495 0.0
несколько 0.001 0.187 0.0
второй 0.001 0.357 0.0
оба 0.002 0.62 0.001
показатель 0.001 0.721 0.001
обычно 0.001 0.523 0.001
два-три 0.001 1.398 0.001
также 0.002 0.237 0.0
покраснение 0.001 1.699 0.002
воспаление 0.002 1.523 0.003
область 0.001 0.523 0.001
уколоть 0.001 2.0 0.002
небольшой 0.001 0.602 0.001
частый 0.001 0.523 0.001
исчезать 0.001 1.155 0.001
пара 0.001 0.658 0.001
побочный 0.002 0.959 0.002
явление 0.001 0.886 0.001
препарат 0.004 0.585 0.002
векторный 0.001 1.046 0.001
johnson 0.002 1.155 0.002
похожий 0.001 0.602 0.001
обнаружить 0.002 0.658 0.001
повышение 0.001 1.097 0.001
частота 0.001 0.959 0.001
миокардит 0.001 1.699 0.002
сердечный 0.001 2.0 0.002
мышца 0.001 1.523 0.002
мальчик 0.001 1.222 0.001
молодой 0.001 0.854 0.001
мужчина 0.001 1.046 0.001
12–39 0.001 2.0 0.002
дальнейший 0.001 0.886 0.001
анализ 0.001 0.721 0.001
риск 0.002 0.357 0.001
существенно 0.001 0.721 0.001
ниже 0.002 0.77 0.002
получать 0.001 0.569 0.001
защита 0.003 0.569 0.002
трое 0.001 1.523 0.002
эффективность 0.003 0.538 0.002
образ 0.001 0.553 0.001
90,7 0.001 2.0 0.002
доверительный 0.001 1.155 0.001
интервал 0.001 1.046 0.001
исследователь 0.001 0.721 0.001
измерить 0.001 1.046 0.001
титр 0.001 1.097 0.001
антитело 0.001 0.77 0.001
способность 0.002 0.77 0.002
сыворотка 0.001 1.0 0.001
нейтрализация 0.001 1.222 0.001
изначальный 0.001 1.155 0.001
вариант 0.004 0.481 0.002
usa-wa1/2020 0.001 2.0 0.002
дельта 0.001 0.854 0.001
b.1.617.2 0.001 1.699 0.002
считаться 0.001 0.824 0.001
наиболее 0.001 0.745 0.001
план 0.001 0.658 0.001
инфекционность 0.001 2.0 0.002
критерий 0.001 1.301 0.001
иммунный 0.005 0.678 0.003
ответ 0.003 0.432 0.001
достигнуть 0.001 0.824 0.001
защищать 0.001 0.585 0.001
причём 0.001 0.62 0.001
степень 0.001 0.658 0.001
сообщество 0.001 0.886 0.001
британский 0.001 0.721 0.001
врач 0.001 0.509 0.001
рекомендовать 0.001 0.569 0.001
вакцинироваться 0.003 0.886 0.003
один 0.005 0.119 0.001
малый 0.001 0.678 0.001
дозировка 0.005 1.398 0.007
мнение 0.001 0.509 0.001
достаточный 0.001 0.854 0.001
всевозможный 0.001 1.523 0.002
уровень 0.001 0.367 0.0
нежелательный 0.002 0.77 0.002
снизиться 0.001 1.222 0.001
микрограмм 0.001 1.523 0.002
прежде 0.001 0.62 0.001
известный 0.001 0.569 0.001
аллергический 0.001 1.523 0.002
реакция 0.002 0.678 0.001
компонент 0.001 0.824 0.001
подробно 0.002 0.921 0.002
спрашивать 0.002 0.886 0.002
аллергия 0.002 1.155 0.002
беременность 0.002 1.097 0.002
рассказывать 0.002 0.337 0.001
какой 0.002 0.357 0.001
сам 0.003 0.137 0.0
дело 0.002 0.252 0.001
важный 0.002 0.284 0.001
окончание 0.001 1.097 0.001
конкретный 0.001 0.658 0.001
однозначно 0.001 0.959 0.001
отличие 0.002 0.699 0.001
утверждать 0.001 0.658 0.001
пресс-служба 0.003 1.155 0.003
мэр 0.001 0.77 0.001
правительство 0.001 0.678 0.001
москва 0.002 0.523 0.001
сожаление 0.001 0.553 0.001
знать 0.002 0.244 0.0
мэрия 0.001 1.523 0.002
звучать 0.001 0.959 0.001
оптимистично 0.001 1.699 0.002
i 0.001 0.745 0.001
этап 0.001 0.921 0.001
позволять 0.001 0.585 0.001
сделать 0.001 0.208 0.0
заключение 0.001 1.046 0.001
двукратный 0.001 1.523 0.002
„ 0.001 0.62 0.001
гам-ковид-вак 0.002 1.301 0.003
“ 0.001 0.432 0.0
1/10 0.001 2.0 0.002
1/5 0.001 2.0 0.002
иммунизировать 0.001 1.699 0.002
ориентировать 0.001 2.0 0.002
способный 0.001 0.854 0.001
приводить 0.001 0.602 0.001
формирование 0.001 1.222 0.001
хороший 0.001 0.377 0.0
поствакцинальный 0.001 1.523 0.002
клеточный 0.001 1.0 0.001
иммунитет 0.001 0.77 0.001
руководитель 0.001 0.886 0.001
лаборатория 0.001 0.959 0.001
механизм 0.001 0.886 0.001
популяционный 0.001 1.523 0.002
изменчивость 0.001 1.699 0.002
патогенный 0.001 2.0 0.002
микроорганизм 0.001 2.0 0.002
имя 0.001 0.585 0.001
владимир 0.001 0.523 0.001
гущин 0.001 1.699 0.002
рассказать 0.001 0.469 0.0
близкий 0.001 0.347 0.0
состав 0.001 0.745 0.001
снижение 0.001 0.745 0.001
именно 0.002 0.244 0.0
предположить 0.001 0.886 0.001
иметься 0.001 0.77 0.001
вид 0.001 0.398 0.0
уменьшить 0.001 1.301 0.001
количество 0.001 0.481 0.0
аденовирусный 0.001 1.046 0.001
частица 0.001 1.222 0.001
среднее 0.001 0.77 0.001
вероятность 0.001 0.602 0.001
побочка 0.001 1.301 0.001
поскольку 0.001 0.678 0.001
система 0.001 0.398 0.0
целое 0.001 0.585 0.001
активный 0.001 0.796 0.001
иметь 0.001 0.337 0.0
смысл 0.001 0.481 0.0
снижать 0.001 0.854 0.001
наблюдение 0.001 0.886 0.001
весь 0.002 0.114 0.0
существенный 0.002 0.921 0.002
разница 0.001 0.77 0.001
эффективный 0.001 0.553 0.001
связать 0.001 0.469 0.0
основное 0.001 0.553 0.001
мрнк-вакцина 0.001 1.046 0.001
основание 0.001 0.569 0.001
считать 0.001 0.319 0.0
причина 0.001 0.398 0.0
быть 0.002 0.215 0.0
обещать 0.001 0.921 0.001
зарегистрировать 0.003 0.602 0.002
завершение 0.001 1.097 0.001
ранее 0.001 0.62 0.001
коммерсант 0.001 1.523 0.002
заявить 0.001 0.553 0.001
помощник 0.001 1.398 0.001
министр 0.001 0.886 0.001
здравоохранение 0.001 0.658 0.001
алексей 0.001 0.886 0.001
кузнецов 0.001 1.523 0.002
понятно 0.001 0.699 0.001
находиться 0.001 0.367 0.0
единственный 0.001 0.481 0.0
ки 0.002 2.0 0.004
противоковидный 0.001 1.222 0.001
государственный 0.001 0.523 0.001
реестр 0.002 1.155 0.002
лекарственный 0.001 1.097 0.001
грлс 0.003 1.398 0.004
описание 0.001 1.222 0.001
сказать 0.001 0.31 0.0
совместить 0.001 1.398 0.001
i—ii 0.001 1.699 0.002
безопасность 0.001 0.387 0.0
иммуногенность 0.002 1.301 0.003
несмотря 0.001 0.456 0.0
наличие 0.001 0.745 0.001
большой 0.001 0.347 0.0
риа 0.001 1.301 0.001
новость 0.001 0.357 0.0
назвать 0.001 0.569 0.001
совпадать 0.001 1.222 0.001
минздрав 0.002 0.678 0.001
ведомство 0.001 0.796 0.001
проведение 0.001 0.921 0.001
i-ii 0.001 2.0 0.002
iii 0.001 1.222 0.001
рамка 0.001 1.0 0.001
заявитель 0.001 1.699 0.002
соответствие 0.001 0.959 0.001
протокол 0.001 1.0 0.001
запланировать 0.001 1.155 0.001
внесение 0.001 1.699 0.002
допустить 0.001 0.854 0.001
ошибка 0.002 0.066 0.0
ковивак 0.001 1.046 0.001
дать 0.002 0.066 0.0
пока 0.001 0.208 0.0
противоречивый 0.001 1.699 0.002
сторона 0.001 0.347 0.0
слово 0.001 0.268 0.0
развитие 0.001 0.638 0.001
чумаков 0.001 1.523 0.002
константин 0.001 1.398 0.001
чернов 0.001 1.699 0.002
сей 0.001 0.456 0.0
пора 0.001 0.357 0.0
эпиваккорона 0.001 0.959 0.001
планироваться 0.001 1.155 0.001
хотя 0.001 0.276 0.0
доказать 0.001 0.886 0.001
выработка 0.001 1.155 0.001
организм 0.001 0.745 0.001
подтверждаться 0.001 1.398 0.001
независимый 0.001 0.409 0.0
помочь 0.002 0.125 0.0
остальной 0.001 0.553 0.001
старший 0.001 0.678 0.001
родственник 0.001 0.745 0.001
совершенно 0.001 0.678 0.001
бессимптомный 0.001 1.301 0.001
течение 0.001 0.638 0.001
мочь 0.001 0.102 0.0
распространять 0.001 1.097 0.001
заразить 0.001 0.959 0.001
оказаться 0.001 0.31 0.0
реально 0.001 0.959 0.001
построение 0.001 2.0 0.002
различный 0.001 0.921 0.001
предсказательный 0.001 2.0 0.002
модель 0.001 0.824 0.001
крайний 0.001 0.602 0.001
мера 0.001 0.377 0.0
вакцинирование 0.001 1.398 0.001
предотвратить 0.001 0.921 0.001
смерть 0.001 0.553 0.001
работать 0.001 0.102 0.0
24/7 0.001 0.102 0.0
интерес 0.001 0.155 0.0
читателейн 0.001 0.174 0.0
срочно 0.001 0.167 0.0
хотеть 0.001 0.102 0.0
анна 0.001 1.046 0.001
казнадзь 0.001 1.699 0.002
светлана 0.001 1.046 0.001
рейтер 0.001 1.155 0.001
редакция 0.002 0.066 0.0
кодекс 0.001 0.066 0.0
блог 0.001 0.066 0.0
meduzacare 0.001 0.066 0.0
связаться 0.001 0.066 0.0
анонимно 0.001 0.066 0.0
платформа 0.002 0.066 0.0
ios 0.001 0.066 0.0
android 0.001 0.066 0.0
инстаграм 0.001 0.066 0.0
twitter 0.001 0.0 0.0
facebook 0.001 0.0 0.0
вконтакте 0.001 0.066 0.0
youtube 0.001 0.06 0.0
meduza 0.002 0.0 0.0
– 0.001 0.06 0.0
live 0.001 0.022 0.0
вечерний 0.001 0.066 0.0
реклама 0.002 0.066 0.0
требование 0.001 0.066 0.0
баннер 0.001 0.066 0.0
безопасно 0.001 0.066 0.0
персональный 0.001 0.066 0.0
правило 0.001 0.066 0.0
обработка 0.001 0.066 0.0
использование 0.001 0.066 0.0
кук 0.001 0.066 0.0
наслать 0.001 0.066 0.0
выделить 0.001 0.066 0.0
нажать 0.001 0.066 0.0
ctrl+enter 0.001 0.066 0.0
спасибоgiphyз 0.001 0.066 0.0
гифка 0.001 0.066 0.0
© 0.001 0.0 0.0
