перейти 0.001 0.066 0.0
материал 0.019000000000000003 0.066 0.001
связь 0.001 0.0 0.0
новостиисторииразборшапитокоронавирусмагаз 0.001 0.066 0.0
медуза 0.037000000000000005 0.066 0.002
рекламаmeduza 0.001 0.066 0.0
in 0.002 0.0 0.0
english 0.002 0.06 0.0
показывать 0.001 0.066 0.0
порядок 0.001 0.066 0.0
en 0.001 0.066 0.0
кнопка 0.001 0.066 0.0
поддержка 0.001 0.066 0.0
кодекс 0.006 0.066 0.0
редакция 0.02 0.066 0.001
данный 0.001 0.097 0.0
сообщение 0.001 0.102 0.0
создать 0.001 0.097 0.0
распространить 0.002 0.102 0.0
иностранный 0.003 0.097 0.0
средство 0.001 0.097 0.0
массовый 0.001 0.097 0.0
информация 0.007 0.102 0.001
выполнять 0.002 0.097 0.0
функция 0.002 0.097 0.0
агент 0.002 0.097 0.0
российский 0.002 0.071 0.0
юридический 0.001 0.102 0.0
лицо 0.001 0.086 0.0
мы 0.003 0.066 0.0
нужный 0.001 0.086 0.0
ваш 0.001 0.081 0.0
помощь 0.003 0.071 0.0
пожалуйста 0.001 0.102 0.0
поддержать 0.002 0.066 0.0
международный 0.002 0.569 0.001
русскоязычный 0.001 1.097 0.001
издание 0.004 0.481 0.002
каждый 0.004 0.244 0.001
день 0.001 0.167 0.0
наш 0.008 0.337 0.003
сотрудник 0.022 0.658 0.014
рассказывать 0.003 0.337 0.001
событие 0.004 0.509 0.002
россия 0.003 0.108 0.0
мир 0.001 0.26 0.0
стараться 0.003 0.854 0.003
делать 0.002 0.18 0.0
это 0.006 0.066 0.0
максимально 0.001 0.721 0.001
достоверно 0.001 1.155 0.001
беспристрастно 0.001 2.0 0.002
непредвзято 0.001 1.699 0.002
действовать 0.002 0.602 0.001
осознанно 0.001 2.0 0.002
ответственно 0.001 1.523 0.002
давать 0.001 0.31 0.0
возможность 0.003 0.444 0.001
услышать 0.001 1.155 0.001
кто 0.003 0.377 0.001
слышать 0.001 0.745 0.001
заботиться 0.001 1.398 0.001
публикация 0.008 0.796 0.006
ухудшить 0.001 1.699 0.002
положение 0.001 1.046 0.001
тот 0.004 0.131 0.001
непросто 0.001 1.155 0.001
изучать 0.001 0.854 0.001
претензия 0.001 1.097 0.001
поступать 0.001 1.699 0.002
весь 0.003 0.114 0.0
тщательность 0.001 1.699 0.002
уважать 0.001 1.523 0.002
читатель 0.010000000000000002 0.523 0.005
свой 0.009000000000000001 0.143 0.001
ежедневный 0.001 1.398 0.001
работа 0.007 0.357 0.002
стремиться 0.007 1.155 0.008
соответствовать 0.002 0.824 0.002
профессиональный 0.002 1.523 0.003
стандарт 0.001 1.222 0.001
право 0.006 0.538 0.003
свобода 0.003 0.77 0.002
человек 0.009000000000000001 0.092 0.001
изложить 0.005 1.398 0.007
всеобщий 0.001 1.523 0.002
декларация 0.002 1.699 0.003
абсолютный 0.002 1.222 0.002
ценность 0.002 0.959 0.002
предмет 0.001 1.155 0.001
особый 0.001 0.745 0.001
внимание 0.002 0.523 0.001
слово 0.003 0.268 0.001
свободный 0.001 0.77 0.001
распространение 0.003 0.523 0.002
набор 0.001 0.959 0.001
принцип 0.002 0.638 0.001
правило 0.006 0.066 0.0
который 0.005 0.071 0.0
ориентироваться 0.001 1.046 0.001
повседневный 0.001 1.398 0.001
деятельность 0.003 0.854 0.003
считать 0.003 0.319 0.001
журналист 0.001 0.481 0.0
также 0.003 0.237 0.001
другой 0.004 0.097 0.0
подразделение 0.001 1.222 0.001
создавать 0.001 0.796 0.001
редакционный 0.001 1.398 0.001
продукт 0.001 0.678 0.001
число 0.002 0.201 0.0
разработчик 0.001 0.77 0.001
дизайнер 0.001 1.699 0.002
регулироваться 0.001 2.0 0.002
независимость 0.001 1.398 0.001
должный 0.015 0.201 0.003
избегать 0.002 1.523 0.003
конфликт 0.003 0.959 0.003
интерес 0.004 0.155 0.001
любой 0.011000000000000001 0.319 0.004
обстоятельство 0.001 1.046 0.001
поддерживать 0.002 0.569 0.001
один 0.003 0.119 0.0
политический 0.002 0.658 0.001
партия 0.001 0.921 0.001
движение 0.002 0.921 0.002
платформа 0.003 0.066 0.0
политика 0.001 0.602 0.001
принимать 0.003 0.432 0.001
какой 0.002 0.357 0.001
вид 0.001 0.398 0.0
общественный 0.001 0.745 0.001
коммерческий 0.001 1.301 0.001
компания 0.001 0.444 0.0
орган 0.001 0.886 0.001
власть 0.001 0.31 0.0
уровень 0.001 0.367 0.0
попытка 0.001 0.921 0.001
давление 0.003 0.699 0.002
немедленно 0.001 1.155 0.001
предать 0.001 2.0 0.002
огласка 0.001 2.0 0.002
относиться 0.002 0.62 0.001
к 0.001 0.745 0.001
равный 0.001 1.097 0.001
уважение 0.002 1.523 0.003
сам 0.001 0.137 0.0
платить 0.002 1.097 0.002
время 0.002 0.086 0.0
подготовка 0.002 0.886 0.002
сторона 0.002 0.347 0.001
деньга 0.001 0.602 0.001
отказываться 0.001 0.721 0.001
предложение 0.002 0.921 0.002
оплатить 0.001 1.222 0.001
безвозмездно 0.001 2.0 0.002
предоставить 0.002 1.046 0.002
транспорт 0.001 0.854 0.001
жильё 0.001 1.699 0.002
питание 0.001 1.222 0.001
позволять 0.002 0.585 0.001
соглашаться 0.001 1.097 0.001
такой 0.003 0.114 0.0
штатный 0.001 2.0 0.002
внештатный 0.001 1.523 0.002
касаться 0.001 0.553 0.001
бесплатный 0.001 1.222 0.001
мероприятие 0.001 1.046 0.001
пресса 0.001 1.155 0.001
пресс-показ 0.001 2.0 0.002
концерт 0.001 1.097 0.001
спектакль 0.001 1.699 0.002
презентация 0.001 1.398 0.001
книга 0.001 0.886 0.001
так 0.001 1.222 0.001
п. 0.001 1.523 0.002
исключение 0.001 0.854 0.001
допускаться 0.001 1.699 0.002
санкция 0.001 0.62 0.001
главное 0.001 0.585 0.001
редактор 0.003 0.921 0.003
объяснить 0.002 0.602 0.001
выход 0.001 0.796 0.001
допускать 0.003 1.046 0.003
предвзятый 0.001 1.523 0.002
отношение 0.004 0.509 0.002
герой 0.006 1.046 0.006
немой 0.001 0.585 0.001
участвовать 0.002 0.569 0.001
какой-то 0.001 0.328 0.0
причина 0.001 0.398 0.0
избежать 0.001 1.046 0.001
удаться 0.001 0.456 0.0
предупреждение 0.002 1.155 0.002
появиться 0.001 0.367 0.0
наложить 0.001 1.523 0.002
вето 0.001 2.0 0.002
рекламный 0.001 1.301 0.001
спорный 0.001 1.699 0.002
вопрос 0.001 0.276 0.0
конечный 0.001 1.0 0.001
решение 0.005 0.347 0.002
оставаться 0.001 0.387 0.0
уполномоченный 0.001 1.699 0.002
представитель 0.003 0.638 0.002
источник 0.005 0.167 0.001
вознаграждать 0.001 2.0 0.002
никакой 0.002 0.409 0.001
способ 0.003 0.602 0.002
объективность 0.001 1.699 0.002
беспристрастность 0.001 2.0 0.002
основать 0.001 0.921 0.001
журналистика 0.001 1.523 0.002
факт 0.003 0.638 0.002
общественно 0.002 2.0 0.004
значимый 0.002 1.097 0.002
сознательно 0.001 1.699 0.002
опустить 0.001 1.523 0.002
скрытый 0.001 1.398 0.001
высказаться 0.001 1.523 0.002
целенаправленно 0.001 2.0 0.002
дать 0.002 0.066 0.0
маленький 0.001 0.328 0.0
высказать 0.001 1.155 0.001
мочь 0.004 0.102 0.0
заниматься 0.001 0.62 0.001
активистский 0.001 2.0 0.002
речь 0.001 0.398 0.0
идти 0.001 0.222 0.0
акция 0.001 0.745 0.001
солидарность 0.001 1.699 0.002
гражданский 0.001 0.745 0.001
правозащитный 0.001 1.699 0.002
активность 0.001 1.155 0.001
осуществлять 0.001 1.398 0.001
предел 0.001 0.959 0.001
обязать 0.006 1.097 0.007
рассказать 0.002 0.469 0.001
предупредить 0.003 1.699 0.005
возможный 0.004 0.523 0.002
новость 0.002 0.357 0.001
становиться 0.001 0.553 0.001
использовать 0.002 0.319 0.001
язык 0.001 0.678 0.001
ненависть 0.002 1.222 0.002
исключать 0.001 1.046 0.001
провоцирование 0.001 2.0 0.002
стимулирование 0.001 1.523 0.002
оправдание 0.001 1.398 0.001
какой-либо 0.002 0.854 0.002
группа 0.003 0.387 0.001
делимый 0.001 2.0 0.002
чужой 0.001 1.301 0.001
нейтральный 0.001 1.301 0.001
формулировка 0.001 1.301 0.001
дискриминация 0.002 1.398 0.003
признак 0.002 0.959 0.002
правдивость 0.001 2.0 0.002
достоверность 0.003 1.523 0.005
основываться 0.001 1.222 0.001
назвать 0.001 0.569 0.001
два 0.001 0.26 0.0
однако 0.003 0.337 0.001
страна 0.004 0.155 0.001
существенный 0.001 0.921 0.001
правовой 0.002 1.301 0.003
ограничение 0.001 0.585 0.001
следовать 0.001 0.678 0.001
этот 0.002 0.137 0.0
полный 0.002 0.377 0.001
мера 0.001 0.377 0.0
случай 0.009000000000000001 0.194 0.002
раскрытие 0.001 2.0 0.002
личность 0.001 1.301 0.001
угрожать 0.001 1.046 0.001
безопасность 0.002 0.387 0.001
согласиться 0.001 1.301 0.001
опубликовать 0.001 0.509 0.001
заявление 0.001 0.62 0.001
анонимно 0.002 0.066 0.0
брать 0.001 0.77 0.001
репутационный 0.001 1.699 0.002
риск 0.002 0.357 0.001
связанный 0.002 0.745 0.001
защищать 0.003 0.585 0.002
прочий 0.001 1.046 0.001
легальный 0.001 2.0 0.002
проверять 0.001 0.77 0.001
запретить 0.003 0.77 0.002
намеренно 0.001 1.222 0.001
вводить 0.001 0.886 0.001
заблуждение 0.001 1.398 0.001
обманывать 0.001 2.0 0.002
трибуна 0.001 1.699 0.002
взгляд 0.001 1.046 0.001
собирать 0.001 0.699 0.001
открыто 0.002 1.523 0.003
представляться 0.001 1.398 0.001
собственный 0.001 0.569 0.001
имя 0.001 0.585 0.001
скрывать 0.001 1.222 0.001
род 0.002 0.77 0.002
занятие 0.001 1.699 0.002
прикрытие 0.001 1.523 0.002
исключительный 0.001 1.699 0.002
санкционировать 0.001 2.0 0.002
главный 0.003 0.276 0.001
необходимость 0.001 0.745 0.001
использование 0.002 0.066 0.0
метод 0.001 0.678 0.001
запись 0.001 1.0 0.001
разговор 0.001 0.745 0.001
вестись 0.001 1.097 0.001
неправильный 0.001 1.398 0.001
практика 0.001 0.796 0.001
согласование 0.001 1.699 0.002
интервью 0.002 0.745 0.001
некоторый 0.001 0.222 0.0
оставлять 0.002 0.959 0.002
себя 0.002 0.62 0.001
согласовать 0.001 1.301 0.001
ньюсмейкер 0.001 2.0 0.002
ответственность 0.001 0.678 0.001
жизнь 0.003 0.319 0.001
угроза 0.001 0.824 0.001
преследование 0.001 1.301 0.001
доступный 0.001 0.824 0.001
оказываться 0.001 0.721 0.001
журналистский 0.001 1.699 0.002
следуемый 0.001 2.0 0.002
навредить 0.001 1.301 0.001
угнетать 0.001 2.0 0.002
преследовать 0.001 1.301 0.001
находиться 0.001 0.367 0.0
зона 0.001 0.921 0.001
тщательно 0.001 1.301 0.001
изучить 0.001 0.854 0.001
точка 0.001 0.444 0.0
зрение 0.001 0.585 0.001
последствие 0.003 0.523 0.002
бережный 0.001 2.0 0.002
повлиять 0.001 1.0 0.001
объективный 0.001 1.301 0.001
рассказ 0.001 1.155 0.001
задача 0.001 0.77 0.001
честно 0.001 1.0 0.001
информировать 0.001 1.699 0.002
суть 0.001 0.959 0.001
происходить 0.002 0.301 0.001
белый 0.001 1.0 0.001
пятно 0.001 2.0 0.002
недосказанность 0.001 2.0 0.002
замалчивание 0.001 2.0 0.002
описать 0.001 0.721 0.001
максимальный 0.001 1.046 0.001
предупреждать 0.001 1.398 0.001
сведение 0.001 1.046 0.001
либо 0.001 0.569 0.001
фотография 0.002 0.553 0.001
видео 0.001 0.678 0.001
шокировать 0.001 1.301 0.001
удалять 0.001 1.222 0.001
удаление 0.002 1.699 0.003
чрезвычайный 0.001 1.398 0.001
принять 0.002 0.42 0.001
статья 0.001 0.553 0.001
обнаружить 0.002 0.658 0.001
критически 0.001 1.301 0.001
большой 0.001 0.347 0.0
количество 0.001 0.481 0.0
ошибка 0.003 0.066 0.0
приниматься 0.001 0.959 0.001
исключительно 0.001 1.155 0.001
место 0.001 0.409 0.0
появляться 0.001 0.658 0.001
подробный 0.001 0.569 0.001
объяснение 0.001 1.0 0.001
почему 0.002 0.337 0.001
удалённый 0.001 1.222 0.001
фактический 0.001 1.155 0.001
смысловой 0.001 2.0 0.002
исправить 0.001 1.398 0.001
скорее 0.001 0.509 0.001
уведомить 0.001 1.699 0.002
внести 0.001 1.097 0.001
изменение 0.001 0.854 0.001
работать 0.003 0.102 0.0
разный 0.001 0.276 0.0
менее 0.001 0.432 0.0
писать 0.001 0.347 0.0
основное 0.001 0.553 0.001
аудитория 0.001 1.097 0.001
соблюдение 0.001 1.301 0.001
законодательство 0.002 1.097 0.002
противоречить 0.001 1.155 0.001
нормативный 0.001 2.0 0.002
акт 0.001 1.398 0.001
прямо 0.001 0.357 0.0
косвенно 0.001 1.155 0.001
нарушать 0.001 1.155 0.001
выбор 0.001 0.886 0.001
руководствоваться 0.001 1.699 0.002
команда 0.001 1.222 0.001
личный 0.003 0.678 0.002
предпочтение 0.001 1.699 0.002
убеждение 0.001 1.398 0.001
вкус 0.001 1.699 0.002
коллега 0.001 0.796 0.001
вне 0.001 0.886 0.001
зависимость 0.001 0.745 0.001
должность 0.001 1.301 0.001
вмешиваться 0.001 1.699 0.002
приветствовать 0.001 1.523 0.002
форма 0.002 0.62 0.001
они 0.001 0.538 0.001
вместе 0.001 0.602 0.001
недопустимый 0.001 2.0 0.002
навязывание 0.001 2.0 0.002
коммуникация 0.001 1.155 0.001
кроме 0.001 0.387 0.0
рабочий 0.001 0.886 0.001
пространство 0.001 1.097 0.001
недопустимо 0.001 2.0 0.002
насилие 0.001 1.398 0.001
восприниматься 0.001 1.699 0.002
общество 0.001 0.602 0.001
официальный 0.001 0.538 0.001
публично 0.001 1.046 0.001
выступать 0.001 0.658 0.001
площадка 0.001 0.796 0.001
например 0.001 0.229 0.0
социальный 0.001 0.721 0.001
сеть 0.001 0.824 0.001
оценивать 0.001 0.921 0.001
репутация 0.001 1.222 0.001
конфликтный 0.001 2.0 0.002
ситуация 0.001 0.337 0.0
решаться 0.001 1.699 0.002
соответствие 0.001 0.959 0.001
внутренний 0.001 0.745 0.001
процедура 0.001 0.959 0.001
meduzaʼs 0.001 2.0 0.002
code 0.001 0.824 0.001
of 0.001 0.721 0.001
conduct 0.001 0.824 0.001
написать 0.001 0.62 0.001
основатель 0.001 1.222 0.001
сентябрь-октябрь 0.001 2.0 0.002
год 0.001 0.119 0.0
утвердить 0.001 1.301 0.001
наблюдательный 0.001 1.523 0.002
совет 0.001 0.721 0.001
ноябрь 0.001 0.699 0.001
2019-го 0.001 1.699 0.002
shutterstock.com 0.001 1.523 0.002
блог 0.001 0.066 0.0
meduzacare 0.001 0.066 0.0
связаться 0.001 0.066 0.0
ios 0.001 0.066 0.0
android 0.001 0.066 0.0
инстаграм 0.001 0.066 0.0
twitter 0.001 0.0 0.0
facebook 0.001 0.0 0.0
вконтакте 0.001 0.066 0.0
youtube 0.001 0.06 0.0
meduza 0.002 0.0 0.0
– 0.001 0.06 0.0
live 0.001 0.022 0.0
вечерний 0.001 0.066 0.0
вообще 0.001 0.066 0.0
реклама 0.002 0.066 0.0
требование 0.001 0.066 0.0
баннер 0.001 0.066 0.0
безопасно 0.001 0.066 0.0
персональный 0.001 0.066 0.0
обработка 0.001 0.066 0.0
кук 0.001 0.066 0.0
наслать 0.001 0.066 0.0
выделить 0.001 0.066 0.0
нажать 0.001 0.066 0.0
ctrl+enter 0.001 0.066 0.0
спасибоgiphyз 0.001 0.066 0.0
гифка 0.001 0.066 0.0
© 0.001 0.0 0.0
