перейти 0.001 0.066 0.0
материал 0.002 0.066 0.0
связь 0.001 0.0 0.0
новостиисторииразборшапитокоронавирусмагаз 0.001 0.066 0.0
медуза 0.007 0.066 0.0
рекламаmeduza 0.001 0.066 0.0
in 0.001 0.0 0.0
english 0.001 0.06 0.0
показывать 0.001 0.066 0.0
порядок 0.002 0.066 0.0
en 0.001 0.066 0.0
кнопка 0.001 0.066 0.0
поддержка 0.002 0.066 0.0
разбор 0.001 0.387 0.0
россия 0.028000000000000004 0.108 0.003
выходить 0.001 0.62 0.001
совет 0.024999999999999998 0.721 0.018
европа 0.025 0.495 0.012
это 0.003 0.066 0.0
грозить 0.001 1.097 0.001
россиянин 0.005 0.444 0.002
карточка 0.002 0.569 0.001
июнь 0.001 0.699 0.001
случиться 0.003 0.509 0.002
уведомление 0.008 1.523 0.012
достаточно 0.003 0.444 0.001
выход 0.010000000000000002 0.796 0.008
выйти 0.008 0.456 0.004
значить 0.002 1.523 0.003
отказ 0.003 0.77 0.002
конвенция 0.019000000000000003 1.699 0.032
право 0.03 0.538 0.016
человек 0.017 0.092 0.002
основное 0.002 0.553 0.001
жаловаться 0.002 0.921 0.002
получаться 0.002 0.824 0.002
гражданин 0.007 0.553 0.004
быть 0.005 0.215 0.001
гарантировать 0.005 0.854 0.004
ключевой 0.003 0.886 0.003
какой 0.002 0.357 0.001
свобода 0.009000000000000001 0.77 0.007
война 0.003 0.357 0.001
украина 0.003 0.347 0.001
значит 0.003 0.444 0.001
смертный 0.007 1.699 0.012
казнь 0.006 1.699 0.01
разрешить 0.003 0.886 0.003
официальный 0.004 0.538 0.002
действовать 0.006 0.602 0.004
данный 0.001 0.097 0.0
сообщение 0.001 0.102 0.0
создать 0.002 0.097 0.0
распространить 0.001 0.102 0.0
иностранный 0.004 0.097 0.0
средство 0.002 0.097 0.0
массовый 0.001 0.097 0.0
информация 0.001 0.102 0.0
выполнять 0.003 0.097 0.0
функция 0.002 0.097 0.0
агент 0.002 0.097 0.0
российский 0.015 0.071 0.001
юридический 0.001 0.102 0.0
лицо 0.001 0.086 0.0
мы 0.002 0.066 0.0
нужный 0.002 0.086 0.0
ваш 0.002 0.081 0.0
помощь 0.001 0.071 0.0
пожалуйста 0.001 0.102 0.0
поддержать 0.002 0.066 0.0
март 0.003 0.284 0.001
год 0.017 0.119 0.002
министерство 0.001 1.046 0.001
дело 0.005 0.252 0.001
рф 0.003 0.745 0.002
анонсировать 0.001 1.301 0.001
генеральный 0.003 1.046 0.003
секретарь 0.003 1.523 0.005
мария 0.001 1.046 0.001
пейчинович-бурич 0.001 2.0 0.002
вручить 0.002 2.0 0.004
организация 0.012 0.509 0.006
заявление 0.001 0.62 0.001
мид 0.002 1.398 0.003
запуск 0.001 1.222 0.001
процедура 0.003 0.959 0.003
государство 0.003 0.569 0.002
нато 0.002 0.959 0.002
евросоюз 0.002 0.886 0.002
злоупотреблять 0.001 1.523 0.002
свой 0.006 0.143 0.001
большинство 0.001 0.509 0.001
сие 0.003 2.0 0.006
последовательно 0.001 1.398 0.001
превращать 0.001 2.0 0.002
инструмент 0.001 0.854 0.001
антироссийский 0.001 1.398 0.001
политика 0.001 0.602 0.001
отказываться 0.001 0.721 0.001
равноправный 0.003 2.0 0.006
диалог 0.001 1.301 0.001
принцип 0.002 0.638 0.001
который 0.007 0.071 0.0
создаваться 0.001 1.222 0.001
этот 0.001 0.137 0.0
общеевропейский 0.002 2.0 0.004
структура 0.003 0.745 0.002
февраль 0.001 0.337 0.0
с. 0.002 1.699 0.003
г. 0.002 1.699 0.003
принять 0.006 0.42 0.003
дискриминационный 0.001 1.699 0.002
решение 0.009000000000000001 0.347 0.003
приостановка 0.001 1.523 0.002
представительство 0.001 2.0 0.002
уставный 0.001 2.0 0.002
орган 0.002 0.886 0.002
такой 0.005 0.114 0.001
условие 0.001 0.495 0.0
наш 0.004 0.337 0.001
страна 0.009000000000000001 0.155 0.001
оставаться 0.002 0.387 0.001
м.пейчинович-бурич 0.001 2.0 0.002
федерация 0.003 1.0 0.003
ответственность 0.001 0.678 0.001
разрушение 0.001 1.398 0.001
общий 0.001 0.444 0.0
гуманитарно-правовой 0.002 2.0 0.004
пространство 0.001 1.097 0.001
континент 0.001 1.699 0.002
последствие 0.001 0.523 0.001
сам 0.001 0.137 0.0
лишиться 0.001 1.097 0.001
координата 0.001 2.0 0.002
нести 0.001 0.886 0.001
тот 0.003 0.131 0.0
вынуждать 0.001 1.222 0.001
пойти 0.001 0.509 0.001
шаг 0.001 0.886 0.001
вступать 0.002 1.523 0.003
укрепление 0.002 1.699 0.003
единство 0.001 1.699 0.002
европейский 0.013000000000000001 0.602 0.008
народ 0.001 0.745 0.001
позиционировать 0.001 2.0 0.002
деполитизированный 0.001 2.0 0.002
призвать 0.001 0.886 0.001
стать 0.002 0.149 0.0
опора 0.001 1.398 0.001
большой 0.001 0.347 0.0
лиссабон 0.001 2.0 0.002
владивосток 0.001 1.523 0.002
настроить 0.001 1.0 0.001
сотрудничество 0.001 0.959 0.001
рамка 0.003 1.0 0.003
интерес 0.003 0.155 0.0
совместный 0.001 0.886 0.001
усилие 0.001 1.046 0.001
многое 0.001 0.886 0.001
удаться 0.001 0.456 0.0
сделать 0.002 0.208 0.0
развитие 0.001 0.638 0.001
законодательство 0.004 1.097 0.004
правоприменительный 0.001 2.0 0.002
практика 0.003 0.796 0.002
система 0.001 0.398 0.0
обеспечение 0.002 1.046 0.002
число 0.001 0.201 0.0
путём 0.001 1.301 0.001
внедрение 0.001 1.398 0.001
норма 0.001 1.0 0.001
екпча 0.001 2.0 0.002
суд 0.011 1.097 0.012
еспча 0.01 2.0 0.02
однако 0.001 0.337 0.0
объединительный 0.002 2.0 0.004
потенциал 0.001 1.699 0.002
разрушить 0.001 0.77 0.001
видеть 0.001 0.444 0.0
лишь 0.001 0.481 0.0
идеологический 0.001 1.222 0.001
военно-политический 0.001 2.0 0.002
экономический 0.002 0.854 0.002
экспансия 0.001 1.699 0.002
восток 0.001 0.886 0.001
насаждение 0.002 2.0 0.004
выгодный 0.001 1.523 0.002
основать 0.001 0.921 0.001
правило 0.003 0.066 0.0
суть 0.001 0.959 0.001
игра 0.001 1.0 0.001
институт 0.001 0.77 0.001
включая 0.001 0.959 0.001
систематический 0.001 2.0 0.002
основа 0.001 0.678 0.001
использоваться 0.001 0.585 0.001
оказание 0.001 2.0 0.002
давление 0.001 0.699 0.001
вмешательство 0.001 1.398 0.001
внутренний 0.001 0.745 0.001
погрязнуть 0.001 2.0 0.002
двойной 0.001 1.097 0.001
стандарт 0.001 1.222 0.001
стремление 0.001 1.222 0.001
продвигать 0.001 1.523 0.002
повестка 0.001 1.398 0.001
соответствие 0.001 0.959 0.001
задача 0.001 0.77 0.001
цель 0.001 0.745 0.001
сформулировать 0.001 1.398 0.001
устав 0.005 1.699 0.008
вызывать 0.001 0.523 0.001
стойкий 0.001 1.222 0.001
неприятие 0.001 1.699 0.002
частность 0.001 0.678 0.001
попытка 0.001 0.921 0.001
привлечь 0.001 1.097 0.001
внимание 0.001 0.523 0.001
бедственный 0.001 2.0 0.002
положение 0.003 1.046 0.003
донбасс 0.001 0.959 0.001
течение 0.001 0.638 0.001
восемь 0.001 0.854 0.001
подвергаться 0.001 0.959 0.001
варварский 0.001 2.0 0.002
обстрел 0.001 0.678 0.001
упираться 0.001 2.0 0.002
стена 0.001 0.921 0.001
равнодушие 0.001 2.0 0.002
фактически 0.001 0.721 0.001
утратить 0.001 2.0 0.002
многоотраслевой 0.001 2.0 0.002
характер 0.001 1.301 0.001
превратиться 0.001 0.886 0.001
агрессивный 0.001 1.155 0.001
неолиберальный 0.001 2.0 0.002
подход 0.001 0.854 0.001
нарушение 0.003 0.886 0.003
закрепить 0.001 1.523 0.002
базовый 0.001 1.155 0.001
ценность 0.001 0.959 0.001
расставаться 0.001 2.0 0.002
сожаление 0.001 0.553 0.001
повлиять 0.001 1.0 0.001
конституция 0.004 1.301 0.005
установить 0.001 0.721 0.001
малый 0.001 0.678 0.001
гарантия 0.001 1.097 0.001
основный 0.003 0.62 0.002
договорно-правовой 0.001 2.0 0.002
акт 0.001 1.398 0.001
включить 0.001 1.222 0.001
продолжиться 0.001 1.155 0.001
выполнение 0.001 1.523 0.002
постановление 0.001 1.523 0.002
противоречить 0.001 1.155 0.001
участник 0.001 0.658 0.001
универсальный 0.001 1.301 0.001
международный 0.008 0.569 0.005
договор 0.006 1.155 0.007
заключить 0.001 1.097 0.001
оон 0.001 1.222 0.001
речь 0.001 0.398 0.0
идти 0.001 0.222 0.0
пакт 0.002 2.0 0.004
гражданский 0.001 0.745 0.001
политический 0.001 0.658 0.001
социальный 0.001 0.721 0.001
культурный 0.001 1.046 0.001
ликвидация 0.001 1.699 0.002
форма 0.001 0.62 0.001
расовый 0.001 2.0 0.002
дискриминация 0.001 1.398 0.001
ребёнок 0.001 0.387 0.0
другой 0.003 0.097 0.0
гарантироваться 0.001 2.0 0.002
широкий 0.001 0.921 0.001
спектр 0.001 1.699 0.002
региональный 0.001 1.0 0.001
документ 0.003 0.678 0.002
покидать 0.001 1.046 0.001
открытый 0.001 0.886 0.001
прагматичный 0.001 1.699 0.002
взаимодействие 0.001 1.155 0.001
член 0.001 0.745 0.001
вопрос 0.001 0.276 0.0
представлять 0.001 0.678 0.001
взаимный 0.001 1.523 0.002
участие 0.001 0.638 0.001
решить 0.003 0.398 0.001
продолжать 0.001 0.292 0.0
обновление 0.001 1.0 0.001
впервые 0.001 0.824 0.001
опубликовать 0.001 0.509 0.001
январь 0.001 0.824 0.001
возможный 0.001 0.523 0.001
исключение 0.003 0.854 0.003
говорить 0.001 0.18 0.0
из-за 0.001 0.229 0.0
власть 0.004 0.31 0.001
требование 0.002 0.066 0.0
выплачивать 0.002 1.699 0.003
компенсация 0.002 1.301 0.003
бывший 0.001 0.699 0.001
акционер 0.001 1.699 0.002
юкос 0.001 1.699 0.002
вновь 0.001 1.155 0.001
заговорить 0.001 1.523 0.002
существенно 0.001 0.721 0.001
обновить 0.001 1.046 0.001
начало 0.001 0.26 0.0
внести 0.001 1.097 0.001
некоторый 0.003 0.222 0.001
небольшой 0.001 0.602 0.001
правка 0.001 2.0 0.002
судить 0.001 0.585 0.001
весь 0.003 0.114 0.0
добровольный 0.001 1.523 0.002
довольно 0.001 0.523 0.001
лаконично 0.001 1.699 0.002
описать 0.001 0.721 0.001
статья 0.003 0.553 0.002
необходимо 0.002 0.585 0.001
просто 0.001 0.194 0.0
официально 0.001 0.959 0.001
уведомить 0.001 1.699 0.002
намерение 0.001 2.0 0.002
произойти 0.001 0.638 0.001
первый 0.001 0.143 0.0
пока 0.001 0.208 0.0
единственный 0.002 0.481 0.001
использовать 0.001 0.319 0.0
декабрь 0.004 0.745 0.003
греция 0.002 1.301 0.003
оказаться 0.001 0.31 0.0
угроза 0.001 0.824 0.001
опережение 0.001 2.0 0.002
подать 0.002 1.046 0.002
денонсация 0.001 2.0 0.002
защита 0.005 0.569 0.003
юрист 0.001 1.398 0.001
уточнять 0.001 1.222 0.001
предварительно 0.001 2.0 0.002
подача 0.001 1.523 0.002
федеральный 0.002 0.959 0.002
закон 0.006 0.658 0.004
прекращение 0.003 1.097 0.003
действие 0.004 0.409 0.002
ратифицировать 0.006 2.0 0.012
парламент 0.002 1.301 0.003
соответственно 0.001 0.921 0.001
внешнеполитический 0.001 1.523 0.002
ведомство 0.001 0.796 0.001
счесть 0.001 1.398 0.001
иначе 0.001 0.745 0.001
утверждать 0.001 0.658 0.001
дать 0.002 0.066 0.0
согласие 0.001 1.046 0.001
обязательный 0.001 0.886 0.001
непонятно 0.001 0.921 0.001
иметься 0.001 0.77 0.001
вид 0.001 0.398 0.0
президент 0.001 0.523 0.001
подписать 0.002 1.046 0.002
осень 0.001 1.0 0.001
владимир 0.001 0.523 0.001
путин 0.002 0.523 0.001
внезапно 0.001 1.523 0.002
комиссия 0.003 1.222 0.004
установление 0.001 1.699 0.002
факт 0.001 0.638 0.001
одновременно 0.001 0.796 0.001
президентский 0.001 1.523 0.002
указ 0.002 1.699 0.003
добиться 0.001 1.046 0.001
принятие 0.002 1.0 0.002
подробный 0.002 0.569 0.001
распорядиться 0.001 2.0 0.002
срочно 0.002 0.167 0.0
бессмысленный 0.001 2.0 0.002
что 0.001 1.301 0.001
спешка 0.001 1.523 0.002
прежде 0.001 0.62 0.001
автоматически 0.002 1.222 0.002
перестать 0.001 0.678 0.001
должный 0.002 0.201 0.0
каждый 0.002 0.244 0.0
участница 0.001 1.699 0.002
входящий 0.001 1.222 0.001
соблюдение 0.001 1.301 0.001
жизнь 0.002 0.319 0.001
образование 0.001 0.886 0.001
вступление 0.002 1.301 0.003
брак 0.001 1.699 0.002
личный 0.001 0.678 0.001
неприкосновенность 0.001 2.0 0.002
справедливый 0.002 1.699 0.003
защищать 0.001 0.585 0.001
рабство 0.002 2.0 0.004
принудительный 0.001 1.523 0.002
труд 0.001 0.854 0.001
пытка 0.001 1.699 0.002
смочь 0.001 0.328 0.0
искать 0.001 0.678 0.001
прийтись 0.001 0.602 0.001
рассчитывать 0.001 0.886 0.001
исключительно 0.001 1.155 0.001
справедливость 0.001 1.222 0.001
судно 0.001 2.0 0.002
последний 0.002 0.284 0.001
несколько 0.001 0.187 0.0
обращаться 0.001 0.854 0.001
очень 0.001 0.149 0.0
часто 0.001 0.456 0.0
частый 0.002 0.523 0.001
поступить 0.001 0.921 0.001
около 0.002 0.432 0.001
тысяча 0.002 0.31 0.001
обращение 0.002 1.301 0.003
признать 0.002 0.658 0.001
действительно 0.001 0.377 0.0
нарушаться 0.001 1.398 0.001
обязать 0.001 1.097 0.001
страна-ответчик 0.001 2.0 0.002
выплатить 0.001 1.523 0.002
истец 0.001 1.699 0.002
оплатить 0.001 1.222 0.001
судебный 0.001 1.523 0.002
издержка 0.001 1.699 0.002
также 0.001 0.237 0.0
рекомендовать 0.001 0.569 0.001
изменить 0.001 0.538 0.001
оно 0.001 0.444 0.0
отвечать 0.001 0.456 0.0
точно 0.001 0.481 0.0
знать 0.001 0.244 0.0
вывод 0.001 0.886 0.001
статистика 0.001 0.921 0.001
вынести 0.001 1.398 0.001
против 0.002 0.229 0.0
список 0.001 0.569 0.001
признавать 0.001 1.0 0.001
таков 0.001 1.523 0.002
безопасность 0.001 0.387 0.0
достойный 0.001 2.0 0.002
оценка 0.001 0.745 0.001
исполнять 0.002 1.398 0.003
десятка 0.001 0.721 0.001
миллион 0.001 0.495 0.0
евро 0.001 1.301 0.001
существовать 0.001 0.602 0.001
специальный 0.001 0.638 0.001
механизм 0.002 0.886 0.002
разрешать 0.002 1.523 0.003
отдельный 0.002 0.678 0.001
конституционный 0.004 2.0 0.008
противоречащий 0.001 1.699 0.002
минимум 0.001 0.77 0.001
формально 0.003 1.398 0.004
многие 0.001 0.284 0.0
по-прежнему 0.001 0.824 0.001
поправка 0.001 1.301 0.001
содержаться 0.001 1.222 0.001
пункт 0.001 0.721 0.001
отразить 0.001 2.0 0.002
напрямую 0.001 1.0 0.001
например 0.001 0.229 0.0
запрет 0.002 0.921 0.002
прописать 0.002 1.398 0.003
кроме 0.001 0.387 0.0
время 0.005 0.086 0.0
множество 0.001 0.796 0.001
область 0.001 0.523 0.001
ориентироваться 0.001 1.046 0.001
потерять 0.001 0.854 0.001
сила 0.001 0.456 0.0
из-под 0.001 2.0 0.002
юрисдикция 0.001 1.523 0.002
обязаться 0.001 2.0 0.002
шестой 0.003 1.155 0.003
протокол 0.003 1.0 0.003
говориться 0.002 0.796 0.002
мирный 0.001 0.699 0.001
пора 0.001 0.357 0.0
выполнить 0.001 1.301 0.001
обязательство 0.002 1.398 0.003
менее 0.001 0.432 0.0
мораторий 0.003 1.699 0.005
вынесение 0.001 2.0 0.002
качество 0.001 0.553 0.001
приговор 0.002 1.699 0.003
продлить 0.001 1.398 0.001
сослаться 0.001 1.523 0.002
отказаться 0.001 0.62 0.001
целое 0.001 0.585 0.001
мочь 0.001 0.102 0.0
отменить 0.001 0.921 0.001
председатель 0.001 1.699 0.002
валерий 0.001 1.222 0.001
зорькин 0.001 2.0 0.002
допустить 0.001 0.854 0.001
возвращение 0.001 1.155 0.001
скорее 0.001 0.509 0.001
называть 0.001 0.432 0.0
вторжение 0.001 0.569 0.001
территория 0.001 0.62 0.001
один 0.001 0.119 0.0
часть 0.001 0.377 0.0
ввести 0.001 0.538 0.001
военный 0.005 0.444 0.002
применение 0.001 0.721 0.001
уголовный 0.001 0.959 0.001
кодекс 0.002 0.066 0.0
упоминание 0.001 1.523 0.002
составлять 0.001 0.745 0.001
преступление 0.001 1.046 0.001
служба 0.001 0.678 0.001
устанавливать 0.001 1.222 0.001
наказание 0.001 1.222 0.001
поэтому 0.001 0.328 0.0
иметь 0.001 0.337 0.0
выносить 0.002 1.222 0.002
остаться 0.001 0.432 0.0
прекратить 0.001 0.824 0.001
ровно 0.001 1.222 0.001
полгода 0.002 0.886 0.002
видимо 0.001 0.824 0.001
середина 0.001 0.854 0.001
сентябрь 0.001 0.824 0.001
упоминаться 0.001 1.155 0.001
денонсировать 0.001 1.699 0.002
лето 0.001 1.046 0.001
стоить 0.001 0.469 0.0
помнить 0.001 0.699 0.001
принимать 0.001 0.432 0.0
жалоба 0.002 1.222 0.002
совершенный 0.001 1.523 0.002
ранее 0.001 0.62 0.001
вправе 0.001 2.0 0.002
работать 0.001 0.102 0.0
24/7 0.001 0.102 0.0
читателейн 0.001 0.174 0.0
хотеть 0.001 0.102 0.0
помочь 0.001 0.125 0.0
редакция 0.002 0.066 0.0
блог 0.001 0.066 0.0
meduzacare 0.001 0.066 0.0
связаться 0.001 0.066 0.0
анонимно 0.001 0.066 0.0
платформа 0.002 0.066 0.0
ios 0.001 0.066 0.0
android 0.001 0.066 0.0
инстаграм 0.001 0.066 0.0
twitter 0.001 0.0 0.0
facebook 0.001 0.0 0.0
вконтакте 0.001 0.066 0.0
youtube 0.001 0.06 0.0
meduza 0.002 0.0 0.0
– 0.001 0.06 0.0
live 0.001 0.022 0.0
вечерний 0.001 0.066 0.0
вообще 0.001 0.066 0.0
реклама 0.002 0.066 0.0
баннер 0.001 0.066 0.0
безопасно 0.001 0.066 0.0
персональный 0.001 0.066 0.0
обработка 0.001 0.066 0.0
использование 0.001 0.066 0.0
кук 0.001 0.066 0.0
наслать 0.001 0.066 0.0
ошибка 0.001 0.066 0.0
выделить 0.001 0.066 0.0
нажать 0.001 0.066 0.0
ctrl+enter 0.001 0.066 0.0
спасибоgiphyз 0.001 0.066 0.0
гифка 0.001 0.066 0.0
© 0.001 0.0 0.0
