перейти 0.001 0.066 0.0
материал 0.002 0.066 0.0
связь 0.006 0.0 0.0
новостиисторииразборшапитокоронавирусмагаз 0.001 0.066 0.0
медуза 0.009000000000000001 0.066 0.001
рекламаmeduza 0.001 0.066 0.0
in 0.001 0.0 0.0
english 0.001 0.06 0.0
показывать 0.001 0.066 0.0
порядок 0.001 0.066 0.0
en 0.001 0.066 0.0
кнопка 0.001 0.066 0.0
поддержка 0.002 0.066 0.0
история 0.003 0.26 0.001
сын 0.008 0.921 0.007
писать 0.006 0.347 0.002
коротко 0.002 0.824 0.002
живой 0.003 0.553 0.002
ставить 0.002 0.886 0.002
выходить 0.007 0.62 0.004
шестой 0.002 1.155 0.002
сутки 0.003 0.824 0.002
монолог 0.001 1.398 0.001
мать 0.002 0.854 0.002
украинский 0.002 0.538 0.001
солдат 0.002 0.886 0.002
который 0.006 0.071 0.0
сражаться 0.003 1.222 0.004
мариуполь 0.007 0.77 0.005
сам 0.008 0.137 0.001
горячий 0.002 1.155 0.002
точка 0.002 0.444 0.001
война 0.016 0.357 0.006
март 0.002 0.284 0.001
источник 0.001 0.167 0.0
meduza 0.003 0.0 0.0
данный 0.001 0.097 0.0
сообщение 0.002 0.102 0.0
создать 0.001 0.097 0.0
распространить 0.001 0.102 0.0
иностранный 0.003 0.097 0.0
средство 0.002 0.097 0.0
массовый 0.001 0.097 0.0
информация 0.001 0.102 0.0
выполнять 0.002 0.097 0.0
функция 0.002 0.097 0.0
агент 0.002 0.097 0.0
российский 0.002 0.071 0.0
юридический 0.001 0.102 0.0
лицо 0.001 0.086 0.0
мы 0.006 0.066 0.0
нужный 0.003 0.086 0.0
ваш 0.002 0.081 0.0
помощь 0.003 0.071 0.0
пожалуйста 0.001 0.102 0.0
поддержать 0.003 0.066 0.0
военный 0.002 0.444 0.001
год 0.006 0.119 0.001
evgeniy 0.001 1.301 0.001
maloletka 0.001 1.301 0.001
ap 0.001 0.854 0.001
scanpix 0.001 0.301 0.0
leta 0.001 0.301 0.0
полностью 0.001 0.538 0.001
изменить 0.001 0.538 0.001
жизнь 0.007 0.319 0.002
миллион 0.001 0.495 0.0
украинец 0.004 0.796 0.003
пока 0.002 0.208 0.0
один 0.005 0.119 0.001
свобода 0.001 0.77 0.001
свой 0.011000000000000003 0.143 0.002
страна 0.002 0.155 0.0
другой 0.004 0.097 0.0
становиться 0.002 0.553 0.001
беженец 0.001 1.155 0.001
третий 0.001 0.553 0.001
мочь 0.01 0.102 0.001
бросить 0.003 1.046 0.003
дом 0.003 0.495 0.001
пытаться 0.002 0.409 0.001
выживать 0.001 1.398 0.001
условие 0.001 0.495 0.0
ждать 0.001 0.481 0.0
воссоединение 0.001 2.0 0.002
близкий 0.001 0.347 0.0
связаться 0.002 0.066 0.0
украинка 0.002 1.398 0.003
ирина 0.003 1.301 0.004
егорченко 0.002 2.0 0.004
воевать 0.001 0.886 0.001
осадить 0.001 1.398 0.001
неделя 0.002 0.328 0.001
опускать 0.001 2.0 0.002
рука 0.003 0.62 0.002
поддаваться 0.001 1.398 0.001
страх 0.006 0.796 0.005
каждый 0.004 0.244 0.001
день 0.008 0.167 0.001
заниматься 0.002 0.62 0.001
волонтерство 0.002 2.0 0.004
киев 0.002 0.699 0.001
заботиться 0.001 1.398 0.001
три 0.001 0.569 0.001
младший 0.002 1.097 0.002
ребёнок 0.012 0.387 0.005
верить 0.003 0.553 0.002
светлый 0.001 1.699 0.002
будущее 0.002 0.62 0.001
украина 0.011 0.347 0.004
россия 0.005 0.108 0.001
общественный 0.002 0.745 0.001
религиозный 0.001 1.523 0.002
деятель 0.001 1.097 0.001
полномасштабный 0.001 1.301 0.001
часто 0.002 0.456 0.001
видеть 0.007 0.444 0.003
сон 0.002 1.301 0.003
сниться 0.001 1.699 0.002
бомбить 0.002 0.824 0.002
сначала 0.001 0.602 0.001
долго 0.001 0.745 0.001
смотреть 0.003 0.62 0.002
это 0.02 0.066 0.001
окно 0.001 0.886 0.001
улица 0.002 0.699 0.001
ссср 0.002 1.155 0.002
незадолго 0.001 1.699 0.002
начало 0.001 0.26 0.0
присниться 0.001 2.0 0.002
папа 0.001 1.155 0.001
прийти 0.004 0.658 0.003
он 0.001 1.155 0.001
домой 0.001 0.824 0.001
открыть 0.002 0.538 0.001
дверь 0.001 0.921 0.001
сказать 0.003 0.31 0.001
ир 0.001 2.0 0.002
начаться 0.002 0.367 0.001
понять 0.003 0.495 0.001
речь 0.004 0.398 0.002
февраль 0.002 0.337 0.001
проснуться 0.002 1.097 0.002
рано 0.001 0.921 0.001
утром 0.001 1.046 0.001
шум 0.001 1.523 0.002
стена 0.001 0.921 0.001
лестничный 0.001 1.523 0.002
площадка 0.001 0.796 0.001
суматоха 0.001 2.0 0.002
человек 0.015 0.092 0.001
спешно 0.001 1.699 0.002
собирать 0.001 0.699 0.001
вещь 0.001 0.62 0.001
хватать 0.001 0.886 0.001
бежать 0.003 0.796 0.002
зазвучать 0.001 2.0 0.002
сирена 0.002 1.301 0.003
давно 0.001 0.77 0.001
понимать 0.007 0.42 0.003
возможный 0.001 0.523 0.001
очень 0.004 0.149 0.001
говорить 0.003 0.18 0.001
сми 0.001 0.602 0.001
особенно 0.001 0.553 0.001
западный 0.001 0.553 0.001
поверить 0.001 1.046 0.001
последний 0.001 0.284 0.0
готовый 0.001 0.509 0.001
беда 0.002 2.0 0.004
случаться 0.001 1.155 0.001
приходить 0.001 0.824 0.001
всё-таки 0.001 0.553 0.001
наш 0.008 0.337 0.003
муж 0.006 1.155 0.007
первый 0.003 0.143 0.0
реакция 0.001 0.678 0.001
мы-то 0.001 2.0 0.002
больший 0.001 0.328 0.0
часть 0.001 0.377 0.0
прожить 0.001 1.222 0.001
нужно 0.003 0.237 0.001
уберечь 0.001 1.523 0.002
зависеть 0.001 0.509 0.001
четверо 0.001 1.398 0.001
двое 0.002 1.155 0.002
биологический 0.001 1.222 0.001
дочь 0.002 0.886 0.002
приёмный 0.001 2.0 0.002
брат 0.003 1.222 0.004
сестра 0.002 1.046 0.002
быстро 0.001 0.495 0.0
взять 0.005 0.553 0.003
постараться 0.001 1.301 0.001
успокоиться 0.001 1.301 0.001
травмировать 0.001 2.0 0.002
паника 0.001 1.155 0.001
мой 0.004 0.585 0.002
старший 0.002 0.678 0.001
детство 0.001 2.0 0.002
героический 0.001 2.0 0.002
наклонность 0.001 2.0 0.002
порядочный 0.001 2.0 0.002
дисциплинировать 0.001 2.0 0.002
стремиться 0.001 1.155 0.001
справедливость 0.001 1.222 0.001
хотеться 0.002 0.77 0.002
делать 0.002 0.18 0.0
что-то 0.003 0.509 0.002
значимый 0.001 1.097 0.001
добровольно 0.001 1.301 0.001
пойти 0.001 0.509 0.001
армия 0.001 0.721 0.001
хотя 0.001 0.276 0.0
призыв 0.001 0.854 0.001
отслужить 0.001 2.0 0.002
решить 0.002 0.398 0.001
продолжить 0.001 0.921 0.001
служба 0.001 0.678 0.001
охранять 0.001 2.0 0.002
рубеж 0.001 1.097 0.001
оказаться 0.002 0.31 0.001
самый 0.005 0.208 0.001
ситуация 0.002 0.337 0.001
повезти 0.001 0.854 0.001
попасть 0.001 0.409 0.0
миномётный 0.001 1.155 0.001
снаряд 0.002 0.959 0.002
пострадать 0.002 0.796 0.002
город 0.004 0.409 0.002
выбраться 0.001 1.0 0.001
осаждать 0.001 1.699 0.002
войско 0.001 0.678 0.001
выглядеть 0.001 0.495 0.0
высота 0.001 1.301 0.001
птичий 0.001 1.523 0.002
полёт 0.001 1.398 0.001
хоронить 0.001 1.155 0.001
братский 0.001 1.155 0.001
могила 0.001 1.097 0.001
осада 0.001 0.854 0.001
практически 0.001 0.602 0.001
вода 0.001 0.638 0.001
электричество 0.001 1.0 0.001
лекарство 0.002 0.569 0.001
продолжать 0.005 0.292 0.001
обстреливать 0.001 1.0 0.001
сразу 0.001 0.553 0.001
написать 0.002 0.62 0.001
три-четыре 0.001 1.523 0.002
отстреливаться 0.001 2.0 0.002
враг 0.001 1.046 0.001
удобно 0.001 2.0 0.002
знать 0.002 0.244 0.0
волноваться 0.001 2.0 0.002
занятый 0.001 1.097 0.001
волонтёрский 0.001 1.699 0.002
деятельность 0.001 0.854 0.001
помогать 0.007 0.444 0.003
пастор 0.001 2.0 0.002
христианский 0.002 1.398 0.003
церковь 0.001 1.222 0.001
основательница 0.001 2.0 0.002
организация 0.001 0.509 0.001
турбот 0.001 2.0 0.002
тот 0.006 0.131 0.001
милосердить 0.001 2.0 0.002
много-много 0.001 2.0 0.002
незащищённый 0.001 2.0 0.002
слой 0.001 1.699 0.002
население 0.001 0.569 0.001
звонить 0.001 0.886 0.001
просьба 0.001 0.886 0.001
помочь 0.004 0.125 0.001
вместе 0.003 0.602 0.002
волонтёр 0.001 0.959 0.001
развозить 0.001 1.699 0.002
продукт 0.001 0.678 0.001
добраться 0.001 1.398 0.001
больница 0.001 0.495 0.0
готовить 0.001 0.959 0.001
еда 0.001 0.678 0.001
кормить 0.001 1.155 0.001
сидеть 0.002 0.77 0.002
бомбоубежище 0.001 1.046 0.001
образование 0.001 0.886 0.001
психолог 0.001 1.699 0.002
поэтому 0.003 0.328 0.001
стараться 0.001 0.854 0.001
оказывать 0.001 1.046 0.001
психологический 0.001 1.301 0.001
многий 0.001 0.495 0.0
сознательно 0.001 1.699 0.002
остаться 0.003 0.432 0.001
оставаться 0.002 0.387 0.001
возможность 0.001 0.444 0.0
уехать 0.001 0.824 0.001
родственник 0.001 0.745 0.001
граница 0.001 0.658 0.001
обязательство 0.001 1.398 0.001
нести 0.002 0.886 0.002
ответственность 0.003 0.678 0.002
они 0.001 0.538 0.001
бог 0.006 1.097 0.007
совесть 0.001 1.523 0.002
сколько 0.001 0.585 0.001
смочь 0.001 0.328 0.0
быть 0.003 0.215 0.001
ты 0.002 1.0 0.002
хороший 0.002 0.377 0.001
профилактика 0.001 0.886 0.001
невроз 0.001 2.0 0.002
во-первых 0.001 0.796 0.001
отвлекаться 0.001 1.699 0.002
страшный 0.001 0.959 0.001
мысль 0.001 1.222 0.001
во-вторых 0.001 0.854 0.001
добавлять 0.001 1.097 0.001
смысл 0.004 0.481 0.002
твой 0.001 1.046 0.001
давать 0.002 0.31 0.001
сила 0.002 0.456 0.001
репортаж 0.002 0.678 0.001
вынудить 0.001 0.886 0.001
прекратить 0.001 0.824 0.001
отдать 0.001 0.959 0.001
привести 0.001 0.456 0.0
миграционный 0.001 1.155 0.001
катастрофа 0.002 0.886 0.002
европа 0.001 0.495 0.0
1940-й 0.001 1.097 0.001
кристина 0.001 1.097 0.001
сафонов 0.001 1.155 0.001
польша 0.001 0.854 0.001
полный 0.001 0.377 0.0
боль 0.001 0.699 0.001
любовь 0.002 1.0 0.002
жить 0.003 0.481 0.001
близко 0.001 1.301 0.001
буча 0.001 1.398 0.001
постоянно 0.002 0.62 0.001
слышать 0.001 0.745 0.001
взрыв 0.001 0.959 0.001
разумеется 0.001 1.398 0.001
укрывать 0.001 2.0 0.002
звук 0.001 0.921 0.001
падать 0.001 0.824 0.001
обращать 0.001 1.097 0.001
внимание 0.001 0.523 0.001
глаз 0.002 0.77 0.002
тяжёлый 0.001 0.377 0.0
сосредоточить 0.002 1.398 0.003
веровать 0.001 2.0 0.002
вера 0.004 1.398 0.006
важный 0.001 0.284 0.0
стать 0.002 0.149 0.0
актуальный 0.001 1.301 0.001
думать 0.005 0.456 0.002
именно 0.001 0.244 0.0
единство 0.001 1.699 0.002
преодолеть 0.001 1.301 0.001
молиться 0.004 1.523 0.006
учить 0.004 1.222 0.005
находить 0.001 1.301 0.001
упование 0.001 2.0 0.002
подвал 0.001 1.0 0.001
любой 0.002 0.319 0.001
момент 0.002 0.387 0.001
ударить 0.001 1.097 0.001
бомба 0.001 1.046 0.001
единственный 0.001 0.481 0.0
надежда 0.001 0.77 0.001
отчаиваться 0.001 2.0 0.002
молитва 0.001 1.699 0.002
спасти 0.002 0.854 0.002
правда 0.004 0.456 0.002
сторона 0.003 0.347 0.001
никуда 0.001 1.097 0.001
врываться 0.001 2.0 0.002
ворваться 0.001 1.301 0.001
допустить 0.001 0.854 0.001
выжить 0.002 1.0 0.002
поначалу 0.001 1.222 0.001
тревожный 0.001 1.398 0.001
оторваться 0.001 2.0 0.002
новость 0.002 0.357 0.001
время 0.002 0.086 0.0
зацикливаться 0.001 2.0 0.002
должный 0.003 0.201 0.001
контроль 0.002 0.585 0.001
начинать 0.001 0.569 0.001
принимать 0.002 0.432 0.001
факт 0.001 0.638 0.001
по-прежнему 0.001 0.824 0.001
настоящий 0.001 0.585 0.001
кто 0.001 0.377 0.0
вызваться 0.001 1.699 0.002
учиться 0.001 0.959 0.001
школа 0.001 0.699 0.001
работать 0.002 0.102 0.0
какой-то 0.004 0.328 0.001
задание 0.001 1.699 0.002
тема 0.001 0.678 0.001
язык 0.001 0.678 0.001
однажды 0.001 1.301 0.001
заканчиваться 0.001 1.301 0.001
развиваться 0.001 1.155 0.001
происходить 0.003 0.301 0.001
харьков 0.002 0.886 0.002
победить 0.003 1.0 0.003
минута 0.001 0.745 0.001
сомневаться 0.001 0.886 0.001
дожить 0.001 1.155 0.001
победа 0.001 1.046 0.001
жёсткий 0.001 0.678 0.001
обстрел 0.001 0.678 0.001
многие 0.001 0.284 0.0
житель 0.001 0.456 0.0
собираться 0.001 0.602 0.001
воспринимать 0.001 1.222 0.001
очередной 0.001 0.796 0.001
испытание 0.002 0.77 0.002
немало 0.001 1.398 0.001
такой 0.004 0.114 0.0
масштаб 0.001 1.155 0.001
проходить 0.001 0.495 0.0
оно 0.001 0.444 0.0
кончиться 0.001 1.523 0.002
увидеть 0.001 0.553 0.001
бояться 0.002 0.699 0.001
утвердиться 0.001 2.0 0.002
ценность 0.002 0.959 0.002
сбежать 0.001 1.398 0.001
поступить 0.001 0.921 0.001
уезжать 0.001 1.046 0.001
очередь 0.002 0.538 0.001
среди 0.001 0.42 0.0
буря 0.001 2.0 0.002
сохранять 0.001 1.046 0.001
спокойствие 0.001 1.699 0.002
человечность 0.001 1.699 0.002
ранний 0.001 0.409 0.0
вспоминать 0.001 1.0 0.001
фразеологизм 0.001 2.0 0.002
хата 0.001 1.699 0.002
край 0.001 1.155 0.001
использовать 0.001 0.319 0.0
слово 0.001 0.268 0.0
абсолютно 0.001 0.721 0.001
потерять 0.001 0.854 0.001
весь 0.002 0.114 0.0
единый 0.002 0.959 0.002
организм 0.001 0.745 0.001
невероятно 0.001 1.699 0.002
сплотиться 0.001 1.699 0.002
познать 0.001 2.0 0.002
народ 0.002 0.745 0.001
новый 0.002 0.187 0.0
мужественный 0.001 1.699 0.002
свободный 0.001 0.77 0.001
мужчина 0.001 1.046 0.001
женщина 0.003 0.824 0.002
толпа 0.001 1.301 0.001
танк 0.002 0.854 0.002
голый 0.001 1.523 0.002
президент 0.003 0.523 0.002
сдаться 0.002 1.523 0.003
действительно 0.001 0.377 0.0
чувствовать 0.001 0.678 0.001
нация 0.001 1.046 0.001
гордиться 0.001 1.398 0.001
россиянин 0.003 0.444 0.001
пример 0.001 0.585 0.001
бросаться 0.001 2.0 0.002
площадь 0.001 1.046 0.001
выйти 0.001 0.456 0.0
казаться 0.001 0.409 0.0
отсидеть 0.001 2.0 0.002
позволить 0.003 0.62 0.002
себя 0.001 0.62 0.001
нежелание 0.001 1.301 0.001
перекладывание 0.001 2.0 0.002
власть 0.002 0.31 0.001
советский 0.001 0.959 0.001
плохо 0.003 0.569 0.002
значит 0.001 0.444 0.0
почему 0.004 0.337 0.001
никто 0.001 0.432 0.0
спрашивать 0.001 0.886 0.001
изгнать 0.001 2.0 0.002
поражать 0.001 1.699 0.002
безразличие 0.002 1.699 0.003
русский 0.001 0.62 0.001
режим 0.001 0.658 0.001
сильный 0.001 0.553 0.001
материнский 0.001 1.398 0.001
молчать 0.002 1.398 0.003
воспитать 0.002 2.0 0.004
бездушный 0.001 2.0 0.002
уметь 0.001 0.921 0.001
жена 0.001 1.046 0.001
врать 0.001 1.222 0.001
гибнуть 0.001 1.155 0.001
валяться 0.001 1.523 0.002
мусор 0.001 1.523 0.002
поднимать 0.001 1.301 0.001
бунт 0.001 2.0 0.002
идти 0.001 0.222 0.0
расклеивать 0.001 2.0 0.002
листовка 0.001 1.523 0.002
кричать 0.001 1.155 0.001
прозванивать 0.001 2.0 0.002
умолять 0.001 2.0 0.002
вернуться 0.001 0.638 0.001
желание 0.003 0.921 0.003
пребывать 0.001 1.523 0.002
иллюзия 0.001 1.523 0.002
побеждать 0.001 1.523 0.002
путин 0.001 0.523 0.001
пассивный 0.001 1.523 0.002
равнодушный 0.001 1.699 0.002
любить 0.001 0.921 0.001
ненависть 0.001 1.222 0.001
сердце 0.001 1.155 0.001
тяжело 0.002 0.796 0.002
осуждать 0.001 2.0 0.002
убийство 0.001 1.155 0.001
соотечественник 0.001 1.699 0.002
хотеть 0.002 0.102 0.0
опускаться 0.001 1.523 0.002
уровень 0.001 0.367 0.0
убивать 0.001 0.824 0.001
преступник 0.001 1.523 0.002
наказать 0.001 1.301 0.001
план 0.002 0.658 0.001
безнаказанный 0.001 2.0 0.002
освободить 0.001 1.301 0.001
звучать 0.001 0.959 0.001
странно 0.001 1.301 0.001
никакой 0.001 0.409 0.0
освобождение 0.001 1.398 0.001
уничтожить 0.001 1.0 0.001
проявлять 0.001 1.398 0.001
воля 0.001 1.523 0.002
xxi 0.001 1.523 0.002
век 0.001 1.046 0.001
стрелять 0.001 1.0 0.001
мирный 0.001 0.699 0.001
просто 0.001 0.194 0.0
средневековье 0.001 2.0 0.002
надеяться 0.001 0.699 0.001
измениться 0.001 0.745 0.001
осознать 0.001 1.523 0.002
случиться 0.001 0.509 0.001
узнавать 0.001 1.301 0.001
род 0.001 0.77 0.001
наказание 0.001 1.222 0.001
далёкий 0.001 0.481 0.0
главный 0.001 0.276 0.0
задача 0.001 0.77 0.001
бесспорный 0.001 1.699 0.002
пережить 0.001 1.097 0.001
какой 0.001 0.357 0.0
ресурс 0.001 0.796 0.001
обнаружить 0.001 0.658 0.001
точно 0.001 0.481 0.0
дело 0.001 0.252 0.0
настрой 0.001 1.699 0.002
мир 0.001 0.26 0.0
защитить 0.001 0.721 0.001
восстать 0.001 1.699 0.002
против 0.002 0.229 0.0
агрессор 0.001 1.398 0.001
террорист 0.001 2.0 0.002
называть 0.001 0.432 0.0
правило 0.002 0.066 0.0
минимальный 0.001 0.959 0.001
представление 0.001 1.155 0.001
честь 0.001 1.222 0.001
спецоперация 0.001 1.222 0.001
терроризм 0.001 1.301 0.001
вдохновлять 0.002 2.0 0.004
владимир 0.002 0.523 0.001
зеленский 0.004 0.854 0.003
конгресс 0.004 1.155 0.005
сша 0.004 0.469 0.002
остановить 0.002 0.523 0.001
смерть 0.002 0.553 0.001
объяснить 0.002 0.602 0.001
лидерство 0.002 1.222 0.002
показать 0.002 0.432 0.001
видео 0.002 0.678 0.001
невыносимый 0.002 1.097 0.002
публиковать 0.002 0.638 0.001
сокращение 0.002 0.959 0.002
назад 0.002 0.18 0.0
24/7 0.001 0.102 0.0
интерес 0.001 0.155 0.0
читателейн 0.001 0.174 0.0
срочно 0.001 0.167 0.0
записать 0.001 0.959 0.001
вероника 0.001 1.523 0.002
кузнецов 0.001 1.523 0.002
редакция 0.002 0.066 0.0
кодекс 0.001 0.066 0.0
блог 0.001 0.066 0.0
meduzacare 0.001 0.066 0.0
анонимно 0.001 0.066 0.0
платформа 0.002 0.066 0.0
ios 0.001 0.066 0.0
android 0.001 0.066 0.0
инстаграм 0.001 0.066 0.0
twitter 0.001 0.0 0.0
facebook 0.001 0.0 0.0
вконтакте 0.001 0.066 0.0
youtube 0.001 0.06 0.0
– 0.001 0.06 0.0
live 0.001 0.022 0.0
вечерний 0.001 0.066 0.0
вообще 0.001 0.066 0.0
реклама 0.002 0.066 0.0
требование 0.001 0.066 0.0
баннер 0.001 0.066 0.0
безопасно 0.001 0.066 0.0
персональный 0.001 0.066 0.0
дать 0.001 0.066 0.0
обработка 0.001 0.066 0.0
использование 0.001 0.066 0.0
кук 0.001 0.066 0.0
наслать 0.001 0.066 0.0
ошибка 0.001 0.066 0.0
выделить 0.001 0.066 0.0
нажать 0.001 0.066 0.0
ctrl+enter 0.001 0.066 0.0
спасибоgiphyз 0.001 0.066 0.0
гифка 0.001 0.066 0.0
© 0.001 0.0 0.0
