перейти 0.0 0.066 0.0
материал 0.0 0.066 0.0
связь 0.001 0.0 0.0
новостиисторииразборшапитокоронавирусмагаз 0.0 0.066 0.0
медуза 0.004 0.066 0.0
рекламаmeduza 0.0 0.066 0.0
in 0.001 0.0 0.0
english 0.0 0.06 0.0
показывать 0.0 0.066 0.0
порядок 0.0 0.066 0.0
en 0.0 0.066 0.0
кнопка 0.0 0.066 0.0
поддержка 0.001 0.066 0.0
история 0.001 0.26 0.0
мочь 0.004 0.102 0.0
предотвратить 0.001 0.921 0.001
приход 0.001 1.222 0.001
психопат 0.001 1.699 0.002
власть 0.004 0.31 0.001
журналист 0.001 0.481 0.0
ук 0.001 1.699 0.002
гоние 0.001 1.699 0.002
работать 0.003 0.102 0.0
единственный 0.0 0.481 0.0
независимый 0.0 0.409 0.0
газета 0.004 1.046 0.004
аргентина 0.016 0.921 0.015
время 0.002 0.086 0.0
военный 0.010000000000000002 0.444 0.004
диктатура 0.003 1.222 0.004
дождаться 0.0 1.222 0.0
падение 0.001 0.921 0.001
режим 0.006 0.658 0.004
поговорить 0.0 0.62 0.0
март 0.002 0.284 0.001
источник 0.0 0.167 0.0
meduza 0.001 0.0 0.0
данный 0.0 0.097 0.0
сообщение 0.001 0.102 0.0
создать 0.0 0.097 0.0
распространить 0.0 0.102 0.0
иностранный 0.001 0.097 0.0
средство 0.0 0.097 0.0
массовый 0.001 0.097 0.0
информация 0.0 0.102 0.0
выполнять 0.001 0.097 0.0
функция 0.001 0.097 0.0
агент 0.001 0.097 0.0
российский 0.0 0.071 0.0
юридический 0.0 0.102 0.0
лицо 0.0 0.086 0.0
мы 0.002 0.066 0.0
нужный 0.001 0.086 0.0
ваш 0.001 0.081 0.0
помощь 0.0 0.071 0.0
пожалуйста 0.001 0.102 0.0
поддержать 0.0 0.066 0.0
аргентинский 0.004 1.398 0.006
солдат 0.001 0.886 0.001
стража 0.0 2.0 0.0
возле 0.0 1.097 0.0
дом 0.001 0.495 0.0
правительство 0.0 0.678 0.0
переворот 0.001 1.301 0.001
год 0.012 0.119 0.001
keystone 0.001 2.0 0.002
getty 0.001 0.886 0.001
images 0.001 0.796 0.001
захватить 0.0 0.959 0.0
который 0.014000000000000002 0.071 0.001
затем 0.0 0.678 0.0
развязать 0.0 1.699 0.0
страна 0.005 0.155 0.001
называть 0.0 0.432 0.0
грязный 0.0 1.222 0.0
война 0.006 0.357 0.002
арест 0.0 1.398 0.0
пытка 0.0 1.699 0.0
убийство 0.001 1.155 0.001
неугодный 0.0 2.0 0.0
гражданин 0.0 0.553 0.0
подозревать 0.0 1.155 0.0
симпатия 0.0 1.523 0.0
коммунизм 0.0 2.0 0.0
жертва 0.0 0.824 0.0
стать 0.004 0.149 0.001
тысяча 0.001 0.31 0.0
человек 0.013000000000000001 0.092 0.001
потерять 0.001 0.854 0.001
спустя 0.001 0.886 0.001
семь 0.0 0.721 0.0
полгода 0.0 0.886 0.0
вступить 0.0 1.155 0.0
самоубийственный 0.0 2.0 0.0
конфликт 0.0 0.959 0.0
великобритания 0.001 0.699 0.001
buenos 0.001 2.0 0.002
aires 0.001 2.0 0.002
herald 0.006 2.0 0.012
издание 0.0 0.481 0.0
рассказывать 0.0 0.337 0.0
похищение 0.001 2.0 0.002
впоследствии 0.0 1.301 0.0
написать 0.0 0.62 0.0
несколько 0.002 0.187 0.0
книга 0.001 0.886 0.001
бегство 0.0 1.699 0.0
немецкий 0.0 0.699 0.0
нацист 0.002 1.222 0.002
второй 0.001 0.357 0.0
мировой 0.0 0.721 0.0
явление 0.0 0.886 0.0
связать 0.0 0.469 0.0
себя 0.0 0.62 0.0
опыт 0.0 0.699 0.0
работа 0.001 0.357 0.0
период 0.001 0.678 0.001
страшный 0.0 0.959 0.0
случиться 0.004 0.509 0.002
родиться 0.001 0.921 0.001
сша 0.001 0.469 0.0
семья 0.001 0.796 0.001
дипломат 0.0 1.155 0.0
мой 0.0 0.585 0.0
родитель 0.0 0.854 0.0
сперва 0.0 1.523 0.0
штат 0.0 1.097 0.0
ирландия 0.0 1.523 0.0
вырасти 0.001 0.824 0.001
помнить 0.002 0.699 0.001
наш 0.002 0.337 0.001
посольство 0.001 1.398 0.001
полный 0.0 0.377 0.0
подросток 0.0 1.155 0.0
часто 0.001 0.456 0.0
слушать 0.001 1.046 0.001
сидеть 0.0 0.77 0.0
стол 0.001 1.0 0.001
обсуждать 0.0 0.745 0.0
сколько 0.001 0.585 0.001
убить 0.001 1.097 0.001
починить 0.0 2.0 0.0
казаться 0.002 0.409 0.001
сумасшедший 0.0 1.523 0.0
приехать 0.0 0.854 0.0
прямо 0.001 0.357 0.0
результат 0.0 0.367 0.0
государственный 0.0 0.523 0.0
переходить 0.0 1.046 0.0
смерть 0.001 0.553 0.001
президент 0.002 0.523 0.001
хуан 0.0 2.0 0.0
доминго 0.0 2.0 0.0
перон 0.002 2.0 0.004
попасть 0.0 0.409 0.0
управление 0.0 0.824 0.0
жена 0.0 1.046 0.0
вице-президент 0.0 2.0 0.0
исабля 0.001 2.0 0.002
первый 0.001 0.143 0.0
мир 0.001 0.26 0.0
женщина 0.002 0.824 0.002
активизироваться 0.0 2.0 0.0
оппозиционный 0.0 1.523 0.0
движение 0.0 0.921 0.0
радикальный 0.001 1.523 0.002
организация 0.001 0.509 0.001
совершать 0.0 1.222 0.0
теракт 0.001 2.0 0.002
политический 0.0 0.658 0.0
экономика 0.001 0.796 0.001
падать 0.0 0.824 0.0
изабель 0.0 2.0 0.0
объявлять 0.0 1.398 0.0
баллотироваться 0.0 1.699 0.0
переизбрание 0.0 2.0 0.0
февраль 0.0 0.337 0.0
месяц 0.0 0.432 0.0
свержение 0.0 2.0 0.0
группа 0.0 0.387 0.0
высокопоставленный 0.0 2.0 0.0
офицер 0.001 1.523 0.002
вооружённый 0.0 1.0 0.0
сила 0.0 0.456 0.0
совершить 0.0 1.155 0.0
арестовать 0.0 2.0 0.0
установить 0.0 0.721 0.0
национальный 0.0 0.77 0.0
реорганизация 0.0 2.0 0.0
начаться 0.0 0.367 0.0
террор 0.001 1.523 0.002
присяга 0.0 2.0 0.0
генерал 0.003 1.699 0.005
хорх 0.001 2.0 0.002
рафаэль 0.0 1.699 0.0
видел 0.0 2.0 0.0
пост 0.0 0.638 0.0
wikimedia 0.002 2.0 0.004
commons 0.002 1.0 0.002
происходить 0.003 0.301 0.001
шокировать 0.0 1.301 0.0
говорить 0.006 0.18 0.001
наступить 0.0 1.301 0.0
тоталитаризм 0.0 1.222 0.0
геноцид 0.001 1.523 0.002
отвечать 0.0 0.456 0.0
параноик 0.0 2.0 0.0
жить 0.0 0.481 0.0
обстановка 0.0 1.097 0.0
распад 0.0 1.398 0.0
скатывание 0.0 2.0 0.0
насилие 0.001 1.398 0.001
понимать 0.0 0.42 0.0
плохой 0.0 0.509 0.0
никто 0.002 0.432 0.001
собираться 0.0 0.602 0.0
убивать 0.002 0.824 0.002
подряд 0.0 1.301 0.0
уверенный 0.0 0.921 0.0
слышать 0.0 0.745 0.0
хунта 0.003 2.0 0.006
прислать 0.0 0.77 0.0
спасти 0.0 0.854 0.0
западный 0.0 0.553 0.0
христианский 0.0 1.398 0.0
коммунист 0.0 2.0 0.0
утверждать 0.0 0.658 0.0
американец 0.001 1.398 0.001
европеец 0.001 1.398 0.001
осознавать 0.0 1.301 0.0
идти 0.0 0.222 0.0
третий 0.0 0.553 0.0
культурный 0.0 1.046 0.0
религиозный 0.0 1.523 0.0
против 0.002 0.229 0.0
образ 0.0 0.553 0.0
жизнь 0.001 0.319 0.0
христианство 0.0 2.0 0.0
традиционный 0.0 1.222 0.0
ценность 0.0 0.959 0.0
готовый 0.0 0.509 0.0
атеизм 0.0 2.0 0.0
молодёжный 0.001 1.523 0.002
культура 0.0 0.77 0.0
очень 0.003 0.149 0.0
внимание 0.0 0.523 0.0
уделять 0.0 1.699 0.0
решить 0.0 0.398 0.0
сам 0.002 0.137 0.0
начать 0.001 0.276 0.0
начало 0.0 0.26 0.0
70-й 0.0 2.0 0.0
группировка 0.0 1.398 0.0
боевик 0.0 2.0 0.0
самый 0.0 0.208 0.0
больший 0.0 0.328 0.0
называться 0.0 0.699 0.0
montoneros 0.0 2.0 0.0
левый 0.001 1.301 0.001
перонист 0.0 2.0 0.0
устраивать 0.0 0.886 0.0
взрывать 0.0 2.0 0.0
бомба 0.0 1.046 0.0
похищать 0.0 1.398 0.0
полицейский 0.001 1.046 0.001
это 0.017 0.066 0.001
редкий 0.0 0.824 0.0
разовый 0.0 2.0 0.0
акция 0.001 0.745 0.001
ранний 0.0 0.409 0.0
сильный 0.0 0.553 0.0
революционный 0.0 2.0 0.0
объявление 0.0 1.398 0.0
призыв 0.0 0.854 0.0
осудить 0.001 1.523 0.002
радикал 0.0 1.699 0.0
монтонеро 0.0 2.0 0.0
произойти 0.0 0.638 0.0
май 0.001 0.959 0.001
представитель 0.0 0.638 0.0
похитить 0.003 1.523 0.005
бывший 0.0 0.699 0.0
диктатор 0.0 1.398 0.0
педро 0.0 2.0 0.0
эудженио 0.0 2.0 0.0
арамбура 0.0 2.0 0.0
federal 0.0 1.046 0.0
police 0.0 1.155 0.0
june 0.0 2.0 0.0
один 0.003 0.119 0.0
удаваться 0.0 1.097 0.0
занять 0.0 0.921 0.0
квартал 0.0 0.959 0.0
полчаса 0.0 1.301 0.0
малочисленный 0.0 2.0 0.0
представлять 0.0 0.678 0.0
никакой 0.0 0.409 0.0
реальный 0.0 0.638 0.0
угроза 0.001 0.824 0.001
государство 0.0 0.569 0.0
нужно 0.001 0.237 0.0
сконструировать 0.0 1.523 0.0
враг 0.0 1.046 0.0
сеять 0.0 2.0 0.0
паника 0.0 1.155 0.0
страх 0.0 0.796 0.0
общество 0.001 0.602 0.001
повторять 0.0 1.222 0.0
существование 0.0 0.886 0.0
оправдывать 0.0 2.0 0.0
якобы 0.0 0.854 0.0
опасность 0.0 0.854 0.0
превратиться 0.0 0.886 0.0
коммунистический 0.0 1.523 0.0
куба 0.0 1.523 0.0
этот 0.001 0.137 0.0
молодой 0.0 0.854 0.0
телевизор 0.0 0.921 0.0
крутить 0.0 1.699 0.0
реклама 0.001 0.066 0.0
карта 0.0 0.886 0.0
взрываться 0.0 2.0 0.0
разлетаться 0.0 2.0 0.0
кусок 0.0 1.222 0.0
диктор 0.0 2.0 0.0
кто 0.001 0.377 0.0
конкретно 0.0 1.222 0.0
просто 0.004 0.194 0.001
терроризм 0.0 1.301 0.0
тот 0.005 0.131 0.001
согласный 0.0 1.0 0.0
устроиться 0.0 1.398 0.0
маленький 0.0 0.328 0.0
местный 0.0 0.602 0.0
английский 0.0 1.046 0.0
язык 0.0 0.678 0.0
приезжий 0.0 1.699 0.0
главный 0.0 0.276 0.0
редактор 0.001 0.921 0.001
британец 0.002 1.699 0.003
роберт 0.003 1.699 0.005
кокс 0.002 2.0 0.004
небольшой 0.001 0.602 0.001
друг 0.001 0.387 0.0
быть 0.002 0.215 0.0
положить 0.0 1.0 0.0
конец 0.001 0.444 0.0
сторона 0.001 0.347 0.0
„ 0.009 0.62 0.006
левак 0.0 2.0 0.0
“ 0.009 0.432 0.004
джентльмен 0.001 2.0 0.002
сказать 0.003 0.31 0.001
столько 0.0 0.921 0.0
народ 0.0 0.745 0.0
смочь 0.001 0.328 0.0
свой 0.002 0.143 0.0
правление 0.001 1.699 0.002
точно 0.0 0.481 0.0
известно 0.0 0.481 0.0
концлагерь 0.0 1.523 0.0
весь 0.0 0.114 0.0
схватить 0.0 2.0 0.0
кто-то 0.001 0.523 0.001
записать 0.0 0.959 0.0
телефонный 0.0 1.523 0.0
книжка 0.0 1.398 0.0
наслать 0.001 0.066 0.0
че 0.0 2.0 0.0
гевар 0.0 2.0 0.0
длинный 0.001 1.0 0.001
волос 0.001 1.523 0.002
донос 0.0 1.523 0.0
информатор 0.0 2.0 0.0
фотография 0.0 0.553 0.0
дочь 0.0 0.886 0.0
внучка 0.0 1.523 0.0
август 0.0 0.854 0.0
ricardo 0.0 2.0 0.0
ceppi 0.0 2.0 0.0
поначалу 0.0 1.222 0.0
знать 0.003 0.244 0.001
мать 0.002 0.854 0.002
исчезнуть 0.001 1.398 0.001
приходить 0.002 0.824 0.002
пускать 0.0 1.097 0.0
порог 0.0 1.222 0.0
прийти 0.001 0.658 0.001
рассказать 0.0 0.469 0.0
сын 0.002 0.921 0.002
забрать 0.001 1.046 0.001
посреди 0.0 1.398 0.0
ночь 0.0 0.854 0.0
ворваться 0.0 1.301 0.0
ночью 0.001 1.301 0.001
опубликовать 0.001 0.509 0.001
заметка 0.001 1.301 0.001
пара 0.001 0.658 0.001
день 0.003 0.167 0.001
вернуться 0.0 0.638 0.0
подруга 0.0 1.222 0.0
неделя 0.0 0.328 0.0
одинаковый 0.0 1.0 0.0
20–30 0.0 1.398 0.0
скромный 0.0 1.523 0.0
десять 0.001 0.585 0.001
аудитория 0.001 1.097 0.001
основное 0.001 0.553 0.001
консервативный 0.0 1.301 0.0
пожилой 0.0 1.046 0.0
леди 0.0 2.0 0.0
рупор 0.0 1.222 0.0
родственник 0.001 0.745 0.001
desaparecidos 0.0 2.0 0.0
кроме 0.001 0.387 0.0
писать 0.0 0.347 0.0
царить 0.0 1.699 0.0
безразличие 0.0 1.699 0.0
предел 0.0 0.959 0.0
редакция 0.003 0.066 0.0
член 0.001 0.745 0.001
собственный 0.001 0.569 0.001
рок 0.0 1.699 0.0
играть 0.0 0.699 0.0
гитара 0.0 1.699 0.0
дружить 0.0 1.523 0.0
такой 0.002 0.114 0.0
хиппи 0.0 2.0 0.0
выходной 0.0 1.301 0.0
встречаться 0.0 0.824 0.0
blowin 0.0 2.0 0.0
the 0.0 0.481 0.0
wind 0.0 2.0 0.0
песня 0.0 1.097 0.0
led 0.0 1.523 0.0
zeppelin 0.0 2.0 0.0
очередной 0.0 0.796 0.0
менять 0.0 0.886 0.0
тема 0.0 0.678 0.0
фильм 0.0 1.398 0.0
пойти 0.0 0.509 0.0
кино 0.0 1.523 0.0
пропасть 0.002 1.301 0.003
церковь 0.0 1.222 0.0
муж 0.0 1.155 0.0
нервничать 0.0 1.398 0.0
узнать 0.0 0.481 0.0
другой 0.001 0.097 0.0
ребёнок 0.001 0.387 0.0
уволить 0.0 1.301 0.0
снова 0.0 0.678 0.0
двадцать 0.001 0.959 0.001
около 0.001 0.432 0.0
пятьдесят 0.0 1.699 0.0
молча 0.0 1.699 0.0
минута 0.0 0.745 0.0
10–15 0.0 1.699 0.0
держать 0.0 0.824 0.0
рука 0.0 0.62 0.0
уйти 0.002 0.77 0.002
составлять 0.0 0.745 0.0
список 0.0 0.569 0.0
ходить 0.001 0.77 0.001
они 0.001 0.538 0.001
розовый 0.0 1.523 0.0
аналог 0.0 1.523 0.0
кремль 0.0 0.824 0.0
помочь 0.0 0.125 0.0
безумие 0.0 1.398 0.0
смеяться 0.0 1.301 0.0
брошюра 0.0 1.699 0.0
исчезновение 0.001 1.398 0.001
лично 0.001 0.959 0.001
отправлять 0.0 1.0 0.0
читатель 0.0 0.523 0.0
duke 0.001 2.0 0.002
university 0.001 1.301 0.001
library 0.001 2.0 0.002
страница 0.0 0.959 0.0
житель 0.0 0.456 0.0
буэнос-айрес 0.0 1.523 0.0
марсесть 0.0 2.0 0.0
дизель 0.0 2.0 0.0
левин 0.0 2.0 0.0
мирт 0.0 2.0 0.0
нелида 0.0 2.0 0.0
швальб 0.0 2.0 0.0
де 0.0 1.699 0.0
имя 0.001 0.585 0.001
брать 0.002 0.77 0.002
интервью 0.002 0.745 0.001
заключить 0.001 1.097 0.001
выжить 0.0 1.0 0.0
напечатать 0.0 1.523 0.0
ощущать 0.0 1.523 0.0
защитить 0.0 0.721 0.0
непобедимый 0.0 1.699 0.0
пора 0.002 0.357 0.001
пока 0.004 0.208 0.001
преступление 0.001 1.046 0.001
скрытый 0.0 1.398 0.0
стена 0.0 0.921 0.0
молчание 0.0 1.523 0.0
оставаться 0.001 0.387 0.0
тайна 0.0 1.699 0.0
делать 0.0 0.18 0.0
угодный 0.001 1.301 0.001
пугаться 0.0 2.0 0.0
появляться 0.0 0.658 0.0
признаваться 0.0 1.301 0.0
разваливаться 0.0 2.0 0.0
нюрнберг 0.001 2.0 0.002
судья 0.0 1.699 0.0
ты 0.0 1.0 0.0
добрый 0.0 1.398 0.0
постоянно 0.0 0.62 0.0
получать 0.001 0.569 0.001
звонок 0.0 1.222 0.0
минирование 0.0 2.0 0.0
полиция 0.0 1.0 0.0
подавать 0.0 1.301 0.0
заявление 0.0 0.62 0.0
дежурный 0.0 2.0 0.0
принимать 0.0 0.432 0.0
звонить 0.0 0.886 0.0
каждый 0.002 0.244 0.0
какой-то 0.001 0.328 0.0
символ 0.001 1.046 0.001
возвращаться 0.0 0.854 0.0
домой 0.001 0.824 0.001
встретить 0.001 1.097 0.001
двор 0.0 1.398 0.0
явно 0.0 0.959 0.0
штатское 0.0 2.0 0.0
битловский 0.0 2.0 0.0
парик 0.0 2.0 0.0
кожаный 0.0 2.0 0.0
куртка 0.0 1.301 0.0
пытаться 0.001 0.409 0.0
выглядеть 0.0 0.495 0.0
модно 0.0 2.0 0.0
сумка 0.0 1.222 0.0
торчать 0.0 1.699 0.0
магнитный 0.0 1.699 0.0
лента 0.0 1.398 0.0
спросить 0.0 1.222 0.0
сосед 0.0 1.155 0.0
прослушка 0.0 2.0 0.0
коробка 0.0 1.699 0.0
крыша 0.0 1.398 0.0
сходиться 0.0 1.523 0.0
провод 0.0 1.699 0.0
телефон 0.0 0.745 0.0
встречать 0.0 1.222 0.0
ребята 0.0 1.046 0.0
поменять 0.0 1.523 0.0
плёнка 0.0 2.0 0.0
американский 0.0 0.585 0.0
машина 0.0 0.921 0.0
ford 0.002 2.0 0.004
falcon 0.002 1.699 0.003
старый 0.0 0.658 0.0
модель 0.0 0.824 0.0
60-й 0.0 1.699 0.0
продолжать 0.0 0.292 0.0
выпускать 0.0 1.0 0.0
улица 0.001 0.699 0.001
ехать 0.0 1.0 0.0
зелёный 0.0 1.155 0.0
номер 0.0 1.222 0.0
вечер 0.0 1.301 0.0
стоять 0.0 1.0 0.0
два 0.0 0.26 0.0
мужчина 0.0 1.046 0.0
внутри 0.0 0.745 0.0
следить 0.0 0.796 0.0
шаг 0.0 0.886 0.0
автомобиль 0.0 1.301 0.0
mercado 0.0 2.0 0.0
libre 0.0 2.0 0.0
srl 0.0 2.0 0.0
подписывать 0.0 1.046 0.0
washington 0.0 1.301 0.0
post 0.0 1.046 0.0
объявить 0.0 0.553 0.0
корреспондент 0.0 1.046 0.0
находиться 0.0 0.367 0.0
россия 0.002 0.108 0.0
подписываться 0.0 2.0 0.0
опасно 0.0 0.921 0.0
прятать 0.0 2.0 0.0
например 0.0 0.229 0.0
рубрика 0.0 1.523 0.0
вкратце 0.0 2.0 0.0
параграф 0.001 2.0 0.002
урожай 0.0 2.0 0.0
зерновые 0.0 2.0 0.0
политика 0.001 0.602 0.001
получить 0.0 0.328 0.0
пятеро 0.0 1.523 0.0
письмо 0.0 0.854 0.0
любим 0.0 2.0 0.0
твой 0.0 1.046 0.0
папа 0.0 1.155 0.0
плохо 0.0 0.569 0.0
вы 0.0 1.0 0.0
что-нибудь 0.0 1.398 0.0
есть 0.0 1.046 0.0
стоить 0.0 0.469 0.0
уехать 0.001 0.824 0.001
остаться 0.0 0.432 0.0
довести 0.0 1.699 0.0
дело 0.001 0.252 0.0
однажды 0.0 1.301 0.0
остановить 0.0 0.523 0.0
удаться 0.0 0.456 0.0
вырваться 0.0 2.0 0.0
марш 0.0 1.398 0.0
требование 0.0 0.066 0.0
виновный 0.0 1.301 0.0
bna 0.0 2.0 0.0
photographic 0.0 2.0 0.0
alamy 0.0 2.0 0.0
vida 0.001 2.0 0.002
press 0.001 0.824 0.001
вынудить 0.0 0.886 0.0
заниматься 0.001 0.62 0.001
остальной 0.0 0.553 0.0
считать 0.0 0.319 0.0
жалко 0.0 1.523 0.0
отъезд 0.0 1.523 0.0
новый 0.0 0.187 0.0
ситуация 0.001 0.337 0.0
измениться 0.0 0.745 0.0
перестать 0.001 0.678 0.001
прежде 0.001 0.62 0.001
непросто 0.0 1.155 0.0
благодаря 0.0 0.77 0.0
освещать 0.0 1.301 0.0
дневный 0.0 2.0 0.0
тираж 0.0 1.398 0.0
подскочить 0.0 2.0 0.0
видеть 0.0 0.444 0.0
вырезка 0.0 2.0 0.0
магазин 0.0 0.796 0.0
читать 0.0 0.444 0.0
по-английски 0.0 2.0 0.0
равно 0.0 0.638 0.0
покупать 0.0 0.824 0.0
хотеть 0.001 0.102 0.0
право 0.0 0.538 0.0
уменьшиться 0.0 1.699 0.0
помимо 0.0 0.796 0.0
прочее 0.0 1.222 0.0
бизнес-решение 0.0 2.0 0.0
слишком 0.0 0.553 0.0
напугать 0.0 1.398 0.0
порой 0.0 1.398 0.0
страшно 0.0 1.097 0.0
как-то 0.0 0.699 0.0
отец 0.0 1.0 0.0
я 0.001 1.097 0.001
что-то 0.002 0.509 0.001
связаться 0.0 0.066 0.0
сделать 0.001 0.208 0.0
ответить 0.001 0.495 0.0
аргентинец 0.001 1.699 0.002
дипломатический 0.0 1.699 0.0
служба 0.0 0.678 0.0
чувство 0.0 1.155 0.0
ответственность 0.0 0.678 0.0
настаивать 0.0 1.222 0.0
именно 0.0 0.244 0.0
действительно 0.001 0.377 0.0
позвонить 0.0 1.155 0.0
предшествовать 0.0 1.699 0.0
начинать 0.0 0.569 0.0
передать 0.0 0.959 0.0
фолкленд 0.001 2.0 0.002
остров 0.003 1.222 0.004
мальвина 0.0 2.0 0.0
секретный 0.0 1.523 0.0
переговоры 0.001 0.921 0.001
разговор 0.0 0.745 0.0
предлагать 0.0 0.602 0.0
условие 0.0 0.495 0.0
гонконг 0.0 1.699 0.0
признавать 0.0 1.0 0.0
суверенитет 0.0 1.398 0.0
аренда 0.0 2.0 0.0
соглашаться 0.0 1.097 0.0
контакт 0.0 0.886 0.0
реальность 0.002 0.77 0.002
верить 0.0 0.553 0.0
придумать 0.0 0.886 0.0
думать 0.0 0.456 0.0
отдать 0.0 0.959 0.0
отреагировать 0.0 1.155 0.0
далеко 0.0 0.745 0.0
тратить 0.0 1.301 0.0
деньга 0.0 0.602 0.0
вторжение 0.001 0.569 0.001
украина 0.001 0.347 0.0
финальный 0.001 1.523 0.002
битва 0.001 1.301 0.001
путин 0.001 0.523 0.001
максим 0.001 0.796 0.001
трудолюб 0.001 1.523 0.002
проиграть 0.001 1.523 0.002
назад 0.002 0.18 0.0
отправить 0.0 0.959 0.0
воевать 0.0 0.886 0.0
18–19 0.0 2.0 0.0
призывник 0.0 2.0 0.0
должный 0.0 0.201 0.0
подготовка 0.0 0.886 0.0
посылать 0.0 2.0 0.0
оказаться 0.001 0.31 0.0
насквозь 0.0 2.0 0.0
промёрзнуть 0.0 2.0 0.0
южный 0.0 0.854 0.0
атлантика 0.0 2.0 0.0
необходимый 0.0 0.638 0.0
обмундирование 0.0 2.0 0.0
торжествовать 0.0 2.0 0.0
победить 0.001 1.0 0.001
нато 0.0 0.959 0.0
королевский 0.0 1.699 0.0
флот 0.0 1.699 0.0
стереть 0.0 1.523 0.0
земля 0.0 0.796 0.0
просчёт 0.0 2.0 0.0
ожидать 0.001 0.62 0.001
решительный 0.0 1.699 0.0
реакция 0.0 0.678 0.0
помогать 0.0 0.444 0.0
военнопленный 0.0 2.0 0.0
порт-стэнли 0.001 2.0 0.002
столица 0.001 0.854 0.001
фолклендский 0.001 1.699 0.002
июнь 0.001 0.699 0.001
ken 0.001 2.0 0.002
griffiths 0.001 2.0 0.002
куча 0.0 1.155 0.0
выбросить 0.0 1.699 0.0
оружие 0.0 0.921 0.0
из-за 0.001 0.229 0.0
экономический 0.0 0.854 0.0
трудность 0.0 1.155 0.0
пользоваться 0.0 0.886 0.0
лишь 0.001 0.481 0.0
хотя 0.001 0.276 0.0
достаточный 0.0 0.854 0.0
количество 0.0 0.481 0.0
привилегированный 0.0 2.0 0.0
элита 0.0 1.301 0.0
лишиться 0.0 1.097 0.0
быстро 0.0 0.495 0.0
рухнуть 0.001 1.222 0.001
свергнуть 0.0 2.0 0.0
приходиться 0.0 0.745 0.0
ждать 0.0 0.481 0.0
энергичный 0.0 2.0 0.0
властный 0.0 2.0 0.0
зло 0.0 1.301 0.0
недолго 0.001 2.0 0.002
стремление 0.0 1.222 0.0
британия 0.0 2.0 0.0
самоубийство 0.0 1.699 0.0
надоесть 0.0 1.699 0.0
способ 0.0 0.602 0.0
красиво 0.0 1.699 0.0
борьба 0.0 0.658 0.0
пасть 0.0 2.0 0.0
внутренний 0.0 0.745 0.0
сопротивление 0.0 1.301 0.0
восстать 0.0 1.699 0.0
объединиться 0.0 1.699 0.0
добиться 0.0 1.046 0.0
возвращение 0.0 1.155 0.0
демократия 0.0 1.222 0.0
тяжесть 0.0 0.959 0.0
степень 0.0 0.658 0.0
возглавлять 0.0 1.301 0.0
довольно 0.0 0.523 0.0
безумный 0.0 1.699 0.0
леопольдо 0.0 2.0 0.0
галтьерь 0.0 2.0 0.0
отставка 0.0 1.523 0.0
сменить 0.0 1.699 0.0
носить 0.0 0.796 0.0
мундир 0.0 2.0 0.0
гражданский 0.0 0.745 0.0
костюм 0.0 1.699 0.0
рейнальдо 0.0 2.0 0.0
биньон 0.0 2.0 0.0
диалог 0.0 1.301 0.0
политик 0.0 1.155 0.0
пригласить 0.0 1.398 0.0
составить 0.0 0.658 0.0
план 0.0 0.658 0.0
выборы 0.0 1.222 0.0
некоторый 0.0 0.222 0.0
итог 0.0 0.509 0.0
состояться 0.0 1.301 0.0
действовать 0.0 0.602 0.0
избранный 0.0 1.699 0.0
рауль 0.0 2.0 0.0
альфонсина 0.0 2.0 0.0
джентльменский 0.0 2.0 0.0
соглашение 0.0 1.155 0.0
судить 0.001 0.585 0.001
повезти 0.0 0.854 0.0
демократически 0.0 2.0 0.0
альфонсин 0.0 2.0 0.0
судебный 0.001 1.523 0.002
процесс 0.001 0.538 0.001
следственный 0.0 1.398 0.0
комиссия 0.0 1.222 0.0
расследование 0.0 1.0 0.0
предстать 0.0 2.0 0.0
суд 0.001 1.097 0.001
свидетель 0.001 1.301 0.001
апрель 0.0 0.886 0.0
telam 0.0 2.0 0.0
осуждение 0.0 1.699 0.0
главарь 0.0 2.0 0.0
низкий 0.0 0.638 0.0
ранг 0.0 1.699 0.0
возникнуть 0.0 0.77 0.0
мятеж 0.0 2.0 0.0
давление 0.0 0.699 0.0
издали 0.0 2.0 0.0
особый 0.0 0.745 0.0
закон 0.001 0.658 0.001
амнистия 0.0 2.0 0.0
запретить 0.0 0.77 0.0
отменить 0.0 0.921 0.0
лишний 0.0 1.097 0.0
участвовать 0.0 0.569 0.0
сей 0.0 0.456 0.0
сорок 0.0 1.699 0.0
выступать 0.0 0.658 0.0
2017-м 0.0 2.0 0.0
число 0.0 0.201 0.0
основание 0.0 0.569 0.0
проводить 0.0 0.509 0.0
внешний 0.0 0.959 0.0
проявить 0.0 1.398 0.0
хороший 0.0 0.377 0.0
палач 0.0 1.699 0.0
уход 0.0 1.155 0.0
изучать 0.0 0.854 0.0
скрываться 0.0 1.046 0.0
многий 0.0 0.495 0.0
личный 0.0 0.678 0.0
помощник 0.0 1.398 0.0
геббельс 0.0 2.0 0.0
риббентроп 0.0 2.0 0.0
рейхсканцелярия 0.0 2.0 0.0
знакомый 0.0 0.854 0.0
гитлер 0.0 1.097 0.0
эмпатия 0.0 1.699 0.0
вызывать 0.0 0.523 0.0
эмоция 0.0 1.155 0.0
крайний 0.0 0.602 0.0
жестокость 0.0 2.0 0.0
вечеринка 0.0 1.523 0.0
танцевать 0.0 1.523 0.0
хозяин 0.0 1.097 0.0
герой 0.0 1.046 0.0
понять 0.0 0.495 0.0
разница 0.0 0.77 0.0
училище 0.0 2.0 0.0
убийца 0.0 1.699 0.0
среди 0.0 0.42 0.0
вероятно 0.0 0.699 0.0
пытать 0.0 2.0 0.0
приказать 0.0 2.0 0.0
настоящий 0.0 0.585 0.0
шанс 0.0 0.638 0.0
изнасиловать 0.0 2.0 0.0
любой 0.0 0.319 0.0
случаться 0.0 1.155 0.0
привозить 0.0 1.523 0.0
девушка 0.0 0.959 0.0
нравиться 0.0 1.699 0.0
отказать 0.0 1.155 0.0
подобный 0.0 0.721 0.0
структура 0.0 0.745 0.0
привлекать 0.0 1.301 0.0
склонный 0.0 1.699 0.0
склонность 0.0 2.0 0.0
реализовать 0.0 1.398 0.0
мера 0.0 0.377 0.0
позволять 0.0 0.585 0.0
воображать 0.0 1.699 0.0
меняться 0.0 0.854 0.0
становиться 0.0 0.553 0.0
совершенно 0.0 0.678 0.0
безвредный 0.0 1.699 0.0
словно 0.0 1.398 0.0
рубильник 0.0 2.0 0.0
выключить 0.0 1.523 0.0
переехать 0.0 1.398 0.0
отыскивать 0.0 2.0 0.0
еврей 0.0 1.699 0.0
большинство 0.0 0.509 0.0
контроль 0.0 0.585 0.0
жажда 0.0 2.0 0.0
признать 0.0 0.658 0.0
нормальный 0.0 0.77 0.0
переезд 0.0 1.523 0.0
гулять 0.0 1.523 0.0
незнакомый 0.0 1.699 0.0
широкий 0.0 0.921 0.0
проспект 0.0 1.523 0.0
увидеть 0.0 0.553 0.0
белый 0.0 1.0 0.0
обелиск 0.0 2.0 0.0
высокий 0.0 0.495 0.0
вокруг 0.0 0.721 0.0
вращаться 0.0 2.0 0.0
гигантский 0.0 1.523 0.0
кольцо 0.0 1.222 0.0
надпись 0.0 1.222 0.0
el 0.0 2.0 0.0
silencio 0.0 2.0 0.0
es 0.0 2.0 0.0
salud 0.0 2.0 0.0
тишина 0.001 1.301 0.001
здоровье 0.0 0.796 0.0
выяснять 0.0 1.699 0.0
значит 0.0 0.444 0.0
слоган 0.0 2.0 0.0
кампания 0.0 0.699 0.0
водитель 0.0 1.398 0.0
злоупотреблять 0.0 1.523 0.0
клаксон 0.0 2.0 0.0
чиновник 0.0 1.0 0.0
1940-й 0.0 1.097 0.0
сбежать 0.0 1.398 0.0
стенд 0.0 1.699 0.0
помещение 0.0 0.854 0.0
вести 0.0 0.553 0.0
портрет 0.0 1.523 0.0
живой 0.0 0.553 0.0
andrew 0.0 1.699 0.0
hasson 0.0 2.0 0.0
нацизм 0.0 1.155 0.0
холокост 0.0 1.398 0.0
вещь 0.001 0.62 0.001
использовать 0.0 0.319 0.0
качество 0.0 0.553 0.0
доказательство 0.0 0.824 0.0
неправильно 0.0 1.398 0.0
повторяться 0.0 1.398 0.0
подготовиться 0.0 1.155 0.0
снизить 0.0 0.854 0.0
ущерб 0.0 1.398 0.0
насколько 0.0 0.42 0.0
возможно 0.0 0.398 0.0
диктаторский 0.0 2.0 0.0
полноценный 0.0 1.046 0.0
франко 0.0 2.0 0.0
испания 0.0 1.222 0.0
кастро 0.0 2.0 0.0
продержаться 0.0 1.523 0.0
40–50 0.0 1.523 0.0
обычно 0.0 0.523 0.0
бдительный 0.0 2.0 0.0
участник 0.0 0.658 0.0
задерживать 0.0 1.301 0.0
означать 0.0 0.585 0.0
живо 0.0 2.0 0.0
следующий 0.0 0.553 0.0
наступать 0.0 1.097 0.0
переставать 0.0 1.155 0.0
уверить 0.0 0.959 0.0
протест 0.001 0.745 0.001
почему 0.001 0.337 0.0
стотысячный 0.001 1.523 0.002
митинг 0.001 1.0 0.001
объяснять 0.001 0.538 0.001
социолог 0.001 1.398 0.001
григорий 0.001 1.523 0.002
юдин 0.001 1.523 0.002
больница 0.001 0.495 0.0
антивоенный 0.001 0.796 0.001
24/7 0.0 0.102 0.0
интерес 0.0 0.155 0.0
читателейн 0.0 0.174 0.0
срочно 0.0 0.167 0.0
артём 0.0 1.046 0.0
ефим 0.0 2.0 0.0
кодекс 0.0 0.066 0.0
блог 0.0 0.066 0.0
meduzacare 0.0 0.066 0.0
анонимно 0.0 0.066 0.0
платформа 0.001 0.066 0.0
ios 0.0 0.066 0.0
android 0.0 0.066 0.0
инстаграм 0.0 0.066 0.0
twitter 0.0 0.0 0.0
facebook 0.0 0.0 0.0
вконтакте 0.0 0.066 0.0
youtube 0.0 0.06 0.0
– 0.0 0.06 0.0
live 0.0 0.022 0.0
вечерний 0.0 0.066 0.0
вообще 0.0 0.066 0.0
баннер 0.0 0.066 0.0
безопасно 0.0 0.066 0.0
персональный 0.0 0.066 0.0
дать 0.0 0.066 0.0
правило 0.0 0.066 0.0
обработка 0.0 0.066 0.0
использование 0.0 0.066 0.0
кук 0.0 0.066 0.0
ошибка 0.0 0.066 0.0
выделить 0.0 0.066 0.0
нажать 0.0 0.066 0.0
ctrl+enter 0.0 0.066 0.0
спасибоgiphyз 0.0 0.066 0.0
гифка 0.0 0.066 0.0
© 0.0 0.0 0.0
