перейти 0.001 0.066 0.0
материал 0.003 0.066 0.0
связь 0.001 0.0 0.0
новостиисторииразборшапитокоронавирусмагаз 0.001 0.066 0.0
медуза 0.019000000000000003 0.066 0.001
рекламаmeduza 0.001 0.066 0.0
in 0.001 0.0 0.0
english 0.001 0.06 0.0
показывать 0.001 0.066 0.0
порядок 0.001 0.066 0.0
en 0.001 0.066 0.0
кнопка 0.001 0.066 0.0
поддержка 0.008 0.066 0.001
история 0.001 0.26 0.0
буква 0.012 1.046 0.013
z 0.024 1.046 0.025
официальный 0.006 0.538 0.003
зловещий 0.001 1.398 0.001
символ 0.004 1.046 0.004
российский 0.009000000000000001 0.071 0.001
вторжение 0.003 0.569 0.002
украина 0.007 0.347 0.002
попытаться 0.001 0.854 0.001
выяснить 0.002 0.824 0.002
это 0.01 0.066 0.001
придумать 0.004 0.886 0.004
получиться 0.001 0.745 0.001
март 0.009 0.284 0.003
источник 0.007 0.167 0.001
meduza 0.002 0.0 0.0
данный 0.001 0.097 0.0
сообщение 0.001 0.102 0.0
создать 0.002 0.097 0.0
распространить 0.001 0.102 0.0
иностранный 0.002 0.097 0.0
средство 0.001 0.097 0.0
массовый 0.002 0.097 0.0
информация 0.001 0.102 0.0
выполнять 0.001 0.097 0.0
функция 0.001 0.097 0.0
агент 0.001 0.097 0.0
юридический 0.001 0.102 0.0
лицо 0.001 0.086 0.0
мы 0.002 0.066 0.0
нужный 0.001 0.086 0.0
ваш 0.001 0.081 0.0
помощь 0.001 0.071 0.0
пожалуйста 0.001 0.102 0.0
поддержать 0.002 0.066 0.0
военный 0.007 0.444 0.003
техника 0.004 1.046 0.004
литера 0.002 2.0 0.004
село 0.001 1.222 0.001
бугаснуть 0.001 2.0 0.002
волновахский 0.001 1.699 0.002
район 0.002 0.678 0.001
донецкий 0.001 1.155 0.001
область 0.004 0.523 0.002
который 0.010000000000000002 0.071 0.001
находиться 0.002 0.367 0.001
контроль 0.001 0.585 0.001
пророссийский 0.001 1.222 0.001
сила 0.003 0.456 0.001
год 0.006 0.119 0.001
alexander 0.001 1.155 0.001
ermochenko 0.001 1.699 0.002
reuters 0.001 0.745 0.001
scanpix 0.002 0.301 0.001
leta 0.002 0.301 0.001
первый 0.002 0.143 0.0
снимок 0.001 1.222 0.001
видео 0.001 0.678 0.001
запечатлеть 0.001 1.699 0.002
непонятный 0.001 1.523 0.002
маркировка 0.003 1.699 0.005
борт 0.002 1.699 0.003
появиться 0.002 0.367 0.001
соцсеть 0.004 0.824 0.003
несколько 0.006 0.187 0.001
неделя 0.002 0.328 0.001
начало 0.003 0.26 0.001
война 0.006 0.357 0.002
частый 0.002 0.523 0.001
встречаться 0.001 0.824 0.001
латинский 0.004 1.523 0.006
квадрат 0.001 2.0 0.002
также 0.004 0.237 0.001
заметить 0.002 0.886 0.002
v. 0.001 2.0 0.002
скорее 0.001 0.509 0.001
использоваться 0.002 0.585 0.001
тактический 0.002 1.523 0.003
позволять 0.001 0.585 0.001
различать 0.001 1.398 0.001
разный 0.002 0.276 0.001
округ 0.001 1.301 0.001
россия 0.007 0.108 0.001
однако 0.002 0.337 0.001
день 0.006 0.167 0.001
v 0.003 0.699 0.002
особенно 0.001 0.553 0.001
стать 0.004 0.149 0.001
символика 0.005 1.398 0.007
спецоперация 0.004 1.222 0.005
именно 0.003 0.244 0.001
сделать 0.003 0.208 0.001
один 0.004 0.119 0.0
ключевой 0.001 0.886 0.001
элемент 0.001 1.301 0.001
пропаганда 0.002 0.745 0.001
точно 0.001 0.481 0.0
неизвестно 0.001 0.77 0.001
организатор 0.005 1.301 0.007
акция 0.013000000000000001 0.745 0.01
якобы 0.001 0.854 0.001
стихийный 0.002 1.699 0.003
флешмоб 0.005 2.0 0.01
регион 0.008 0.638 0.005
поручить 0.001 1.301 0.001
изобразить 0.002 1.699 0.003
всеобщий 0.001 1.523 0.002
народный 0.003 0.959 0.003
понимать 0.002 0.42 0.001
означать 0.001 0.585 0.001
разыскать 0.001 2.0 0.002
человек 0.005 0.092 0.0
утверждать 0.001 0.658 0.001
этот 0.002 0.137 0.0
идея 0.004 0.585 0.002
принадлежать 0.002 1.097 0.002
единомышленник 0.001 1.398 0.001
государственный 0.005 0.523 0.003
просто 0.002 0.194 0.0
взять 0.002 0.553 0.001
вооружение 0.001 1.398 0.001
активный 0.001 0.796 0.001
фаза 0.001 0.796 0.001
начать 0.001 0.276 0.0
появляться 0.003 0.658 0.002
фотография 0.001 0.553 0.001
особый 0.001 0.745 0.001
нанести 0.002 1.222 0.002
широкий 0.001 0.921 0.001
мазок 0.001 2.0 0.002
белый 0.002 1.0 0.002
краска 0.002 2.0 0.004
гаубица 0.001 1.699 0.002
танк 0.001 0.854 0.001
грузовик 0.001 1.523 0.002
другой 0.003 0.097 0.0
треугольник 0.001 2.0 0.002
значение 0.002 0.721 0.001
сначала 0.002 0.602 0.001
неясный 0.001 1.523 0.002
эксперт 0.001 0.745 0.001
выдвигать 0.001 1.699 0.002
версия 0.002 0.77 0.002
склоняться 0.001 1.523 0.002
тот 0.003 0.131 0.0
такой 0.004 0.114 0.0
образ 0.002 0.553 0.001
указываться 0.001 1.699 0.002
принадлежность 0.001 1.523 0.002
западный 0.001 0.553 0.001
восточный 0.001 1.046 0.001
южный 0.001 0.854 0.001
сам 0.006 0.137 0.001
министерство 0.004 1.046 0.004
оборона 0.004 0.959 0.004
давать 0.002 0.31 0.001
никакой 0.002 0.409 0.001
публичный 0.001 1.097 0.001
объяснение 0.002 1.0 0.002
выпустить 0.001 0.699 0.001
пост 0.003 0.638 0.002
упоминание 0.001 1.523 0.002
свой 0.007 0.143 0.001
понятный 0.001 0.959 0.001
заявление 0.002 0.62 0.001
пропагандистский 0.001 1.222 0.001
лозунг 0.002 1.398 0.003
например 0.002 0.229 0.0
zаканчивать 0.001 2.0 0.002
zа 0.001 2.0 0.002
мир 0.002 0.26 0.001
обычный 0.002 0.509 0.001
написание 0.001 2.0 0.002
затем 0.001 0.678 0.001
замена 0.001 1.222 0.001
кириллический 0.003 2.0 0.006
з 0.001 2.0 0.002
хештег 0.002 2.0 0.004
инстаграм 0.003 0.066 0.0
минобороны 0.003 1.046 0.003
рф 0.005 0.745 0.004
дело 0.001 0.252 0.0
вступить 0.001 1.155 0.001
smm-специалист 0.001 1.699 0.002
неформальный 0.001 1.699 0.002
фактически 0.001 0.721 0.001
среди 0.002 0.42 0.001
сторонник 0.001 1.0 0.001
власть 0.006 0.31 0.002
добавлять 0.001 1.097 0.001
никнейм 0.001 2.0 0.002
заменять 0.001 1.301 0.001
название 0.005 0.745 0.004
аккаунт 0.001 1.222 0.001
ставить 0.002 0.886 0.002
аватарка 0.001 2.0 0.002
частность 0.001 0.678 0.001
телеграм-канал 0.002 1.222 0.002
радикальный 0.001 1.523 0.002
православный 0.001 1.398 0.001
движение 0.001 0.921 0.001
сорок 0.002 1.699 0.003
называться 0.001 0.699 0.001
zорок 0.002 2.0 0.004
канал 0.003 0.699 0.002
август 0.001 0.854 0.001
выкладывать 0.001 1.523 0.002
личный 0.002 0.678 0.001
дать 0.002 0.066 0.0
участник 0.003 0.658 0.002
протест 0.002 0.745 0.001
против 0.001 0.229 0.0
отказ 0.002 0.77 0.002
регистрация 0.001 0.854 0.001
оппозиционный 0.001 1.523 0.002
кандидат 0.001 1.699 0.002
мосгордума 0.001 2.0 0.002
товарищ 0.001 1.523 0.002
майор 0.001 2.0 0.002
форма 0.002 0.62 0.001
выйти 0.001 0.456 0.0
церемония 0.001 1.699 0.002
награждение 0.001 2.0 0.002
гимнаст 0.001 2.0 0.002
иван 0.001 1.523 0.002
куляк 0.002 2.0 0.004
занять 0.001 0.921 0.001
третий 0.001 0.553 0.001
место 0.001 0.409 0.0
соревнование 0.001 1.699 0.002
доха 0.001 2.0 0.002
международный 0.002 0.569 0.001
федерация 0.002 1.0 0.002
гимнастика 0.001 2.0 0.002
потребовать 0.001 1.097 0.001
открыть 0.001 0.538 0.001
дисциплинарный 0.001 2.0 0.002
расследование 0.001 1.0 0.001
шокировать 0.001 1.301 0.001
поведение 0.001 1.222 0.001
губернатор 0.003 1.222 0.004
кемеровский 0.001 1.699 0.002
сергей 0.004 0.796 0.003
цивилёв 0.002 2.0 0.004
объявить 0.001 0.553 0.001
областной 0.001 1.699 0.002
правительство 0.003 0.678 0.002
писаться 0.002 2.0 0.004
куzбасс 0.001 2.0 0.002
слово 0.006 0.268 0.002
знак 0.001 1.301 0.001
наш 0.003 0.337 0.001
боец 0.001 1.523 0.002
участвовать 0.002 0.569 0.001
логотип 0.001 1.523 0.002
сайт 0.002 0.658 0.001
поставить 0.002 0.796 0.002
законодательный 0.001 2.0 0.002
собрание 0.001 1.398 0.001
правда 0.002 0.456 0.001
насколько 0.001 0.42 0.0
судить 0.001 0.585 0.001
опубликовать 0.001 0.509 0.001
постановление 0.001 1.523 0.002
кузбасс 0.002 2.0 0.004
документ 0.001 0.678 0.001
остаться 0.001 0.432 0.0
антивоенный 0.003 0.796 0.002
сотрудница 0.001 1.398 0.001
ворваться 0.001 1.301 0.001
эфир 0.001 0.959 0.001
программа 0.001 0.824 0.001
время 0.003 0.086 0.0
призыв 0.001 0.854 0.001
остановить 0.001 0.523 0.001
задержать 0.001 0.959 0.001
назад 0.002 0.18 0.0
внедрять 0.001 1.699 0.002
одновременно 0.001 0.796 0.001
организовать 0.006 0.921 0.006
мероприятие 0.002 1.046 0.002
выстраиваться 0.001 1.398 0.001
фигура 0.001 1.398 0.001
вид 0.001 0.398 0.0
z. 0.001 1.398 0.001
обсуждать 0.001 0.745 0.001
событие 0.001 0.509 0.001
казань 0.001 1.523 0.002
сперва 0.001 1.523 0.002
подопечный 0.001 1.699 0.002
выстроить 0.001 1.155 0.001
местный 0.008 0.602 0.005
детский 0.001 0.77 0.001
хоспис 0.001 2.0 0.002
торговый 0.002 1.046 0.002
центр 0.005 0.432 0.002
kazan 0.001 1.523 0.002
mall 0.001 1.699 0.002
пройти 0.004 0.387 0.002
студент 0.005 1.097 0.005
казанский 0.002 2.0 0.004
институт 0.005 0.77 0.004
культура 0.002 0.77 0.002
казгик 0.001 2.0 0.002
одетый 0.001 1.398 0.001
белые 0.001 1.523 0.002
балахон 0.001 2.0 0.002
приколоть 0.001 2.0 0.002
георгиевский 0.001 2.0 0.002
ленточка 0.001 1.699 0.002
вскидывать 0.002 2.0 0.004
воздух 0.001 0.886 0.001
попеременно 0.001 2.0 0.002
правый 0.001 1.046 0.001
левый 0.001 1.301 0.001
рука 0.002 0.62 0.001
сжатый 0.001 1.699 0.002
кулак 0.001 1.699 0.002
скандировать 0.001 1.699 0.002
исполнять 0.001 1.398 0.001
песня 0.002 1.097 0.002
олег 0.001 1.301 0.001
газманов 0.001 1.699 0.002
вперёд 0.001 1.398 0.001
условие 0.002 0.495 0.001
анонимность 0.003 1.301 0.004
поговорить 0.001 0.62 0.001
буквально 0.001 0.886 0.001
час 0.001 0.538 0.001
утром 0.001 1.046 0.001
никто 0.003 0.432 0.001
знать 0.002 0.244 0.0
оно 0.001 0.444 0.0
разослать 0.001 1.699 0.002
текст 0.001 0.62 0.001
попросить 0.001 0.699 0.001
выучить 0.001 2.0 0.002
объяснять 0.003 0.538 0.002
причина 0.002 0.398 0.001
репетиция 0.001 2.0 0.002
сказать 0.002 0.31 0.001
вечером 0.001 1.398 0.001
идти 0.004 0.222 0.001
собираться 0.002 0.602 0.001
фойе 0.001 2.0 0.002
весь 0.003 0.114 0.0
иначе 0.001 0.745 0.001
быть 0.001 0.215 0.0
больший 0.001 0.328 0.0
проблема 0.001 0.347 0.0
написать 0.001 0.62 0.001
представитель 0.002 0.638 0.001
деканат 0.001 2.0 0.002
староста 0.001 2.0 0.002
группа 0.003 0.387 0.001
ознакомиться 0.001 1.523 0.002
переписка 0.002 1.222 0.002
какой 0.001 0.357 0.0
санкция 0.001 0.62 0.001
пропустить 0.001 1.155 0.001
известно 0.001 0.481 0.0
вопрос 0.004 0.276 0.001
пресс-служба 0.001 1.155 0.001
ответить 0.002 0.495 0.001
инициатива 0.005 1.046 0.005
объяснить 0.001 0.602 0.001
появление 0.001 0.699 0.001
шапка 0.001 1.699 0.002
вуз 0.002 1.398 0.003
zамир 0.001 1.699 0.002
казzгик 0.001 2.0 0.002
число 0.001 0.201 0.0
использование 0.002 0.066 0.0
административный 0.001 1.222 0.001
ресурс 0.003 0.796 0.002
минимум 0.001 0.77 0.001
субъект 0.001 1.699 0.002
иметь 0.002 0.337 0.001
отношение 0.002 0.509 0.001
управление 0.003 0.824 0.002
цур 0.003 2.0 0.006
томск 0.002 2.0 0.004
участие 0.001 0.638 0.001
провести 0.002 0.538 0.001
урок 0.001 1.699 0.002
школа 0.002 0.699 0.001
ученик 0.001 1.301 0.001
справедливость 0.001 1.222 0.001
неизбежность 0.001 2.0 0.002
путин 0.002 0.523 0.001
каждый 0.001 0.244 0.0
задача 0.001 0.77 0.001
упростить 0.001 1.523 0.002
коммуникация 0.001 1.155 0.001
гражданин 0.001 0.553 0.001
чиновник 0.004 1.0 0.004
мониторинг 0.001 1.155 0.001
обработка 0.002 0.066 0.0
жалоба 0.001 1.222 0.001
житель 0.001 0.456 0.0
реальность 0.001 0.77 0.001
хакасия 0.003 1.699 0.005
представлять 0.001 0.678 0.001
себя 0.001 0.62 0.001
цензурный 0.001 1.699 0.002
ведомство 0.002 0.796 0.002
сми 0.003 0.602 0.002
рассказать 0.002 0.469 0.001
бывший 0.001 0.699 0.001
сотрудник 0.008 0.658 0.005
республика 0.004 0.921 0.004
патриотический 0.001 1.699 0.002
автопробег 0.005 2.0 0.01
z-символика 0.001 2.0 0.002
томский 0.002 1.699 0.003
непосредственно 0.001 0.959 0.001
сразу 0.001 0.553 0.001
структура 0.001 0.745 0.001
сообщить 0.002 0.638 0.001
близкий 0.007 0.347 0.002
десять 0.001 0.585 0.001
устраивать 0.002 0.886 0.002
мэрия 0.002 1.523 0.003
администрация 0.003 0.959 0.003
районный 0.001 1.398 0.001
отделение 0.001 1.046 0.001
молодой 0.001 0.854 0.001
гвардия 0.001 1.699 0.002
единый 0.002 0.959 0.002
мгер 0.001 2.0 0.002
штаб 0.001 1.155 0.001
мывместе 0.001 2.0 0.002
связанный 0.002 0.745 0.001
партия 0.003 0.921 0.003
выступить 0.001 0.721 0.001
союз 0.001 0.886 0.001
ветеран 0.001 1.699 0.002
афганистан 0.001 1.523 0.002
рсв 0.001 2.0 0.002
действовать 0.003 0.602 0.002
совместно 0.001 1.301 0.001
мвд 0.001 1.398 0.001
передать 0.001 0.959 0.001
сверху 0.001 1.155 0.001
готовый 0.001 0.509 0.001
баннер 0.002 0.066 0.0
флаг 0.003 1.0 0.003
рассказывать 0.002 0.337 0.001
автомобильный 0.001 1.523 0.002
крым 0.001 0.854 0.001
мальгавкий 0.001 1.699 0.002
тасс 0.002 0.699 0.001
армия 0.003 0.721 0.002
краснодар 0.001 2.0 0.002
николай 0.001 1.097 0.001
хижняк 0.001 2.0 0.002
прошедший 0.001 1.523 0.002
столица 0.001 0.854 0.001
абакан 0.001 2.0 0.002
курировать 0.001 1.699 0.002
пожелать 0.002 1.523 0.003
сохранить 0.002 0.796 0.002
спортсмен 0.001 1.398 0.001
активист 0.002 1.155 0.002
общероссийский 0.001 2.0 0.002
фронт 0.001 1.155 0.001
онф 0.001 2.0 0.002
„ 0.002 0.62 0.001
“ 0.002 0.432 0.001
горожанин 0.001 1.523 0.002
решить 0.001 0.398 0.0
высказать 0.001 1.155 0.001
уважение 0.001 1.523 0.002
восхищение 0.001 2.0 0.002
ополченец 0.001 2.0 0.002
донбасс 0.001 0.959 0.001
информационный 0.001 0.854 0.001
агентство 0.002 0.824 0.002
лояльный 0.001 1.699 0.002
руководство 0.002 0.796 0.002
политический 0.001 0.658 0.001
подчеркнуть 0.001 1.398 0.001
издание 0.001 0.481 0.0
формальный 0.001 1.222 0.001
исполнитель 0.001 1.398 0.001
называть 0.003 0.432 0.001
некоторый 0.002 0.222 0.0
предприниматель 0.002 1.155 0.002
уточнять 0.001 1.222 0.001
получать 0.001 0.569 0.001
команда 0.001 1.222 0.001
абаканский 0.001 2.0 0.002
журналист 0.003 0.481 0.001
скрыть 0.001 1.398 0.001
имя 0.001 0.585 0.001
отметить 0.001 0.886 0.001
выступать 0.001 0.658 0.001
самодельный 0.001 1.523 0.002
признаваться 0.001 1.301 0.001
федеральный 0.001 0.959 0.001
республиканский 0.003 1.699 0.005
происходить 0.001 0.301 0.0
уровень 0.001 0.367 0.0
тип 0.001 0.796 0.001
захотеть 0.001 1.222 0.001
заказать 0.001 1.699 0.002
наклейка 0.001 1.699 0.002
машина 0.001 0.921 0.001
ветвь 0.001 1.523 0.002
брать 0.002 0.77 0.002
делать 0.002 0.18 0.0
значок 0.002 1.699 0.003
накануне 0.001 1.046 0.001
женский 0.001 1.699 0.002
редакция 0.003 0.066 0.0
получить 0.002 0.328 0.001
рекомендация 0.001 0.678 0.001
освещать 0.001 1.301 0.001
z-автопробег 0.001 2.0 0.002
аппарат 0.001 1.097 0.001
следующий 0.001 0.553 0.001
среда 0.001 1.222 0.001
глава 0.002 0.658 0.001
валентин 0.001 1.699 0.002
коновалов 0.001 2.0 0.002
публика 0.001 1.398 0.001
лацкан 0.001 1.699 0.002
пиджак 0.002 1.699 0.003
одежда 0.001 0.921 0.001
вскоре 0.001 1.0 0.001
украсить 0.001 1.523 0.002
здание 0.003 0.854 0.003
национальный 0.001 0.77 0.001
музей 0.001 1.398 0.001
собеседник 0.005 1.097 0.005
обозначать 0.001 1.699 0.002
отвечать 0.001 0.456 0.0
заученный 0.001 2.0 0.002
фраза 0.001 1.046 0.001
значит 0.001 0.444 0.0
выполнить 0.001 1.301 0.001
вдаваться 0.001 1.699 0.002
истинный 0.001 1.155 0.001
билборд 0.002 2.0 0.004
стикер 0.001 2.0 0.002
подконтрольный 0.001 1.301 0.001
оставаться 0.001 0.387 0.0
догадываться 0.001 1.523 0.002
хакасский 0.001 2.0 0.002
беседа 0.002 1.222 0.002
предположить 0.001 0.886 0.001
отсылка 0.001 1.523 0.002
немецкий 0.001 0.699 0.001
zeit 0.001 1.699 0.002
прийти 0.002 0.658 0.001
вспоминать 0.001 1.0 0.001
клип 0.001 1.222 0.001
rammstein 0.001 1.699 0.002
националист 0.001 1.301 0.001
пытаться 0.002 0.409 0.001
собственный 0.002 0.569 0.001
согласовать 0.001 1.301 0.001
отказать 0.001 1.155 0.001
публицист 0.001 2.0 0.002
егор 0.001 1.523 0.002
холмогоров 0.001 2.0 0.002
шествие 0.001 2.0 0.002
политика 0.002 0.602 0.001
президент 0.003 0.523 0.002
дума 0.001 2.0 0.002
триумфальный 0.001 2.0 0.002
площадь 0.001 1.046 0.001
москва 0.002 0.523 0.001
предупреждение 0.001 1.155 0.001
городской 0.001 1.046 0.001
прокуратура 0.001 1.523 0.002
устроить 0.001 0.854 0.001
дедлайн 0.001 1.699 0.002
мой 0.001 0.585 0.001
коллега 0.001 0.796 0.001
расчеловечивание 0.001 1.699 0.002
эпизод 0.001 1.222 0.001
говорить 0.003 0.18 0.001
сегодня 0.001 0.638 0.001
проходить 0.001 0.495 0.0
использовать 0.001 0.319 0.0
считать 0.002 0.319 0.001
качество 0.002 0.553 0.001
внутриполитический 0.001 1.523 0.002
блок 0.002 1.222 0.002
ап 0.004 1.523 0.006
заверить 0.001 1.699 0.002
креатив 0.001 1.699 0.002
операция 0.003 0.721 0.002
двое 0.001 1.155 0.001
назвать 0.001 0.569 0.001
пиар-блок 0.001 2.0 0.002
советник 0.002 1.097 0.002
министр 0.002 0.886 0.002
шойгу 0.001 1.398 0.001
андрей 0.003 1.046 0.003
ильницкий 0.002 2.0 0.004
согласный 0.001 1.0 0.001
мнение 0.001 0.509 0.001
работа 0.002 0.357 0.001
пиарщик 0.001 1.699 0.002
создавать 0.001 0.796 0.001
имидж 0.001 2.0 0.002
работать 0.002 0.102 0.0
rt 0.002 0.824 0.002
главный 0.001 0.276 0.0
редактор 0.001 0.921 0.001
маргарита 0.002 1.222 0.002
симоньян 0.002 1.398 0.003
дизайнер 0.001 1.699 0.002
телеканал 0.001 0.854 0.001
одобрить 0.001 1.0 0.001
многое 0.001 0.886 0.001
ознакомить 0.001 1.699 0.002
владимир 0.001 0.523 0.001
понравиться 0.001 1.398 0.001
руководить 0.001 1.398 0.001
действительно 0.002 0.377 0.001
разработать 0.001 0.959 0.001
айдентик 0.001 2.0 0.002
товар 0.001 1.097 0.001
стилизованный 0.001 2.0 0.002
грубо 0.001 1.046 0.001
намалевать 0.001 2.0 0.002
бронемашина 0.001 2.0 0.002
продаваться 0.001 1.699 0.002
онлайн-магазин 0.001 2.0 0.002
c 0.001 1.046 0.001
февраль 0.001 0.337 0.0
прочитать 0.001 0.796 0.001
корреспондент 0.001 1.046 0.001
возможный 0.001 0.523 0.001
причастность 0.001 1.398 0.001
кампания 0.001 0.699 0.001
вместо 0.001 0.77 0.001
ответ 0.001 0.432 0.0
разместить 0.001 1.398 0.001
скриншот 0.002 1.523 0.003
запрос 0.002 1.301 0.003
комментарий 0.001 1.046 0.001
регулярно 0.001 1.0 0.001
неожиданный 0.001 1.523 0.002
повод 0.002 0.553 0.001
гордиться 0.001 1.398 0.001
сочувствовать 0.001 2.0 0.002
орфография 0.001 2.0 0.002
организация 0.001 0.509 0.001
часто 0.001 0.456 0.0
публиковать 0.001 0.638 0.001
независимый 0.001 0.409 0.0
отреагировать 0.001 1.155 0.001
санкт-петербург 0.001 1.301 0.001
автор 0.002 0.62 0.001
бизнесмен 0.001 1.398 0.001
евгений 0.002 1.097 0.002
пригожин 0.002 2.0 0.004
отрицать 0.001 1.222 0.001
продвижение 0.002 1.155 0.002
творение 0.001 2.0 0.002
повар 0.002 2.0 0.004
бросать 0.001 1.523 0.002
биться 0.001 1.222 0.001
приватизировать 0.001 2.0 0.002
будущий 0.001 1.222 0.001
победы… 0.001 2.0 0.002
позволить 0.001 0.62 0.001
говно 0.001 2.0 0.002
смешать 0.001 2.0 0.002
уверять 0.001 1.523 0.002
исключать 0.001 1.046 0.001
предположение 0.001 1.222 0.001
знание 0.001 1.222 0.001
какой-то 0.002 0.328 0.001
мочь 0.002 0.102 0.0
бросить 0.001 1.046 0.001
окружение 0.001 1.222 0.001
завилять 0.001 2.0 0.002
хвост 0.001 1.523 0.002
думать 0.001 0.456 0.0
оформить 0.001 1.398 0.001
продвинуть 0.001 1.699 0.002
уверенный 0.001 0.921 0.001
вовремя 0.001 1.398 0.001
примазаться 0.001 2.0 0.002
лиговский 0.001 2.0 0.002
проспект 0.001 1.523 0.002
петербург 0.001 1.222 0.001
анатолий 0.001 1.398 0.001
мальцев 0.001 1.699 0.002
epa 0.001 0.959 0.001
работник 0.001 0.824 0.001
железный 0.001 1.398 0.001
дорога 0.001 0.959 0.001
ростов-на-дону 0.001 1.699 0.002
эрик 0.001 1.523 0.002
романенко 0.001 2.0 0.002
сувенирный 0.001 2.0 0.002
магазин 0.001 0.796 0.001
максим 0.001 0.796 0.001
шипенковый 0.001 2.0 0.002
стратегия 0.001 1.097 0.001
оценивать 0.001 0.921 0.001
негативно 0.001 1.398 0.001
точка 0.001 0.444 0.0
зрение 0.001 0.585 0.001
политтехнология 0.001 2.0 0.002
ужасно 0.001 1.398 0.001
комментировать 0.001 1.222 0.001
технолог 0.002 2.0 0.004
сотрудничать 0.001 1.301 0.001
смысл 0.001 0.481 0.0
нести 0.001 0.886 0.001
изначально 0.001 0.959 0.001
непонятно 0.001 0.921 0.001
реклама 0.002 0.066 0.0
зеленский 0.001 0.854 0.001
недоумевать 0.001 1.699 0.002
отмечать 0.001 0.921 0.001
хотя 0.001 0.276 0.0
подаваться 0.001 1.699 0.002
спасение 0.001 1.301 0.001
русский 0.001 0.62 0.001
кириенко 0.001 1.699 0.002
обеспечение 0.001 1.046 0.001
госсовет 0.001 1.523 0.002
тема 0.001 0.678 0.001
касаться 0.001 0.553 0.001
внутренний 0.001 0.745 0.001
ярин 0.001 2.0 0.002
напрягать 0.001 1.699 0.002
что-то 0.001 0.509 0.001
светящийся 0.001 2.0 0.002
окно 0.002 0.886 0.002
жёстко 0.001 1.301 0.001
навязывать 0.002 1.523 0.003
горазд 0.001 2.0 0.002
перегибать 0.001 2.0 0.002
палка 0.001 1.699 0.002
региональный 0.001 1.0 0.001
гореть 0.001 1.155 0.001
тёмный 0.001 1.523 0.002
сутки 0.001 0.824 0.001
многий 0.001 0.495 0.0
новосибирский 0.001 1.398 0.001
амурский 0.001 1.699 0.002
воронежский 0.001 1.699 0.002
ивановский 0.001 1.699 0.002
край 0.001 1.155 0.001
депутат 0.001 1.155 0.001
госдума 0.001 1.046 0.001
мария 0.001 1.046 0.001
бутин 0.001 2.0 0.002
рисовать 0.001 1.699 0.002
кировский 0.001 1.523 0.002
креативный 0.001 1.699 0.002
профессия 0.001 1.398 0.001
самый 0.001 0.208 0.0
ранее 0.001 0.62 0.001
онлайн-флешмоб 0.001 2.0 0.002
удаться 0.001 0.456 0.0
обнаружить 0.001 0.658 0.001
относиться 0.001 0.62 0.001
период 0.001 0.678 0.001
политтехнолог 0.001 2.0 0.002
игорь 0.003 1.222 0.004
мангушева 0.005 2.0 0.01
записка 0.001 1.523 0.002
авантюрист 0.001 2.0 0.002
отставной 0.001 2.0 0.002
капитан 0.001 1.699 0.002
лнр 0.001 1.0 0.001
представиться 0.001 1.523 0.002
утечка 0.001 1.301 0.001
деятельность 0.001 0.854 0.001
интернет-исследование 0.001 2.0 0.002
петербургский 0.001 1.523 0.002
фабрика 0.001 1.523 0.002
тролль 0.001 2.0 0.002
связывать 0.001 1.699 0.002
подлинность 0.001 1.699 0.002
подтверждать 0.001 1.097 0.001
фонтанка 0.001 2.0 0.002
новый 0.001 0.187 0.0
газета 0.001 1.046 0.001
провокатор 0.001 2.0 0.002
подпольный 0.001 1.523 0.002
квартира 0.001 1.0 0.001
фальсификация 0.001 1.523 0.002
подпись 0.001 1.398 0.001
кандидатура 0.001 1.699 0.002
соратница 0.001 2.0 0.002
алексей 0.002 0.886 0.002
навальный 0.001 1.222 0.001
любовь 0.002 1.0 0.002
соболь 0.001 2.0 0.002
баллотироваться 0.001 1.699 0.002
выборы 0.001 1.222 0.001
заявить 0.001 0.553 0.001
вместе 0.001 0.602 0.001
соратник 0.001 1.398 0.001
поздний 0.001 0.745 0.001
ряд 0.001 0.824 0.001
обстоятельство 0.001 1.046 0.001
оружие 0.001 0.921 0.001
подтверждение 0.001 1.301 0.001
показать 0.001 0.432 0.0
телеграм 0.001 1.0 0.001
предлагать 0.001 0.602 0.001
аватар 0.001 2.0 0.002
кисть 0.001 2.0 0.002
немного 0.001 0.77 0.001
небрежно 0.001 1.699 0.002
одинаковый 0.001 1.0 0.001
шлем 0.001 2.0 0.002
омон 0.001 2.0 0.002
разгонять 0.001 1.398 0.001
манежный 0.001 2.0 0.002
вячеслав 0.001 1.699 0.002
прокофьев 0.001 2.0 0.002
изображение 0.001 1.222 0.001
телеграма-канал 0.001 1.523 0.002
общий 0.001 0.444 0.0
тематика 0.001 1.699 0.002
восток 0.001 0.886 0.001
20–21 0.001 2.0 0.002
предполагать 0.001 0.699 0.001
увидеть 0.001 0.553 0.001
кто-то 0.001 0.523 0.001
причастный 0.001 2.0 0.002
госпропаганда 0.001 2.0 0.002
крутой 0.001 1.699 0.002
настаивать 0.002 1.222 0.002
признание 0.001 1.046 0.001
авторский 0.001 1.523 0.002
право 0.001 0.538 0.001
важный 0.001 0.284 0.0
полезный 0.001 1.155 0.001
довольный 0.001 1.699 0.002
пойти 0.001 0.509 0.001
народ 0.001 0.745 0.001
напечатать 0.001 1.523 0.002
миллион 0.001 0.495 0.0
футболка 0.002 1.398 0.003
продавать 0.001 0.921 0.001
метод 0.001 0.678 0.001
государство 0.001 0.569 0.001
тоталитарный 0.001 1.222 0.001
эстетика 0.001 2.0 0.002
униформа 0.001 2.0 0.002
синхронно 0.001 2.0 0.002
внедрение 0.001 1.398 0.001
доверить 0.001 2.0 0.002
совершенно 0.001 0.678 0.001
добровольно 0.001 1.301 0.001
масштабировать 0.001 2.0 0.002
опыт 0.001 0.699 0.001
должный 0.001 0.201 0.0
душа 0.001 1.398 0.001
сожаление 0.001 0.553 0.001
уметь 0.001 0.921 0.001
заключать 0.001 1.222 0.001
читать 0.001 0.444 0.0
прекратить 0.001 0.824 0.001
жизнь 0.001 0.319 0.0
отдать 0.001 0.959 0.001
привести 0.001 0.456 0.0
миграционный 0.001 1.155 0.001
катастрофа 0.001 0.886 0.001
европа 0.001 0.495 0.0
видеть 0.001 0.444 0.0
1940-й 0.001 1.097 0.001
репортаж 0.001 0.678 0.001
кристина 0.001 1.097 0.001
сафонов 0.001 1.155 0.001
польша 0.001 0.854 0.001
полный 0.001 0.377 0.0
боль 0.001 0.699 0.001
24/7 0.001 0.102 0.0
интерес 0.001 0.155 0.0
читателейн 0.001 0.174 0.0
срочно 0.001 0.167 0.0
хотеть 0.001 0.102 0.0
помочь 0.001 0.125 0.0
ковалёв 0.001 1.523 0.002
перцева 0.001 2.0 0.002
серафимов 0.001 2.0 0.002
илья 0.001 1.222 0.001
шевелев 0.001 1.699 0.002
кодекс 0.001 0.066 0.0
блог 0.001 0.066 0.0
meduzacare 0.001 0.066 0.0
связаться 0.001 0.066 0.0
анонимно 0.001 0.066 0.0
платформа 0.001 0.066 0.0
ios 0.001 0.066 0.0
android 0.001 0.066 0.0
twitter 0.001 0.0 0.0
facebook 0.001 0.0 0.0
вконтакте 0.001 0.066 0.0
youtube 0.001 0.06 0.0
– 0.001 0.06 0.0
live 0.001 0.022 0.0
вечерний 0.001 0.066 0.0
вообще 0.001 0.066 0.0
требование 0.001 0.066 0.0
безопасно 0.001 0.066 0.0
персональный 0.001 0.066 0.0
правило 0.001 0.066 0.0
кук 0.001 0.066 0.0
наслать 0.001 0.066 0.0
ошибка 0.001 0.066 0.0
выделить 0.001 0.066 0.0
нажать 0.001 0.066 0.0
ctrl+enter 0.001 0.066 0.0
спасибоgiphyз 0.001 0.066 0.0
гифка 0.001 0.066 0.0
© 0.001 0.0 0.0
