перейти 0.001 0.066 0.0
материал 0.005 0.066 0.0
связь 0.001 0.0 0.0
новостиисторииразборшапитокоронавирусмагаз 0.001 0.066 0.0
медуза 0.009000000000000001 0.066 0.001
рекламаmeduza 0.001 0.066 0.0
in 0.001 0.0 0.0
english 0.001 0.06 0.0
показывать 0.001 0.066 0.0
порядок 0.002 0.066 0.0
en 0.001 0.066 0.0
кнопка 0.001 0.066 0.0
поддержка 0.002 0.066 0.0
разбор 0.001 0.387 0.0
минздрав 0.005 0.678 0.003
призвать 0.002 0.886 0.002
проходить 0.004 0.495 0.002
компьютерный 0.008 1.301 0.01
томография 0.007 1.301 0.009
назначение 0.002 1.0 0.002
врач 0.011000000000000003 0.509 0.006
ковид 0.007 0.387 0.003
нужный 0.01 0.086 0.001
весь 0.003 0.114 0.0
карточка 0.002 0.569 0.001
октябрь 0.002 0.796 0.002
случиться 0.002 0.509 0.001
кт 0.028 1.523 0.043
действительно 0.004 0.377 0.002
коронавирусный 0.005 1.155 0.006
инфекция 0.006 0.569 0.003
остальной 0.004 0.553 0.002
мир 0.003 0.26 0.001
это 0.022 0.066 0.001
почему 0.002 0.337 0.001
делать 0.008 0.18 0.001
человек 0.012 0.092 0.001
пневмония 0.004 1.222 0.005
пропустить 0.002 1.155 0.002
момент 0.002 0.387 0.001
больница 0.005 0.495 0.002
вообще 0.006 0.066 0.0
лечить 0.003 1.222 0.004
назначать 0.007 1.398 0.01
что-то 0.002 0.509 0.001
антибиотик 0.003 1.398 0.004
предлагать 0.004 0.602 0.002
ничто 0.002 1.097 0.002
лечиться 0.003 1.398 0.004
близкие 0.002 1.523 0.003
нужно 0.01 0.237 0.002
принимать 0.002 0.432 0.001
профилактика 0.002 0.886 0.002
равно 0.002 0.638 0.001
хотеть 0.005 0.102 0.001
знать 0.003 0.244 0.001
также 0.004 0.237 0.001
напомнить 0.002 0.699 0.001
данный 0.001 0.097 0.0
сообщение 0.002 0.102 0.0
создать 0.002 0.097 0.0
распространить 0.001 0.102 0.0
иностранный 0.003 0.097 0.0
средство 0.001 0.097 0.0
массовый 0.001 0.097 0.0
информация 0.001 0.102 0.0
выполнять 0.002 0.097 0.0
функция 0.002 0.097 0.0
агент 0.002 0.097 0.0
российский 0.007 0.071 0.0
юридический 0.001 0.102 0.0
лицо 0.002 0.086 0.0
мы 0.002 0.066 0.0
ваш 0.002 0.081 0.0
помощь 0.003 0.071 0.0
пожалуйста 0.001 0.102 0.0
поддержать 0.002 0.066 0.0
россия 0.006 0.108 0.001
диагностика 0.003 1.699 0.005
очень 0.002 0.149 0.0
часто 0.001 0.456 0.0
использовать 0.003 0.319 0.001
недавний 0.001 1.0 0.001
время 0.001 0.086 0.0
важность 0.001 1.398 0.001
метод 0.001 0.678 0.001
регулярно 0.001 1.0 0.001
говорить 0.005 0.18 0.001
официальный 0.001 0.538 0.001
кроме 0.003 0.387 0.001
читатель 0.001 0.523 0.001
свой 0.002 0.143 0.0
история 0.001 0.26 0.0
прислать 0.001 0.77 0.001
редакция 0.003 0.066 0.0
рассказывать 0.001 0.337 0.0
добиваться 0.001 1.301 0.001
направление 0.001 0.886 0.001
узнать 0.001 0.481 0.0
состояние 0.003 0.721 0.002
получить 0.004 0.328 0.001
лечение 0.005 0.77 0.004
год 0.003 0.119 0.0
сайт 0.001 0.658 0.001
появиться 0.003 0.367 0.001
заявление 0.002 0.62 0.001
главное 0.001 0.585 0.001
специалист 0.001 0.796 0.001
лучевой 0.002 1.699 0.003
инструментальный 0.001 1.523 0.002
ведомство 0.001 0.796 0.001
игорь 0.001 1.222 0.001
тюрин 0.001 2.0 0.002
который 0.011000000000000003 0.071 0.001
видимо 0.001 0.824 0.001
связать 0.001 0.469 0.0
использоваться 0.002 0.585 0.001
гораздо 0.001 0.699 0.001
частый 0.001 0.523 0.001
рекомендовать 0.003 0.569 0.002
хотя 0.001 0.276 0.0
тактика 0.004 1.398 0.006
влиять 0.004 0.886 0.004
сильно 0.001 0.509 0.001
принять 0.001 0.42 0.0
думать 0.001 0.456 0.0
поэтому 0.004 0.328 0.001
решить 0.003 0.398 0.001
рассказать 0.001 0.469 0.0
какой 0.001 0.357 0.0
случай 0.003 0.194 0.001
необходимый 0.001 0.638 0.001
справляться 0.001 1.222 0.001
заболевание 0.007 0.481 0.003
проводить 0.004 0.509 0.002
впервые 0.001 0.824 0.001
опубликовать 0.001 0.509 0.001
май 0.001 0.959 0.001
тот 0.002 0.131 0.0
пора 0.001 0.357 0.0
несколько 0.001 0.187 0.0
поменяться 0.001 1.155 0.001
позиция 0.001 0.745 0.001
новый 0.003 0.187 0.001
дать 0.002 0.066 0.0
значение 0.001 0.721 0.001
обновить 0.002 1.046 0.002
например 0.004 0.229 0.001
исключить 0.001 1.0 0.001
подтвердить 0.001 0.678 0.001
другой 0.003 0.097 0.0
вызывать 0.001 0.523 0.001
одышка 0.003 1.398 0.004
госпитализировать 0.008 0.959 0.008
пациент 0.013 0.678 0.009
помогать 0.001 0.444 0.0
обнаружить 0.001 0.658 0.001
осложнение 0.001 0.886 0.001
большинство 0.001 0.509 0.001
медицинский 0.004 0.523 0.002
организация 0.005 0.509 0.003
выступать 0.001 0.658 0.001
лёгкий 0.005 0.638 0.003
форма 0.001 0.62 0.001
болезнь 0.005 0.553 0.003
результат 0.005 0.367 0.002
прогноз 0.001 0.824 0.001
сказать 0.001 0.31 0.0
число 0.003 0.201 0.001
рекомендация 0.005 0.678 0.003
отмечаться 0.001 1.523 0.002
такой 0.007 0.114 0.001
рентгенография 0.002 2.0 0.004
мнение 0.002 0.509 0.001
общество 0.001 0.602 0.001
рентгенолог 0.001 1.699 0.002
радиолог 0.001 2.0 0.002
недавно 0.001 0.62 0.001
соответствие 0.001 0.959 0.001
должный 0.006 0.201 0.001
действовать 0.001 0.602 0.001
среди 0.001 0.42 0.0
обязательный 0.001 0.886 0.001
фактор 0.002 0.824 0.002
решение 0.003 0.347 0.001
госпитализация 0.001 0.77 0.001
реальность 0.001 0.77 0.001
подобный 0.001 0.721 0.001
исследование 0.004 0.42 0.002
необходимо 0.001 0.585 0.001
практика 0.002 0.796 0.002
критиковать 0.001 1.301 0.001
отдельный 0.001 0.678 0.001
независимый 0.002 0.409 0.001
сообщество 0.002 0.886 0.002
американский 0.002 0.585 0.001
коллегия 0.001 1.699 0.002
радиология 0.001 2.0 0.002
считать 0.002 0.319 0.001
проводиться 0.001 0.854 0.001
некоторый 0.003 0.222 0.001
показание 0.001 1.301 0.001
участие 0.001 0.638 0.001
различный 0.001 0.921 0.001
врачебный 0.001 1.523 0.002
говориться 0.001 0.796 0.001
необходимость 0.001 0.745 0.001
течение 0.003 0.638 0.002
нагрузка 0.001 0.959 0.001
сопутствовать 0.002 1.523 0.003
всемирный 0.001 0.959 0.001
здравоохранение 0.001 0.658 0.001
воз 0.005 0.796 0.004
пограничный 0.001 1.699 0.002
вариант 0.001 0.481 0.0
столь 0.001 1.046 0.001
очевидный 0.001 0.678 0.001
приниматься 0.002 0.959 0.002
учёт 0.001 0.824 0.001
множество 0.001 0.796 0.001
сделать 0.001 0.208 0.0
тест 0.002 0.77 0.002
коронавирус 0.007 0.387 0.003
пцр 0.001 1.523 0.002
быстро 0.002 0.495 0.001
однако 0.002 0.337 0.001
убедительный 0.001 1.398 0.001
симптом 0.005 0.824 0.004
отрицательный 0.001 1.046 0.001
мочь 0.005 0.102 0.001
выиграть 0.001 1.523 0.002
высокий 0.002 0.495 0.001
риск 0.002 0.357 0.001
прогрессирование 0.001 2.0 0.002
наличие 0.001 0.745 0.001
близкий 0.001 0.347 0.0
больший 0.001 0.328 0.0
вероятность 0.001 0.602 0.001
протекать 0.001 1.301 0.001
тяжело 0.001 0.796 0.001
выписывать 0.002 2.0 0.004
становиться 0.001 0.553 0.001
вполне 0.002 0.699 0.001
вероятно 0.001 0.699 0.001
воспаление 0.001 1.523 0.002
показать 0.001 0.432 0.0
во-первых 0.001 0.796 0.001
надёжно 0.001 1.222 0.001
отличить 0.001 1.222 0.001
томограмма 0.001 1.699 0.002
вирусный 0.002 1.097 0.002
во-вторых 0.001 0.854 0.001
диагноз 0.001 1.398 0.001
означать 0.001 0.585 0.001
автоматически 0.001 1.222 0.001
вызвать 0.004 0.721 0.003
дом 0.004 0.495 0.002
слово 0.001 0.268 0.0
по-хорошему 0.002 1.699 0.003
подход 0.002 0.854 0.002
грамотный 0.001 1.699 0.002
зависеть 0.001 0.509 0.001
частота 0.001 0.959 0.001
дыхание 0.001 1.301 0.001
уровень 0.002 0.367 0.001
насыщение 0.001 2.0 0.002
кровь 0.002 0.77 0.002
кислород 0.002 2.0 0.004
оценить 0.001 0.678 0.001
показатель 0.001 0.721 0.001
сложный 0.001 0.602 0.001
прибор 0.001 1.699 0.002
пульсоксиметр 0.001 2.0 0.002
секундомер 0.001 1.699 0.002
ухудшиться 0.001 1.699 0.002
оказывать 0.001 1.046 0.001
просто 0.001 0.194 0.0
скорый 0.005 0.921 0.005
температура 0.001 0.824 0.001
тело 0.001 0.886 0.001
нормальный 0.001 0.77 0.001
слишком 0.002 0.553 0.001
низкий 0.001 0.638 0.001
вовремя 0.001 1.398 0.001
простой 0.001 0.538 0.001
орви 0.002 1.301 0.003
следить 0.001 0.796 0.001
правда 0.002 0.456 0.001
разный 0.001 0.276 0.0
страна 0.002 0.155 0.0
звонить 0.001 0.886 0.001
возникать 0.002 0.824 0.002
закончить 0.001 1.097 0.001
предложение 0.001 0.921 0.001
вдох 0.002 1.523 0.003
слышный 0.001 1.046 0.001
телефон 0.001 0.745 0.001
оценивать 0.001 0.921 0.001
диспетчер 0.001 1.699 0.002
решать 0.001 1.097 0.001
срочный 0.001 1.398 0.001
бригада 0.001 1.222 0.001
минута 0.001 0.745 0.001
непроходить 0.001 1.699 0.002
боль 0.001 0.699 0.001
давление 0.001 0.699 0.001
грудь 0.001 1.155 0.001
изменяться 0.001 1.523 0.002
мышление 0.001 1.398 0.001
спутанность 0.001 1.398 0.001
сознание 0.002 1.222 0.002
сложно 0.001 0.538 0.001
губа 0.001 1.301 0.001
иметь 0.002 0.337 0.001
синеватый 0.001 1.699 0.002
оттенок 0.001 1.523 0.002
группа 0.001 0.387 0.0
прогрессировать 0.001 1.699 0.002
нередко 0.002 1.222 0.002
этот 0.001 0.137 0.0
оставаться 0.001 0.387 0.0
усмотрение 0.001 1.398 0.001
сожаление 0.002 0.553 0.001
характерный 0.001 1.222 0.001
картина 0.001 0.721 0.001
находиться 0.001 0.367 0.0
рецептурный 0.001 1.699 0.002
препарат 0.008 0.585 0.005
два 0.001 0.26 0.0
тип 0.001 0.796 0.001
противовирусный 0.001 1.222 0.001
иммуномодулятор 0.001 2.0 0.002
лекарство 0.004 0.569 0.002
эффективность 0.002 0.538 0.001
изучаться 0.001 1.523 0.002
назвать 0.002 0.569 0.001
правильный 0.001 1.301 0.001
проблема 0.001 0.347 0.0
доказать 0.001 0.886 0.001
международный 0.001 0.569 0.001
стандарт 0.001 1.222 0.001
безопасность 0.001 0.387 0.0
развить 0.001 2.0 0.002
доказательный 0.001 1.523 0.002
медицина 0.001 1.046 0.001
применяться 0.001 1.046 0.001
дело 0.002 0.252 0.001
способный 0.001 0.854 0.001
нежелательный 0.001 0.77 0.001
реакция 0.001 0.678 0.001
плохой 0.001 0.509 0.001
контроль 0.001 0.585 0.001
они 0.001 0.538 0.001
лишь 0.001 0.481 0.0
подробно 0.002 0.921 0.002
зарегистрировать 0.001 0.602 0.001
эффективный 0.002 0.553 0.001
бежать 0.001 0.796 0.001
покупать 0.001 0.824 0.001
против 0.001 0.229 0.0
провалиться 0.001 1.523 0.002
клинический 0.001 0.721 0.001
эгида 0.001 1.523 0.002
ремдесивира 0.001 1.523 0.002
надеяться 0.001 0.699 0.001
направить 0.001 0.959 0.001
борьба 0.001 0.658 0.001
непосредственно 0.001 0.959 0.001
бороться 0.001 0.796 0.001
бактерия 0.001 1.699 0.002
вирус 0.001 0.538 0.001
назначить 0.001 1.523 0.002
подозрение 0.001 1.046 0.001
бактериальный 0.002 1.523 0.003
изначальный 0.001 1.155 0.001
присоединиться 0.001 1.046 0.001
указать 0.001 0.796 0.001
редкость 0.001 1.398 0.001
встречаться 0.001 0.824 0.001
нужда 0.001 1.523 0.002
симптоматический 0.001 1.523 0.002
описывать 0.001 1.0 0.001
друг 0.001 0.387 0.0
наш 0.001 0.337 0.0
коротко 0.001 0.824 0.001
достаточный 0.001 0.854 0.001
питие 0.001 1.699 0.002
жаропонижающие/обезболивать 0.001 2.0 0.002
купить 0.001 0.796 0.001
заранее 0.001 0.959 0.001
доставлять 0.001 1.398 0.001
домой 0.002 0.824 0.002
везде 0.001 1.046 0.001
ходить 0.001 0.77 0.001
аптека 0.001 1.0 0.001
заболеть 0.001 0.585 0.001
крайне 0.001 0.721 0.001
рекомендоваться 0.001 1.046 0.001
заразить 0.001 0.959 0.001
организовать 0.001 0.921 0.001
дистанционно 0.001 2.0 0.002
заказывать 0.001 1.699 0.002
именно 0.001 0.244 0.0
причина 0.001 0.398 0.0
потенциально 0.001 1.046 0.001
ухудшить 0.001 1.699 0.002
ситуация 0.001 0.337 0.0
сомнительный 0.001 1.398 0.001
польза 0.001 0.745 0.001
умифеновира 0.001 1.699 0.002
интерферон 0.001 1.699 0.002
нос 0.001 1.301 0.001
гидроксихлорохин 0.001 2.0 0.002
обоснованный 0.001 1.155 0.001
научный 0.001 0.658 0.001
особенно 0.001 0.553 0.001
свет 0.001 1.097 0.001
последний 0.002 0.284 0.001
данные 0.001 0.31 0.0
попытаться 0.001 0.854 0.001
начало 0.001 0.26 0.0
консультация 0.001 1.046 0.001
понимать 0.001 0.42 0.0
ждать 0.002 0.481 0.001
воспользоваться 0.001 1.097 0.001
личный 0.001 0.678 0.001
транспорт 0.001 0.854 0.001
защитить 0.001 0.721 0.001
окружающий 0.001 1.301 0.001
актуально 0.001 1.699 0.002
везти 0.001 1.222 0.001
приходиться 0.002 0.745 0.001
возвращаться 0.001 0.854 0.001
самостоятельно 0.001 1.097 0.001
приготовиться 0.001 2.0 0.002
долго 0.001 0.745 0.001
перегрузить 0.001 1.699 0.002
сидеть 0.001 0.77 0.001
очередь 0.001 0.538 0.001
кстати 0.001 0.886 0.001
невозможно 0.001 0.602 0.001
полностью 0.001 0.538 0.001
стерилизовать 0.001 1.523 0.002
аппарат 0.001 1.097 0.001
воздух 0.001 0.886 0.001
помещение 0.001 0.854 0.001
процедура 0.001 0.959 0.001
писать 0.001 0.347 0.0
член 0.001 0.745 0.001
ожидание 0.001 1.222 0.001
путешествие 0.001 1.301 0.001
кабинет 0.002 1.222 0.002
ионизировать 0.001 2.0 0.002
излучение 0.001 1.699 0.002
терапия 0.001 1.155 0.001
подумать 0.001 1.0 0.001
маленький 0.001 0.328 0.0
облучение 0.001 2.0 0.002
радиация 0.002 1.699 0.003
опасный 0.001 0.699 0.001
открыть 0.001 0.538 0.001
распространение 0.001 0.523 0.001
лицензия 0.002 0.854 0.002
creative 0.001 0.921 0.001
commons 0.001 1.0 0.001
cc 0.001 1.046 0.001
by 0.001 0.658 0.001
перепечатать 0.001 1.097 0.001
фотография 0.001 0.553 0.001
распространяться 0.001 0.699 0.001
работать 0.001 0.102 0.0
24/7 0.001 0.102 0.0
интерес 0.001 0.155 0.0
читателейн 0.001 0.174 0.0
срочно 0.001 0.167 0.0
помочь 0.001 0.125 0.0
дарья 0.001 0.921 0.001
саркисян 0.001 0.959 0.001
кодекс 0.001 0.066 0.0
блог 0.001 0.066 0.0
meduzacare 0.001 0.066 0.0
связаться 0.001 0.066 0.0
анонимно 0.001 0.066 0.0
платформа 0.002 0.066 0.0
ios 0.001 0.066 0.0
android 0.001 0.066 0.0
инстаграм 0.001 0.066 0.0
twitter 0.001 0.0 0.0
facebook 0.001 0.0 0.0
вконтакте 0.001 0.066 0.0
youtube 0.001 0.06 0.0
meduza 0.002 0.0 0.0
– 0.001 0.06 0.0
live 0.001 0.022 0.0
вечерний 0.001 0.066 0.0
реклама 0.002 0.066 0.0
требование 0.001 0.066 0.0
баннер 0.001 0.066 0.0
безопасно 0.001 0.066 0.0
персональный 0.001 0.066 0.0
правило 0.001 0.066 0.0
обработка 0.001 0.066 0.0
использование 0.001 0.066 0.0
кук 0.001 0.066 0.0
наслать 0.001 0.066 0.0
ошибка 0.001 0.066 0.0
выделить 0.001 0.066 0.0
нажать 0.001 0.066 0.0
ctrl+enter 0.001 0.066 0.0
спасибоgiphyз 0.001 0.066 0.0
гифка 0.001 0.066 0.0
© 0.001 0.0 0.0
