перейти 0.0 0.066 0.0
материал 0.0 0.066 0.0
связь 0.0 0.0 0.0
новостиисторииразборшапитокоронавирусмагаз 0.0 0.066 0.0
медуза 0.006 0.066 0.0
рекламаmeduza 0.0 0.066 0.0
in 0.0 0.0 0.0
english 0.0 0.06 0.0
показывать 0.0 0.066 0.0
порядок 0.0 0.066 0.0
en 0.0 0.066 0.0
кнопка 0.0 0.066 0.0
поддержка 0.001 0.066 0.0
история 0.0 0.26 0.0
это 0.01 0.066 0.001
прекратить 0.001 0.824 0.001
жизнь 0.002 0.319 0.001
отдать 0.001 0.959 0.001
война 0.009000000000000001 0.357 0.003
украина 0.011000000000000003 0.347 0.004
привести 0.0 0.456 0.0
миграционный 0.0 1.155 0.0
катастрофа 0.0 0.886 0.0
европа 0.003 0.495 0.001
видеть 0.001 0.444 0.0
1940-й 0.0 1.097 0.0
репортаж 0.002 0.678 0.001
кристина 0.001 1.097 0.001
сафонов 0.001 1.155 0.001
польша 0.006 0.854 0.005
полный 0.0 0.377 0.0
боль 0.0 0.699 0.0
любовь 0.0 1.0 0.0
март 0.005 0.284 0.001
источник 0.0 0.167 0.0
meduza 0.001 0.0 0.0
данный 0.0 0.097 0.0
сообщение 0.0 0.102 0.0
создать 0.0 0.097 0.0
распространить 0.0 0.102 0.0
иностранный 0.001 0.097 0.0
средство 0.0 0.097 0.0
массовый 0.0 0.097 0.0
информация 0.0 0.102 0.0
выполнять 0.001 0.097 0.0
функция 0.001 0.097 0.0
агент 0.001 0.097 0.0
российский 0.001 0.071 0.0
юридический 0.0 0.102 0.0
лицо 0.0 0.086 0.0
мы 0.003 0.066 0.0
нужный 0.001 0.086 0.0
ваш 0.001 0.081 0.0
помощь 0.002 0.071 0.0
пожалуйста 0.0 0.102 0.0
поддержать 0.0 0.066 0.0
украинский 0.004 0.538 0.002
беженец 0.012 1.155 0.014
который 0.008 0.071 0.001
прибыль 0.0 1.523 0.0
пшемыслить 0.001 1.699 0.002
краков 0.007 1.699 0.012
год 0.007 0.119 0.001
omar 0.001 2.0 0.002
marques 0.001 2.0 0.002
getty 0.003 0.886 0.003
images 0.003 0.796 0.002
спасаться 0.0 1.398 0.0
многие 0.001 0.284 0.0
украинец 0.004 0.796 0.003
вынудить 0.0 0.886 0.0
уехать 0.005 0.824 0.004
такой 0.004 0.114 0.0
кризис 0.0 0.921 0.0
время 0.002 0.086 0.0
второй 0.002 0.357 0.001
мировой 0.0 0.721 0.0
данные 0.001 0.31 0.0
оон 0.0 1.222 0.0
число 0.0 0.201 0.0
достигнуть 0.0 0.824 0.0
два 0.004 0.26 0.001
половина 0.002 0.721 0.001
миллион 0.001 0.495 0.0
человек 0.007 0.092 0.001
большинство 0.001 0.509 0.001
принять 0.002 0.42 0.001
соседний 0.0 1.222 0.0
около 0.001 0.432 0.0
оценка 0.0 0.745 0.0
варшавский 0.0 2.0 0.0
университет 0.0 0.721 0.0
остаться 0.002 0.432 0.001
остальной 0.0 0.553 0.0
отправиться 0.0 1.523 0.0
другой 0.001 0.097 0.0
государство 0.001 0.569 0.001
евросоюз 0.0 0.886 0.0
польский 0.003 1.301 0.004
власть 0.0 0.31 0.0
сообщать 0.0 0.921 0.0
ресурс 0.0 0.796 0.0
въезд 0.0 1.222 0.0
никто 0.002 0.432 0.001
отказывать 0.0 1.398 0.0
поток 0.0 1.222 0.0
прекращаться 0.0 1.398 0.0
спецкор 0.001 0.921 0.001
съездить 0.0 1.699 0.0
пшемысль 0.001 2.0 0.002
расположить 0.0 1.097 0.0
недалеко 0.001 1.301 0.001
граница 0.004 0.658 0.003
рассказывать 0.005 0.337 0.002
бежать 0.003 0.796 0.002
чужой 0.001 1.301 0.001
страна 0.001 0.155 0.0
оставить 0.001 1.097 0.001
дом 0.006 0.495 0.003
родный 0.0 1.0 0.0
мечтать 0.0 1.523 0.0
снова 0.001 0.678 0.001
встретиться 0.001 1.398 0.001
они 0.0 0.538 0.0
мочь 0.002 0.102 0.0
подумать 0.001 1.0 0.001
первый 0.003 0.143 0.0
поездка 0.001 1.155 0.001
напротив 0.0 1.222 0.0
касса 0.0 2.0 0.0
железнодорожный 0.003 1.398 0.004
вокзал 0.005 1.523 0.008
ступенька 0.0 2.0 0.0
спать 0.003 1.097 0.003
мужчина 0.003 1.046 0.003
колено 0.001 1.398 0.001
прижать 0.0 2.0 0.0
живот 0.0 1.523 0.0
рука 0.002 0.62 0.001
голова 0.001 0.959 0.001
тёмно-красный 0.0 1.699 0.0
шапка 0.0 1.699 0.0
спустить 0.0 1.398 0.0
глаз 0.002 0.77 0.002
мимо 0.001 1.301 0.001
проходить 0.0 0.495 0.0
мешать 0.0 0.824 0.0
накануне 0.0 1.046 0.0
въехать 0.0 1.699 0.0
впервые 0.0 0.824 0.0
долгий 0.0 0.745 0.0
смочь 0.0 0.328 0.0
выспаться 0.0 2.0 0.0
ночь 0.002 0.854 0.002
день 0.007 0.167 0.001
лечь 0.0 1.523 0.0
кровать 0.0 1.699 0.0
подрываться 0.0 2.0 0.0
плакать 0.001 1.301 0.001
говорить 0.013000000000000001 0.18 0.002
украинка 0.001 1.398 0.001
вит 0.002 2.0 0.004
замечать 0.0 1.222 0.0
называть 0.001 0.432 0.0
хостел 0.0 1.699 0.0
село 0.0 1.222 0.0
василёк 0.0 2.0 0.0
киевский 0.001 1.155 0.001
область 0.001 0.523 0.001
свой 0.003 0.143 0.0
ребёнок 0.008 0.387 0.003
жена 0.001 1.046 0.001
брат 0.001 1.222 0.001
три 0.0 0.569 0.0
взобраться 0.0 2.0 0.0
многочисленный 0.001 1.222 0.001
сумка 0.001 1.222 0.001
рядом 0.0 0.854 0.0
вита 0.0 2.0 0.0
тихо 0.001 1.699 0.002
играть 0.001 0.699 0.001
мягкий 0.0 1.097 0.0
игрушка 0.0 1.523 0.0
раздавать 0.001 1.301 0.001
волонтёр 0.002 0.959 0.002
просто 0.005 0.194 0.001
молча 0.001 1.699 0.002
сидеть 0.004 0.77 0.003
сын 0.005 0.921 0.005
девушка 0.002 0.959 0.002
самый 0.001 0.208 0.0
старший 0.0 0.678 0.0
светловолосый 0.0 2.0 0.0
мальчик 0.001 1.222 0.001
четыре 0.001 0.509 0.001
есть 0.0 1.046 0.0
фруктовый 0.0 2.0 0.0
пюре 0.001 2.0 0.002
принести 0.0 1.046 0.0
выехать 0.001 1.222 0.001
утром 0.001 1.046 0.001
сначала 0.001 0.602 0.001
автобус 0.002 1.222 0.002
киев 0.002 0.699 0.001
оттуда 0.001 1.097 0.001
поезд 0.003 1.155 0.003
лев 0.001 1.046 0.001
стоять 0.002 1.0 0.002
тамбур 0.001 2.0 0.002
спасть 0.001 1.155 0.001
очень 0.005 0.149 0.001
вспоминать 0.002 1.0 0.002
львов 0.002 1.301 0.003
западный 0.002 0.553 0.001
miguel 0.0 2.0 0.0
a. 0.0 1.699 0.0
lopes 0.0 2.0 0.0
epa 0.001 0.959 0.001
scanpix 0.001 0.301 0.0
leta 0.001 0.301 0.0
десять 0.001 0.585 0.001
минута 0.001 0.745 0.001
объяснять 0.001 0.538 0.001
хотеть 0.003 0.102 0.0
добраться 0.0 1.398 0.0
италия 0.0 1.046 0.0
жить 0.005 0.481 0.002
родственник 0.001 0.745 0.001
хороший 0.0 0.377 0.0
помогать 0.0 0.444 0.0
деньга 0.001 0.602 0.001
давать 0.0 0.31 0.0
кушать 0.001 1.699 0.002
жильё 0.001 1.699 0.002
предлагать 0.0 0.602 0.0
весь 0.002 0.114 0.0
благодарный 0.0 1.523 0.0
забрать 0.0 1.046 0.0
просто… 0.0 2.0 0.0
подбирать 0.0 1.301 0.0
слово 0.002 0.268 0.001
обстановка 0.0 1.097 0.0
тяжёлый 0.0 0.377 0.0
выплакать 0.0 2.0 0.0
тяжело 0.002 0.796 0.002
уезжать 0.001 1.046 0.001
последний 0.001 0.284 0.0
отъезд 0.0 1.523 0.0
ракета 0.001 1.0 0.001
летать 0.0 1.301 0.0
каждый 0.001 0.244 0.0
слышаться 0.0 2.0 0.0
взрыв 0.002 0.959 0.002
звук 0.0 0.921 0.0
дверь 0.001 0.921 0.001
аж 0.0 1.699 0.0
ходить 0.0 0.77 0.0
подвал 0.004 1.0 0.004
наступать 0.0 1.097 0.0
начинаться 0.0 0.886 0.0
бомбежка… 0.0 2.0 0.0
сей 0.0 0.456 0.0
пора 0.0 0.357 0.0
вериться 0.001 2.0 0.002
действительно 0.001 0.377 0.0
уговаривать 0.0 1.699 0.0
муж 0.004 1.155 0.005
мама 0.004 0.854 0.003
согласиться 0.0 1.301 0.0
сразу 0.002 0.553 0.001
ради 0.0 1.046 0.0
ребёночек 0.0 1.699 0.0
февраль 0.002 0.337 0.001
начать 0.001 0.276 0.0
бомбить 0.001 0.824 0.001
встать 0.0 1.155 0.0
„ 0.005 0.62 0.003
“ 0.005 0.432 0.002
добрый 0.001 1.398 0.001
утро 0.002 1.046 0.002
привет 0.0 1.699 0.0
знать 0.003 0.244 0.001
понять 0.0 0.495 0.0
недоумевать 0.0 1.699 0.0
глядеть 0.0 2.0 0.0
продолжать 0.002 0.292 0.001
детками… 0.0 2.0 0.0
блестеть 0.0 2.0 0.0
слеза 0.002 1.523 0.003
территориальный 0.0 1.046 0.0
оборона 0.0 0.959 0.0
губа 0.0 1.301 0.0
дрожать 0.0 1.523 0.0
палец 0.0 1.398 0.0
начинать 0.0 0.569 0.0
быстро 0.001 0.495 0.0
выпрямлять 0.0 2.0 0.0
сгибать 0.0 2.0 0.0
салфетка 0.0 1.699 0.0
житель 0.001 0.456 0.0
готовиться 0.002 0.959 0.002
защищать 0.001 0.585 0.001
прийти 0.001 0.658 0.001
пытаться 0.001 0.409 0.0
что-то 0.001 0.509 0.001
сделать 0.002 0.208 0.0
вторжение 0.001 0.569 0.001
лилия 0.001 1.046 0.001
яппаровой 0.001 1.046 0.001
назад 0.004 0.18 0.001
бах-бах 0.001 2.0 0.002
погреб 0.001 1.699 0.002
третий 0.0 0.553 0.0
величина 0.0 1.398 0.0
город 0.005 0.409 0.002
сравнение 0.0 0.602 0.0
крупный 0.0 0.523 0.0
находиться 0.001 0.367 0.0
чат 0.0 1.097 0.0
повторять 0.0 1.222 0.0
переполненный 0.001 1.699 0.002
нужно 0.001 0.237 0.0
ехать 0.003 1.0 0.003
далёкий 0.002 0.481 0.001
варшава 0.0 2.0 0.0
принимать 0.001 0.432 0.0
сообщить 0.0 0.638 0.0
издание 0.001 0.481 0.0
notes 0.0 0.824 0.0
from 0.0 0.824 0.0
poland 0.0 1.523 0.0
столица 0.0 0.854 0.0
разместить 0.0 1.398 0.0
тысяча 0.002 0.31 0.001
сравнимый 0.0 1.699 0.0
население 0.001 0.569 0.001
приезд 0.0 2.0 0.0
резерв 0.0 1.222 0.0
этот 0.002 0.137 0.0
исчерпать 0.0 2.0 0.0
русский 0.0 0.62 0.0
речь 0.0 0.398 0.0
суржик 0.0 2.0 0.0
слышный 0.0 1.046 0.0
повсюду 0.001 1.523 0.002
улица 0.001 0.699 0.001
транспорт 0.001 0.854 0.001
магазин 0.0 0.796 0.0
главное 0.0 0.585 0.0
место 0.001 0.409 0.0
тот 0.0 0.131 0.0
сюда 0.001 1.097 0.001
приезжать 0.0 0.921 0.0
электричка 0.001 1.699 0.002
автовокзал 0.0 2.0 0.0
дорога 0.001 0.959 0.001
получать 0.0 0.569 0.0
еда 0.001 0.678 0.001
вода 0.001 0.638 0.001
предмет 0.0 1.155 0.0
необходимость 0.0 0.745 0.0
сима-карта 0.001 1.523 0.002
бесплатно 0.001 1.398 0.001
звонить 0.001 0.886 0.001
одежда 0.002 0.921 0.002
памперс 0.0 2.0 0.0
прокладка 0.0 2.0 0.0
получить 0.0 0.328 0.0
поиск 0.0 1.222 0.0
временной 0.0 1.046 0.0
работа 0.002 0.357 0.001
дальнейший 0.001 0.886 0.001
путь 0.002 0.62 0.001
билет 0.0 1.301 0.0
выдавать 0.0 1.155 0.0
паспорт 0.0 1.046 0.0
кроме 0.001 0.387 0.0
довезти 0.0 1.699 0.0
вызываться 0.0 1.699 0.0
поляк 0.001 1.523 0.002
главный 0.001 0.276 0.0
ожидание 0.001 1.222 0.001
товар 0.001 1.097 0.001
домашний 0.001 1.155 0.001
животное 0.001 0.854 0.001
nick 0.001 2.0 0.002
paleologos 0.001 2.0 0.002
bloomberg 0.001 1.046 0.001
очередь 0.001 0.538 0.001
пункт 0.003 0.721 0.002
гуманитарный 0.0 0.921 0.0
ждать 0.002 0.481 0.001
ошибиться 0.0 1.222 0.0
сложно 0.001 0.538 0.001
указатель 0.0 2.0 0.0
баннер 0.0 0.066 0.0
допомочь 0.0 2.0 0.0
iз 0.0 2.0 0.0
тимчасовой 0.0 2.0 0.0
проживанний 0.0 2.0 0.0
робот 0.0 1.699 0.0
украïнцiть 0.0 2.0 0.0
роздачi 0.0 2.0 0.0
одяга 0.0 2.0 0.0
суп 0.0 1.699 0.0
украïич 0.0 2.0 0.0
предоставлять 0.0 1.301 0.0
местный 0.001 0.602 0.001
отель 0.0 1.523 0.0
некоторый 0.0 0.222 0.0
рейс 0.0 1.699 0.0
ночевать 0.0 1.523 0.0
зал 0.0 1.222 0.0
уставить 0.0 2.0 0.0
чемодан 0.0 2.0 0.0
пакет 0.001 1.046 0.001
детский 0.001 0.77 0.001
коляска 0.0 2.0 0.0
переноска 0.0 2.0 0.0
один 0.003 0.119 0.0
туристический 0.0 1.699 0.0
коврик 0.0 1.699 0.0
каремат 0.0 2.0 0.0
пол 0.001 1.155 0.001
раскладывать 0.0 2.0 0.0
вокруг 0.0 0.721 0.0
плед 0.0 1.699 0.0
стараться 0.0 0.854 0.0
придать 0.0 1.523 0.0
хотя 0.001 0.276 0.0
немного 0.0 0.77 0.0
уют 0.0 2.0 0.0
обнимать 0.001 1.523 0.002
смотреть 0.0 0.62 0.0
куда-то 0.001 1.222 0.001
пустота 0.0 2.0 0.0
вiдпочинка 0.0 2.0 0.0
гласить 0.0 2.0 0.0
белый 0.001 1.0 0.001
надпись 0.0 1.222 0.0
синий 0.0 1.398 0.0
фон 0.0 0.745 0.0
вокзальный 0.0 2.0 0.0
помещение 0.0 0.854 0.0
посторонний 0.0 1.301 0.0
туда 0.001 0.921 0.001
пускать 0.0 1.097 0.0
приоткрыть 0.0 2.0 0.0
видно 0.0 0.921 0.0
небольшой 0.002 0.602 0.001
комната 0.002 1.301 0.003
заставить 0.0 1.046 0.0
продукт 0.0 0.678 0.0
вещь 0.002 0.62 0.001
раскладушка 0.0 2.0 0.0
матрас 0.0 1.523 0.0
лежать 0.001 0.824 0.001
женщина 0.003 0.824 0.002
маленький 0.001 0.328 0.0
грудной 0.001 1.523 0.002
отдыхать 0.001 1.699 0.002
здание 0.001 0.854 0.001
старое 0.0 1.523 0.0
крако 0.0 2.0 0.0
использовать 0.0 0.319 0.0
убежище 0.0 1.0 0.0
выходить 0.0 0.62 0.0
воздух 0.0 0.886 0.0
подышать 0.0 2.0 0.0
кивать 0.0 2.0 0.0
покачивать 0.0 2.0 0.0
трёхмесячный 0.0 2.0 0.0
несмотря 0.001 0.456 0.0
шум 0.0 1.523 0.0
младенец 0.0 1.699 0.0
крепко 0.0 2.0 0.0
приехать 0.002 0.854 0.002
делать 0.002 0.18 0.0
вопрос 0.0 0.276 0.0
отвечать 0.001 0.456 0.0
широкий 0.0 0.921 0.0
улыбка 0.001 1.699 0.002
сестра 0.0 1.046 0.0
добавлять 0.001 1.097 0.001
прерывать 0.001 1.699 0.002
разговор 0.0 0.745 0.0
слишком 0.0 0.553 0.0
широко 0.0 1.097 0.0
улыбаться 0.0 2.0 0.0
наш 0.004 0.337 0.001
бабушка 0.002 1.0 0.002
военный 0.001 0.444 0.0
объект 0.001 0.886 0.001
ирпень 0.001 1.155 0.001
пригород 0.001 1.046 0.001
узнать 0.001 0.481 0.0
мир 0.001 0.26 0.0
происходить 0.002 0.301 0.001
обитатель 0.0 1.523 0.0
краковский 0.0 2.0 0.0
возраст 0.0 0.658 0.0
среди 0.001 0.42 0.0
практически 0.001 0.602 0.001
выезд 0.001 1.523 0.002
запретить 0.0 0.77 0.0
введение 0.0 0.658 0.0
положение 0.0 1.046 0.0
игорь 0.003 1.222 0.004
немногий 0.0 1.699 0.0
отправить 0.0 0.959 0.0
дочь 0.004 0.886 0.004
внук 0.002 1.699 0.003
харьков 0.007 0.886 0.006
старуха 0.0 2.0 0.0
седой 0.0 2.0 0.0
живой 0.0 0.553 0.0
мимика 0.0 2.0 0.0
невестка 0.0 2.0 0.0
дедушка 0.0 1.523 0.0
смеяться 0.0 1.301 0.0
указывать 0.001 0.796 0.001
пожилой 0.0 1.046 0.0
сторона 0.001 0.347 0.0
растерять 0.0 1.699 0.0
вид 0.0 0.398 0.0
израиль 0.002 0.921 0.002
настоять 0.0 1.699 0.0
конец 0.0 0.444 0.0
бахать 0.0 1.699 0.0
частный 0.0 0.824 0.0
приходиться 0.0 0.745 0.0
попростывать 0.0 2.0 0.0
самолёт 0.0 1.097 0.0
спутница 0.001 2.0 0.002
днепр 0.001 1.398 0.001
бывший 0.0 0.699 0.0
днепропетровск 0.0 1.699 0.0
плохо 0.001 0.569 0.001
описывать 0.0 1.0 0.0
сам 0.002 0.137 0.0
начало 0.001 0.26 0.0
обстреливать 0.0 1.0 0.0
удаться 0.0 0.456 0.0
сесть 0.001 1.699 0.002
повезти 0.0 0.854 0.0
держать 0.0 0.824 0.0
купе 0.001 2.0 0.002
проход 0.001 1.699 0.002
пережить 0.0 1.097 0.0
занять 0.0 0.921 0.0
час 0.001 0.538 0.001
я 0.001 1.097 0.001
столб 0.0 1.699 0.0
увидеть 0.001 0.553 0.001
освенцим 0.0 2.0 0.0
спасибо 0.0 1.222 0.0
низкий 0.0 0.638 0.0
поклон 0.0 2.0 0.0
направляться 0.0 1.699 0.0
слупск 0.0 2.0 0.0
север 0.0 1.301 0.0
возвращение 0.0 1.155 0.0
домой 0.001 0.824 0.001
представить 0.0 0.638 0.0
думать 0.0 0.456 0.0
стать 0.0 0.149 0.0
фашист 0.0 2.0 0.0
сука 0.0 2.0 0.0
извинить 0.0 1.0 0.0
эмоционально 0.0 1.046 0.0
россиянин 0.0 0.444 0.0
прижимать 0.0 1.699 0.0
кулак 0.0 1.699 0.0
к 0.0 0.745 0.0
рот 0.0 1.301 0.0
часто 0.0 0.456 0.0
моргать 0.0 2.0 0.0
отогнать 0.0 1.699 0.0
подступать 0.0 2.0 0.0
возвращаться 0.0 0.854 0.0
понимать 0.002 0.42 0.001
почему 0.001 0.337 0.0
выпускать 0.001 1.0 0.001
уйти 0.0 0.77 0.0
представлять 0.0 0.678 0.0
картина 0.0 0.721 0.0
прощание 0.0 1.699 0.0
встреча 0.0 1.0 0.0
наталья 0.008 1.097 0.009
безымянный 0.0 2.0 0.0
правый 0.0 1.046 0.0
простой 0.0 0.538 0.0
золотой 0.0 1.301 0.0
кольцо 0.001 1.222 0.001
непроизвольно 0.0 2.0 0.0
дотрагиваться 0.0 2.0 0.0
вчера 0.001 1.222 0.001
видео 0.0 0.678 0.0
общаться 0.001 0.959 0.001
зато 0.0 0.886 0.0
научиться 0.0 1.301 0.0
готовить 0.0 0.959 0.0
готовый 0.001 0.509 0.001
неделя 0.001 0.328 0.0
50-летний 0.0 2.0 0.0
обычный 0.0 0.509 0.0
больший 0.0 0.328 0.0
семья 0.003 0.796 0.002
двое 0.001 1.155 0.001
отдельно 0.0 1.097 0.0
квартира 0.001 1.0 0.001
спальный 0.0 2.0 0.0
район 0.001 0.678 0.001
проспект 0.0 1.523 0.0
лобановский 0.0 2.0 0.0
семь 0.001 0.721 0.001
телефон 0.0 0.745 0.0
сказать 0.001 0.31 0.0
включить 0.0 1.222 0.0
новость 0.001 0.357 0.0
поверить 0.0 1.046 0.0
рассказ 0.0 1.155 0.0
максим 0.0 0.796 0.0
несколько 0.001 0.187 0.0
месяц 0.001 0.432 0.0
исполниться 0.001 1.523 0.002
пять 0.001 0.432 0.0
уметь 0.0 0.921 0.0
разговаривать 0.0 1.0 0.0
дёргать 0.0 2.0 0.0
взять 0.001 0.553 0.001
усталость 0.0 1.398 0.0
соглашаться 0.0 1.097 0.0
младший 0.0 1.097 0.0
соня 0.001 2.0 0.002
стоить 0.0 0.469 0.0
неподалёку 0.0 1.301 0.0
мультик 0.001 1.523 0.002
телевизор 0.0 0.921 0.0
компьютер 0.0 1.523 0.0
отвлекать 0.0 1.699 0.0
dominika 0.001 2.0 0.002
zarzycka 0.001 2.0 0.002
sopa 0.001 1.523 0.002
lightrocket 0.001 1.699 0.002
приносить 0.0 1.301 0.0
соседка 0.0 2.0 0.0
хлеб 0.0 1.301 0.0
наверное 0.001 0.921 0.001
нервный 0.0 1.155 0.0
почва 0.0 2.0 0.0
восемь 0.001 0.854 0.001
держаться 0.001 0.886 0.001
окно 0.001 0.886 0.001
аптека 0.0 1.0 0.0
видный 0.0 1.046 0.0
простоять 0.0 2.0 0.0
страшный 0.0 0.959 0.0
25-го 0.0 2.0 0.0
возле 0.0 1.097 0.0
сутки 0.002 0.824 0.002
жилой 0.0 0.886 0.0
многоэтажка 0.0 1.301 0.0
попасть 0.0 0.409 0.0
шесть 0.001 0.745 0.001
пострадать 0.0 0.796 0.0
страшно 0.002 1.097 0.002
смысл 0.0 0.481 0.0
прятаться 0.0 1.0 0.0
завалить 0.0 2.0 0.0
привыкнуть 0.0 1.398 0.0
спокойно 0.0 0.824 0.0
бачили 0.0 2.0 0.0
танк 0.0 0.854 0.0
разбитый 0.0 1.301 0.0
какой 0.0 0.357 0.0
ракетный 0.001 1.222 0.001
удар 0.001 0.745 0.001
фотография 0.0 0.553 0.0
поступить 0.0 0.921 0.0
уместиться 0.0 2.0 0.0
рюкзак 0.0 1.398 0.0
киевлянин 0.0 1.0 0.0
направиться 0.0 2.0 0.0
подарить 0.0 1.699 0.0
плюшевый 0.0 2.0 0.0
медведь 0.0 1.699 0.0
вместе 0.001 0.602 0.001
пересечь 0.0 2.0 0.0
тьма-тьмущий 0.0 2.0 0.0
целлофановый 0.0 2.0 0.0
поверх 0.0 2.0 0.0
планировать 0.0 0.886 0.0
немой 0.0 0.585 0.0
прожить 0.001 1.222 0.001
львовский 0.0 1.699 0.0
сад 0.0 1.301 0.0
взрослый 0.001 1.0 0.001
садик 0.001 1.699 0.002
соскучиться 0.0 2.0 0.0
обращаться 0.001 0.854 0.001
реагировать 0.0 1.097 0.0
ход 0.0 0.796 0.0
стресс 0.0 1.398 0.0
пока 0.001 0.208 0.0
заснуть 0.0 2.0 0.0
вечер 0.0 1.301 0.0
проснуться 0.0 1.097 0.0
девять 0.0 1.155 0.0
будить 0.0 2.0 0.0
сегодня 0.001 0.638 0.001
вообще 0.003 0.066 0.0
матрасик 0.001 2.0 0.002
разложить 0.0 1.699 0.0
чистый 0.0 1.046 0.0
бельё 0.0 1.699 0.0
пересадка 0.0 1.699 0.0
доехать 0.001 1.699 0.002
хорватия 0.0 1.523 0.0
познакомиться 0.0 1.301 0.0
онлайн-игра 0.0 2.0 0.0
именно 0.001 0.244 0.0
россия 0.002 0.108 0.0
позвать 0.0 1.699 0.0
сколько 0.001 0.585 0.001
пробыть 0.0 2.0 0.0
вернуться 0.001 0.638 0.001
особенно 0.001 0.553 0.001
признаваться 0.001 1.301 0.001
услышать 0.001 1.155 0.001
раскиснуть 0.0 2.0 0.0
заблокировать 0.0 0.553 0.0
работать 0.003 0.102 0.0
прямо 0.001 0.357 0.0
трудный 0.0 0.721 0.0
независимый 0.0 0.409 0.0
интерес 0.001 0.155 0.0
читатель 0.0 0.523 0.0
помочьхотать 0.0 0.886 0.0
помочь 0.001 0.125 0.0
мужик 0.0 1.699 0.0
свалить 0.0 2.0 0.0
толпа 0.0 1.301 0.0
49-летний 0.0 2.0 0.0
аня 0.004 1.699 0.007
сидя 0.0 2.0 0.0
руль 0.0 1.523 0.0
тёмный 0.0 1.523 0.0
фольксваген 0.0 2.0 0.0
польско-украинский 0.0 2.0 0.0
закрыть 0.0 0.959 0.0
возмущаться 0.0 1.523 0.0
взятка 0.0 2.0 0.0
выезжать 0.0 1.222 0.0
машина 0.002 0.921 0.002
дорогой 0.0 1.046 0.0
одетый 0.0 1.398 0.0
распальцовка 0.0 2.0 0.0
трындец 0.0 2.0 0.0
конь 0.0 2.0 0.0
мочить 0.0 1.301 0.0
обеспечивать 0.0 0.824 0.0
бэушной 0.0 2.0 0.0
фигня 0.0 2.0 0.0
новый 0.0 0.187 0.0
обеспечить 0.0 1.097 0.0
быть 0.001 0.215 0.0
хозяин 0.0 1.097 0.0
отдельный 0.0 0.678 0.0
бомбардировка 0.0 1.398 0.0
ахтырка 0.0 1.699 0.0
поехать 0.001 1.398 0.001
реально 0.0 0.959 0.0
боевой 0.0 0.77 0.0
действие 0.0 0.409 0.0
тикать 0.0 2.0 0.0
страх 0.0 0.796 0.0
крыша 0.0 1.398 0.0
ани 0.001 2.0 0.002
волна 0.0 0.921 0.0
прикрепить 0.0 1.523 0.0
флаг 0.0 1.0 0.0
производить 0.0 1.097 0.0
швейный 0.0 2.0 0.0
мастерская 0.0 1.699 0.0
россиянка 0.0 1.699 0.0
чита 0.0 2.0 0.0
посёлок 0.0 1.523 0.0
атамановка 0.0 2.0 0.0
собственный 0.0 0.569 0.0
мечта 0.0 1.398 0.0
осуществиться 0.0 2.0 0.0
поселиться 0.0 2.0 0.0
сумский 0.0 1.699 0.0
подвергаться 0.0 0.959 0.0
обстрел 0.0 0.678 0.0
переехать 0.0 1.398 0.0
проноситься 0.0 2.0 0.0
колонна 0.0 1.0 0.0
фура 0.0 2.0 0.0
ворота 0.0 1.523 0.0
пыль 0.0 1.523 0.0
вывести 0.0 1.301 0.0
putin 0.0 1.0 0.0
stop 0.0 1.046 0.0
девочка 0.001 1.222 0.001
полтава 0.001 2.0 0.002
выйти 0.001 0.456 0.0
когда-то 0.001 1.301 0.001
продавать 0.0 0.921 0.0
торговать 0.0 1.699 0.0
больной 0.0 1.155 0.0
рак 0.0 1.398 0.0
инвалид 0.0 1.699 0.0
инвалидность 0.0 1.699 0.0
оформить 0.0 1.398 0.0
успеть 0.0 0.678 0.0
медицинский 0.0 0.523 0.0
документ 0.002 0.678 0.001
кременчуг 0.0 2.0 0.0
бояться 0.001 0.699 0.001
опуститься 0.0 2.0 0.0
вероника 0.001 1.523 0.002
двигаться 0.0 0.921 0.0
ступор 0.0 2.0 0.0
кирпич 0.0 2.0 0.0
ты 0.0 1.0 0.0
лечение 0.0 0.77 0.0
привезти 0.0 1.222 0.0
бросить 0.0 1.046 0.0
пустить 0.0 1.301 0.0
пластина 0.0 2.0 0.0
воевать 0.0 0.886 0.0
основный 0.0 0.62 0.0
муниципалитет 0.0 2.0 0.0
неправительственный 0.0 2.0 0.0
организация 0.0 0.509 0.0
белорус 0.0 1.699 0.0
предложить 0.0 0.699 0.0
попросить 0.0 0.699 0.0
например 0.0 0.229 0.0
специальный 0.0 0.638 0.0
платформа 0.001 0.066 0.0
правительство 0.0 0.678 0.0
фейсбук-группа 0.0 2.0 0.0
телеграм-чат 0.0 1.699 0.0
internationaler 0.0 2.0 0.0
bund 0.0 2.0 0.0
polska 0.0 2.0 0.0
склад 0.0 2.0 0.0
lukasz 0.0 2.0 0.0
gagulski 0.0 2.0 0.0
считать 0.001 0.319 0.0
необходимый 0.0 0.638 0.0
закон 0.0 0.658 0.0
успевать 0.0 1.301 0.0
заявить 0.0 0.553 0.0
создание 0.0 0.921 0.0
фонд 0.001 1.0 0.001
размер 0.0 1.097 0.0
миллиард 0.0 1.046 0.0
злотый 0.001 2.0 0.002
доллар 0.001 0.921 0.001
министр 0.0 0.886 0.0
лукаш 0.0 2.0 0.0
шрайбер 0.0 2.0 0.0
пойти 0.0 0.509 0.0
финансирование 0.0 1.301 0.0
неотложный 0.0 2.0 0.0
поставка 0.0 0.921 0.0
единоразовый 0.0 2.0 0.0
прибыть 0.0 1.699 0.0
выплачивать 0.001 1.699 0.002
рассчитывать 0.0 0.886 0.0
селить 0.0 2.0 0.0
негде 0.0 1.523 0.0
объявить 0.0 0.553 0.0
аплодировать 0.0 2.0 0.0
идти 0.001 0.222 0.0
счёт 0.0 0.721 0.0
европейский 0.0 0.602 0.0
союз 0.0 0.886 0.0
открыть 0.0 0.538 0.0
доступ 0.0 0.796 0.0
государственный 0.0 0.523 0.0
социальный 0.0 0.721 0.0
рынок 0.0 0.699 0.0
труд 0.0 0.854 0.0
образование 0.0 0.886 0.0
беженка 0.0 2.0 0.0
сходить 0.0 1.222 0.0
школа 0.001 0.699 0.001
написать 0.0 0.62 0.0
заявление 0.0 0.62 0.0
просьба 0.0 0.886 0.0
позвонить 0.0 1.155 0.0
понедельник 0.0 1.222 0.0
заранее 0.0 0.959 0.0
поинтересоваться 0.0 2.0 0.0
хватать 0.0 0.886 0.0
подняться 0.0 1.155 0.0
цена 0.0 1.0 0.0
топливо 0.0 1.523 0.0
из-за 0.001 0.229 0.0
должный 0.001 0.201 0.0
терпеть 0.0 1.398 0.0
лишиться 0.0 1.097 0.0
остановить 0.0 0.523 0.0
против 0.001 0.229 0.0
радио 0.0 1.222 0.0
передавать 0.0 1.301 0.0
ведущий 0.0 0.959 0.0
знание 0.0 1.222 0.0
язык 0.0 0.678 0.0
понятно 0.0 0.699 0.0
начаться 0.001 0.367 0.0
долго 0.0 0.745 0.0
информационный 0.0 0.854 0.0
придумать 0.0 0.886 0.0
нацизм 0.0 1.155 0.0
пропагандировать 0.0 1.301 0.0
уверить 0.0 0.959 0.0
одноклассник 0.0 1.398 0.0
постоянно 0.0 0.62 0.0
подсовывать 0.0 2.0 0.0
страница 0.0 0.959 0.0
любить 0.001 0.921 0.001
армия 0.0 0.721 0.0
настоящий 0.0 0.585 0.0
фашизм 0.0 1.699 0.0
обращать 0.0 1.097 0.0
внимание 0.0 0.523 0.0
давно 0.0 0.77 0.0
отказ 0.0 0.77 0.0
гражданство 0.0 1.699 0.0
останавливать 0.0 1.097 0.0
бюрократия 0.0 2.0 0.0
часть 0.0 0.377 0.0
сознательный 0.0 2.0 0.0
некуда 0.001 1.301 0.001
ехать-то 0.001 2.0 0.002
контрольно-пропускной 0.0 2.0 0.0
медыка—шегиня 0.0 2.0 0.0
популярный 0.0 0.854 0.0
пересечение 0.0 2.0 0.0
корчова—краковец 0.0 2.0 0.0
максимально 0.0 0.721 0.0
упростить 0.0 1.523 0.0
достаточно 0.0 0.444 0.0
свидетельство 0.0 1.155 0.0
рождение 0.0 1.046 0.0
разрешить 0.0 0.886 0.0
ввозить 0.0 1.699 0.0
микрочип 0.0 1.699 0.0
вакцинация 0.0 0.553 0.0
бешенство 0.0 2.0 0.0
пробка 0.0 1.398 0.0
кпп 0.0 1.699 0.0
растянуться 0.0 2.0 0.0
километр 0.0 1.046 0.0
потребовать 0.0 1.097 0.0
зелёный 0.0 1.155 0.0
коридор 0.0 0.959 0.0
обогрев 0.0 2.0 0.0
добираться 0.001 1.699 0.002
заняться 0.0 1.398 0.0
служба 0.0 0.678 0.0
спасение 0.0 1.301 0.0
красный 0.001 1.097 0.001
забирать 0.0 1.699 0.0
многий 0.0 0.495 0.0
привозить 0.0 1.523 0.0
приём 0.001 0.921 0.001
открыться 0.0 1.222 0.0
окраина 0.0 1.097 0.0
близкий 0.0 0.347 0.0
супермаркет 0.0 1.699 0.0
tesco 0.001 2.0 0.002
парковка 0.0 1.699 0.0
подъезд 0.0 1.523 0.0
отвезти 0.0 1.699 0.0
куда-либо 0.0 2.0 0.0
водитель 0.001 1.398 0.001
обязать 0.0 1.097 0.0
зарегистрироваться 0.0 2.0 0.0
предоставить 0.0 1.046 0.0
указать 0.0 0.796 0.0
номер 0.0 1.222 0.0
теряться 0.0 2.0 0.0
кормить 0.0 1.155 0.0
кафе 0.0 1.097 0.0
палатка 0.0 2.0 0.0
выбор 0.0 0.886 0.0
большой 0.0 0.347 0.0
бутерброд 0.0 2.0 0.0
претцель 0.0 2.0 0.0
паста 0.0 2.0 0.0
картофель 0.0 2.0 0.0
фри 0.0 2.0 0.0
колбаска 0.0 1.699 0.0
веганский 0.0 2.0 0.0
блюдо 0.0 2.0 0.0
индийский 0.0 1.222 0.0
кухня 0.0 1.398 0.0
добро 0.0 2.0 0.0
пожаловать 0.0 2.0 0.0
перемышль 0.0 2.0 0.0
крупно 0.0 2.0 0.0
лист 0.0 1.398 0.0
плотный 0.0 1.155 0.0
бумага 0.0 1.222 0.0
приклеить 0.0 1.699 0.0
стеклянный 0.0 2.0 0.0
стена 0.001 0.921 0.001
стекло 0.0 1.301 0.0
укрыться 0.0 2.0 0.0
пройти 0.0 0.387 0.0
регистрация 0.0 0.854 0.0
советовать 0.0 0.854 0.0
рукописный 0.0 2.0 0.0
инструкция 0.0 0.699 0.0
стрелка 0.0 2.0 0.0
случай 0.0 0.194 0.0
объявление 0.0 1.398 0.0
отправление 0.0 2.0 0.0
точка 0.0 0.444 0.0
следить 0.0 0.796 0.0
экран 0.0 1.155 0.0
предложение 0.0 0.921 0.0
отдохнуть 0.0 1.699 0.0
решение 0.001 0.347 0.0
друг 0.0 0.387 0.0
знакомым… 0.0 2.0 0.0
равно 0.0 0.638 0.0
твой 0.0 1.046 0.0
нина 0.003 2.0 0.006
бледный 0.0 2.0 0.0
светлый 0.001 1.699 0.002
волос 0.0 1.523 0.0
собранный 0.0 1.222 0.0
высокий 0.0 0.495 0.0
хвост 0.0 1.523 0.0
одеяло 0.0 1.398 0.0
розовый 0.0 1.523 0.0
завернуть 0.0 2.0 0.0
чихуахуа 0.0 2.0 0.0
имя 0.0 0.585 0.0
маша 0.0 1.699 0.0
вроцлав 0.0 2.0 0.0
сотрудник 0.0 0.658 0.0
компания 0.0 0.444 0.0
кто 0.001 0.377 0.0
важно 0.0 0.509 0.0
греться 0.0 1.699 0.0
костёр 0.0 1.398 0.0
медык 0.0 2.0 0.0
wally 0.0 2.0 0.0
skalij 0.0 2.0 0.0
los 0.0 1.301 0.0
angeles 0.0 1.301 0.0
times 0.0 0.699 0.0
всё-таки 0.0 0.553 0.0
незнакомец 0.0 2.0 0.0
мать 0.0 0.854 0.0
гривна 0.001 1.523 0.002
поговорить 0.0 0.62 0.0
проезд 0.0 2.0 0.0
платить 0.0 1.097 0.0
неважно 0.0 1.699 0.0
обморок 0.0 2.0 0.0
харьков-львов 0.0 2.0 0.0
13-15 0.0 2.0 0.0
род 0.0 0.77 0.0
как-то 0.0 0.699 0.0
примостить 0.0 2.0 0.0
проводница 0.0 2.0 0.0
найти 0.0 0.456 0.0
ведро 0.0 1.699 0.0
перевернуть 0.0 1.699 0.0
господь 0.0 1.699 0.0
вроде 0.0 0.658 0.0
родиться 0.0 0.921 0.0
оставлять 0.0 0.959 0.0
настолько 0.0 0.886 0.0
жалко 0.0 1.523 0.0
было… 0.0 2.0 0.0
бомбёжка 0.0 1.155 0.0
везде 0.0 1.046 0.0
периодически 0.0 1.046 0.0
стрельба 0.0 1.523 0.0
повзрывать 0.0 1.699 0.0
завод 0.0 0.959 0.0
бешеный 0.0 1.699 0.0
выход 0.0 0.796 0.0
трещина 0.0 1.699 0.0
дать 0.001 0.066 0.0
бог 0.0 1.097 0.0
откуда 0.0 1.046 0.0
корреспондент 0.001 1.046 0.001
ответ 0.001 0.432 0.0
заверять 0.0 2.0 0.0
абсолютно 0.0 0.721 0.0
нормально 0.0 1.097 0.0
относиться 0.0 0.62 0.0
верить 0.0 0.553 0.0
насчёт 0.0 2.0 0.0
разбомбить 0.0 1.398 0.0
парка 0.0 2.0 0.0
идеальный 0.0 1.097 0.0
разрушиться 0.0 2.0 0.0
где-то 0.001 0.721 0.001
метро 0.0 1.222 0.0
бесконечный 0.0 1.301 0.0
сирена 0.0 1.301 0.0
бегать 0.0 1.523 0.0
ложиться 0.0 1.699 0.0
ум 0.0 1.301 0.0
тронуться 0.0 1.699 0.0
дело 0.0 0.252 0.0
преклонный 0.0 2.0 0.0
возраста… 0.0 2.0 0.0
пожить 0.0 2.0 0.0
разводить 0.0 1.699 0.0
разрушить 0.0 0.77 0.0
подхватывать 0.0 2.0 0.0
сон 0.0 1.301 0.0
испания 0.0 1.222 0.0
португалия 0.0 1.523 0.0
германия 0.002 0.699 0.001
нидерланды 0.0 1.301 0.0
бельгия 0.0 1.398 0.0
дания 0.0 1.301 0.0
табличка 0.0 1.699 0.0
направление 0.0 0.886 0.0
увешать 0.0 2.0 0.0
прощаться 0.0 2.0 0.0
родственник-беженец 0.0 2.0 0.0
отправляться 0.0 1.398 0.0
берлин 0.001 1.046 0.001
гданьск 0.0 2.0 0.0
зарегистрировать 0.0 0.602 0.0
отсюда 0.0 1.097 0.0
приглашать 0.0 1.523 0.0
ольга 0.005 1.398 0.007
крепкий 0.0 1.523 0.0
брюнетка 0.0 2.0 0.0
подруга 0.001 1.222 0.001
дочка 0.0 1.398 0.0
выдать 0.0 1.097 0.0
северный 0.0 0.824 0.0
салтовка 0.0 1.699 0.0
бой 0.0 0.959 0.0
ночью 0.0 1.301 0.0
град 0.0 1.523 0.0
лететь 0.0 1.699 0.0
больница 0.0 0.495 0.0
перинатальный 0.0 2.0 0.0
центр 0.0 0.432 0.0
роженица 0.0 1.699 0.0
кесарев 0.0 2.0 0.0
саша 0.0 1.398 0.0
встретить 0.0 1.097 0.0
11-й 0.0 2.0 0.0
освобождать 0.001 1.222 0.001
численность 0.001 1.398 0.001
журналист 0.001 0.481 0.0
капля 0.0 1.301 0.0
закончиться 0.0 0.62 0.0
перебивать 0.0 2.0 0.0
протягивать 0.0 1.699 0.0
флакончик 0.0 2.0 0.0
препарат 0.0 0.585 0.0
отпускать 0.0 1.699 0.0
блистер 0.0 2.0 0.0
таблетка 0.0 1.523 0.0
нурофен 0.0 2.0 0.0
сидение 0.0 1.699 0.0
два-три 0.0 1.398 0.0
забитый 0.0 1.699 0.0
шестой 0.0 1.155 0.0
станция 0.0 1.097 0.0
подать 0.0 1.046 0.0
отапливаться 0.0 2.0 0.0
отопление 0.0 1.301 0.0
включиться 0.0 1.523 0.0
забота 0.0 1.699 0.0
молодой 0.0 0.854 0.0
покамест… 0.0 2.0 0.0
десятилетие 0.0 1.155 0.0
нечего 0.001 1.398 0.001
строить 0.0 1.155 0.0
предприятие 0.0 0.959 0.0
изготовление 0.0 1.523 0.0
металлокерамический 0.0 2.0 0.0
фурнитура 0.0 2.0 0.0
карман 0.0 1.523 0.0
сель 0.0 2.0 0.0
копейка 0.0 1.699 0.0
конфета 0.0 1.699 0.0
радостный 0.0 2.0 0.0
крик 0.0 2.0 0.0
подбегать 0.0 2.0 0.0
темноволосый 0.0 2.0 0.0
оба 0.0 0.62 0.0
горсть 0.0 2.0 0.0
сладость 0.0 2.0 0.0
суметь 0.0 1.398 0.0
осознать 0.0 1.523 0.0
окружающий 0.0 1.301 0.0
кто-то 0.0 0.523 0.0
менять 0.0 0.886 0.0
интонация 0.0 1.699 0.0
убило… 0.0 2.0 0.0
набрать 0.0 1.046 0.0
бавария 0.0 1.523 0.0
разорваться 0.0 2.0 0.0
снаряд 0.0 0.959 0.0
столько 0.0 0.921 0.0
переезжать 0.0 1.523 0.0
военнообязанный 0.0 2.0 0.0
уверенный 0.0 0.921 0.0
подготовить 0.0 0.854 0.0
морально 0.0 2.0 0.0
физически 0.0 1.301 0.0
значит 0.0 0.444 0.0
правильно 0.0 0.824 0.0
быстрый 0.0 0.699 0.0
поцеловаться 0.0 2.0 0.0
скоро 0.0 0.796 0.0
тётя 0.0 1.699 0.0
встречать 0.002 1.222 0.002
покинуть 0.001 0.745 0.001
разделяться 0.0 2.0 0.0
жутко 0.0 2.0 0.0
созваниваться 0.0 1.398 0.0
надеяться 0.0 0.699 0.0
скорее 0.0 0.509 0.0
разгромить 0.0 1.523 0.0
неизвестно 0.001 0.77 0.001
постройка 0.0 1.699 0.0
xix 0.0 1.699 0.0
век 0.0 1.046 0.0
елена 0.003 1.0 0.003
кузьмицкий 0.0 2.0 0.0
лозовая 0.0 1.699 0.0
харьковский 0.0 1.523 0.0
корточки 0.0 2.0 0.0
прислониться 0.0 2.0 0.0
окружение 0.0 1.222 0.0
устать 0.0 1.222 0.0
сжиматься 0.0 1.699 0.0
плохой 0.0 0.509 0.0
фактически 0.0 0.721 0.0
нерв 0.0 1.523 0.0
хотеться 0.0 0.77 0.0
внучка 0.0 1.523 0.0
настенёк 0.0 2.0 0.0
подружка 0.0 1.699 0.0
юность 0.0 2.0 0.0
обещать 0.0 0.921 0.0
приютить 0.0 2.0 0.0
мой 0.0 0.585 0.0
подойти 0.0 1.097 0.0
настя 0.001 1.523 0.002
длинный 0.0 1.0 0.0
косичка 0.0 2.0 0.0
куртка 0.0 1.301 0.0
зубной 0.0 1.699 0.0
щётка 0.0 1.699 0.0
взбираться 0.0 1.699 0.0
посмотреть 0.0 0.523 0.0
дед 0.0 1.699 0.0
ремонт 0.0 1.398 0.0
снимка 0.0 1.699 0.0
строение 0.0 1.699 0.0
недавно 0.0 0.62 0.0
старенький 0.0 1.523 0.0
сердце 0.0 1.155 0.0
прощались… 0.0 2.0 0.0
задумываться 0.0 1.699 0.0
спокойный 0.0 1.222 0.0
собраться 0.0 1.523 0.0
расплакаться 0.0 2.0 0.0
малый 0.0 0.678 0.0
поцеловать 0.0 2.0 0.0
нет… 0.0 2.0 0.0
вообще… 0.0 2.0 0.0
прибывать 0.0 1.398 0.0
из 0.0 1.699 0.0
yara 0.0 2.0 0.0
nardi 0.0 2.0 0.0
reuters 0.0 0.745 0.0
громко 0.0 1.699 0.0
протяжно 0.0 2.0 0.0
кричать 0.001 1.155 0.001
запрокинуть 0.0 2.0 0.0
потолок 0.0 1.523 0.0
успокоить 0.0 1.523 0.0
удаваться 0.0 1.097 0.0
уводить 0.0 2.0 0.0
грустно 0.0 1.398 0.0
папа 0.001 1.155 0.001
похожий 0.0 0.602 0.0
24-го 0.0 2.0 0.0
рано 0.0 0.921 0.0
котик 0.0 1.699 0.0
покормить 0.0 2.0 0.0
любимый 0.0 1.222 0.0
ужасный 0.0 1.301 0.0
подпрыгнуть 0.0 2.0 0.0
задребезжать 0.0 2.0 0.0
пара 0.0 0.658 0.0
донбасс 0.0 0.959 0.0
далеко 0.0 0.745 0.0
активно 0.0 0.77 0.0
недостаточно 0.0 0.921 0.0
пресса 0.0 1.155 0.0
решать… 0.0 2.0 0.0
задаваться 0.0 1.523 0.0
помимо 0.001 0.796 0.001
24/7 0.0 0.102 0.0
читателейн 0.0 0.174 0.0
срочно 0.0 0.167 0.0
редакция 0.001 0.066 0.0
кодекс 0.0 0.066 0.0
блог 0.0 0.066 0.0
meduzacare 0.0 0.066 0.0
связаться 0.0 0.066 0.0
анонимно 0.0 0.066 0.0
ios 0.0 0.066 0.0
android 0.0 0.066 0.0
инстаграм 0.0 0.066 0.0
twitter 0.0 0.0 0.0
facebook 0.0 0.0 0.0
вконтакте 0.0 0.066 0.0
youtube 0.0 0.06 0.0
– 0.0 0.06 0.0
live 0.0 0.022 0.0
вечерний 0.0 0.066 0.0
реклама 0.001 0.066 0.0
требование 0.0 0.066 0.0
безопасно 0.0 0.066 0.0
персональный 0.0 0.066 0.0
правило 0.0 0.066 0.0
обработка 0.0 0.066 0.0
использование 0.0 0.066 0.0
кук 0.0 0.066 0.0
наслать 0.0 0.066 0.0
ошибка 0.0 0.066 0.0
выделить 0.0 0.066 0.0
нажать 0.0 0.066 0.0
ctrl+enter 0.0 0.066 0.0
спасибоgiphyз 0.0 0.066 0.0
гифка 0.0 0.066 0.0
© 0.0 0.0 0.0
