перейти 0.002 0.066 0.0
материал 0.002 0.066 0.0
связь 0.003 0.0 0.0
новостиисторииразборшапитокоронавирусмагаз 0.001 0.066 0.0
медуза 0.014 0.066 0.001
рекламаmeduza 0.001 0.066 0.0
in 0.001 0.0 0.0
english 0.001 0.06 0.0
показывать 0.001 0.066 0.0
порядок 0.001 0.066 0.0
en 0.001 0.066 0.0
кнопка 0.001 0.066 0.0
поддержка 0.004 0.066 0.0
история 0.004 0.26 0.001
скрываться 0.003 1.046 0.003
москва 0.004 0.523 0.002
отказываться 0.001 0.721 0.001
убежище 0.002 1.0 0.002
франция 0.003 0.854 0.003
сын 0.005 0.921 0.005
считать 0.001 0.319 0.0
разрушить 0.003 0.77 0.002
жизнь 0.005 0.319 0.002
свой 0.009000000000000001 0.143 0.001
семья 0.008 0.796 0.006
сотрудница 0.002 1.398 0.003
первый 0.01 0.143 0.001
канал 0.013000000000000001 0.699 0.009
марина 0.011 1.301 0.014
овсянников 0.017 1.301 0.022
рассказать 0.001 0.469 0.0
антивоенный 0.005 0.796 0.004
акция 0.009000000000000001 0.745 0.007
немецкий 0.004 0.699 0.003
журнал 0.004 0.77 0.003
der 0.004 1.301 0.005
spiegel 0.004 1.301 0.005
март 0.004 0.284 0.001
источник 0.001 0.167 0.0
meduza 0.004 0.0 0.0
редактор 0.001 0.921 0.001
заседание 0.001 1.097 0.001
останкинский 0.002 2.0 0.004
суд 0.002 1.097 0.002
год 0.006 0.119 0.001
михаил 0.003 0.921 0.003
джапаридзе 0.003 2.0 0.006
тасс 0.003 0.699 0.002
scanpix 0.003 0.301 0.001
leta 0.003 0.301 0.001
данный 0.001 0.097 0.0
сообщение 0.001 0.102 0.0
создать 0.001 0.097 0.0
распространить 0.001 0.102 0.0
иностранный 0.004 0.097 0.0
средство 0.001 0.097 0.0
массовый 0.001 0.097 0.0
информация 0.001 0.102 0.0
выполнять 0.003 0.097 0.0
функция 0.003 0.097 0.0
агент 0.003 0.097 0.0
российский 0.001 0.071 0.0
юридический 0.001 0.102 0.0
лицо 0.001 0.086 0.0
мы 0.002 0.066 0.0
нужный 0.003 0.086 0.0
ваш 0.003 0.081 0.0
помощь 0.001 0.071 0.0
пожалуйста 0.001 0.102 0.0
поддержать 0.002 0.066 0.0
мир 0.002 0.26 0.001
узнать 0.001 0.481 0.0
понедельник 0.004 1.222 0.005
устроить 0.001 0.854 0.001
прямой 0.001 0.658 0.001
эфир 0.005 0.959 0.005
программа 0.001 0.824 0.001
время 0.003 0.086 0.0
развернуть 0.001 1.301 0.001
спина 0.001 1.155 0.001
телеведущий 0.001 1.523 0.002
екатерина 0.001 1.222 0.001
андреев 0.002 1.699 0.003
плакат 0.008 1.097 0.009
слово 0.001 0.268 0.0
no 0.001 0.796 0.001
war 0.003 0.77 0.002
остановить 0.003 0.523 0.002
война 0.015000000000000003 0.357 0.005
верить 0.003 0.553 0.002
пропаганда 0.001 0.745 0.001
врать 0.004 1.222 0.005
russians 0.001 1.0 0.001
against 0.001 0.824 0.001
несколько 0.001 0.187 0.0
повторить 0.001 1.046 0.001
пока 0.004 0.208 0.001
режиссёр 0.001 1.699 0.002
перекрыть 0.001 1.699 0.002
изображение 0.001 1.222 0.001
студия 0.002 1.301 0.003
кадр 0.001 1.097 0.001
сюжет 0.002 1.222 0.002
который 0.008 0.071 0.001
читать 0.005 0.444 0.002
подводка 0.001 1.699 0.002
день 0.005 0.167 0.001
задержать 0.001 0.959 0.001
поздний 0.001 0.745 0.001
оштрафовать 0.001 1.699 0.002
тысяча 0.004 0.31 0.001
рубль 0.004 1.0 0.004
призыв 0.003 0.854 0.003
участие 0.003 0.638 0.002
несогласованный 0.003 1.699 0.005
отношение 0.001 0.509 0.001
вестись 0.001 1.097 0.001
доследственный 0.001 1.699 0.002
проверка 0.003 0.921 0.003
пересказывать 0.001 1.222 0.001
интервью 0.006 0.745 0.004
дать 0.004 0.066 0.0
это 0.01 0.066 0.001
подробный 0.001 0.569 0.001
пересказ 0.001 1.301 0.001
привести 0.001 0.456 0.0
цитата 0.001 1.222 0.001
перевести 0.001 1.097 0.001
сократить 0.001 1.222 0.001
отредактировать 0.001 2.0 0.002
сохранение 0.001 1.398 0.001
фактический 0.001 1.155 0.001
смысл 0.001 0.481 0.0
полностью 0.001 0.538 0.001
прочитать 0.001 0.796 0.001
находиться 0.004 0.367 0.001
друг 0.003 0.387 0.001
медленно 0.001 1.222 0.001
начинать 0.001 0.569 0.001
осознавать 0.002 1.301 0.003
измениться 0.001 0.745 0.001
навсегда 0.001 0.854 0.001
старый 0.001 0.658 0.001
вернуться 0.002 0.638 0.001
мочь 0.005 0.102 0.001
вздыхать 0.001 2.0 0.002
принимать 0.001 0.432 0.0
успокоительный 0.001 1.699 0.002
очень 0.004 0.149 0.001
беспокоиться 0.001 1.301 0.001
ребёнок 0.003 0.387 0.001
17-летний 0.001 2.0 0.002
11-летний 0.001 1.699 0.002
дочь 0.001 0.886 0.001
оба 0.001 0.62 0.001
я 0.004 1.097 0.004
безопасность 0.001 0.387 0.0
остаться 0.002 0.432 0.001
россия 0.006 0.108 0.001
принять 0.001 0.42 0.0
предложение 0.001 0.921 0.001
президент 0.003 0.523 0.002
патриотка 0.001 2.0 0.002
больший 0.002 0.328 0.001
патриот 0.001 1.398 0.001
никуда 0.001 1.097 0.001
хотеть 0.004 0.102 0.0
уезжать 0.001 1.046 0.001
тяжёлый 0.002 0.377 0.001
удар 0.001 0.745 0.001
мама 0.001 0.854 0.001
пребывать 0.001 1.523 0.002
состояние 0.001 0.721 0.001
шок 0.002 1.222 0.002
измотать 0.001 2.0 0.002
упрекнуть 0.001 1.699 0.002
член 0.001 0.745 0.001
непростой 0.001 1.699 0.002
возраст 0.001 0.658 0.001
продолжать 0.001 0.292 0.0
разговаривать 0.002 1.0 0.002
просто 0.003 0.194 0.001
сложно 0.001 0.538 0.001
физически 0.001 1.301 0.001
выносить 0.001 1.222 0.001
два 0.001 0.26 0.0
огонь 0.001 1.046 0.001
чувствовать 0.001 0.678 0.001
большой 0.001 0.347 0.0
сторона 0.001 0.347 0.0
страшно 0.003 1.097 0.003
лишь 0.001 0.481 0.0
человек 0.003 0.092 0.0
произойти 0.003 0.638 0.002
угодный 0.001 1.301 0.001
например 0.001 0.229 0.0
автокатастрофа 0.001 1.699 0.002
жалеть 0.001 1.523 0.002
назвать 0.001 0.569 0.001
черта 0.001 1.301 0.001
путь 0.001 0.62 0.001
назад 0.004 0.18 0.001
оставаться 0.001 0.387 0.0
говорить 0.001 0.18 0.0
прямо 0.001 0.357 0.0
открыто 0.001 1.523 0.002
против 0.004 0.229 0.001
завести 0.001 1.301 0.001
уголовный 0.002 0.959 0.002
дело 0.002 0.252 0.001
проходить 0.001 0.495 0.0
хотя 0.001 0.276 0.0
слышать 0.001 0.745 0.001
возбуждение 0.001 1.398 0.001
требовать 0.001 0.658 0.001
представитель 0.001 0.638 0.001
власть 0.001 0.31 0.0
приговорить 0.001 1.523 0.002
штраф 0.002 1.301 0.003
многие 0.006 0.284 0.002
другой 0.002 0.097 0.0
отбывать 0.001 2.0 0.002
сутки 0.001 0.824 0.001
заключение 0.001 1.046 0.001
ранний 0.001 0.409 0.0
интересоваться 0.001 1.699 0.002
политика 0.001 0.602 0.001
ходить 0.001 0.77 0.001
протест 0.004 0.745 0.003
недовольство 0.001 1.699 0.002
положение 0.001 1.046 0.001
вещь 0.001 0.62 0.001
копиться 0.001 2.0 0.002
гайка 0.001 2.0 0.002
постепенно 0.003 1.222 0.004
закручиваться 0.001 2.0 0.002
сильный 0.001 0.553 0.001
сначала 0.001 0.602 0.001
выбирать 0.001 1.0 0.001
губернатор 0.001 1.222 0.001
днр 0.001 0.959 0.001
лнр 0.001 1.0 0.001
отравление 0.001 1.523 0.002
навальный 0.001 1.222 0.001
репрессия 0.001 1.222 0.001
независимый 0.001 0.409 0.0
сми 0.001 0.602 0.001
перевернуть 0.001 1.699 0.002
никто 0.006 0.432 0.003
ожидать 0.001 0.62 0.001
думать 0.001 0.456 0.0
нато 0.001 0.959 0.001
сша 0.001 0.469 0.0
блефовать 0.001 2.0 0.002
дипломат 0.001 1.155 0.001
уладить 0.001 2.0 0.002
февраль 0.001 0.337 0.0
случиться 0.001 0.509 0.001
настоящий 0.003 0.585 0.002
адвокат 0.001 2.0 0.002
антон 0.001 1.155 0.001
гашинский 0.001 2.0 0.002
выход 0.001 0.796 0.001
присудить 0.001 2.0 0.002
демонстрация 0.001 1.398 0.001
родиться 0.001 0.921 0.001
одесса 0.001 1.222 0.001
восемь 0.001 0.854 0.001
переехать 0.001 1.398 0.001
отец 0.001 1.0 0.001
умереть 0.001 0.638 0.001
город 0.001 0.409 0.0
могила 0.001 1.097 0.001
родственник 0.001 0.745 0.001
украина 0.001 0.347 0.0
мало 0.001 0.538 0.001
общаться 0.002 0.959 0.002
пацифистский 0.001 2.0 0.002
интерес 0.005 0.155 0.001
скорее 0.001 0.509 0.001
закончить 0.001 1.097 0.001
запад 0.002 0.678 0.001
понимать 0.007 0.42 0.003
россиянин 0.001 0.444 0.0
фейк 0.001 1.0 0.001
монтаж 0.001 1.699 0.002
смеяться 0.001 1.301 0.001
коллега 0.002 0.796 0.002
подтвердить 0.001 0.678 0.001
этот 0.001 0.137 0.0
действительно 0.001 0.377 0.0
мой 0.001 0.585 0.001
идея 0.001 0.585 0.001
знать 0.002 0.244 0.0
сказать 0.002 0.31 0.001
пресс-секретарь 0.001 1.155 0.001
дмитрий 0.003 0.62 0.002
песок 0.001 1.097 0.001
враг 0.001 1.046 0.001
номер 0.001 1.222 0.001
ярость 0.001 1.699 0.002
подумать 0.001 1.0 0.001
последствие 0.001 0.523 0.001
поступок 0.001 1.398 0.001
каждый 0.002 0.244 0.0
работать 0.004 0.102 0.0
недельный 0.001 2.0 0.002
смена 0.001 1.046 0.001
выходной 0.001 1.301 0.001
подготовить 0.001 0.854 0.001
купить 0.001 0.796 0.001
ватман 0.001 2.0 0.002
маркер 0.001 2.0 0.002
кухня 0.001 1.398 0.001
нарисовать 0.001 1.301 0.001
записать 0.001 0.959 0.001
видеоролик 0.001 1.699 0.002
обсудить 0.001 1.222 0.001
план 0.001 0.658 0.001
обычно 0.001 0.523 0.001
выйти 0.004 0.456 0.002
работа 0.004 0.357 0.001
изучить 0.001 0.854 0.001
расположение 0.001 2.0 0.002
камера 0.001 1.097 0.001
выбрать 0.001 0.886 0.001
место 0.003 0.409 0.001
встать 0.001 1.155 0.001
самый 0.001 0.208 0.0
страх 0.001 0.796 0.001
увидеть 0.001 0.553 0.001
телевизор 0.001 0.921 0.001
напрасно 0.001 2.0 0.002
ворваться 0.001 1.301 0.001
мимо 0.001 1.301 0.001
полицейский 0.002 1.046 0.002
успеть 0.001 0.678 0.001
отреагировать 0.001 1.155 0.001
затем 0.003 0.678 0.002
показать 0.001 0.432 0.0
рабочий 0.001 0.886 0.001
приняться 0.001 2.0 0.002
ждать 0.001 0.481 0.0
к 0.001 0.745 0.001
прислать 0.001 0.77 0.001
начальник 0.003 1.222 0.004
спрашивать 0.003 0.886 0.003
один 0.001 0.119 0.0
неужели 0.001 1.155 0.001
появиться 0.001 0.367 0.0
полиция 0.001 1.0 0.001
довольно 0.001 0.523 0.001
дружелюбно 0.001 2.0 0.002
начальство 0.001 1.523 0.002
уволиться 0.001 1.398 0.001
быть 0.001 0.215 0.0
эмоция 0.001 1.155 0.001
сделать 0.001 0.208 0.0
сегодня 0.001 0.638 0.001
подать 0.001 1.046 0.001
заявление 0.001 0.62 0.001
вежливый 0.001 2.0 0.002
политический 0.001 0.658 0.001
ситуация 0.001 0.337 0.0
допрос 0.001 2.0 0.002
вести 0.001 0.553 0.001
заместитель 0.001 1.046 0.001
руководитель 0.001 0.886 0.001
отдел 0.001 1.301 0.001
борьба 0.002 0.658 0.001
экстремизм 0.001 1.523 0.002
звонить 0.001 0.886 0.001
сам 0.001 0.137 0.0
решиться 0.001 1.523 0.002
связать 0.001 0.469 0.0
надоумить 0.001 2.0 0.002
международный 0.002 0.569 0.001
новость 0.001 0.357 0.0
агентство 0.001 0.824 0.001
лента 0.001 1.398 0.001
записывать 0.001 1.301 0.001
политик 0.001 1.155 0.001
эксперт 0.001 0.745 0.001
продюсировать 0.001 2.0 0.002
видеть 0.001 0.444 0.0
реальность 0.001 0.77 0.001
страна 0.001 0.155 0.0
защищать 0.001 0.585 0.001
информационный 0.001 0.854 0.001
однако 0.001 0.337 0.0
превратиться 0.001 0.886 0.001
бремя 0.001 1.699 0.002
большинство 0.001 0.509 0.001
работник 0.001 0.824 0.001
госканал 0.004 2.0 0.008
прекрасно 0.001 1.222 0.001
происходить 0.007 0.301 0.002
вовсе 0.001 0.921 0.001
убеждённый 0.001 1.398 0.001
пропагандист 0.001 1.699 0.002
внутри 0.001 0.745 0.001
постоянно 0.001 0.62 0.001
идти 0.001 0.222 0.0
моральный 0.001 1.398 0.001
ориентир 0.001 1.699 0.002
как-то 0.001 0.699 0.001
кормить 0.001 1.155 0.001
найти 0.001 0.456 0.0
радостно 0.001 1.699 0.002
увольняться 0.001 1.523 0.002
исключение 0.003 0.854 0.003
рассказывать 0.003 0.337 0.001
бонус 0.003 1.523 0.005
из-за 0.003 0.229 0.001
24/7 0.001 0.102 0.0
читателейн 0.001 0.174 0.0
срочно 0.001 0.167 0.0
помочь 0.001 0.125 0.0
пересказать 0.001 1.699 0.002
вачединый 0.001 1.398 0.001
редакция 0.003 0.066 0.0
кодекс 0.001 0.066 0.0
блог 0.001 0.066 0.0
meduzacare 0.001 0.066 0.0
связаться 0.001 0.066 0.0
анонимно 0.001 0.066 0.0
платформа 0.003 0.066 0.0
ios 0.001 0.066 0.0
android 0.001 0.066 0.0
инстаграм 0.001 0.066 0.0
twitter 0.001 0.0 0.0
facebook 0.001 0.0 0.0
вконтакте 0.001 0.066 0.0
youtube 0.001 0.06 0.0
– 0.001 0.06 0.0
live 0.001 0.022 0.0
вечерний 0.001 0.066 0.0
вообще 0.001 0.066 0.0
реклама 0.003 0.066 0.0
требование 0.001 0.066 0.0
баннер 0.001 0.066 0.0
безопасно 0.001 0.066 0.0
персональный 0.001 0.066 0.0
правило 0.001 0.066 0.0
обработка 0.001 0.066 0.0
использование 0.001 0.066 0.0
кук 0.001 0.066 0.0
наслать 0.001 0.066 0.0
ошибка 0.001 0.066 0.0
выделить 0.001 0.066 0.0
нажать 0.001 0.066 0.0
ctrl+enter 0.001 0.066 0.0
спасибоgiphyз 0.001 0.066 0.0
гифка 0.001 0.066 0.0
© 0.001 0.0 0.0
