перейти 0.001 0.066 0.0
материал 0.002 0.066 0.0
связь 0.006 0.0 0.0
новостиисторииразборшапитокоронавирусмагаз 0.001 0.066 0.0
медуза 0.01 0.066 0.001
рекламаmeduza 0.001 0.066 0.0
in 0.001 0.0 0.0
english 0.001 0.06 0.0
показывать 0.001 0.066 0.0
порядок 0.001 0.066 0.0
en 0.001 0.066 0.0
кнопка 0.001 0.066 0.0
поддержка 0.003 0.066 0.0
история 0.004 0.26 0.001
человек 0.026000000000000002 0.092 0.002
хоронить 0.002 1.155 0.002
братский 0.002 1.155 0.002
могила 0.002 1.097 0.002
мариуполь 0.018000000000000002 0.77 0.014
неделя 0.004 0.328 0.001
осада 0.005 0.854 0.004
практически 0.005 0.602 0.003
вода 0.008 0.638 0.005
электричество 0.005 1.0 0.005
лекарство 0.002 0.569 0.001
россия 0.008 0.108 0.001
продолжать 0.003 0.292 0.001
обстреливать 0.003 1.0 0.003
город 0.028000000000000004 0.409 0.011
март 0.005 0.284 0.001
источник 0.001 0.167 0.0
meduza 0.004 0.0 0.0
данный 0.001 0.097 0.0
сообщение 0.001 0.102 0.0
создать 0.001 0.097 0.0
распространить 0.001 0.102 0.0
иностранный 0.003 0.097 0.0
средство 0.001 0.097 0.0
массовый 0.002 0.097 0.0
информация 0.001 0.102 0.0
выполнять 0.002 0.097 0.0
функция 0.002 0.097 0.0
агент 0.002 0.097 0.0
российский 0.014000000000000002 0.071 0.001
юридический 0.001 0.102 0.0
лицо 0.001 0.086 0.0
мы 0.006 0.066 0.0
нужный 0.004 0.086 0.0
ваш 0.004 0.081 0.0
помощь 0.003 0.071 0.0
пожалуйста 0.001 0.102 0.0
поддержать 0.002 0.066 0.0
evgeniy 0.002 1.301 0.003
maloletka 0.002 1.301 0.003
ap 0.002 0.854 0.002
scanpix 0.002 0.301 0.001
leta 0.002 0.301 0.001
самый 0.002 0.208 0.0
пострадать 0.002 0.796 0.002
украинский 0.005 0.538 0.003
находиться 0.015000000000000001 0.367 0.006
несмотря 0.004 0.456 0.002
это 0.015 0.066 0.001
власть 0.001 0.31 0.0
сообщить 0.001 0.638 0.001
обстрел 0.008 0.678 0.005
попасть 0.002 0.409 0.001
родильный 0.001 1.699 0.002
отделение 0.001 1.046 0.001
больница 0.006 0.495 0.003
поздний 0.001 0.745 0.001
киев 0.001 0.699 0.001
уточнить 0.001 1.097 0.001
результат 0.001 0.367 0.0
погибнуть 0.002 0.824 0.002
число 0.002 0.201 0.0
ребёнок 0.004 0.387 0.002
ранить 0.001 1.398 0.001
сторона 0.008 0.347 0.003
пытаться 0.001 0.409 0.0
назвать 0.001 0.569 0.001
фейк 0.001 1.0 0.001
постановка 0.001 1.398 0.001
безуспешно 0.001 1.398 0.001
происходить 0.001 0.301 0.0
поговорить 0.001 0.62 0.001
журналист 0.002 0.481 0.001
артём 0.002 1.046 0.002
попов 0.002 1.398 0.003
который 0.006 0.071 0.0
лишь 0.001 0.481 0.0
несколько 0.001 0.187 0.0
день 0.012000000000000002 0.167 0.002
назад 0.007 0.18 0.001
покинуть 0.001 0.745 0.001
пригород 0.001 1.046 0.001
телеканал 0.001 0.854 0.001
украина 0.005 0.347 0.002
последний 0.003 0.284 0.001
начинать 0.002 0.569 0.001
утюжить 0.001 1.699 0.002
тяжёлый 0.002 0.377 0.001
артиллерия 0.001 1.155 0.001
град 0.001 1.523 0.002
ситуация 0.003 0.337 0.001
сложный 0.001 0.602 0.001
стрелять 0.001 1.0 0.001
круглый 0.001 1.523 0.002
сутки 0.001 0.824 0.001
место 0.002 0.409 0.001
снаряд 0.001 0.959 0.001
долетать 0.001 2.0 0.002
дом 0.005 0.495 0.002
содрогаться 0.001 2.0 0.002
тяжело 0.001 0.796 0.001
остальной 0.001 0.553 0.001
более-менее 0.001 1.155 0.001
кто-то 0.003 0.523 0.002
дозвониться 0.001 1.699 0.002
момент 0.001 0.387 0.0
окружный 0.001 1.398 0.001
блокада 0.002 1.523 0.003
удаться 0.001 0.456 0.0
выехать 0.002 1.222 0.002
малый 0.001 0.678 0.001
количество 0.002 0.481 0.001
блокпост 0.002 1.398 0.003
войско 0.003 0.678 0.002
оставаться 0.001 0.387 0.0
неподалёку 0.002 1.301 0.003
хотеться 0.001 0.77 0.001
терять 0.001 1.097 0.001
выбраться 0.001 1.0 0.001
достаточно 0.001 0.444 0.0
трудно 0.001 0.824 0.001
пара 0.003 0.658 0.002
запорожье 0.004 1.699 0.007
выезжать 0.005 1.222 0.006
мой 0.001 0.585 0.001
знакомый 0.002 0.854 0.002
пропустить 0.001 1.155 0.001
говорить 0.005 0.18 0.001
проезжать 0.001 1.523 0.002
розовка 0.001 2.0 0.002
населить 0.002 1.398 0.003
пункт 0.003 0.721 0.002
граница 0.001 0.658 0.001
донецкий 0.002 1.155 0.002
запорожский 0.001 1.301 0.001
область 0.002 0.523 0.001
куча 0.002 1.155 0.002
разбитый 0.001 1.301 0.001
техника 0.001 1.046 0.001
военный 0.009000000000000001 0.444 0.004
картина 0.001 0.721 0.001
въезд 0.001 1.222 0.001
стоять 0.001 1.0 0.001
машина 0.002 0.921 0.002
тёплый 0.001 1.222 0.001
идти 0.003 0.222 0.001
дым 0.001 1.301 0.001
руль 0.001 1.523 0.002
семейный 0.002 1.301 0.003
расстрелять 0.001 1.398 0.001
понимать 0.004 0.42 0.002
хотеть 0.009000000000000001 0.102 0.001
забрать 0.002 1.046 0.002
мочь 0.002 0.102 0.0
сказать 0.002 0.31 0.001
бомбардировка 0.001 1.398 0.001
абсолютно 0.001 0.721 0.001
хаотический 0.001 2.0 0.002
попадать 0.001 0.854 0.001
школа 0.001 0.699 0.001
религиозный 0.001 1.523 0.002
учреждение 0.001 0.959 0.001
пожарный 0.001 1.398 0.001
часть 0.002 0.377 0.001
возможность 0.002 0.444 0.001
тушить 0.001 1.398 0.001
пожар 0.001 1.155 0.001
время 0.001 0.086 0.0
авиаудар 0.002 1.046 0.002
наноситься 0.001 2.0 0.002
бомбоубежище 0.004 1.046 0.004
жертва 0.002 0.824 0.002
приближаться 0.001 1.155 0.001
гражданский 0.004 0.745 0.003
никто 0.002 0.432 0.001
успевать 0.001 1.301 0.001
записывать 0.001 1.301 0.001
фиксировать 0.001 1.097 0.001
какой-то 0.003 0.328 0.001
дать 0.002 0.066 0.0
сосед 0.002 1.155 0.002
сам 0.001 0.137 0.0
рыть 0.001 2.0 0.002
закапывать 0.001 1.699 0.002
другой 0.003 0.097 0.0
очень 0.002 0.149 0.0
мёртвый 0.001 1.398 0.001
улица 0.001 0.699 0.001
скорее 0.001 0.509 0.001
начаться 0.002 0.367 0.001
фаза 0.001 0.796 0.001
уличный 0.001 1.301 0.001
бой 0.001 0.959 0.001
закрепляться 0.001 2.0 0.002
западный 0.001 0.553 0.001
окраина 0.001 1.097 0.001
нынешний 0.001 0.77 0.001
степень 0.001 0.658 0.001
плюс 0.001 1.0 0.001
этот 0.002 0.137 0.0
район 0.002 0.678 0.001
перестать 0.001 0.678 0.001
наносить 0.001 1.301 0.001
подразделение 0.001 1.222 0.001
быть 0.002 0.215 0.0
заблокировать 0.001 0.553 0.001
готовый 0.002 0.509 0.001
работать 0.003 0.102 0.0
прямо 0.001 0.357 0.0
далёкий 0.001 0.481 0.0
весь 0.001 0.114 0.0
трудный 0.001 0.721 0.001
независимый 0.001 0.409 0.0
издание 0.001 0.481 0.0
интерес 0.002 0.155 0.0
читатель 0.001 0.523 0.001
помочьхотать 0.001 0.886 0.001
помочь 0.003 0.125 0.0
гуманитарный 0.004 0.921 0.004
смысл 0.001 0.481 0.0
полный 0.002 0.377 0.001
катастрофа 0.001 0.886 0.001
пять 0.001 0.432 0.0
первый 0.001 0.143 0.0
6-летний 0.001 2.0 0.002
девочка 0.002 1.222 0.002
умереть 0.001 0.638 0.001
обезвоживание 0.001 1.699 0.002
единственный 0.002 0.481 0.001
немного 0.001 0.77 0.001
выпасть 0.001 1.699 0.002
снег 0.001 1.222 0.001
начать 0.001 0.276 0.0
топить 0.001 1.699 0.002
как-то 0.001 0.699 0.001
кипятить 0.001 2.0 0.002
газ 0.001 1.097 0.001
свет 0.001 1.097 0.001
разжигать 0.001 2.0 0.002
костёр 0.001 1.398 0.001
готовить 0.001 0.959 0.001
еда 0.001 0.678 0.001
ради 0.001 1.046 0.001
выходить 0.003 0.62 0.002
убежище 0.001 1.0 0.001
определённый 0.001 0.77 0.001
набрать 0.001 1.046 0.001
туда 0.001 0.921 0.001
дойти 0.001 1.301 0.001
вернуться 0.001 0.638 0.001
живой 0.001 0.553 0.001
сегодня 0.002 0.638 0.001
12-й 0.001 1.699 0.002
шестой 0.001 1.155 0.001
попытка 0.001 0.921 0.001
организовать 0.002 0.921 0.002
коридор 0.004 0.959 0.004
утром 0.001 1.046 0.001
должный 0.001 0.201 0.0
приехать 0.001 0.854 0.001
автобус 0.001 1.222 0.001
сильный 0.001 0.553 0.001
солдат 0.002 0.886 0.002
подконтрольный 0.001 1.301 0.001
сделать 0.001 0.208 0.0
красивый 0.001 1.222 0.001
картинка 0.002 1.155 0.002
освобождать 0.002 1.222 0.002
мирный 0.001 0.699 0.001
население 0.005 0.569 0.003
гарантировать 0.001 0.854 0.001
безопасность 0.001 0.387 0.0
поэтому 0.004 0.328 0.001
рекомендовать 0.001 0.569 0.001
просить 0.001 0.886 0.001
отправить 0.001 0.959 0.001
давать 0.001 0.31 0.0
суть 0.001 0.959 0.001
уровень 0.001 0.367 0.0
ультиматум 0.001 2.0 0.002
никакой 0.001 0.409 0.0
оказываться 0.001 0.721 0.001
сбрасывать 0.001 1.301 0.001
бомба 0.001 1.046 0.001
что-то 0.001 0.509 0.001
делать 0.001 0.18 0.0
захватить 0.002 0.959 0.002
территория 0.001 0.62 0.001
уничтожать 0.002 1.155 0.002
показать 0.001 0.432 0.0
3-минутный 0.001 2.0 0.002
сюжет 0.001 1.222 0.001
риа 0.001 1.301 0.001
новость 0.001 0.357 0.0
путин 0.002 0.523 0.001
свой 0.001 0.143 0.0
жалеть 0.001 1.523 0.002
наш 0.001 0.337 0.0
два 0.002 0.26 0.001
выйти 0.001 0.456 0.0
пройти 0.001 0.387 0.0
ад 0.001 2.0 0.002
перекрёстный 0.001 1.523 0.002
огонь 0.001 1.046 0.001
ползти 0.002 1.699 0.003
лужа 0.001 1.699 0.002
наслать 0.002 0.066 0.0
передать 0.001 0.959 0.001
мужчина 0.001 1.046 0.001
они 0.001 0.538 0.001
получить 0.001 0.328 0.0
ранение 0.001 1.097 0.001
глаз 0.001 0.77 0.001
осколок 0.001 1.301 0.001
дальнейший 0.001 0.886 0.001
судьба 0.001 1.097 0.001
знать 0.004 0.244 0.001
объяснить 0.001 0.602 0.001
перестрелка 0.001 1.523 0.002
бояться 0.001 0.699 0.001
звук 0.001 0.921 0.001
больший 0.001 0.328 0.0
психологический 0.001 1.301 0.001
травма 0.002 1.398 0.003
черта 0.001 1.301 0.001
такой 0.001 0.114 0.0
год 0.001 0.119 0.0
хватить 0.001 1.155 0.001
помнить 0.001 0.699 0.001
прятаться 0.001 1.0 0.001
ванная 0.001 1.523 0.002
вылетать 0.001 1.699 0.002
окно 0.001 0.886 0.001
квартира 0.001 1.0 0.001
представлять 0.001 0.678 0.001
выносить 0.001 1.222 0.001
протяжение 0.001 1.398 0.001
полмиллиона 0.001 1.699 0.002
переселенец 0.001 2.0 0.002
луганский 0.001 1.398 0.001
бомбить 0.002 0.824 0.002
тот 0.001 0.131 0.0
кто 0.001 0.377 0.0
мультинациональный 0.001 2.0 0.002
армянин 0.001 2.0 0.002
грек 0.001 2.0 0.002
турковы 0.001 1.699 0.002
представитель 0.001 0.638 0.001
разный 0.001 0.276 0.0
национальность 0.001 2.0 0.002
страдать 0.001 1.222 0.001
украинец 0.001 0.796 0.001
гражданин 0.001 0.553 0.001
многий 0.001 0.495 0.0
страна 0.001 0.155 0.0
инфраструктура 0.002 1.301 0.003
многоэтажка 0.001 1.301 0.001
жилой 0.001 0.886 0.001
роженица 0.001 1.699 0.002
среди 0.001 0.42 0.0
маленький 0.001 0.328 0.0
огромный 0.001 0.721 0.001
центр 0.001 0.432 0.0
каждый 0.001 0.244 0.0
однако 0.001 0.337 0.0
база 0.001 0.854 0.001
укрепрайон 0.001 2.0 0.002
огнев 0.001 2.0 0.002
точка 0.001 0.444 0.0
разбор 0.002 0.387 0.001
неужели 0.002 1.155 0.002
действительно 0.002 0.377 0.001
сфальсифицировать 0.002 1.301 0.003
репортаж 0.002 0.678 0.001
роддом 0.002 1.0 0.002
спойлер 0.002 0.796 0.002
разбирать 0.002 0.854 0.002
аргумент 0.002 0.62 0.001
один 0.002 0.119 0.0
главный 0.002 0.276 0.001
пропагандистский 0.002 1.222 0.002
миф 0.002 1.046 0.002
война 0.002 0.357 0.001
подавить 0.001 1.222 0.001
напугать 0.001 1.398 0.001
уехать 0.002 0.824 0.002
думать 0.001 0.456 0.0
большой 0.001 0.347 0.0
точно 0.001 0.481 0.0
столько 0.001 0.921 0.001
вывести 0.001 1.301 0.001
нереально 0.001 2.0 0.002
сидеть 0.001 0.77 0.001
подвал 0.004 1.0 0.004
рыдать 0.001 2.0 0.002
бесконечно 0.001 1.398 0.001
подтягивать 0.001 2.0 0.002
танк 0.002 0.854 0.002
дерево 0.001 1.523 0.002
жёсткий 0.001 0.678 0.001
отношение 0.001 0.509 0.001
задача 0.001 0.77 0.001
казаться 0.001 0.409 0.0
хороший 0.001 0.377 0.0
некоторый 0.002 0.222 0.0
удаваться 0.001 1.097 0.001
останавливать 0.001 1.097 0.001
проукраинский 0.001 2.0 0.002
марш 0.001 1.398 0.001
заходить 0.001 1.301 0.001
чужой 0.001 1.301 0.001
магазин 0.001 0.796 0.001
грабить 0.001 2.0 0.002
житель 0.001 0.456 0.0
попытаться 0.001 0.854 0.001
воспрепятствовать 0.001 2.0 0.002
беззащитный 0.001 1.699 0.002
расстрел 0.001 1.699 0.002
скоро 0.001 0.796 0.001
некий 0.001 1.155 0.001
добивать 0.001 2.0 0.002
фотография 0.005 0.553 0.003
тепло 0.002 1.301 0.003
жить 0.002 0.481 0.001
24/7 0.001 0.102 0.0
читателейн 0.001 0.174 0.0
срочно 0.001 0.167 0.0
редакция 0.002 0.066 0.0
кодекс 0.001 0.066 0.0
блог 0.001 0.066 0.0
meduzacare 0.001 0.066 0.0
связаться 0.001 0.066 0.0
анонимно 0.001 0.066 0.0
платформа 0.002 0.066 0.0
ios 0.001 0.066 0.0
android 0.001 0.066 0.0
инстаграм 0.001 0.066 0.0
twitter 0.001 0.0 0.0
facebook 0.001 0.0 0.0
вконтакте 0.001 0.066 0.0
youtube 0.001 0.06 0.0
– 0.001 0.06 0.0
live 0.001 0.022 0.0
вечерний 0.001 0.066 0.0
вообще 0.001 0.066 0.0
реклама 0.002 0.066 0.0
требование 0.001 0.066 0.0
баннер 0.001 0.066 0.0
безопасно 0.001 0.066 0.0
персональный 0.001 0.066 0.0
правило 0.001 0.066 0.0
обработка 0.001 0.066 0.0
использование 0.001 0.066 0.0
кук 0.001 0.066 0.0
ошибка 0.001 0.066 0.0
выделить 0.001 0.066 0.0
нажать 0.001 0.066 0.0
ctrl+enter 0.001 0.066 0.0
спасибоgiphyз 0.001 0.066 0.0
гифка 0.001 0.066 0.0
© 0.001 0.0 0.0
