skip 0.001 0.854 0.001
to 0.017 0.77 0.013
main 0.001 0.854 0.001
content 0.001 0.854 0.001
связь 0.001 0.0 0.0
aboutмедуза 0.001 0.854 0.001
по-русски 0.001 0.854 0.001
the 0.06 0.481 0.029
real 0.001 0.854 0.001
russia 0.002 0.854 0.002
today 0.001 0.854 0.001
ru 0.001 0.824 0.001
i 0.001 0.745 0.001
’ 0.021 0.824 0.017
m 0.001 0.886 0.001
with 0.01 0.824 0.008
you 0.002 0.824 0.002
meduza 0.006 0.0 0.0
stories 0.001 0.921 0.001
three 0.002 1.155 0.002
weeks 0.001 1.0 0.001
in 0.019 0.0 0.0
how 0.006 0.886 0.005
invasion 0.001 1.0 0.001
of 0.027 0.721 0.019
ukraine 0.006 0.921 0.006
has 0.006 0.854 0.005
turned 0.001 1.222 0.001
deadly 0.001 1.523 0.002
for 0.009 0.77 0.007
reporters 0.001 1.398 0.001
covering 0.001 1.699 0.002
war 0.012 0.77 0.009
and 0.018 0.721 0.013
upended 0.001 1.699 0.002
russian 0.01 0.824 0.008
state 0.003 0.959 0.003
journalism 0.001 1.398 0.001
pm 0.001 1.155 0.001
march 0.006 0.886 0.005
source 0.002 0.921 0.002
oleksandra 0.003 2.0 0.006
kuvshynova 0.003 2.0 0.006
center 0.001 1.155 0.001
pierre 0.002 2.0 0.004
zakrzewski 0.003 2.0 0.006
left 0.002 1.097 0.002
two 0.002 0.921 0.002
journalists 0.002 1.097 0.002
killed 0.002 1.523 0.003
on 0.014 0.854 0.012
near 0.003 1.301 0.004
kyiv 0.002 1.301 0.003
fox 0.003 2.0 0.006
news 0.011 0.959 0.011
reuters 0.002 0.745 0.001
scanpix 0.001 0.301 0.0
leta 0.001 0.301 0.0
working 0.002 0.854 0.002
died 0.002 1.523 0.003
this 0.003 0.854 0.003
week 0.001 1.222 0.001
tuesday 0.001 1.523 0.002
world 0.002 1.0 0.002
learned 0.002 1.155 0.002
deaths 0.001 1.699 0.002
more 0.002 0.886 0.002
their 0.007 0.854 0.006
car 0.001 1.523 0.002
was 0.008 0.854 0.007
shot 0.001 1.398 0.001
at 0.005 0.824 0.004
village 0.001 1.301 0.001
horenka 0.001 2.0 0.002
hostomel 0.001 2.0 0.002
first 0.002 0.886 0.002
it 0.003 0.854 0.003
came 0.001 1.097 0.001
out 0.001 0.886 0.001
that 0.008 0.854 0.007
correspondent 0.001 1.398 0.001
benjamin 0.001 2.0 0.002
hall 0.001 2.0 0.002
had 0.002 0.921 0.002
been 0.003 0.921 0.003
hospitalized 0.001 2.0 0.002
a 0.012 0.699 0.008
serious 0.001 1.398 0.001
leg 0.001 1.699 0.002
injury 0.001 2.0 0.002
then 0.001 1.097 0.001
released 0.002 1.523 0.003
cameraman 0.002 2.0 0.004
producer 0.002 2.0 0.004
same 0.001 0.959 0.001
attack 0.001 1.398 0.001
fifty-five-year-old 0.001 2.0 0.002
citizen 0.002 1.398 0.003
ireland 0.001 2.0 0.002
who 0.006 0.824 0.005
previously 0.001 1.523 0.002
worked 0.002 1.222 0.002
iraq 0.001 2.0 0.002
afghanistan 0.001 1.699 0.002
syria 0.001 2.0 0.002
colleagues 0.001 1.398 0.001
called 0.001 1.097 0.001
him 0.001 1.046 0.001
“ 0.012 0.432 0.005
legend. 0.001 2.0 0.002
” 0.012 0.886 0.011
ukrainian 0.002 1.046 0.002
national 0.001 1.222 0.001
photographer 0.001 1.699 0.002
as 0.001 0.854 0.001
media 0.002 0.959 0.002
crew 0.001 1.699 0.002
day 0.002 0.921 0.002
earlier 0.001 1.523 0.002
death 0.001 1.699 0.002
american 0.001 1.398 0.001
documentary 0.001 2.0 0.002
filmmaker 0.001 2.0 0.002
brent 0.001 2.0 0.002
renaud 0.001 2.0 0.002
city 0.001 1.155 0.001
irpin 0.001 1.699 0.002
he 0.003 0.959 0.003
is 0.006 0.854 0.005
journalist 0.002 1.046 0.002
known 0.001 1.301 0.001
have 0.002 0.824 0.002
people 0.003 0.886 0.003
are 0.005 0.854 0.004
leaving 0.002 1.222 0.002
jobs 0.002 1.301 0.003
major 0.001 1.222 0.001
television 0.003 1.222 0.004
networks 0.002 1.398 0.003
because 0.002 0.959 0.002
– 0.001 0.06 0.0
among 0.002 1.301 0.003
them 0.002 0.921 0.002
some 0.002 0.921 0.002
very 0.002 1.0 0.002
prominent 0.002 1.699 0.003
figures 0.001 1.699 0.002
after 0.001 0.959 0.001
anti-war 0.001 1.222 0.001
protest 0.003 1.155 0.003
from 0.008 0.824 0.007
channel 0.004 1.222 0.005
one 0.007 0.824 0.006
employee 0.001 1.398 0.001
marina 0.004 1.301 0.005
ovsyannikova 0.007 1.301 0.009
many 0.002 0.921 0.002
became 0.001 1.222 0.001
interested 0.001 1.523 0.002
others 0.001 1.046 0.001
kremlin-controlled 0.001 2.0 0.002
tv 0.001 1.155 0.001
felt 0.001 1.699 0.002
about 0.008 0.854 0.007
coverage 0.001 1.523 0.002
following 0.001 1.301 0.001
s 0.009 0.796 0.007
saw 0.001 1.301 0.001
departures 0.001 2.0 0.002
several 0.002 1.046 0.002
anchors 0.001 2.0 0.002
including 0.002 1.222 0.002
lilia 0.001 2.0 0.002
gildeeva 0.001 2.0 0.002
vadim 0.001 2.0 0.002
glusker 0.001 2.0 0.002
ntv 0.001 2.0 0.002
zhanna 0.001 1.699 0.002
agalakova 0.001 1.699 0.002
citing 0.001 2.0 0.002
all-russia 0.001 1.699 0.002
broadcasting 0.001 1.398 0.001
corporation 0.001 2.0 0.002
vgtrk 0.002 1.699 0.003
roman 0.001 1.523 0.002
super 0.002 2.0 0.004
wrote 0.001 1.046 0.001
alleged 0.001 1.523 0.002
mass 0.001 1.398 0.001
resignations 0.001 2.0 0.002
arm 0.001 2.0 0.002
vesti 0.002 2.0 0.004
departure 0.002 2.0 0.004
yulia 0.002 2.0 0.004
vorobyeva 0.002 2.0 0.004
longstanding 0.001 2.0 0.002
head 0.002 1.398 0.003
so-called 0.001 2.0 0.002
putin 0.002 1.0 0.002
department 0.002 1.523 0.003
which 0.001 0.921 0.001
exclusively 0.001 2.0 0.002
covered 0.001 1.699 0.002
activities 0.001 1.699 0.002
president 0.002 1.222 0.002
unable 0.001 1.523 0.002
verify 0.001 2.0 0.002
all 0.003 0.854 0.003
information 0.006 1.097 0.007
though 0.001 1.0 0.001
confirmed 0.002 1.398 0.003
process 0.001 1.222 0.001
most 0.001 1.0 0.001
notable 0.001 2.0 0.002
name 0.001 1.398 0.001
those 0.001 1.0 0.001
mentioned 0.001 1.699 0.002
by 0.005 0.658 0.003
sergey 0.002 1.097 0.002
brilev 0.005 2.0 0.01
host 0.001 1.699 0.002
popular 0.001 1.398 0.001
political 0.001 1.155 0.001
program 0.002 1.523 0.003
saturday 0.002 1.699 0.003
anchor 0.001 1.699 0.002
numerous 0.001 1.398 0.001
broadcasts 0.001 2.0 0.002
vladimir 0.001 1.097 0.001
former 0.002 1.097 0.002
dmitry 0.001 1.301 0.001
medvedev 0.001 1.699 0.002
foreign 0.001 1.097 0.001
intelligence 0.001 1.301 0.001
service 0.002 1.097 0.002
director 0.001 1.398 0.001
naryshkin 0.001 2.0 0.002
other 0.001 0.886 0.001
high-ranking 0.001 1.699 0.002
officials 0.001 1.155 0.001
since 0.002 1.0 0.002
mid-nineties 0.001 2.0 0.002
british 0.001 2.0 0.002
last 0.001 1.046 0.001
aired 0.001 2.0 0.002
february 0.001 1.097 0.001
concluded 0.001 1.699 0.002
quote 0.001 1.699 0.002
an 0.002 0.854 0.002
interview 0.001 1.222 0.001
sergei 0.001 1.398 0.001
bodrov 0.001 2.0 0.002
jr. 0.001 2.0 0.002
times 0.002 0.699 0.001
must 0.001 1.301 0.001
never 0.002 0.886 0.002
speak 0.001 1.222 0.001
poorly 0.001 2.0 0.002
own 0.002 1.0 0.002
… 0.001 1.301 0.001
even 0.002 0.921 0.002
if 0.002 0.921 0.002
they 0.007 0.854 0.006
re 0.005 0.886 0.004
wrong. 0.001 2.0 0.002
however 0.001 1.301 0.001
yet 0.001 1.097 0.001
be 0.002 0.854 0.002
told 0.002 0.959 0.002
agency 0.001 1.0 0.001
tass 0.001 1.222 0.001
currently 0.001 1.301 0.001
international 0.001 1.155 0.001
business 0.001 1.222 0.001
trip 0.001 1.699 0.002
conduct 0.002 0.824 0.002
series 0.001 2.0 0.002
special 0.001 1.155 0.001
reports 0.002 1.097 0.002
different 0.001 1.046 0.001
countries 0.001 1.398 0.001
perspectives 0.001 2.0 0.002
current 0.002 1.301 0.003
events 0.001 1.155 0.001
reacting 0.001 2.0 0.002
crisis. 0.001 2.0 0.002
according 0.002 1.097 0.002
sources 0.001 1.155 0.001
close 0.001 1.097 0.001
every 0.001 1.046 0.001
single 0.001 1.155 0.001
person 0.001 1.398 0.001
there 0.001 0.854 0.001
understands 0.001 1.398 0.001
lying 0.004 1.222 0.005
tvs 0.001 2.0 0.002
showing 0.001 1.301 0.001
western 0.001 1.222 0.001
agencies 0.001 1.523 0.002
like 0.002 0.854 0.002
ap 0.001 0.854 0.001
over 0.001 0.959 0.001
studio 0.001 1.699 0.002
but 0.005 0.854 0.004
what 0.003 0.854 0.003
get 0.002 0.959 0.002
higher 0.001 1.523 0.002
ups 0.001 2.0 0.002
topics 0.001 1.523 0.002
texts 0.001 1.699 0.002
nothing 0.001 1.222 0.001
do 0.001 0.921 0.001
reality 0.001 1.155 0.001
beginning 0.001 1.0 0.001
mid-level 0.001 2.0 0.002
staff 0.001 1.301 0.001
were 0.001 0.921 0.001
panicking 0.001 1.523 0.002
why 0.001 1.0 0.001
we 0.001 0.886 0.001
going 0.001 0.886 0.001
happen 0.001 1.301 0.001
us 0.001 0.886 0.001
superiors 0.001 2.0 0.002
reassured 0.001 2.0 0.002
any 0.001 0.921 0.001
moment 0.001 1.301 0.001
now 0.002 0.886 0.002
d 0.001 1.097 0.001
rid 0.001 1.523 0.002
zelensky 0.002 1.222 0.002
everything 0.001 1.097 0.001
would 0.001 0.921 0.001
go 0.001 1.0 0.001
back 0.001 0.959 0.001
normal 0.001 1.398 0.001
clock 0.001 2.0 0.002
ticking 0.001 2.0 0.002
still 0.002 0.959 0.002
charge 0.001 1.523 0.002
brains 0.001 1.699 0.002
access 0.001 1.155 0.001
starting 0.001 1.398 0.001
lose 0.001 1.222 0.001
creative 0.001 0.921 0.001
planning 0.001 1.523 0.002
elena 0.001 1.699 0.002
afanasyeva 0.001 1.699 0.002
also 0.001 0.959 0.001
her 0.002 1.0 0.002
old 0.001 1.222 0.001
don 0.002 0.886 0.002
t 0.002 0.886 0.002
agree 0.001 1.398 0.001
official 0.002 1.097 0.002
narrative 0.001 1.699 0.002
not 0.002 0.854 0.002
quitting 0.001 2.0 0.002
kids 0.001 1.523 0.002
parents 0.001 1.301 0.001
mortgages 0.001 1.699 0.002
crumbling 0.001 2.0 0.002
savings 0.001 1.523 0.002
looming 0.001 1.699 0.002
unemployment 0.001 1.398 0.001
fear 0.001 1.523 0.002
getting 0.001 1.046 0.001
blacklisted. 0.001 1.699 0.002
can 0.001 0.854 0.001
read 0.002 1.097 0.002
atmosphere 0.001 1.699 0.002
federal 0.002 1.046 0.002
our 0.002 0.854 0.002
piece 0.001 1.523 0.002
woman 0.002 1.301 0.003
said 0.003 0.959 0.003
‘ 0.003 0.921 0.003
enough 0.002 1.046 0.002
everyone 0.002 1.097 0.002
knows 0.002 1.155 0.002
rebelled 0.002 1.398 0.003
against 0.003 0.824 0.002
days 0.002 1.0 0.002
ago 0.002 1.046 0.002
meanwhile 0.001 1.301 0.001
ceo 0.002 1.699 0.003
konstantin 0.001 1.699 0.002
ernst 0.001 1.699 0.002
placed 0.001 2.0 0.002
eu 0.001 1.398 0.001
sanctions 0.002 1.155 0.002
list 0.002 1.523 0.003
being 0.001 0.959 0.001
responsible 0.001 1.155 0.001
creation 0.001 1.699 0.002
distribution 0.001 1.699 0.002
anti-ukrainian 0.001 2.0 0.002
propaganda 0.002 1.301 0.003
authorities. 0.001 2.0 0.002
another 0.001 0.921 0.001
figure 0.001 1.523 0.002
somewhat 0.001 1.699 0.002
unexpectedly 0.001 2.0 0.002
tigran 0.001 2.0 0.002
khudaverdyan 0.002 2.0 0.004
now-former 0.001 2.0 0.002
deputy 0.001 1.301 0.001
yandex 0.003 1.398 0.004
his 0.001 0.959 0.001
post 0.001 1.046 0.001
european 0.001 1.155 0.001
union 0.001 1.699 0.002
issues 0.001 1.523 0.002
motivated 0.001 2.0 0.002
search 0.001 1.699 0.002
engine 0.001 2.0 0.002
key 0.001 1.398 0.001
element 0.001 2.0 0.002
hiding 0.001 1.523 0.002
ignores 0.001 2.0 0.002
independent 0.001 1.046 0.001
outlets 0.001 1.097 0.001
warns 0.001 2.0 0.002
users 0.002 1.301 0.003
searching 0.001 1.523 0.002
materials 0.001 2.0 0.002
internet 0.002 1.222 0.002
may 0.001 1.222 0.001
contain 0.001 2.0 0.002
inaccurate 0.001 2.0 0.002
information. 0.001 1.699 0.002
fact 0.001 1.097 0.001
visit 0.001 1.699 0.002
will 0.002 0.854 0.002
see 0.001 1.0 0.001
word 0.001 1.301 0.001
homepage 0.001 2.0 0.002
only 0.001 0.959 0.001
fined 0.002 1.523 0.003
she 0.003 1.0 0.003
could 0.001 1.155 0.001
face 0.002 1.155 0.002
felony 0.001 1.523 0.002
charges 0.001 1.222 0.001
maria 0.002 1.398 0.003
30,000 0.001 1.398 0.001
rubles 0.001 1.398 0.001
less 0.001 1.097 0.001
than 0.001 0.921 0.001
advocating 0.001 1.699 0.002
unpermitted 0.001 1.699 0.002
protests 0.001 1.222 0.001
message 0.001 1.222 0.001
recorded 0.001 1.222 0.001
before 0.002 0.854 0.002
on-air 0.001 1.699 0.002
afterward 0.001 2.0 0.002
itself 0.001 1.155 0.001
test 0.001 2.0 0.002
case 0.001 1.155 0.001
investigative 0.001 1.523 0.002
committee 0.001 1.523 0.002
enforces 0.001 2.0 0.002
new 0.002 0.699 0.001
law 0.002 1.398 0.003
criminalizing 0.001 2.0 0.002
dissemination 0.001 1.699 0.002
false 0.001 1.301 0.001
military. 0.001 2.0 0.002
lawmakers 0.001 1.699 0.002
adopted 0.001 1.699 0.002
restrictions 0.001 1.699 0.002
prosecute 0.001 2.0 0.002
anyone 0.001 1.046 0.001
publishes 0.001 2.0 0.002
deviates 0.001 2.0 0.002
statements 0.001 1.222 0.001
made 0.001 1.155 0.001
defense 0.001 1.301 0.001
ministry 0.001 1.097 0.001
unknown 0.001 1.398 0.001
exactly 0.001 1.699 0.002
falls 0.001 1.699 0.002
under 0.002 1.097 0.002
auspices 0.001 2.0 0.002
legislation 0.001 1.699 0.002
poster 0.001 1.699 0.002
english 0.001 0.06 0.0
no 0.002 0.796 0.002
stop 0.002 1.046 0.002
believe 0.001 1.046 0.001
here 0.001 1.0 0.001
russians 0.001 1.0 0.001
during 0.001 1.155 0.001
time 0.001 0.921 0.001
air 0.001 1.046 0.001
just 0.001 0.886 0.001
years 0.002 1.155 0.002
prison 0.002 1.523 0.003
might 0.001 1.046 0.001
prosecuted 0.001 2.0 0.002
depend 0.001 1.699 0.002
aggravating 0.001 2.0 0.002
circumstances 0.001 2.0 0.002
court 0.001 1.301 0.001
agrees 0.001 1.699 0.002
recognize 0.001 1.523 0.002
ordinary 0.001 1.398 0.001
violations 0.001 2.0 0.002
risk 0.001 1.301 0.001
up 0.002 0.854 0.002
behind 0.001 1.155 0.001
bars 0.001 1.699 0.002
cases 0.001 1.699 0.002
involving 0.001 2.0 0.002
abuses 0.001 2.0 0.002
position 0.001 1.398 0.001
punishable 0.001 2.0 0.002
24/7 0.001 0.102 0.0
always 0.001 0.921 0.001
readerswe 0.001 0.921 0.001
need 0.001 0.854 0.001
your 0.001 0.854 0.001
help 0.001 0.886 0.001
okay 0.001 0.921 0.001
translated 0.001 2.0 0.002
asher 0.001 2.0 0.002
code 0.001 0.824 0.001
advertise 0.001 0.854 0.001
privacy 0.001 0.854 0.001
notes 0.001 0.824 0.001
cookies 0.001 0.854 0.001
facebook 0.001 0.0 0.0
twitter 0.001 0.0 0.0
instagram 0.001 0.745 0.001
rss 0.001 0.854 0.001
© 0.001 0.0 0.0
rights 0.001 0.854 0.001
reserved 0.001 0.854 0.001
