перейти 0.002 0.066 0.0
материал 0.002 0.066 0.0
связь 0.001 0.0 0.0
новостиисторииразборшапитокоронавирусмагаз 0.001 0.066 0.0
медуза 0.01 0.066 0.001
рекламаmeduza 0.001 0.066 0.0
in 0.001 0.0 0.0
english 0.001 0.06 0.0
показывать 0.001 0.066 0.0
порядок 0.001 0.066 0.0
en 0.001 0.066 0.0
кнопка 0.001 0.066 0.0
поддержка 0.005 0.066 0.0
история 0.001 0.26 0.0
казаться 0.002 0.409 0.001
китай 0.047 0.824 0.039
собираться 0.001 0.602 0.001
помогать 0.001 0.444 0.0
кремль 0.001 0.824 0.001
воевать 0.001 0.886 0.001
украина 0.018 0.347 0.006
постоять 0.001 1.222 0.001
пекин 0.012 1.301 0.016
главный 0.002 0.276 0.001
союзник 0.001 1.155 0.001
путин 0.001 0.523 0.001
борьба 0.005 0.658 0.003
запад 0.002 0.678 0.001
март 0.004 0.284 0.001
источник 0.001 0.167 0.0
meduza 0.002 0.0 0.0
данный 0.001 0.097 0.0
сообщение 0.001 0.102 0.0
создать 0.001 0.097 0.0
распространить 0.002 0.102 0.0
иностранный 0.003 0.097 0.0
средство 0.001 0.097 0.0
массовый 0.001 0.097 0.0
информация 0.003 0.102 0.0
выполнять 0.002 0.097 0.0
функция 0.002 0.097 0.0
агент 0.002 0.097 0.0
российский 0.006 0.071 0.0
юридический 0.001 0.102 0.0
лицо 0.001 0.086 0.0
мы 0.005 0.066 0.0
нужный 0.002 0.086 0.0
ваш 0.002 0.081 0.0
помощь 0.005 0.071 0.0
пожалуйста 0.001 0.102 0.0
поддержать 0.002 0.066 0.0
си 0.001 2.0 0.002
цзиньпин 0.001 2.0 0.002
видеосаммит 0.001 2.0 0.002
президент 0.001 0.523 0.001
франция 0.001 0.854 0.001
эммануэль 0.001 2.0 0.002
макрон 0.001 2.0 0.002
канцлер 0.001 1.523 0.002
германия 0.001 0.699 0.001
олафома 0.001 2.0 0.002
шолец 0.001 2.0 0.002
год 0.007 0.119 0.001
huang 0.001 2.0 0.002
jingwen 0.001 2.0 0.002
xinhua 0.001 1.398 0.001
scanpix 0.002 0.301 0.001
leta 0.002 0.301 0.001
середина 0.001 0.854 0.001
ведущий 0.001 0.959 0.001
страна 0.006 0.155 0.001
мир 0.003 0.26 0.001
чётко 0.001 1.0 0.001
сформулировать 0.001 1.398 0.001
позиция 0.007 0.745 0.005
война 0.008 0.357 0.003
кроме 0.001 0.387 0.0
один 0.004 0.119 0.0
сторона 0.006 0.347 0.002
считаться 0.001 0.824 0.001
поддерживать 0.002 0.569 0.001
политика 0.004 0.602 0.002
россия 0.024 0.108 0.003
последний 0.002 0.284 0.001
официально 0.001 0.959 0.001
подчёркивать 0.002 1.301 0.003
уважать 0.002 1.523 0.003
право 0.002 0.538 0.001
суверенитет 0.002 1.398 0.003
призывать 0.002 1.046 0.002
оба 0.001 0.62 0.001
прекращение 0.001 1.097 0.001
огонь 0.001 1.046 0.001
данные 0.001 0.31 0.0
американский 0.003 0.585 0.002
власть 0.002 0.31 0.001
запросить 0.001 1.699 0.002
военный 0.006 0.444 0.003
это 0.009999999999999998 0.066 0.001
отрицать 0.001 1.222 0.001
утром 0.001 1.046 0.001
посол 0.001 1.523 0.002
кнр 0.002 1.398 0.003
фаня 0.001 2.0 0.002
сяньжун 0.001 2.0 0.002
заявить 0.001 0.553 0.001
хороший 0.001 0.377 0.0
сила 0.002 0.456 0.001
экономический 0.006 0.854 0.005
политический 0.008 0.658 0.005
план 0.004 0.658 0.003
намеренный 0.001 1.699 0.002
путь 0.001 0.62 0.001
который 0.011000000000000003 0.071 0.001
выбирать 0.001 1.0 0.001
украинец 0.001 0.796 0.001
правда 0.001 0.456 0.0
подлинный 0.001 1.699 0.002
интерес 0.004 0.155 0.001
поговорить 0.001 0.62 0.001
китаист 0.003 2.0 0.006
леонид 0.001 1.301 0.001
ковачич 0.001 2.0 0.002
издание 0.001 0.481 0.0
financial 0.001 1.222 0.001
times 0.001 0.699 0.001
узнать 0.001 0.481 0.0
просить 0.001 0.886 0.001
насколько 0.001 0.42 0.0
такой 0.006 0.114 0.001
просьба 0.001 0.886 0.001
возможный 0.003 0.523 0.002
предпочесть 0.001 1.699 0.002
спекулировать 0.001 2.0 0.002
тема 0.002 0.678 0.001
поскольку 0.002 0.678 0.001
приходиться 0.001 0.745 0.001
принимать 0.001 0.432 0.0
внимание 0.002 0.523 0.001
новый 0.002 0.187 0.0
закон 0.001 0.658 0.001
официальный 0.003 0.538 0.002
подтверждение 0.001 1.301 0.001
москва 0.003 0.523 0.002
опровергать 0.001 2.0 0.002
ряд 0.001 0.824 0.001
эксперт 0.003 0.745 0.002
запрос 0.001 1.301 0.001
вообще 0.002 0.066 0.0
иметь 0.001 0.337 0.0
смысл 0.002 0.481 0.001
освоение 0.001 1.301 0.001
зарубежный 0.001 0.886 0.001
техника 0.001 1.046 0.001
нужно 0.002 0.237 0.0
время 0.003 0.086 0.0
попросту 0.001 1.301 0.001
рассчитывать 0.001 0.886 0.001
стремиться 0.001 1.155 0.001
придерживаться 0.001 1.398 0.001
максимально 0.001 0.721 0.001
нейтральный 0.001 1.301 0.001
простой 0.002 0.538 0.001
говорить 0.006 0.18 0.001
пытаться 0.002 0.409 0.001
усидеть 0.001 2.0 0.002
два 0.001 0.26 0.0
стул 0.001 1.523 0.002
весь 0.003 0.114 0.0
этот 0.005 0.137 0.001
ситуация 0.005 0.337 0.002
крайне 0.003 0.721 0.002
неприятный 0.001 1.097 0.001
важно 0.002 0.509 0.001
сохранить 0.001 0.796 0.001
отношение 0.004 0.509 0.002
евросоюз 0.001 0.886 0.001
соединить 0.003 1.301 0.004
штат 0.003 1.097 0.003
достаточно 0.001 0.444 0.0
сложный 0.003 0.602 0.002
понимать 0.004 0.42 0.002
произойти 0.001 0.638 0.001
быть 0.003 0.215 0.001
малый 0.001 0.678 0.001
мера 0.001 0.377 0.0
напрячь 0.001 1.523 0.002
европа 0.003 0.495 0.001
по-другому 0.001 1.155 0.001
брюссель 0.001 1.699 0.002
вести 0.001 0.553 0.001
независимый 0.001 0.409 0.0
оглядка 0.001 2.0 0.002
вашингтон 0.001 1.699 0.002
постоянно 0.002 0.62 0.001
продвигать 0.003 1.523 0.005
идея 0.001 0.585 0.001
выгодно 0.001 1.398 0.001
развивать 0.001 2.0 0.002
сотрудничество 0.001 0.959 0.001
поэтому 0.003 0.328 0.001
поступаться 0.001 2.0 0.002
ради 0.001 1.046 0.001
следовать 0.002 0.678 0.001
фарватер 0.001 2.0 0.002
внешний 0.001 0.959 0.001
сша 0.004 0.469 0.002
откровенно 0.001 1.699 0.002
федерация 0.001 1.0 0.001
негативно 0.001 1.398 0.001
отразиться 0.001 1.222 0.001
весьма 0.001 1.222 0.001
успешный 0.001 1.046 0.001
торговый 0.003 1.046 0.003
ес 0.001 1.0 0.001
консолидировать 0.001 2.0 0.002
важный 0.002 0.284 0.001
свет 0.001 1.097 0.001
противостояние 0.003 1.523 0.005
общий 0.001 0.444 0.0
стратегический 0.001 1.523 0.002
соперник 0.002 2.0 0.004
проблема 0.002 0.347 0.001
многое 0.002 0.886 0.002
придать 0.001 1.523 0.002
легитимность 0.001 2.0 0.002
свой 0.003 0.143 0.0
действие 0.002 0.409 0.001
хотеть 0.002 0.102 0.0
вводить 0.001 0.886 0.001
символический 0.001 1.699 0.002
санкция 0.006 0.62 0.004
против 0.002 0.229 0.0
готовый 0.004 0.509 0.002
присоединиться 0.001 1.046 0.001
антироссийский 0.001 1.398 0.001
напрямую 0.001 1.0 0.001
вместе 0.001 0.602 0.001
ощущаться 0.001 2.0 0.002
некоторый 0.001 0.222 0.0
крен 0.001 2.0 0.002
разговор 0.001 0.745 0.001
негативный 0.002 1.301 0.003
последствие 0.003 0.523 0.002
попасть 0.002 0.409 0.001
начало 0.001 0.26 0.0
вторичный 0.002 1.523 0.003
страшный 0.001 0.959 0.001
слышать 0.001 0.745 0.001
сигнал 0.001 1.222 0.001
представитель 0.001 0.638 0.001
китайский 0.010000000000000002 0.886 0.009
мид 0.001 1.398 0.001
желать 0.001 1.0 0.001
полагать 0.001 1.222 0.001
продолжить 0.002 0.921 0.002
балансировать 0.001 2.0 0.002
грань 0.001 1.699 0.002
транслировать 0.001 1.222 0.001
нечёткий 0.001 2.0 0.002
территориальный 0.001 1.046 0.001
целостность 0.001 1.699 0.002
число 0.002 0.201 0.0
необходимость 0.002 0.745 0.001
учитывать 0.001 0.854 0.001
обоснованный 0.001 1.155 0.001
опасение 0.001 1.398 0.001
вопрос 0.009000000000000001 0.276 0.002
безопасность 0.002 0.387 0.001
взгляд 0.002 1.046 0.002
двоемыслие 0.001 2.0 0.002
продолжаться 0.001 0.699 0.001
долго 0.001 0.745 0.001
слушайте 0.001 1.699 0.002
эпизод 0.001 1.222 0.001
подкаст 0.001 1.097 0.001
случиться 0.001 0.509 0.001
знать 0.002 0.244 0.0
выиграть 0.001 1.523 0.002
именно 0.001 0.244 0.0
получить 0.001 0.328 0.0
мировой 0.001 0.721 0.001
держава 0.001 1.699 0.002
использовать 0.001 0.319 0.0
преимущество 0.001 1.155 0.001
выступить 0.001 0.721 0.001
роль 0.002 0.721 0.001
миротворец 0.001 2.0 0.002
стать 0.001 0.149 0.0
посредник 0.003 1.222 0.004
переговоры 0.001 0.921 0.001
абсолютно 0.002 0.721 0.001
невыгодный 0.001 1.301 0.001
выступать 0.002 0.658 0.001
качество 0.001 0.553 0.001
хотя 0.003 0.276 0.001
побуждать 0.001 2.0 0.002
многие 0.001 0.284 0.0
совершенно 0.001 0.678 0.001
другой 0.003 0.097 0.0
приоритет 0.001 1.301 0.001
комплексный 0.001 1.523 0.002
стабильность 0.001 1.523 0.002
заняться 0.001 1.398 0.001
значит 0.001 0.444 0.0
взять 0.001 0.553 0.001
колоссальный 0.001 2.0 0.002
ответственность 0.001 0.678 0.001
повышенный 0.001 0.77 0.001
риск 0.003 0.357 0.001
всё-таки 0.001 0.553 0.001
несмотря 0.001 0.456 0.0
являться 0.001 0.602 0.001
крупный 0.001 0.523 0.001
партнёр 0.001 1.222 0.001
2019-го 0.001 1.699 0.002
недостаточно 0.001 0.921 0.001
рычаг 0.001 2.0 0.002
давление 0.001 0.699 0.001
украинский 0.001 0.538 0.001
актор 0.001 1.699 0.002
процесс 0.001 0.538 0.001
необходимо 0.001 0.585 0.001
помнить 0.001 0.699 0.001
очень 0.004 0.149 0.001
осень 0.001 1.0 0.001
xx 0.001 1.398 0.001
съезд 0.001 2.0 0.002
партия 0.001 0.921 0.001
событие 0.003 0.509 0.002
готовиться 0.002 0.959 0.002
коронавирус 0.001 0.387 0.0
обусловить 0.001 2.0 0.002
приближаться 0.001 1.155 0.001
ничто 0.002 1.097 0.002
должный 0.002 0.201 0.0
отвлекать 0.001 1.699 0.002
создавать 0.001 0.796 0.001
фон 0.001 0.745 0.001
представимый 0.001 1.523 0.002
вступать 0.001 1.523 0.002
урегулирование 0.001 2.0 0.002
некстати 0.001 2.0 0.002
актив 0.001 1.699 0.002
сильно 0.001 0.509 0.001
упасть 0.001 0.77 0.001
цена 0.002 1.0 0.002
бизнес 0.001 0.824 0.001
вкладываться 0.001 1.523 0.002
какой 0.001 0.357 0.0
мочь 0.004 0.102 0.0
однозначно 0.001 0.959 0.001
воспользоваться 0.001 1.097 0.001
ослабление 0.001 2.0 0.002
рука 0.001 0.62 0.001
свернуться 0.001 2.0 0.002
рынок 0.002 0.699 0.001
например 0.002 0.229 0.0
энергоресурсы 0.001 2.0 0.002
превратиться 0.001 0.886 0.001
покупатель 0.001 1.398 0.001
ранний 0.001 0.409 0.0
как-то 0.001 0.699 0.001
торговаться 0.001 2.0 0.002
основание 0.001 0.569 0.001
диктовать 0.001 1.699 0.002
условие 0.001 0.495 0.0
основный 0.002 0.62 0.001
опасность 0.001 0.854 0.001
заключаться 0.002 0.959 0.002
рыночный 0.001 1.301 0.001
монополизм 0.001 2.0 0.002
скрываться 0.002 1.046 0.002
сказать 0.002 0.31 0.001
продавать 0.001 0.921 0.001
военно-технический 0.001 2.0 0.002
продукция 0.002 1.301 0.003
индия 0.001 1.155 0.001
вьетнам 0.001 1.523 0.002
делать 0.001 0.18 0.0
покупать 0.001 0.824 0.001
газ 0.001 1.097 0.001
предложить 0.002 0.699 0.001
замена 0.002 1.222 0.002
западный 0.004 0.553 0.002
it-система 0.001 2.0 0.002
вместо 0.002 0.77 0.002
твиттер 0.001 1.222 0.001
weibo 0.001 2.0 0.002
whatsapp 0.001 1.398 0.001
wechat 0.001 2.0 0.002
it-рынок 0.001 2.0 0.002
гораздо 0.002 0.699 0.001
широкий 0.001 0.921 0.001
поставлять 0.001 1.155 0.001
тот 0.002 0.131 0.0
продукт 0.002 0.678 0.001
столько 0.001 0.921 0.001
развлекательный 0.001 1.523 0.002
сервис 0.001 0.959 0.001
социальный 0.002 0.721 0.001
сеть 0.002 0.824 0.002
избыток 0.001 1.398 0.001
сколько 0.001 0.585 0.001
фундаментальный 0.001 1.301 0.001
вещь 0.002 0.62 0.001
заменить 0.001 0.921 0.001
поставка 0.003 0.921 0.003
нечего 0.001 1.398 0.001
изобрести 0.001 1.523 0.002
операционный 0.001 1.523 0.002
система 0.001 0.398 0.0
windows 0.001 1.398 0.001
специализировать 0.001 1.699 0.002
добывать 0.001 2.0 0.002
отрасль 0.001 1.301 0.001
нефтяной 0.001 1.699 0.002
лидировать 0.001 1.699 0.002
ключевой 0.001 0.886 0.001
разработчик 0.001 0.77 0.001
оборудование 0.001 1.222 0.001
нефтедобыча 0.001 2.0 0.002
halliburton 0.001 2.0 0.002
конкурент 0.001 1.301 0.001
практически 0.001 0.602 0.001
полноценный 0.002 1.046 0.002
программный 0.001 2.0 0.002
обеспечение 0.001 1.046 0.001
давно 0.001 0.77 0.001
ставить 0.001 0.886 0.001
задача 0.001 0.77 0.001
государственный 0.001 0.523 0.001
уровень 0.001 0.367 0.0
провести 0.001 0.538 0.001
импортозамещение 0.002 1.398 0.003
также 0.003 0.237 0.001
железо 0.001 2.0 0.002
страдать 0.001 1.222 0.001
рестрикция 0.001 2.0 0.002
полупроводниковый 0.001 2.0 0.002
схема 0.001 1.222 0.001
никак 0.001 0.886 0.001
помочь 0.003 0.125 0.0
смочь 0.002 0.328 0.001
полагаться 0.001 1.398 0.001
поставщик 0.001 1.222 0.001
российско-китайский 0.001 2.0 0.002
проект 0.001 0.745 0.001
строительство 0.001 1.301 0.001
широкофюзеляжный 0.001 2.0 0.002
самолёт 0.002 1.097 0.002
безусловно 0.001 1.222 0.001
технологический 0.001 1.155 0.001
наработка 0.001 2.0 0.002
огромный 0.002 0.721 0.001
количество 0.003 0.481 0.001
импортный 0.001 1.523 0.002
комплектующие 0.001 1.699 0.002
список 0.001 0.569 0.001
продолжать 0.002 0.292 0.001
бесконечность 0.001 2.0 0.002
кто 0.001 0.377 0.0
отраслевой 0.001 2.0 0.002
ответ 0.001 0.432 0.0
осуществляться 0.001 1.523 0.002
мнение 0.001 0.509 0.001
друг 0.002 0.387 0.001
необязательно 0.001 1.523 0.002
вместеподдержать 0.001 2.0 0.002
конфликт 0.004 0.959 0.004
обсуждать 0.001 0.745 0.001
александр 0.001 0.456 0.0
габуев 0.001 2.0 0.002
повторять 0.001 1.222 0.001
оставить 0.001 1.097 0.001
думать 0.003 0.456 0.001
мантра 0.001 1.699 0.002
поворот 0.001 1.398 0.001
восток 0.002 0.886 0.002
элита 0.001 1.301 0.001
надеяться 0.001 0.699 0.001
оказать 0.001 1.523 0.002
область 0.001 0.523 0.001
компетенция 0.001 1.699 0.002
торговля 0.001 1.523 0.002
юань 0.001 1.699 0.002
обойти 0.001 1.398 0.001
долларовый 0.001 2.0 0.002
закупать 0.001 1.301 0.001
природный 0.001 1.155 0.001
ресурс 0.001 0.796 0.001
особенно 0.001 0.553 0.001
дисконт 0.001 2.0 0.002
автопроизводитель 0.001 2.0 0.002
нарастить 0.001 2.0 0.002
появиться 0.001 0.367 0.0
haval 0.001 2.0 0.002
поднять 0.001 1.699 0.002
оговорка 0.001 1.699 0.002
определённый 0.002 0.77 0.002
сделать 0.002 0.208 0.0
какой-то 0.001 0.328 0.0
вывод 0.001 0.886 0.001
трудность 0.001 1.155 0.001
столкнуться 0.001 1.046 0.001
вооружённый 0.001 1.0 0.001
отказ 0.001 0.77 0.001
силовой 0.002 1.523 0.003
сценарий 0.003 1.097 0.003
тайвань 0.002 1.523 0.003
считать 0.003 0.319 0.001
тайваньский 0.001 1.699 0.002
изначально 0.001 0.959 0.001
маловероятный 0.002 1.222 0.002
рассматривать 0.001 1.097 0.001
гипотетически 0.001 2.0 0.002
нынешний 0.002 0.77 0.002
опасаться 0.001 1.046 0.001
что-либо 0.001 2.0 0.002
прогнозировать 0.001 1.699 0.002
любой 0.001 0.319 0.0
случай 0.002 0.194 0.0
человеческий 0.001 0.886 0.001
логика 0.004 1.699 0.007
подсказывать 0.001 1.398 0.001
увидеть 0.001 0.553 0.001
консолидироваться 0.001 2.0 0.002
возникновение 0.001 0.921 0.001
угроза 0.001 0.824 0.001
показательный 0.001 1.699 0.002
реализация 0.001 1.222 0.001
отложить 0.001 1.301 0.001
долгий 0.001 0.745 0.001
ящик 0.001 1.523 0.002
посетитель 0.001 1.523 0.002
центр 0.001 0.432 0.0
город 0.003 0.409 0.001
ханчжоу 0.001 2.0 0.002
смотреть 0.001 0.62 0.001
новость 0.001 0.357 0.0
февраль 0.001 0.337 0.0
afp 0.001 0.854 0.001
пресса 0.001 1.155 0.001
реагировать 0.001 1.097 0.001
обсуждение 0.001 1.301 0.001
целое 0.001 0.585 0.001
провластный 0.001 1.398 0.001
сми 0.002 0.602 0.001
подвергать 0.001 1.699 0.002
сильный 0.001 0.553 0.001
цензура 0.001 1.046 0.001
тематика 0.001 1.699 0.002
пост 0.001 0.638 0.001
получать 0.002 0.569 0.001
большой 0.004 0.347 0.001
комментарий 0.001 1.046 0.001
отнести 0.001 1.523 0.002
разряд 0.001 1.699 0.002
чувствительный 0.001 1.523 0.002
интернет 0.001 0.921 0.001
пророссийский 0.001 1.222 0.001
жизнь 0.001 0.319 0.0
цензор 0.002 2.0 0.004
прозападный 0.001 2.0 0.002
внутренний 0.002 0.745 0.001
аудитория 0.001 1.097 0.001
работать 0.002 0.102 0.0
сдержанно 0.001 2.0 0.002
самый 0.001 0.208 0.0
игнорировать 0.001 1.097 0.001
речь 0.001 0.398 0.0
идти 0.004 0.222 0.001
возникнуть 0.001 0.77 0.001
из-за 0.001 0.229 0.0
неконструктивный 0.001 2.0 0.002
исторический 0.001 0.921 0.001
контекст 0.001 1.0 0.001
подчёркиваться 0.001 1.699 0.002
скорый 0.001 0.921 0.001
разрешение 0.001 0.886 0.001
мирный 0.001 0.699 0.001
путём 0.001 1.301 0.001
учёт 0.001 0.824 0.001
согласно 0.001 0.745 0.001
принцип 0.003 0.638 0.002
неделимость 0.001 2.0 0.002
связать 0.001 0.469 0.0
возможно 0.001 0.398 0.0
просто 0.001 0.194 0.0
знакомый 0.001 0.854 0.001
больший 0.002 0.328 0.001
нарратив 0.001 1.699 0.002
предлагать 0.001 0.602 0.001
демократия 0.003 1.222 0.004
либеральный 0.001 2.0 0.002
ценность 0.001 0.959 0.001
скреп 0.001 2.0 0.002
вразрез 0.001 2.0 0.002
устройство 0.001 1.301 0.001
общество 0.002 0.602 0.001
всячески 0.001 1.699 0.002
противопоставлять 0.001 2.0 0.002
определяться 0.001 1.301 0.001
разный 0.001 0.276 0.0
демократический 0.001 1.523 0.002
диктатура 0.001 1.222 0.001
народ 0.001 0.745 0.001
формулировка 0.001 1.301 0.001
конституция 0.001 1.301 0.001
серьёзный 0.001 0.553 0.001
идеологический 0.001 1.222 0.001
коллективный 0.001 0.959 0.001
созвучный 0.001 2.0 0.002
средний 0.001 0.796 0.001
класс 0.001 1.097 0.001
лаобайсин 0.001 2.0 0.002
вовлечь 0.001 1.398 0.001
медиавойна 0.001 2.0 0.002
слишком 0.001 0.553 0.001
экзотический 0.002 1.523 0.003
далёкий 0.001 0.481 0.0
максимум 0.001 1.301 0.001
представлять 0.001 0.678 0.001
мутить 0.001 2.0 0.002
вода 0.001 0.638 0.001
среднестатистический 0.001 2.0 0.002
китаец 0.002 1.523 0.003
волновать 0.001 1.523 0.002
интересный 0.001 1.155 0.001
ожидать 0.001 0.62 0.001
консолидация 0.001 1.523 0.002
фидбэк 0.001 2.0 0.002
повод 0.001 0.553 0.001
стоить 0.001 0.469 0.0
доковидный 0.001 1.699 0.002
приезжать 0.001 0.921 0.001
встречаться 0.001 0.824 0.001
общаться 0.001 0.959 0.001
русист 0.001 2.0 0.002
рассказать 0.001 0.469 0.0
отличаться 0.001 0.553 0.001
русский 0.001 0.62 0.001
нация 0.001 1.046 0.001
нервный 0.001 1.155 0.001
гордый 0.001 1.699 0.002
навредить 0.001 1.301 0.001
сам 0.001 0.137 0.0
поступиться 0.001 1.699 0.002
целесообразность 0.001 2.0 0.002
первый 0.001 0.143 0.0
очередь 0.001 0.538 0.001
рассуждать 0.001 1.523 0.002
прагматичёска 0.001 2.0 0.002
наступить 0.001 1.301 0.001
гордость 0.001 1.222 0.001
плохой 0.001 0.509 0.001
ремарка 0.001 2.0 0.002
характеризовать 0.001 1.523 0.002
прочитать 0.002 0.796 0.002
репортаж 0.003 0.678 0.002
киев 0.004 0.699 0.003
неделя 0.002 0.328 0.001
навсегда 0.002 0.854 0.002
изменить 0.002 0.538 0.001
киевлянин 0.002 1.0 0.002
прямо 0.002 0.357 0.001
осада 0.002 0.854 0.002
спецкор 0.002 0.921 0.002
лилия 0.002 1.046 0.002
яппаровой 0.002 1.046 0.002
день 0.002 0.167 0.0
назад 0.002 0.18 0.0
24/7 0.001 0.102 0.0
читателейн 0.001 0.174 0.0
срочно 0.001 0.167 0.0
редакция 0.002 0.066 0.0
кодекс 0.001 0.066 0.0
блог 0.001 0.066 0.0
meduzacare 0.001 0.066 0.0
связаться 0.001 0.066 0.0
анонимно 0.001 0.066 0.0
платформа 0.002 0.066 0.0
ios 0.001 0.066 0.0
android 0.001 0.066 0.0
инстаграм 0.001 0.066 0.0
twitter 0.001 0.0 0.0
facebook 0.001 0.0 0.0
вконтакте 0.001 0.066 0.0
youtube 0.001 0.06 0.0
– 0.001 0.06 0.0
live 0.001 0.022 0.0
вечерний 0.001 0.066 0.0
реклама 0.002 0.066 0.0
требование 0.001 0.066 0.0
баннер 0.001 0.066 0.0
безопасно 0.001 0.066 0.0
персональный 0.001 0.066 0.0
дать 0.001 0.066 0.0
правило 0.001 0.066 0.0
обработка 0.001 0.066 0.0
использование 0.001 0.066 0.0
кук 0.001 0.066 0.0
наслать 0.001 0.066 0.0
ошибка 0.001 0.066 0.0
выделить 0.001 0.066 0.0
нажать 0.001 0.066 0.0
ctrl+enter 0.001 0.066 0.0
спасибоgiphyз 0.001 0.066 0.0
гифка 0.001 0.066 0.0
© 0.001 0.0 0.0
