перейти 0.0 0.066 0.0
материал 0.0 0.066 0.0
связь 0.0 0.0 0.0
новостиисторииразборшапитокоронавирусмагаз 0.0 0.066 0.0
медуза 0.013000000000000001 0.066 0.001
рекламаmeduza 0.0 0.066 0.0
in 0.0 0.0 0.0
english 0.0 0.06 0.0
показывать 0.0 0.066 0.0
порядок 0.0 0.066 0.0
en 0.0 0.066 0.0
кнопка 0.0 0.066 0.0
поддержка 0.0 0.066 0.0
история 0.001 0.26 0.0
кола 0.0 1.699 0.0
разливать 0.0 1.699 0.0
россия 0.007 0.108 0.001
один 0.002 0.119 0.0
первый 0.001 0.143 0.0
мир 0.001 0.26 0.0
сделать 0.001 0.208 0.0
эффективный 0.0 0.553 0.0
вакцина 0.022000000000000002 0.538 0.012
ковид 0.0 0.387 0.0
запад 0.0 0.678 0.0
спутник 0.016 0.678 0.011
v 0.006 0.699 0.004
получить 0.003 0.328 0.001
признание 0.0 1.046 0.0
расследование 0.0 1.0 0.0
февраль 0.0 0.337 0.0
источник 0.004 0.167 0.001
meduza 0.0 0.0 0.0
данный 0.0 0.097 0.0
сообщение 0.0 0.102 0.0
создать 0.0 0.097 0.0
распространить 0.0 0.102 0.0
иностранный 0.001 0.097 0.0
средство 0.001 0.097 0.0
массовый 0.0 0.097 0.0
информация 0.001 0.102 0.0
выполнять 0.0 0.097 0.0
функция 0.0 0.097 0.0
агент 0.0 0.097 0.0
российский 0.003 0.071 0.0
юридический 0.0 0.102 0.0
лицо 0.0 0.086 0.0
мы 0.001 0.066 0.0
нужный 0.0 0.086 0.0
ваш 0.0 0.081 0.0
помощь 0.0 0.071 0.0
пожалуйста 0.0 0.102 0.0
поддержать 0.0 0.066 0.0
кирилл 0.002 1.222 0.002
дмитриев 0.007 2.0 0.014
глава 0.002 0.658 0.001
рфпить 0.012 1.523 0.018
сыграть 0.0 1.523 0.0
судьба 0.0 1.097 0.0
важный 0.0 0.284 0.0
роль 0.0 0.721 0.0
covid-19 0.0 0.77 0.0
появиться 0.0 0.367 0.0
рекламировать 0.0 2.0 0.0
ключевой 0.0 0.886 0.0
человек 0.004 0.092 0.0
государство 0.0 0.569 0.0
производство 0.007 0.658 0.005
заниматься 0.0 0.62 0.0
крупный 0.0 0.523 0.0
фармацевтический 0.001 1.523 0.002
компания 0.007 0.444 0.003
страна 0.002 0.155 0.0
международный 0.0 0.569 0.0
продвижение 0.0 1.155 0.0
уважаемый 0.0 1.398 0.0
западный 0.0 0.553 0.0
инвестор 0.0 1.699 0.0
фонд 0.005 1.0 0.005
казаться 0.0 0.409 0.0
обречь 0.0 1.699 0.0
глобальный 0.0 1.301 0.0
успех 0.0 0.921 0.0
случиться 0.0 0.509 0.0
спецкор 0.0 0.921 0.0
светлана 0.0 1.046 0.0
рейтер 0.0 1.155 0.0
рассказывать 0.003 0.337 0.001
исчерпывающий 0.0 1.222 0.0
придумать 0.0 0.886 0.0
этот 0.0 0.137 0.0
какой 0.0 0.357 0.0
сложность 0.0 1.222 0.0
столкнуться 0.001 1.046 0.001
предприятие 0.001 0.959 0.001
который 0.008 0.071 0.001
производить 0.0 1.097 0.0
почему 0.001 0.337 0.0
импортировать 0.0 1.699 0.0
выглядеть 0.0 0.495 0.0
счастливый 0.0 1.699 0.0
покупатель 0.0 1.398 0.0
главное 0.0 0.585 0.0
решить 0.0 0.398 0.0
должный 0.003 0.201 0.001
стать 0.002 0.149 0.0
мягкий 0.0 1.097 0.0
сила 0.0 0.456 0.0
итог 0.0 0.509 0.0
работать 0.0 0.102 0.0
задумываться 0.0 1.699 0.0
интервью 0.001 0.745 0.001
текст 0.0 0.62 0.0
взять 0.0 0.553 0.0
ирина 0.0 1.301 0.0
малков 0.0 2.0 0.0
the 0.001 0.481 0.0
bell 0.0 1.699 0.0
несмотря 0.001 0.456 0.0
утверждение 0.0 1.222 0.0
власть 0.0 0.31 0.0
„ 0.021 0.62 0.013
“ 0.021 0.432 0.009
близкий 0.002 0.347 0.001
время 0.002 0.086 0.0
одобрить 0.0 1.0 0.0
воз 0.003 0.796 0.002
ема 0.003 1.699 0.005
ждать 0.0 0.481 0.0
москва 0.001 0.523 0.001
данные 0.002 0.31 0.001
устранение 0.0 1.699 0.0
недостаток 0.0 1.0 0.0
документ 0.002 0.678 0.001
следующий 0.0 0.553 0.0
этап 0.0 0.921 0.0
это 0.007 0.066 0.0
занять 0.0 0.921 0.0
месяц 0.003 0.432 0.001
выпускник 0.0 1.699 0.0
гарвард 0.0 2.0 0.0
возглавлять 0.0 1.301 0.0
прямой 0.0 0.658 0.0
инвестиция 0.001 1.301 0.001
распространение 0.0 0.523 0.0
абсолютно 0.0 0.721 0.0
евангелический 0.0 2.0 0.0
подвижнический 0.0 2.0 0.0
задача 0.0 0.77 0.0
чувствовать 0.0 0.678 0.0
мессия 0.0 2.0 0.0
наряду 0.0 1.398 0.0
центр 0.004 0.432 0.002
гамалея 0.005 1.155 0.006
разработать 0.0 0.959 0.0
организация 0.001 0.509 0.001
считать 0.0 0.319 0.0
хороший 0.0 0.377 0.0
проблема 0.002 0.347 0.001
европа 0.001 0.495 0.0
результат 0.0 0.367 0.0
противодействие 0.0 1.523 0.0
конкурент 0.0 1.301 0.0
большой 0.001 0.347 0.0
фарма 0.0 1.699 0.0
похоже 0.0 0.886 0.0
согласный 0.0 1.0 0.0
кремль 0.0 0.824 0.0
экспорт 0.001 1.398 0.001
менее 0.0 0.432 0.0
приносить 0.0 1.301 0.0
немало 0.0 1.398 0.0
деньга 0.001 0.602 0.001
общий 0.0 0.444 0.0
около 0.001 0.432 0.0
миллиард 0.002 1.046 0.002
доллар 0.002 0.921 0.002
январь 0.001 0.824 0.001
ноябрь 0.0 0.699 0.0
2021-го 0.001 1.155 0.001
часть 0.0 0.377 0.0
сумма 0.0 1.398 0.0
получать 0.0 0.569 0.0
разработчик 0.001 0.77 0.001
производитель 0.002 0.796 0.002
правительство 0.002 0.678 0.001
сей 0.001 0.456 0.0
пора 0.001 0.357 0.0
отличие 0.0 0.699 0.0
зарубежный 0.0 0.886 0.0
раскрыть 0.0 1.222 0.0
финальный 0.0 1.523 0.0
стадия 0.0 1.222 0.0
клинический 0.002 0.721 0.001
исследование 0.004 0.42 0.002
притом 0.0 1.523 0.0
завершиться 0.0 1.097 0.0
год 0.009000000000000001 0.119 0.001
назад 0.001 0.18 0.0
независимый 0.0 0.409 0.0
комитет 0.0 1.097 0.0
мониторинг 0.001 1.155 0.001
оценивать 0.0 0.921 0.0
дать 0.001 0.066 0.0
учёный 0.0 0.569 0.0
нелли 0.0 2.0 0.0
найговзин 0.001 2.0 0.002
одновременно 0.0 0.796 0.0
входить 0.0 1.0 0.0
руководство 0.0 0.796 0.0
партнёр 0.0 1.222 0.0
потенциальный 0.0 0.886 0.0
конфликт 0.001 0.959 0.001
интерес 0.001 0.155 0.0
вызвать 0.0 0.721 0.0
вопрос 0.002 0.276 0.001
регулятор 0.001 1.222 0.001
фармкомпания 0.0 1.523 0.0
из-за 0.001 0.229 0.0
спешка 0.0 1.523 0.0
давление 0.0 0.699 0.0
сверху 0.0 1.155 0.0
идти 0.0 0.222 0.0
тьма 0.0 1.699 0.0
оборудование 0.0 1.222 0.0
хватать 0.0 0.886 0.0
передать 0.0 0.959 0.0
документация 0.0 2.0 0.0
лабораторный 0.0 0.959 0.0
промышленный 0.0 1.523 0.0
также 0.001 0.237 0.0
выясниться 0.0 1.301 0.0
два 0.001 0.26 0.0
компонент 0.002 0.824 0.002
аденовирус 0.001 1.301 0.001
разный 0.001 0.276 0.0
тип 0.0 0.796 0.0
происходить 0.0 0.301 0.0
кросс-контаминация 0.0 2.0 0.0
перекрёстный 0.0 1.523 0.0
загрязнение 0.0 1.699 0.0
частица 0.0 1.222 0.0
влиять 0.0 0.886 0.0
безопасность 0.0 0.387 0.0
хотя 0.001 0.276 0.0
сказываться 0.0 1.222 0.0
эффективность 0.002 0.538 0.001
достаточно 0.0 0.444 0.0
смешение 0.0 2.0 0.0
поток 0.0 1.222 0.0
воздух 0.0 0.886 0.0
соседний 0.0 1.222 0.0
помещение 0.0 0.854 0.0
избежать 0.0 1.046 0.0
р-фарм 0.002 1.699 0.003
например 0.001 0.229 0.0
второй 0.002 0.357 0.001
доза 0.002 0.721 0.001
завод 0.002 0.959 0.002
расположить 0.0 1.097 0.0
сотня 0.0 0.721 0.0
километр 0.0 1.046 0.0
друг 0.001 0.387 0.0
мочь 0.001 0.102 0.0
появляться 0.0 0.658 0.0
размножаться 0.0 1.046 0.0
вирус 0.001 0.538 0.001
replication 0.0 2.0 0.0
competent 0.0 2.0 0.0
adenovirus 0.0 2.0 0.0
rca 0.003 2.0 0.006
потенциально 0.0 1.046 0.0
небезопасно 0.0 1.398 0.0
оставаться 0.0 0.387 0.0
дискуссионный 0.0 2.0 0.0
браковать 0.0 2.0 0.0
серия 0.0 1.097 0.0
наличие 0.0 0.745 0.0
отрицать 0.0 1.222 0.0
существование 0.0 0.886 0.0
причина 0.0 0.398 0.0
потерять 0.0 0.854 0.0
самый 0.001 0.208 0.0
рынок 0.002 0.699 0.001
бразилия 0.001 1.155 0.001
жаловаться 0.0 0.921 0.0
невыгодный 0.0 1.301 0.0
бизнес 0.0 0.824 0.0
сложный 0.0 0.602 0.0
спрос 0.0 1.301 0.0
маленький 0.0 0.328 0.0
утвердить 0.0 1.301 0.0
госзаказ 0.0 2.0 0.0
оно 0.0 0.444 0.0
закупать 0.0 1.301 0.0
фиксировать 0.0 1.097 0.0
цена 0.0 1.0 0.0
распределять 0.0 1.523 0.0
заказ 0.0 1.301 0.0
весь 0.002 0.114 0.0
видимость 0.0 2.0 0.0
смочь 0.0 0.328 0.0
использовать 0.0 0.319 0.0
качество 0.001 0.553 0.001
слишком 0.0 0.553 0.0
спешить 0.0 1.523 0.0
лоббизм 0.0 2.0 0.0
помогать 0.0 0.444 0.0
вместо 0.001 0.77 0.001
необходимо 0.0 0.585 0.0
жёсткий 0.0 0.678 0.0
соблюдение 0.0 1.301 0.0
процедура 0.0 0.959 0.0
опыт 0.0 0.699 0.0
регистрация 0.002 0.854 0.002
кто 0.0 0.377 0.0
тот 0.001 0.131 0.0
получиться 0.0 0.745 0.0
чистый 0.0 1.046 0.0
вода 0.0 0.638 0.0
авантюра 0.0 2.0 0.0
апломб 0.0 2.0 0.0
отдельный 0.0 0.678 0.0
нежелание 0.0 1.301 0.0
создатель 0.0 1.0 0.0
максимум 0.0 1.301 0.0
препарат 0.002 0.585 0.001
особенно 0.0 0.553 0.0
печально 0.0 2.0 0.0
учитывать 0.0 0.854 0.0
объективно 0.0 1.699 0.0
американец 0.0 1.398 0.0
удивить 0.0 1.699 0.0
услышать 0.0 1.155 0.0
сигнал 0.0 1.222 0.0
советский 0.0 0.959 0.0
космический 0.0 1.523 0.0
вновь 0.0 1.155 0.0
уверенно 0.0 1.699 0.0
обещать 0.0 0.921 0.0
июль 0.0 0.959 0.0
телеканал 0.0 0.854 0.0
cnn 0.0 1.699 0.0
национальный 0.0 0.77 0.0
исследовательский 0.0 1.301 0.0
имя 0.0 0.585 0.0
н. 0.0 1.699 0.0
ф. 0.0 2.0 0.0
гам-ковид-вак 0.0 1.301 0.0
зарегистрировать 0.0 0.602 0.0
август 0.0 0.854 0.0
опробовать 0.0 1.699 0.0
именно 0.001 0.244 0.0
предложить 0.0 0.699 0.0
торговый 0.0 1.046 0.0
название 0.0 0.745 0.0
затем 0.0 0.678 0.0
суметь 0.0 1.398 0.0
эксклюзивный 0.0 2.0 0.0
право 0.0 0.538 0.0
объяснять 0.001 0.538 0.001
бывший 0.0 0.699 0.0
сотрудник 0.001 0.658 0.001
уверенный 0.0 0.921 0.0
справляться 0.0 1.222 0.0
отлично 0.0 2.0 0.0
барьер 0.0 1.699 0.0
ряд 0.0 0.824 0.0
ставить 0.0 0.886 0.0
сомнение 0.0 0.959 0.0
подвиг 0.0 2.0 0.0
совершить 0.0 1.155 0.0
внешний 0.0 0.959 0.0
мало 0.001 0.538 0.001
повторить 0.0 1.046 0.0
уставать 0.0 2.0 0.0
хвалить 0.0 1.699 0.0
свой 0.0 0.143 0.0
екатерина 0.0 1.222 0.0
штукина 0.0 2.0 0.0
тасс 0.001 0.699 0.001
всемирный 0.0 0.959 0.0
одобрение 0.001 1.398 0.001
здравоохранение 0.001 0.658 0.001
европейский 0.001 0.602 0.001
агентство 0.0 0.824 0.0
лекарственный 0.001 1.097 0.001
ema 0.0 1.523 0.0
позволить 0.0 0.62 0.0
продавать 0.0 0.921 0.0
большинство 0.0 0.509 0.0
включая 0.0 0.959 0.0
евросоюз 0.0 0.886 0.0
ускорить 0.0 1.523 0.0
процесс 0.001 0.538 0.001
сша 0.001 0.469 0.0
возможность 0.0 0.444 0.0
привить 0.0 0.678 0.0
россиянин 0.0 0.444 0.0
гораздо 0.0 0.699 0.0
свободный 0.0 0.77 0.0
путешествовать 0.0 1.301 0.0
понять 0.0 0.495 0.0
сложно 0.0 0.538 0.0
заявление 0.001 0.62 0.001
официальный 0.0 0.538 0.0
тема 0.0 0.678 0.0
крайне 0.0 0.721 0.0
противоречивый 0.0 1.699 0.0
чиновник 0.0 1.0 0.0
представитель 0.001 0.638 0.001
говорить 0.002 0.18 0.0
регистратор 0.0 2.0 0.0
необходимый 0.0 0.638 0.0
вот-вот 0.0 1.523 0.0
продолжаться 0.0 0.699 0.0
заявка 0.002 1.155 0.002
включение 0.0 1.398 0.0
список 0.0 0.569 0.0
рекомендовать 0.0 0.569 0.0
применение 0.0 0.721 0.0
чрезвычайный 0.0 1.398 0.0
ситуация 0.0 0.337 0.0
eul 0.0 2.0 0.0
emergency 0.0 1.523 0.0
use 0.0 1.0 0.0
listing 0.0 2.0 0.0
подать 0.0 1.046 0.0
октябрь 0.0 0.796 0.0
указать 0.0 0.796 0.0
генериум 0.001 2.0 0.002
уфавит 0.0 2.0 0.0
внесение 0.0 1.699 0.0
позволять 0.0 0.585 0.0
экстренно 0.0 1.699 0.0
импортный 0.0 1.523 0.0
лекарство 0.0 0.569 0.0
случай 0.001 0.194 0.0
угроза 0.0 0.824 0.0
здоровье 0.0 0.796 0.0
нация 0.0 1.046 0.0
пандемия 0.0 0.538 0.0
многие 0.0 0.284 0.0
руководствоваться 0.0 1.699 0.0
рекомендация 0.0 0.678 0.0
выбор 0.0 0.886 0.0
прививать 0.0 0.959 0.0
население 0.0 0.569 0.0
прививка 0.0 0.602 0.0
впускать 0.0 2.0 0.0
инспектор 0.001 2.0 0.002
посещать 0.0 2.0 0.0
весна 0.0 1.0 0.0
соглашение 0.0 1.155 0.0
начало 0.002 0.26 0.001
подписать 0.0 1.046 0.0
следовать 0.0 0.678 0.0
получение 0.0 1.097 0.0
регистрационный 0.0 1.699 0.0
удостоверение 0.0 1.699 0.0
конец 0.001 0.444 0.0
заявитель 0.0 1.699 0.0
контракт 0.0 1.301 0.0
помимо 0.001 0.796 0.001
три 0.0 0.569 0.0
производиться 0.0 1.155 0.0
германия 0.0 0.699 0.0
планироваться 0.0 1.155 0.0
открыть 0.0 0.538 0.0
мелита 0.0 2.0 0.0
вуйнович 0.0 2.0 0.0
эфир 0.0 0.959 0.0
ютьюб-канал 0.0 1.699 0.0
соловьёв 0.0 1.699 0.0
live 0.0 0.022 0.0
сказать 0.0 0.31 0.0
предоставить 0.0 1.046 0.0
требоваться 0.0 0.854 0.0
день 0.001 0.167 0.0
опровергнуть 0.0 1.398 0.0
пресс-секретарь 0.0 1.155 0.0
президент 0.002 0.523 0.001
дмитрий 0.0 0.62 0.0
песок 0.0 1.097 0.0
заявить 0.0 0.553 0.0
работа 0.0 0.357 0.0
составление 0.0 1.699 0.0
завершить 0.0 1.155 0.0
запланировать 0.0 1.155 0.0
визит 0.0 1.523 0.0
рф 0.001 0.745 0.001
сообщить 0.0 0.638 0.0
пресс-служба 0.0 1.155 0.0
минздрав 0.001 0.678 0.001
встреча 0.0 1.0 0.0
министр 0.0 0.886 0.0
михаил 0.001 0.921 0.001
мурашко 0.0 1.699 0.0
директор 0.002 0.796 0.002
департамент 0.0 1.097 0.0
обращение 0.0 1.301 0.0
переквалификация 0.0 2.0 0.0
роджерио 0.0 2.0 0.0
гаспар 0.0 2.0 0.0
подтвердить 0.0 0.678 0.0
назвать 0.0 0.569 0.0
основный 0.0 0.62 0.0
обновить 0.0 1.046 0.0
стандарт 0.0 1.222 0.0
приехать 0.0 0.854 0.0
аудитор 0.0 2.0 0.0
очный 0.0 2.0 0.0
проверка 0.0 0.921 0.0
поступить 0.0 0.921 0.0
другой 0.001 0.097 0.0
ведомство 0.0 0.796 0.0
написать 0.001 0.62 0.001
проходить 0.0 0.495 0.0
поэтапный 0.0 2.0 0.0
экспертиза 0.0 1.155 0.0
достаточный 0.0 0.854 0.0
доказательство 0.0 0.824 0.0
отдел 0.0 1.301 0.0
борьба 0.0 0.658 0.0
продажа 0.0 0.854 0.0
произойти 0.0 0.638 0.0
уточнить 0.0 1.097 0.0
оформление 0.0 2.0 0.0
несколько 0.001 0.187 0.0
мировой 0.0 0.721 0.0
мешать 0.0 0.824 0.0
бюрократический 0.0 2.0 0.0
препона 0.0 2.0 0.0
намеренно 0.0 1.222 0.0
создавать 0.0 0.796 0.0
больший 0.0 0.328 0.0
специально 0.0 0.959 0.0
ограничение 0.0 0.585 0.0
поездка 0.0 1.155 0.0
усилие 0.0 1.046 0.0
дискриминировать 0.0 2.0 0.0
ковид-сертификат 0.0 1.523 0.0
дополнительный 0.0 0.77 0.0
укол 0.0 1.0 0.0
ес 0.0 1.0 0.0
подозревать 0.0 1.155 0.0
стремление 0.0 1.222 0.0
способ 0.0 0.602 0.0
помешать 0.0 1.699 0.0
видеть 0.0 0.444 0.0
лоббировать 0.0 2.0 0.0
санкция 0.0 0.62 0.0
против 0.001 0.229 0.0
спасать 0.0 1.046 0.0
жизнь 0.0 0.319 0.0
возмущаться 0.0 1.523 0.0
гайдаровский 0.0 2.0 0.0
форум 0.0 1.523 0.0
наш 0.0 0.337 0.0
такой 0.0 0.114 0.0
конкуренция… 0.0 2.0 0.0
недобросовестный 0.0 2.0 0.0
политический 0.0 0.658 0.0
коммерческий 0.0 1.301 0.0
точно 0.0 0.481 0.0
присутствовать 0.0 1.097 0.0
зампред 0.0 2.0 0.0
совет 0.001 0.721 0.001
медведев 0.0 2.0 0.0
недавний 0.0 1.0 0.0
сми 0.0 0.602 0.0
убедиться 0.0 1.523 0.0
действительно 0.001 0.377 0.0
формальный 0.0 1.222 0.0
вполне 0.0 0.699 0.0
реальный 0.0 0.638 0.0
возникнуть 0.0 0.77 0.0
любой 0.0 0.319 0.0
победить 0.0 1.0 0.0
гонка 0.0 1.699 0.0
проведение 0.0 0.921 0.0
нехватка 0.0 1.523 0.0
непредвиденный 0.0 2.0 0.0
технический 0.0 0.959 0.0
задержка 0.0 1.699 0.0
выполнение 0.0 1.523 0.0
помочь 0.0 0.125 0.0
полтора 0.0 0.959 0.0
владимир 0.001 0.523 0.001
путин 0.003 0.523 0.002
торжественно 0.0 2.0 0.0
объявить 0.0 0.553 0.0
коронавирус 0.0 0.387 0.0
добавить 0.0 1.0 0.0
она 0.0 1.0 0.0
привиться 0.0 0.796 0.0
дочь 0.0 0.886 0.0
судить 0.0 0.585 0.0
многочисленный 0.0 1.222 0.0
выступление 0.0 0.959 0.0
лично 0.0 0.959 0.0
следить 0.0 0.796 0.0
пытаться 0.0 0.409 0.0
покорить 0.0 1.523 0.0
планета 0.0 1.222 0.0
публично 0.0 1.046 0.0
участвовать 0.0 0.569 0.0
новый 0.0 0.187 0.0
форма 0.0 0.62 0.0
начать 0.0 0.276 0.0
инвестировать 0.0 1.523 0.0
собственный 0.0 0.569 0.0
решение 0.0 0.347 0.0
утверждаться 0.0 1.097 0.0
наблюдательный 0.0 1.523 0.0
середина 0.0 0.854 0.0
рассказать 0.001 0.469 0.0
член 0.0 0.745 0.0
слово 0.001 0.268 0.0
вложить 0.0 1.523 0.0
однокомпонентный 0.0 2.0 0.0
версия 0.0 0.77 0.0
свыше 0.0 1.699 0.0
рубль 0.002 1.0 0.002
утверждать 0.001 0.658 0.001
делать 0.002 0.18 0.0
спутник-лайт 0.0 2.0 0.0
основа 0.0 0.678 0.0
климентьев 0.0 2.0 0.0
доказать 0.0 0.886 0.0
moderna 0.0 1.0 0.0
pfizer 0.001 0.886 0.001
astrazeneca 0.0 0.959 0.0
посмотреть 0.0 0.523 0.0
венгерский 0.0 1.523 0.0
чёткий 0.0 1.0 0.0
уверить 0.0 0.959 0.0
нынешний 0.0 0.77 0.0
взрыв 0.0 0.959 0.0
заболеваемость 0.0 0.796 0.0
мрнк-вакцина 0.0 1.046 0.0
шесть 0.0 0.745 0.0
шведский 0.0 1.523 0.0
показать 0.0 0.432 0.0
сан-марино 0.0 1.301 0.0
часто 0.0 0.456 0.0
скромный 0.0 1.523 0.0
совместный 0.0 0.886 0.0
группа 0.001 0.387 0.0
исследователь 0.0 0.721 0.0
институт 0.0 0.77 0.0
спалланцануть 0.0 2.0 0.0
рим 0.0 1.699 0.0
опубликовать 0.0 0.509 0.0
рукопись 0.0 1.523 0.0
сравнивать 0.0 0.796 0.0
нейтрализовать 0.0 1.155 0.0
сыворотка 0.0 1.0 0.0
вакцинировать 0.001 0.602 0.001
относительно 0.0 0.721 0.0
омикрон 0.0 0.921 0.0
пока 0.001 0.208 0.0
принять 0.0 0.42 0.0
печать 0.0 1.398 0.0
научный 0.0 0.658 0.0
журнал 0.0 0.77 0.0
главный 0.0 0.276 0.0
вывод 0.0 0.886 0.0
резкий 0.0 1.155 0.0
падение 0.0 0.921 0.0
активность 0.0 1.155 0.0
антитело 0.001 0.77 0.001
выработать 0.0 2.0 0.0
сравнение 0.0 0.602 0.0
уханьский 0.0 1.398 0.0
вариант 0.0 0.481 0.0
составлять 0.0 0.745 0.0
раз 0.0 0.569 0.0
письмо 0.001 0.854 0.001
публикация 0.0 0.796 0.0
основание 0.0 0.569 0.0
являться 0.0 0.602 0.0
штамм 0.0 0.796 0.0
превосходить 0.0 1.523 0.0
нейтрализация 0.0 1.222 0.0
однако 0.001 0.337 0.0
иметь 0.0 0.337 0.0
вид 0.0 0.398 0.0
провести 0.0 0.538 0.0
включать 0.0 0.959 0.0
ограниченный 0.0 1.301 0.0
выборка 0.0 1.046 0.0
немой 0.0 0.585 0.0
войти 0.0 1.155 0.0
сопоставимый 0.0 1.699 0.0
число 0.001 0.201 0.0
какой-либо 0.0 0.854 0.0
спустя 0.0 0.886 0.0
полгода 0.0 0.886 0.0
вакцинация 0.001 0.553 0.001
удаться 0.0 0.456 0.0
зафиксировать 0.0 0.921 0.0
автор 0.0 0.62 0.0
статья 0.0 0.553 0.0
проводить 0.0 0.509 0.0
статистический 0.0 1.097 0.0
анализ 0.0 0.721 0.0
среднегеометрический 0.0 1.523 0.0
титр 0.0 1.097 0.0
насколько 0.0 0.42 0.0
достоверный 0.0 1.523 0.0
неясно 0.0 1.097 0.0
доверительный 0.0 1.155 0.0
интервал 0.0 1.046 0.0
измерить 0.0 1.046 0.0
значение 0.0 0.721 0.0
некоторый 0.0 0.222 0.0
пересекаться 0.0 1.523 0.0
тест 0.0 0.77 0.0
проводиться 0.0 0.854 0.0
образ 0.0 0.553 0.0
исключить 0.0 1.0 0.0
простой 0.0 0.538 0.0
случайность 0.0 1.301 0.0
либо 0.0 0.569 0.0
столь 0.0 1.046 0.0
средний 0.0 0.796 0.0
отличаться 0.0 0.553 0.0
максимальный 0.0 1.046 0.0
прошедшее 0.0 1.097 0.0
момент 0.0 0.387 0.0
иммунизация 0.0 1.398 0.0
старший 0.0 0.678 0.0
три-шесть 0.0 2.0 0.0
неоднородность 0.0 2.0 0.0
искажать 0.0 2.0 0.0
сторона 0.0 0.347 0.0
методический 0.0 1.222 0.0
особенность 0.0 0.854 0.0
лишь 0.0 0.481 0.0
суммарный 0.0 1.398 0.0
защитный 0.0 1.222 0.0
условие 0.001 0.495 0.0
возникновение 0.0 0.921 0.0
оперативно 0.0 1.301 0.0
ретроспективный 0.0 1.523 0.0
давно 0.0 0.77 0.0
неэффективность 0.0 1.398 0.0
необходимость 0.0 0.745 0.0
бустерный 0.0 1.398 0.0
сожаление 0.0 0.553 0.0
неоднократно 0.0 1.398 0.0
писать 0.0 0.347 0.0
острый 0.0 1.222 0.0
критиковать 0.0 1.301 0.0
выбирать 0.0 1.0 0.0
выражение 0.0 0.959 0.0
шимпанзе 0.0 1.523 0.0
называть 0.0 0.432 0.0
обезьяний 0.0 2.0 0.0
мнение 0.0 0.509 0.0
плохой 0.0 0.509 0.0
платформа 0.0 0.066 0.0
изучить 0.0 0.854 0.0
мрнк 0.0 1.155 0.0
-вакцина 0.0 2.0 0.0
консервативный 0.0 1.301 0.0
вообще 0.001 0.066 0.0
никто 0.0 0.432 0.0
колоть 0.0 1.699 0.0
рассуждать 0.0 1.523 0.0
просьба 0.0 0.886 0.0
поручить 0.0 1.301 0.0
обратиться 0.0 0.658 0.0
предложение 0.0 0.921 0.0
разрешить 0.0 0.886 0.0
граница 0.0 0.658 0.0
глаз 0.0 0.77 0.0
приходить 0.0 0.824 0.0
просить 0.0 0.886 0.0
подготовка 0.0 0.886 0.0
адрес 0.0 1.301 0.0
знать 0.0 0.244 0.0
собеседник 0.002 1.097 0.002
быть 0.0 0.215 0.0
вдаваться 0.0 1.699 0.0
очень 0.001 0.149 0.0
важно 0.0 0.509 0.0
широкий 0.0 0.921 0.0
сеть 0.0 0.824 0.0
партнёрство 0.0 1.699 0.0
доверие 0.0 1.155 0.0
репутация… 0.0 2.0 0.0
пассивный 0.0 1.523 0.0
созерцатель 0.0 2.0 0.0
раздавать 0.0 1.301 0.0
скорый 0.0 0.921 0.0
выход 0.0 0.796 0.0
сентябрь 0.0 0.824 0.0
единственный 0.0 0.481 0.0
разрешение 0.0 0.886 0.0
среди 0.001 0.42 0.0
каждый 0.0 0.244 0.0
партия 0.001 0.921 0.001
рубеж 0.0 1.097 0.0
уточнять 0.0 1.222 0.0
платить 0.0 1.097 0.0
роялти 0.0 2.0 0.0
лицензионный 0.0 1.699 0.0
платёж 0.0 2.0 0.0
чисто 0.0 1.301 0.0
технически 0.0 1.398 0.0
покупать 0.0 0.824 0.0
получаться 0.0 0.824 0.0
экономически 0.0 2.0 0.0
экспортный 0.0 1.523 0.0
напрямую 0.0 1.0 0.0
госфонд 0.0 2.0 0.0
рвануть 0.0 1.699 0.0
поступление 0.0 1.301 0.0
русский 0.0 0.62 0.0
ноль 0.0 2.0 0.0
размер 0.0 1.097 0.0
раскрывать 0.0 1.398 0.0
инвестиционный 0.0 1.699 0.0
заинтересоваться 0.0 1.699 0.0
знающий 0.0 1.699 0.0
шанс 0.0 0.638 0.0
что-то 0.0 0.509 0.0
по-настоящему 0.0 1.398 0.0
заметный 0.0 1.155 0.0
дико 0.0 1.699 0.0
амбициозный 0.0 1.523 0.0
искать 0.0 0.678 0.0
прославиться 0.0 1.699 0.0
начаться 0.0 0.367 0.0
буквально 0.0 0.886 0.0
одержимый 0.0 2.0 0.0
медицина 0.0 1.046 0.0
избавляться 0.0 1.523 0.0
публичный 0.0 1.097 0.0
актив 0.0 1.699 0.0
вкладывать 0.0 1.398 0.0
вспоминать 0.001 1.0 0.001
сам 0.0 0.137 0.0
озаботить 0.0 1.699 0.0
пиар 0.0 1.699 0.0
продолжать 0.0 0.292 0.0
хотеть 0.0 0.102 0.0
выходить 0.0 0.62 0.0
ежедневно 0.0 1.155 0.0
желательно 0.0 1.523 0.0
издание 0.0 0.481 0.0
какой-то 0.0 0.328 0.0
критерий 0.0 1.301 0.0
подача 0.001 1.523 0.002
нобелевский 0.0 1.523 0.0
премия 0.0 1.398 0.0
выдвинуть 0.0 1.523 0.0
правда 0.0 0.456 0.0
изучать 0.0 0.854 0.0
скорость 0.0 1.301 0.0
прессинг 0.0 2.0 0.0
обычный 0.0 0.509 0.0
стиль 0.0 1.699 0.0
сходиться 0.0 1.523 0.0
авторитарный 0.0 1.523 0.0
требовательный 0.0 2.0 0.0
начинать 0.0 0.569 0.0
звонить 0.0 0.886 0.0
ты 0.0 1.0 0.0
восемь 0.0 0.854 0.0
утро 0.0 1.046 0.0
заканчивать 0.0 1.523 0.0
полночь 0.0 2.0 0.0
требовать 0.0 0.658 0.0
24/7 0.0 0.102 0.0
орать 0.0 2.0 0.0
уметь 0.0 0.921 0.0
залезать 0.0 2.0 0.0
прямо 0.0 0.357 0.0
кожа 0.0 1.301 0.0
дружба 0.0 1.699 0.0
знакомый 0.001 0.854 0.001
звать 0.0 1.398 0.0
рождение 0.0 1.046 0.0
приём 0.0 0.921 0.0
избранный 0.0 1.699 0.0
дорогий-богатый 0.0 2.0 0.0
миллиардер 0.0 2.0 0.0
геннадий 0.0 1.699 0.0
тимченко 0.0 1.699 0.0
вице-премьер 0.0 1.222 0.0
заблокировать 0.0 0.553 0.0
готовый 0.0 0.509 0.0
далёкий 0.0 0.481 0.0
трудный 0.0 0.721 0.0
читатель 0.0 0.523 0.0
помочьхотать 0.0 0.886 0.0
гарвардский 0.0 1.699 0.0
мальчик 0.0 1.222 0.0
инвестбанкир 0.0 2.0 0.0
госменеджер 0.0 2.0 0.0
родиться 0.0 0.921 0.0
киев 0.0 0.699 0.0
украина 0.0 0.347 0.0
ссср 0.0 1.155 0.0
узнать 0.0 0.481 0.0
бесплатный 0.0 1.222 0.0
обучение 0.0 1.523 0.0
оказаться 0.0 0.31 0.0
калифорнийский 0.0 2.0 0.0
foothill 0.0 2.0 0.0
college 0.0 1.398 0.0
зарекомендовать 0.0 2.0 0.0
полный 0.0 0.377 0.0
стипендия 0.0 2.0 0.0
стэнфордский 0.0 2.0 0.0
университет 0.0 0.721 0.0
работодатель 0.0 1.301 0.0
украинский 0.0 0.538 0.0
олигарх 0.0 1.222 0.0
виктор 0.0 1.699 0.0
пинчук 0.0 2.0 0.0
дорога 0.0 0.959 0.0
будущий 0.0 1.222 0.0
якобы 0.0 0.854 0.0
оплатить 0.0 1.222 0.0
филантроп 0.0 1.523 0.0
джордж 0.0 1.301 0.0
сорос 0.0 1.523 0.0
газета 0.0 1.046 0.0
факт 0.0 0.638 0.0
комментарий 0.0 1.046 0.0
нежелательный 0.0 0.77 0.0
соответствовать 0.0 0.824 0.0
действительность 0.0 1.398 0.0
никакой 0.0 0.409 0.0
финансирование 0.0 1.301 0.0
программа 0.0 0.824 0.0
знак 0.0 1.301 0.0
штат 0.0 1.097 0.0
заработать 0.0 1.398 0.0
преподавать 0.0 1.523 0.0
студент 0.0 1.097 0.0
физика 0.0 1.523 0.0
математика 0.0 1.301 0.0
окончить 0.0 1.398 0.0
стэнфорд 0.0 2.0 0.0
1996-м 0.0 2.0 0.0
место 0.0 0.409 0.0
консалтинговый 0.0 2.0 0.0
mckinsey 0.0 2.0 0.0
mba 0.0 2.0 0.0
окончание 0.0 1.097 0.0
учёба 0.0 1.523 0.0
предлагать 0.0 0.602 0.0
продолжить 0.0 0.921 0.0
банк 0.0 0.959 0.0
goldman 0.0 2.0 0.0
sachs 0.0 2.0 0.0
трудиться 0.0 1.699 0.0
практика 0.0 0.796 0.0
бизнес-школа 0.0 2.0 0.0
строить 0.0 1.155 0.0
карьера 0.0 1.523 0.0
доставаться 0.0 2.0 0.0
удаваться 0.0 1.097 0.0
отхватить 0.0 2.0 0.0
кусок 0.0 1.222 0.0
пирог 0.0 2.0 0.0
прежде 0.0 0.62 0.0
государственный 0.0 0.523 0.0
national 0.0 1.222 0.0
geographic 0.0 2.0 0.0
разобрать 0.0 1.222 0.0
отнимать 0.0 1.523 0.0
рисковать 0.0 1.699 0.0
увеличивать 0.0 1.398 0.0
менеджер 0.0 1.301 0.0
незадолго 0.0 1.699 0.0
возвращение 0.0 1.155 0.0
it-предприниматель 0.0 2.0 0.0
основатель 0.0 1.222 0.0
ibs 0.0 2.0 0.0
анатолий 0.0 1.398 0.0
карачинский 0.0 2.0 0.0
гореть 0.0 1.155 0.0
идея 0.0 0.585 0.0
талантливый 0.0 1.523 0.0
калифорния 0.0 1.699 0.0
должность 0.0 1.301 0.0
заместитель 0.0 1.046 0.0
гендиректор 0.0 1.222 0.0
амбиция 0.0 1.523 0.0
явно 0.0 0.959 0.0
пригласить 0.0 1.398 0.0
delta 0.0 2.0 0.0
private 0.0 1.398 0.0
equity 0.0 2.0 0.0
partners 0.0 1.699 0.0
соуправлять 0.0 2.0 0.0
успешный 0.0 1.046 0.0
deltabank 0.0 2.0 0.0
продать 0.0 1.301 0.0
ge 0.0 2.0 0.0
deltacredit 0.0 2.0 0.0
ипотечный 0.0 2.0 0.0
societe 0.0 2.0 0.0
generale 0.0 2.0 0.0
кабельный 0.0 2.0 0.0
гордость 0.0 1.222 0.0
управление 0.0 0.824 0.0
находиться 0.0 0.367 0.0
объём 0.0 1.0 0.0
миллион 0.003 0.495 0.001
инвестфонд 0.0 2.0 0.0
закончить 0.0 1.097 0.0
статус 0.0 1.155 0.0
венчурный 0.0 2.0 0.0
преемник 0.0 1.699 0.0
capital 0.0 1.398 0.0
fund 0.0 2.0 0.0
пара 0.0 0.658 0.0
годовой 0.0 1.523 0.0
smartmoney 0.0 2.0 0.0
2007-м 0.0 2.0 0.0
вернуться 0.0 0.638 0.0
возглавить 0.0 1.699 0.0
вдвое 0.0 1.222 0.0
icon 0.0 2.0 0.0
чей 0.0 1.097 0.0
управлять 0.0 1.155 0.0
известно 0.0 0.481 0.0
основное 0.0 0.553 0.0
зять 0.0 1.523 0.0
леонид 0.0 1.301 0.0
кучма 0.0 2.0 0.0
выяснить 0.0 0.824 0.0
журналист 0.0 0.481 0.0
местный 0.0 0.602 0.0
коммерсант 0.0 1.523 0.0
пять 0.0 0.432 0.0
революция 0.0 1.523 0.0
перебраться 0.0 1.398 0.0
ведомость 0.0 2.0 0.0
демократический 0.0 1.523 0.0
перемена 0.0 2.0 0.0
рост 0.0 0.824 0.0
коррупция 0.0 1.523 0.0
дикий 0.0 1.699 0.0
битва 0.0 1.301 0.0
клан 0.0 2.0 0.0
пожирать 0.0 2.0 0.0
перспективный 0.0 1.523 0.0
отказаться 0.0 0.62 0.0
план 0.0 0.658 0.0
превращение 0.0 2.0 0.0
финансовый 0.0 1.046 0.0
создание 0.0 0.921 0.0
суверенный 0.0 1.699 0.0
привлечение 0.0 1.523 0.0
логично 0.0 1.699 0.0
вписываться 0.0 1.699 0.0
концепция 0.0 1.398 0.0
быстрый 0.0 0.699 0.0
развитие 0.0 0.638 0.0
открытость 0.0 1.699 0.0
капитал 0.0 1.398 0.0
десять 0.0 0.585 0.0
однофамилец 0.0 2.0 0.0
вэб 0.0 2.0 0.0
кандидатура 0.0 1.699 0.0
назначение 0.0 1.0 0.0
умный 0.0 1.699 0.0
прекрасный 0.0 1.222 0.0
коммуникативный 0.0 2.0 0.0
навык 0.0 1.699 0.0
видно 0.0 0.921 0.0
угодный 0.0 1.301 0.0
договориться 0.0 1.155 0.0
описывать 0.0 1.0 0.0
впечатление 0.0 1.398 0.0
бизнесмен 0.0 1.398 0.0
проект 0.001 0.745 0.001
увлечь 0.0 1.699 0.0
финансист 0.0 2.0 0.0
вячеслав 0.0 1.699 0.0
пивоваров 0.0 2.0 0.0
советник 0.0 1.097 0.0
эльвира 0.0 1.699 0.0
набиуллин 0.0 1.699 0.0
минэк 0.0 2.0 0.0
строчка 0.0 1.699 0.0
биография 0.0 1.699 0.0
образование 0.0 0.886 0.0
бакалавриат 0.0 2.0 0.0
американский 0.0 0.585 0.0
париж 0.0 1.699 0.0
преимущественно 0.0 1.222 0.0
поддерживать 0.0 0.569 0.0
придать 0.0 1.523 0.0
аппаратный 0.0 1.699 0.0
вес 0.0 1.301 0.0
продвигать 0.0 1.523 0.0
понравиться 0.0 1.398 0.0
познакомиться 0.0 1.301 0.0
вместе 0.001 0.602 0.001
ездить 0.0 1.097 0.0
давос 0.0 2.0 0.0
коммуникабельный 0.0 2.0 0.0
английский 0.0 1.046 0.0
обширный 0.0 1.699 0.0
профессионально 0.0 1.699 0.0
разбираться 0.0 1.046 0.0
дмитриев-старший 0.0 2.0 0.0
навести 0.0 2.0 0.0
справка 0.0 1.523 0.0
повод 0.0 0.553 0.0
дмитриева-младший 0.0 2.0 0.0
довольный 0.0 1.699 0.0
отзываться 0.0 2.0 0.0
родственник 0.0 0.745 0.0
удобство 0.0 2.0 0.0
младший 0.0 1.097 0.0
защищать 0.0 0.585 0.0
совещание 0.0 1.523 0.0
докладчик 0.0 1.699 0.0
доказывать 0.0 1.301 0.0
нужно 0.001 0.237 0.0
привлекать 0.0 1.301 0.0
причём 0.0 0.62 0.0
речь 0.0 0.398 0.0
частный 0.0 0.824 0.0
ход 0.0 0.796 0.0
обсуждение 0.0 1.301 0.0
греф 0.0 2.0 0.0
усомниться 0.0 2.0 0.0
сбербанк 0.0 2.0 0.0
мол 0.0 1.398 0.0
серьёзный 0.0 0.553 0.0
участник 0.0 0.658 0.0
решающий 0.0 2.0 0.0
событие 0.0 0.509 0.0
организовать 0.0 0.921 0.0
верхушка 0.0 2.0 0.0
май 0.0 0.959 0.0
гость 0.0 1.097 0.0
привезти 0.0 1.222 0.0
триллион 0.0 2.0 0.0
дом 0.0 0.495 0.0
крупняк 0.0 2.0 0.0
звезда 0.0 1.301 0.0
чэнь 0.0 2.0 0.0
юань 0.0 1.699 0.0
китайский 0.0 0.886 0.0
встретиться 0.0 1.398 0.0
отдельно 0.0 1.097 0.0
реально 0.0 0.959 0.0
увидеть 0.0 0.553 0.0
опираться 0.0 1.097 0.0
готовность 0.0 1.301 0.0
выделить 0.0 0.066 0.0
команда 0.0 1.222 0.0
добиться 0.0 1.046 0.0
мероприятие 0.0 1.046 0.0
традиция 0.0 1.523 0.0
встречаться 0.0 0.824 0.0
петербургский 0.0 1.523 0.0
экономический 0.0 0.854 0.0
закрытый 0.0 0.854 0.0
дверь 0.0 0.921 0.0
задавать 0.0 1.222 0.0
c 0.0 1.046 0.0
минимум 0.0 0.77 0.0
дважды 0.0 1.699 0.0
отстоять 0.0 1.699 0.0
независимость 0.0 1.398 0.0
отправить 0.0 0.959 0.0
отставка 0.0 1.523 0.0
пост 0.0 0.638 0.0
активно 0.0 0.77 0.0
задействовать 0.0 1.222 0.0
кризис 0.0 0.921 0.0
2008–2009 0.0 2.0 0.0
спасение 0.0 1.301 0.0
экономика 0.0 0.796 0.0
превратиться 0.0 0.886 0.0
настоящий 0.0 0.585 0.0
чёрный 0.0 0.959 0.0
дыра 0.0 1.301 0.0
постоянно 0.0 0.62 0.0
тянуть 0.0 2.0 0.0
бюджетный 0.0 2.0 0.0
убедить 0.0 1.097 0.0
2018-м 0.0 2.0 0.0
тяжеловес 0.0 2.0 0.0
игорь 0.0 1.222 0.0
шувалов 0.0 2.0 0.0
госкорпорация 0.0 1.523 0.0
оставить 0.0 1.097 0.0
самостоятельный 0.0 1.523 0.0
аргумент 0.0 0.62 0.0
ужесточить 0.0 1.523 0.0
попасть 0.0 0.409 0.0
зарабатывать 0.0 1.398 0.0
декабрь 0.0 0.745 0.0
продлить 0.0 1.398 0.0
телекамера 0.0 2.0 0.0
отчитаться 0.0 2.0 0.0
проинвестировать 0.0 2.0 0.0
привлечь 0.0 1.097 0.0
девять 0.0 1.155 0.0
федеральный 0.0 0.959 0.0
канал 0.0 0.699 0.0
выйти 0.0 0.456 0.0
десятка 0.0 0.721 0.0
сюжет 0.0 1.222 0.0
посвятить 0.0 1.097 0.0
десятилетие 0.0 1.155 0.0
разобраться 0.0 1.523 0.0
непросто 0.0 1.155 0.0
выборочно 0.0 2.0 0.0
угрожать 0.0 1.046 0.0
публиковать 0.0 0.638 0.0
отчётность 0.0 2.0 0.0
предполагаться 0.0 1.301 0.0
2012–2016 0.0 2.0 0.0
ежегодно 0.0 1.523 0.0
достигнуть 0.0 0.824 0.0
мерка 0.0 1.301 0.0
2014-го 0.0 2.0 0.0
введение 0.0 0.658 0.0
крымский 0.0 1.699 0.0
ясно 0.0 0.886 0.0
забыть 0.0 1.046 0.0
финансировать 0.0 1.398 0.0
остаточный 0.0 2.0 0.0
принцип 0.0 0.638 0.0
бюджет 0.0 1.301 0.0
четыре 0.0 0.509 0.0
минфин 0.0 1.523 0.0
очередной 0.0 0.796 0.0
транш 0.0 1.699 0.0
банально 0.0 1.699 0.0
успевать 0.0 1.301 0.0
счёт 0.0 0.721 0.0
финансы 0.0 1.398 0.0
антон 0.0 1.155 0.0
силуановый 0.0 2.0 0.0
докапитализировать 0.0 2.0 0.0
профинансировать 0.0 2.0 0.0
остаток 0.0 1.301 0.0
сократиться 0.0 1.222 0.0
предупреждать 0.0 1.398 0.0
министерство 0.0 1.046 0.0
алексей 0.0 0.886 0.0
улюкай 0.0 2.0 0.0
докапитализация 0.0 2.0 0.0
просто 0.001 0.194 0.0
перечислить 0.0 2.0 0.0
успеть 0.0 0.678 0.0
потратить 0.0 2.0 0.0
долгий 0.0 0.745 0.0
квота 0.0 2.0 0.0
благосостояние 0.0 2.0 0.0
инфраструктурный 0.0 1.699 0.0
поздний 0.001 0.745 0.001
трансформироваться 0.0 1.699 0.0
поправка 0.0 1.301 0.0
автоматически 0.0 1.222 0.0
докапитализироваться 0.0 2.0 0.0
фнб 0.001 2.0 0.002
опускаться 0.0 1.523 0.0
ниже 0.0 0.77 0.0
2020-го 0.0 1.097 0.0
доложить 0.0 2.0 0.0
участие 0.0 0.638 0.0
курс 0.0 0.824 0.0
половина 0.0 0.721 0.0
учёт 0.0 0.824 0.0
любить 0.0 0.921 0.0
перечислять 0.0 1.699 0.0
удачный 0.0 1.301 0.0
сделка 0.0 1.398 0.0
доходность 0.0 1.699 0.0
10–15 0.0 1.699 0.0
валюта 0.0 1.301 0.0
обвалиться 0.0 2.0 0.0
осуществить 0.0 1.523 0.0
девальвация 0.0 1.699 0.0
текущий 0.0 0.959 0.0
показатель 0.0 0.721 0.0
обновление 0.0 1.0 0.0
подробный 0.0 0.569 0.0
выше 0.0 0.509 0.0
выручить 0.0 2.0 0.0
ценный 0.0 1.398 0.0
бумага 0.0 1.222 0.0
инвестироваться 0.0 2.0 0.0
соответствие 0.0 0.959 0.0
мандат 0.0 2.0 0.0
долгосрочный 0.0 1.097 0.0
долг 0.0 1.301 0.0
рассчитываться 0.0 1.699 0.0
гордиться 0.0 1.398 0.0
давать 0.0 0.31 0.0
автоматический 0.0 1.398 0.0
соинвестирование 0.0 2.0 0.0
туда 0.0 0.921 0.0
последний 0.0 0.284 0.0
оаэ 0.0 1.301 0.0
mubadala 0.0 2.0 0.0
оцениваться 0.0 1.155 0.0
приблизиться 0.0 2.0 0.0
семья 0.0 0.796 0.0
подряд 0.0 1.301 0.0
сибур 0.0 2.0 0.0
заседать 0.0 1.699 0.0
приятель 0.0 2.0 0.0
топ-менеджер 0.0 1.398 0.0
предполагать 0.0 0.699 0.0
шамал 0.0 2.0 0.0
женатый 0.0 1.523 0.0
катерина 0.0 2.0 0.0
тихонов 0.0 1.699 0.0
переписка 0.0 1.222 0.0
дружить 0.0 1.523 0.0
обсуждать 0.0 0.745 0.0
шамалов 0.0 2.0 0.0
различный 0.0 0.921 0.0
новость 0.0 0.357 0.0
делиться 0.0 1.046 0.0
конфиденциальный 0.0 2.0 0.0
благодаря 0.0 0.77 0.0
жена 0.0 1.046 0.0
наталья 0.0 1.097 0.0
попов 0.0 1.398 0.0
учредить 0.0 2.0 0.0
заместительница 0.0 2.0 0.0
иннопрактик 0.0 2.0 0.0
собираться 0.0 0.602 0.0
интеллектуальный 0.0 1.222 0.0
долина 0.0 1.398 0.0
мгу 0.0 2.0 0.0
база 0.0 0.854 0.0
спарк-интерфакс 0.0 2.0 0.0
студия 0.0 1.301 0.0
вижн 0.0 2.0 0.0
медиа 0.0 1.301 0.0
снимать 0.0 0.824 0.0
репортаж 0.0 0.678 0.0
саудовский 0.0 1.523 0.0
аравия 0.0 1.523 0.0
выступать 0.0 0.658 0.0
рекламный 0.0 1.301 0.0
подрядчик 0.0 1.699 0.0
экспресс-тест 0.0 1.699 0.0
модель 0.0 0.824 0.0
фамилия 0.0 1.301 0.0
bloomberg 0.0 1.046 0.0
расстаться 0.0 2.0 0.0
доля 0.0 0.745 0.0
уменьшиться 0.0 1.699 0.0
переслать 0.0 1.699 0.0
владелец 0.0 1.097 0.0
михельсон 0.0 2.0 0.0
покинуть 0.0 0.745 0.0
ранний 0.0 0.409 0.0
заседание 0.0 1.097 0.0
спор 0.0 1.046 0.0
портфель 0.0 1.398 0.0
арабский 0.0 1.398 0.0
эмират 0.0 1.699 0.0
китай 0.0 0.824 0.0
разношёрстный 0.0 2.0 0.0
гигантский 0.0 1.523 0.0
стройка 0.0 1.523 0.0
вроде 0.0 0.658 0.0
цкада 0.0 2.0 0.0
подмосковье 0.0 1.301 0.0
железнодорожный 0.0 1.398 0.0
мост 0.0 1.222 0.0
клиника 0.0 0.886 0.0
мать 0.0 0.854 0.0
дитя 0.0 2.0 0.0
фасоль 0.0 2.0 0.0
низкомаржинальный 0.0 2.0 0.0
компенсировать 0.0 1.523 0.0
станислав 0.0 2.0 0.0
красильников 0.0 2.0 0.0
выставлять 0.0 1.301 0.0
рыночный 0.0 1.301 0.0
контрагент 0.0 1.699 0.0
ссылаться 0.0 1.155 0.0
пример 0.0 0.585 0.0
покупка 0.0 1.523 0.0
контроль 0.001 0.585 0.001
терминал 0.0 1.699 0.0
усть-луга 0.0 2.0 0.0
финдиректор 0.0 2.0 0.0
павел 0.0 1.523 0.0
малый 0.0 0.678 0.0
акционер 0.0 1.699 0.0
заключить 0.0 1.097 0.0
уйти 0.0 0.77 0.0
it-отрасль 0.0 2.0 0.0
напротив 0.0 1.222 0.0
ударить 0.0 1.097 0.0
рука 0.0 0.62 0.0
выпустить 0.0 0.699 0.0
пресс-релиз 0.0 1.301 0.0
грядущий 0.0 2.0 0.0
сосредоточиться 0.0 1.222 0.0
своевременный 0.0 1.699 0.0
приложить 0.0 1.699 0.0
скорее 0.0 0.509 0.0
отправиться 0.0 1.523 0.0
репутация 0.0 1.222 0.0
безупречный 0.0 2.0 0.0
привести 0.0 0.456 0.0
отразиться 0.0 1.222 0.0
указывать 0.0 0.796 0.0
полезный 0.0 1.155 0.0
разбор 0.0 0.387 0.0
ребёнок 0.0 0.387 0.0
частый 0.0 0.523 0.0
болеть 0.0 0.745 0.0
бить 0.0 1.155 0.0
тревога 0.0 1.097 0.0
некачественный 0.0 1.398 0.0
лечение 0.0 0.77 0.0
советовать 0.0 0.854 0.0
родитель 0.0 0.854 0.0
юрист 0.0 1.398 0.0
проверить 0.0 0.886 0.0
наслать 0.0 0.066 0.0
количество 0.0 0.481 0.0
окончательный 0.0 1.699 0.0
третий 0.001 0.553 0.001
фаза 0.001 0.796 0.001
испытание 0.0 0.77 0.0
завершение 0.0 1.097 0.0
2022-го 0.0 1.699 0.0
объяснить 0.0 0.602 0.0
поскольку 0.001 0.678 0.001
тайна 0.0 1.699 0.0
разглашаться 0.0 2.0 0.0
согласие 0.0 1.046 0.0
безуспешно 0.0 1.398 0.0
течение 0.001 0.638 0.001
промежуточный 0.0 1.097 0.0
медицинский 0.0 0.523 0.0
lancet 0.0 1.301 0.0
упоминаться 0.0 1.155 0.0
тысяча 0.0 0.31 0.0
доброволец-участник 0.0 2.0 0.0
заболеть 0.0 0.585 0.0
составить 0.0 0.658 0.0
летальный 0.0 1.222 0.0
исход 0.0 0.921 0.0
побочный 0.0 0.959 0.0
эффект 0.0 0.796 0.0
лёгкий 0.0 0.638 0.0
доброволец 0.0 0.854 0.0
плацебо 0.0 0.959 0.0
осложнение 0.0 0.886 0.0
врач 0.0 0.509 0.0
профессор 0.0 1.222 0.0
рудна 0.0 1.699 0.0
сергей 0.0 0.796 0.0
зырянов 0.0 2.0 0.0
летальность 0.0 1.398 0.0
отчитываться 0.0 1.523 0.0
нкмд 0.001 2.0 0.002
подробно 0.0 0.921 0.0
детально 0.0 1.699 0.0
выявить 0.0 1.222 0.0
связать 0.0 0.469 0.0
состав 0.0 0.745 0.0
социальный 0.0 0.721 0.0
профессиональный 0.0 1.523 0.0
влияние 0.0 0.921 0.0
отбираться 0.0 1.699 0.0
спонсор 0.0 1.699 0.0
принести 0.0 1.046 0.0
выгода 0.0 2.0 0.0
протокол 0.0 1.0 0.0
распоряжение 0.0 1.301 0.0
завкафедра 0.0 2.0 0.0
московский 0.0 0.824 0.0
медико-стоматологический 0.0 2.0 0.0
мгмс 0.0 2.0 0.0
руководитель 0.0 0.886 0.0
аппарат 0.0 1.097 0.0
аналитический 0.0 1.155 0.0
сотрудничать 0.0 1.301 0.0
максим 0.0 0.796 0.0
шемет 0.0 1.699 0.0
биннофарм 0.001 2.0 0.002
афк 0.0 2.0 0.0
система 0.0 0.398 0.0
втб 0.0 2.0 0.0
соинвестор 0.0 2.0 0.0
александр 0.0 0.456 0.0
гинцбург 0.0 1.523 0.0
запрос 0.0 1.301 0.0
ответить 0.001 0.495 0.0
эвоген 0.001 2.0 0.002
лаборатория 0.0 0.959 0.0
специализироваться 0.0 1.523 0.0
генетический 0.0 1.222 0.0
тестирование 0.0 1.398 0.0
ооо 0.0 2.0 0.0
принадлежать 0.0 1.097 0.0
технология 0.0 1.0 0.0
предприниматель 0.0 1.155 0.0
марка 0.0 1.699 0.0
курцер 0.0 2.0 0.0
очередь 0.0 0.538 0.0
совладелец 0.0 2.0 0.0
эвотечь 0.0 2.0 0.0
мирая 0.0 2.0 0.0
геномикс 0.0 2.0 0.0
телефон 0.0 0.745 0.0
занимать 0.0 1.0 0.0
посоветовать 0.0 1.398 0.0
корреспондент 0.0 1.046 0.0
зарплата 0.0 1.398 0.0
признак 0.0 0.959 0.0
трансперенси 0.0 2.0 0.0
интернешнл 0.0 2.0 0.0
илья 0.0 1.222 0.0
шуман 0.0 2.0 0.0
противоречие 0.0 1.699 0.0
личный 0.0 0.678 0.0
заинтересованность 0.0 1.699 0.0
зависимый 0.0 2.0 0.0
непосредственный 0.0 1.523 0.0
мой 0.0 0.585 0.0
закон 0.0 0.658 0.0
охрана 0.0 1.398 0.0
гражданин 0.0 0.553 0.0
идеальный 0.0 1.097 0.0
конструкция 0.0 1.523 0.0
некоммерческий 0.0 1.523 0.0
разработка 0.0 1.097 0.0
иначе 0.0 0.745 0.0
объективность 0.0 1.699 0.0
заключение 0.0 1.046 0.0
поставить 0.0 0.796 0.0
коллега 0.0 0.796 0.0
проверять 0.0 0.77 0.0
cv 0.0 2.0 0.0
резюме 0.0 1.699 0.0
кроме 0.0 0.387 0.0
включить 0.0 1.222 0.0
прочий 0.0 1.046 0.0
предмет 0.0 1.155 0.0
деталь 0.0 1.155 0.0
обзор 0.0 1.046 0.0
досье 0.001 1.301 0.001
отметить 0.0 0.886 0.0
взаимозависимость 0.0 2.0 0.0
приводить 0.0 0.602 0.0
частность 0.0 0.678 0.0
госпожа 0.0 1.523 0.0
противный 0.0 1.523 0.0
взаимосвязанный 0.0 2.0 0.0
законфликтовать 0.0 2.0 0.0
себя 0.0 0.62 0.0
цитата 0.0 1.222 0.0
господин 0.0 1.301 0.0
шумановый 0.0 2.0 0.0
вводить 0.0 0.886 0.0
заблуждение 0.0 1.398 0.0
говориться 0.0 0.796 0.0
отрасль 0.0 1.301 0.0
эндокринолог 0.0 2.0 0.0
мария 0.0 1.046 0.0
воронцов 0.0 2.0 0.0
внедрение 0.0 1.398 0.0
скрининг 0.0 1.699 0.0
беременная 0.0 1.301 0.0
подобный 0.0 0.721 0.0
отвечать 0.001 0.456 0.0
неинвазивный 0.0 2.0 0.0
пренатальный 0.0 2.0 0.0
нипт 0.0 2.0 0.0
представить 0.0 0.638 0.0
петербург 0.0 1.222 0.0
важность 0.0 1.398 0.0
кандидатский 0.0 2.0 0.0
диссертация 0.0 2.0 0.0
елена 0.0 1.0 0.0
баранов 0.0 1.699 0.0
эндокринология 0.0 2.0 0.0
вдвоём 0.0 1.523 0.0
экспертный 0.0 1.523 0.0
сессия 0.0 2.0 0.0
изучение 0.0 1.398 0.0
евразийский 0.0 2.0 0.0
женский 0.0 1.699 0.0
new 0.0 0.699 0.0
york 0.0 1.222 0.0
post 0.0 1.046 0.0
фотография 0.0 0.553 0.0
соцсеть 0.0 0.824 0.0
отдыхать 0.0 1.699 0.0
яхта 0.0 2.0 0.0
сардиния 0.0 2.0 0.0
научно-медицинский 0.0 2.0 0.0
олесь 0.0 2.0 0.0
сагайдак 0.0 2.0 0.0
снимок 0.0 1.222 0.0
крайний 0.0 0.602 0.0
слева 0.0 1.398 0.0
премьер 0.0 1.523 0.0
мишустин 0.0 1.301 0.0
расширение 0.0 1.398 0.0
совместно 0.0 1.301 0.0
мэрия 0.0 1.523 0.0
проработать 0.0 2.0 0.0
пилотный 0.0 2.0 0.0
столичный 0.0 2.0 0.0
роддом 0.0 1.0 0.0
грант 0.0 1.699 0.0
возможный 0.0 0.523 0.0
сразу 0.0 0.553 0.0
заключать 0.0 1.222 0.0
запуститься 0.0 1.699 0.0
мощность 0.0 1.523 0.0
масштабирование 0.0 2.0 0.0
наблюдаться 0.0 0.921 0.0
очевидный 0.0 0.678 0.0
биолог 0.0 1.398 0.0
денис 0.0 1.222 0.0
логун 0.0 1.523 0.0
произвести 0.0 1.398 0.0
выпускать 0.0 1.0 0.0
биореактор 0.0 1.699 0.0
небольшой 0.0 0.602 0.0
трансфер 0.0 2.0 0.0
площадка 0.001 0.796 0.001
обкатать 0.0 2.0 0.0
как-то 0.0 0.699 0.0
радостно 0.0 1.699 0.0
запуск 0.0 1.222 0.0
реактор 0.0 1.699 0.0
возить 0.0 2.0 0.0
институтский 0.0 2.0 0.0
производственный 0.0 1.699 0.0
обвязка 0.0 2.0 0.0
мешок 0.0 1.523 0.0
среда 0.0 1.222 0.0
реактив 0.0 2.0 0.0
напрячь 0.0 1.523 0.0
признаваться 0.0 1.301 0.0
целый 0.0 0.658 0.0
отправляться 0.0 1.398 0.0
брак 0.0 1.699 0.0
куча 0.0 1.155 0.0
спустить 0.0 1.398 0.0
канализация 0.0 2.0 0.0
грусть 0.0 2.0 0.0
наверху 0.0 1.699 0.0
биокаду 0.0 2.0 0.0
компания-производитель 0.0 1.699 0.0
прийтись 0.0 0.602 0.0
переделывать 0.0 2.0 0.0
биокад 0.0 2.0 0.0
распределение 0.0 1.398 0.0
конечный 0.0 1.0 0.0
потребитель 0.0 1.699 0.0
астахов 0.0 2.0 0.0
подходить 0.0 1.155 0.0
стол 0.0 1.0 0.0
стабилизатор 0.0 2.0 0.0
изменение 0.0 0.854 0.0
температурный 0.0 2.0 0.0
режим 0.0 0.658 0.0
хранение 0.0 1.523 0.0
докручивать 0.0 2.0 0.0
подтверждать 0.0 1.097 0.0
фармстандарт 0.001 1.699 0.002
холдинг 0.0 1.398 0.0
харитонина 0.0 2.0 0.0
аффилировать 0.0 2.0 0.0
попросить 0.0 0.699 0.0
выпуск 0.0 0.959 0.0
особый 0.0 0.745 0.0
ради 0.0 1.046 0.0
останавливать 0.0 1.097 0.0
голова 0.0 0.959 0.0
прийти 0.0 0.658 0.0
обязательство 0.0 1.398 0.0
сегмент 0.0 1.301 0.0
онкологический 0.0 1.222 0.0
больной 0.0 1.155 0.0
извинить 0.0 1.0 0.0
поэтому 0.0 0.328 0.0
женщина 0.0 0.824 0.0
остаться 0.0 0.432 0.0
рак 0.0 1.398 0.0
грудь 0.0 1.155 0.0
приходиться 0.0 0.745 0.0
выкручиваться 0.0 2.0 0.0
формировать 0.0 1.523 0.0
зима 0.0 1.523 0.0
портал 0.0 2.0 0.0
госзакупка 0.0 1.699 0.0
2021-м 0.0 1.523 0.0
заказать 0.0 1.699 0.0
реестр 0.0 1.155 0.0
расфасовывать 0.0 2.0 0.0
осень 0.0 1.0 0.0
точный 0.0 1.0 0.0
цифра 0.0 1.097 0.0
разглашать 0.0 2.0 0.0
запретить 0.0 0.77 0.0
подготовить 0.0 0.854 0.0
многостраничный 0.0 2.0 0.0
изготовление 0.0 1.523 0.0
отдать 0.0 0.959 0.0
готовить 0.0 0.959 0.0
язык 0.0 0.678 0.0
прицел 0.0 1.699 0.0
планировать 0.0 0.886 0.0
ао 0.0 1.699 0.0
противоковидный 0.0 1.222 0.0
долго 0.0 0.745 0.0
запустить 0.0 1.046 0.0
действовать 0.0 0.602 0.0
ярославль 0.0 2.0 0.0
ростов 0.0 2.0 0.0
кластер 0.0 1.699 0.0
технополис 0.0 2.0 0.0
обеспечивать 0.0 0.824 0.0
столица 0.0 0.854 0.0
эндокринный 0.0 1.699 0.0
болезнь 0.0 0.553 0.0
мэр 0.0 0.77 0.0
собянин 0.0 1.398 0.0
проектный 0.0 2.0 0.0
совместить 0.0 1.398 0.0
председатель 0.0 1.699 0.0
репик 0.001 2.0 0.002
росздравнадзор 0.0 1.398 0.0
сколько 0.0 0.585 0.0
затянуть 0.0 1.523 0.0
срок 0.0 0.824 0.0
недовольный 0.0 1.523 0.0
старт 0.0 1.301 0.0
цех 0.0 2.0 0.0
2000-литровый 0.0 2.0 0.0
моноклональный 0.0 1.699 0.0
спокойно 0.0 0.824 0.0
цель 0.0 0.745 0.0
вакцинный 0.0 1.097 0.0
бесконечно 0.0 1.398 0.0
реконструкция 0.0 2.0 0.0
нуль 0.0 1.155 0.0
рассчитывать 0.0 0.886 0.0
василий 0.0 2.0 0.0
игнатьев 0.0 2.0 0.0
понимать 0.0 0.42 0.0
бог 0.0 1.097 0.0
капризный 0.0 2.0 0.0
трудно 0.0 0.824 0.0
достоинство 0.0 1.523 0.0
двухкомпонентный 0.0 1.523 0.0
усиливать 0.0 1.523 0.0
действие 0.0 0.409 0.0
изъян 0.0 1.699 0.0
массово 0.0 1.097 0.0
применять 0.0 0.796 0.0
sars-cov-2 0.0 0.824 0.0
использоваться 0.0 0.585 0.0
остальной 0.0 0.553 0.0
идентичный 0.0 1.523 0.0
novavax 0.0 1.699 0.0
j 0.0 1.699 0.0
cansinobio 0.0 1.699 0.0
вакцинология 0.0 1.699 0.0
схема 0.0 1.222 0.0
специальный 0.0 0.638 0.0
гетерологичный 0.0 2.0 0.0
прайм-бустинг 0.0 2.0 0.0
вектор 0.0 1.222 0.0
вероятность 0.0 0.602 0.0
преодолеть 0.0 1.301 0.0
предсуществующий 0.0 2.0 0.0
иммунитет 0.0 0.77 0.0
иной 0.0 0.921 0.0
обеспечить 0.0 1.097 0.0
стойкий 0.0 1.222 0.0
начинка 0.0 2.0 0.0
плюс 0.0 1.0 0.0
минус 0.0 1.222 0.0
обсуждаться 0.0 1.301 0.0
примерно 0.0 0.585 0.0
1990-й 0.0 1.301 0.0
ознакомиться 0.0 1.523 0.0
вооружение 0.0 1.398 0.0
видимо 0.0 0.824 0.0
эбола 0.0 1.523 0.0
везикулярный 0.0 2.0 0.0
стоматит 0.0 2.0 0.0
vsv 0.0 2.0 0.0
рассказ 0.0 1.155 0.0
логуновый 0.0 1.523 0.0
i/ii 0.0 1.523 0.0
особо 0.0 1.097 0.0
подчёркивать 0.0 1.301 0.0
использование 0.0 0.066 0.0
бустинг 0.0 2.0 0.0
признать 0.0 0.658 0.0
оптимальный 0.0 1.155 0.0
рассмотрение 0.0 2.0 0.0
эксперт 0.0 0.745 0.0
рамка 0.0 1.0 0.0
прислать 0.0 0.77 0.0
существенно 0.0 0.721 0.0
усложнять 0.0 2.0 0.0
логистика 0.0 1.523 0.0
бедный 0.0 1.699 0.0
предназначаться 0.0 2.0 0.0
формироваться 0.0 1.301 0.0
соавтор 0.0 1.699 0.0
косвенно 0.0 1.155 0.0
реализоваться 0.0 1.523 0.0
мера 0.0 0.377 0.0
преимущество 0.0 1.155 0.0
проанализировать 0.0 1.222 0.0
способность 0.0 0.77 0.0
стимулировать 0.0 1.301 0.0
зависимость 0.0 0.745 0.0
уровень 0.0 0.367 0.0
обнаружить 0.0 0.658 0.0
таблица 0.0 1.097 0.0
s15 0.0 2.0 0.0
косвенный 0.0 1.155 0.0
эксперимент 0.0 0.959 0.0
прайм-буст-схема 0.0 2.0 0.0
проявиться 0.0 1.523 0.0
клеточный 0.0 1.0 0.0
аспект 0.0 1.398 0.0
уверенность 0.0 1.046 0.0
отсутствие 0.0 0.699 0.0
слепой 0.0 1.155 0.0
рандомизировать 0.0 1.398 0.0
род 0.0 0.77 0.0
венгрия 0.0 1.301 0.0
применяться 0.0 1.046 0.0
схожий 0.0 1.155 0.0
негетерологичный 0.0 2.0 0.0
достоверно 0.0 1.155 0.0
обойти 0.0 1.398 0.0
похожий 0.0 0.602 0.0
аденовирусный 0.0 1.046 0.0
схватиться 0.0 2.0 0.0
26-м 0.0 2.0 0.0
5-й 0.0 1.301 0.0
штука 0.0 1.398 0.0
постоянный 0.0 1.046 0.0
риск 0.0 0.357 0.0
допустить 0.0 0.854 0.0
перемешаться 0.0 2.0 0.0
наоборот 0.0 0.824 0.0
испортить 0.0 1.699 0.0
переносить 0.0 1.155 0.0
халатах… 0.0 2.0 0.0
вход 0.0 1.046 0.0
вентиляция 0.0 1.523 0.0
персонал 0.0 1.699 0.0
очистка 0.0 1.699 0.0
мытьё 0.0 1.523 0.0
столовая 0.0 1.699 0.0
курилка 0.0 2.0 0.0
добавлять 0.0 1.097 0.0
практически 0.0 0.602 0.0
вовлечь 0.0 1.398 0.0
всевозможный 0.0 1.523 0.0
26-го 0.0 1.523 0.0
серотип 0.0 1.523 0.0
признавать 0.0 1.0 0.0
колышкина 0.001 2.0 0.002
биотехнологический 0.0 1.699 0.0
конференция 0.0 1.398 0.0
openbio 0.0 2.0 0.0
решать 0.0 1.097 0.0
по-своему 0.0 2.0 0.0
разделить 0.0 1.155 0.0
установить 0.0 0.721 0.0
пластиковый 0.0 1.699 0.0
карточка 0.0 0.569 0.0
по-прежнему 0.0 0.824 0.0
человеческий 0.0 0.886 0.0
фактор 0.0 0.824 0.0
отменять 0.0 1.155 0.0
пожарный 0.0 1.398 0.0
спокойный 0.0 1.222 0.0
бывать 0.0 0.77 0.0
закрывать 0.0 1.222 0.0
неделя 0.0 0.328 0.0
чистить 0.0 1.523 0.0
изготовить 0.0 1.699 0.0
немного 0.0 0.77 0.0
устаканиться 0.0 2.0 0.0
дело 0.0 0.252 0.0
включиться 0.0 1.523 0.0
понятно 0.0 0.699 0.0
завалиться 0.0 2.0 0.0
дилемма 0.0 2.0 0.0
облегчить 0.0 1.699 0.0
разгрузить 0.0 2.0 0.0
излишек 0.0 2.0 0.0
отправлять 0.0 1.0 0.0
аргентина 0.001 0.921 0.001
поставка 0.0 0.921 0.0
предусматривать 0.0 1.398 0.0
увеличение 0.0 1.222 0.0
вскоре 0.0 1.0 0.0
подписание 0.0 1.699 0.0
семь 0.0 0.721 0.0
аргентинец 0.0 1.699 0.0
пригрозить 0.0 1.699 0.0
разрыв 0.0 1.398 0.0
дефицит 0.0 1.398 0.0
предельный 0.0 1.699 0.0
промежуток 0.0 1.398 0.0
la 0.0 2.0 0.0
nacion 0.0 2.0 0.0
выбрать 0.0 0.886 0.0
британский 0.0 0.721 0.0
юрисдикция 0.0 1.523 0.0
прописать 0.0 1.398 0.0
изначально 0.0 0.959 0.0
быстро 0.0 0.495 0.0
подразумевать 0.0 1.301 0.0
лето 0.0 1.046 0.0
лайта 0.0 1.301 0.0
обойтись 0.0 1.222 0.0
аргентинский 0.0 1.398 0.0
сайт 0.0 0.658 0.0
infobae 0.0 2.0 0.0
заметка 0.0 1.301 0.0
вернуть 0.0 1.398 0.0
цитироваться 0.0 1.699 0.0
возврат 0.0 1.523 0.0
замена 0.0 1.222 0.0
маркировка 0.0 1.699 0.0
внутренний 0.0 0.745 0.0
этикетка 0.0 1.699 0.0
упаковка 0.0 1.523 0.0
понадобиться 0.0 1.301 0.0
менять 0.0 0.886 0.0
устроить 0.0 0.854 0.0
биокада 0.0 2.0 0.0
продукт 0.0 0.678 0.0
оборот 0.0 1.222 0.0
пусть 0.0 0.921 0.0
возвратить 0.0 2.0 0.0
несущественный 0.0 2.0 0.0
глупость 0.0 1.523 0.0
переклейка 0.0 2.0 0.0
мелочь 0.0 2.0 0.0
переделать 0.0 2.0 0.0
комментировать 0.0 1.222 0.0
существо 0.0 1.523 0.0
идеально 0.0 1.699 0.0
филигранный 0.0 2.0 0.0
чётко 0.0 1.0 0.0
форс-мажор 0.0 1.699 0.0
никак 0.0 0.886 0.0
исправить 0.0 1.398 0.0
наклейка 0.0 1.699 0.0
импортёр 0.0 2.0 0.0
индия 0.0 1.155 0.0
инвестиционщик 0.0 2.0 0.0
сидеть 0.0 0.77 0.0
куртка 0.0 1.301 0.0
холодильный 0.0 2.0 0.0
час 0.0 0.538 0.0
переклеивать 0.0 2.0 0.0
далеко 0.0 0.745 0.0
hetero 0.0 1.699 0.0
biopharma 0.0 2.0 0.0
наладить 0.0 1.523 0.0
биться 0.0 1.222 0.0
индийский 0.0 1.222 0.0
продукция 0.0 1.301 0.0
физически 0.0 1.301 0.0
далее 0.0 0.921 0.0
южный 0.0 0.854 0.0
корея 0.0 1.523 0.0
где-то 0.0 0.721 0.0
розлив 0.0 2.0 0.0
лицензия 0.0 0.854 0.0
специалист 0.0 0.796 0.0
вьетнам 0.0 1.523 0.0
иордания 0.0 1.699 0.0
перенос 0.0 1.699 0.0
химрар 0.0 2.0 0.0
андрей 0.0 1.046 0.0
иващенко 0.0 2.0 0.0
подробность 0.0 1.0 0.0
контролироваться 0.0 1.398 0.0
уверять 0.0 1.523 0.0
параметр 0.0 0.959 0.0
немножко 0.0 1.222 0.0
по-другому 0.0 1.155 0.0
многий 0.0 0.495 0.0
пройти 0.0 0.387 0.0
надеть 0.0 1.301 0.0
халат 0.0 1.523 0.0
шапочка 0.0 2.0 0.0
маска 0.0 0.886 0.0
бахилы 0.0 2.0 0.0
посторонний 0.0 1.301 0.0
смотреть 0.0 0.62 0.0
прорезать 0.0 2.0 0.0
герметично 0.0 2.0 0.0
изолировать 0.0 1.523 0.0
окно 0.0 0.886 0.0
заводский 0.0 1.699 0.0
коридор 0.0 0.959 0.0
стекло 0.0 1.301 0.0
нога 0.0 0.959 0.0
одетый 0.0 1.398 0.0
синий 0.0 1.398 0.0
костюм 0.0 1.699 0.0
индивидуальный 0.0 1.097 0.0
защита 0.0 0.569 0.0
суетиться 0.0 2.0 0.0
рядом 0.0 0.854 0.0
мерно 0.0 2.0 0.0
покачиваться 0.0 2.0 0.0
среднее 0.0 0.77 0.0
вырабатываться 0.0 1.222 0.0
гибрид 0.0 1.699 0.0
объёмный 0.0 2.0 0.0
пеленальный 0.0 2.0 0.0
столик 0.0 1.699 0.0
увеличить 0.0 1.155 0.0
принтер 0.0 2.0 0.0
единый 0.0 0.959 0.0
алгоритм 0.0 1.398 0.0
контрактный 0.0 2.0 0.0
осуществлять 0.0 1.398 0.0
выводить 0.0 2.0 0.0
контролировать 0.0 1.222 0.0
пётр 0.0 1.699 0.0
ковалёв 0.0 1.523 0.0
нормальный 0.0 0.77 0.0
лицензировать 0.0 1.699 0.0
полностью 0.0 0.538 0.0
способствовать 0.0 1.0 0.0
поначалу 0.0 1.222 0.0
категорически 0.0 1.523 0.0
волновать 0.0 1.523 0.0
странно 0.0 1.301 0.0
юрлицо 0.0 2.0 0.0
второе 0.0 1.398 0.0
четвёртый 0.0 1.222 0.0
пятый 0.0 0.854 0.0
коммерция 0.0 2.0 0.0
рубиться 0.0 2.0 0.0
раздать 0.0 2.0 0.0
конструктив 0.0 2.0 0.0
возражать 0.0 1.699 0.0
образец 0.0 1.398 0.0
оставлять 0.0 0.959 0.0
полномочие 0.0 2.0 0.0
определить 0.0 1.222 0.0
правительственный 0.0 1.301 0.0
постановление 0.0 1.523 0.0
направлять 0.0 1.398 0.0
исходить 0.0 1.222 0.0
потребность 0.0 1.222 0.0
регион 0.0 0.638 0.0
внутри 0.0 0.745 0.0
сначала 0.0 0.602 0.0
дочка 0.0 1.398 0.0
сбер 0.0 1.398 0.0
иммунотехнология 0.0 2.0 0.0
нацимбио 0.0 2.0 0.0
входящий 0.0 1.222 0.0
корпорация 0.0 1.699 0.0
ростёха 0.0 2.0 0.0
ростех 0.0 2.0 0.0
чемезов 0.0 2.0 0.0
мягко 0.0 1.301 0.0
коленка 0.0 2.0 0.0
ничто 0.0 1.097 0.0
отладить 0.0 2.0 0.0
хвалиться 0.0 2.0 0.0
старый 0.0 0.658 0.0
товарищ 0.0 1.523 0.0
влиятельный 0.0 1.699 0.0
лишить 0.0 1.523 0.0
самостоятельно 0.0 1.097 0.0
отпускной 0.0 2.0 0.0
копейка 0.0 1.699 0.0
вещь 0.0 0.62 0.0
затратный 0.0 1.699 0.0
нагрузка 0.0 0.959 0.0
денежный 0.0 2.0 0.0
потеря 0.0 0.824 0.0
стоимость 0.0 1.301 0.0
возмещать 0.0 2.0 0.0
гарантировать 0.0 0.854 0.0
уколоться 0.0 1.523 0.0
желать 0.0 1.0 0.0
пик 0.0 1.301 0.0
оценка 0.0 0.745 0.0
легко 0.0 0.824 0.0
уменьшить 0.0 1.301 0.0
затрата 0.0 2.0 0.0
снижение 0.0 0.745 0.0
себестоимость 0.0 1.699 0.0
заменять 0.0 1.301 0.0
аналог 0.0 1.523 0.0
фермент 0.0 2.0 0.0
бензоназа 0.0 2.0 0.0
merck 0.0 1.523 0.0
kgaa 0.0 2.0 0.0
перечень 0.0 1.699 0.0
оба 0.0 0.62 0.0
снизить 0.0 0.854 0.0
прежний 0.0 1.222 0.0
сопоставимость 0.0 1.699 0.0
толком 0.0 1.699 0.0
от 0.0 2.0 0.0
ясный 0.0 1.222 0.0
inbio 0.0 1.699 0.0
ventures 0.0 1.523 0.0
появление 0.0 0.699 0.0
репликативно-компетентный 0.0 2.0 0.0
жизнеспособный 0.0 2.0 0.0
естественно 0.0 1.155 0.0
браковаться 0.0 2.0 0.0
размножение 0.0 1.523 0.0
вирусоподобный 0.0 1.523 0.0
однократно 0.0 2.0 0.0
попадать 0.0 0.854 0.0
клетка 0.0 0.921 0.0
заставлять 0.0 1.097 0.0
антиген 0.0 1.222 0.0
s-белок 0.0 1.222 0.0
вызывать 0.0 0.523 0.0
ad26 0.0 2.0 0.0
ad5 0.0 2.0 0.0
природный 0.0 1.155 0.0
удалить 0.0 1.222 0.0
ген 0.0 1.523 0.0
e3 0.0 2.0 0.0
e1 0.001 2.0 0.002
патент 0.0 1.523 0.0
неспособный 0.0 2.0 0.0
выращивать 0.0 2.0 0.0
культура 0.0 0.77 0.0
нести 0.0 0.886 0.0
недоставать 0.0 1.398 0.0
линия 0.0 1.0 0.0
hek 0.0 2.0 0.0
эпителий 0.0 1.699 0.0
эмбриональный 0.0 2.0 0.0
почка 0.0 1.398 0.0
модифицированный 0.0 2.0 0.0
днк 0.0 1.523 0.0
1970-й 0.0 1.699 0.0
нидерланды 0.0 1.301 0.0
геном 0.0 1.097 0.0
нуклеотид 0.0 1.699 0.0
400–3500 0.0 2.0 0.0
структурный 0.0 2.0 0.0
участок 0.0 0.959 0.0
фланкировать 0.0 2.0 0.0
животное 0.0 0.854 0.0
наиболее 0.0 0.745 0.0
ярко 0.0 2.0 0.0
проявляться 0.0 1.301 0.0
захватить 0.0 0.959 0.0
фрагмент 0.0 1.155 0.0
исходный 0.0 1.398 0.0
вирусный 0.0 1.097 0.0
случайно 0.0 1.222 0.0
рекомбинировать 0.0 2.0 0.0
обмен 0.0 1.097 0.0
снова 0.0 0.678 0.0
приобрести 0.0 1.155 0.0
e1-содержать 0.0 2.0 0.0
обеспечиваться 0.0 2.0 0.0
hek293 0.0 2.0 0.0
рекомбинация 0.0 1.699 0.0
обратный 0.0 1.155 0.0
захват 0.0 1.699 0.0
называться 0.0 0.699 0.0
случайный 0.0 1.097 0.0
зависеть 0.0 0.509 0.0
длина 0.0 1.523 0.0
последовательность 0.0 1.222 0.0
степень 0.0 0.658 0.0
схожесть 0.0 1.699 0.0
выращивание 0.0 1.699 0.0
принципиально 0.0 0.959 0.0
исходно 0.0 1.398 0.0
трансформировать 0.0 2.0 0.0
расти 0.0 0.886 0.0
цикл 0.0 1.301 0.0
масштабный 0.0 1.0 0.0
опасно 0.0 0.921 0.0
экспериментальный 0.0 1.523 0.0
крыса 0.0 1.699 0.0
мышечный 0.0 1.398 0.0
инъекция 0.0 1.523 0.0
репликационно-компетентный 0.0 2.0 0.0
воспалительный 0.0 2.0 0.0
реакция 0.0 0.678 0.0
видный 0.0 1.046 0.0
нервный 0.0 1.155 0.0
ткань 0.0 1.046 0.0
согласоваться 0.0 1.699 0.0
e1a 0.0 2.0 0.0
обладать 0.0 1.097 0.0
цитотоксичный 0.0 2.0 0.0
распространяться 0.0 0.699 0.0
уничтожаться 0.0 2.0 0.0
иммунный 0.0 0.678 0.0
нанести 0.0 1.222 0.0
ощутимый 0.0 1.699 0.0
вред 0.0 1.097 0.0
рассматривать 0.0 1.097 0.0
теоретический 0.0 1.699 0.0
опасность 0.0 0.854 0.0
способный 0.0 0.854 0.0
репликация 0.0 1.523 0.0
вектор-носитель 0.0 1.699 0.0
вон 0.0 1.699 0.0
биомедицина 0.0 2.0 0.0
живой 0.0 0.553 0.0
трудность 0.0 1.155 0.0
стандартизация 0.0 2.0 0.0
непредсказуемый 0.0 1.398 0.0
представлять 0.0 0.678 0.0
надлежащий 0.0 1.699 0.0
gmp 0.0 2.0 0.0
взамен 0.0 2.0 0.0
специализировать 0.0 1.699 0.0
per.c6 0.0 2.0 0.0
провоцировать 0.0 1.699 0.0
защитить 0.0 0.721 0.0
скептически 0.0 1.523 0.0
относиться 0.0 0.62 0.0
существенный 0.0 0.921 0.0
закваска 0.0 2.0 0.0
превышение 0.0 2.0 0.0
отследить 0.0 1.699 0.0
перебрать 0.0 2.0 0.0
пойти 0.0 0.509 0.0
реальность 0.0 0.77 0.0
серийный 0.0 2.0 0.0
увеличиваться 0.0 1.222 0.0
малое 0.0 1.523 0.0
играть 0.0 0.699 0.0
лотерея 0.0 2.0 0.0
повезти 0.0 0.854 0.0
отслеживаться 0.0 2.0 0.0
теоретически 0.0 1.046 0.0
навсегда 0.0 0.854 0.0
избавиться 0.0 1.155 0.0
точка 0.0 0.444 0.0
зрение 0.0 0.585 0.0
регуляторик 0.0 2.0 0.0
существующий 0.0 1.155 0.0
громкий 0.0 1.222 0.0
фактически 0.0 0.721 0.0
март 0.0 0.284 0.0
закупка 0.0 1.301 0.0
десяток 0.0 0.921 0.0
uniao 0.0 2.0 0.0
quimica 0.0 2.0 0.0
территория 0.0 0.62 0.0
бразильский 0.0 1.699 0.0
anvisa 0.001 2.0 0.002
ранее 0.0 0.62 0.0
полноценный 0.0 1.046 0.0
фото 0.0 0.959 0.0
eraldo 0.0 2.0 0.0
peres 0.0 2.0 0.0
ap 0.0 0.854 0.0
scanpix 0.0 0.301 0.0
leta 0.0 0.301 0.0
fda 0.0 1.222 0.0
изменить 0.0 0.538 0.0
норма 0.0 1.0 0.0
допустимый 0.0 1.699 0.0
содержание 0.0 1.301 0.0
бразилец 0.0 2.0 0.0
2020-м 0.0 2.0 0.0
общемировой 0.0 2.0 0.0
сообщество 0.0 0.886 0.0
прививочный 0.0 1.046 0.0
паспорт 0.0 1.046 0.0
превышать 0.0 1.155 0.0
отказываться 0.0 0.721 0.0
регистрировать 0.0 1.301 0.0
× 0.0 1.398 0.0
презентация 0.0 1.398 0.0
ссылка 0.0 0.886 0.0
видео 0.0 0.678 0.0
допускать 0.0 1.046 0.0
компетенция 0.0 1.699 0.0
апрель 0.0 0.886 0.0
приезжать 0.0 0.921 0.0
инспекция 0.0 1.523 0.0
пустить 0.0 1.301 0.0
посетить 0.0 1.523 0.0
невозможно 0.0 0.602 0.0
согласовать 0.0 1.301 0.0
северо-восточный 0.0 1.699 0.0
договор 0.0 1.155 0.0
ответственность 0.0 0.678 0.0
остановить 0.0 0.523 0.0
ответ 0.0 0.432 0.0
задать 0.0 1.155 0.0
посредник 0.0 1.222 0.0
таможенный 0.0 2.0 0.0
служба 0.0 0.678 0.0
тестовый 0.0 2.0 0.0
килограмм 0.0 1.699 0.0
мизерный 0.0 1.699 0.0
мексика 0.0 1.523 0.0
поставлять 0.0 1.155 0.0
тонна 0.0 1.523 0.0
отвергать 0.0 1.699 0.0
заказной 0.0 2.0 0.0
big 0.0 1.301 0.0
pharma 0.0 1.699 0.0
навредить 0.0 1.301 0.0
нанимать 0.0 1.523 0.0
атаковать 0.0 1.046 0.0
бороться 0.0 0.796 0.0
белые 0.0 1.523 0.0
рыцарь 0.0 2.0 0.0
строгий 0.0 1.398 0.0
двойной 0.0 1.097 0.0
выходной 0.0 1.301 0.0
исключать 0.0 1.046 0.0
нахождение 0.0 2.0 0.0
забраковать 0.0 2.0 0.0
твиттер 0.0 1.222 0.0
вести 0.0 0.553 0.0
готовиться 0.0 0.959 0.0
иск 0.0 1.699 0.0
клевета 0.0 1.523 0.0
диффамация 0.0 2.0 0.0
посольство 0.0 1.398 0.0
мид 0.0 1.398 0.0
посол 0.0 1.523 0.0
родриго 0.0 2.0 0.0
баэн 0.0 2.0 0.0
соарес 0.0 2.0 0.0
авиасообщение 0.0 2.0 0.0
настоятельно 0.0 1.699 0.0
возразить 0.0 1.699 0.0
актуально 0.0 1.699 0.0
пообещать 0.0 1.523 0.0
колонка 0.0 1.699 0.0
science 0.0 1.398 0.0
отказ 0.0 0.77 0.0
известный 0.0 0.569 0.0
дерек 0.0 2.0 0.0
лоу 0.0 2.0 0.0
присутствие 0.0 1.222 0.0
вероятно 0.0 0.699 0.0
совершенно 0.0 0.678 0.0
ненужный 0.0 1.699 0.0
несомненно 0.0 2.0 0.0
пострадать 0.0 0.796 0.0
регулировать 0.0 1.398 0.0
орган 0.0 0.886 0.0
репликативно-некомпетентный 0.0 2.0 0.0
содержать 0.0 0.745 0.0
неопределённый 0.0 1.398 0.0
смесь 0.0 2.0 0.0
реплицироваться 0.0 1.699 0.0
нереплицироваться 0.0 2.0 0.0
обеспокоить 0.0 2.0 0.0
оказывать 0.0 1.046 0.0
доклад 0.0 0.959 0.0
исчезнуть 0.0 1.398 0.0
копия 0.0 1.301 0.0
офис 0.0 1.046 0.0
атташе 0.0 2.0 0.0
oga 0.0 2.0 0.0
office 0.0 1.155 0.0
of 0.0 0.721 0.0
global 0.0 1.222 0.0
affairs 0.0 1.699 0.0
дипломатический 0.0 1.699 0.0
отношение 0.0 0.509 0.0
covid 0.0 2.0 0.0
официально 0.0 0.959 0.0
хотеться 0.0 0.77 0.0
инструкция 0.0 0.699 0.0
экспортировать 0.0 2.0 0.0
предел 0.0 0.959 0.0
въехать 0.0 1.699 0.0
карантин 0.0 1.301 0.0
фтс 0.0 2.0 0.0
2020-й 0.0 2.0 0.0
пятёрка 0.0 2.0 0.0
направление 0.0 0.886 0.0
казахстан 0.0 1.222 0.0
открытый 0.0 0.886 0.0
широко 0.0 1.097 0.0
анонсировать 0.0 1.301 0.0
боливия 0.0 1.523 0.0
гватемала 0.0 1.699 0.0
парагвай 0.0 1.699 0.0
гондурас 0.0 1.699 0.0
поставщик 0.0 1.222 0.0
подвести 0.0 1.523 0.0
держать 0.0 0.824 0.0
неведение 0.0 2.0 0.0
генеральный 0.0 1.046 0.0
координатор 0.0 1.699 0.0
карлос 0.0 2.0 0.0
мадеро 0.0 2.0 0.0
отмечать 0.0 0.921 0.0
гондурасец 0.0 2.0 0.0
июнь 0.0 0.699 0.0
амелия 0.0 2.0 0.0
флорес 0.0 2.0 0.0
потребовать 0.0 1.097 0.0
предоплата 0.0 2.0 0.0
закупить 0.0 1.523 0.0
доставить 0.0 1.398 0.0
ежемесячный 0.0 1.699 0.0
уличный 0.0 1.301 0.0
протест 0.0 0.745 0.0
спровоцировать 0.0 1.523 0.0
боливийский 0.0 2.0 0.0
ожидание 0.0 1.222 0.0
базироваться 0.0 1.301 0.0
лондон 0.0 1.155 0.0
airfinity 0.0 2.0 0.0
аналитика 0.0 2.0 0.0
область 0.0 0.523 0.0
подсчёт 0.0 1.301 0.0
исполнить 0.0 1.398 0.0
безусловный 0.0 1.699 0.0
стоить 0.0 0.469 0.0
осторожно 0.0 1.523 0.0
замечать 0.0 1.222 0.0
прочитать 0.0 0.796 0.0
эпиваккорона 0.0 0.959 0.0
вредный 0.0 1.222 0.0
пустышка 0.0 1.222 0.0
отозвать 0.0 1.155 0.0
отрицательный 0.0 1.046 0.0
устраивать 0.0 0.886 0.0
функционер 0.0 1.699 0.0
растащить 0.0 2.0 0.0
отдельность 0.0 1.699 0.0
кто-то 0.0 0.523 0.0
структура 0.0 0.745 0.0
ошибаться 0.0 1.699 0.0
политик 0.0 1.155 0.0
татьяна 0.0 1.398 0.0
голиков 0.0 1.699 0.0
позвонить 0.0 1.155 0.0
алексеевич 0.0 2.0 0.0
прошлый 0.0 0.745 0.0
заявлять 0.0 1.0 0.0
оформить 0.0 1.398 0.0
торговать 0.0 1.699 0.0
заметно 0.0 1.222 0.0
дорогой 0.0 1.046 0.0
оформлять 0.0 2.0 0.0
нанять 0.0 1.699 0.0
латвия 0.0 1.523 0.0
инфарматис 0.0 2.0 0.0
клиент 0.0 1.097 0.0
мессенджер 0.0 2.0 0.0
полина 0.0 2.0 0.0
домбура 0.0 2.0 0.0
немецкий 0.0 0.699 0.0
выступить 0.0 0.721 0.0
инициатива 0.0 1.046 0.0
r-pharm 0.0 2.0 0.0
germany 0.0 1.699 0.0
затея 0.0 2.0 0.0
рискованный 0.0 1.699 0.0
впервые 0.0 0.824 0.0
иронизировать 0.0 2.0 0.0
открывать 0.0 1.097 0.0
путь 0.0 0.62 0.0
филиал 0.0 1.398 0.0
указанный 0.0 1.699 0.0
импортироваться 0.0 2.0 0.0
компания-заявитель 0.0 2.0 0.0
инспектировать 0.0 2.0 0.0
вышеперечисленный 0.0 1.699 0.0
город 0.0 0.409 0.0
иллертиссный 0.0 2.0 0.0
осуществляться 0.0 1.523 0.0
ориентировочно 0.0 2.0 0.0
подавать 0.0 1.301 0.0
вовремя 0.0 1.398 0.0
осмотреть 0.0 2.0 0.0
reuters 0.0 0.745 0.0
поляк 0.0 1.523 0.0
расстроиться 0.0 2.0 0.0
ткнуть 0.0 2.0 0.0
палец 0.0 1.398 0.0
запись 0.0 1.0 0.0
трясти 0.0 1.523 0.0
питер 0.0 1.699 0.0
обрабатываться 0.0 2.0 0.0
дотошно 0.0 2.0 0.0
замечание 0.0 2.0 0.0
экстренный 0.0 1.523 0.0
показание 0.0 1.301 0.0
заводить 0.0 2.0 0.0
комната 0.0 1.301 0.0
спрашивать 0.0 0.886 0.0
носить 0.0 0.796 0.0
чашка 0.0 2.0 0.0
петереть 0.0 2.0 0.0
опись 0.0 2.0 0.0
расписаться 0.0 2.0 0.0
больничном… 0.0 2.0 0.0
ах 0.0 2.0 0.0
тряпка 0.0 2.0 0.0
швабра 0.0 2.0 0.0
ломать 0.0 1.523 0.0
жёстко 0.0 1.301 0.0
ожидать 0.0 0.62 0.0
отчёт 0.0 1.0 0.0
найти 0.0 0.456 0.0
нарушение 0.0 0.886 0.0
асептический 0.0 2.0 0.0
приостановить 0.0 1.155 0.0
возобновить 0.0 1.699 0.0
поторопиться 0.0 2.0 0.0
всё-таки 0.0 0.553 0.0
мощный 0.0 1.046 0.0
значит 0.0 0.444 0.0
предоставлять 0.0 1.301 0.0
заграничный 0.0 2.0 0.0
гущин 0.0 1.699 0.0
проигнорировать 0.0 1.699 0.0
звонок 0.0 1.222 0.0
разговаривать 0.0 1.0 0.0
вышестоящий 0.0 2.0 0.0
профилактика 0.0 0.886 0.0
простуда 0.0 1.699 0.0
пить 0.0 1.222 0.0
противовирусный 0.0 1.222 0.0
кагоцелый 0.0 2.0 0.0
подарить 0.0 1.699 0.0
ниармедик 0.0 2.0 0.0
норматив 0.0 2.0 0.0
верифицировать 0.0 2.0 0.0
консультировать 0.0 2.0 0.0
читать 0.0 0.444 0.0
модуль 0.0 1.699 0.0
независимо 0.0 1.398 0.0
мучение 0.0 2.0 0.0
картина 0.0 0.721 0.0
открываться 0.0 1.222 0.0
переговоры 0.0 0.921 0.0
жест 0.0 2.0 0.0
добрый 0.0 1.398 0.0
воля 0.0 1.523 0.0
сколково 0.0 1.222 0.0
израильский 0.0 1.222 0.0
хадасс 0.0 1.523 0.0
вотсап 0.0 1.699 0.0
записаться 0.0 1.398 0.0
лист 0.0 1.398 0.0
ввозить 0.0 1.699 0.0
незарегистрированный 0.0 2.0 0.0
эхо 0.0 1.699 0.0
госдума 0.0 1.046 0.0
соломатин 0.0 2.0 0.0
житель 0.0 0.456 0.0
законодательство 0.0 1.097 0.0
ввоз 0.0 1.699 0.0
запрещаться 0.0 2.0 0.0
запрет 0.0 0.921 0.0
ведущий 0.0 0.959 0.0
деятельность 0.0 0.854 0.0
польза 0.0 0.745 0.0
высказываться 0.0 1.155 0.0
пресса 0.0 1.155 0.0
евгений 0.0 1.097 0.0
туголуков 0.0 2.0 0.0
приостановление 0.0 1.699 0.0
разговор 0.0 0.745 0.0
кампания 0.0 0.699 0.0
общение 0.0 1.155 0.0
помнить 0.0 0.699 0.0
хадассоя 0.0 2.0 0.0
… 0.0 1.301 0.0
продвинуть 0.0 1.699 0.0
израиль 0.0 0.921 0.0
странный 0.0 1.301 0.0
совпадение 0.0 2.0 0.0
washington 0.0 1.301 0.0
въезд 0.0 1.222 0.0
взаимный 0.0 1.523 0.0
ad5-ncov 0.0 1.699 0.0
конвидеция 0.0 1.699 0.0
cansino 0.0 1.301 0.0
bioloigic 0.0 2.0 0.0
молдова 0.0 1.699 0.0
пакистан 0.0 1.523 0.0
чили 0.0 1.301 0.0
эквадор 0.0 1.699 0.0
индонезия 0.0 1.699 0.0
малайзия 0.0 1.699 0.0
петровакса 0.0 1.523 0.0
интеррос 0.0 2.0 0.0
потанин 0.0 2.0 0.0
подольск 0.0 2.0 0.0
лишний 0.0 1.097 0.0
зимой 0.0 1.301 0.0
думать 0.0 0.456 0.0
упрощённый 0.0 2.0 0.0
положить 0.0 1.0 0.0
лежать 0.0 0.824 0.0
периодически 0.0 1.046 0.0
балда 0.0 2.0 0.0
придумывать 0.0 1.398 0.0
честно 0.0 1.0 0.0
всякий 0.0 0.921 0.0
надежда 0.0 0.77 0.0
неудобно 0.0 1.523 0.0
сырьё 0.0 1.699 0.0
везти 0.0 1.222 0.0
выхлоп 0.0 2.0 0.0
непонятный 0.0 1.523 0.0
бешеный 0.0 1.699 0.0
политизация 0.0 2.0 0.0
иллюзия 0.0 1.523 0.0
441-му 0.0 2.0 0.0
упрощать 0.0 1.699 0.0
скажем 0.0 1.222 0.0
нелогичный 0.0 2.0 0.0
абзац 0.0 1.699 0.0
обязательно 0.0 0.959 0.0
соблюсти 0.0 1.699 0.0
формальность 0.0 2.0 0.0
допускаться 0.0 1.699 0.0
сводный 0.0 2.0 0.0
краткий 0.0 1.222 0.0
сократить 0.0 1.222 0.0
сходить 0.0 1.222 0.0
ап 0.0 1.523 0.0
администрация 0.0 0.959 0.0
поговорить 0.0 0.62 0.0
довольно 0.0 0.523 0.0
упрощенок 0.0 2.0 0.0
отечественный 0.0 1.301 0.0
собирать 0.0 0.699 0.0
отсекать 0.0 2.0 0.0
указание 0.0 1.155 0.0
премьер-министр 0.0 1.301 0.0
кабинет 0.0 1.222 0.0
касаться 0.0 0.553 0.0
допуск 0.0 2.0 0.0
заявительный 0.0 2.0 0.0
характер 0.0 1.301 0.0
определять 0.0 1.155 0.0
позиция 0.0 0.745 0.0
сертификат 0.0 1.046 0.0
беспрепятственно 0.0 2.0 0.0
ехать 0.0 1.0 0.0
хорватия 0.0 1.523 0.0
турция 0.0 1.222 0.0
болгария 0.0 1.398 0.0
сербия 0.0 1.523 0.0
недавно 0.0 0.62 0.0
телефонный 0.0 1.523 0.0
связанный 0.0 0.745 0.0
шаг 0.0 0.886 0.0
верить 0.0 0.553 0.0
предвзятый 0.0 1.523 0.0
подрывать 0.0 2.0 0.0
выстрадать 0.0 2.0 0.0
пафос 0.0 2.0 0.0
искренне 0.0 1.523 0.0
читателейн 0.0 0.174 0.0
срочно 0.0 0.167 0.0
ершовый 0.0 0.77 0.0
анастасия 0.0 1.699 0.0
якоревой 0.0 2.0 0.0
юлия 0.0 1.699 0.0
старостин 0.0 2.0 0.0
благодарить 0.0 1.155 0.0
юлий 0.0 2.0 0.0
михалёв 0.0 2.0 0.0
стогонь 0.0 2.0 0.0
редакция 0.0 0.066 0.0
кодекс 0.0 0.066 0.0
блог 0.0 0.066 0.0
meduzacare 0.0 0.066 0.0
связаться 0.0 0.066 0.0
анонимно 0.0 0.066 0.0
ios 0.0 0.066 0.0
android 0.0 0.066 0.0
инстаграм 0.0 0.066 0.0
twitter 0.0 0.0 0.0
facebook 0.0 0.0 0.0
вконтакте 0.0 0.066 0.0
youtube 0.0 0.06 0.0
– 0.0 0.06 0.0
вечерний 0.0 0.066 0.0
реклама 0.0 0.066 0.0
требование 0.0 0.066 0.0
баннер 0.0 0.066 0.0
безопасно 0.0 0.066 0.0
персональный 0.0 0.066 0.0
правило 0.0 0.066 0.0
обработка 0.0 0.066 0.0
кук 0.0 0.066 0.0
ошибка 0.0 0.066 0.0
нажать 0.0 0.066 0.0
ctrl+enter 0.0 0.066 0.0
спасибоgiphyз 0.0 0.066 0.0
гифка 0.0 0.066 0.0
© 0.0 0.0 0.0
