перейти 0.001 0.066 0.0
материал 0.002 0.066 0.0
связь 0.001 0.0 0.0
новостиисторииразборшапитокоронавирусмагаз 0.001 0.066 0.0
медуза 0.009000000000000001 0.066 0.001
рекламаmeduza 0.001 0.066 0.0
in 0.001 0.0 0.0
english 0.001 0.06 0.0
показывать 0.001 0.066 0.0
порядок 0.001 0.066 0.0
en 0.001 0.066 0.0
кнопка 0.001 0.066 0.0
поддержка 0.002 0.066 0.0
разбор 0.002 0.387 0.001
решить 0.002 0.398 0.001
привиться 0.006 0.796 0.005
ура 0.002 1.097 0.002
инструкция 0.006 0.699 0.004
подготовиться 0.002 1.155 0.002
сделать 0.005 0.208 0.001
прививка 0.008 0.602 0.005
который 0.011 0.071 0.001
правда 0.002 0.456 0.001
работать 0.003 0.102 0.0
июнь 0.002 0.699 0.001
источник 0.004 0.167 0.001
meduza 0.003 0.0 0.0
данный 0.001 0.097 0.0
сообщение 0.001 0.102 0.0
создать 0.001 0.097 0.0
распространить 0.001 0.102 0.0
иностранный 0.003 0.097 0.0
средство 0.003 0.097 0.0
массовый 0.001 0.097 0.0
информация 0.003 0.102 0.0
выполнять 0.002 0.097 0.0
функция 0.002 0.097 0.0
агент 0.002 0.097 0.0
российский 0.006 0.071 0.0
юридический 0.001 0.102 0.0
лицо 0.001 0.086 0.0
мы 0.002 0.066 0.0
нужный 0.002 0.086 0.0
ваш 0.002 0.081 0.0
помощь 0.001 0.071 0.0
пожалуйста 0.001 0.102 0.0
поддержать 0.002 0.066 0.0
выяснить 0.001 0.824 0.001
противопоказание 0.010000000000000002 1.046 0.01
россия 0.012 0.108 0.001
три 0.002 0.569 0.001
препарат 0.006 0.585 0.004
спутник 0.009000000000000001 0.678 0.006
v 0.007 0.699 0.005
зарегистрировать 0.002 0.602 0.001
название 0.002 0.745 0.001
гам-ковид-вак 0.002 1.301 0.003
эпиваккорона 0.007 0.959 0.007
ковивак 0.004 1.046 0.004
список 0.001 0.569 0.001
формальный 0.001 1.222 0.001
схожий 0.001 1.155 0.001
пока 0.003 0.208 0.001
прививать 0.004 0.959 0.004
ковид 0.006 0.387 0.002
год 0.004 0.119 0.0
достаточный 0.001 0.854 0.001
данные 0.003 0.31 0.001
эффективность 0.002 0.538 0.001
безопасность 0.003 0.387 0.001
этот 0.006 0.137 0.001
вакцина 0.019000000000000003 0.538 0.01
ребёнок 0.001 0.387 0.0
кроме 0.002 0.387 0.001
возраст 0.001 0.658 0.001
другой 0.009000000000000001 0.097 0.001
общий 0.004 0.444 0.002
гиперчувствительность 0.001 1.699 0.002
какой-то 0.002 0.328 0.001
компонент 0.009000000000000001 0.824 0.007
первый 0.003 0.143 0.0
рекомбинантный 0.002 1.699 0.003
аденовирусный 0.002 1.046 0.002
частица 0.002 1.222 0.002
26-го 0.001 1.523 0.002
серотип 0.002 1.523 0.003
содержать 0.002 0.745 0.001
ген 0.002 1.523 0.003
белок 0.002 1.155 0.002
s 0.002 0.796 0.002
sars-cov-2 0.003 0.824 0.002
трис 0.002 2.0 0.004
гидроксиметить 0.002 2.0 0.004
аминометан 0.002 2.0 0.004
хлорид 0.006 2.0 0.012
натрий 0.006 2.0 0.012
сахароза 0.002 2.0 0.004
полисорбат 0.002 2.0 0.004
гексагидрат 0.002 2.0 0.004
магний 0.002 2.0 0.004
эдт 0.002 2.0 0.004
этилендиаминтетраацетат 0.002 2.0 0.004
этанол 0.002 2.0 0.004
вода 0.003 0.638 0.002
второй 0.004 0.357 0.001
5-й 0.001 1.301 0.001
пептидный 0.001 1.398 0.001
антиген 0.002 1.222 0.002
гидроксид 0.002 1.699 0.003
алюминий 0.002 1.699 0.003
дигидрофосфат 0.002 2.0 0.004
калий 0.002 2.0 0.004
додекагидрат 0.001 2.0 0.002
гидрофосфат 0.001 2.0 0.002
инактивированный 0.001 1.301 0.001
фосфат 0.001 2.0 0.002
дигидрат 0.002 2.0 0.004
динатрий 0.001 2.0 0.002
любой 0.004 0.319 0.001
тяжёлый 0.005 0.377 0.002
аллергический 0.006 1.523 0.009
реакция 0.008 0.678 0.005
прошлый 0.002 0.745 0.001
речь 0.001 0.398 0.0
анафилаксия 0.003 1.699 0.005
быстрый 0.001 0.699 0.001
сопровождаться 0.001 1.222 0.001
отёк 0.001 1.699 0.002
снижение 0.001 0.745 0.001
артериальный 0.001 1.523 0.002
давление 0.001 0.699 0.001
остановка 0.001 1.398 0.001
дыхание 0.001 1.301 0.001
беременность 0.002 1.097 0.002
период 0.001 0.678 0.001
грудной 0.001 1.523 0.002
вскармливание 0.001 1.699 0.002
среди 0.002 0.42 0.001
введение 0.004 0.658 0.003
первичный 0.003 1.699 0.005
иммунодефицит 0.003 1.699 0.005
также 0.008 0.237 0.002
злокачественный 0.003 2.0 0.006
заболевание 0.015 0.481 0.007
кровь 0.002 0.77 0.002
новообразование 0.003 2.0 0.006
нужно 0.002 0.237 0.0
отметить 0.001 0.886 0.001
противоречить 0.001 1.155 0.001
тот 0.005 0.131 0.001
рекомендовать 0.005 0.569 0.003
различный 0.001 0.921 0.001
медицинский 0.011 0.523 0.006
организация 0.004 0.509 0.002
база 0.001 0.854 0.001
знание 0.001 1.222 0.001
обычно 0.001 0.523 0.001
тамназываюттолько 0.001 2.0 0.002
предыдущий 0.001 0.886 0.001
дело 0.002 0.252 0.001
современный 0.001 0.959 0.001
пусть 0.001 0.921 0.001
безопасно 0.002 0.066 0.0
прививаться 0.003 0.824 0.002
понять 0.003 0.495 0.001
именно 0.001 0.244 0.0
вызвать 0.001 0.721 0.001
такой 0.007 0.114 0.001
организм 0.001 0.745 0.001
время 0.002 0.086 0.0
теория 0.002 1.0 0.002
аллергия 0.001 1.155 0.001
развиться 0.001 1.301 0.001
человек 0.002 0.092 0.0
вещество 0.001 1.0 0.001
поэтому 0.002 0.328 0.001
российскимправило 0.001 2.0 0.002
место 0.004 0.409 0.002
проводить 0.001 0.509 0.001
вакцинация 0.012 0.553 0.007
должный 0.005 0.201 0.001
легко 0.001 0.824 0.001
доступный 0.001 0.824 0.001
применяться 0.001 1.046 0.001
всемирный 0.001 0.959 0.001
здравоохранение 0.001 0.658 0.001
воз 0.005 0.796 0.004
указывать 0.001 0.796 0.001
лишь 0.001 0.481 0.0
наличие 0.003 0.745 0.002
какой-либо 0.001 0.854 0.001
против 0.002 0.229 0.0
covid-19 0.002 0.77 0.002
активный 0.001 0.796 0.001
симптом 0.004 0.824 0.003
менее 0.001 0.432 0.0
провести 0.002 0.538 0.001
исчезновение 0.001 1.398 0.001
пограничный 0.002 1.699 0.003
ситуация 0.003 0.337 0.001
посоветоваться 0.002 1.699 0.003
врач 0.005 0.509 0.003
остальной 0.002 0.553 0.001
случай 0.006 0.194 0.001
находиться 0.002 0.367 0.001
кормление 0.001 2.0 0.002
грудь 0.001 1.155 0.001
связать 0.002 0.469 0.001
коронавирус 0.003 0.387 0.001
взвесить 0.001 1.523 0.002
часто 0.002 0.456 0.001
состояние 0.003 0.721 0.002
упоминаться 0.001 1.155 0.001
раздел 0.002 1.523 0.003
призывать 0.001 1.046 0.001
проявить 0.001 1.398 0.001
настороженность 0.001 2.0 0.002
прямой 0.001 0.658 0.001
доказательство 0.001 0.824 0.001
вред 0.002 1.097 0.002
пациент 0.003 0.678 0.002
очень 0.001 0.149 0.0
мало 0.002 0.538 0.001
вообще 0.002 0.066 0.0
хотя 0.003 0.276 0.001
страна 0.003 0.155 0.0
давать 0.001 0.31 0.0
рекомендация 0.003 0.678 0.002
опыт 0.001 0.699 0.001
позиция 0.001 0.745 0.001
казаться 0.001 0.409 0.0
применимый 0.001 1.523 0.002
законный 0.001 1.523 0.002
сила 0.001 0.456 0.0
иметь 0.002 0.337 0.001
считаться 0.003 0.824 0.002
острый 0.003 1.222 0.004
инфекционный 0.001 1.301 0.001
неинфекционный 0.001 2.0 0.002
это 0.009 0.066 0.001
развитие 0.001 0.638 0.001
осложнение 0.002 0.886 0.002
основный 0.001 0.62 0.001
неблагоприятный 0.001 1.398 0.001
исход 0.001 0.921 0.001
мочь 0.004 0.102 0.0
истолковать 0.001 2.0 0.002
следствие 0.001 1.523 0.002
писать 0.003 0.347 0.001
правило 0.006 0.066 0.0
выздоровление 0.002 1.398 0.003
два-четыре 0.001 1.699 0.002
неделя 0.001 0.328 0.0
нетяжёлый 0.001 2.0 0.002
орви 0.001 1.301 0.001
кишечный 0.001 2.0 0.002
подобный 0.001 0.721 0.001
сразу 0.001 0.553 0.001
температура 0.002 0.824 0.002
стать 0.001 0.149 0.0
нормальный 0.001 0.77 0.001
например 0.005 0.229 0.001
консультативный 0.001 2.0 0.002
комитет 0.001 1.097 0.001
практика 0.001 0.796 0.001
иммунизация 0.001 1.398 0.001
сша 0.001 0.469 0.0
средний 0.001 0.796 0.001
тяжесть 0.001 0.959 0.001
протекать 0.001 1.301 0.001
тяжело 0.001 0.796 0.001
повод 0.002 0.553 0.001
отложить 0.001 1.301 0.001
однако 0.002 0.337 0.001
улучшаться 0.001 2.0 0.002
обострение 0.001 1.699 0.002
хронический 0.003 1.097 0.003
некоторый 0.003 0.222 0.001
решение 0.001 0.347 0.0
приниматься 0.001 0.959 0.001
вместе 0.001 0.602 0.001
печень 0.001 1.398 0.001
почка 0.001 1.398 0.001
выраженный 0.001 1.398 0.001
эндокринный 0.001 1.699 0.002
система 0.003 0.398 0.001
кроветворение 0.001 1.699 0.002
центральный 0.001 1.097 0.001
нервный 0.001 1.155 0.001
эпилепсия 0.001 2.0 0.002
сердечно-сосудистый 0.001 1.699 0.002
миокардит 0.001 1.699 0.002
эндокардит 0.001 2.0 0.002
аутоиммунный 0.001 1.398 0.001
вводить 0.002 0.886 0.002
осторожность 0.002 1.523 0.003
бронхолёгочный 0.001 2.0 0.002
бронхиальный 0.001 2.0 0.002
астма 0.001 1.523 0.002
желудочно-кишечный 0.001 2.0 0.002
тракт 0.001 2.0 0.002
упомянуть 0.001 1.155 0.001
вторичный 0.002 1.523 0.003
к 0.001 0.745 0.001
относиться 0.001 0.62 0.001
фон 0.001 0.745 0.001
вич-инфекция 0.001 2.0 0.002
использоваться 0.001 0.585 0.001
изучить 0.002 0.854 0.002
хороший 0.002 0.377 0.001
недоступный 0.001 1.398 0.001
похожий 0.001 0.602 0.001
производство 0.001 0.658 0.001
johnson 0.002 1.155 0.002
cansino 0.001 1.301 0.001
целое 0.001 0.585 0.001
astrazeneca 0.002 0.959 0.002
пригодиться 0.001 1.699 0.002
искать 0.001 0.678 0.001
качественный 0.001 1.046 0.001
пандемия 0.001 0.538 0.001
нееинструкция 0.001 2.0 0.002
сми 0.001 0.602 0.001
постоянно 0.001 0.62 0.001
прорыв 0.001 1.699 0.002
лечение 0.001 0.77 0.001
рак 0.001 1.398 0.001
что 0.001 1.301 0.001
верить 0.001 0.553 0.001
сожаление 0.002 0.553 0.001
проблема 0.002 0.347 0.001
избыточный 0.001 0.921 0.001
отвод 0.001 1.523 0.002
специально 0.001 0.959 0.001
выделяться 0.001 2.0 0.002
официальный 0.003 0.538 0.002
методический 0.001 1.222 0.001
указание 0.001 1.155 0.001
быть 0.001 0.215 0.0
готовый 0.001 0.509 0.001
безосновательно 0.001 2.0 0.002
попытаться 0.001 0.854 0.001
отговорить 0.001 1.699 0.002
знать 0.001 0.244 0.0
важный 0.001 0.284 0.0
обстоятельство 0.001 1.046 0.001
закон 0.001 0.658 0.001
разный 0.004 0.276 0.001
пройти 0.001 0.387 0.0
месяц 0.002 0.432 0.001
хотеть 0.002 0.102 0.0
клещевой 0.001 1.699 0.002
энцефалит 0.001 1.523 0.002
болезнь 0.003 0.553 0.002
совмещать 0.001 2.0 0.002
назад 0.002 0.18 0.0
карточка 0.002 0.569 0.001
откладывать 0.001 1.523 0.002
недавно 0.002 0.62 0.001
болеть 0.001 0.745 0.001
необходимость 0.002 0.745 0.001
проверять 0.001 0.77 0.001
уровень 0.001 0.367 0.0
просто 0.002 0.194 0.0
антитело 0.003 0.77 0.002
перенести 0.001 0.959 0.001
узнавать 0.001 1.301 0.001
говорить 0.001 0.18 0.0
структура 0.001 0.745 0.001
число 0.001 0.201 0.0
минздрав 0.004 0.678 0.003
выработаться 0.001 1.301 0.001
навредить 0.001 1.301 0.001
улучшить 0.001 1.523 0.002
простимулировать 0.001 2.0 0.002
иммунный 0.001 0.678 0.001
ответ 0.001 0.432 0.0
снова 0.001 0.678 0.001
считать 0.002 0.319 0.001
из-за 0.002 0.229 0.0
распространение 0.001 0.523 0.001
новый 0.004 0.187 0.001
опасный 0.001 0.699 0.001
штамм 0.002 0.796 0.002
вакцинироваться 0.002 0.886 0.002
выжидать 0.001 2.0 0.002
полгода 0.001 0.886 0.001
длительный 0.001 1.523 0.002
срок 0.002 0.824 0.002
подчёркивать 0.001 1.301 0.001
определённость 0.001 1.699 0.002
вопрос 0.002 0.276 0.001
интервал 0.001 1.046 0.001
выдержать 0.001 1.301 0.001
поговорить 0.001 0.62 0.001
обоснованный 0.001 1.155 0.001
счёт 0.001 0.721 0.001
рассказывать 0.001 0.337 0.0
известно 0.001 0.481 0.0
учёный 0.001 0.569 0.001
вариант 0.001 0.481 0.0
дельта 0.001 0.854 0.001
переживать 0.001 0.886 0.001
небывалый 0.001 2.0 0.002
вспышка 0.001 1.0 0.001
ковидаплохой 0.001 2.0 0.002
новость 0.002 0.357 0.001
сработать 0.001 1.222 0.001
общаться 0.001 0.959 0.001
подтвердиться 0.001 1.699 0.002
карантин 0.001 1.301 0.001
единственный 0.001 0.481 0.0
причина 0.002 0.398 0.001
почему 0.002 0.337 0.001
стоить 0.003 0.469 0.001
риск 0.001 0.357 0.0
передать 0.001 0.959 0.001
вирус 0.001 0.538 0.001
работник 0.004 0.824 0.003
риска 0.001 1.398 0.001
здоровье 0.002 0.796 0.002
начало 0.001 0.26 0.0
неизвестно 0.001 0.77 0.001
исследование 0.003 0.42 0.001
вроде 0.001 0.658 0.001
анализ 0.001 0.721 0.001
мочить 0.003 1.301 0.004
определиться 0.002 2.0 0.004
довольно 0.001 0.523 0.001
вероятно 0.001 0.699 0.001
заранее 0.001 0.959 0.001
устраивать 0.001 0.886 0.001
дать 0.002 0.066 0.0
опубликовать 0.001 0.509 0.001
больший 0.001 0.328 0.0
неопределённость 0.001 1.523 0.002
объективный 0.001 1.301 0.001
основание 0.001 0.569 0.001
ожидать 0.001 0.62 0.001
эффективный 0.001 0.553 0.001
узнать 0.001 0.481 0.0
научный 0.001 0.658 0.001
статья 0.001 0.553 0.001
выйти 0.001 0.456 0.0
февраль 0.001 0.337 0.0
евросоюз 0.001 0.886 0.001
сей 0.001 0.456 0.0
пора 0.001 0.357 0.0
одобрить 0.001 1.0 0.001
что-то 0.001 0.509 0.001
она 0.001 1.0 0.001
сам 0.002 0.137 0.0
житель 0.001 0.456 0.0
начать 0.001 0.276 0.0
задать 0.001 1.155 0.001
главный 0.001 0.276 0.0
разработчик 0.001 0.77 0.001
производитель 0.001 0.796 0.001
пиарить 0.001 1.699 0.002
активно 0.001 0.77 0.001
профильный 0.001 1.523 0.002
институт 0.001 0.77 0.001
идея 0.001 0.585 0.001
записаться 0.001 1.398 0.001
возможно 0.001 0.398 0.0
идти 0.001 0.222 0.0
запись 0.002 1.0 0.002
бесплатный 0.001 1.222 0.001
требоваться 0.002 0.854 0.002
осмотр 0.001 1.523 0.002
непосредственно 0.001 0.959 0.001
процедура 0.001 0.959 0.001
частный 0.002 0.824 0.002
клиника 0.002 0.886 0.002
потребоваться 0.002 0.921 0.002
оплата 0.001 2.0 0.002
приём 0.001 0.921 0.001
записываться 0.001 2.0 0.002
госуслуга 0.002 1.398 0.003
снилс 0.002 2.0 0.004
номер 0.001 1.222 0.001
полис 0.002 2.0 0.004
обязательный 0.002 0.886 0.002
страхование 0.002 1.699 0.003
где-то 0.001 0.721 0.001
прийти 0.001 0.658 0.001
взять 0.001 0.553 0.001
себя 0.002 0.62 0.001
документ 0.004 0.678 0.003
утвердить 0.001 1.301 0.001
паспорт 0.001 1.046 0.001
удостоверять 0.002 1.699 0.003
личность 0.002 1.301 0.003
либо 0.002 0.569 0.001
гражданин 0.001 0.553 0.001
никто 0.001 0.432 0.0
иностранец 0.001 1.398 0.001
смочь 0.001 0.328 0.0
внести 0.001 1.097 0.001
регистр 0.001 1.699 0.002
вакцинировать 0.001 0.602 0.001
учесть 0.001 1.398 0.001
смогутпринять 0.001 2.0 0.002
московский 0.001 0.824 0.001
написать 0.002 0.62 0.001
уточнить 0.001 1.097 0.001
какой 0.002 0.357 0.001
конкретный 0.001 0.658 0.001
учреждение 0.002 0.959 0.002
проверить 0.002 0.886 0.002
газета 0.001 1.046 0.001
сообщить 0.001 0.638 0.001
прививочный 0.001 1.046 0.001
кабинет 0.001 1.222 0.001
заменять 0.001 1.301 0.001
предупреждение 0.001 1.155 0.001
незаконно 0.001 1.699 0.002
истечь 0.001 2.0 0.002
годность 0.001 2.0 0.002
полный 0.001 0.377 0.0
право 0.001 0.538 0.001
попросить 0.002 0.699 0.001
вслух 0.002 2.0 0.004
помнить 0.001 0.699 0.001
этикетка 0.002 1.699 0.003
весь 0.001 0.114 0.0
известный 0.001 0.569 0.001
совпадать 0.001 1.222 0.001
показать 0.002 0.432 0.001
флакон 0.002 1.523 0.003
ампула 0.002 1.523 0.003
внутренний 0.001 0.745 0.001
таков 0.001 1.523 0.002
предлагать 0.002 0.602 0.001
посмотреть 0.001 0.523 0.001
отказываться 0.001 0.721 0.001
прочитать 0.001 0.796 0.001
насторожиться 0.001 2.0 0.002
процесс 0.001 0.538 0.001
выясняться 0.001 1.699 0.002
собираться 0.001 0.602 0.001
ввести 0.001 0.538 0.001
соглашаться 0.001 1.097 0.001
отказаться 0.002 0.62 0.001
вводиться 0.001 1.398 0.001
двукратно 0.001 2.0 0.002
приходить 0.001 0.824 0.001
получить 0.001 0.328 0.0
доза 0.001 0.721 0.001
британский 0.001 0.721 0.001
приемлемый 0.001 2.0 0.002
исключительный 0.001 1.699 0.002
недостаточно 0.001 0.921 0.001
род 0.001 0.77 0.001
комбинация 0.002 1.398 0.003
вестись 0.001 1.097 0.001
участвовать 0.001 0.569 0.001
два 0.001 0.26 0.0
читать 0.001 0.444 0.0
рф 0.001 0.745 0.001
испытание 0.001 0.77 0.001
следить 0.001 0.796 0.001
свой 0.001 0.143 0.0
использование 0.002 0.066 0.0
возникнуть 0.001 0.77 0.001
нежелательный 0.003 0.77 0.002
описать 0.001 0.721 0.001
боль 0.002 0.699 0.001
повышенный 0.001 0.77 0.001
головной 0.001 1.155 0.001
основное 0.001 0.553 0.001
гриппоподобный 0.001 1.523 0.002
озноб 0.001 2.0 0.002
мышца 0.001 1.523 0.002
сустав 0.001 2.0 0.002
недомогание 0.001 2.0 0.002
рекомендуетсяиспользоватьнестероидный 0.001 2.0 0.002
противовоспалительный 0.001 1.523 0.002
парацетамол 0.001 1.398 0.001
появиться 0.001 0.367 0.0
указать 0.001 0.796 0.001
обратиться 0.001 0.658 0.001
настоять 0.001 1.699 0.002
заявить 0.001 0.553 0.001
росздравнадзор 0.001 1.398 0.001
благодаря 0.001 0.77 0.001
отследить 0.001 1.699 0.002
эффект 0.001 0.796 0.001
заметить 0.001 0.886 0.001
вести 0.002 0.553 0.001
дневник 0.001 1.699 0.002
самонаблюдение 0.001 2.0 0.002
серьёзный 0.001 0.553 0.001
поствакцинальный 0.001 1.523 0.002
государствовыплачивать 0.001 2.0 0.002
компенсация 0.001 1.301 0.001
коротко 0.001 0.824 0.001
употреблять 0.002 1.523 0.003
алкоголь 0.002 1.046 0.002
ходить 0.002 0.77 0.002
баня 0.002 1.699 0.003
укол 0.002 1.0 0.002
видеть 0.001 0.444 0.0
пара 0.001 0.658 0.001
бокал 0.001 2.0 0.002
посоветовать 0.001 1.398 0.001
маленький 0.001 0.328 0.0
заниматься 0.001 0.62 0.001
спорт 0.001 1.301 0.001
смысл 0.001 0.481 0.0
немногофактчек 0.001 1.699 0.002
соблюдать 0.003 1.222 0.004
мера 0.003 0.377 0.001
отличаться 0.001 0.553 0.001
кто-то 0.002 0.523 0.001
большинство 0.001 0.509 0.001
привить 0.002 0.678 0.001
пренебречь 0.001 2.0 0.002
защита 0.002 0.569 0.001
чей 0.001 1.097 0.001
носить 0.001 0.796 0.001
маска 0.002 0.886 0.002
положить 0.001 1.0 0.001
дистанция 0.001 1.523 0.002
непривитый 0.001 1.097 0.001
подробный 0.001 0.569 0.001
снимать 0.001 0.824 0.001
бег 0.001 2.0 0.002
вечеринка 0.001 1.523 0.002
еда 0.001 0.678 0.001
бабушка 0.001 1.0 0.001
спойлер 0.001 0.796 0.001
ранний 0.001 0.409 0.0
24/7 0.001 0.102 0.0
интерес 0.001 0.155 0.0
читателейн 0.001 0.174 0.0
срочно 0.001 0.167 0.0
помочь 0.001 0.125 0.0
дарья 0.001 0.921 0.001
саркисян 0.001 0.959 0.001
редакция 0.002 0.066 0.0
кодекс 0.001 0.066 0.0
блог 0.001 0.066 0.0
meduzacare 0.001 0.066 0.0
связаться 0.001 0.066 0.0
анонимно 0.001 0.066 0.0
платформа 0.002 0.066 0.0
ios 0.001 0.066 0.0
android 0.001 0.066 0.0
инстаграм 0.001 0.066 0.0
twitter 0.001 0.0 0.0
facebook 0.001 0.0 0.0
вконтакте 0.001 0.066 0.0
youtube 0.001 0.06 0.0
– 0.001 0.06 0.0
live 0.001 0.022 0.0
вечерний 0.001 0.066 0.0
реклама 0.002 0.066 0.0
требование 0.001 0.066 0.0
баннер 0.001 0.066 0.0
персональный 0.001 0.066 0.0
обработка 0.001 0.066 0.0
кук 0.001 0.066 0.0
наслать 0.001 0.066 0.0
ошибка 0.001 0.066 0.0
выделить 0.001 0.066 0.0
нажать 0.001 0.066 0.0
ctrl+enter 0.001 0.066 0.0
спасибоgiphyз 0.001 0.066 0.0
гифка 0.001 0.066 0.0
© 0.001 0.0 0.0
