перейти 0.003 0.066 0.0
материал 0.002 0.066 0.0
связь 0.002 0.0 0.0
новостиисторииразборшапитокоронавирусмагаз 0.001 0.066 0.0
медуза 0.009000000000000001 0.066 0.001
рекламаmeduza 0.001 0.066 0.0
in 0.001 0.0 0.0
english 0.001 0.06 0.0
показывать 0.002 0.066 0.0
порядок 0.001 0.066 0.0
en 0.001 0.066 0.0
кнопка 0.001 0.066 0.0
поддержка 0.003 0.066 0.0
история 0.001 0.26 0.0
начало 0.002 0.26 0.001
война 0.002 0.357 0.001
госуслуга 0.003 1.398 0.004
сайт 0.023000000000000007 0.658 0.015
кремль 0.001 0.824 0.001
другой 0.001 0.097 0.0
ведомство 0.002 0.796 0.002
работать 0.005 0.102 0.001
труд 0.001 0.854 0.001
вообще 0.002 0.066 0.0
открываться 0.001 1.222 0.001
рассказывать 0.002 0.337 0.001
это 0.007 0.066 0.0
связать 0.001 0.469 0.0
зайти 0.001 1.301 0.001
очень 0.004 0.149 0.001
март 0.002 0.284 0.001
источник 0.001 0.167 0.0
meduza 0.004 0.0 0.0
данный 0.001 0.097 0.0
сообщение 0.001 0.102 0.0
создать 0.002 0.097 0.0
распространить 0.001 0.102 0.0
иностранный 0.005 0.097 0.0
средство 0.001 0.097 0.0
массовый 0.004 0.097 0.0
информация 0.002 0.102 0.0
выполнять 0.002 0.097 0.0
функция 0.002 0.097 0.0
агент 0.002 0.097 0.0
российский 0.01 0.071 0.001
юридический 0.001 0.102 0.0
лицо 0.001 0.086 0.0
мы 0.005 0.066 0.0
нужный 0.005 0.086 0.0
ваш 0.005 0.081 0.0
помощь 0.002 0.071 0.0
пожалуйста 0.001 0.102 0.0
поддержать 0.002 0.066 0.0
алексей 0.001 0.886 0.001
зотов 0.001 2.0 0.002
тасс 0.001 0.699 0.001
украина 0.001 0.347 0.0
пользователь 0.020000000000000004 1.046 0.021
начаться 0.001 0.367 0.0
проблема 0.002 0.347 0.001
доступ 0.006 0.796 0.005
правительственный 0.002 1.301 0.003
онлайн-клиент 0.001 2.0 0.002
банк 0.005 0.959 0.005
браузер 0.014000000000000002 1.398 0.02
начать 0.001 0.276 0.0
помечать 0.001 2.0 0.002
небезопасный 0.002 2.0 0.004
сбрасывать 0.001 1.301 0.001
соединение 0.007 2.0 0.014
причина 0.001 0.398 0.0
отзыв 0.003 1.301 0.004
цифровой 0.005 1.523 0.008
сертификат 0.044000000000000004 1.046 0.046
безопасность 0.002 0.387 0.001
доверять 0.001 1.398 0.001
защищать 0.001 0.585 0.001
свой 0.004 0.143 0.001
получить 0.005 0.328 0.002
нужно 0.004 0.237 0.001
подтвердить 0.001 0.678 0.001
который 0.013000000000000005 0.071 0.001
хотеть 0.003 0.102 0.0
попасть 0.002 0.409 0.001
мошеннический 0.001 2.0 0.002
содержать 0.001 0.745 0.001
ключ 0.001 1.523 0.002
шифрование 0.001 2.0 0.002
установка 0.004 1.398 0.006
безопасный 0.002 0.824 0.002
понять 0.001 0.495 0.0
защитить 0.004 0.721 0.003
страница 0.003 0.959 0.003
интернет 0.009000000000000001 0.921 0.008
просто 0.005 0.194 0.001
достаточно 0.001 0.444 0.0
посмотреть 0.002 0.523 0.001
адресный 0.001 2.0 0.002
строка 0.001 1.398 0.001
адрес 0.002 1.301 0.003
начинаться 0.001 0.886 0.001
префикс 0.001 2.0 0.002
https 0.001 2.0 0.002
// 0.001 1.699 0.002
рядом 0.001 0.854 0.001
символ 0.001 1.046 0.001
замочка 0.002 2.0 0.004
нажать 0.002 0.066 0.0
статус 0.002 1.155 0.002
также 0.001 0.237 0.0
название 0.001 0.745 0.001
центр 0.001 0.432 0.0
сертификация 0.001 2.0 0.002
certification 0.001 2.0 0.002
authority 0.001 1.398 0.001
выпустить 0.001 0.699 0.001
срок 0.001 0.824 0.001
действие 0.001 0.409 0.0
мир 0.001 0.26 0.0
несколько 0.001 0.187 0.0
десяток 0.001 0.921 0.001
коммерческий 0.001 1.301 0.001
некоммерческий 0.001 1.523 0.002
организация 0.003 0.509 0.002
обладать 0.001 1.097 0.001
корнев 0.002 2.0 0.004
¾ 0.001 2.0 0.002
выдавать 0.002 1.155 0.002
пять 0.001 0.432 0.0
самый 0.002 0.208 0.0
крупный 0.001 0.523 0.001
компания 0.006 0.444 0.003
четыре 0.001 0.509 0.001
зарегистрировать 0.001 0.602 0.001
сша 0.001 0.469 0.0
один 0.001 0.119 0.0
бельгия 0.001 1.398 0.001
правило 0.006 0.066 0.0
иметь 0.002 0.337 0.001
древовидный 0.001 2.0 0.002
структура 0.001 0.745 0.001
владелец 0.003 1.097 0.003
корневой 0.007 2.0 0.014
цс 0.005 2.0 0.01
разрешить 0.001 0.886 0.001
право 0.001 0.538 0.001
выпуск 0.001 0.959 0.001
подписать 0.001 1.046 0.001
очередь 0.001 0.538 0.001
быть 0.002 0.215 0.0
выпускать 0.004 1.0 0.004
дочерний 0.005 1.699 0.008
платный 0.001 1.523 0.002
услуга 0.002 1.398 0.003
участник 0.001 0.658 0.001
цепь 0.001 1.398 0.001
зарабатывать 0.001 1.398 0.001
деньга 0.001 0.602 0.001
например 0.004 0.229 0.001
владеть 0.001 1.699 0.002
многий 0.001 0.495 0.0
разный 0.001 0.276 0.0
продукт 0.001 0.678 0.001
кцс 0.002 2.0 0.004
удостоверять 0.001 1.699 0.002
подписывать 0.001 1.046 0.001
отдельный 0.001 0.678 0.001
каждый 0.001 0.244 0.0
государственный 0.011 0.523 0.006
сервис 0.003 0.959 0.003
пока 0.004 0.208 0.001
комментировать 0.001 1.222 0.001
условие 0.001 0.495 0.0
санкционный 0.001 1.398 0.001
ограничение 0.001 0.585 0.001
платёжный 0.002 2.0 0.004
система 0.003 0.398 0.001
мочь 0.002 0.102 0.0
потерять 0.001 0.854 0.001
возможность 0.002 0.444 0.001
оплачивать 0.001 2.0 0.002
такой 0.005 0.114 0.001
что 0.001 1.301 0.001
привести 0.002 0.456 0.001
современный 0.003 0.959 0.003
открывать 0.002 1.097 0.002
предупреждение 0.001 1.155 0.001
кроме 0.001 0.387 0.0
поисковик 0.001 2.0 0.002
значительно 0.001 0.959 0.001
понижать 0.001 1.699 0.002
выдача 0.001 1.523 0.002
защищённость 0.001 1.699 0.002
подлинность 0.001 1.699 0.002
особенно 0.001 0.553 0.001
важный 0.001 0.284 0.0
речь 0.001 0.398 0.0
идти 0.001 0.222 0.0
работа 0.004 0.357 0.001
критический 0.001 1.398 0.001
электронный 0.001 1.046 0.001
почта 0.001 1.523 0.002
социальный 0.001 0.721 0.001
сеть 0.001 0.824 0.001
интернет-банк 0.001 2.0 0.002
именно 0.001 0.244 0.0
два 0.002 0.26 0.001
последний 0.001 0.284 0.0
случай 0.002 0.194 0.0
минцифра 0.002 2.0 0.004
намеренно 0.001 1.222 0.001
предложить 0.002 0.699 0.001
собственный 0.001 0.569 0.001
служба 0.002 0.678 0.001
оглядываться 0.001 1.523 0.002
международный 0.002 0.569 0.001
подход 0.001 0.854 0.001
следующий 0.001 0.553 0.001
поскольку 0.001 0.678 0.001
google 0.006 1.301 0.008
разработчик 0.003 0.77 0.002
chrome 0.002 2.0 0.004
apple 0.002 1.523 0.003
safari 0.002 2.0 0.004
microsoft 0.004 2.0 0.008
edge 0.002 1.523 0.003
mozilla 0.004 2.0 0.008
знать 0.001 0.244 0.0
прийтись 0.002 0.602 0.001
яндекс 0.001 1.523 0.002
vk 0.001 1.398 0.001
прошлый 0.001 0.745 0.001
mail.ru 0.004 2.0 0.008
group 0.001 1.155 0.001
добавлять 0.004 1.097 0.004
список 0.009000000000000001 0.569 0.005
доверенный 0.007 2.0 0.014
вручную 0.002 1.699 0.003
отечественный 0.001 1.301 0.001
понятно 0.001 0.699 0.001
рассылка 0.001 1.523 0.002
предлагать 0.001 0.602 0.001
установить 0.006 0.721 0.004
яндекс.браузер 0.001 2.0 0.002
atom 0.002 2.0 0.004
поддерживать 0.001 0.569 0.001
ручной 0.001 2.0 0.002
сложный 0.001 0.602 0.001
сторонний 0.001 1.523 0.002
небезопасно 0.001 1.398 0.001
убедить 0.002 1.097 0.002
поддельный 0.002 1.699 0.003
копия 0.001 1.301 0.001
злоумышленник 0.001 1.699 0.002
смочь 0.002 0.328 0.001
провести 0.002 0.538 0.001
атака 0.003 0.959 0.003
известный 0.001 0.569 0.001
man-in-the-middle 0.002 2.0 0.004
посредник 0.001 1.222 0.001
открыть 0.001 0.538 0.001
обмен 0.001 1.097 0.001
данные 0.002 0.31 0.001
вопрос 0.001 0.276 0.0
доверие 0.002 1.155 0.002
власть 0.002 0.31 0.001
обычно 0.001 0.523 0.001
провайдер 0.002 2.0 0.004
обмениваться 0.001 1.699 0.002
позволить 0.001 0.62 0.001
незашифрованный 0.001 2.0 0.002
вид 0.001 0.398 0.0
тот 0.001 0.131 0.0
информационный 0.002 0.854 0.002
кампания 0.001 0.699 0.001
сторона 0.001 0.347 0.0
необходимо 0.001 0.585 0.001
новый 0.001 0.187 0.0
телефонный 0.001 1.523 0.002
мошенник 0.001 2.0 0.002
якобы 0.001 0.854 0.001
имя 0.001 0.585 0.001
рука 0.001 0.62 0.001
теоретически 0.001 1.046 0.001
правительство 0.004 0.678 0.003
попытаться 0.002 0.854 0.002
договориться 0.001 1.155 0.001
технологический 0.001 1.155 0.001
добавить 0.002 1.0 0.002
считать 0.001 0.319 0.0
текущий 0.001 0.959 0.001
обстановка 0.001 1.097 0.001
рассчитывать 0.001 0.886 0.001
содействие 0.001 1.699 0.002
сложно 0.001 0.538 0.001
зарубежный 0.002 0.886 0.002
популярный 0.002 0.854 0.002
firefox 0.001 1.699 0.002
убеждать 0.001 1.398 0.001
глобальный 0.001 1.301 0.001
внести 0.002 1.097 0.002
чёрный 0.003 0.959 0.003
заблокировать 0.001 0.553 0.001
россия 0.005 0.108 0.001
этот 0.001 0.137 0.0
готовый 0.001 0.509 0.001
продолжать 0.001 0.292 0.0
несмотря 0.001 0.456 0.0
прямо 0.001 0.357 0.0
далёкий 0.001 0.481 0.0
весь 0.004 0.114 0.0
трудный 0.001 0.721 0.001
независимый 0.001 0.409 0.0
издание 0.001 0.481 0.0
интерес 0.002 0.155 0.0
читатель 0.001 0.523 0.001
помочьхотать 0.001 0.886 0.001
помочь 0.002 0.125 0.0
кто-то 0.001 0.523 0.001
вводить 0.001 0.886 0.001
предсказуемый 0.001 1.699 0.002
оказываться 0.001 0.721 0.001
страна 0.001 0.155 0.0
наиболее 0.001 0.745 0.001
озаботить 0.001 1.699 0.002
интернет-суверенитет 0.001 2.0 0.002
влияние 0.001 0.921 0.001
кнр 0.001 1.398 0.001
настоящий 0.001 0.585 0.001
момент 0.001 0.387 0.0
десять 0.001 0.585 0.001
certificate 0.001 2.0 0.002
authorities 0.001 1.046 0.001
ос 0.001 2.0 0.002
windows 0.001 1.398 0.001
китайский 0.002 0.886 0.002
год 0.006 0.119 0.001
поместить 0.001 1.699 0.002
wosign 0.001 2.0 0.002
утрата 0.001 2.0 0.002
перестать 0.001 0.678 0.001
признавать 0.001 1.0 0.001
cnnic 0.002 2.0 0.004
ответственный 0.001 1.097 0.001
управление 0.001 0.824 0.001
сегмент 0.001 1.301 0.001
произойти 0.002 0.638 0.001
попытка 0.003 0.921 0.003
использовать 0.001 0.319 0.0
слежка 0.001 2.0 0.002
египет 0.001 1.398 0.001
близкие 0.001 1.523 0.002
россиянин 0.001 0.444 0.0
пример 0.001 0.585 0.001
казахстан 0.002 1.222 0.002
предлог 0.001 2.0 0.002
борьба 0.001 0.658 0.001
терроризм 0.001 1.301 0.001
раз 0.001 0.569 0.001
пытаться 0.001 0.409 0.0
первый 0.001 0.143 0.0
настолько 0.001 0.886 0.001
непродуманный 0.001 2.0 0.002
нарушение 0.001 0.886 0.001
интернет-сервис 0.001 2.0 0.002
сбой 0.001 1.699 0.002
рекламный 0.001 1.301 0.001
платформа 0.003 0.066 0.0
блокировать 0.001 1.155 0.001
трафик 0.002 1.398 0.003
счесть 0.001 1.398 0.001
происходить 0.001 0.301 0.0
тип 0.001 0.796 0.001
ошибка 0.002 0.066 0.0
поздний 0.001 0.745 0.001
неудачный 0.001 1.699 0.002
время 0.002 0.086 0.0
казахстанский 0.001 1.699 0.002
facebook 0.002 0.0 0.0
twitter 0.002 0.0 0.0
отказываться 0.001 0.721 0.001
устанавливать 0.001 1.222 0.001
устройство 0.002 1.301 0.003
массово 0.001 1.097 0.001
практика 0.001 0.796 0.001
отключение 0.001 1.301 0.001
кризисный 0.001 1.523 0.002
ситуация 0.001 0.337 0.0
январский 0.001 2.0 0.002
протест 0.001 0.745 0.001
отключить 0.001 1.097 0.001
делать 0.001 0.18 0.0
госсертификат 0.001 2.0 0.002
основной 0.001 0.854 0.001
стоить 0.002 0.469 0.001
яндекс.браузеро 0.001 2.0 0.002
пользоваться 0.004 0.886 0.004
исключительно 0.001 1.155 0.001
онлайн-банк 0.001 2.0 0.002
остальной 0.001 0.553 0.001
переживать 0.001 0.886 0.001
забывать 0.001 1.0 0.001
обычный 0.001 0.509 0.001
мера 0.001 0.377 0.0
предосторожность 0.001 1.398 0.001
вроде 0.001 0.658 0.001
использование 0.003 0.066 0.0
проверить 0.001 0.886 0.001
vpn 0.001 1.301 0.001
шифровать 0.001 2.0 0.002
интернет-активность 0.001 2.0 0.002
отказ 0.001 0.77 0.001
dns-сервер 0.001 2.0 0.002
безопасно 0.004 0.066 0.0
сидеть 0.002 0.77 0.002
телефон 0.002 0.745 0.001
подставиться 0.002 2.0 0.004
соблюдать 0.002 1.222 0.002
абсолютно 0.002 0.721 0.001
назад 0.002 0.18 0.0
24/7 0.001 0.102 0.0
читателейн 0.001 0.174 0.0
срочно 0.001 0.167 0.0
редакция 0.002 0.066 0.0
кодекс 0.001 0.066 0.0
блог 0.001 0.066 0.0
meduzacare 0.001 0.066 0.0
связаться 0.001 0.066 0.0
анонимно 0.001 0.066 0.0
ios 0.001 0.066 0.0
android 0.001 0.066 0.0
инстаграм 0.001 0.066 0.0
вконтакте 0.001 0.066 0.0
youtube 0.001 0.06 0.0
– 0.001 0.06 0.0
live 0.001 0.022 0.0
вечерний 0.001 0.066 0.0
реклама 0.002 0.066 0.0
требование 0.001 0.066 0.0
баннер 0.001 0.066 0.0
персональный 0.001 0.066 0.0
дать 0.001 0.066 0.0
обработка 0.001 0.066 0.0
кук 0.001 0.066 0.0
наслать 0.001 0.066 0.0
выделить 0.001 0.066 0.0
ctrl+enter 0.001 0.066 0.0
спасибоgiphyз 0.001 0.066 0.0
гифка 0.001 0.066 0.0
© 0.001 0.0 0.0
