перейти 0.001 0.066 0.0
материал 0.002 0.066 0.0
связь 0.002 0.0 0.0
новостиисторииразборшапитокоронавирусмагаз 0.001 0.066 0.0
медуза 0.018 0.066 0.001
рекламаmeduza 0.001 0.066 0.0
in 0.001 0.0 0.0
english 0.001 0.06 0.0
показывать 0.003 0.066 0.0
порядок 0.002 0.066 0.0
en 0.001 0.066 0.0
кнопка 0.001 0.066 0.0
поддержка 0.003 0.066 0.0
🌲 0.001 1.301 0.001
читать 0.002 0.444 0.001
россия 0.013000000000000001 0.108 0.001
разбор 0.058 0.387 0.022
центробанк 0.002 1.523 0.003
ввести 0.001 0.538 0.001
жёсткий 0.001 0.678 0.001
валютный 0.001 1.523 0.002
ограничение 0.001 0.585 0.001
покупать 0.002 0.824 0.002
валюта 0.001 1.301 0.001
карточка 0.019 0.569 0.011
день 0.02 0.167 0.003
назад 0.052 0.18 0.009
очень 0.003 0.149 0.0
скоро 0.001 0.796 0.001
заблокировать 0.002 0.553 0.001
instagram 0.001 0.745 0.001
максимально 0.001 0.721 0.001
короткий 0.002 0.921 0.002
инструкция 0.007 0.699 0.005
это 0.015 0.066 0.001
нужно 0.001 0.237 0.0
успеть 0.002 0.678 0.001
сделать 0.002 0.208 0.0
знать 0.003 0.244 0.001
заменить 0.001 0.921 0.001
видеть 0.002 0.444 0.001
новость 0.002 0.357 0.001
биологический 0.001 1.222 0.001
оружие 0.001 0.921 0.001
который 0.009000000000000001 0.071 0.001
украина 0.011 0.347 0.004
разрабатывать 0.001 1.301 0.001
сша 0.002 0.469 0.001
нуланд 0.001 2.0 0.002
признать 0.001 0.658 0.001
неужели 0.002 1.155 0.002
правда 0.003 0.456 0.001
почему 0.003 0.337 0.001
замедлиться 0.001 1.699 0.002
наступление 0.001 1.097 0.001
российский 0.011000000000000003 0.071 0.001
войско 0.003 0.678 0.002
отвечать 0.002 0.456 0.001
главный 0.002 0.276 0.001
вопрос 0.004 0.276 0.001
возникнуть 0.001 0.77 0.001
конец 0.001 0.444 0.0
второй 0.001 0.357 0.0
неделя 0.001 0.328 0.0
война 0.011 0.357 0.004
действительно 0.001 0.377 0.0
сфальсифицировать 0.001 1.301 0.001
репортаж 0.001 0.678 0.001
обстрел 0.001 0.678 0.001
роддом 0.001 1.0 0.001
мариуполь 0.001 0.77 0.001
спойлер 0.003 0.796 0.002
разбирать 0.001 0.854 0.001
аргумент 0.001 0.62 0.001
один 0.003 0.119 0.0
пропагандистский 0.001 1.222 0.001
миф 0.001 1.046 0.001
россиянин 0.003 0.444 0.001
украинец 0.001 0.796 0.001
мочь 0.004 0.102 0.0
получить 0.003 0.328 0.001
политический 0.002 0.658 0.001
убежище 0.002 1.0 0.002
европа 0.006 0.495 0.003
верить 0.002 0.553 0.001
государственный 0.001 0.523 0.001
соцопрос 0.001 1.222 0.001
большинство 0.001 0.509 0.001
поддерживать 0.002 0.569 0.001
пять 0.001 0.432 0.0
график 0.001 1.222 0.001
помогать 0.001 0.444 0.0
ответить 0.001 0.495 0.0
хотеть 0.003 0.102 0.0
дать 0.003 0.066 0.0
деньга 0.001 0.602 0.001
год 0.009000000000000001 0.119 0.001
путин 0.004 0.523 0.002
подписать 0.001 1.046 0.001
закон 0.001 0.658 0.001
обязывать 0.001 2.0 0.002
указывать 0.001 0.796 0.001
иноагент 0.002 1.699 0.003
безопасно 0.003 0.066 0.0
писать 0.002 0.347 0.001
репостить 0.001 2.0 0.002
ваш 0.004 0.081 0.0
месяц 0.032 0.432 0.014
пожертвовать 0.001 1.523 0.002
точно 0.001 0.481 0.0
никто 0.001 0.432 0.0
узнать 0.001 0.481 0.0
фейк 0.002 1.0 0.002
действие 0.003 0.409 0.001
военный 0.001 0.444 0.0
дискредитация 0.002 1.222 0.002
армия 0.006 0.721 0.004
уголовно 0.001 1.699 0.002
наказуемый 0.001 1.699 0.002
делать 0.002 0.18 0.0
пойти 0.001 0.509 0.001
альтернативный 0.001 1.0 0.001
гражданский 0.001 0.745 0.001
служба 0.001 0.678 0.001
март 0.002 0.284 0.001
призвать 0.001 0.886 0.001
отправить 0.001 0.959 0.001
итог 0.001 0.509 0.001
пятый 0.001 0.854 0.001
украинетяжёлый 0.001 2.0 0.002
артиллерия 0.001 1.155 0.001
бомбить 0.001 0.824 0.001
харьков 0.001 0.886 0.001
знак 0.001 1.301 0.001
остановиться 0.001 0.959 0.001
рост 0.001 0.824 0.001
жертва 0.001 0.824 0.001
среди 0.001 0.42 0.0
мирный 0.001 0.699 0.001
человек 0.002 0.092 0.0
четвёртый 0.001 1.222 0.001
итогиу 0.001 2.0 0.002
явный 0.001 1.097 0.001
проблема 0.001 0.347 0.0
тактика 0.001 1.398 0.001
публично 0.001 1.046 0.001
заявить 0.001 0.553 0.001
кадыров 0.001 1.699 0.002
родственник 0.001 0.745 0.001
медицинский 0.001 0.523 0.001
документ 0.001 0.678 0.001
разрешение 0.001 0.886 0.001
избежать 0.001 1.046 0.001
вторжение 0.003 0.569 0.002
финальный 0.001 1.523 0.002
битва 0.001 1.301 0.001
реальностьюмаксить 0.001 2.0 0.002
трудолюб 0.003 1.523 0.005
проиграть 0.002 1.523 0.003
просто 0.002 0.194 0.0
начать 0.002 0.276 0.001
февраль 0.002 0.337 0.001
оправдать 0.001 1.222 0.001
законамивсе 0.001 2.0 0.002
подозревать 0.001 1.155 0.001
подозрение 0.001 1.046 0.001
подтвердить 0.001 0.678 0.001
документально 0.001 2.0 0.002
начинать 0.002 0.569 0.001
подсчёт 0.001 1.301 0.001
экономический 0.001 0.854 0.001
потеря 0.001 0.824 0.001
признание 0.001 1.046 0.001
днр 0.002 0.959 0.002
лнр 0.002 1.0 0.002
северный 0.002 0.824 0.002
поток 0.002 1.222 0.002
грозить 0.003 1.097 0.003
решение 0.001 0.347 0.0
германия 0.001 0.699 0.001
отказаться 0.001 0.62 0.001
запуск 0.001 1.222 0.001
говорить 0.002 0.18 0.0
устать 0.001 1.222 0.001
оон 0.001 1.222 0.001
давать 0.001 0.31 0.0
право 0.002 0.538 0.001
самооборона 0.001 2.0 0.002
швейцарский 0.001 1.301 0.001
исследователь 0.001 0.721 0.001
международный 0.002 0.569 0.001
нико 0.001 2.0 0.002
криша 0.001 2.0 0.002
объяснять 0.002 0.538 0.001
омикрон 0.004 0.921 0.004
опасный 0.001 0.699 0.001
другой 0.002 0.097 0.0
штамм 0.001 0.796 0.001
вокруг 0.002 0.721 0.001
болеть 0.002 0.745 0.001
легко 0.001 0.824 0.001
картинка 0.001 1.155 0.001
человечек 0.001 1.699 0.002
воображать 0.001 1.699 0.002
город 0.001 0.409 0.0
жить 0.003 0.481 0.001
ребёнок 0.002 0.387 0.001
оглянуться 0.001 2.0 0.002
обнаружить 0.001 0.658 0.001
рентополисемаксить 0.001 2.0 0.002
многоэтажка 0.001 1.301 0.001
окраина 0.001 1.097 0.001
стать 0.005 0.149 0.001
трущоба 0.001 2.0 0.002
навальный 0.001 1.222 0.001
снова 0.001 0.678 0.001
судить 0.001 0.585 0.001
мошенничество 0.001 2.0 0.002
оскорбление 0.001 2.0 0.002
конкретно 0.001 1.222 0.001
обвинять 0.001 1.301 0.001
срок 0.001 0.824 0.001
дело 0.001 0.252 0.0
фигурировать 0.001 1.523 0.002
слово 0.001 0.268 0.0
блин 0.001 1.523 0.002
евросоюз 0.001 0.886 0.001
соединить 0.001 1.301 0.001
штат 0.001 1.097 0.001
принять 0.001 0.42 0.0
когда-нибудь 0.001 1.523 0.002
ес 0.002 1.0 0.002
решать 0.001 1.097 0.001
немец 0.001 1.155 0.001
стыдный 0.002 1.523 0.003
тридцатилетие 0.001 2.0 0.002
единый 0.001 0.959 0.001
запустить 0.001 1.046 0.001
группа 0.001 0.387 0.0
найти 0.001 0.456 0.0
тот 0.002 0.131 0.0
подходить 0.001 1.155 0.001
переживать 0.001 0.886 0.001
болезнь 0.002 0.553 0.001
близкий 0.002 0.347 0.001
виноватый 0.001 1.699 0.002
вот-вот 0.001 1.523 0.002
разгореться 0.001 1.699 0.002
версия 0.001 0.77 0.001
россииформулировать 0.001 2.0 0.002
относительно 0.001 0.721 0.001
коротко 0.001 0.824 0.001
основа 0.001 0.678 0.001
резкий 0.001 1.155 0.001
заявление 0.001 0.62 0.001
политик 0.001 1.155 0.001
дипломат 0.001 1.155 0.001
эпиваккорона 0.001 0.959 0.001
вредный 0.001 1.222 0.001
пустышка 0.001 1.222 0.001
регистрация 0.001 0.854 0.001
должный 0.001 0.201 0.0
отозванадва 0.001 1.699 0.002
независимый 0.002 0.409 0.001
исследование 0.001 0.42 0.0
европейский 0.002 0.602 0.001
университет 0.001 0.721 0.001
установить 0.001 0.721 0.001
отрицательный 0.002 1.046 0.002
эффективность 0.001 0.538 0.001
хотеться 0.001 0.77 0.001
ковид-сертификат 0.001 1.523 0.002
январь 0.001 0.824 0.001
предоставляться 0.001 2.0 0.002
кто 0.001 0.377 0.0
сложный 0.001 0.602 0.001
из-за 0.001 0.229 0.0
фон 0.001 0.745 0.001
слух 0.001 1.222 0.001
казаться 0.001 0.409 0.0
вообще 0.003 0.066 0.0
запуститькто 0.001 2.0 0.002
такой 0.002 0.114 0.0
случай 0.001 0.194 0.0
институт 0.001 0.77 0.001
гражданство 0.002 1.699 0.003
устарелмаксить 0.001 2.0 0.002
пример 0.001 0.585 0.001
власть 0.001 0.31 0.0
цитировать 0.001 1.155 0.001
некрасов 0.001 1.523 0.002
евтушенко 0.001 2.0 0.002
радоваться 0.001 1.699 0.002
быть 0.001 0.215 0.0
пускать 0.001 1.097 0.001
западный 0.001 0.553 0.001
прививка 0.001 0.602 0.001
тест 0.001 0.77 0.001
идти 0.001 0.222 0.0
билет 0.001 1.301 0.001
пока 0.002 0.208 0.0
рано 0.001 0.921 0.001
🤷 0.001 2.0 0.002
что 0.002 1.301 0.003
привести 0.001 0.456 0.0
протест 0.002 0.745 0.001
казахстан 0.004 1.222 0.005
русский 0.001 0.62 0.001
старший 0.001 0.678 0.001
жуз 0.001 2.0 0.002
отличаться 0.002 0.553 0.001
младший 0.001 1.097 0.001
страна 0.002 0.155 0.0
начало 0.001 0.26 0.0
обсуждать 0.001 0.745 0.001
весь 0.002 0.114 0.0
мир 0.002 0.26 0.001
мягкий 0.001 1.097 0.001
дельта 0.002 0.854 0.002
учёный 0.001 0.569 0.001
позволять 0.001 0.585 0.001
надёжный 0.001 0.824 0.001
выводович 0.001 1.523 0.002
инфекция 0.001 0.569 0.001
клеточный 0.001 1.0 0.001
уровень 0.001 0.367 0.0
понятный 0.001 0.959 0.001
предложить 0.001 0.699 0.001
запретить 0.001 0.77 0.001
майнинга 0.001 2.0 0.002
любой 0.001 0.319 0.0
операция 0.001 0.721 0.001
криптовалюта 0.001 2.0 0.002
кстати 0.001 0.886 0.001
цб 0.001 1.301 0.001
предлагать 0.001 0.602 0.001
желать 0.001 1.0 0.001
высказать 0.001 1.155 0.001
свой 0.001 0.143 0.0
мнение 0.001 0.509 0.001
идея 0.001 0.585 0.001
всё-таки 0.001 0.553 0.001
начаться 0.001 0.367 0.0
смочь 0.002 0.328 0.001
украинский 0.001 0.538 0.001
оказать 0.001 1.523 0.002
сопротивление 0.001 1.301 0.001
разбираться 0.001 1.046 0.001
измениться 0.001 0.745 0.001
сми 0.002 0.602 0.001
родить 0.001 1.301 0.001
переболеть 0.001 0.745 0.001
ковид 0.002 0.387 0.001
мать 0.001 0.854 0.001
отставать 0.001 1.699 0.002
развитие 0.001 0.638 0.001
достоинство 0.001 1.523 0.002
абстракция 0.001 2.0 0.002
конкретный 0.001 0.658 0.001
правовой 0.001 1.301 0.001
категория 0.001 1.046 0.001
игнорировать 0.001 1.097 0.001
общество 0.001 0.602 0.001
государствофилософ 0.001 2.0 0.002
николай 0.001 1.097 0.001
плотник 0.001 2.0 0.002
приводить 0.001 0.602 0.001
рассказывать 0.002 0.337 0.001
впечатляющий 0.002 1.155 0.002
история 0.001 0.26 0.0
вариант 0.001 0.481 0.0
дельтакрон 0.001 1.398 0.001
сочетать 0.001 1.398 0.001
мутация 0.001 1.097 0.001
дельтыпохоже 0.001 1.699 0.002
обнаружение 0.001 1.155 0.001
лабораторный 0.001 0.959 0.001
ошибка 0.002 0.066 0.0
внедрять 0.001 1.699 0.002
новый 0.004 0.187 0.001
классификация 0.001 1.301 0.001
считаться 0.001 0.824 0.001
заболевание 0.001 0.481 0.0
москва 0.001 0.523 0.001
выдавать 0.001 1.155 0.001
паспорт 0.001 1.046 0.001
негражданин 0.002 2.0 0.004
стабильность 0.001 1.523 0.002
оказаться 0.001 0.31 0.0
иллюзорный 0.001 2.0 0.002
насколько 0.003 0.42 0.001
сильный 0.001 0.553 0.001
антироссийский 0.001 1.398 0.001
настроение 0.001 1.097 0.001
интервью 0.001 0.745 0.001
социолог 0.001 1.398 0.001
диана 0.001 1.699 0.002
кудайбергенов 0.001 2.0 0.002
изучать 0.001 0.854 0.001
государство 0.002 0.569 0.001
национализм 0.001 2.0 0.002
отчитываться 0.001 1.523 0.002
вид 0.001 0.398 0.0
жительство 0.001 1.523 0.002
либерализация 0.001 1.699 0.002
подавление 0.001 1.398 0.001
войти 0.001 1.155 0.001
одкб 0.001 2.0 0.002
основное 0.001 0.553 0.001
значит 0.002 0.444 0.001
этот 0.001 0.137 0.0
аббревиатура 0.001 1.699 0.002
законный 0.001 1.523 0.002
житель 0.002 0.456 0.001
массово 0.001 1.097 0.001
придумать 0.001 0.886 0.001
основание 0.001 0.569 0.001
лишение 0.001 2.0 0.002
какой 0.001 0.357 0.0
крымчанин 0.001 2.0 0.002
коснуться 0.001 1.523 0.002
прямо 0.001 0.357 0.0
распространяться 0.001 0.699 0.001
менее 0.001 0.432 0.0
смертельный 0.001 1.155 0.001
плохо 0.001 0.569 0.001
извинить 0.001 1.0 0.001
утешительный 0.001 1.699 0.002
прогноз 0.001 0.824 0.001
нумеровать 0.001 2.0 0.002
каждый 0.001 0.244 0.0
завести 0.001 1.301 0.001
цифровой 0.001 1.523 0.002
досье 0.001 1.301 0.001
немой 0.001 0.585 0.001
преследовать 0.001 1.301 0.001
журналист 0.001 0.481 0.0
нко 0.001 1.699 0.002
самый 0.001 0.208 0.0
число 0.001 0.201 0.0
поссориться 0.001 2.0 0.002
праздничный 0.001 2.0 0.002
стол 0.001 1.0 0.001
неправый 0.001 2.0 0.002
невыносимый 0.001 1.097 0.001
помочь 0.002 0.125 0.0
встретить 0.001 1.097 0.001
мирно 0.001 2.0 0.002
праздник 0.002 1.301 0.003
время 0.002 0.086 0.0
встреча 0.001 1.0 0.001
пандемия 0.001 0.538 0.001
воздух 0.001 0.886 0.001
одеться 0.001 1.699 0.002
замёрзнуть 0.001 2.0 0.002
декабрь 0.002 0.745 0.001
обожать 0.001 1.699 0.002
кроме 0.001 0.387 0.0
домашний 0.001 1.155 0.001
животное 0.001 0.854 0.001
бояться 0.001 0.699 0.001
салют 0.001 2.0 0.002
питомец 0.001 1.699 0.002
хозяин 0.001 1.097 0.001
кремль 0.001 0.824 0.001
требовать 0.001 0.658 0.001
нато 0.002 0.959 0.002
гарантия 0.001 1.097 0.001
принимать 0.001 0.432 0.0
похоже 0.001 0.886 0.001
поднимать 0.001 1.301 0.001
ставка 0.001 1.222 0.001
вплоть 0.001 1.222 0.001
два 0.001 0.26 0.0
шаг 0.001 0.886 0.001
вступление 0.001 1.301 0.001
овд-инфо 0.001 1.398 0.001
сайт 0.001 0.658 0.001
проект 0.001 0.745 0.001
оправдание 0.001 1.398 0.001
экстремистский 0.001 1.222 0.001
террористический 0.001 1.398 0.001
объединение 0.001 1.301 0.001
зарегистрировать 0.001 0.602 0.001
лекарство 0.001 0.569 0.001
оно 0.001 0.444 0.0
эффективно 0.001 1.046 0.001
редакция 0.002 0.066 0.0
кодекс 0.001 0.066 0.0
блог 0.001 0.066 0.0
meduzacare 0.001 0.066 0.0
связаться 0.001 0.066 0.0
мы 0.001 0.066 0.0
анонимно 0.001 0.066 0.0
поддержать 0.001 0.066 0.0
платформа 0.002 0.066 0.0
ios 0.001 0.066 0.0
android 0.001 0.066 0.0
инстаграм 0.001 0.066 0.0
twitter 0.001 0.0 0.0
facebook 0.001 0.0 0.0
вконтакте 0.001 0.066 0.0
youtube 0.001 0.06 0.0
meduza 0.002 0.0 0.0
– 0.001 0.06 0.0
live 0.001 0.022 0.0
вечерний 0.001 0.066 0.0
реклама 0.002 0.066 0.0
требование 0.001 0.066 0.0
баннер 0.001 0.066 0.0
персональный 0.001 0.066 0.0
правило 0.001 0.066 0.0
обработка 0.001 0.066 0.0
использование 0.001 0.066 0.0
кук 0.001 0.066 0.0
наслать 0.001 0.066 0.0
выделить 0.001 0.066 0.0
нажать 0.001 0.066 0.0
ctrl+enter 0.001 0.066 0.0
спасибоgiphyз 0.001 0.066 0.0
гифка 0.001 0.066 0.0
© 0.001 0.0 0.0
