перейти 0.001 0.066 0.0
материал 0.003 0.066 0.0
связь 0.004 0.0 0.0
новостиисторииразборшапитокоронавирусмагаз 0.001 0.066 0.0
медуза 0.004 0.066 0.0
рекламаmeduza 0.001 0.066 0.0
in 0.001 0.0 0.0
english 0.001 0.06 0.0
показывать 0.003 0.066 0.0
порядок 0.002 0.066 0.0
en 0.001 0.066 0.0
кнопка 0.001 0.066 0.0
поддержка 0.003 0.066 0.0
история 0.001 0.26 0.0
хотя 0.001 0.276 0.0
из-за 0.005 0.229 0.001
проблема 0.001 0.347 0.0
экономика 0.012 0.796 0.01
рейтинг 0.004 1.0 0.004
путин 0.004 0.523 0.002
упасть 0.001 0.77 0.001
наверстать 0.001 1.222 0.001
помощь 0.002 0.071 0.0
пропаганда 0.006 0.745 0.004
экономист 0.003 1.046 0.003
максим 0.001 0.796 0.001
ананьев 0.001 1.222 0.001
неочевидный 0.001 1.097 0.001
последствие 0.002 0.523 0.001
война 0.005 0.357 0.002
санкция 0.004 0.62 0.002
март 0.001 0.284 0.0
источник 0.001 0.167 0.0
meduza 0.002 0.0 0.0
данный 0.001 0.097 0.0
сообщение 0.001 0.102 0.0
создать 0.001 0.097 0.0
распространить 0.001 0.102 0.0
иностранный 0.002 0.097 0.0
средство 0.001 0.097 0.0
массовый 0.001 0.097 0.0
информация 0.001 0.102 0.0
выполнять 0.001 0.097 0.0
функция 0.001 0.097 0.0
агент 0.001 0.097 0.0
российский 0.007 0.071 0.0
юридический 0.001 0.102 0.0
лицо 0.001 0.086 0.0
мы 0.002 0.066 0.0
нужный 0.003 0.086 0.0
ваш 0.005 0.081 0.0
пожалуйста 0.001 0.102 0.0
поддержать 0.002 0.066 0.0
юрий 0.001 1.699 0.002
кочетков 0.001 2.0 0.002
epa 0.001 0.959 0.001
scanpix 0.001 0.301 0.0
leta 0.001 0.301 0.0
начало 0.001 0.26 0.0
украина 0.003 0.347 0.001
сша 0.001 0.469 0.0
страна 0.006 0.155 0.001
европа 0.001 0.495 0.0
вводить 0.001 0.886 0.001
жёсткий 0.001 0.678 0.001
против 0.002 0.229 0.0
россия 0.009000000000000001 0.108 0.001
пытаться 0.003 0.409 0.001
заставить 0.002 1.046 0.002
прекратить 0.001 0.824 0.001
огонь 0.001 1.046 0.001
вывести 0.001 1.301 0.001
войско 0.001 0.678 0.001
россиянин 0.003 0.444 0.001
испытывать 0.001 1.0 0.001
экономический 0.010000000000000002 0.854 0.009
трудность 0.001 1.155 0.001
терять 0.001 1.097 0.001
работа 0.005 0.357 0.002
бизнес 0.001 0.824 0.001
сторонник 0.001 1.0 0.001
предлагать 0.001 0.602 0.001
винить 0.001 1.398 0.001
именно 0.002 0.244 0.0
президент 0.001 0.523 0.001
владимир 0.002 0.523 0.001
мочь 0.001 0.102 0.0
потеря 0.001 0.824 0.001
повлиять 0.001 1.0 0.001
политика 0.004 0.602 0.002
власть 0.001 0.31 0.0
изменить 0.001 0.538 0.001
свой 0.003 0.143 0.0
решение 0.002 0.347 0.001
почему 0.002 0.337 0.001
объяснять 0.001 0.538 0.001
научный 0.001 0.658 0.001
сотрудник 0.001 0.658 0.001
мельбурнский 0.001 2.0 0.002
институт 0.002 0.77 0.002
прикладной 0.001 1.523 0.002
социальный 0.013999999999999999 0.721 0.01
исследование 0.002 0.42 0.001
автор 0.001 0.62 0.001
подкаст 0.002 1.097 0.002
больший 0.006 0.328 0.002
вопрос 0.006 0.276 0.002
снизиться 0.001 1.222 0.001
резкий 0.001 1.155 0.001
спад 0.001 1.398 0.001
сложно 0.003 0.538 0.002
сказать 0.003 0.31 0.001
насколько 0.002 0.42 0.001
знать 0.004 0.244 0.001
последний 0.003 0.284 0.001
год 0.012000000000000004 0.119 0.001
долг 0.002 1.301 0.003
период 0.003 0.678 0.002
определяться 0.001 1.301 0.001
эпизод 0.001 1.222 0.001
иначе 0.001 0.745 0.001
связанный 0.002 0.745 0.001
военный 0.003 0.444 0.001
дело 0.002 0.252 0.001
например 0.007 0.229 0.002
второй 0.002 0.357 0.001
чеченский 0.001 1.523 0.002
кампания 0.001 0.699 0.001
который 0.012000000000000004 0.071 0.001
премьер-министр 0.001 1.301 0.001
резко 0.001 0.854 0.001
вырасти 0.001 0.824 0.001
наблюдать 0.001 0.824 0.001
это 0.027 0.066 0.002
крым 0.001 0.854 0.001
итог 0.002 0.509 0.001
долгосрочный 0.001 1.097 0.001
равно 0.001 0.638 0.001
побеждать 0.003 1.523 0.005
крымский 0.001 1.699 0.002
консенсус 0.001 1.398 0.001
снижение 0.002 0.745 0.001
занять 0.001 0.921 0.001
четыре 0.001 0.509 0.001
относительно 0.002 0.721 0.001
длительный 0.001 1.523 0.002
эффект 0.001 0.796 0.001
сколько 0.002 0.585 0.001
продолжаться 0.001 0.699 0.001
нынешний 0.001 0.77 0.001
ситуация 0.006 0.337 0.002
неизвестно 0.001 0.77 0.001
происходить 0.004 0.301 0.001
дать 0.002 0.066 0.0
фома 0.001 2.0 0.002
вциома 0.001 2.0 0.002
подняться 0.001 1.155 0.001
десять 0.001 0.585 0.001
процентный 0.001 1.699 0.002
пункт 0.001 0.721 0.001
60–65 0.001 2.0 0.002
70–75 0.001 2.0 0.002
зависимость 0.001 0.745 0.001
чей 0.001 1.097 0.001
формулироваться 0.001 2.0 0.002
данные 0.002 0.31 0.001
верить 0.003 0.553 0.002
непонятно 0.001 0.921 0.001
константин 0.001 1.398 0.001
сонин 0.001 1.699 0.002
считать 0.002 0.319 0.001
вообще 0.006 0.066 0.0
нарисовать 0.001 1.301 0.001
политолог 0.003 1.398 0.004
кирилл 0.001 1.222 0.001
рогов 0.001 1.699 0.002
наш 0.003 0.337 0.001
главный 0.001 0.276 0.0
эксперт 0.001 0.745 0.001
динамика 0.002 1.301 0.003
общественный 0.002 0.745 0.001
мнение 0.003 0.509 0.002
план 0.001 0.658 0.001
президентский 0.001 1.523 0.002
полагать 0.001 1.222 0.001
рост 0.002 0.824 0.002
связать 0.001 0.469 0.0
маленький 0.002 0.328 0.001
человек 0.017 0.092 0.002
соглашаться 0.001 1.097 0.001
отвечать 0.005 0.456 0.002
звонить 0.001 0.886 0.001
начинать 0.002 0.569 0.001
задавать 0.001 1.222 0.001
частый 0.001 0.523 0.001
бросать 0.002 1.523 0.003
трубка 0.001 1.523 0.002
отказываться 0.001 0.721 0.001
видеть 0.001 0.444 0.0
частность 0.001 0.678 0.001
тот 0.004 0.131 0.001
недавно 0.001 0.62 0.001
опубликовать 0.001 0.509 0.001
ребята 0.001 1.046 0.001
независимый 0.001 0.409 0.0
организация 0.001 0.509 0.001
russian 0.001 0.824 0.001
field 0.001 2.0 0.002
собрать 0.001 0.886 0.001
коллекция 0.001 1.699 0.002
высказывание 0.001 1.155 0.001
респондент 0.001 2.0 0.002
спрашивать 0.002 0.886 0.002
посадить 0.001 1.398 0.001
ответить 0.001 0.495 0.0
что-то 0.003 0.509 0.002
целое 0.002 0.585 0.001
очень 0.005 0.149 0.001
сильно 0.001 0.509 0.001
поменяться 0.001 1.155 0.001
гораздо 0.002 0.699 0.001
стать 0.004 0.149 0.001
агрессивный 0.001 1.155 0.001
взгляд 0.001 1.046 0.001
говорить 0.006 0.18 0.001
теоретически 0.001 1.046 0.001
какой-то 0.01 0.328 0.003
среднесрочный 0.001 2.0 0.002
практически 0.001 0.602 0.001
скорее 0.002 0.509 0.001
настоящий 0.001 0.585 0.001
близкий 0.002 0.347 0.001
время 0.003 0.086 0.0
измерить 0.001 1.046 0.001
смочь 0.001 0.328 0.0
иметь 0.001 0.337 0.0
вид 0.001 0.398 0.0
счёт 0.002 0.721 0.001
этот 0.003 0.137 0.0
победа 0.001 1.046 0.001
речь 0.001 0.398 0.0
идти 0.001 0.222 0.0
институциональный 0.001 2.0 0.002
изменение 0.002 0.854 0.002
понимать 0.004 0.42 0.002
разный 0.002 0.276 0.001
режим 0.009000000000000001 0.658 0.006
выделять 0.001 2.0 0.002
тип 0.001 0.796 0.001
недемократический 0.001 1.699 0.002
диктатура 0.003 1.222 0.004
персоналистский 0.002 1.699 0.003
партийный 0.001 1.699 0.002
значит 0.001 0.444 0.0
внутри 0.002 0.745 0.001
элита 0.002 1.301 0.003
существовать 0.001 0.602 0.001
способ 0.001 0.602 0.001
влияние 0.002 0.921 0.002
политбюро 0.001 2.0 0.002
подробный 0.001 0.569 0.001
признать 0.001 0.658 0.001
лнр 0.001 1.0 0.001
днр 0.001 0.959 0.001
специальный 0.001 0.638 0.001
совместный 0.002 0.886 0.002
выпуск 0.001 0.959 0.001
перец 0.001 1.523 0.002
гааз 0.001 1.699 0.002
случиться 0.001 0.509 0.001
умереть 0.001 0.638 0.001
окончательно 0.001 1.301 0.001
превратиться 0.001 0.886 0.001
силовой 0.002 1.523 0.003
андрей 0.001 1.046 0.001
перцевый 0.001 2.0 0.002
фарида 0.001 2.0 0.002
рустамов 0.001 2.0 0.002
диктатор 0.001 1.398 0.001
воевать 0.001 0.886 0.001
гельман 0.001 1.301 0.001
какой 0.004 0.357 0.001
пример 0.003 0.585 0.002
изучать 0.001 0.854 0.001
точка 0.001 0.444 0.0
зрение 0.001 0.585 0.001
ухудшаться 0.001 1.523 0.002
поражение 0.001 1.155 0.001
представить 0.001 0.638 0.001
внутриэлитный 0.001 2.0 0.002
механизм 0.005 0.886 0.004
касаться 0.001 0.553 0.001
мобилизация 0.002 2.0 0.004
влиять 0.005 0.886 0.004
вспомнить 0.001 1.046 0.001
оранжевый 0.002 1.699 0.003
революция 0.003 1.523 0.005
арабский 0.002 1.398 0.003
весна 0.002 1.0 0.002
далее 0.001 0.921 0.001
протест 0.003 0.745 0.002
гонконг 0.001 1.699 0.002
богатый 0.001 1.398 0.001
ресурс 0.001 0.796 0.001
закончиться 0.001 0.62 0.001
ничто 0.001 1.097 0.001
кто 0.001 0.377 0.0
сам 0.002 0.137 0.0
лидер 0.002 0.886 0.002
по-разному 0.001 1.222 0.001
бывать 0.001 0.77 0.001
прислушиваться 0.001 1.699 0.002
опыт 0.002 0.699 0.001
монетизация 0.001 2.0 0.002
льгота 0.001 2.0 0.002
смягчить 0.002 1.398 0.003
результат 0.001 0.367 0.0
случай 0.002 0.194 0.0
сменяться 0.001 1.699 0.002
исключать 0.002 1.046 0.002
необходимый 0.002 0.638 0.001
подходящий 0.001 1.222 0.001
демографический 0.001 1.699 0.002
структура 0.001 0.745 0.001
молодой 0.001 0.854 0.001
трагический 0.001 2.0 0.002
начаться 0.001 0.367 0.0
бархатный 0.001 2.0 0.002
чехословакия 0.001 1.699 0.002
распад 0.001 1.398 0.001
ссср 0.001 1.155 0.001
цветной 0.001 1.699 0.002
заставать 0.001 2.0 0.002
аналитик 0.001 1.301 0.001
врасплох 0.001 2.0 0.002
предпосылка 0.001 1.699 0.002
абсолютно 0.001 0.721 0.001
непредсказуемый 0.002 1.398 0.003
территория 0.002 0.62 0.001
многие 0.001 0.284 0.0
параметр 0.002 0.959 0.002
сравнивать 0.002 0.796 0.002
текущий 0.002 0.959 0.002
девяностый 0.004 1.398 0.006
трансформационный 0.001 2.0 0.002
шок 0.001 1.222 0.001
фон 0.001 0.745 0.001
нормализация 0.001 1.699 0.002
отношение 0.002 0.509 0.001
запад 0.001 0.678 0.001
политический 0.003 0.658 0.002
либерализация 0.001 1.699 0.002
учитывать 0.001 0.854 0.001
наоборот 0.001 0.824 0.001
острый 0.001 1.222 0.001
глубокий 0.001 1.097 0.001
сложный 0.002 0.602 0.001
во-первых 0.001 0.796 0.001
глубина 0.001 1.398 0.001
кризис 0.004 0.921 0.004
нефтяной 0.001 1.699 0.002
газовый 0.001 2.0 0.002
эмбарго 0.002 1.699 0.003
полный 0.002 0.377 0.001
коллапс 0.002 2.0 0.004
удаться 0.001 0.456 0.0
предотвратить 0.001 0.921 0.001
быть 0.001 0.215 0.0
деньга 0.007 0.602 0.004
выплата 0.001 1.398 0.001
население 0.001 0.569 0.001
всё-таки 0.001 0.553 0.001
внутренний 0.001 0.745 0.001
рынок 0.001 0.699 0.001
отключение 0.002 1.301 0.003
мировой 0.001 0.721 0.001
технология 0.001 1.0 0.001
больно 0.001 1.398 0.001
ударить 0.001 1.097 0.001
технологический 0.002 1.155 0.002
прогресс 0.001 1.398 0.001
ожидать 0.004 0.62 0.002
стоить 0.001 0.469 0.0
застойный 0.001 2.0 0.002
уровень 0.008 0.367 0.003
жизнь 0.003 0.319 0.001
потребление 0.001 2.0 0.002
наверное 0.002 0.921 0.002
сохраняться 0.001 1.301 0.001
такой 0.006 0.114 0.001
государственный 0.001 0.523 0.001
называться 0.001 0.699 0.001
state 0.001 0.959 0.001
capacity 0.001 2.0 0.002
сила 0.001 0.456 0.0
государство 0.002 0.569 0.001
падение 0.001 0.921 0.001
хватить 0.001 1.155 0.001
содержать 0.001 0.745 0.001
полиция 0.001 1.0 0.001
росгвардия 0.001 1.699 0.002
собирать 0.001 0.699 0.001
налог 0.001 1.398 0.001
сценарий 0.002 1.097 0.002
избиратель 0.001 1.523 0.002
многий 0.001 0.495 0.0
европейский 0.001 0.602 0.001
запрет 0.001 0.921 0.001
поставка 0.001 0.921 0.001
нефть 0.001 1.699 0.002
газ 0.001 1.097 0.001
особенно 0.001 0.553 0.001
германия 0.001 0.699 0.001
боевой 0.001 0.77 0.001
действие 0.001 0.409 0.0
продолжиться 0.001 1.155 0.001
ввести 0.002 0.538 0.001
возникнуть 0.001 0.77 0.001
плохой 0.001 0.509 0.001
базовый 0.001 1.155 0.001
вещь 0.002 0.62 0.001
оказаться 0.001 0.31 0.0
совершенно 0.001 0.678 0.001
казаться 0.002 0.409 0.001
уместно 0.001 2.0 0.002
слово 0.001 0.268 0.0
лихой 0.002 1.699 0.003
… 0.001 1.301 0.001
слабый 0.001 1.097 0.001
преступность 0.001 2.0 0.002
основной 0.001 0.854 0.001
заслуга 0.001 1.699 0.002
первый 0.001 0.143 0.0
срок 0.001 0.824 0.001
приведение 0.001 2.0 0.002
региональный 0.001 1.0 0.001
законодательство 0.001 1.097 0.001
соответствие 0.001 0.959 0.001
конституция 0.001 1.301 0.001
возможно 0.002 0.398 0.001
увидеть 0.001 0.553 0.001
обратный 0.001 1.155 0.001
процесс 0.003 0.538 0.002
расползание 0.001 2.0 0.002
фактический 0.001 1.155 0.001
децентрализация 0.001 2.0 0.002
думать 0.001 0.456 0.0
нежелательный 0.001 0.77 0.001
оказываться 0.001 0.721 0.001
удаваться 0.001 1.097 0.001
поддерживать 0.002 0.569 0.001
смысл 0.003 0.481 0.001
основа 0.001 0.678 0.001
внешнеполитический 0.001 1.523 0.002
угроза 0.001 0.824 0.001
приходиться 0.001 0.745 0.001
опираться 0.001 1.097 0.001
аппарат 0.001 1.097 0.001
как-то 0.001 0.699 0.001
награждать 0.001 2.0 0.002
обернуться 0.001 1.699 0.002
запомниться 0.001 2.0 0.002
цитировать 0.001 1.155 0.001
адам 0.001 2.0 0.002
пшеворский 0.001 2.0 0.002
писать 0.001 0.347 0.0
авторитарный 0.001 1.523 0.002
равновесие 0.001 1.398 0.001
держаться 0.001 0.886 0.001
три 0.001 0.569 0.001
слагаемое 0.001 1.523 0.002
ложь 0.002 1.222 0.002
страх 0.002 0.796 0.002
процветание 0.002 2.0 0.004
получаться 0.001 0.824 0.001
оставаться 0.001 0.387 0.0
качественный 0.001 1.046 0.001
позволять 0.002 0.585 0.001
забыть 0.001 1.046 0.001
нечего 0.001 1.398 0.001
дорого 0.001 1.523 0.002
вряд 0.001 0.854 0.001
технологически 0.001 1.699 0.002
отключить 0.001 1.097 0.001
поток 0.001 1.222 0.001
помнить 0.001 0.699 0.001
роскомнадзор 0.001 1.097 0.001
телеграм 0.001 1.0 0.001
отключать 0.001 1.699 0.002
надеяться 0.001 0.699 0.001
нефтегазовый 0.001 2.0 0.002
наиболее 0.001 0.745 0.001
вероятный 0.001 1.155 0.001
позднесоветский 0.001 1.699 0.002
существование 0.001 0.886 0.001
еда 0.001 0.678 0.001
жить 0.001 0.481 0.0
более-менее 0.001 1.155 0.001
бегать 0.001 1.523 0.002
вокруг 0.001 0.721 0.001
сергей 0.002 0.796 0.002
гуриев 0.001 2.0 0.002
регион 0.001 0.638 0.001
сильный 0.003 0.553 0.002
пострадать 0.001 0.796 0.001
сократиться 0.001 1.222 0.001
доверие 0.007 1.155 0.008
общество 0.004 0.602 0.002
негативно 0.001 1.398 0.001
сказываться 0.001 1.222 0.001
благополучие 0.002 1.523 0.003
сказаться 0.002 1.523 0.003
вызвать 0.001 0.721 0.001
она 0.001 1.0 0.001
придумать 0.001 0.886 0.001
капитал 0.01 1.398 0.014
зависеть 0.001 0.509 0.001
состояние 0.003 0.721 0.002
просто 0.001 0.194 0.0
постараться 0.001 1.301 0.001
аккуратный 0.001 1.699 0.002
образ 0.001 0.553 0.001
протестировать 0.001 1.398 0.001
идея 0.001 0.585 0.001
общий 0.005 0.444 0.002
категория 0.001 1.046 0.001
включать 0.001 0.959 0.001
несколько 0.001 0.187 0.0
количество 0.003 0.481 0.001
важно 0.001 0.509 0.001
развитие 0.002 0.638 0.001
предприниматель 0.001 1.155 0.001
хотеть 0.002 0.102 0.0
найти 0.003 0.456 0.001
проект 0.001 0.745 0.001
быстрый 0.001 0.699 0.001
эффективный 0.001 0.553 0.001
финансирование 0.001 1.301 0.001
искать 0.002 0.678 0.001
вероятность 0.001 0.602 0.001
проецировать 0.001 2.0 0.002
выше 0.001 0.509 0.001
суммарный 0.001 1.398 0.001
эффективность 0.002 0.538 0.001
невозможно 0.001 0.602 0.001
написать 0.001 0.62 0.001
идеальный 0.002 1.097 0.002
контракт 0.001 1.301 0.001
исполнить 0.001 1.398 0.001
покупать 0.002 0.824 0.002
молоко 0.003 1.699 0.005
квартира 0.001 1.0 0.001
давать 0.001 0.31 0.0
инвестировать 0.001 1.523 0.002
любой 0.001 0.319 0.0
транзакция 0.002 1.699 0.003
контрагент 0.001 1.699 0.002
возможность 0.001 0.444 0.0
нехорошо 0.001 2.0 0.002
повесть 0.001 2.0 0.002
понести 0.001 1.523 0.002
наказание 0.001 1.222 0.001
вести 0.001 0.553 0.001
социально 0.001 1.699 0.002
одобрять 0.001 1.523 0.002
увеличивать 0.001 1.398 0.001
пространство 0.001 1.097 0.001
сделка 0.001 1.398 0.001
следовательно 0.001 1.155 0.001
конечный 0.001 1.0 0.001
бо́льшать 0.001 2.0 0.002
плотность 0.001 1.699 0.002
самоорганизовываться 0.001 2.0 0.002
контролировать 0.001 1.222 0.001
правительство 0.002 0.678 0.001
заниматься 0.001 0.62 0.001
коррупция 0.001 1.523 0.002
делать 0.002 0.18 0.0
ерунда 0.001 1.699 0.002
увеличиваться 0.002 1.222 0.002
качество 0.001 0.553 0.001
госуправление 0.001 2.0 0.002
известный 0.001 0.569 0.001
италия 0.001 1.046 0.001
город 0.001 0.409 0.0
высокий 0.001 0.495 0.0
развитой 0.001 1.523 0.002
учёный 0.001 0.569 0.001
выявить 0.001 1.222 0.001
видно 0.001 0.921 0.001
расти 0.001 0.886 0.001
бедность 0.001 1.699 0.002
плохо 0.001 0.569 0.001
бедный 0.001 1.699 0.002
менее 0.001 0.432 0.0
склонный 0.001 1.699 0.002
риск 0.001 0.357 0.0
должный 0.001 0.201 0.0
уверенный 0.001 0.921 0.001
оно 0.001 0.444 0.0
прокиснуть 0.002 2.0 0.004
нуль 0.001 1.155 0.001
пойти 0.002 0.509 0.001
купить 0.002 0.796 0.002
друг 0.001 0.387 0.0
место 0.001 0.409 0.0
отдать 0.001 0.959 0.001
поэтому 0.001 0.328 0.0
сфера 0.001 0.921 0.001
ждать 0.002 0.481 0.001
подозрительность 0.001 2.0 0.002
выправиться 0.001 2.0 0.002
восстанавливаться 0.001 1.523 0.002
долгий 0.002 0.745 0.001
медленный 0.001 1.398 0.001
восстановиться 0.001 1.523 0.002
культура 0.001 0.77 0.001
ценность 0.001 0.959 0.001
меняться 0.001 0.854 0.001
быстро 0.001 0.495 0.0
кризисный 0.001 1.523 0.002
разрушаться 0.002 2.0 0.004
шоковый 0.001 1.699 0.002
уволить 0.001 1.301 0.001
вы 0.001 1.0 0.001
поступить 0.001 0.921 0.001
несправедливый 0.001 1.699 0.002
запомнить 0.001 1.398 0.001
память 0.001 1.398 0.001
дальнейший 0.001 0.886 0.001
работодатель 0.001 1.301 0.001
действительно 0.001 0.377 0.0
фактор 0.001 0.824 0.001
восстановление 0.001 1.398 0.001
литература 0.001 0.959 0.001
тема 0.002 0.678 0.001
самоуправление 0.001 2.0 0.002
самоорганизация 0.004 2.0 0.008
организовать 0.001 0.921 0.001
группа 0.001 0.387 0.0
вотсап 0.001 1.699 0.002
помогать 0.001 0.444 0.0
дешёвый 0.001 1.398 0.001
что-нибудь 0.001 1.398 0.001
обменять 0.001 2.0 0.002
вверх 0.001 1.398 0.001
буквальный 0.001 2.0 0.002
увеличиться 0.001 1.523 0.002
кроме 0.001 0.387 0.0
узнать 0.001 0.481 0.0
доверять 0.002 1.398 0.003
серьёзный 0.001 0.553 0.001
позволить 0.001 0.62 0.001
разрушительный 0.001 1.699 0.002
уехать 0.001 0.824 0.001
документ 0.001 0.678 0.001
бежать 0.001 0.796 0.001
граница 0.001 0.658 0.001
ответ 0.002 0.432 0.001
чат 0.001 1.097 0.001
эмиграция 0.001 1.699 0.002
поговорить 0.001 0.62 0.001
создательница 0.001 2.0 0.002
популярный 0.001 0.854 0.001
тысяча 0.001 0.31 0.0
день 0.003 0.167 0.001
назад 0.003 0.18 0.001
соцсеть 0.001 0.824 0.001
блокировка 0.001 1.097 0.001
пусть 0.001 0.921 0.001
наличие 0.001 0.745 0.001
vpn 0.001 1.301 0.001
точно 0.001 0.481 0.0
координация 0.001 2.0 0.002
положительно 0.001 1.523 0.002
также 0.001 0.237 0.0
сеть 0.002 0.824 0.002
самоорганизоваться 0.001 1.699 0.002
разумно 0.001 2.0 0.002
положительный 0.001 1.155 0.001
уменьшать 0.001 1.398 0.001
сторона 0.001 0.347 0.0
остаться 0.001 0.432 0.0
whatsapp 0.001 1.398 0.001
telegram 0.001 1.222 0.001
viber 0.001 2.0 0.002
продолжать 0.001 0.292 0.0
facebook 0.002 0.0 0.0
всякий 0.001 0.921 0.001
алгоритмически 0.001 2.0 0.002
составить 0.001 0.658 0.001
лента 0.001 1.398 0.001
бесконечно 0.001 1.398 0.001
скроллить 0.001 2.0 0.002
метод 0.001 0.678 0.001
чатик 0.001 2.0 0.002
twitter 0.001 0.0 0.0
атомизировать 0.002 2.0 0.004
семья 0.002 0.796 0.002
неизвестный 0.002 1.097 0.002
знаменитый 0.001 1.222 0.001
утверждение 0.001 1.222 0.001
ханна 0.001 1.699 0.002
арендт 0.001 1.699 0.002
тоталитарный 0.001 1.222 0.001
стремиться 0.001 1.155 0.001
тоталитаризм 0.001 1.222 0.001
важный 0.001 0.284 0.0
анализ 0.001 0.721 0.001
современный 0.001 0.959 0.001
интенсивный 0.001 1.699 0.002
повышать 0.001 1.0 0.001
инструмент 0.001 0.854 0.001
понижать 0.001 1.699 0.002
вполне 0.001 0.699 0.001
понятно 0.001 0.699 0.001
часть 0.001 0.377 0.0
ссориться 0.002 1.699 0.003
эмпирический 0.001 1.699 0.002
точный 0.002 1.0 0.002
разделять 0.001 1.301 0.001
блицкриг 0.001 1.523 0.002
получиться 0.001 0.745 0.001
зять 0.001 1.523 0.002
начать 0.001 0.276 0.0
сомневаться 0.001 0.886 0.001
перестать 0.002 0.678 0.001
мириться 0.001 1.699 0.002
вторжение 0.001 0.569 0.001
подойти 0.001 1.097 0.001
февраль 0.001 0.337 0.0
глобальный 0.001 1.301 0.001
опрос 0.001 1.398 0.001
world 0.001 1.0 0.001
values 0.001 1.699 0.002
survey 0.001 1.699 0.002
проводиться 0.001 0.854 0.001
доля 0.001 0.745 0.001
большинство 0.001 0.509 0.001
свежий 0.001 1.097 0.001
мало 0.001 0.538 0.001
сравнение 0.001 0.602 0.001
другой 0.001 0.097 0.0
средненький 0.001 2.0 0.002
скандинавский 0.001 1.523 0.002
процент 0.001 1.046 0.001
40–50 0.001 1.523 0.002
некоторый 0.001 0.222 0.0
латинский 0.001 1.523 0.002
америка 0.001 1.222 0.001
африка 0.001 1.222 0.001
южный 0.001 0.854 0.001
сахара 0.001 2.0 0.002
8–10 0.001 2.0 0.002
22–23 0.001 2.0 0.002
похожий 0.001 0.602 0.001
постсоветский 0.001 1.699 0.002
отражать 0.001 1.523 0.002
статья 0.001 0.553 0.001
конец 0.001 0.444 0.0
график 0.001 1.222 0.001
один 0.001 0.119 0.0
шкала 0.001 1.222 0.001
отложить 0.001 1.301 0.001
ввп 0.001 2.0 0.002
душа 0.001 1.398 0.001
немой 0.001 0.585 0.001
видный 0.001 1.046 0.001
корреляция 0.001 1.523 0.002
нужно 0.001 0.237 0.0
заметить 0.001 0.886 0.001
значительный 0.001 0.854 0.001
следствие 0.001 1.523 0.002
работать 0.003 0.102 0.0
ощущение 0.001 1.097 0.001
справедливость 0.001 1.222 0.001
несправедливость 0.001 1.222 0.001
2000-й 0.001 1.523 0.002
каждый 0.001 0.244 0.0
привыкнуть 0.001 1.398 0.001
ждать-ждать 0.001 2.0 0.002
ожидание 0.001 1.222 0.001
оправдываться 0.001 2.0 0.002
исчерпываться 0.001 1.523 0.002
посмотреть 0.001 0.523 0.001
2014-м 0.001 1.699 0.002
готовый 0.001 0.509 0.001
2017-му 0.001 2.0 0.002
стагнация 0.001 2.0 0.002
украинский 0.001 0.538 0.001
довольно 0.001 0.523 0.001
долго 0.001 0.745 0.001
национальный 0.002 0.77 0.002
евромайдан 0.001 2.0 0.002
единение 0.001 2.0 0.002
далёкий 0.001 0.481 0.0
повышение 0.001 1.097 0.001
пенсионный 0.001 2.0 0.002
возраст 0.001 0.658 0.001
пандемия 0.002 0.538 0.001
хороший 0.001 0.377 0.0
недавний 0.001 1.0 0.001
событие 0.001 0.509 0.001
бояться 0.002 0.699 0.001
читать 0.001 0.444 0.0
книжка 0.001 1.398 0.001
обыденный 0.001 2.0 0.002
сталинский 0.001 1.523 0.002
рот 0.001 1.301 0.001
открыть 0.001 0.538 0.001
лишний 0.001 1.097 0.001
прожить 0.001 1.222 0.001
олег 0.001 1.301 0.001
буклемишев 0.001 1.699 0.002
дефолт 0.001 1.699 0.002
минфин 0.001 1.523 0.002
24/7 0.001 0.102 0.0
интерес 0.001 0.155 0.0
читателейн 0.001 0.174 0.0
срочно 0.001 0.167 0.0
помочь 0.001 0.125 0.0
маргарита 0.001 1.222 0.001
лютов 0.001 1.699 0.002
редакция 0.001 0.066 0.0
кодекс 0.001 0.066 0.0
блог 0.001 0.066 0.0
meduzacare 0.001 0.066 0.0
связаться 0.001 0.066 0.0
анонимно 0.001 0.066 0.0
платформа 0.001 0.066 0.0
ios 0.001 0.066 0.0
android 0.001 0.066 0.0
инстаграм 0.001 0.066 0.0
вконтакте 0.001 0.066 0.0
youtube 0.001 0.06 0.0
– 0.001 0.06 0.0
live 0.001 0.022 0.0
вечерний 0.001 0.066 0.0
реклама 0.001 0.066 0.0
требование 0.001 0.066 0.0
баннер 0.001 0.066 0.0
безопасно 0.001 0.066 0.0
персональный 0.001 0.066 0.0
правило 0.001 0.066 0.0
обработка 0.001 0.066 0.0
использование 0.001 0.066 0.0
кук 0.001 0.066 0.0
наслать 0.001 0.066 0.0
ошибка 0.001 0.066 0.0
выделить 0.001 0.066 0.0
нажать 0.001 0.066 0.0
ctrl+enter 0.001 0.066 0.0
спасибоgiphyз 0.001 0.066 0.0
гифка 0.001 0.066 0.0
© 0.001 0.0 0.0
