перейти 0.0 0.066 0.0
материал 0.0 0.066 0.0
связь 0.001 0.0 0.0
новостиисторииразборшапитокоронавирусмагаз 0.0 0.066 0.0
медуза 0.006 0.066 0.0
рекламаmeduza 0.0 0.066 0.0
in 0.0 0.0 0.0
english 0.0 0.06 0.0
показывать 0.002 0.066 0.0
порядок 0.0 0.066 0.0
en 0.0 0.066 0.0
кнопка 0.0 0.066 0.0
поддержка 0.0 0.066 0.0
история 0.0 0.26 0.0
война 0.003 0.357 0.001
навсегда 0.001 0.854 0.001
изменить 0.0 0.538 0.0
российский 0.009000000000000001 0.071 0.001
культура 0.002 0.77 0.002
далёкий 0.004 0.481 0.002
собрать 0.001 0.886 0.001
несколько 0.001 0.187 0.0
важный 0.002 0.284 0.001
прогноз 0.0 0.824 0.0
неутешительный 0.0 1.523 0.0
март 0.0 0.284 0.0
источник 0.001 0.167 0.0
meduza 0.001 0.0 0.0
данный 0.0 0.097 0.0
сообщение 0.0 0.102 0.0
создать 0.0 0.097 0.0
распространить 0.0 0.102 0.0
иностранный 0.001 0.097 0.0
средство 0.0 0.097 0.0
массовый 0.0 0.097 0.0
информация 0.0 0.102 0.0
выполнять 0.001 0.097 0.0
функция 0.001 0.097 0.0
агент 0.001 0.097 0.0
юридический 0.0 0.102 0.0
лицо 0.0 0.086 0.0
мы 0.003 0.066 0.0
нужный 0.001 0.086 0.0
ваш 0.001 0.081 0.0
помощь 0.001 0.071 0.0
пожалуйста 0.0 0.102 0.0
поддержать 0.0 0.066 0.0
dmitrii 0.0 2.0 0.0
poslavskii 0.0 2.0 0.0
unsplash 0.001 1.699 0.002
неделя 0.001 0.328 0.0
культурный 0.001 1.046 0.001
жизнь 0.002 0.319 0.001
разрушить 0.001 0.77 0.001
основание 0.0 0.569 0.0
западный 0.001 0.553 0.001
фильм 0.005 1.398 0.007
сериал 0.001 1.523 0.002
уйти 0.001 0.77 0.001
экран 0.0 1.155 0.0
музыкальный 0.002 1.699 0.003
сервис 0.001 0.959 0.001
функционировать 0.001 1.699 0.002
территория 0.002 0.62 0.001
страна 0.006 0.155 0.001
театр 0.006 1.097 0.007
оставаться 0.0 0.387 0.0
разный 0.001 0.276 0.0
причина 0.0 0.398 0.0
главный 0.0 0.276 0.0
звезда 0.0 1.301 0.0
обратиться 0.0 0.658 0.0
эксперт 0.0 0.745 0.0
область 0.0 0.523 0.0
искусство 0.002 1.699 0.003
музыка 0.001 1.699 0.002
кино 0.007 1.523 0.011
литература 0.005 0.959 0.005
стендап 0.0 2.0 0.0
попросить 0.0 0.699 0.0
описать 0.0 0.721 0.0
положение 0.0 1.046 0.0
дело 0.002 0.252 0.001
индустрия 0.003 1.222 0.004
александр 0.0 0.456 0.0
роднянский 0.0 2.0 0.0
кинопродюсер 0.0 2.0 0.0
начать 0.0 0.276 0.0
кинематограф 0.002 2.0 0.004
определение 0.001 1.222 0.001
универсальный 0.0 1.301 0.0
транснациональный 0.0 2.0 0.0
сегодня 0.001 0.638 0.001
существовать 0.002 0.602 0.001
исключительно 0.001 1.155 0.001
бизнес-модель 0.001 2.0 0.002
предполагать 0.001 0.699 0.001
эксплуатация 0.0 1.699 0.0
множество 0.001 0.796 0.001
устроенный 0.0 1.699 0.0
мир 0.0 0.26 0.0
благодаря 0.001 0.77 0.001
этот 0.001 0.137 0.0
выходить 0.002 0.62 0.001
картина 0.002 0.721 0.001
сделать 0.001 0.208 0.0
другой 0.002 0.097 0.0
последний 0.002 0.284 0.001
год 0.004 0.119 0.0
очень 0.005 0.149 0.001
бороться 0.0 0.796 0.0
пройти 0.0 0.387 0.0
свой 0.006 0.143 0.001
путь 0.0 0.62 0.0
попадать 0.0 0.854 0.0
зритель 0.0 1.222 0.0
современный 0.0 0.959 0.0
—достаточный 0.0 2.0 0.0
дорогой 0.0 1.046 0.0
удовольствие 0.0 1.523 0.0
любить 0.0 0.921 0.0
аудитория 0.0 1.097 0.0
аттракционный 0.0 2.0 0.0
использование 0.0 0.066 0.0
спецэффект 0.0 2.0 0.0
требовать 0.0 0.658 0.0
больший 0.0 0.328 0.0
расход 0.001 1.699 0.002
компенсироваться 0.0 2.0 0.0
восполняться 0.0 2.0 0.0
географический 0.0 1.699 0.0
технологический 0.001 1.155 0.001
платформа 0.001 0.066 0.0
называть 0.0 0.432 0.0
прокат 0.001 2.0 0.002
это 0.02 0.066 0.001
стриминговый 0.0 2.0 0.0
телевизионный 0.0 1.523 0.0
канал 0.0 0.699 0.0
сегодняшний 0.0 1.155 0.0
день 0.003 0.167 0.001
перекрыть 0.0 1.699 0.0
оба 0.0 0.62 0.0
предел 0.001 0.959 0.001
федерация 0.001 1.0 0.001
означать 0.0 0.585 0.0
весь 0.002 0.114 0.0
говорить 0.005 0.18 0.001
полностью 0.0 0.538 0.0
сосредоточиться 0.0 1.222 0.0
вокруг 0.001 0.721 0.001
государственный 0.001 0.523 0.001
деньга 0.003 0.602 0.002
который 0.016 0.071 0.001
быть 0.009999999999999998 0.215 0.002
финансировать 0.0 1.398 0.0
существование 0.0 0.886 0.0
независимый 0.001 0.409 0.0
развиваться 0.001 1.155 0.001
такой 0.001 0.114 0.0
темп 0.0 0.959 0.0
хотеться 0.0 0.77 0.0
выжить 0.001 1.0 0.001
речь 0.0 0.398 0.0
пойти 0.0 0.509 0.0
производство 0.0 0.658 0.0
дешёвый 0.0 1.398 0.0
жанровый 0.0 2.0 0.0
возможно 0.001 0.398 0.0
окупить 0.0 2.0 0.0
россия 0.01 0.108 0.001
антон 0.001 1.155 0.001
долина 0.001 1.398 0.001
кризис 0.0 0.921 0.0
кинотеатр 0.003 1.523 0.005
скоро 0.001 0.796 0.001
остаться 0.0 0.432 0.0
кинопродуктомантон 0.0 2.0 0.0
будущее 0.0 0.62 0.0
измениться 0.001 0.745 0.001
пока 0.003 0.208 0.001
невозможно 0.0 0.602 0.0
представить 0.001 0.638 0.001
тратить 0.0 1.301 0.0
авторский 0.0 1.523 0.0
определённый 0.0 0.77 0.0
род 0.0 0.77 0.0
свобода 0.0 0.77 0.0
отношение 0.0 0.509 0.0
действительность 0.0 1.398 0.0
социально-критический 0.0 2.0 0.0
внутри 0.001 0.745 0.001
сегмент 0.002 1.301 0.003
правило 0.001 0.066 0.0
выражать 0.001 1.398 0.001
точка 0.002 0.444 0.001
зрение 0.002 0.585 0.001
автор 0.005 0.62 0.003
трудно 0.002 0.824 0.002
происходить 0.003 0.301 0.001
категорический 0.0 2.0 0.0
шаг 0.001 0.886 0.001
прошлое 0.0 1.046 0.0
попробовать 0.0 1.046 0.0
ипостась 0.0 2.0 0.0
делать 0.002 0.18 0.0
многосложный 0.0 2.0 0.0
претендовать 0.0 1.699 0.0
внимание 0.0 0.523 0.0
скукожиться 0.0 2.0 0.0
маленький 0.004 0.328 0.001
возможность 0.002 0.444 0.001
содержательный 0.0 1.699 0.0
вообще 0.001 0.066 0.0
знать 0.002 0.244 0.0
нынешний 0.001 0.77 0.001
состояние 0.0 0.721 0.0
медиа 0.0 1.301 0.0
выпускать 0.001 1.0 0.001
реальность 0.0 0.77 0.0
либо 0.003 0.569 0.002
иллюстрировать 0.0 2.0 0.0
идеологический 0.0 1.222 0.0
линия 0.0 1.0 0.0
касаться 0.002 0.553 0.001
жить 0.0 0.481 0.0
счёт 0.0 0.721 0.0
большой 0.0 0.347 0.0
американский 0.0 0.585 0.0
просто 0.002 0.194 0.0
продолжить 0.0 0.921 0.0
нужно 0.001 0.237 0.0
поддерживать 0.0 0.569 0.0
усилие 0.0 1.046 0.0
насколько 0.002 0.42 0.001
реализовываться 0.0 2.0 0.0
неизвестно 0.0 0.77 0.0
сложный 0.001 0.602 0.001
время 0.002 0.086 0.0
ковид 0.0 0.387 0.0
продержаться 0.0 1.523 0.0
конец 0.0 0.444 0.0
ограничение 0.0 0.585 0.0
человек 0.003 0.092 0.0
вернуться 0.0 0.638 0.0
выйти 0.0 0.456 0.0
вено 0.0 1.523 0.0
джеймс 0.0 1.699 0.0
бонд 0.0 2.0 0.0
дюна 0.0 2.0 0.0
позволить 0.001 0.62 0.001
новый 0.003 0.187 0.001
удачный 0.0 1.301 0.0
единственный 0.001 0.481 0.0
период 0.001 0.678 0.001
идти 0.0 0.222 0.0
держаться 0.0 0.886 0.0
голливуд 0.0 2.0 0.0
соответственно 0.001 0.921 0.001
выживать 0.0 1.398 0.0
старое 0.0 1.523 0.0
брат 0.0 1.222 0.0
запустить 0.0 1.046 0.0
перепрокат 0.0 2.0 0.0
недавний 0.0 1.0 0.0
искать 0.0 0.678 0.0
тот 0.005 0.131 0.001
доступ 0.0 0.796 0.0
целое 0.0 0.585 0.0
трагедия 0.0 1.523 0.0
смочь 0.001 0.328 0.0
регулярный 0.0 1.301 0.0
государство 0.003 0.569 0.002
пора 0.001 0.357 0.0
санкция 0.0 0.62 0.0
стриминг 0.002 2.0 0.004
что-то 0.001 0.509 0.001
осесть 0.0 1.699 0.0
пыль 0.001 1.523 0.002
пример 0.001 0.585 0.001
непонятно 0.001 0.921 0.001
лидерский 0.0 2.0 0.0
окко 0.0 2.0 0.0
стратегия 0.0 1.097 0.0
фон 0.0 0.745 0.0
материнский 0.0 1.398 0.0
компания 0.001 0.444 0.0
сбер 0.0 1.398 0.0
играть 0.0 0.699 0.0
роль 0.0 0.721 0.0
население 0.0 0.569 0.0
становиться 0.0 0.553 0.0
борьба 0.0 0.658 0.0
платный 0.0 1.523 0.0
подписка 0.001 2.0 0.002
богатый 0.0 1.398 0.0
рынок 0.002 0.699 0.001
ожидать 0.0 0.62 0.0
конкуренция 0.0 1.699 0.0
привести 0.001 0.456 0.0
консолидация 0.0 1.523 0.0
конвергенция 0.0 2.0 0.0
поглощение 0.0 2.0 0.0
выкуп 0.0 2.0 0.0
ситуация 0.003 0.337 0.001
однако 0.001 0.337 0.0
отличие 0.0 0.699 0.0
действительно 0.001 0.377 0.0
популярный 0.0 0.854 0.0
наверное 0.001 0.921 0.001
выглядеть 0.0 0.495 0.0
менее 0.0 0.432 0.0
тяжёлый 0.0 0.377 0.0
производиться 0.0 1.155 0.0
намного 0.001 0.959 0.001
стример 0.0 2.0 0.0
казаться 0.003 0.409 0.001
устоять 0.0 2.0 0.0
хороший 0.0 0.377 0.0
сила 0.0 0.456 0.0
киноиндустрия 0.0 2.0 0.0
дмитрий 0.001 0.62 0.001
глуховский 0.001 2.0 0.002
писатель 0.0 1.398 0.0
учитывать 0.0 0.854 0.0
прислать 0.002 0.77 0.002
давно 0.0 0.77 0.0
задолго 0.0 1.523 0.0
телевидение 0.0 1.222 0.0
логично 0.001 1.699 0.002
предположить 0.001 0.886 0.001
прийти 0.001 0.658 0.001
довольно 0.0 0.523 0.0
ограждать 0.0 2.0 0.0
цензура 0.003 1.046 0.003
какой-либо 0.0 0.854 0.0
посягательство 0.0 1.699 0.0
сторона 0.002 0.347 0.001
власть 0.0 0.31 0.0
небольшой 0.0 0.602 0.0
электоральный 0.0 2.0 0.0
значимость 0.0 1.523 0.0
книга 0.001 0.886 0.001
наш 0.002 0.337 0.001
читать 0.001 0.444 0.0
гораздо 0.0 0.699 0.0
смотреть 0.0 0.62 0.0
телевизор 0.0 0.921 0.0
предоставить 0.0 1.046 0.0
сам 0.0 0.137 0.0
редко 0.0 1.301 0.0
критиковать 0.0 1.301 0.0
издаваться 0.001 1.699 0.002
мочь 0.004 0.102 0.0
случай 0.0 0.194 0.0
единичный 0.0 1.097 0.0
список 0.001 0.569 0.001
экстремистский 0.0 1.222 0.0
запретить 0.0 0.77 0.0
вноситься 0.0 1.699 0.0
вещь 0.0 0.62 0.0
обоснованный 0.0 1.155 0.0
произвольно 0.0 2.0 0.0
широкий 0.0 0.921 0.0
сей 0.0 0.456 0.0
поскольку 0.0 0.678 0.0
семимильный 0.0 2.0 0.0
фашистский 0.0 1.523 0.0
диктатура 0.0 1.222 0.0
уровень 0.001 0.367 0.0
терпение 0.0 1.699 0.0
инакомыслие 0.0 2.0 0.0
пишущий 0.0 2.0 0.0
снимать 0.0 0.824 0.0
версия 0.001 0.77 0.001
путинизм 0.0 2.0 0.0
нулевой 0.0 1.301 0.0
думать 0.001 0.456 0.0
появиться 0.0 0.367 0.0
негласный 0.0 2.0 0.0
публично 0.0 1.046 0.0
оглашенный 0.0 2.0 0.0
издавать 0.001 2.0 0.002
вполне 0.002 0.699 0.001
допускать 0.0 1.046 0.0
случиться 0.0 0.509 0.0
общественный 0.0 0.745 0.0
публичный 0.0 1.097 0.0
один 0.0 0.119 0.0
являться 0.0 0.602 0.0
беспрецедентный 0.0 1.301 0.0
носить 0.0 0.796 0.0
явный 0.0 1.097 0.0
признак 0.0 0.959 0.0
кампанейщина 0.0 2.0 0.0
кто-то 0.001 0.523 0.001
издать 0.0 1.398 0.0
книжный 0.001 1.699 0.002
бизнес 0.0 0.824 0.0
достаточно 0.002 0.444 0.001
платить 0.0 1.097 0.0
отчисление 0.0 1.699 0.0
налог 0.0 1.398 0.0
часть 0.001 0.377 0.0
контролироваться 0.0 1.398 0.0
лояльный 0.0 1.699 0.0
зависеть 0.0 0.509 0.0
финансово 0.0 2.0 0.0
поэтому 0.001 0.328 0.0
издательство 0.003 1.523 0.005
уступчивость 0.0 2.0 0.0
сговорчивость 0.0 2.0 0.0
развлекательный 0.0 1.523 0.0
некоторый 0.0 0.222 0.0
превентивный 0.0 1.523 0.0
расторгать 0.0 2.0 0.0
контракт 0.0 1.301 0.0
образ 0.0 0.553 0.0
несогласие 0.0 1.699 0.0
творить 0.0 1.523 0.0
украина 0.001 0.347 0.0
стивен 0.001 1.301 0.001
кинг 0.002 1.699 0.003
отказаться 0.0 0.62 0.0
сотрудничество 0.0 0.959 0.0
бойкот 0.0 2.0 0.0
объявить 0.0 0.553 0.0
скандинавский 0.0 1.523 0.0
вопрос 0.0 0.276 0.0
мораль 0.0 1.523 0.0
аморальность 0.0 2.0 0.0
поведение 0.0 1.222 0.0
официальный 0.0 0.538 0.0
международный 0.0 0.569 0.0
арена 0.0 1.699 0.0
фактор 0.0 0.824 0.0
принятие 0.0 1.0 0.0
решение 0.0 0.347 0.0
какой 0.0 0.357 0.0
присутствовать 0.0 1.097 0.0
вероятно 0.001 0.699 0.001
присоединиться 0.0 1.046 0.0
прошлый 0.0 0.745 0.0
самый 0.0 0.208 0.0
напечатать 0.0 1.523 0.0
продать 0.0 1.301 0.0
элемент 0.0 1.301 0.0
коммерческий 0.0 1.301 0.0
успех 0.0 0.921 0.0
имя 0.0 0.585 0.0
сказаться 0.0 1.523 0.0
популярность 0.0 1.222 0.0
остальной 0.0 0.553 0.0
масса 0.0 1.046 0.0
приходить 0.0 0.824 0.0
магазин 0.0 0.796 0.0
дорога 0.0 0.959 0.0
брать 0.0 0.77 0.0
себя 0.0 0.62 0.0
импортозамещение 0.0 1.398 0.0
приходиться 0.001 0.745 0.001
скорее 0.001 0.509 0.001
интернет 0.0 0.921 0.0
появляться 0.0 0.658 0.0
пиратский 0.0 2.0 0.0
заблокировать 0.0 0.553 0.0
готовый 0.0 0.509 0.0
продолжать 0.0 0.292 0.0
работать 0.003 0.102 0.0
несмотря 0.0 0.456 0.0
прямо 0.001 0.357 0.0
трудный 0.0 0.721 0.0
издание 0.0 0.481 0.0
интерес 0.001 0.155 0.0
читатель 0.0 0.523 0.0
хотеть 0.001 0.102 0.0
помочьхотать 0.0 0.886 0.0
помочь 0.001 0.125 0.0
подвергаться 0.0 0.959 0.0
серьёзный 0.0 0.553 0.0
рыночный 0.0 1.301 0.0
давление 0.0 0.699 0.0
укрупнение 0.0 2.0 0.0
издательский 0.001 2.0 0.002
фактический 0.0 1.155 0.0
образование 0.0 0.886 0.0
монополист 0.0 2.0 0.0
два 0.0 0.26 0.0
крупный 0.001 0.523 0.001
игрок 0.001 1.523 0.002
группа 0.001 0.387 0.0
олма 0.0 2.0 0.0
аст-эксмо 0.0 2.0 0.0
поглотить 0.0 2.0 0.0
средний 0.0 0.796 0.0
мелкий 0.0 1.222 0.0
монополизация 0.0 2.0 0.0
значительно 0.0 0.959 0.0
облегчать 0.0 1.523 0.0
контроль 0.001 0.585 0.001
образоваться 0.0 1.398 0.0
некий 0.0 1.155 0.0
окно 0.0 0.886 0.0
следственный 0.0 1.398 0.0
комитет 0.0 1.097 0.0
администрация 0.0 0.959 0.0
президент 0.001 0.523 0.001
направлять 0.0 1.398 0.0
рисовать 0.0 1.699 0.0
сценарий 0.0 1.097 0.0
апокалиптический 0.0 2.0 0.0
соцсеть 0.0 0.824 0.0
сми 0.0 0.602 0.0
заставлять 0.0 1.097 0.0
представлять 0.0 0.678 0.0
мрачный 0.0 2.0 0.0
вариант 0.0 0.481 0.0
предсказать 0.0 1.301 0.0
далеко 0.0 0.745 0.0
быстро 0.0 0.495 0.0
покатиться 0.0 2.0 0.0
тоталитаризм 0.0 1.222 0.0
тоталитарный 0.0 1.222 0.0
присутствие 0.0 1.222 0.0
альтернативный 0.001 1.0 0.001
мнение 0.001 0.509 0.001
пространство 0.001 1.097 0.001
z-версия 0.0 2.0 0.0
заняться 0.0 1.398 0.0
искоренение 0.0 2.0 0.0
любой 0.0 0.319 0.0
проявление 0.0 1.523 0.0
общественно-публичный 0.0 2.0 0.0
какой-то 0.002 0.328 0.001
попытка 0.0 0.921 0.0
ввести 0.0 0.538 0.0
ответственность 0.0 0.678 0.0
возложить 0.0 1.523 0.0
комиссия 0.0 1.222 0.0
пасти 0.0 2.0 0.0
эпоха 0.001 1.699 0.002
самиздат 0.0 2.0 0.0
начаться 0.0 0.367 0.0
немало 0.0 1.398 0.0
предлагать 0.0 0.602 0.0
давать 0.001 0.31 0.0
опубликоваться 0.0 2.0 0.0
электронный 0.0 1.046 0.0
бумага 0.0 1.222 0.0
ограниченный 0.0 1.301 0.0
тираж 0.0 1.398 0.0
система 0.001 0.398 0.0
активно 0.0 0.77 0.0
монетизироваться 0.0 2.0 0.0
скорый 0.001 0.921 0.001
они 0.0 0.538 0.0
многие 0.002 0.284 0.001
специально 0.0 0.959 0.0
выстраивать 0.0 1.699 0.0
надежда 0.0 0.77 0.0
никто 0.0 0.432 0.0
мешать 0.0 0.824 0.0
начинающий 0.0 2.0 0.0
публиковать 0.0 0.638 0.0
роман 0.0 1.398 0.0
бесплатно 0.0 1.398 0.0
выложить 0.0 1.046 0.0
телеграм-канал 0.0 1.222 0.0
называться 0.001 0.699 0.001
бесплатный 0.0 1.222 0.0
pdf-файл 0.0 2.0 0.0
пост 0.0 0.638 0.0
качать 0.0 1.699 0.0
вы 0.001 1.0 0.001
свидетель 0.0 1.301 0.0
пришествие 0.0 2.0 0.0
цензурный 0.0 1.699 0.0
сыпаться 0.0 2.0 0.0
сравнить 0.0 1.046 0.0
1920-й 0.0 2.0 0.0
установить 0.0 0.721 0.0
плотный 0.0 1.155 0.0
взять 0.0 0.553 0.0
совиный 0.0 2.0 0.0
крыло 0.0 1.699 0.0
иначе 0.0 0.745 0.0
свободный 0.0 0.77 0.0
видимо 0.0 0.824 0.0
сказочка 0.0 2.0 0.0
хитров 0.0 2.0 0.0
театральный 0.0 2.0 0.0
критик 0.001 1.699 0.002
журналист 0.0 0.481 0.0
очевидный 0.0 0.678 0.0
развитой 0.0 1.523 0.0
восприниматься 0.0 1.699 0.0
токсичный 0.0 1.699 0.0
посмотреть 0.0 0.523 0.0
программа 0.0 0.824 0.0
фестиваль 0.0 2.0 0.0
увидеть 0.0 0.553 0.0
участвовать 0.0 0.569 0.0
считать 0.0 0.319 0.0
союзник 0.0 1.155 0.0
сирия 0.0 1.398 0.0
венесуэла 0.0 1.699 0.0
выступить 0.0 0.721 0.0
жёстко 0.0 1.301 0.0
против 0.0 0.229 0.0
вторжение 0.0 0.569 0.0
прежде 0.001 0.62 0.001
германия 0.0 0.699 0.0
польша 0.0 0.854 0.0
литва 0.0 1.523 0.0
латвия 0.0 1.523 0.0
нидерланды 0.0 1.301 0.0
франция 0.0 0.854 0.0
испания 0.0 1.222 0.0
центральный 0.0 1.097 0.0
европа 0.0 0.495 0.0
малый 0.0 0.678 0.0
степень 0.0 0.658 0.0
ближний 0.001 1.222 0.001
восток 0.0 0.886 0.0
изоляция 0.002 1.523 0.003
перестать 0.0 0.678 0.0
ездить 0.0 1.097 0.0
зарубежный 0.001 0.886 0.001
долгосрочный 0.0 1.097 0.0
перспектива 0.0 1.301 0.0
плохо 0.001 0.569 0.001
живой 0.0 0.553 0.0
2010-быть 0.0 2.0 0.0
остановиться 0.0 0.959 0.0
развитие 0.0 0.638 0.0
расцвет 0.0 1.699 0.0
накопительный 0.0 2.0 0.0
эффект 0.0 0.796 0.0
1980-й 0.0 1.699 0.0
1990-й 0.0 1.301 0.0
приоткрыться 0.0 2.0 0.0
железный 0.0 1.398 0.0
занавес 0.0 2.0 0.0
стать 0.002 0.149 0.0
огромный 0.0 0.721 0.0
вперёд 0.0 1.398 0.0
полезный 0.001 1.155 0.001
особенно 0.001 0.553 0.001
понятно 0.001 0.699 0.001
сцена 0.0 1.398 0.0
значит 0.001 0.444 0.0
художник 0.0 1.699 0.0
легко 0.0 0.824 0.0
контролировать 0.0 1.222 0.0
стол 0.0 1.0 0.0
русский 0.002 0.62 0.001
например 0.001 0.229 0.0
как-то 0.0 0.699 0.0
пережить 0.0 1.097 0.0
продлиться 0.0 1.699 0.0
долгий 0.0 0.745 0.0
попросту 0.0 1.301 0.0
обнулиться 0.0 2.0 0.0
достижение 0.0 1.097 0.0
десять 0.0 0.585 0.0
первый 0.0 0.143 0.0
увольнение 0.001 1.523 0.002
уволить 0.0 1.301 0.0
худрук 0.0 2.0 0.0
центр 0.001 0.432 0.0
мейерхольд 0.0 2.0 0.0
волкострел 0.0 2.0 0.0
антивоенный 0.0 0.796 0.0
поставот 0.0 2.0 0.0
сказать 0.001 0.31 0.0
департамент 0.0 1.097 0.0
москва 0.0 0.523 0.0
предсказывать 0.0 1.523 0.0
внутренний 0.0 0.745 0.0
репрессия 0.0 1.222 0.0
число 0.0 0.201 0.0
вероятный 0.0 1.155 0.0
ядро 0.0 2.0 0.0
публика 0.0 1.398 0.0
город 0.0 0.409 0.0
уезжать 0.0 1.046 0.0
зала 0.0 2.0 0.0
опустеть 0.0 2.0 0.0
спектакль 0.0 1.699 0.0
ходить 0.0 0.77 0.0
адресовать 0.0 1.699 0.0
интеллектуальный 0.0 1.222 0.0
продукт 0.0 0.678 0.0
отменять 0.001 1.155 0.001
показ 0.0 1.699 0.0
николай 0.0 1.097 0.0
редькин 0.0 2.0 0.0
видеоблог 0.0 2.0 0.0
вписка 0.0 2.0 0.0
чреватый 0.0 1.523 0.0
музыкант 0.001 1.301 0.001
зарабатывать 0.0 1.398 0.0
индустриальный 0.0 1.523 0.0
механизм 0.0 0.886 0.0
сложиться 0.0 1.155 0.0
по-другому 0.001 1.155 0.001
телегра-канал 0.0 1.699 0.0
гулять 0.0 1.523 0.0
артист 0.002 1.523 0.003
трушный 0.0 2.0 0.0
стоить 0.0 0.469 0.0
запрет 0.001 0.921 0.001
деятельность 0.001 0.854 0.001
noize 0.0 2.0 0.0
mc 0.0 2.0 0.0
украинский 0.0 0.538 0.0
флаг 0.0 1.0 0.0
поотменять 0.0 2.0 0.0
концерт 0.002 1.097 0.002
также 0.0 0.237 0.0
вспомнить 0.001 1.046 0.001
отмена 0.0 1.398 0.0
хаск 0.0 2.0 0.0
ic3peak 0.0 2.0 0.0
плохой 0.0 0.509 0.0
масштабный 0.0 1.0 0.0
отличаться 0.0 0.553 0.0
получать 0.0 0.569 0.0
беларусь 0.0 1.301 0.0
организовать 0.0 0.921 0.0
ты 0.0 1.0 0.0
получить 0.0 0.328 0.0
бумажка 0.001 2.0 0.002
местный 0.0 0.602 0.0
орган 0.0 0.886 0.0
управление 0.0 0.824 0.0
проведение 0.0 0.921 0.0
многий 0.0 0.495 0.0
зачастую 0.0 1.523 0.0
исключать 0.0 1.046 0.0
сильный 0.0 0.553 0.0
удар 0.0 0.745 0.0
пандемия 0.0 0.538 0.0
положить 0.0 1.0 0.0
концертный 0.0 1.398 0.0
лопатка 0.0 2.0 0.0
отменяться 0.0 2.0 0.0
хедлайнер 0.0 2.0 0.0
ввестись 0.0 2.0 0.0
отмениться 0.0 2.0 0.0
кроме 0.001 0.387 0.0
нашествие 0.0 2.0 0.0
уход 0.0 1.155 0.0
лейбл 0.001 2.0 0.002
событие 0.001 0.509 0.001
неясно 0.0 1.097 0.0
практика 0.0 0.796 0.0
прекращение 0.0 1.097 0.0
работа 0.001 0.357 0.0
каждый 0.0 0.244 0.0
каталог 0.0 2.0 0.0
релиз 0.0 2.0 0.0
выгнать 0.0 2.0 0.0
улица 0.0 0.699 0.0
подписывать 0.0 1.046 0.0
заниматься 0.001 0.62 0.001
старый 0.0 0.658 0.0
конкретика 0.0 2.0 0.0
дать 0.0 0.066 0.0
следить 0.001 0.796 0.001
французский 0.0 1.097 0.0
believe 0.0 1.046 0.0
исполнитель 0.0 1.398 0.0
никуда 0.001 1.097 0.001
уходить 0.0 0.824 0.0
подкаст 0.0 1.097 0.0
крах 0.0 1.301 0.0
из-за 0.0 0.229 0.0
рухнуть 0.0 1.222 0.0
надолго 0.0 1.222 0.0
язык 0.0 0.678 0.0
общаться 0.0 0.959 0.0
слушатель 0.0 1.699 0.0
советский 0.0 0.959 0.0
рок 0.0 1.699 0.0
намёк 0.0 1.699 0.0
учиться 0.0 0.959 0.0
строка 0.0 1.398 0.0
уехать 0.0 0.824 0.0
граница 0.0 0.658 0.0
моргенштерн 0.0 2.0 0.0
пара 0.0 0.658 0.0
назад 0.001 0.18 0.0
выпустить 0.0 0.699 0.0
злободневный 0.0 2.0 0.0
клип 0.0 1.222 0.0
закон 0.0 0.658 0.0
фейк 0.0 1.0 0.0
опасно 0.0 0.921 0.0
закончиться 0.0 0.62 0.0
включить 0.0 1.222 0.0
самоцензура 0.0 1.699 0.0
основный 0.0 0.62 0.0
проблема 0.0 0.347 0.0
оплатить 0.0 1.222 0.0
карта 0.0 0.886 0.0
прийтись 0.001 0.602 0.001
прибегать 0.0 1.301 0.0
технический 0.0 0.959 0.0
ухищрение 0.0 1.699 0.0
просить 0.0 0.886 0.0
друг 0.0 0.387 0.0
банк 0.0 0.959 0.0
переходить 0.0 1.046 0.0
отечественный 0.0 1.301 0.0
сберзвук 0.0 2.0 0.0
vk 0.0 1.398 0.0
яндекс 0.0 1.523 0.0
журналистика 0.0 1.523 0.0
никакой 0.0 0.409 0.0
текст 0.0 0.62 0.0
способствовать 0.0 1.0 0.0
появление 0.0 0.699 0.0
контент 0.0 1.523 0.0
pavel 0.0 1.699 0.0
neznanov 0.0 2.0 0.0
юлия 0.0 1.699 0.0
петров 0.0 2.0 0.0
директор 0.0 0.796 0.0
музей 0.002 1.398 0.003
импрессионизм 0.001 2.0 0.002
разумеется 0.0 1.398 0.0
политический 0.0 0.658 0.0
немедленно 0.0 1.155 0.0
отразиться 0.0 1.222 0.0
сфера 0.0 0.921 0.0
коллега 0.0 0.796 0.0
вынудить 0.001 0.886 0.001
замораживать 0.0 2.0 0.0
проект 0.001 0.745 0.001
участие 0.0 0.638 0.0
институция 0.0 2.0 0.0
совместный 0.0 0.886 0.0
европейский 0.0 0.602 0.0
заинтересовать 0.0 1.699 0.0
собственный 0.0 0.569 0.0
построить 0.0 1.097 0.0
основное 0.0 0.553 0.0
экспонат 0.0 2.0 0.0
коллекция 0.0 1.699 0.0
менять 0.0 0.886 0.0
план 0.0 0.658 0.0
увы 0.0 1.097 0.0
летний 0.0 1.699 0.0
выставка 0.0 1.523 0.0
приехать 0.0 0.854 0.0
помпида 0.0 2.0 0.0
кадриоргский 0.0 2.0 0.0
художественный 0.0 1.699 0.0
эстония 0.0 1.699 0.0
чей 0.0 1.097 0.0
ранее 0.0 0.62 0.0
подтвердить 0.0 0.678 0.0
следующий 0.0 0.553 0.0
запланировать 0.0 1.155 0.0
японский 0.0 1.523 0.0
срок 0.0 0.824 0.0
определить 0.0 1.222 0.0
посещаемость 0.0 2.0 0.0
вырасти 0.0 0.824 0.0
раз 0.0 0.569 0.0
связать 0.0 0.469 0.0
qr-код 0.0 1.222 0.0
социальный 0.0 0.721 0.0
дистанция 0.0 1.523 0.0
маска 0.0 0.886 0.0
посетитель 0.0 1.523 0.0
писать 0.0 0.347 0.0
помогать 0.0 0.444 0.0
отвлечься 0.0 2.0 0.0
тревожный 0.0 1.398 0.0
мысль 0.0 1.222 0.0
снова 0.0 0.678 0.0
остро 0.0 1.523 0.0
вставать 0.0 1.155 0.0
дополнительный 0.0 0.77 0.0
финансирование 0.0 1.301 0.0
актуальный 0.0 1.301 0.0
частное 0.0 1.699 0.0
учреждение 0.0 0.959 0.0
интересно 0.0 1.398 0.0
взаимодействие 0.0 1.155 0.0
приостановить 0.0 1.155 0.0
маркетинговый 0.0 2.0 0.0
активность 0.0 1.155 0.0
собирать 0.0 0.699 0.0
безусловно 0.0 1.222 0.0
фонд 0.0 1.0 0.0
ценный 0.0 1.398 0.0
частный 0.0 0.824 0.0
собрание 0.0 1.398 0.0
классный 0.0 1.523 0.0
экспозиция 0.0 1.699 0.0
регион 0.0 0.638 0.0
условие 0.001 0.495 0.0
полноценный 0.0 1.046 0.0
привыкнуть 0.0 1.398 0.0
масштаб 0.0 1.155 0.0
илья 0.001 1.222 0.001
мазо 0.001 2.0 0.002
кровь 0.0 0.77 0.0
строить 0.0 1.155 0.0
самоорганизовать 0.0 2.0 0.0
ресурс 0.0 0.796 0.0
воля 0.0 1.523 0.0
gr 0.0 2.0 0.0
грубость 0.0 2.0 0.0
умирать 0.0 1.046 0.0
умереть 0.0 0.638 0.0
поэт 0.0 2.0 0.0
ильямазо 0.0 2.0 0.0
парень 0.0 1.398 0.0
пытаться 0.0 0.409 0.0
романс 0.0 2.0 0.0
поэзия 0.0 2.0 0.0
модный 0.0 1.699 0.0
вжухнуть 0.0 2.0 0.0
полунищий 0.001 2.0 0.002
доход 0.001 1.222 0.001
патреон 0.0 2.0 0.0
мой 0.0 0.585 0.0
закрытый 0.0 0.854 0.0
прослушивание 0.0 1.699 0.0
спотифай 0.0 2.0 0.0
игра 0.0 1.0 0.0
помнить 0.0 0.699 0.0
шхд 0.0 2.0 0.0
зима 0.0 1.523 0.0
известный 0.0 0.569 0.0
выставлять 0.0 1.301 0.0
венецианский 0.0 2.0 0.0
архитектурный 0.0 2.0 0.0
биеннале 0.0 2.0 0.0
иностранец 0.0 1.398 0.0
покупать 0.0 0.824 0.0
восхищаться 0.0 1.699 0.0
тоска 0.0 2.0 0.0
продажа 0.0 0.854 0.0
steam 0.001 2.0 0.002
помимо 0.0 0.796 0.0
взлететь 0.0 1.699 0.0
цена 0.0 1.0 0.0
инструмент 0.0 0.854 0.0
прежний 0.0 1.222 0.0
рубль 0.001 1.0 0.001
вход 0.0 1.046 0.0
полгода 0.0 0.886 0.0
разнести 0.0 2.0 0.0
ура 0.0 1.097 0.0
заработать 0.0 1.398 0.0
тысяча 0.0 0.31 0.0
жесть 0.0 2.0 0.0
богач 0.0 2.0 0.0
купить 0.0 0.796 0.0
оборудование 0.0 1.222 0.0
создатель 0.0 1.0 0.0
сверху 0.0 1.155 0.0
грант 0.0 1.699 0.0
прочее 0.0 1.222 0.0
неэффективный 0.0 1.301 0.0
клянчить 0.0 2.0 0.0
опустить 0.0 1.523 0.0
невыгодный 0.0 1.301 0.0
выгодно 0.0 1.398 0.0
петь 0.0 1.699 0.0
ода 0.0 2.0 0.0
сдохнуть 0.0 2.0 0.0
голод 0.0 1.699 0.0
ранний 0.0 0.409 0.0
извлекать 0.0 1.523 0.0
урок 0.0 1.699 0.0
молиться 0.0 1.523 0.0
дожить 0.0 1.155 0.0
момент 0.0 0.387 0.0
шанс 0.0 0.638 0.0
показать 0.0 0.432 0.0
усвоить 0.0 2.0 0.0
любовь 0.0 1.0 0.0
именно 0.0 0.244 0.0
альтруизм 0.0 2.0 0.0
возможный 0.0 0.523 0.0
эгоизм 0.0 2.0 0.0
объединение 0.0 1.301 0.0
браток 0.0 2.0 0.0
законсервироваться 0.0 2.0 0.0
самоповтор 0.0 2.0 0.0
короткий 0.0 0.921 0.0
эрзац 0.0 2.0 0.0
гумус 0.0 2.0 0.0
труп 0.0 1.301 0.0
немой 0.0 0.585 0.0
зародиться 0.0 2.0 0.0
грязный 0.0 1.222 0.0
подпольный 0.0 1.523 0.0
оно 0.0 0.444 0.0
стендап-комик 0.0 2.0 0.0
наверняка 0.001 1.398 0.001
ребята 0.0 1.046 0.0
захотеть 0.0 1.222 0.0
элементарно 0.0 1.699 0.0
финансовый 0.0 1.046 0.0
переезд 0.0 1.523 0.0
верить 0.0 0.553 0.0
когда-нибудь 0.0 1.523 0.0
лично 0.0 0.959 0.0
отменить 0.0 0.921 0.0
выступление 0.0 0.959 0.0
22-м 0.001 2.0 0.002
онлайн 0.002 0.959 0.002
двадцать 0.001 0.959 0.001
второй 0.001 0.357 0.0
24/7 0.0 0.102 0.0
читателейн 0.0 0.174 0.0
срочно 0.0 0.167 0.0
записать 0.0 0.959 0.0
алексей 0.0 0.886 0.0
славина 0.0 2.0 0.0
редакция 0.001 0.066 0.0
кодекс 0.0 0.066 0.0
блог 0.0 0.066 0.0
meduzacare 0.0 0.066 0.0
связаться 0.0 0.066 0.0
анонимно 0.0 0.066 0.0
ios 0.0 0.066 0.0
android 0.0 0.066 0.0
инстаграм 0.0 0.066 0.0
twitter 0.0 0.0 0.0
facebook 0.0 0.0 0.0
вконтакте 0.0 0.066 0.0
youtube 0.0 0.06 0.0
– 0.0 0.06 0.0
live 0.0 0.022 0.0
вечерний 0.0 0.066 0.0
реклама 0.001 0.066 0.0
требование 0.0 0.066 0.0
баннер 0.0 0.066 0.0
безопасно 0.0 0.066 0.0
персональный 0.0 0.066 0.0
обработка 0.0 0.066 0.0
кук 0.0 0.066 0.0
наслать 0.0 0.066 0.0
ошибка 0.0 0.066 0.0
выделить 0.0 0.066 0.0
нажать 0.0 0.066 0.0
ctrl+enter 0.0 0.066 0.0
спасибоgiphyз 0.0 0.066 0.0
гифка 0.0 0.066 0.0
© 0.0 0.0 0.0
