перейти 0.001 0.066 0.0
материал 0.002 0.066 0.0
связь 0.001 0.0 0.0
новостиисторииразборшапитокоронавирусмагаз 0.001 0.066 0.0
медуза 0.005 0.066 0.0
рекламаmeduza 0.001 0.066 0.0
in 0.001 0.0 0.0
english 0.001 0.06 0.0
показывать 0.002 0.066 0.0
порядок 0.001 0.066 0.0
en 0.001 0.066 0.0
кнопка 0.001 0.066 0.0
поддержка 0.003 0.066 0.0
история 0.001 0.26 0.0
год 0.008 0.119 0.001
китай 0.017 0.824 0.014
справляться 0.001 1.222 0.001
подавление 0.001 1.398 0.001
ковид 0.004 0.387 0.002
больший 0.001 0.328 0.0
страна 0.016 0.155 0.002
появиться 0.002 0.367 0.001
омикрон 0.010000000000000002 0.921 0.009
начаться 0.001 0.367 0.0
олимпиада… 0.001 2.0 0.002
эффективность 0.004 0.538 0.002
китайский 0.011000000000000001 0.886 0.01
вакцина 0.01 0.538 0.005
проблема 0.002 0.347 0.001
февраль 0.002 0.337 0.001
источник 0.001 0.167 0.0
meduza 0.002 0.0 0.0
данный 0.002 0.097 0.0
сообщение 0.001 0.102 0.0
создать 0.002 0.097 0.0
распространить 0.001 0.102 0.0
иностранный 0.004 0.097 0.0
средство 0.001 0.097 0.0
массовый 0.003 0.097 0.0
информация 0.001 0.102 0.0
выполнять 0.001 0.097 0.0
функция 0.001 0.097 0.0
агент 0.001 0.097 0.0
российский 0.002 0.071 0.0
юридический 0.001 0.102 0.0
лицо 0.001 0.086 0.0
мы 0.002 0.066 0.0
нужный 0.001 0.086 0.0
ваш 0.001 0.081 0.0
помощь 0.001 0.071 0.0
пожалуйста 0.001 0.102 0.0
поддержать 0.003 0.066 0.0
валерий 0.001 1.222 0.001
шарифуллин 0.001 2.0 0.002
тасс 0.001 0.699 0.001
зимний 0.001 1.699 0.002
олимпиада 0.002 1.699 0.003
пекин 0.004 1.301 0.005
возможность 0.003 0.444 0.001
продемонстрировать 0.001 1.155 0.001
весь 0.003 0.114 0.0
мир 0.004 0.26 0.001
успех 0.001 0.921 0.001
социализм 0.001 1.523 0.002
специфика 0.001 1.699 0.002
система 0.004 0.398 0.002
сдерживание 0.002 1.523 0.003
коронавирус 0.005 0.387 0.002
первый 0.005 0.143 0.001
неделя 0.005 0.328 0.002
пандемия 0.002 0.538 0.001
последовательно 0.001 1.398 0.001
проводить 0.001 0.509 0.001
политика 0.003 0.602 0.002
называть 0.001 0.432 0.0
нулевой 0.004 1.301 0.005
терпимость 0.004 2.0 0.008
фактически 0.001 0.721 0.001
отрезать 0.001 1.398 0.001
остальной 0.001 0.553 0.001
тот 0.002 0.131 0.0
въезжать 0.001 1.699 0.002
предусмотреть 0.001 1.699 0.002
строгий 0.002 1.398 0.003
долгий 0.001 0.745 0.001
карантин 0.003 1.301 0.004
минимальный 0.001 0.959 0.001
вспышка 0.003 1.0 0.003
инфекция 0.003 0.569 0.002
подавляться 0.001 2.0 0.002
тотальный 0.001 1.301 0.001
локдаун 0.005 1.155 0.006
тестирование 0.002 1.398 0.003
последний 0.004 0.284 0.001
время 0.005 0.086 0.0
такой 0.004 0.114 0.0
работать 0.002 0.102 0.0
очень 0.003 0.149 0.0
успешно 0.001 1.097 0.001
позволять 0.003 0.585 0.002
полуторамиллиардный 0.001 2.0 0.002
удерживать 0.001 1.301 0.001
заболеваемость 0.003 0.796 0.002
уровень 0.006 0.367 0.002
несколько 0.005 0.187 0.001
десяток 0.002 0.921 0.002
человек 0.005 0.092 0.0
день 0.004 0.167 0.001
эксперт 0.003 0.745 0.002
опасаться 0.001 1.046 0.001
местный 0.002 0.602 0.001
вирус 0.003 0.538 0.002
справиться 0.001 1.097 0.001
нагрузка 0.002 0.959 0.002
олимпийский 0.005 1.398 0.007
пузырь 0.003 2.0 0.006
знакомство 0.001 2.0 0.002
значит 0.001 0.444 0.0
спортсмен-олимпиец 0.001 2.0 0.002
член 0.003 0.745 0.002
национальный 0.002 0.77 0.002
делегация 0.002 1.398 0.003
освещать 0.001 1.301 0.001
игра 0.006 1.0 0.006
журналист 0.001 0.481 0.0
начинаться 0.002 0.886 0.002
полёт 0.003 1.398 0.004
отслеживание 0.001 1.523 0.002
состояние 0.001 0.721 0.001
здоровье 0.002 0.796 0.002
власть 0.006 0.31 0.002
специальный 0.003 0.638 0.002
приложение 0.002 1.097 0.002
my2022 0.001 2.0 0.002
просить 0.001 0.886 0.001
загрузить 0.001 1.699 0.002
сертификат 0.001 1.046 0.001
прививка 0.003 0.602 0.002
отчёт 0.001 1.0 0.001
два 0.003 0.26 0.001
свежий 0.004 1.097 0.004
пцр-тест 0.001 1.301 0.001
пропуск 0.002 2.0 0.004
рейс 0.002 1.699 0.003
служить 0.001 1.301 0.001
выдавать 0.001 1.155 0.001
зелёный 0.001 1.155 0.001
qr-код 0.003 1.222 0.004
этап 0.001 0.921 0.001
предварительный 0.001 0.959 0.001
проверка 0.002 0.921 0.002
из-за 0.004 0.229 0.001
положительный 0.004 1.155 0.005
тест 0.003 0.77 0.002
отказаться 0.001 0.62 0.001
целый 0.001 0.658 0.001
ряд 0.001 0.824 0.001
спортсмен 0.002 1.398 0.003
число 0.003 0.201 0.001
россия 0.001 0.108 0.0
участник 0.003 0.658 0.002
сборная 0.001 1.699 0.002
биатлон 0.001 2.0 0.002
смочь 0.001 0.328 0.0
улететь 0.001 1.398 0.001
лишь 0.002 0.481 0.001
второй 0.001 0.357 0.0
попытка 0.001 0.921 0.001
c 0.001 1.046 0.001
момент 0.002 0.387 0.001
спуск 0.001 2.0 0.002
трап 0.001 2.0 0.002
самолёт 0.001 1.097 0.001
оказываться 0.001 0.721 0.001
изолировать 0.002 1.523 0.003
внешний 0.002 0.959 0.002
контур 0.003 2.0 0.006
исключать 0.001 1.046 0.001
контакт 0.002 0.886 0.002
рядовой 0.001 2.0 0.002
житель 0.006 0.456 0.003
столица 0.001 0.854 0.001
перемещение 0.002 1.523 0.003
внутри 0.002 0.745 0.001
поездка 0.003 1.155 0.003
аэропорт 0.003 1.222 0.004
деревня 0.001 2.0 0.002
спортобъект 0.002 2.0 0.004
сам 0.002 0.137 0.0
происходить 0.001 0.301 0.0
специально 0.001 0.959 0.001
выделить 0.002 0.066 0.0
полоса 0.001 1.523 0.002
спецтранспорт 0.002 2.0 0.004
настоятельно 0.001 1.699 0.002
призывать 0.002 1.046 0.002
кой 0.001 1.699 0.002
случай 0.009000000000000001 0.194 0.002
контактировать 0.002 1.523 0.003
пассажир 0.001 1.699 0.002
авария 0.001 1.222 0.001
тысяча 0.002 0.31 0.001
волонтёр 0.002 0.959 0.002
обслуживающий 0.001 2.0 0.002
гость 0.001 1.097 0.001
также 0.002 0.237 0.0
жить 0.003 0.481 0.001
отвести 0.001 2.0 0.002
отель 0.002 1.523 0.003
побег 0.001 2.0 0.002
ограничить 0.003 0.959 0.003
физически 0.001 1.301 0.001
место 0.003 0.409 0.001
проживание 0.001 1.699 0.002
обнести 0.001 2.0 0.002
забор 0.001 1.699 0.002
символика 0.001 1.398 0.001
въезд 0.002 1.222 0.002
выезд 0.001 1.523 0.002
ворота 0.001 1.523 0.002
который 0.006 0.071 0.0
открывать 0.001 1.097 0.001
транспорт 0.001 0.854 0.001
прибыть 0.002 1.699 0.003
ежедневно 0.001 1.155 0.001
тестировать 0.001 1.699 0.002
разный 0.001 0.276 0.0
мера 0.005 0.377 0.002
однако 0.002 0.337 0.001
избежать 0.001 1.046 0.001
заражение 0.004 0.745 0.003
данные 0.004 0.31 0.001
организатор 0.002 1.301 0.003
заболеть 0.004 0.585 0.002
непосредственно 0.001 0.959 0.001
помещать 0.001 2.0 0.002
ковидный 0.003 1.523 0.005
некоторый 0.001 0.222 0.0
жаловаться 0.001 0.921 0.001
плохой 0.003 0.509 0.002
условие 0.002 0.495 0.001
однообразный 0.001 2.0 0.002
еда 0.001 0.678 0.001
парировать 0.001 2.0 0.002
направить 0.001 0.959 0.001
обеспечение 0.001 1.046 0.001
безопасность 0.001 0.387 0.0
трибуна 0.002 1.699 0.003
соревнование 0.002 1.699 0.003
кёрлинг 0.001 2.0 0.002
зритель 0.003 1.222 0.004
получить 0.001 0.328 0.0
наблюдать 0.001 0.824 0.001
обязать 0.002 1.097 0.002
носить 0.001 0.796 0.001
респиратор 0.003 2.0 0.006
класс 0.001 1.097 0.001
ffp2 0.001 2.0 0.002
eloisa 0.001 2.0 0.002
lopez 0.001 2.0 0.002
reuters 0.001 0.745 0.001
scanpix 0.002 0.301 0.001
leta 0.002 0.301 0.001
ограничение 0.003 0.585 0.002
коснуться 0.001 1.523 0.002
хотя 0.001 0.276 0.0
отличие 0.001 0.699 0.001
токио 0.001 2.0 0.002
решить 0.001 0.398 0.0
закрывать 0.002 1.222 0.002
полностью 0.003 0.538 0.002
свободный 0.001 0.77 0.001
продажа 0.001 0.854 0.001
билет 0.001 1.301 0.001
распространять 0.001 1.097 0.001
среди 0.001 0.42 0.0
сотрудник 0.001 0.658 0.001
госучреждение 0.001 2.0 0.002
отдельный 0.002 0.678 0.001
группа 0.002 0.387 0.001
общество 0.001 0.602 0.001
рассадка 0.001 2.0 0.002
один 0.006 0.119 0.001
находиться 0.003 0.367 0.001
fffp-2 0.001 2.0 0.002
громкий 0.001 1.222 0.001
выкрик 0.001 2.0 0.002
приветствоваться 0.001 2.0 0.002
вряд 0.001 0.854 0.001
возможный 0.002 0.523 0.001
оценка 0.001 0.745 0.001
присутствовать 0.001 1.097 0.001
заполняемость 0.001 1.523 0.002
спортивный 0.001 1.301 0.001
площадка 0.001 0.796 0.001
превышать 0.001 1.155 0.001
15–20 0.001 1.523 0.002
обитатель 0.001 1.523 0.002
пересекаться 0.001 1.523 0.002
репортаж 0.001 0.678 0.001
олимпиада-паранойять 0.001 2.0 0.002
беспрецедентный 0.001 1.301 0.001
главное 0.001 0.585 0.001
нужно 0.001 0.237 0.0
знать 0.001 0.244 0.0
великий 0.001 1.222 0.001
стена 0.001 0.921 0.001
закрытый 0.001 0.854 0.001
посреди 0.001 1.398 0.001
свой 0.002 0.143 0.0
жизнь 0.001 0.319 0.0
мегаполис 0.002 2.0 0.004
уменьшить 0.001 1.301 0.001
копия 0.001 1.301 0.001
модель 0.001 0.824 0.001
выстроить 0.001 1.155 0.001
масштаб 0.001 1.155 0.001
месяц 0.003 0.432 0.001
2020-го 0.001 1.097 0.001
остановить 0.003 0.523 0.002
распространение 0.002 0.523 0.001
ударить 0.001 1.097 0.001
благодаря 0.001 0.77 0.001
прежний 0.001 1.222 0.001
опыт 0.001 0.699 0.001
иметь 0.001 0.337 0.0
дело 0.001 0.252 0.0
атипичный 0.001 1.699 0.002
пневмония 0.001 1.222 0.001
вызвать 0.001 0.721 0.001
другой 0.003 0.097 0.0
sars-1 0.001 1.699 0.002
жёсткий 0.001 0.678 0.001
карантинный 0.001 1.523 0.002
весна 0.002 1.0 0.002
суметь 0.001 1.398 0.001
подавить 0.001 1.222 0.001
эпидемия 0.002 0.959 0.002
ввести 0.001 0.538 0.001
обязательный 0.001 0.886 0.001
социальный 0.002 0.721 0.001
дистанцирование 0.001 1.699 0.002
ношение 0.001 1.222 0.001
маска 0.001 0.886 0.001
температура 0.001 0.824 0.001
общественный 0.002 0.745 0.001
использоваться 0.001 0.585 0.001
постоянный 0.001 1.046 0.001
гражданин 0.002 0.553 0.001
провести 0.001 0.538 0.001
широкий 0.002 0.921 0.002
информационный 0.001 0.854 0.001
кампания 0.001 0.699 0.001
важность 0.001 1.398 0.001
этот 0.002 0.137 0.0
граница 0.003 0.658 0.002
резко 0.001 0.854 0.001
усилить 0.001 1.523 0.002
эпидемический 0.001 1.523 0.002
контроль 0.002 0.585 0.001
входящий 0.001 1.222 0.001
трафик 0.001 1.398 0.001
иностранец 0.002 1.398 0.003
запретить 0.001 0.77 0.001
вне 0.001 0.886 0.001
аннулировать 0.001 2.0 0.002
виза 0.002 2.0 0.004
вид 0.001 0.398 0.0
жительство 0.001 1.523 0.002
новый 0.004 0.187 0.001
сложно 0.001 0.538 0.001
долго 0.001 0.745 0.001
дорого 0.001 1.523 0.002
сей 0.001 0.456 0.0
пора 0.001 0.357 0.0
множество 0.001 0.796 0.001
официально 0.001 0.959 0.001
трудоустроить 0.001 2.0 0.002
мочь 0.003 0.102 0.0
вернуться 0.001 0.638 0.001
закончиться 0.001 0.62 0.001
прибывать 0.001 1.398 0.001
рубеж 0.002 1.097 0.002
это 0.009000000000000001 0.066 0.001
основное 0.001 0.553 0.001
14-дневный 0.001 2.0 0.002
проходить 0.001 0.495 0.0
собственный 0.002 0.569 0.001
счёт 0.001 0.721 0.001
летать 0.001 1.301 0.001
зарубежный 0.002 0.886 0.002
компания 0.004 0.444 0.002
сократить 0.001 1.222 0.001
борт 0.001 1.699 0.002
прилёт 0.001 2.0 0.002
выявлять 0.001 1.699 0.002
пять 0.001 0.432 0.0
приостанавливать 0.001 2.0 0.002
отменять 0.001 1.155 0.001
привести 0.002 0.456 0.001
кратное 0.001 2.0 0.002
рост 0.002 0.824 0.002
цена 0.001 1.0 0.001
авиабилет 0.001 2.0 0.002
усложнить 0.001 1.699 0.002
попадание 0.001 1.301 0.001
пресса 0.001 1.155 0.001
сеть 0.001 0.824 0.001
китаец 0.001 1.523 0.002
регулярно 0.001 1.0 0.001
возвращаться 0.001 0.854 0.001
исключить 0.001 1.0 0.001
завоз 0.002 1.523 0.003
экипаж 0.001 1.523 0.002
авиакомпания 0.001 2.0 0.002
air 0.001 1.046 0.001
china 0.001 1.523 0.002
лос-анджелес 0.001 2.0 0.002
начало 0.002 0.26 0.001
декабрь 0.001 0.745 0.001
город 0.006 0.409 0.002
впервые 0.001 0.824 0.001
обнаружить 0.002 0.658 0.001
sars-cov-2 0.002 0.824 0.002
вариант 0.004 0.481 0.002
j 0.001 1.699 0.002
brown 0.001 2.0 0.002
afp 0.001 0.854 0.001
вести 0.001 0.553 0.001
статистика 0.001 0.921 0.001
завозный 0.001 2.0 0.002
локальный 0.003 1.301 0.004
связанный 0.001 0.745 0.001
напрямую 0.001 1.0 0.001
идея 0.001 0.585 0.001
дифференцированный 0.001 1.699 0.002
подход 0.002 0.854 0.002
должный 0.002 0.201 0.0
защитить 0.001 0.721 0.001
потенциально 0.001 1.046 0.001
заразный 0.001 1.398 0.001
относиться 0.001 0.62 0.001
максимально 0.001 0.721 0.001
серьёзно 0.001 1.301 0.001
правило 0.002 0.066 0.0
район 0.002 0.678 0.001
выявить 0.002 1.222 0.002
потенциальный 0.001 0.886 0.001
инфицировать 0.001 0.959 0.001
отслеживать 0.001 1.398 0.001
население 0.004 0.569 0.002
например 0.001 0.229 0.0
циндао 0.001 2.0 0.002
октябрь 0.001 0.796 0.001
миллион 0.003 0.495 0.001
протестировать 0.001 1.398 0.001
обнаружение 0.001 1.155 0.001
три 0.001 0.569 0.001
бессимптомный 0.001 1.301 0.001
носитель 0.001 1.301 0.001
пример 0.001 0.585 0.001
прямо 0.001 0.357 0.0
небольшой 0.001 0.602 0.001
мерка 0.001 1.301 0.001
байсэ 0.001 2.0 0.002
рядом 0.001 0.854 0.001
вьетнамский 0.001 2.0 0.002
бороться 0.001 0.796 0.001
шэньчжэнить 0.001 2.0 0.002
сдать 0.001 1.301 0.001
движение 0.001 0.921 0.001
закрыть 0.001 0.959 0.001
личный 0.001 0.678 0.001
риск 0.002 0.357 0.001
оказаться 0.001 0.31 0.0
поэтому 0.001 0.328 0.0
понедельник 0.001 1.222 0.001
покидать 0.001 1.046 0.001
дом 0.004 0.495 0.002
охватить 0.001 1.699 0.002
около 0.001 0.432 0.0
март 0.001 0.284 0.0
2021-го 0.001 1.155 0.001
стартовать 0.001 1.398 0.001
вакцинация 0.004 0.553 0.002
сегодняшний 0.001 1.155 0.001
привить 0.001 0.678 0.001
использовать 0.001 0.319 0.0
производство 0.003 0.658 0.002
разработать 0.001 0.959 0.001
наиболее 0.001 0.745 0.001
востребовать 0.001 2.0 0.002
популярный 0.001 0.854 0.001
инактивированный 0.003 1.301 0.004
sinovac 0.003 1.523 0.005
sinopharm 0.003 1.398 0.004
предел 0.001 0.959 0.001
прочность 0.001 2.0 0.002
принять 0.001 0.42 0.0
миллиард 0.001 1.046 0.001
протяжение 0.001 1.398 0.001
близкий 0.001 0.347 0.0
нуль 0.001 1.155 0.001
противовирусный 0.001 1.222 0.001
оборона 0.001 0.959 0.001
приходиться 0.001 0.745 0.001
особенно 0.002 0.553 0.001
тяжело 0.001 0.796 0.001
неизбежно 0.001 1.398 0.001
попадать 0.001 0.854 0.001
внутрь 0.001 1.523 0.002
периметр 0.001 2.0 0.002
середина 0.001 0.854 0.001
14-миллионный 0.001 2.0 0.002
тяньцзина 0.001 2.0 0.002
час 0.001 0.538 0.001
езда 0.001 1.699 0.002
январь 0.002 0.824 0.002
прийтись 0.001 0.602 0.001
вводить 0.001 0.886 0.001
полный 0.002 0.377 0.001
территория 0.001 0.62 0.001
действовать 0.001 0.602 0.001
зависимость 0.001 0.745 0.001
самый 0.001 0.208 0.0
подразумевать 0.001 1.301 0.001
запрет 0.001 0.921 0.001
выход 0.001 0.796 0.001
мягкий 0.002 1.097 0.002
разрешать 0.002 1.523 0.003
семья 0.001 0.796 0.001
выходить 0.001 0.62 0.001
улица 0.001 0.699 0.001
продовольствие 0.001 1.699 0.002
кто 0.001 0.377 0.0
повезти 0.001 0.854 0.001
гулять 0.001 1.523 0.002
поставка 0.002 0.921 0.002
продукт 0.001 0.678 0.001
предмет 0.001 1.155 0.001
необходимость 0.002 0.745 0.001
запереть 0.001 1.699 0.002
брать 0.001 0.77 0.001
работник 0.001 0.824 0.001
жилой 0.001 0.886 0.001
комплекс 0.001 1.046 0.001
стать 0.002 0.149 0.0
обычный 0.001 0.509 0.001
практика 0.001 0.796 0.001
поезд 0.001 1.155 0.001
автобус 0.001 1.222 0.001
маршрут 0.001 1.699 0.002
тяньцзинь 0.001 2.0 0.002
рекомендовать 0.001 0.569 0.001
крайний 0.001 0.602 0.001
зафиксировать 0.001 0.921 0.001
провинция 0.001 1.523 0.002
центральный 0.001 1.097 0.001
подчинение 0.001 2.0 0.002
включая 0.001 0.959 0.001
никуда 0.001 1.097 0.001
деться 0.001 2.0 0.002
опасность 0.001 0.854 0.001
дельта 0.002 0.854 0.002
крупный 0.002 0.523 0.001
13-миллионный 0.001 2.0 0.002
сианя 0.001 2.0 0.002
назад 0.001 0.18 0.0
открыться 0.001 1.222 0.001
месячный 0.001 1.699 0.002
ухань 0.001 1.699 0.002
продолжаться 0.002 0.699 0.001
заразиться 0.001 1.0 0.001
раунд 0.001 2.0 0.002
результат 0.001 0.367 0.0
фиксировать 0.001 1.097 0.001
рекордный 0.001 1.097 0.001
пик 0.001 1.301 0.001
достигать 0.001 1.301 0.001
снова 0.001 0.678 0.001
снизиться 0.001 1.222 0.001
совпасть 0.001 1.398 0.001
период 0.002 0.678 0.001
празднование 0.001 2.0 0.002
традиционно 0.001 2.0 0.002
путешествовать 0.001 1.301 0.001
навещать 0.001 1.699 0.002
родный 0.001 1.0 0.001
оценивать 0.001 0.921 0.001
ежегодно 0.001 1.523 0.002
воздерживаться 0.001 1.699 0.002
новогодний 0.001 2.0 0.002
путешествие 0.001 1.301 0.001
миграция 0.001 1.523 0.002
минтранс 0.001 2.0 0.002
приводить 0.001 0.602 0.001
синьхуа 0.001 2.0 0.002
официальный 0.001 0.538 0.001
каникулы 0.001 1.699 0.002
совершить 0.001 1.155 0.001
пассажирский 0.001 2.0 0.002
учёный 0.002 0.569 0.001
обеспечивать 0.002 0.824 0.002
достаточный 0.003 0.854 0.003
защита 0.003 0.569 0.002
согласно 0.001 0.745 0.001
исследование 0.003 0.42 0.001
медицинский 0.001 0.523 0.001
школа 0.001 0.699 0.001
йельский 0.001 2.0 0.002
университет 0.002 0.721 0.001
минздрав 0.001 0.678 0.001
доминиканский 0.001 1.523 0.002
республика 0.001 0.921 0.001
плазма 0.001 2.0 0.002
кровь 0.001 0.77 0.001
прошедшее 0.001 1.097 0.001
препарат 0.004 0.585 0.002
четыре 0.001 0.509 0.001
нейтрализовать 0.002 1.155 0.002
антитело 0.003 0.77 0.002
фиксироваться 0.001 1.301 0.001
вовсе 0.001 0.921 0.001
указывать 0.002 0.796 0.002
бустеризация 0.002 1.699 0.003
третий 0.001 0.553 0.001
доза 0.001 0.721 0.001
иммунный 0.001 0.678 0.001
ответ 0.001 0.432 0.0
ковивак 0.002 1.046 0.002
многие 0.001 0.284 0.0
хотеть 0.002 0.102 0.0
привиться 0.001 0.796 0.001
вставать 0.001 1.155 0.001
очередь 0.002 0.538 0.001
правда 0.001 0.456 0.0
хороший 0.002 0.377 0.001
карточка 0.001 0.569 0.001
против 0.003 0.229 0.001
неудивительный 0.001 1.699 0.002
похожий 0.001 0.602 0.001
друг 0.002 0.387 0.001
сделать 0.001 0.208 0.0
технология 0.001 1.0 0.001
вашингтонский 0.001 2.0 0.002
сиэтл 0.001 2.0 0.002
швейцарский 0.001 1.301 0.001
humabs 0.001 2.0 0.002
biomed 0.001 2.0 0.002
тринадцать 0.001 2.0 0.002
испытуемый 0.001 1.398 0.001
вакцинировать 0.001 0.602 0.001
сформироваться 0.001 1.523 0.002
менее 0.001 0.432 0.0
воз 0.001 0.796 0.001
заявлять 0.002 1.0 0.002
тяжёлый 0.001 0.377 0.0
течение 0.002 0.638 0.001
болезнь 0.001 0.553 0.001
реальный 0.001 0.638 0.001
эпидемиологический 0.001 1.0 0.001
судить 0.001 0.585 0.001
интенсивно 0.001 1.523 0.002
применяться 0.001 1.046 0.001
низкий 0.001 0.638 0.001
подтвердить 0.001 0.678 0.001
ожидать 0.001 0.62 0.001
цифра 0.001 1.097 0.001
делаться 0.001 1.046 0.001
израиль 0.001 0.921 0.001
великобритания 0.001 0.699 0.001
активный 0.001 0.796 0.001
мониторинг 0.001 1.155 0.001
крайне 0.001 0.721 0.001
затруднительно 0.001 2.0 0.002
инактивровать 0.001 2.0 0.002
research 0.001 1.699 0.002
and 0.001 0.721 0.001
development 0.001 1.301 0.001
co. 0.001 1.523 0.002
ltd. 0.001 1.699 0.002
zhang 0.001 2.0 0.002
yuwei 0.001 2.0 0.002
xinhua 0.001 1.398 0.001
zuma 0.001 1.398 0.001
press 0.001 0.824 0.001
исследователь 0.001 0.721 0.001
говорить 0.001 0.18 0.0
вырасти 0.001 0.824 0.001
мрнк-вакцина 0.002 1.046 0.002
moderna 0.001 1.0 0.001
pfizer/biontech 0.001 1.046 0.001
пока 0.002 0.208 0.0
одобрить 0.001 1.0 0.001
фармкомпания 0.003 1.523 0.005
заниматься 0.001 0.62 0.001
разработка 0.003 1.097 0.003
спешить 0.001 1.523 0.002
признание 0.001 1.046 0.001
основа 0.001 0.678 0.001
мрнк 0.001 1.155 0.001
решение 0.001 0.347 0.0
совместный 0.001 0.886 0.001
шанхайский 0.001 2.0 0.002
fosun 0.001 2.0 0.002
pharma 0.001 1.699 0.002
сообщать 0.001 0.921 0.001
сотрудничество 0.001 0.959 0.001
немецкий 0.001 0.699 0.001
biontech 0.001 1.699 0.002
одобрение 0.001 1.398 0.001
регулятор 0.001 1.222 0.001
сообщаться 0.001 1.097 0.001
вопрос 0.001 0.276 0.0
открытие 0.003 1.301 0.004
фон 0.001 0.745 0.001
частый 0.001 0.523 0.001
обсуждать 0.001 0.745 0.001
отказ 0.002 0.77 0.002
сторонник 0.001 1.0 0.001
расти 0.001 0.886 0.001
обходиться 0.001 2.0 0.002
слишком 0.001 0.553 0.001
бить 0.001 1.155 0.001
экономика 0.001 0.796 0.001
нарушать 0.001 1.155 0.001
цепочка 0.001 1.222 0.001
лето 0.001 1.046 0.001
призыв 0.001 0.854 0.001
научиться 0.001 1.301 0.001
выступить 0.001 0.721 0.001
ведущий 0.001 0.959 0.001
инфекционный 0.001 1.301 0.001
заболевание 0.003 0.481 0.001
чжан 0.001 2.0 0.002
вэньхун 0.001 2.0 0.002
слово 0.002 0.268 0.001
раскритиковать 0.001 2.0 0.002
экс-министр 0.001 2.0 0.002
здравоохранение 0.001 0.658 0.001
кнр 0.001 1.398 0.001
гао 0.001 2.0 0.002
цян 0.001 2.0 0.002
опубликовать 0.001 0.509 0.001
статья 0.001 0.553 0.001
существующий 0.001 1.155 0.001
недопустимость 0.001 1.699 0.002
итог 0.001 0.509 0.001
молчание 0.001 1.523 0.002
заявить 0.001 0.553 0.001
подходящий 0.001 1.222 0.001
ратовать 0.001 2.0 0.002
сторона 0.001 0.347 0.0
достигнуть 0.001 0.824 0.001
высокий 0.003 0.495 0.001
позволить 0.001 0.62 0.001
смягчить 0.001 1.398 0.001
удар 0.001 0.745 0.001
сдержать 0.001 1.398 0.001
заразность 0.001 1.523 0.002
любой 0.001 0.319 0.0
ветер 0.001 1.523 0.002
рука 0.001 0.62 0.001
цитировать 0.001 1.155 0.001
nature 0.001 1.523 0.002
рафаэль 0.001 1.699 0.002
араоса 0.001 2.0 0.002
эпидемиолог 0.002 1.301 0.003
развитие 0.001 0.638 0.001
сантьяго 0.001 2.0 0.002
позиция 0.001 0.745 0.001
менять 0.001 0.886 0.001
намерить 0.001 1.699 0.002
продолжение 0.001 1.699 0.002
реализация 0.001 1.222 0.001
интервью 0.001 0.745 0.001
пекинский 0.001 2.0 0.002
издание 0.001 0.481 0.0
the 0.001 0.481 0.0
global 0.001 1.222 0.001
times 0.001 0.699 0.001
главный 0.001 0.276 0.0
центр 0.001 0.432 0.0
профилактика 0.001 0.886 0.001
цзунья 0.001 2.0 0.002
большой 0.001 0.347 0.0
европейский 0.001 0.602 0.001
демонстрировать 0.001 1.222 0.001
опираться 0.001 1.097 0.001
концепция 0.001 1.398 0.001
коллективный 0.001 0.959 0.001
иммунитет 0.001 0.77 0.001
появление 0.001 0.699 0.001
штамм 0.001 0.796 0.001
эффективный 0.002 0.553 0.001
продолжать 0.001 0.292 0.0
считать 0.001 0.319 0.0
применять 0.002 0.796 0.002
комплексный 0.001 1.523 0.002
разумный 0.001 1.699 0.002
оправданный 0.001 1.699 0.002
параллельно 0.001 1.097 0.001
cdc 0.001 1.301 0.001
weekly 0.001 2.0 0.002
бюллетень 0.001 1.699 0.002
выйти 0.001 0.456 0.0
последствие 0.001 0.523 0.001
регион 0.001 0.638 0.001
речь 0.001 0.398 0.0
идти 0.001 0.222 0.0
автор 0.001 0.62 0.001
достижение 0.001 1.097 0.001
смерть 0.001 0.553 0.001
вирусолог 0.001 1.699 0.002
фуданьский 0.001 2.0 0.002
цзян 0.001 2.0 0.002
шибо 0.001 2.0 0.002
разговор 0.001 0.745 0.001
замечать 0.001 1.222 0.001
доступный 0.001 0.824 0.001
способный 0.001 0.854 0.001
обеспечить 0.001 1.097 0.001
предлагать 0.001 0.602 0.001
сосредоточиться 0.001 1.222 0.001
сразу 0.001 0.553 0.001
родственный 0.001 2.0 0.002
инвестировать 0.001 1.523 0.002
убеждаться 0.001 1.699 0.002
очередной 0.001 0.796 0.001
новость 0.001 0.357 0.0
действительно 0.001 0.377 0.0
нейтрализоваться 0.001 1.699 0.002
переболеть 0.001 0.745 0.001
вакцинированныхповлиять 0.001 1.699 0.002
ясно 0.001 0.886 0.001
казаться 0.001 0.409 0.0
раскрыть 0.001 1.222 0.001
причина 0.001 0.398 0.0
возникновение 0.001 0.921 0.001
тромбоз 0.002 1.155 0.002
прививокд 0.001 1.699 0.002
спутник 0.001 0.678 0.001
касаться 0.001 0.553 0.001
гораздо 0.001 0.699 0.001
выше 0.001 0.509 0.001
дать 0.001 0.066 0.0
делать 0.001 0.18 0.0
надёжный 0.001 0.824 0.001
выводович 0.001 1.523 0.002
отличаться 0.001 0.553 0.001
клеточный 0.001 1.0 0.001
понятный 0.001 0.959 0.001
24/7 0.001 0.102 0.0
интерес 0.001 0.155 0.0
читателейн 0.001 0.174 0.0
срочно 0.001 0.167 0.0
помочь 0.001 0.125 0.0
александр 0.001 0.456 0.0
дегтярёв 0.001 2.0 0.002
редакция 0.001 0.066 0.0
кодекс 0.001 0.066 0.0
блог 0.001 0.066 0.0
meduzacare 0.001 0.066 0.0
связаться 0.001 0.066 0.0
анонимно 0.001 0.066 0.0
платформа 0.001 0.066 0.0
ios 0.001 0.066 0.0
android 0.001 0.066 0.0
инстаграм 0.001 0.066 0.0
twitter 0.001 0.0 0.0
facebook 0.001 0.0 0.0
вконтакте 0.001 0.066 0.0
youtube 0.001 0.06 0.0
– 0.001 0.06 0.0
live 0.001 0.022 0.0
вечерний 0.001 0.066 0.0
вообще 0.001 0.066 0.0
реклама 0.001 0.066 0.0
требование 0.001 0.066 0.0
баннер 0.001 0.066 0.0
безопасно 0.001 0.066 0.0
персональный 0.001 0.066 0.0
обработка 0.001 0.066 0.0
использование 0.001 0.066 0.0
кук 0.001 0.066 0.0
наслать 0.001 0.066 0.0
ошибка 0.001 0.066 0.0
нажать 0.001 0.066 0.0
ctrl+enter 0.001 0.066 0.0
спасибоgiphyз 0.001 0.066 0.0
гифка 0.001 0.066 0.0
© 0.001 0.0 0.0
