перейти 0.001 0.066 0.0
материал 0.002 0.066 0.0
связь 0.001 0.0 0.0
новостиисторииразборшапитокоронавирусмагаз 0.001 0.066 0.0
медуза 0.007 0.066 0.0
рекламаmeduza 0.001 0.066 0.0
in 0.001 0.0 0.0
english 0.001 0.06 0.0
показывать 0.001 0.066 0.0
порядок 0.001 0.066 0.0
en 0.001 0.066 0.0
кнопка 0.001 0.066 0.0
поддержка 0.002 0.066 0.0
история 0.002 0.26 0.001
победить 0.001 1.0 0.001
минута 0.003 0.745 0.002
сомневаться 0.001 0.886 0.001
дожить 0.001 1.155 0.001
победа 0.001 1.046 0.001
харьков 0.010000000000000002 0.886 0.009
жёсткий 0.001 0.678 0.001
обстрел 0.007 0.678 0.005
день 0.01 0.167 0.002
многие 0.003 0.284 0.001
житель 0.002 0.456 0.001
собираться 0.001 0.602 0.001
бежать 0.001 0.796 0.001
март 0.006 0.284 0.002
источник 0.001 0.167 0.0
meduza 0.002 0.0 0.0
данный 0.001 0.097 0.0
сообщение 0.001 0.102 0.0
создать 0.001 0.097 0.0
распространить 0.001 0.102 0.0
иностранный 0.002 0.097 0.0
средство 0.003 0.097 0.0
массовый 0.002 0.097 0.0
информация 0.002 0.102 0.0
выполнять 0.001 0.097 0.0
функция 0.001 0.097 0.0
агент 0.001 0.097 0.0
российский 0.004 0.071 0.0
юридический 0.001 0.102 0.0
лицо 0.001 0.086 0.0
мы 0.005 0.066 0.0
нужный 0.003 0.086 0.0
ваш 0.001 0.081 0.0
помощь 0.004 0.071 0.0
пожалуйста 0.001 0.102 0.0
поддержать 0.002 0.066 0.0
жилой 0.003 0.886 0.003
дом 0.005 0.495 0.002
пострадать 0.004 0.796 0.003
взрыв 0.003 0.959 0.003
ракета 0.003 1.0 0.003
sergey 0.002 1.097 0.002
bobok 0.002 1.523 0.003
afp 0.002 0.854 0.002
scanpix 0.005 0.301 0.002
leta 0.005 0.301 0.002
войско 0.001 0.678 0.001
начать 0.001 0.276 0.0
первый 0.004 0.143 0.001
война 0.01 0.357 0.004
прекращать 0.001 1.301 0.001
сей 0.001 0.456 0.0
пора 0.001 0.357 0.0
город 0.011000000000000001 0.409 0.004
разрушить 0.004 0.77 0.003
квартал 0.001 0.959 0.001
исторический 0.002 0.921 0.002
центр 0.002 0.432 0.001
сложно 0.001 0.538 0.001
купить 0.001 0.796 0.001
еда 0.002 0.678 0.001
лекарство 0.004 0.569 0.002
мирный 0.001 0.699 0.001
погибнуть 0.002 0.824 0.002
момент 0.001 0.387 0.0
вторжение 0.001 0.569 0.001
покинуть 0.001 0.745 0.001
сотня 0.001 0.721 0.001
тысяча 0.001 0.31 0.0
человек 0.019000000000000003 0.092 0.002
поговорить 0.001 0.62 0.001
тот 0.004 0.131 0.001
всё-таки 0.001 0.553 0.001
остаться 0.002 0.432 0.001
происходить 0.002 0.301 0.001
почему 0.001 0.337 0.0
хотеть 0.008 0.102 0.001
покидать 0.001 1.046 0.001
анна 0.001 1.046 0.001
предприниматель 0.001 1.155 0.001
год 0.006 0.119 0.001
совершенно 0.001 0.678 0.001
уклад 0.001 2.0 0.002
жизнь 0.003 0.319 0.001
выходить 0.005 0.62 0.003
рюкзак 0.001 1.398 0.001
смена 0.001 1.046 0.001
одежда 0.001 0.921 0.001
какой-то 0.004 0.328 0.001
консервы 0.001 1.699 0.002
носить 0.001 0.796 0.001
себя 0.003 0.62 0.002
документ 0.001 0.678 0.001
жахнуть 0.001 2.0 0.002
быстро 0.001 0.495 0.0
понять 0.003 0.495 0.001
один 0.003 0.119 0.0
сторона 0.001 0.347 0.0
предполагать 0.001 0.699 0.001
это 0.01 0.066 0.001
возможно 0.001 0.398 0.0
около 0.001 0.432 0.0
шесть 0.001 0.745 0.001
утро 0.001 1.046 0.001
февраль 0.002 0.337 0.001
позвонить 0.003 1.155 0.003
друг 0.006 0.387 0.002
сказать 0.001 0.31 0.0
вставать 0.001 1.155 0.001
начаться 0.002 0.367 0.001
говорить 0.004 0.18 0.001
именно 0.001 0.244 0.0
трястись 0.002 1.699 0.003
рука 0.001 0.62 0.001
нога 0.001 0.959 0.001
мелкий 0.001 1.222 0.001
дрожь 0.001 2.0 0.002
слышать 0.002 0.745 0.001
бабах-бабах 0.001 2.0 0.002
ты 0.002 1.0 0.002
казаться 0.002 0.409 0.001
следующий 0.001 0.553 0.001
бабах 0.001 2.0 0.002
просто 0.003 0.194 0.001
волонтёр 0.004 0.959 0.004
очень 0.01 0.149 0.001
больший 0.001 0.328 0.0
нагрузка 0.001 0.959 0.001
событие 0.001 0.509 0.001
донбасс 0.001 0.959 0.001
слабый 0.001 1.097 0.001
армия 0.002 0.721 0.001
стать 0.003 0.149 0.0
сдаваться 0.001 1.699 0.002
суть 0.001 0.959 0.001
содержать 0.001 0.745 0.001
покупаться 0.001 2.0 0.002
трус 0.001 1.699 0.002
носка 0.001 2.0 0.002
зубной 0.001 1.699 0.002
щётка 0.001 1.699 0.002
бизнес 0.001 0.824 0.001
волонтерить 0.002 2.0 0.004
пытаться 0.001 0.409 0.0
встроиться 0.001 2.0 0.002
звонить 0.003 0.886 0.003
писать 0.003 0.347 0.001
весь 0.003 0.114 0.0
знакомый 0.003 0.854 0.003
что-то 0.004 0.509 0.002
занятый 0.001 1.097 0.001
невозможно 0.001 0.602 0.001
куча 0.001 1.155 0.001
анкета 0.002 2.0 0.004
заполнить 0.002 1.699 0.003
пять 0.001 0.432 0.0
спросить 0.001 1.222 0.001
подключиться 0.001 1.523 0.002
работа 0.002 0.357 0.001
горячий 0.003 1.155 0.003
линия 0.002 1.0 0.002
министерство 0.003 1.046 0.003
здравоохранение 0.002 0.658 0.001
разбирать 0.001 0.854 0.001
заявка 0.002 1.155 0.002
перезванивать 0.001 2.0 0.002
актуализировать 0.001 2.0 0.002
давать 0.001 0.31 0.0
бросать 0.002 1.523 0.003
список 0.001 0.569 0.001
который 0.007 0.071 0.0
попросить 0.003 0.699 0.002
получение 0.001 1.097 0.001
знать 0.005 0.244 0.001
три 0.001 0.569 0.001
оказаться 0.002 0.31 0.001
отрезать 0.001 1.398 0.001
аптека 0.003 1.0 0.003
врач 0.002 0.509 0.001
часть 0.001 0.377 0.0
получать 0.001 0.569 0.001
бесплатный 0.001 1.222 0.001
инсулинозависить 0.001 2.0 0.002
вич-инфицированный 0.001 2.0 0.002
покупать 0.001 0.824 0.001
раз 0.003 0.569 0.002
маленький 0.005 0.328 0.002
стоять 0.001 1.0 0.001
час 0.005 0.538 0.003
узнать 0.001 0.481 0.0
нужно 0.003 0.237 0.001
район 0.008 0.678 0.005
работать 0.005 0.102 0.001
магазин 0.005 0.796 0.004
некоторый 0.002 0.222 0.0
бояться 0.002 0.699 0.001
улица 0.002 0.699 0.001
набрать 0.003 1.046 0.003
команда 0.002 1.222 0.002
минимум 0.001 0.77 0.001
искать 0.001 0.678 0.001
какой 0.001 0.357 0.0
деньга 0.001 0.602 0.001
закупать 0.001 1.301 0.001
готовый 0.002 0.509 0.001
финансировать 0.001 1.398 0.001
каждый 0.001 0.244 0.0
конкретный 0.001 0.658 0.001
подавать 0.001 1.301 0.001
письмо 0.001 0.854 0.001
короче 0.001 1.699 0.002
долго 0.001 0.745 0.001
государство 0.002 0.569 0.001
неповоротливый 0.001 2.0 0.002
машина 0.002 0.921 0.002
такой 0.005 0.114 0.001
ситуация 0.002 0.337 0.001
быстрый 0.002 0.699 0.001
никак 0.001 0.886 0.001
дать 0.003 0.066 0.0
телефон 0.002 0.745 0.001
начальник 0.001 1.222 0.001
государственный 0.001 0.523 0.001
служба 0.001 0.678 0.001
лекарственный 0.001 1.097 0.001
думать 0.003 0.456 0.001
помочь 0.003 0.125 0.0
закупка 0.001 1.301 0.001
санитарный 0.001 1.398 0.001
метрополитен 0.001 2.0 0.002
постоянно 0.002 0.62 0.001
обеззараживать 0.001 2.0 0.002
вода 0.004 0.638 0.003
контакт 0.001 0.886 0.001
фирма 0.001 1.523 0.002
продавать 0.001 0.921 0.001
себестоимость 0.001 1.699 0.002
оплатить 0.001 1.222 0.001
понимать 0.002 0.42 0.001
вообще 0.002 0.066 0.0
метро 0.001 1.222 0.001
психологически 0.001 2.0 0.002
выдерживать 0.001 1.523 0.002
страшно 0.002 1.097 0.002
честно 0.001 1.0 0.001
стараться 0.002 0.854 0.002
далёкий 0.001 0.481 0.0
свой 0.006 0.143 0.001
двигаться 0.001 0.921 0.001
прийтись 0.001 0.602 0.001
по-видимому 0.001 0.959 0.001
столица 0.001 0.854 0.001
украина 0.007 0.347 0.002
идти 0.003 0.222 0.001
неделя 0.003 0.328 0.001
навсегда 0.001 0.854 0.001
изменить 0.001 0.538 0.001
киев 0.001 0.699 0.001
киевлянин 0.001 1.0 0.001
прямо 0.001 0.357 0.0
готовиться 0.001 0.959 0.001
осада 0.001 0.854 0.001
репортаж 0.002 0.678 0.001
спецкор 0.001 0.921 0.001
лилия 0.001 1.046 0.001
яппаровой 0.001 1.046 0.001
назад 0.004 0.18 0.001
сильно 0.002 0.509 0.001
страдать 0.001 1.222 0.001
старик 0.003 1.398 0.004
уезжать 0.002 1.046 0.002
начинать 0.001 0.569 0.001
мой 0.004 0.585 0.002
мама 0.002 0.854 0.002
закончиться 0.002 0.62 0.001
найти 0.001 0.456 0.0
ранний 0.001 0.409 0.0
помогать 0.005 0.444 0.002
сосед 0.002 1.155 0.002
повыезжать 0.001 2.0 0.002
часто 0.002 0.456 0.001
подъезд 0.002 1.523 0.003
никто 0.002 0.432 0.001
кроме 0.002 0.387 0.001
бабушка 0.003 1.0 0.003
вчера 0.002 1.222 0.002
лежать 0.001 0.824 0.001
квартира 0.005 1.0 0.005
простить 0.001 1.699 0.002
абсолютно 0.001 0.721 0.001
ум 0.001 1.301 0.001
заканчиваться 0.001 1.301 0.001
сила 0.002 0.456 0.001
просьба 0.001 0.886 0.001
родственница 0.001 1.699 0.002
проверить 0.001 0.886 0.001
прийти 0.001 0.658 0.001
открыть 0.001 0.538 0.001
дверь 0.001 0.921 0.001
посмотреть 0.002 0.523 0.001
пока 0.003 0.208 0.001
кто 0.003 0.377 0.001
жаловаться 0.001 0.921 0.001
передовой 0.001 2.0 0.002
коммунальщик 0.001 2.0 0.002
претензия 0.001 1.097 0.001
старый 0.002 0.658 0.001
водопровод 0.001 2.0 0.002
коммуникация 0.001 1.155 0.001
чинить 0.001 2.0 0.002
пожарный 0.001 1.398 0.001
тушить 0.001 1.398 0.001
пожар 0.002 1.155 0.002
мочь 0.003 0.102 0.0
вопрос 0.001 0.276 0.0
огонь 0.001 1.046 0.001
возле 0.001 1.097 0.001
ракетный 0.001 1.222 0.001
pavel 0.001 1.699 0.002
dorogoy 0.001 2.0 0.002
ap 0.001 0.854 0.001
кафе 0.001 1.097 0.001
andrew 0.001 1.699 0.002
marienko 0.001 2.0 0.002
полицейский 0.001 1.046 0.001
член 0.001 0.745 0.001
территориальный 0.001 1.046 0.001
оборона 0.001 0.959 0.001
собирать 0.002 0.699 0.001
товар 0.001 1.097 0.001
повредить 0.003 1.301 0.004
vasiliy 0.001 2.0 0.002
zhlobsky 0.001 2.0 0.002
epa 0.001 0.959 0.001
сам 0.003 0.137 0.0
никуда 0.001 1.097 0.001
выезжать 0.002 1.222 0.002
несколько 0.001 0.187 0.0
выехать 0.002 1.222 0.002
наш 0.004 0.337 0.001
сын 0.002 0.921 0.002
девушка 0.001 0.959 0.001
забрать 0.001 1.046 0.001
аэропорт 0.001 1.222 0.001
решить 0.001 0.398 0.0
опасно 0.001 0.921 0.001
вместе 0.002 0.602 0.001
держаться 0.001 0.886 0.001
намного 0.001 0.959 0.001
простой 0.002 0.538 0.001
трехкомнатный 0.001 2.0 0.002
хватать 0.001 0.886 0.001
место 0.001 0.409 0.0
дружный 0.001 2.0 0.002
поддерживать 0.001 0.569 0.001
два 0.002 0.26 0.001
второй 0.002 0.357 0.001
нуждаться 0.002 1.301 0.003
ремонт 0.002 1.398 0.003
несложный 0.001 2.0 0.002
механика 0.001 1.699 0.002
ремонтировать 0.003 2.0 0.006
разбомбить 0.001 1.398 0.001
мастерская 0.001 1.699 0.002
сожаление 0.001 0.553 0.001
четыре 0.002 0.509 0.001
кошка 0.001 1.398 0.001
пятеро 0.001 1.523 0.002
переночевать 0.001 1.523 0.002
львов 0.001 1.301 0.001
дорога 0.001 0.959 0.001
четверо 0.001 1.398 0.001
сутки 0.001 0.824 0.001
блокпост 0.001 1.398 0.001
пробка 0.001 1.398 0.001
постель 0.001 2.0 0.002
интернет 0.001 0.921 0.001
комфорт 0.001 1.699 0.002
душа 0.001 1.398 0.001
сегодняшний 0.001 1.155 0.001
россиянин 0.001 0.444 0.0
попасть 0.002 0.409 0.001
серьёзный 0.001 0.553 0.001
авария 0.001 1.222 0.001
семь 0.001 0.721 0.001
девять 0.001 1.155 0.001
вечер 0.001 1.301 0.001
подвал 0.003 1.0 0.003
хотя 0.001 0.276 0.0
самый 0.002 0.208 0.0
плохой 0.001 0.509 0.001
начало 0.001 0.26 0.0
спускаться 0.003 2.0 0.006
перестать 0.001 0.678 0.001
коридор 0.001 0.959 0.001
отсиживаться 0.001 2.0 0.002
ночь 0.001 0.854 0.001
ночевать 0.001 1.523 0.002
самолёт 0.001 1.097 0.001
сбить 0.002 1.523 0.003
настолько 0.001 0.886 0.001
шумно 0.001 1.699 0.002
уснуть 0.001 1.699 0.002
ребята 0.001 1.046 0.001
объяснить 0.001 0.602 0.001
авиаудар 0.001 1.046 0.001
подвал… 0.001 2.0 0.002
повезти 0.001 0.854 0.001
обстреливать 0.001 1.0 0.001
свет 0.003 1.097 0.003
газ 0.001 1.097 0.001
отопление 0.003 1.301 0.004
сидеть 0.001 0.77 0.001
например 0.002 0.229 0.0
близкий 0.001 0.347 0.0
ходьба 0.001 1.699 0.002
кто-то 0.004 0.523 0.002
дойти 0.001 1.301 0.001
наступление 0.001 1.097 0.001
возможность 0.001 0.444 0.0
надежда 0.001 0.77 0.001
большой 0.001 0.347 0.0
обложить 0.001 2.0 0.002
должный 0.001 0.201 0.0
партизанить 0.001 2.0 0.002
мародёрство 0.001 1.699 0.002
видеть 0.003 0.444 0.001
гораздо 0.001 0.699 0.001
взаимовыручка 0.001 2.0 0.002
везти 0.001 1.222 0.001
круг 0.001 1.523 0.002
общение 0.002 1.155 0.002
делиться 0.001 1.046 0.001
соседский 0.001 2.0 0.002
чат 0.001 1.097 0.001
появиться 0.001 0.367 0.0
поехать 0.001 1.398 0.001
полчаса 0.001 1.301 0.001
бутылка 0.002 1.699 0.003
вниз 0.001 1.699 0.002
праздник 0.001 1.301 0.001
мужик 0.001 1.699 0.002
нажарить 0.001 2.0 0.002
мясо 0.002 1.398 0.003
прогуляться 0.001 2.0 0.002
комендантский 0.002 1.301 0.003
десять 0.001 0.585 0.001
дым 0.001 1.301 0.001
коромысло 0.001 2.0 0.002
народ 0.001 0.745 0.001
наливать 0.001 2.0 0.002
водочка 0.001 2.0 0.002
есть 0.001 1.046 0.001
путин 0.001 0.523 0.001
сплотить 0.001 1.699 0.002
семья 0.001 0.796 0.001
столько 0.001 0.921 0.001
общаться 0.002 0.959 0.002
познакомить 0.001 2.0 0.002
научить 0.002 2.0 0.004
заниматься 0.001 0.62 0.001
фитнес 0.001 2.0 0.002
лифт 0.001 1.699 0.002
отключить 0.001 1.097 0.001
16-й 0.001 1.699 0.002
этаж 0.002 1.398 0.003
тяжёлый 0.001 0.377 0.0
медицина 0.002 1.046 0.002
время 0.003 0.086 0.0
ковид 0.001 0.387 0.0
ерунда 0.001 1.699 0.002
сравнение 0.001 0.602 0.001
мастер 0.002 1.699 0.003
маникюр 0.002 1.699 0.003
к 0.001 0.745 0.001
домой 0.001 0.824 0.001
приходить 0.001 0.824 0.001
клиент 0.001 1.097 0.001
снимать 0.001 0.824 0.001
покрытие 0.001 2.0 0.002
замереть 0.001 2.0 0.002
продуктовый 0.001 1.398 0.001
другой 0.002 0.097 0.0
шататься 0.001 2.0 0.002
поиск 0.001 1.222 0.001
пройтись 0.001 2.0 0.002
дело 0.001 0.252 0.0
яйцо 0.001 1.398 0.001
немного 0.001 0.77 0.001
хлеб 0.001 1.301 0.001
долгоиграющий 0.001 2.0 0.002
продукт 0.004 0.678 0.003
запасти 0.001 2.0 0.002
супермаркет 0.001 1.699 0.002
крупа 0.001 1.699 0.002
макароны 0.001 1.699 0.002
мука 0.001 2.0 0.002
практически 0.001 0.602 0.001
молочка 0.001 2.0 0.002
огромный 0.002 0.721 0.001
очередь 0.002 0.538 0.001
гуманитарный 0.003 0.921 0.003
предпочитать 0.001 1.699 0.002
приобретать 0.001 1.523 0.002
финансы 0.001 1.398 0.001
целое 0.001 0.585 0.001
пара 0.002 0.658 0.001
двор 0.001 1.398 0.001
привозить 0.002 1.523 0.003
бесплатно 0.001 1.398 0.001
раздавать 0.001 1.301 0.001
курица 0.001 1.699 0.002
среди 0.001 0.42 0.0
живой 0.001 0.553 0.001
получить 0.001 0.328 0.0
ранение 0.001 1.097 0.001
эвакуироваться 0.001 1.155 0.001
уехать 0.003 0.824 0.002
находиться 0.005 0.367 0.002
муж 0.003 1.155 0.003
родный 0.002 1.0 0.002
лежачий 0.001 2.0 0.002
дедушка 0.001 1.523 0.002
животное 0.002 0.854 0.002
площадь 0.001 1.046 0.001
частично 0.001 1.301 0.001
зоопарк 0.001 2.0 0.002
парк 0.001 1.699 0.002
горький 0.001 1.398 0.001
здание 0.002 0.854 0.002
целый 0.001 0.658 0.001
сильный 0.001 0.553 0.001
прятаться 0.003 1.0 0.003
постоянный 0.001 1.046 0.001
ежедневно 0.001 1.155 0.001
последний 0.002 0.284 0.001
воздушный 0.001 1.301 0.001
тревога 0.001 1.097 0.001
срабатывать 0.001 1.523 0.002
стабильно 0.001 1.699 0.002
далеко 0.001 0.745 0.001
равно 0.001 0.638 0.001
летать 0.001 1.301 0.001
истребитель 0.001 2.0 0.002
громко 0.001 1.699 0.002
бахать 0.001 1.699 0.002
рынок 0.002 0.699 0.001
барабашово 0.001 2.0 0.002
крупный 0.001 0.523 0.001
восточный 0.001 1.046 0.001
европа 0.002 0.495 0.001
vitalii 0.001 2.0 0.002
hnidyi 0.001 2.0 0.002
reuters 0.001 0.745 0.001
diego 0.001 2.0 0.002
herrera 0.001 2.0 0.002
xinhua 0.001 1.398 0.001
sipa 0.001 2.0 0.002
воздух 0.001 0.886 0.001
град 0.001 1.523 0.002
устать 0.001 1.222 0.001
привычный 0.001 1.523 0.002
рухнуть 0.001 1.222 0.001
хотеться 0.001 0.77 0.001
спать 0.003 1.097 0.003
ночью 0.001 1.301 0.001
сбрасывать 0.001 1.301 0.001
бомба 0.001 1.046 0.001
урывками 0.001 2.0 0.002
бомбоубежище 0.002 1.046 0.002
настроение 0.001 1.097 0.001
колебаться 0.001 1.523 0.002
утренний 0.001 2.0 0.002
ура 0.001 1.097 0.001
выжить 0.001 1.0 0.001
продержаться 0.001 1.523 0.002
вечерний 0.002 0.066 0.0
сколько 0.001 0.585 0.001
бомбить 0.002 0.824 0.002
режим 0.001 0.658 0.001
светомаскировка 0.001 2.0 0.002
тёмный 0.001 1.523 0.002
включать 0.001 0.959 0.001
следить 0.001 0.796 0.001
забывать 0.001 1.0 0.001
подозрительный 0.001 1.699 0.002
проникать 0.001 1.155 0.001
диверсионный 0.001 2.0 0.002
группа 0.001 0.387 0.0
ловить 0.001 1.699 0.002
бывать 0.001 0.77 0.001
слышный 0.001 1.046 0.001
автоматный 0.001 1.699 0.002
пистолетный 0.001 2.0 0.002
выстрел 0.001 1.301 0.001
друг-мужчина 0.001 2.0 0.002
тероборона 0.002 1.523 0.003
вступить 0.001 1.155 0.001
русский 0.001 0.62 0.001
солдат 0.001 0.886 0.001
расстреливать 0.001 1.523 0.002
местный 0.001 0.602 0.001
районный 0.001 1.398 0.001
разгружать 0.001 2.0 0.002
гуманитарка 0.001 1.699 0.002
зрение 0.001 0.585 0.001
мобилизовывать 0.001 2.0 0.002
быть 0.002 0.215 0.0
воевать 0.001 0.886 0.001
продолжать 0.001 0.292 0.0
жилищный 0.001 2.0 0.002
комплекс 0.001 1.046 0.001
устранять 0.001 1.699 0.002
теча 0.001 2.0 0.002
труба 0.001 2.0 0.002
подстанция 0.001 2.0 0.002
повреждать 0.001 2.0 0.002
максимум 0.001 1.301 0.001
отремонтировать 0.001 2.0 0.002
вестись 0.001 1.097 0.001
боевой 0.001 0.77 0.001
действие 0.001 0.409 0.0
вернуть 0.001 1.398 0.001
конец 0.001 0.444 0.0
харьковский 0.001 1.523 0.002
тепловой 0.001 2.0 0.002
сеть 0.001 0.824 0.001
объявить 0.001 0.553 0.001
водоснабжение 0.001 2.0 0.002
прекратить 0.002 0.824 0.002
иметься 0.001 0.77 0.001
ресурс 0.001 0.796 0.001
направить 0.001 0.959 0.001
сохранение 0.001 1.398 0.001
тепло 0.001 1.301 0.001
прим 0.002 1.301 0.003
многий 0.001 0.495 0.0
перебить 0.002 2.0 0.004
из-за 0.002 0.229 0.0
теплосеть 0.001 2.0 0.002
батарея 0.001 1.523 0.002
еле 0.001 2.0 0.002
тёплый 0.001 1.222 0.001
холодный 0.001 1.301 0.001
где-то 0.001 0.721 0.001
трубопровод 0.001 2.0 0.002
успеть 0.001 0.678 0.001
ведро 0.001 1.699 0.002
отключение 0.001 1.301 0.001
елена 0.001 1.0 0.001
учитель 0.001 1.222 0.001
начальный 0.001 1.699 0.002
класс 0.001 1.097 0.001
школа 0.003 0.699 0.002
ребёнок 0.004 0.387 0.002
нарушение 0.001 0.886 0.001
развитие 0.001 0.638 0.001
застать 0.001 2.0 0.002
донецк 0.002 1.301 0.003
случиться 0.001 0.509 0.001
вынудить 0.002 0.886 0.002
произойти 0.001 0.638 0.001
проснуться 0.001 1.097 0.001
утром 0.001 1.046 0.001
сперва 0.001 1.523 0.002
поверить 0.001 1.046 0.001
ухо 0.001 1.523 0.002
написать 0.003 0.62 0.002
подруга 0.001 1.222 0.001
показаться 0.001 1.398 0.001
правда 0.001 0.456 0.0
речь 0.001 0.398 0.0
жить 0.004 0.481 0.002
окраина 0.001 1.097 0.001
окно 0.001 0.886 0.001
полностью 0.001 0.538 0.001
видно 0.001 0.921 0.001
роганский 0.001 2.0 0.002
жилмассив 0.001 2.0 0.002
проходить 0.001 0.495 0.0
страшный 0.001 0.959 0.001
результат 0.001 0.367 0.0
пострадалимногоквартирный 0.001 2.0 0.002
частный 0.001 0.824 0.001
сообщаться 0.001 1.097 0.001
раненый 0.001 1.398 0.001
рядом 0.001 0.854 0.001
число 0.001 0.201 0.0
видимо 0.001 0.824 0.001
расположить 0.001 1.097 0.001
восьмой 0.001 1.523 0.002
сверкание 0.001 2.0 0.002
убежище 0.003 1.0 0.003
условие 0.001 0.495 0.0
слава 0.001 1.301 0.001
бог 0.001 1.097 0.001
вполне 0.001 0.699 0.001
располагать 0.001 1.699 0.002
туалет 0.001 1.523 0.002
случай 0.001 0.194 0.0
пол 0.001 1.155 0.001
матрас 0.001 1.523 0.002
помещение 0.001 0.854 0.001
сырой 0.001 1.523 0.002
нормально 0.001 1.097 0.001
поуезжать 0.001 2.0 0.002
граница 0.001 0.658 0.001
разъехаться 0.001 2.0 0.002
родитель 0.002 0.854 0.002
девочка 0.001 1.222 0.001
мальчик 0.001 1.222 0.001
дети-подросток 0.001 2.0 0.002
собака 0.002 1.301 0.003
занимать 0.001 1.0 0.001
понятно 0.001 0.699 0.001
раскраска 0.001 2.0 0.002
мультик 0.001 1.523 0.002
как-то 0.001 0.699 0.001
подавить 0.001 1.222 0.001
проявлять 0.001 1.398 0.001
эмоция 0.001 1.155 0.001
настроить 0.002 1.0 0.002
позитивный 0.001 1.301 0.001
украинский 0.001 0.538 0.001
беженец 0.002 1.155 0.002
украинец 0.001 0.796 0.001
страна 0.001 0.155 0.0
брать 0.001 0.77 0.001
фотография 0.001 0.553 0.001
спасаться 0.001 1.398 0.001
питомец 0.001 1.699 0.002
страх 0.001 0.796 0.001
забор 0.001 1.699 0.002
начинаться 0.001 0.886 0.001
бомбёжка 0.001 1.155 0.001
куда-то 0.001 1.222 0.001
прилетать 0.001 1.699 0.002
делать 0.001 0.18 0.0
возможный 0.001 0.523 0.001
смочь 0.001 0.328 0.0
чувствовать 0.001 0.678 0.001
комфортно 0.001 1.699 0.002
развал 0.001 1.523 0.002
разбираться 0.001 1.046 0.001
приезжать 0.002 0.921 0.002
перевалочный 0.001 2.0 0.002
пункт 0.001 0.721 0.001
сортировать 0.001 2.0 0.002
питание 0.001 1.222 0.001
медикамент 0.001 1.222 0.001
развозить 0.002 1.699 0.003
больница 0.001 0.495 0.0
либо 0.001 0.569 0.001
военный 0.001 0.444 0.0
готовить 0.001 0.959 0.001
водитель 0.001 1.398 0.001
департамент 0.001 1.097 0.001
образование 0.001 0.886 0.001
сотрудник 0.001 0.658 0.001
достаточно 0.001 0.444 0.0
передать 0.001 0.959 0.001
предприятие 0.001 0.959 0.001
фабрика 0.001 1.523 0.002
приготовление 0.001 2.0 0.002
мясокомбинат 0.001 2.0 0.002
птицефабрика 0.001 2.0 0.002
пророссийски 0.001 2.0 0.002
кушать 0.001 1.699 0.002
поставлять 0.001 1.155 0.001
неадекватно 0.001 2.0 0.002
лично 0.001 0.959 0.001
считать 0.001 0.319 0.0
одноклассник 0.001 1.398 0.001
родственник 0.001 0.745 0.001
крым 0.002 0.854 0.002
сестра 0.001 1.046 0.001
отец 0.001 1.0 0.001
спасать 0.002 1.046 0.002
земля 0.001 0.796 0.001
уйти 0.001 0.77 0.001
отсюда 0.001 1.097 0.001
политься 0.001 2.0 0.002
шквал 0.001 2.0 0.002
негатив 0.001 1.699 0.002
советский 0.001 0.959 0.001
союз 0.001 0.886 0.001
по-другому 0.001 1.155 0.001
нацист 0.002 1.222 0.002
плясать 0.001 2.0 0.002
бандрать 0.001 2.0 0.002
взять 0.001 0.553 0.001
танк 0.001 0.854 0.001
приехать 0.001 0.854 0.001
поздороваться 0.001 2.0 0.002
поэтому 0.001 0.328 0.0
прерваться 0.001 1.523 0.002
они 0.001 0.538 0.001
смысл 0.001 0.481 0.0
папа 0.001 1.155 0.001
служить 0.001 1.301 0.001
жена 0.002 1.046 0.002
отправить 0.001 0.959 0.001
„ 0.001 0.62 0.001
“ 0.001 0.432 0.0
ответить 0.001 0.495 0.0
спасти 0.001 0.854 0.001
оккупировать 0.001 1.097 0.001
россия 0.001 0.108 0.0
территория 0.001 0.62 0.001
пропаганда 0.001 0.745 0.001
рассказывать 0.001 0.337 0.0
новый 0.001 0.187 0.0
власть 0.001 0.31 0.0
выглядеть 0.001 0.495 0.0
сомнительно 0.001 1.523 0.002
силовик 0.001 1.398 0.001
похищать 0.001 1.398 0.001
двадцать 0.001 0.959 0.001
отдать 0.001 0.959 0.001
привести 0.001 0.456 0.0
миграционный 0.001 1.155 0.001
катастрофа 0.001 0.886 0.001
1940-й 0.001 1.097 0.001
кристина 0.001 1.097 0.001
сафонов 0.001 1.155 0.001
польша 0.001 0.854 0.001
полный 0.001 0.377 0.0
боль 0.001 0.699 0.001
любовь 0.001 1.0 0.001
войнадвадцать 0.001 1.398 0.001
третий 0.001 0.553 0.001
онлайн 0.001 0.959 0.001
24/7 0.001 0.102 0.0
интерес 0.001 0.155 0.0
читателейн 0.001 0.174 0.0
срочно 0.001 0.167 0.0
андрей 0.001 1.046 0.001
каганский 0.001 2.0 0.002
редакция 0.001 0.066 0.0
кодекс 0.001 0.066 0.0
блог 0.001 0.066 0.0
meduzacare 0.001 0.066 0.0
связаться 0.001 0.066 0.0
анонимно 0.001 0.066 0.0
платформа 0.001 0.066 0.0
ios 0.001 0.066 0.0
android 0.001 0.066 0.0
инстаграм 0.001 0.066 0.0
twitter 0.001 0.0 0.0
facebook 0.001 0.0 0.0
вконтакте 0.001 0.066 0.0
youtube 0.001 0.06 0.0
– 0.001 0.06 0.0
live 0.001 0.022 0.0
реклама 0.001 0.066 0.0
требование 0.001 0.066 0.0
баннер 0.001 0.066 0.0
безопасно 0.001 0.066 0.0
персональный 0.001 0.066 0.0
правило 0.001 0.066 0.0
обработка 0.001 0.066 0.0
использование 0.001 0.066 0.0
кук 0.001 0.066 0.0
наслать 0.001 0.066 0.0
ошибка 0.001 0.066 0.0
выделить 0.001 0.066 0.0
нажать 0.001 0.066 0.0
ctrl+enter 0.001 0.066 0.0
спасибоgiphyз 0.001 0.066 0.0
гифка 0.001 0.066 0.0
© 0.001 0.0 0.0
