перейти 0.001 0.066 0.0
материал 0.002 0.066 0.0
связь 0.002 0.0 0.0
новостиисторииразборшапитокоронавирусмагаз 0.001 0.066 0.0
медуза 0.007 0.066 0.0
рекламаmeduza 0.001 0.066 0.0
in 0.001 0.0 0.0
english 0.001 0.06 0.0
показывать 0.001 0.066 0.0
порядок 0.001 0.066 0.0
en 0.001 0.066 0.0
кнопка 0.001 0.066 0.0
поддержка 0.002 0.066 0.0
разбор 0.001 0.387 0.0
рассказывать 0.001 0.337 0.0
впечатляющий 0.001 1.155 0.001
короткий 0.001 0.921 0.001
история 0.003 0.26 0.001
вариант 0.020000000000000004 0.481 0.01
дельтакрон 0.017 1.398 0.024
сочетать 0.001 1.398 0.001
мутация 0.009000000000000001 1.097 0.01
омикрон 0.007 0.921 0.006
дельта 0.010000000000000002 0.854 0.009
похоже 0.001 0.886 0.001
обнаружение 0.003 1.155 0.003
лабораторный 0.004 0.959 0.004
ошибка 0.006 0.066 0.0
январь 0.003 0.824 0.002
источник 0.002 0.167 0.0
meduza 0.003 0.0 0.0
данный 0.001 0.097 0.0
сообщение 0.003 0.102 0.0
создать 0.001 0.097 0.0
распространить 0.001 0.102 0.0
иностранный 0.003 0.097 0.0
средство 0.001 0.097 0.0
массовый 0.001 0.097 0.0
информация 0.002 0.102 0.0
выполнять 0.002 0.097 0.0
функция 0.002 0.097 0.0
агент 0.002 0.097 0.0
российский 0.001 0.071 0.0
юридический 0.001 0.102 0.0
лицо 0.001 0.086 0.0
мы 0.002 0.066 0.0
нужный 0.003 0.086 0.0
ваш 0.002 0.081 0.0
помощь 0.001 0.071 0.0
пожалуйста 0.001 0.102 0.0
поддержать 0.002 0.066 0.0
тестирование 0.001 1.398 0.001
коронавирус 0.008 0.387 0.003
временной 0.001 1.046 0.001
помещение 0.001 0.854 0.001
возле 0.001 1.097 0.001
аптека 0.001 1.0 0.001
лакатамия 0.001 2.0 0.002
пригород 0.001 1.046 0.001
никосия 0.001 2.0 0.002
кипр 0.006 1.523 0.009
декабрь 0.001 0.745 0.001
год 0.001 0.119 0.0
petros 0.001 2.0 0.002
karadjias 0.001 2.0 0.002
ap 0.001 0.854 0.001
scanpix 0.001 0.301 0.0
leta 0.001 0.301 0.0
откуда 0.001 1.046 0.001
взяться 0.001 1.699 0.002
издание 0.001 0.481 0.0
cyprus 0.002 1.699 0.003
times 0.002 0.699 0.001
выйти 0.001 0.456 0.0
заметка 0.001 1.301 0.001
который 0.015000000000000001 0.071 0.001
профессор 0.002 1.222 0.002
университет 0.002 0.721 0.001
леонтиос 0.003 2.0 0.006
кострикиснуть 0.005 2.0 0.01
рассказать 0.002 0.469 0.001
геном 0.014000000000000002 1.097 0.015
sars-cov-2 0.005 0.824 0.004
содержать 0.001 0.745 0.001
характерный 0.003 1.222 0.004
семь 0.001 0.721 0.001
обнаружить 0.003 0.658 0.002
s-белка 0.001 1.523 0.002
дать 0.004 0.066 0.0
повод 0.003 0.553 0.002
говорить 0.005 0.18 0.001
новый 0.009000000000000001 0.187 0.002
также 0.004 0.237 0.001
повышенный 0.001 0.77 0.001
частота 0.002 0.959 0.002
такой 0.006 0.114 0.001
среди 0.003 0.42 0.001
пациент 0.003 0.678 0.002
потребоваться 0.001 0.921 0.001
госпитализация 0.003 0.77 0.002
статистический 0.001 1.097 0.001
анализ 0.005 0.721 0.004
результат 0.007 0.367 0.003
молекулярно-эпидемиологический 0.001 2.0 0.002
показать 0.003 0.432 0.001
относительный 0.001 1.155 0.001
инфицирование 0.001 1.699 0.002
штамм 0.006 0.796 0.005
выше 0.002 0.509 0.001
госпитализировать 0.001 0.959 0.001
симптом 0.003 0.824 0.002
заболевание 0.002 0.481 0.001
covid-19 0.002 0.77 0.002
сравнение 0.002 0.602 0.001
требоваться 0.001 0.854 0.001
частность 0.001 0.678 0.001
использование 0.006 0.066 0.0
тест 0.001 0.77 0.001
независимость 0.001 1.398 0.001
хи-квадрат 0.001 2.0 0.002
появление 0.005 0.699 0.003
тяжёлый 0.001 0.377 0.0
болезнь 0.001 0.553 0.001
требовать 0.002 0.658 0.001
случайный 0.002 1.097 0.002
статистически 0.001 1.301 0.001
высоко 0.001 1.523 0.002
значимый 0.001 1.097 0.001
p 0.001 1.699 0.002
0,001 0.001 2.0 0.002
несколько 0.003 0.187 0.001
день 0.002 0.167 0.0
разлететься 0.001 1.398 0.001
мировой 0.001 0.721 0.001
сми 0.001 0.602 0.001
тасс 0.001 0.699 0.001
гибрид 0.002 1.699 0.003
газета.р 0.001 2.0 0.002
известно 0.002 0.481 0.001
найти 0.002 0.456 0.001
царьград 0.001 2.0 0.002
гибридный 0.001 2.0 0.002
вести.р 0.001 2.0 0.002
цнииэ 0.001 2.0 0.002
озвучить 0.001 1.301 0.001
версия 0.001 0.77 0.001
слово 0.002 0.268 0.001
кострикис 0.005 2.0 0.01
отреагировать 0.001 1.155 0.001
другой 0.005 0.097 0.0
учёный 0.002 0.569 0.001
довольно 0.005 0.523 0.003
известный 0.001 0.569 0.001
свой 0.002 0.143 0.0
область 0.001 0.523 0.001
вирусолог 0.001 1.699 0.002
специалист 0.001 0.796 0.001
вич 0.001 1.699 0.002
публиковаться 0.001 1.398 0.001
число 0.001 0.201 0.0
the 0.001 0.481 0.0
lancet 0.001 1.301 0.001
hiv 0.001 2.0 0.002
иметь 0.003 0.337 0.001
индекс 0.001 1.523 0.002
научный 0.001 0.658 0.001
активность 0.001 1.155 0.001
хирша 0.001 2.0 0.002
однако 0.002 0.337 0.001
один 0.003 0.119 0.0
лаборатория 0.001 0.959 0.001
метод 0.003 0.678 0.002
это 0.014 0.066 0.001
сам 0.004 0.137 0.001
крайний 0.001 0.602 0.001
осторожность 0.001 1.523 0.002
разговор 0.001 0.745 0.001
указывать 0.004 0.796 0.003
многие 0.001 0.284 0.0
эксперт 0.002 0.745 0.001
дело 0.002 0.252 0.001
образец 0.007 1.398 0.01
объяснить 0.002 0.602 0.001
простой 0.001 0.538 0.001
загрязнение 0.004 1.699 0.007
сочетание 0.004 1.097 0.004
недостаток 0.001 1.0 0.001
технология 0.001 1.0 0.001
детекции 0.002 2.0 0.004
пцр 0.003 1.523 0.005
этот 0.002 0.137 0.0
склоняться 0.001 1.523 0.002
большинство 0.001 0.509 0.001
возникнуть 0.002 0.77 0.002
неудачный 0.001 1.699 0.002
система 0.001 0.398 0.0
чтение 0.004 1.699 0.007
вирус 0.006 0.538 0.003
подробный 0.003 0.569 0.002
нетехнический 0.001 2.0 0.002
язык 0.001 0.678 0.001
сложно 0.001 0.538 0.001
пугать 0.003 1.699 0.005
непосредственно 0.001 0.959 0.001
автоматический 0.001 1.398 0.001
секвенатор 0.003 2.0 0.006
нуклеиновый 0.002 1.699 0.003
кислота 0.002 1.523 0.003
днк 0.005 1.523 0.008
случай 0.003 0.194 0.001
кднк 0.002 2.0 0.004
получить 0.001 0.328 0.0
рнк 0.001 1.301 0.001
процесс 0.001 0.538 0.001
обратный 0.001 1.155 0.001
транскрипция 0.001 2.0 0.002
амплифицироваться 0.004 2.0 0.008
пцр-реакция 0.001 2.0 0.002
необходимо 0.001 0.585 0.001
обеспечить 0.001 1.097 0.001
достаточный 0.001 0.854 0.001
уровень 0.001 0.367 0.0
независимо 0.001 1.398 0.001
количество 0.004 0.481 0.002
исходный 0.003 1.398 0.004
амплификация 0.003 2.0 0.006
бывать 0.001 0.77 0.001
неспецифический 0.001 2.0 0.002
использоваться 0.003 0.585 0.002
например 0.003 0.229 0.001
метагеном 0.001 2.0 0.002
применять 0.001 0.796 0.001
вырожденный 0.001 2.0 0.002
праймера 0.007 2.0 0.014
специфический 0.002 1.301 0.003
работа 0.002 0.357 0.001
конкретный 0.003 0.658 0.002
реакция 0.001 0.678 0.001
участвовать 0.002 0.569 0.001
специально 0.002 0.959 0.002
подобрать 0.001 1.523 0.002
набор 0.002 0.959 0.002
праймер 0.005 2.0 0.01
поскольку 0.001 0.678 0.001
большой 0.001 0.347 0.0
множество 0.001 0.796 0.001
пара 0.001 0.658 0.001
входить 0.001 1.0 0.001
состав 0.001 0.745 0.001
стандартный 0.002 1.301 0.003
реагент 0.001 2.0 0.002
секвенирование 0.002 1.699 0.003
разный 0.006 0.276 0.002
производитель 0.001 0.796 0.001
отдельный 0.001 0.678 0.001
участок 0.005 0.959 0.005
располагаться 0.001 1.301 0.001
ход 0.001 0.796 0.001
называться 0.001 0.699 0.001
ампликона 0.003 2.0 0.006
эффективность 0.006 0.538 0.003
синтез 0.004 2.0 0.008
геномный 0.001 2.0 0.002
ампликоновый 0.003 2.0 0.006
очень 0.004 0.149 0.001
перекрываться 0.001 2.0 0.002
связываться 0.001 1.155 0.001
зависеть 0.001 0.509 0.001
последовательность 0.005 1.222 0.006
вообще 0.002 0.066 0.0
подбираться 0.001 1.699 0.002
образ 0.002 0.553 0.001
максимально 0.001 0.721 0.001
близкий 0.004 0.347 0.001
приходиться 0.001 0.745 0.001
посадка 0.001 2.0 0.002
резко 0.001 0.854 0.001
падать 0.002 0.824 0.002
сказываться 0.001 1.222 0.001
особенно 0.001 0.553 0.001
сильно 0.001 0.509 0.001
задевать 0.001 1.699 0.002
3'-концев 0.001 2.0 0.002
начинаться 0.001 0.886 0.001
просто 0.002 0.194 0.0
переставать 0.001 1.155 0.001
работать 0.002 0.102 0.0
возникать 0.001 0.824 0.001
ситуация 0.002 0.337 0.001
некоторый 0.002 0.222 0.0
приводить 0.001 0.602 0.001
выпадение 0.002 2.0 0.004
целый 0.001 0.658 0.001
заметить 0.001 0.886 0.001
прочитываться 0.002 2.0 0.004
обычно 0.001 0.523 0.001
равно 0.001 0.638 0.001
достаточно 0.001 0.444 0.0
наличие 0.001 0.745 0.001
лишь 0.001 0.481 0.0
минимальный 0.001 0.959 0.001
несущий 0.001 2.0 0.002
прекрасно 0.001 1.222 0.001
вместо 0.001 0.77 0.001
мутантный 0.001 2.0 0.002
тим 0.001 2.0 0.002
пикок 0.001 2.0 0.002
имперский 0.001 1.699 0.002
колледж 0.001 1.523 0.002
лондон 0.001 1.155 0.001
предполагать 0.001 0.699 0.001
высокий 0.002 0.495 0.001
вероятность 0.002 0.602 0.001
именно 0.002 0.244 0.0
место 0.001 0.409 0.0
привести 0.002 0.456 0.001
artic 0.002 2.0 0.004
v3 0.002 2.0 0.004
кажущийся 0.001 2.0 0.002
рекомбинация 0.01 1.699 0.017
единственный 0.001 0.481 0.0
амликона 0.001 2.0 0.002
остальной 0.001 0.553 0.001
происходить 0.001 0.301 0.0
ранее 0.002 0.62 0.001
группа 0.002 0.387 0.001
альбан 0.001 2.0 0.002
раметта 0.001 2.0 0.002
берн 0.001 2.0 0.002
прочитать 0.002 0.796 0.002
пост 0.001 0.638 0.001
лорецо 0.001 2.0 0.002
черутти 0.001 2.0 0.002
форум 0.001 1.523 0.002
virological 0.001 2.0 0.002
весомый 0.001 1.398 0.001
аргумент 0.001 0.62 0.001
польза 0.001 0.745 0.001
сценарий 0.001 1.097 0.001
служить 0.001 1.301 0.001
факт 0.001 0.638 0.001
образовать 0.001 1.523 0.002
чёткий 0.001 1.0 0.001
ветвь 0.001 1.523 0.002
эволюционный 0.005 1.523 0.008
дерево 0.003 1.523 0.005
действительно 0.003 0.377 0.001
время 0.001 0.086 0.0
реальность 0.001 0.77 0.001
разбросать 0.001 2.0 0.002
весь 0.001 0.114 0.0
выглядеть 0.001 0.495 0.0
настоящий 0.001 0.585 0.001
слева 0.001 1.398 0.001
справа 0.001 1.301 0.001
ответить 0.002 0.495 0.001
успеть 0.001 0.678 0.001
подозрение 0.001 1.046 0.001
письмо 0.001 0.854 0.001
bloomberg 0.001 1.046 0.001
существование 0.001 0.886 0.001
давление 0.001 0.699 0.001
предковый 0.001 2.0 0.002
линия 0.001 1.0 0.001
приобретение 0.001 1.699 0.002
единичный 0.001 1.097 0.001
событие 0.001 0.509 0.001
мнение 0.001 0.509 0.001
исключать 0.001 1.046 0.001
возможность 0.001 0.444 0.0
естественный 0.001 1.046 0.001
возникновение 0.001 0.921 0.001
ниже 0.001 0.77 0.001
представить 0.001 0.638 0.001
никакой 0.001 0.409 0.0
подробность 0.002 1.0 0.002
упомянуть 0.001 1.155 0.001
проверка 0.001 0.921 0.001
доступно 0.001 1.699 0.002
выложить 0.001 1.046 0.001
международный 0.001 0.569 0.001
база 0.001 0.854 0.001
gisaid 0.002 2.0 0.004
министр 0.002 0.886 0.002
здравоохранение 0.001 0.658 0.001
михалиса 0.001 2.0 0.002
хаджипантела 0.001 2.0 0.002
обещать 0.001 0.921 0.001
провести 0.001 0.538 0.001
пресс-конференция 0.002 1.523 0.003
должный 0.001 0.201 0.0
объявить 0.001 0.553 0.001
недоставать 0.001 1.398 0.001
беспокойство 0.001 1.155 0.001
встречаться 0.001 0.824 0.001
удалить 0.001 1.222 0.001
автор 0.001 0.62 0.001
состояться 0.001 1.301 0.001
быть 0.002 0.215 0.0
неясно 0.001 1.097 0.001
скорее 0.001 0.509 0.001
закончиться 0.001 0.62 0.001
будущее 0.001 0.62 0.001
подобный 0.001 0.721 0.001
мочь 0.003 0.102 0.0
появиться 0.001 0.367 0.0
бояться 0.001 0.699 0.001
георгий 0.002 2.0 0.004
базыкин 0.002 2.0 0.004
сколтех 0.001 2.0 0.002
тот 0.001 0.131 0.0
убеждать 0.001 1.398 0.001
вообще-то 0.001 1.699 0.002
вполне 0.001 0.699 0.001
возможный 0.001 0.523 0.001
ранний 0.001 0.409 0.0
убедительно 0.001 1.523 0.002
альфа 0.001 1.523 0.002
пока 0.001 0.208 0.0
важный 0.002 0.284 0.001
механизм 0.001 0.886 0.001
эволюция 0.002 1.301 0.003
думать 0.001 0.456 0.0
из-за 0.001 0.229 0.0
общий 0.001 0.444 0.0
заменять 0.001 1.301 0.001
мозаика 0.001 2.0 0.002
кусочек 0.003 1.699 0.005
цвет 0.001 1.222 0.001
получиться 0.001 0.745 0.001
радикально 0.002 1.301 0.003
мера 0.001 0.377 0.0
становиться 0.001 0.553 0.001
менее 0.001 0.432 0.0
похожий 0.001 0.602 0.001
друг 0.002 0.387 0.001
человек 0.001 0.092 0.0
вид 0.001 0.398 0.0
сохраниться 0.001 1.155 0.001
стать 0.001 0.149 0.0
появляться 0.001 0.658 0.001
грипп 0.001 1.0 0.001
избыток 0.001 1.398 0.001
якобы 0.001 0.854 0.001
рекомбинант 0.001 2.0 0.002
госпитальный 0.002 2.0 0.004
негоспитальный 0.001 2.0 0.002
пугающе 0.001 2.0 0.002
во-первых 0.001 0.796 0.001
видеть 0.003 0.444 0.001
данные 0.001 0.31 0.0
во-вторых 0.001 0.854 0.001
технический 0.002 0.959 0.002
зависимость 0.001 0.745 0.001
причина 0.001 0.398 0.0
предположение 0.001 1.222 0.001
навскидку 0.001 2.0 0.002
инфекция 0.001 0.569 0.001
поздний 0.001 0.745 0.001
относительно 0.001 0.721 0.001
начало 0.001 0.26 0.0
браться 0.001 1.523 0.002
отсюда 0.001 1.097 0.001
ct 0.001 2.0 0.002
читать 0.002 0.444 0.001
новость 0.002 0.357 0.001
причём 0.002 0.62 0.001
огромный 0.002 0.721 0.001
йот 0.002 2.0 0.004
вдвое 0.002 1.222 0.002
летальный 0.002 1.222 0.002
месяц 0.002 0.432 0.001
назад 0.002 0.18 0.0
24/7 0.001 0.102 0.0
интерес 0.001 0.155 0.0
читателейн 0.001 0.174 0.0
срочно 0.001 0.167 0.0
хотеть 0.001 0.102 0.0
помочь 0.001 0.125 0.0
александр 0.001 0.456 0.0
ершовый 0.001 0.77 0.001
редакция 0.002 0.066 0.0
кодекс 0.001 0.066 0.0
блог 0.001 0.066 0.0
meduzacare 0.001 0.066 0.0
связаться 0.001 0.066 0.0
анонимно 0.001 0.066 0.0
платформа 0.002 0.066 0.0
ios 0.001 0.066 0.0
android 0.001 0.066 0.0
инстаграм 0.001 0.066 0.0
twitter 0.001 0.0 0.0
facebook 0.001 0.0 0.0
вконтакте 0.001 0.066 0.0
youtube 0.001 0.06 0.0
– 0.001 0.06 0.0
live 0.001 0.022 0.0
вечерний 0.001 0.066 0.0
реклама 0.002 0.066 0.0
требование 0.001 0.066 0.0
баннер 0.001 0.066 0.0
безопасно 0.001 0.066 0.0
персональный 0.001 0.066 0.0
правило 0.001 0.066 0.0
обработка 0.001 0.066 0.0
кук 0.001 0.066 0.0
наслать 0.001 0.066 0.0
выделить 0.001 0.066 0.0
нажать 0.001 0.066 0.0
ctrl+enter 0.001 0.066 0.0
спасибоgiphyз 0.001 0.066 0.0
гифка 0.001 0.066 0.0
© 0.001 0.0 0.0
