перейти 0.001 0.066 0.0
материал 0.0 0.066 0.0
связь 0.0 0.0 0.0
новостиисторииразборшапитокоронавирусмагаз 0.0 0.066 0.0
медуза 0.005 0.066 0.0
рекламаmeduza 0.0 0.066 0.0
in 0.0 0.0 0.0
english 0.0 0.06 0.0
показывать 0.0 0.066 0.0
порядок 0.0 0.066 0.0
en 0.0 0.066 0.0
кнопка 0.0 0.066 0.0
поддержка 0.0 0.066 0.0
история 0.0 0.26 0.0
она 0.001 1.0 0.001
сам 0.002 0.137 0.0
прививаться 0.001 0.824 0.001
почему 0.003 0.337 0.001
вакцина 0.032 0.538 0.017
мало 0.001 0.538 0.001
антитело 0.015 0.77 0.012
житель 0.0 0.456 0.0
россия 0.001 0.108 0.0
начать 0.002 0.276 0.001
прививать 0.0 0.959 0.0
эпиваккорона 0.006 0.959 0.006
задать 0.0 1.155 0.0
главный 0.002 0.276 0.001
вопрос 0.005 0.276 0.001
разработчик 0.002 0.77 0.002
производитель 0.0 0.796 0.0
март 0.002 0.284 0.001
источник 0.0 0.167 0.0
meduza 0.001 0.0 0.0
данный 0.0 0.097 0.0
сообщение 0.0 0.102 0.0
создать 0.001 0.097 0.0
распространить 0.0 0.102 0.0
иностранный 0.001 0.097 0.0
средство 0.0 0.097 0.0
массовый 0.0 0.097 0.0
информация 0.0 0.102 0.0
выполнять 0.001 0.097 0.0
функция 0.001 0.097 0.0
агент 0.001 0.097 0.0
российский 0.002 0.071 0.0
юридический 0.0 0.102 0.0
лицо 0.0 0.086 0.0
мы 0.005 0.066 0.0
нужный 0.002 0.086 0.0
ваш 0.006 0.081 0.0
помощь 0.001 0.071 0.0
пожалуйста 0.0 0.102 0.0
поддержать 0.0 0.066 0.0
конец 0.001 0.444 0.0
гражданский 0.002 0.745 0.001
оборот 0.002 1.222 0.002
поступить 0.0 0.921 0.0
тысяча 0.006 0.31 0.002
доза 0.002 0.721 0.001
александр 0.002 0.456 0.001
миридон 0.0 2.0 0.0
коммерсантъ 0.001 1.523 0.002
коронавирус 0.006 0.387 0.002
разработать 0.0 0.959 0.0
новосибирский 0.0 1.398 0.0
научный 0.0 0.658 0.0
центр 0.0 0.432 0.0
вектор 0.002 1.222 0.002
регион 0.001 0.638 0.001
ввести 0.0 0.538 0.0
около 0.001 0.432 0.0
препарат 0.001 0.585 0.001
зарегистрировать 0.0 0.602 0.0
октябрь 0.0 0.796 0.0
год 0.005 0.119 0.001
начало 0.001 0.26 0.0
роспотребнадзор 0.002 1.301 0.003
одобрить 0.0 1.0 0.0
применение 0.0 0.721 0.0
человек 0.009000000000000001 0.092 0.001
старший 0.001 0.678 0.001
случай 0.001 0.194 0.0
спутник 0.003 0.678 0.002
v 0.002 0.699 0.001
применять 0.001 0.796 0.001
среди 0.0 0.42 0.0
обычный 0.002 0.509 0.001
завершение 0.0 1.097 0.0
клинический 0.004 0.721 0.003
испытание 0.0 0.77 0.0
журналист 0.001 0.481 0.0
светлана 0.001 1.046 0.001
рейтер 0.001 1.155 0.001
ершовый 0.001 0.77 0.001
рыжикова 0.0 2.0 0.0
заместитель 0.0 1.046 0.0
гендиректор 0.0 1.222 0.0
татьяна 0.0 1.398 0.0
непомнить 0.001 2.0 0.002
какой 0.001 0.357 0.0
страна 0.0 0.155 0.0
применяться 0.001 1.046 0.001
вакцинация 0.001 0.553 0.001
участник 0.001 0.658 0.001
исследование 0.015 0.42 0.006
находить 0.001 1.301 0.001
очень 0.003 0.149 0.0
основание 0.001 0.569 0.001
уверенный 0.001 0.921 0.001
действительно 0.001 0.377 0.0
работать 0.005 0.102 0.001
прежде 0.001 0.62 0.001
прочитать 0.0 0.796 0.0
интервью 0.001 0.745 0.001
понедельник 0.0 1.222 0.0
опубликовать 0.0 0.509 0.0
открытый 0.0 0.886 0.0
письмо 0.0 0.854 0.0
министр 0.0 0.886 0.0
здравоохранение 0.001 0.658 0.001
михаил 0.0 0.921 0.0
мурашко 0.0 1.699 0.0
призыв 0.0 0.854 0.0
организовать 0.0 0.921 0.0
независимый 0.002 0.409 0.001
ход 0.0 0.796 0.0
самостоятельный 0.0 1.523 0.0
расследование 0.0 1.0 0.0
участие 0.0 0.638 0.0
лаборатория 0.0 0.959 0.0
трое 0.0 1.523 0.0
автор 0.0 0.62 0.0
установить 0.0 0.721 0.0
эксперимент 0.003 0.959 0.003
один 0.004 0.119 0.0
исследовать 0.0 0.959 0.0
привить 0.001 0.678 0.001
вырабатываться 0.0 1.222 0.0
нейтрализовать 0.003 1.155 0.003
это 0.013000000000000001 0.066 0.001
противоречить 0.0 1.155 0.0
заявление 0.0 0.62 0.0
наш 0.007 0.337 0.002
собеседник 0.0 1.097 0.0
требовать 0.001 0.658 0.001
объяснение 0.0 1.0 0.0
момент 0.002 0.387 0.001
разговор 0.001 0.745 0.001
рыжиковый 0.0 2.0 0.0
знать 0.003 0.244 0.001
результат 0.005 0.367 0.002
учитывать 0.0 0.854 0.0
отсутствие 0.0 0.699 0.0
публикация 0.001 0.796 0.001
повод 0.0 0.553 0.0
допускать 0.0 1.046 0.0
вероятность 0.0 0.602 0.0
такой 0.004 0.114 0.0
исход 0.0 0.921 0.0
свет 0.0 1.097 0.0
новый 0.004 0.187 0.001
данные 0.001 0.31 0.0
иммуногенность 0.001 1.301 0.001
выглядеть 0.0 0.495 0.0
абсолютно 0.0 0.721 0.0
необходимый 0.0 0.638 0.0
обратиться 0.0 0.658 0.0
дополнительный 0.0 0.77 0.0
комментарий 0.0 1.046 0.0
пока 0.001 0.208 0.0
получить 0.001 0.328 0.0
ответ 0.001 0.432 0.0
главное 0.001 0.585 0.001
узнать 0.0 0.481 0.0
создатель 0.003 1.0 0.003
максимально 0.0 0.721 0.0
коротко 0.0 0.824 0.0
просто 0.001 0.194 0.0
признавать 0.0 1.0 0.0
эффективность 0.004 0.538 0.002
который 0.008 0.071 0.001
начаться 0.0 0.367 0.0
официальный 0.0 0.538 0.0
регистрация 0.0 0.854 0.0
серьёзный 0.001 0.553 0.001
проблема 0.002 0.347 0.001
именно 0.003 0.244 0.001
ограниченный 0.0 1.301 0.0
размер 0.0 1.097 0.0
выборка 0.002 1.046 0.002
доброволец 0.006 0.854 0.005
против 0.004 0.229 0.001
например 0.002 0.229 0.0
маленький 0.0 0.328 0.0
доля 0.0 0.745 0.0
группа 0.003 0.387 0.001
плацебо 0.003 0.959 0.003
также 0.002 0.237 0.0
падение 0.0 0.921 0.0
заболеваемость 0.001 0.796 0.001
замедлять 0.0 2.0 0.0
сбор 0.0 1.699 0.0
статистика 0.0 0.921 0.0
продолжаться 0.001 0.699 0.001
условие 0.001 0.495 0.0
риск 0.002 0.357 0.001
защищать 0.001 0.585 0.001
заболевание 0.001 0.481 0.0
вне 0.0 0.886 0.0
рамка 0.0 1.0 0.0
создание 0.001 0.921 0.001
выбрать 0.002 0.886 0.002
самый 0.002 0.208 0.0
консервативный 0.001 1.301 0.001
участок 0.001 0.959 0.001
геном 0.001 1.097 0.001
подверженный 0.0 1.398 0.0
быстрый 0.0 0.699 0.0
изменение 0.0 0.854 0.0
поэтому 0.001 0.328 0.0
появление 0.0 0.699 0.0
вариант 0.004 0.481 0.002
ковид 0.002 0.387 0.001
слово 0.001 0.268 0.0
опасно 0.0 0.921 0.0
однако 0.0 0.337 0.0
известно 0.0 0.481 0.0
подход 0.001 0.854 0.001
иметь 0.001 0.337 0.0
недостаток 0.0 1.0 0.0
возникать 0.0 0.824 0.0
быть 0.002 0.215 0.0
эффективный 0.001 0.553 0.001
исследователь 0.0 0.721 0.0
проверять 0.001 0.77 0.001
животное 0.008 0.854 0.007
успешно 0.001 1.097 0.001
мнение 0.0 0.509 0.0
некоторый 0.0 0.222 0.0
наблюдатель 0.0 1.523 0.0
провести 0.001 0.538 0.001
вместо 0.001 0.77 0.001
делать 0.002 0.18 0.0
анализ 0.0 0.721 0.0
наличие 0.001 0.745 0.001
тот 0.002 0.131 0.0
клетка 0.001 0.921 0.001
проникновение 0.0 1.523 0.0
вирус 0.003 0.538 0.002
причём 0.0 0.62 0.0
количество 0.001 0.481 0.0
малый 0.0 0.678 0.0
переболеть 0.002 0.745 0.001
соответствующий 0.0 1.301 0.0
сей 0.001 0.456 0.0
пора 0.001 0.357 0.0
никто 0.001 0.432 0.0
видеть 0.003 0.444 0.001
патент 0.004 1.523 0.006
подать 0.0 1.046 0.0
другой 0.003 0.097 0.0
кроме 0.002 0.387 0.001
решить 0.001 0.398 0.0
собственный 0.0 0.569 0.0
проверка 0.0 0.921 0.0
слепой 0.0 1.155 0.0
вакцинировать 0.005 0.602 0.003
найтись 0.0 1.523 0.0
обещать 0.0 0.921 0.0
близкий 0.001 0.347 0.0
время 0.002 0.086 0.0
выйти 0.0 0.456 0.0
статья 0.0 0.553 0.0
академический 0.0 1.699 0.0
традиция 0.0 1.523 0.0
название 0.0 0.745 0.0
журнал 0.0 0.77 0.0
работа 0.001 0.357 0.0
направить 0.0 0.959 0.0
рецензия 0.0 1.699 0.0
раскрываться 0.0 2.0 0.0
гарантия 0.0 1.097 0.0
положительный 0.0 1.155 0.0
решение 0.001 0.347 0.0
нерецензировать 0.0 2.0 0.0
рукопись 0.0 1.523 0.0
препринт 0.001 1.155 0.001
публиковать 0.001 0.638 0.001
хотя 0.001 0.276 0.0
pfizer 0.001 0.886 0.001
раскрыть 0.0 1.222 0.0
дать 0.003 0.066 0.0
действенность 0.0 1.699 0.0
поскольку 0.0 0.678 0.0
запрос 0.0 1.301 0.0
любой 0.001 0.319 0.0
высокий 0.001 0.495 0.0
сложный 0.0 0.602 0.0
личный 0.0 0.678 0.0
сожаление 0.0 0.553 0.0
успеть 0.0 0.678 0.0
привиться 0.001 0.796 0.001
прошлое 0.0 1.046 0.0
болеть 0.001 0.745 0.001
хороший 0.001 0.377 0.0
титр 0.006 1.097 0.007
никакой 0.002 0.409 0.001
планировать 0.0 0.886 0.0
весна 0.0 1.0 0.0
сдать 0.0 1.301 0.0
невысокий 0.0 2.0 0.0
рыжик 0.0 2.0 0.0
свой 0.002 0.143 0.0
сторона 0.002 0.347 0.001
хотеть 0.001 0.102 0.0
сказать 0.001 0.31 0.0
число 0.0 0.201 0.0
первый 0.002 0.143 0.0
несколько 0.003 0.187 0.001
сегодня 0.0 0.638 0.0
начинать 0.0 0.569 0.0
низкий 0.0 0.638 0.0
показатель 0.0 0.721 0.0
сработать 0.0 1.222 0.0
спокойно 0.001 0.824 0.001
сидеть 0.001 0.77 0.001
условный 0.0 1.523 0.0
конкурент 0.0 1.301 0.0
отпустить 0.0 1.523 0.0
свободный 0.0 0.77 0.0
плавание 0.0 1.699 0.0
проверить 0.001 0.886 0.001
старт 0.0 1.301 0.0
включать 0.0 0.959 0.0
по-другому 0.001 1.155 0.001
т. 0.008 0.921 0.007
н. 0.008 1.699 0.014
вид 0.002 0.398 0.001
да-да 0.0 1.523 0.0
давать 0.001 0.31 0.0
сразу 0.0 0.553 0.0
заострить 0.0 2.0 0.0
внимание 0.001 0.523 0.001
проводиться 0.002 0.854 0.002
строго 0.0 1.398 0.0
соответствие 0.0 0.959 0.0
законодательство 0.0 1.097 0.0
крайне 0.0 0.721 0.0
неблагоприятный 0.0 1.398 0.0
период 0.0 0.678 0.0
вспышка 0.0 1.0 0.0
удаться 0.0 0.456 0.0
набрать 0.0 1.046 0.0
пять 0.002 0.432 0.001
отвечать 0.0 0.456 0.0
критерий 0.001 1.301 0.001
включение 0.0 1.398 0.0
частность 0.001 0.678 0.001
подобный 0.0 0.721 0.0
проходить 0.001 0.495 0.0
сезонный 0.0 1.699 0.0
считать 0.001 0.319 0.0
достаточно 0.001 0.444 0.0
определение 0.001 1.222 0.001
эпидемиологический 0.001 1.0 0.001
сколько 0.002 0.585 0.001
нужно 0.001 0.237 0.0
заболеть 0.0 0.585 0.0
надёжный 0.0 0.824 0.0
доверительный 0.0 1.155 0.0
интервал 0.0 1.046 0.0
оценка 0.0 0.745 0.0
выше 0.001 0.509 0.001
вообще 0.003 0.066 0.0
добиться 0.0 1.046 0.0
значимость 0.001 1.523 0.002
дело 0.001 0.252 0.0
а. 0.006 1.699 0.01
р. 0.006 1.699 0.01
недостаточный 0.0 1.523 0.0
настойчивость 0.0 2.0 0.0
желание 0.001 0.921 0.001
защитить 0.0 0.721 0.0
максимальный 0.0 1.046 0.0
привести 0.0 0.456 0.0
согласиться 0.0 1.301 0.0
вы 0.0 1.0 0.0
согласный 0.0 1.0 0.0
понимать 0.002 0.42 0.001
60+ 0.001 1.699 0.002
испытываться 0.0 1.699 0.0
показать 0.001 0.432 0.0
безопасность 0.001 0.387 0.0
продемонстрировать 0.0 1.155 0.0
представить 0.0 0.638 0.0
минздрав 0.002 0.678 0.001
одобрение 0.0 1.398 0.0
помнить 0.0 0.699 0.0
докладывать 0.0 2.0 0.0
фаза 0.002 0.796 0.002
стопроцентный 0.0 1.699 0.0
иммунологический 0.0 2.0 0.0
индукция 0.0 1.699 0.0
вакцино-специфический 0.0 2.0 0.0
вирус-нейтрализовать 0.0 2.0 0.0
нейтрализация 0.001 1.222 0.001
оказаться 0.0 0.31 0.0
среднегеометрический 0.0 1.523 0.0
пострегистрационный 0.002 1.523 0.003
третий 0.001 0.553 0.001
пойти 0.001 0.509 0.001
спад 0.001 1.398 0.001
должный 0.002 0.201 0.0
готовый 0.0 0.509 0.0
встреча 0.0 1.0 0.0
инфекция 0.0 0.569 0.0
встречаться 0.0 0.824 0.0
способность 0.0 0.77 0.0
вызывать 0.002 0.523 0.001
иммунный 0.0 0.678 0.0
реакция 0.0 0.678 0.0
второй 0.002 0.357 0.001
параметр 0.0 0.959 0.0
профилактический 0.0 1.523 0.0
насколько 0.001 0.42 0.0
эпидемический 0.0 1.523 0.0
ампула 0.0 1.523 0.0
влад 0.0 1.699 0.0
некрасов 0.0 1.523 0.0
представимый 0.0 1.523 0.0
мама 0.0 0.854 0.0
скептично 0.0 2.0 0.0
настроить 0.0 1.0 0.0
понятно 0.001 0.699 0.001
объяснить 0.001 0.602 0.001
формировать 0.001 1.523 0.002
линия 0.002 1.0 0.002
защита 0.002 0.569 0.001
действовать 0.0 0.602 0.0
компонент 0.0 0.824 0.0
заложить 0.0 1.523 0.0
блокирование 0.001 1.699 0.002
связывание 0.0 1.699 0.0
рецептор 0.0 1.523 0.0
слияние 0.0 2.0 0.0
оболочка 0.0 1.398 0.0
мембрана 0.0 2.0 0.0
вирусный 0.002 1.097 0.002
внутрь 0.0 1.523 0.0
использоваться 0.001 0.585 0.001
два 0.001 0.26 0.0
пептид 0.008 1.699 0.014
расположить 0.001 1.097 0.001
ножка 0.0 1.699 0.0
спайк-белка 0.0 1.699 0.0
s2 0.0 2.0 0.0
субъединица 0.0 2.0 0.0
преодолеть 0.0 1.301 0.0
этот 0.001 0.137 0.0
инфицировать 0.0 0.959 0.0
специфичный 0.001 1.398 0.001
s-rbd-район 0.0 2.0 0.0
s2-район 0.0 2.0 0.0
n-белка 0.0 2.0 0.0
участвовать 0.0 0.569 0.0
называть 0.0 0.432 0.0
антителозависимый 0.0 1.699 0.0
цитотоксичность 0.0 2.0 0.0
уровень 0.0 0.367 0.0
реализоваться 0.0 1.523 0.0
какой-то 0.001 0.328 0.0
внутренний 0.0 0.745 0.0
убеждение 0.0 1.398 0.0
учёный 0.001 0.569 0.001
совершенно 0.0 0.678 0.0
спрашивать 0.0 0.886 0.0
немного 0.0 0.77 0.0
друг 0.0 0.387 0.0
достоверно 0.0 1.155 0.0
экспериментальный 0.0 1.523 0.0
аргумент 0.0 0.62 0.0
польза 0.001 0.745 0.001
простить 0.0 1.699 0.0
сравнение 0.001 0.602 0.001
штамм 0.001 0.796 0.001
британский 0.001 0.721 0.001
посмотреть 0.001 0.523 0.001
представлять 0.0 0.678 0.0
доказательство 0.0 0.824 0.0
простой 0.001 0.538 0.001
брать 0.001 0.77 0.001
обезьяна 0.001 1.699 0.002
хомячок 0.0 1.699 0.0
заражать 0.0 1.222 0.0
поражение 0.0 1.155 0.0
лёгкий 0.001 0.638 0.001
рентген 0.0 2.0 0.0
чистый 0.0 1.046 0.0
смотреть 0.001 0.62 0.001
гистологический 0.0 2.0 0.0
ткань 0.001 1.046 0.001
сохранять 0.0 1.046 0.0
воздушность 0.0 2.0 0.0
нормальный 0.0 0.77 0.0
структура 0.0 0.745 0.0
контрольный 0.0 1.398 0.0
заразить 0.0 0.959 0.0
развиваться 0.0 1.155 0.0
пневмония 0.002 1.222 0.002
гистология 0.0 2.0 0.0
замечательный 0.001 1.699 0.002
лишь 0.0 0.481 0.0
завершаться 0.0 1.699 0.0
остальной 0.0 0.553 0.0
проваливаться 0.0 2.0 0.0
доклиника 0.002 1.699 0.003
прекрасный 0.0 1.222 0.0
клиника 0.0 0.886 0.0
месяц 0.001 0.432 0.0
рецензирование 0.0 1.523 0.0
долгий 0.0 0.745 0.0
находиться 0.001 0.367 0.0
надеяться 0.0 0.699 0.0
буквально 0.001 0.886 0.001
доклинический 0.001 1.699 0.002
завершить 0.0 1.155 0.0
ждать 0.002 0.481 0.001
девять 0.0 1.155 0.0
идти 0.002 0.222 0.0
дождаться 0.0 1.222 0.0
окончание 0.0 1.097 0.0
соотноситься 0.0 2.0 0.0
среднее 0.001 0.77 0.001
ниже 0.0 0.77 0.0
тест 0.0 0.77 0.0
средний 0.0 0.796 0.0
геометрический 0.0 2.0 0.0
район 0.001 0.678 0.001
где-то 0.0 0.721 0.0
1:60 0.0 2.0 0.0
1:80 0.0 2.0 0.0
особый 0.0 0.745 0.0
разница 0.001 0.77 0.001
сильно 0.001 0.509 0.001
отличаться 0.001 0.553 0.001
больший 0.0 0.328 0.0
определять 0.001 1.155 0.001
тест-система 0.002 1.699 0.003
пресса 0.0 1.155 0.0
писать 0.0 0.347 0.0
прививка 0.001 0.602 0.001
вывод 0.001 0.886 0.001
ответить 0.0 0.495 0.0
обычно 0.001 0.523 0.001
происходить 0.0 0.301 0.0
приходить 0.0 0.824 0.0
боком 0.0 2.0 0.0
пептидный 0.002 1.398 0.003
платформа 0.003 0.066 0.0
рекомендация 0.0 0.678 0.0
использовать 0.001 0.319 0.0
определённый 0.001 0.77 0.001
являться 0.002 0.602 0.001
уникальный 0.001 1.699 0.002
многие 0.0 0.284 0.0
крупный 0.0 0.523 0.0
компания 0.001 0.444 0.0
рекомендовать 0.0 0.569 0.0
вполне 0.001 0.699 0.001
поствакцинальный 0.0 1.523 0.0
иммунитет 0.002 0.77 0.002
черта 0.0 1.301 0.0
мочь 0.001 0.102 0.0
описать 0.0 0.721 0.0
устроить 0.0 0.854 0.0
позволять 0.001 0.585 0.001
формироваться 0.0 1.301 0.0
антиген 0.001 1.222 0.001
полноразмерный 0.0 2.0 0.0
белок 0.002 1.155 0.002
соответствовать 0.0 0.824 0.0
весь 0.001 0.114 0.0
требование 0.0 0.066 0.0
прекрасно 0.0 1.222 0.0
тонко 0.001 2.0 0.002
увеличить 0.0 1.155 0.0
чувствительность 0.0 2.0 0.0
эпитоп 0.001 2.0 0.002
n-белок 0.001 2.0 0.002
производиться 0.0 1.155 0.0
чёткий 0.0 1.0 0.0
план 0.0 0.658 0.0
рынок 0.0 0.699 0.0
совместно 0.0 1.301 0.0
индустриальный 0.0 1.523 0.0
партнёр 0.0 1.222 0.0
герофарма 0.0 2.0 0.0
вектор-биальгам 0.0 2.0 0.0
сотня 0.0 0.721 0.0
февраль 0.0 0.337 0.0
миллион 0.0 0.495 0.0
середина 0.001 0.854 0.001
ситуация 0.001 0.337 0.0
целое 0.0 0.585 0.0
получаться 0.001 0.824 0.001
последний 0.0 0.284 0.0
четверть 0.0 1.523 0.0
реальный 0.0 0.638 0.0
угроза 0.0 0.824 0.0
статистический 0.0 1.097 0.0
набраться 0.0 2.0 0.0
одновременно 0.001 0.796 0.001
этический 0.0 1.699 0.0
продолжать 0.0 0.292 0.0
принцип 0.0 0.638 0.0
человечество 0.001 1.222 0.001
придумать 0.0 0.886 0.0
blinded 0.0 2.0 0.0
crossover 0.0 2.0 0.0
гарантированно 0.0 1.699 0.0
даваться 0.0 1.699 0.0
часто 0.0 0.456 0.0
бывать 0.0 0.77 0.0
онкозаболевание 0.0 2.0 0.0
стандартный 0.0 1.301 0.0
пустышка 0.0 1.222 0.0
думать 0.0 0.456 0.0
путь 0.0 0.62 0.0
неоднократно 0.0 1.398 0.0
обращаться 0.0 0.854 0.0
министерство 0.001 1.046 0.001
возможность 0.001 0.444 0.0
досрочный 0.0 1.699 0.0
расслепление 0.001 2.0 0.002
регулятор 0.0 1.222 0.0
навстречу 0.0 1.523 0.0
соотношение 0.0 1.398 0.0
дизайн 0.0 2.0 0.0
приниматься 0.0 0.959 0.0
статус 0.0 1.155 0.0
отказать 0.0 1.155 0.0
подаваться 0.0 1.699 0.0
чей 0.0 1.097 0.0
мяч 0.001 2.0 0.002
ожидание 0.0 1.222 0.0
подведение 0.0 2.0 0.0
предварительный 0.003 0.959 0.003
итог 0.001 0.509 0.001
подготовить 0.0 0.854 0.0
отчёт 0.001 1.0 0.001
три 0.001 0.569 0.001
вместе 0.0 0.602 0.0
просьба 0.0 0.886 0.0
премьер-министр 0.0 1.301 0.0
мишустин 0.0 1.301 0.0
сопровождение 0.0 2.0 0.0
руководитель 0.0 0.886 0.0
анна 0.0 1.046 0.0
попов 0.0 1.398 0.0
директор 0.001 0.796 0.001
компания-производитель 0.0 1.699 0.0
вектор-биалгам 0.0 2.0 0.0
леонид 0.0 1.301 0.0
никулин 0.0 2.0 0.0
ринат 0.0 1.699 0.0
максютов 0.0 2.0 0.0
запуск 0.0 1.222 0.0
наполнение 0.0 2.0 0.0
шприц 0.0 2.0 0.0
астафьев 0.0 2.0 0.0
тасс 0.001 0.699 0.001
scanpix 0.001 0.301 0.0
leta 0.001 0.301 0.0
быстро 0.001 0.495 0.0
слабо 0.0 1.398 0.0
процесс 0.0 0.538 0.0
рассказать 0.001 0.469 0.0
подробный 0.0 0.569 0.0
изначально 0.001 0.959 0.001
вакцинный 0.0 1.097 0.0
остановиться 0.0 0.959 0.0
принять 0.0 0.42 0.0
уйти 0.001 0.77 0.001
далеко 0.0 0.745 0.0
разработка 0.0 1.097 0.0
примерно 0.001 0.585 0.001
назад 0.001 0.18 0.0
конечный 0.0 1.0 0.0
применить 0.0 1.699 0.0
лихорадка 0.0 1.699 0.0
эбола 0.001 1.523 0.002
экстремальный 0.0 1.699 0.0
сделать 0.0 0.208 0.0
болезнь 0.0 0.553 0.0
эпивакэбол 0.0 2.0 0.0
основать 0.0 0.921 0.0
образ 0.001 0.553 0.001
коллектив 0.0 1.523 0.0
опыт 0.0 0.699 0.0
сфера 0.0 0.921 0.0
шесть 0.0 0.745 0.0
различный 0.0 0.921 0.0
интенсивно 0.0 1.523 0.0
создавать 0.0 0.796 0.0
а.р 0.0 2.0 0.0
первичный 0.0 1.699 0.0
воспользоваться 0.0 1.097 0.0
известный 0.001 0.569 0.001
sars-cov-1 0.0 2.0 0.0
спроектировать 0.0 1.699 0.0
полтора 0.0 0.959 0.0
десяток 0.0 0.921 0.0
увидеть 0.0 0.553 0.0
иммунизировать 0.0 1.699 0.0
заражение 0.0 0.745 0.0
живой 0.0 0.553 0.0
общий-то 0.0 1.699 0.0
прибавить 0.0 2.0 0.0
уверенность 0.0 1.046 0.0
наверняка 0.0 1.398 0.0
читать 0.001 0.444 0.0
белок-носитель 0.0 1.699 0.0
заменить 0.0 0.921 0.0
гемоцианин 0.0 2.0 0.0
общепринятый 0.0 2.0 0.0
носитель 0.0 1.301 0.0
огромный 0.0 0.721 0.0
молекулярный 0.0 1.523 0.0
масса 0.0 1.046 0.0
мегадальтон 0.0 2.0 0.0
естественно 0.0 1.155 0.0
импортный 0.0 1.523 0.0
зависимость 0.0 0.745 0.0
поставка 0.0 0.921 0.0
полезный 0.0 1.155 0.0
идея 0.0 0.585 0.0
реализовать 0.0 1.398 0.0
опасность 0.0 0.854 0.0
заключаться 0.0 0.959 0.0
переход 0.0 1.398 0.0
высокомолекулярный 0.0 2.0 0.0
менее 0.001 0.432 0.0
потерять 0.0 0.854 0.0
позволить 0.0 0.62 0.0
определить 0.001 1.222 0.001
специфичность 0.0 2.0 0.0
сохраняться 0.0 1.301 0.0
понять 0.0 0.495 0.0
вроде 0.0 0.658 0.0
что-то 0.0 0.509 0.0
отбирать 0.0 1.523 0.0
сообщество 0.0 0.886 0.0
скепсис 0.0 1.523 0.0
относительно 0.0 0.721 0.0
выбор 0.0 0.886 0.0
пройти 0.0 0.387 0.0
значительный 0.0 0.854 0.0
иммуногенный 0.001 2.0 0.002
s-белка 0.0 1.523 0.0
очень-то 0.0 2.0 0.0
совпадать 0.0 1.222 0.0
принимать 0.0 0.432 0.0
появиться 0.0 0.367 0.0
опираться 0.0 1.097 0.0
поговорить 0.0 0.62 0.0
акцентировать 0.0 2.0 0.0
иммунодоминантный 0.001 2.0 0.002
назвать 0.0 0.569 0.0
ориентироваться 0.0 1.046 0.0
правило 0.0 0.066 0.0
общий 0.0 0.444 0.0
взять 0.001 0.553 0.001
список 0.0 0.569 0.0
мутация 0.001 1.097 0.001
вблизи 0.0 1.699 0.0
rbd-район 0.0 2.0 0.0
s-белок 0.0 1.222 0.0
затрагивать 0.0 1.523 0.0
характерный 0.0 1.222 0.0
затронуть 0.0 2.0 0.0
высококонсервативный 0.0 2.0 0.0
подбор 0.0 2.0 0.0
подходящий 0.0 1.222 0.0
индуцировать 0.0 2.0 0.0
универсальный 0.0 1.301 0.0
устойчивый 0.0 1.523 0.0
сыворотка 0.001 1.0 0.001
говорить 0.0 0.18 0.0
авидность 0.0 2.0 0.0
минимум 0.0 0.77 0.0
упасть 0.0 0.77 0.0
генетический 0.0 1.222 0.0
последовательность 0.0 1.222 0.0
кодировать 0.0 1.699 0.0
степень 0.0 0.658 0.0
полагать 0.0 1.222 0.0
вечный 0.001 1.699 0.002
обозримый 0.0 2.0 0.0
будущее 0.0 0.62 0.0
состав 0.0 0.745 0.0
потребоваться 0.0 0.921 0.0
плюс 0.0 1.0 0.0
понятный 0.0 0.959 0.0
выбирать 0.0 1.0 0.0
внутри 0.0 0.745 0.0
спрятать 0.0 1.523 0.0
трёхмерный 0.0 1.523 0.0
скорее 0.001 0.509 0.001
недоступный 0.0 1.398 0.0
возможно 0.0 0.398 0.0
выработка 0.001 1.155 0.001
никак 0.0 0.886 0.0
связываться 0.0 1.155 0.0
частица 0.0 1.222 0.0
рассчитывать 0.0 0.886 0.0
т-клеточный 0.0 2.0 0.0
категорически 0.0 1.523 0.0
сначала 0.001 0.602 0.001
каждый 0.001 0.244 0.0
отдельность 0.001 1.699 0.002
свойство 0.0 1.301 0.0
убеждаться 0.0 1.699 0.0
использование 0.0 0.066 0.0
пара 0.0 0.658 0.0
увеличение 0.0 1.222 0.0
эффект 0.001 0.796 0.001
итоговый 0.0 1.398 0.0
конструкция 0.001 1.523 0.002
конкретно 0.0 1.222 0.0
срок 0.0 0.824 0.0
заявлять 0.0 1.0 0.0
пять-десять 0.0 2.0 0.0
столкнуться 0.0 1.046 0.0
пандемия 0.0 0.538 0.0
столько 0.0 0.921 0.0
заниматься 0.001 0.62 0.001
наверное 0.0 0.921 0.0
мир 0.0 0.26 0.0
основный 0.0 0.62 0.0
претензия 0.0 1.097 0.0
вырабатывать 0.001 1.523 0.002
получиться 0.0 0.745 0.0
устраивать 0.0 0.886 0.0
во-первых 0.0 0.796 0.0
абсолютный 0.0 1.222 0.0
изящно 0.0 2.0 0.0
ювелирный 0.0 2.0 0.0
точность 0.0 1.301 0.0
наиболее 0.0 0.745 0.0
важный 0.0 0.284 0.0
s 0.0 0.796 0.0
особо 0.0 1.097 0.0
организм 0.0 0.745 0.0
инфицирование 0.0 1.699 0.0
попадать 0.0 0.854 0.0
целый 0.0 0.658 0.0
спектр 0.0 1.699 0.0
разный 0.0 0.276 0.0
разнообразие 0.0 1.699 0.0
речь 0.0 0.398 0.0
пул 0.0 2.0 0.0
референсный 0.0 2.0 0.0
вирус-нейтрализация 0.0 2.0 0.0
аналогично 0.0 1.699 0.0
кстати 0.0 0.886 0.0
сбалансированный 0.0 1.398 0.0
протективный 0.0 2.0 0.0
обеспечивать 0.0 0.824 0.0
образование 0.0 0.886 0.0
защитный 0.0 1.222 0.0
отбор 0.0 1.398 0.0
отобрать 0.0 1.699 0.0
цель 0.0 0.745 0.0
получение 0.001 1.097 0.001
закрепление 0.0 1.699 0.0
монопольный 0.0 2.0 0.0
право 0.0 0.538 0.0
интеллектуальный 0.0 1.222 0.0
деятельность 0.0 0.854 0.0
подтвердить 0.001 0.678 0.001
технический 0.0 0.959 0.0
избыточный 0.0 0.921 0.0
нарабатываться 0.0 2.0 0.0
этап 0.0 0.921 0.0
читатель 0.0 0.523 0.0
значит 0.0 0.444 0.0
уколоться 0.0 1.523 0.0
жизнь 0.001 0.319 0.0
извинить 0.0 1.0 0.0
заблуждение 0.0 1.398 0.0
употреблять 0.0 1.523 0.0
менять 0.0 0.886 0.0
требоваться 0.0 0.854 0.0
ревакцинироваться 0.0 1.699 0.0
бояться 0.001 0.699 0.001
аллергия 0.0 1.155 0.0
терять 0.001 1.097 0.001
качество 0.0 0.553 0.0
поддерживать 0.0 0.569 0.0
наблюдать 0.001 0.824 0.001
примат 0.001 1.699 0.002
сто 0.0 1.301 0.0
расчёт 0.0 1.301 0.0
выполнить 0.0 1.301 0.0
неделя 0.0 0.328 0.0
испытывать 0.0 1.0 0.0
жить 0.0 0.481 0.0
виварий 0.0 2.0 0.0
периодически 0.0 1.046 0.0
кровь 0.0 0.77 0.0
первый-второй 0.0 1.699 0.0
остаться 0.0 0.432 0.0
визит 0.0 1.523 0.0
немножко 0.0 1.222 0.0
кот 0.0 1.301 0.0
мешок 0.0 1.523 0.0
moderna 0.0 1.0 0.0
западный 0.0 0.553 0.0
закон 0.0 0.658 0.0
протокол 0.0 1.0 0.0
добровольно 0.0 1.301 0.0
выложить 0.0 1.046 0.0
доступ 0.0 0.796 0.0
убедить 0.0 1.097 0.0
эксперт 0.001 0.745 0.001
утверждать 0.0 0.658 0.0
потенциально 0.0 1.046 0.0
заключение 0.0 1.046 0.0
неделю-другий 0.0 2.0 0.0
глаз 0.001 0.77 0.001
стать 0.0 0.149 0.0
село 0.0 1.222 0.0
лемешкино 0.0 2.0 0.0
волгоградский 0.0 1.699 0.0
область 0.0 0.523 0.0
дмитрий 0.0 0.62 0.0
рогулина 0.0 2.0 0.0
ощущение 0.0 1.097 0.0
считаться 0.0 0.824 0.0
небольшой 0.0 0.602 0.0
побочный 0.001 0.959 0.001
ареактогенный 0.0 2.0 0.0
основное 0.0 0.553 0.0
легко 0.0 0.824 0.0
переноситься 0.0 2.0 0.0
храниться 0.001 2.0 0.002
транспортироваться 0.0 2.0 0.0
двух-восьмить 0.0 2.0 0.0
градус 0.0 1.398 0.0
существующий 0.0 1.155 0.0
логистический 0.0 1.523 0.0
цепочка 0.0 1.222 0.0
придумывать 0.0 1.398 0.0
мягко 0.0 1.301 0.0
бережно 0.0 2.0 0.0
нагружать 0.0 2.0 0.0
лишний 0.0 1.097 0.0
задача 0.001 0.77 0.001
обеспечение 0.0 1.046 0.0
биобезопасность 0.0 1.699 0.0
государство 0.0 0.569 0.0
поставить 0.0 0.796 0.0
подходить 0.0 1.155 0.0
задание 0.0 1.699 0.0
попробовать 0.0 1.046 0.0
мой 0.0 0.585 0.0
несколькоинтервью 0.0 2.0 0.0
справочник 0.0 2.0 0.0
сайт 0.0 0.658 0.0
немой 0.0 0.585 0.0
контроль 0.0 0.585 0.0
графика 0.0 1.398 0.0
предельный 0.0 1.699 0.0
цикл 0.0 1.301 0.0
пцр 0.0 1.523 0.0
нагрузка 0.0 0.959 0.0
один-единственный 0.0 1.699 0.0
день 0.0 0.167 0.0
фактически 0.0 0.721 0.0
выносить 0.0 1.222 0.0
грубо 0.0 1.046 0.0
хомяк 0.0 1.699 0.0
разрешение 0.001 0.886 0.001
проведение 0.0 0.921 0.0
досье 0.001 1.301 0.001
досконально 0.0 2.0 0.0
промежуточный 0.0 1.097 0.0
выдавать 0.0 1.155 0.0
уверить 0.0 0.959 0.0
крайний 0.0 0.602 0.0
мера 0.0 0.377 0.0
просмотр 0.0 1.523 0.0
рентгеновский 0.0 1.523 0.0
снимок 0.0 1.222 0.0
видно 0.0 0.921 0.0
непривитый 0.0 1.097 0.0
вес 0.001 1.301 0.001
восемь 0.0 0.854 0.0
ряд 0.0 0.824 0.0
направление 0.0 0.886 0.0
безопасный 0.001 0.824 0.001
завтра 0.0 1.523 0.0
выясниться 0.0 1.301 0.0
помочь 0.0 0.125 0.0
регистрировать 0.0 1.301 0.0
полный 0.0 0.377 0.0
фуфломицин 0.0 2.0 0.0
выходить 0.0 0.62 0.0
the 0.0 0.481 0.0
new 0.0 0.699 0.0
york 0.0 1.222 0.0
times 0.0 0.699 0.0
задокументировать 0.0 1.523 0.0
проводить 0.0 0.509 0.0
параллельно 0.0 1.097 0.0
категория 0.0 1.046 0.0
гражданин 0.0 0.553 0.0
появляться 0.0 0.658 0.0
пожилой 0.0 1.046 0.0
второе 0.0 1.398 0.0
рассчитать 0.0 1.301 0.0
подвести 0.0 1.523 0.0
событие 0.0 0.509 0.0
вести 0.0 0.553 0.0
учёт 0.0 0.824 0.0
оно 0.0 0.444 0.0
отслеживать 0.0 1.398 0.0
минимальный 0.0 0.959 0.0
роль 0.0 0.721 0.0
выпуск 0.0 0.959 0.0
продукция 0.0 1.301 0.0
государственный 0.0 0.523 0.0
партия 0.0 0.921 0.0
приоритет 0.0 1.301 0.0
делаться 0.0 1.046 0.0
удалённый 0.0 1.222 0.0
населить 0.001 1.398 0.001
пункт 0.001 0.721 0.001
сложно 0.0 0.538 0.0
доставить 0.0 1.398 0.0
из-за 0.0 0.229 0.0
холодовый 0.0 2.0 0.0
цепь 0.0 1.398 0.0
—18 0.0 2.0 0.0
транш 0.0 1.699 0.0
сотрудник 0.0 0.658 0.0
учреждение 0.0 0.959 0.0
медик 0.0 1.301 0.0
ожидать 0.0 0.62 0.0
дальнейший 0.0 0.886 0.0
объём 0.0 1.0 0.0
нарастать 0.0 2.0 0.0
большой 0.001 0.347 0.0
денис 0.001 1.222 0.001
логун 0.001 1.523 0.002
стоить 0.001 0.469 0.0
сентябрь 0.001 0.824 0.001
24/7 0.0 0.102 0.0
интерес 0.0 0.155 0.0
читателейн 0.0 0.174 0.0
срочно 0.0 0.167 0.0
беседовать 0.0 1.301 0.0
редакция 0.001 0.066 0.0
кодекс 0.0 0.066 0.0
блог 0.0 0.066 0.0
meduzacare 0.0 0.066 0.0
связаться 0.0 0.066 0.0
анонимно 0.0 0.066 0.0
ios 0.0 0.066 0.0
android 0.0 0.066 0.0
инстаграм 0.0 0.066 0.0
twitter 0.0 0.0 0.0
facebook 0.0 0.0 0.0
вконтакте 0.0 0.066 0.0
youtube 0.0 0.06 0.0
– 0.0 0.06 0.0
live 0.0 0.022 0.0
вечерний 0.0 0.066 0.0
реклама 0.001 0.066 0.0
баннер 0.0 0.066 0.0
безопасно 0.0 0.066 0.0
персональный 0.0 0.066 0.0
обработка 0.0 0.066 0.0
кук 0.0 0.066 0.0
наслать 0.0 0.066 0.0
ошибка 0.0 0.066 0.0
выделить 0.0 0.066 0.0
нажать 0.0 0.066 0.0
ctrl+enter 0.0 0.066 0.0
спасибоgiphyз 0.0 0.066 0.0
гифка 0.0 0.066 0.0
© 0.0 0.0 0.0
