перейти 0.001 0.066 0.0
материал 0.002 0.066 0.0
связь 0.003 0.0 0.0
новостиисторииразборшапитокоронавирусмагаз 0.001 0.066 0.0
медуза 0.013000000000000001 0.066 0.001
рекламаmeduza 0.001 0.066 0.0
in 0.001 0.0 0.0
english 0.001 0.06 0.0
показывать 0.001 0.066 0.0
порядок 0.001 0.066 0.0
en 0.001 0.066 0.0
кнопка 0.001 0.066 0.0
поддержка 0.003 0.066 0.0
история 0.003 0.26 0.001
возможный 0.003 0.523 0.002
россия 0.025 0.108 0.003
государственный 0.005 0.523 0.003
переворот 0.004 1.301 0.005
шанс 0.003 0.638 0.002
это 0.012 0.066 0.001
крупный 0.001 0.523 0.001
исследователь 0.003 0.721 0.002
сталинизм 0.002 1.699 0.003
cтивено 0.001 1.699 0.002
коткина 0.004 1.699 0.007
дать 0.004 0.066 0.0
большой 0.001 0.347 0.0
интервью 0.004 0.745 0.003
the 0.003 0.481 0.001
new 0.003 0.699 0.002
yorker 0.003 1.523 0.005
путинский 0.005 1.222 0.006
режим 0.008 0.658 0.005
пересказ 0.001 1.301 0.001
март 0.003 0.284 0.001
источник 0.001 0.167 0.0
meduza 0.004 0.0 0.0
данный 0.001 0.097 0.0
сообщение 0.001 0.102 0.0
создать 0.001 0.097 0.0
распространить 0.001 0.102 0.0
иностранный 0.004 0.097 0.0
средство 0.001 0.097 0.0
массовый 0.001 0.097 0.0
информация 0.004 0.102 0.0
выполнять 0.003 0.097 0.0
функция 0.003 0.097 0.0
агент 0.003 0.097 0.0
российский 0.006 0.071 0.0
юридический 0.001 0.102 0.0
лицо 0.003 0.086 0.0
мы 0.005 0.066 0.0
нужный 0.008 0.086 0.001
ваш 0.005 0.081 0.0
помощь 0.003 0.071 0.0
пожалуйста 0.001 0.102 0.0
поддержать 0.002 0.066 0.0
epa 0.001 0.959 0.001
scanpix 0.001 0.301 0.0
leta 0.001 0.301 0.0
стивен 0.003 1.301 0.004
издание 0.002 0.481 0.001
рассказать 0.001 0.469 0.0
контекст 0.001 1.0 0.001
мировой 0.002 0.721 0.001
выглядеть 0.001 0.495 0.0
война 0.002 0.357 0.001
украина 0.009000000000000001 0.347 0.003
американский 0.002 0.585 0.001
историк-русист 0.001 2.0 0.002
главный 0.005 0.276 0.001
академический 0.001 1.699 0.002
интерес 0.004 0.155 0.001
который 0.008 0.071 0.001
автор 0.001 0.62 0.001
трехтомный 0.001 2.0 0.002
биография 0.001 1.699 0.002
сталин 0.002 2.0 0.004
пока 0.003 0.208 0.001
издать 0.001 1.398 0.001
том 0.001 2.0 0.002
также 0.003 0.237 0.001
книга 0.004 0.886 0.004
предотвратить 0.001 0.921 0.001
армагеддон 0.001 2.0 0.002
распад 0.001 1.398 0.001
советский 0.003 0.959 0.003
союз 0.002 0.886 0.002
1970–2000 0.001 2.0 0.002
негражданский 0.004 2.0 0.008
общество 0.004 0.602 0.002
кратко 0.001 1.699 0.002
пересказывать 0.001 1.222 0.001
помочь 0.004 0.125 0.001
санкция 0.004 0.62 0.002
остановить 0.001 0.523 0.001
основываться 0.001 1.222 0.001
кто 0.001 0.377 0.0
зависеть 0.001 0.509 0.001
восстановление 0.001 1.398 0.001
мир 0.001 0.26 0.0
стать 0.003 0.149 0.0
причислять 0.001 2.0 0.002
представитель 0.001 0.638 0.001
школа 0.001 0.699 0.001
политический 0.002 0.658 0.001
реализм 0.001 2.0 0.002
частность 0.001 0.678 0.001
джордж 0.001 1.301 0.001
кеннана 0.001 2.0 0.002
джон 0.001 2.0 0.002
миршаймер 0.001 2.0 0.002
утверждать 0.001 0.658 0.001
нападение 0.001 1.523 0.002
непредсказуемый 0.001 1.398 0.001
спровоцировать 0.001 1.523 0.002
действие 0.001 0.409 0.0
нато 0.003 0.959 0.003
воинственный 0.001 1.699 0.002
автократия 0.002 2.0 0.004
задолго 0.001 1.523 0.002
появиться 0.001 0.367 0.0
происходить 0.002 0.301 0.001
вполне 0.001 0.699 0.001
ключ 0.001 1.523 0.002
обычный 0.001 0.509 0.001
политика 0.001 0.602 0.001
страна 0.004 0.155 0.001
удивительно 0.001 1.398 0.001
богатый 0.002 1.398 0.003
культура 0.001 0.77 0.001
время 0.001 0.086 0.0
сильный 0.001 0.553 0.001
комплекс 0.001 1.046 0.001
собственный 0.002 0.569 0.001
исключительность 0.001 2.0 0.002
амбиция 0.001 1.523 0.002
совпадать 0.001 1.222 0.001
реальный 0.002 0.638 0.001
возможность 0.001 0.444 0.0
деспотия 0.001 2.0 0.002
методично 0.001 2.0 0.002
уничтожать 0.001 1.155 0.001
механизм 0.001 0.886 0.001
сдерживание 0.001 1.523 0.002
обратный 0.001 1.155 0.001
верить 0.003 0.553 0.002
путин 0.010000000000000002 0.523 0.005
пропаганда 0.001 0.745 0.001
возможно 0.001 0.398 0.0
крайний 0.001 0.602 0.001
мера 0.001 0.377 0.0
точно 0.001 0.481 0.0
украинец 0.001 0.796 0.001
настоящий 0.001 0.585 0.001
нация 0.002 1.046 0.002
выйти 0.001 0.456 0.0
русский 0.001 0.62 0.001
вооружённый 0.001 1.0 0.001
сила 0.002 0.456 0.001
настолько 0.001 0.886 0.001
хороший 0.001 0.377 0.0
способный 0.001 0.854 0.001
несколько 0.001 0.187 0.0
день 0.001 0.167 0.0
осуществить 0.001 1.523 0.002
силовой 0.001 1.523 0.002
поворот 0.001 1.398 0.001
кстати 0.003 0.886 0.003
давать 0.001 0.31 0.0
обратиться 0.001 0.658 0.001
два 0.001 0.26 0.0
исторический 0.001 0.921 0.001
пример 0.002 0.585 0.001
пражский 0.001 2.0 0.002
весна 0.001 1.0 0.001
год 0.002 0.119 0.0
прага 0.001 2.0 0.002
входить 0.001 1.0 0.001
танк 0.001 0.854 0.001
останавливать 0.001 1.097 0.001
строительство 0.001 1.301 0.001
социализм 0.001 1.523 0.002
человеческий 0.001 0.886 0.001
первый 0.001 0.143 0.0
секретарь 0.001 1.523 0.002
цк 0.001 2.0 0.002
коммунистический 0.001 1.523 0.002
партия 0.001 0.921 0.001
чехословакия 0.001 1.699 0.002
александр 0.001 0.456 0.0
дубчек 0.001 2.0 0.002
свергать 0.001 2.0 0.002
оказываться 0.001 0.721 0.001
место 0.001 0.409 0.0
просто 0.003 0.194 0.001
некий 0.001 1.155 0.001
поставить 0.001 0.796 0.001
никакой 0.001 0.409 0.0
подконтрольный 0.002 1.301 0.003
правительство 0.002 0.678 0.001
замена 0.001 1.222 0.001
марионеточный 0.001 1.699 0.002
бабрак 0.001 2.0 0.002
кармаля 0.001 2.0 0.002
установить 0.001 0.721 0.001
афганистан 0.002 1.523 0.003
поддерживать 0.001 0.569 0.001
ввести 0.001 0.538 0.001
войско 0.001 0.678 0.001
довольно 0.001 0.523 0.001
быстро 0.001 0.495 0.0
перерасти 0.001 2.0 0.002
полномасштабный 0.001 1.301 0.001
военный 0.001 0.444 0.0
конфликт 0.001 0.959 0.001
знать 0.004 0.244 0.001
ссср 0.004 1.155 0.005
увязнуть 0.002 1.699 0.003
десять 0.001 0.585 0.001
мочь 0.003 0.102 0.0
успешный 0.001 1.046 0.001
версия 0.001 0.77 0.001
случиться 0.001 0.509 0.001
оказаться 0.001 0.31 0.0
владимир 0.001 0.523 0.001
зеленский 0.001 0.854 0.001
вовсе 0.001 0.921 0.001
шут 0.001 2.0 0.002
телевизор 0.001 0.921 0.001
отважный 0.001 2.0 0.002
лидер 0.001 0.886 0.001
самый 0.003 0.208 0.001
больший 0.001 0.328 0.0
сюрприз 0.001 1.699 0.002
декадентский 0.001 2.0 0.002
запад 0.006 0.678 0.004
консолидированный 0.001 2.0 0.002
отпор 0.001 2.0 0.002
говорить 0.001 0.18 0.0
иметь 0.003 0.337 0.001
вид 0.003 0.398 0.001
география 0.001 2.0 0.002
прежде 0.001 0.62 0.001
ценность 0.001 0.959 0.001
полицейский 0.001 1.046 0.001
государство 0.001 0.569 0.001
экономика 0.001 0.796 0.001
управлять 0.001 1.155 0.001
гениальный 0.001 2.0 0.002
человек 0.003 0.092 0.0
обеспечить 0.002 1.097 0.002
макроэкономический 0.001 2.0 0.002
стабильность 0.001 1.523 0.002
олигарх 0.001 1.222 0.001
власть 0.004 0.31 0.001
целиком 0.001 1.301 0.001
относиться 0.001 0.62 0.001
дойна 0.001 2.0 0.002
корова 0.001 2.0 0.002
общественный 0.001 0.745 0.001
договор 0.002 1.155 0.002
экономический 0.003 0.854 0.003
рост 0.003 0.824 0.002
обмен 0.001 1.097 0.001
свобода 0.001 0.77 0.001
ресурсный 0.001 2.0 0.002
выжить 0.001 1.0 0.001
налог 0.001 1.398 0.001
должный 0.004 0.201 0.001
требовать 0.001 0.658 0.001
держаться 0.001 0.886 0.001
искусный 0.001 2.0 0.002
сторителлинг 0.001 2.0 0.002
рассказ 0.001 1.155 0.001
величие 0.001 2.0 0.002
заговор 0.001 1.398 0.001
успешно 0.001 1.097 0.001
противостоять 0.001 1.398 0.001
цензура 0.001 1.046 0.001
проявляться 0.001 1.301 0.001
сокрытие 0.001 2.0 0.002
нежелательный 0.001 0.77 0.001
агрессивный 0.001 1.155 0.001
продвижение 0.001 1.155 0.001
заблокировать 0.001 0.553 0.001
этот 0.003 0.137 0.0
готовый 0.003 0.509 0.002
продолжать 0.001 0.292 0.0
работать 0.005 0.102 0.001
несмотря 0.001 0.456 0.0
прямо 0.001 0.357 0.0
далёкий 0.001 0.481 0.0
весь 0.002 0.114 0.0
трудный 0.001 0.721 0.001
независимый 0.001 0.409 0.0
читатель 0.001 0.523 0.001
хотеть 0.003 0.102 0.0
помочьхотать 0.001 0.886 0.001
сработать 0.001 1.222 0.001
сожаление 0.003 0.553 0.002
невозможно 0.001 0.602 0.001
отключить 0.001 1.097 0.001
отдельно 0.001 1.097 0.001
счёт 0.001 0.721 0.001
кошелёк 0.001 2.0 0.002
болезненный 0.001 1.301 0.001
касаться 0.001 0.553 0.001
отключение 0.001 1.301 0.001
западный 0.001 0.553 0.001
технология 0.001 1.0 0.001
итог 0.001 0.509 0.001
превратиться 0.001 0.886 0.001
технологический 0.001 1.155 0.001
пустыня 0.001 2.0 0.002
сказать 0.001 0.31 0.0
армия 0.001 0.721 0.001
скоро 0.001 0.796 0.001
передышка 0.001 2.0 0.002
скорее 0.003 0.509 0.002
позволить 0.001 0.62 0.001
следом 0.001 1.398 0.001
вставать 0.001 1.155 0.001
другой 0.002 0.097 0.0
проблема 0.001 0.347 0.0
оккупационный 0.001 2.0 0.002
во-первых 0.001 0.796 0.001
во-вторых 0.001 0.854 0.001
один 0.001 0.119 0.0
выступить 0.001 0.721 0.001
качество 0.001 0.553 0.001
коллаборационист 0.001 2.0 0.002
прийтись 0.001 0.602 0.001
тяжко 0.001 2.0 0.002
понимать 0.001 0.42 0.0
намеренно 0.001 1.222 0.001
окружить 0.001 1.222 0.001
блестящий 0.001 1.699 0.002
делать 0.001 0.18 0.0
играть 0.001 0.699 0.001
старый 0.001 0.658 0.001
игра 0.001 1.0 0.001
притворяться 0.001 2.0 0.002
сумасшедший 0.001 1.523 0.002
очень 0.001 0.149 0.0
удобный 0.001 1.523 0.002
инструмент 0.001 0.854 0.001
шантаж 0.001 2.0 0.002
сбросить 0.001 1.523 0.002
европа 0.004 0.495 0.002
ядерный 0.001 1.097 0.001
бомба 0.001 1.046 0.001
уверить 0.001 0.959 0.001
сделать 0.001 0.208 0.0
вспоминать 0.001 1.0 0.001
метафора 0.001 2.0 0.002
сунуть 0.001 2.0 0.002
цзы 0.001 2.0 0.002
противник 0.001 0.959 0.001
нужно 0.001 0.237 0.0
оставлять 0.001 0.959 0.001
золотой 0.001 1.301 0.001
мост 0.002 1.222 0.002
путь 0.001 0.62 0.001
отход 0.001 2.0 0.002
роль 0.001 0.721 0.001
такой 0.001 0.114 0.0
выступать 0.001 0.658 0.001
дипломатия 0.001 2.0 0.002
актор 0.001 1.699 0.002
финляндия 0.001 1.699 0.002
израиль 0.001 0.921 0.001
президент 0.001 0.523 0.001
наладить 0.001 1.523 0.002
контакт 0.001 0.886 0.001
малый 0.001 0.678 0.001
доля 0.001 0.745 0.001
вероятность 0.001 0.602 0.001
процесс 0.001 0.538 0.001
подключиться 0.001 1.523 0.002
китай 0.001 0.824 0.001
внимательно 0.001 1.301 0.001
наблюдать 0.001 0.824 0.001
извлекать 0.001 1.523 0.002
опыт 0.001 0.699 0.001
сша 0.003 0.469 0.001
оставаться 0.002 0.387 0.001
сторона 0.001 0.347 0.0
помогать 0.001 0.444 0.0
оружие 0.001 0.921 0.001
оказывать 0.001 1.046 0.001
серьёзный 0.001 0.553 0.001
кибервойна 0.001 2.0 0.002
фронт 0.001 1.155 0.001
разведка 0.001 1.301 0.001
отличие 0.001 0.699 0.001
учиться 0.001 0.959 0.001
свой 0.001 0.143 0.0
ошибка 0.002 0.066 0.0
основной 0.001 0.854 0.001
усилие 0.001 1.046 0.001
союзник 0.001 1.155 0.001
сосредоточить 0.001 1.398 0.001
деэскалация 0.001 2.0 0.002
риторика 0.001 1.301 0.001
отношение 0.001 0.509 0.001
предельно 0.001 2.0 0.002
максималистский 0.001 2.0 0.002
резко 0.001 0.854 0.001
повышать 0.001 1.0 0.001
ставка 0.001 1.222 0.001
чувствовать 0.001 0.678 0.001
каждый 0.001 0.244 0.0
шаг 0.001 0.886 0.001
маленький 0.001 0.328 0.0
терять 0.001 1.097 0.001
прочитать 0.003 0.796 0.002
тема 0.003 0.678 0.002
опора 0.003 1.398 0.004
максим 0.003 0.796 0.002
трудолюб 0.003 1.523 0.005
рассказывать 0.003 0.337 0.001
оно 0.003 0.444 0.001
устроить 0.003 0.854 0.003
советовать 0.003 0.854 0.003
расцвет 0.003 1.699 0.005
крах 0.003 1.301 0.004
восточный 0.003 1.046 0.003
месяц 0.003 0.432 0.001
назад 0.003 0.18 0.001
24/7 0.001 0.102 0.0
читателейн 0.001 0.174 0.0
срочно 0.001 0.167 0.0
редакция 0.003 0.066 0.0
кодекс 0.001 0.066 0.0
блог 0.001 0.066 0.0
meduzacare 0.001 0.066 0.0
связаться 0.001 0.066 0.0
анонимно 0.001 0.066 0.0
платформа 0.003 0.066 0.0
ios 0.001 0.066 0.0
android 0.001 0.066 0.0
инстаграм 0.001 0.066 0.0
twitter 0.001 0.0 0.0
facebook 0.001 0.0 0.0
вконтакте 0.001 0.066 0.0
youtube 0.001 0.06 0.0
– 0.001 0.06 0.0
live 0.001 0.022 0.0
вечерний 0.001 0.066 0.0
вообще 0.001 0.066 0.0
реклама 0.003 0.066 0.0
требование 0.001 0.066 0.0
баннер 0.001 0.066 0.0
безопасно 0.001 0.066 0.0
персональный 0.001 0.066 0.0
правило 0.001 0.066 0.0
обработка 0.001 0.066 0.0
использование 0.001 0.066 0.0
кук 0.001 0.066 0.0
наслать 0.001 0.066 0.0
выделить 0.001 0.066 0.0
нажать 0.001 0.066 0.0
ctrl+enter 0.001 0.066 0.0
спасибоgiphyз 0.001 0.066 0.0
гифка 0.001 0.066 0.0
© 0.001 0.0 0.0
